3.5158839658338894 0.380427235395639 0.3190680038802134 0.380427235395639 0.3313398501832985 0.23930100291016002 0.09203884727313846 0.1718058482431918 0.1902136176978195 0.28838838812250056 0.3865631585471816 3.54042765844006 1.0492428589137786 4.135612204139688 4.221515128261284 2.945243112740431 2.6691265709210157 2.2027964114037806 2.454369260617026 2.650718801466388 5.9610493417236015 2.773437264497239 6.129787228391022 0.14112623248547898 0.5031456984264903 3.749049045592507 5.2768939103266055 5.71868037723767 5.3627968344482015 5.878214379177777 
-67.5 -69.0 -70.0 -70.5 -71.5 -71.5 -71.5 -71.5 -71.5 -71.5 -71.0 -69.0 -70.0 -65.5 -67.0 -66.0 -66.0 -67.0 -69.5 -68.0 -70.0 -69.0 -69.0 -68.5 -66.5 -65.5 -72.0 -71.5 -77.0 -78.0 
1.8039614065535141 1.7671458676442586 1.6996507129772904 1.6996507129772904 1.6751070203711202 1.6812429435226628 1.7548740213411735 1.6812429435226628 1.607611865704152 1.7119225592803755 1.6689710972195777 1.6566992509164924 1.6566992509164924 1.607611865704152 1.6566992509164924 1.7303303287350031 1.6444274046134073 1.184233168247715 1.3744467859455345 1.8960002538266525 2.172116795646068 2.804116880254952 2.3746022596469727 2.3193789512830896 1.7978254834019713 1.7548740213411735 1.6566992509164924 1.8775924843720249 1.7916895602504288 1.9941750242513334 2.0371264863121317 1.9205439464328227 1.423534171157875 1.4848934026733007 1.5278448647340985 1.5033011721279284 1.5707963267948966 1.5462526341887264 1.564660403643354 1.6137477888556946 1.337631247036279 1.8407769454627694 1.718058482431918 1.9205439464328227 4.97623367590102 1.8162332528565992 
-63.5 -64.0 -63.5 -63.5 -63.0 -63.0 -62.5 -63.5 -62.5 -62.5 -62.5 -62.0 -61.5 -63.0 -62.5 -63.0 -63.0 -64.0 -65.5 -63.0 -64.0 -66.0 -64.5 -62.5 -61.0 -61.0 -61.0 -60.5 -59.5 -60.5 -62.0 -64.5 -61.5 -59.5 -60.5 -62.5 -64.0 -63.0 -60.0 -60.0 -60.0 -60.5 -60.0 -60.5 -61.0 -60.5 
1.0369710126106935 1.0676506283684062 1.0799224746714913 1.1228739367322893 1.0676506283684062 1.0737865515199487 1.1044661672776617 1.1106020904292042 1.1719613219446299 1.0799224746714913 1.1167380135807468 1.1596894756415448 1.184233168247715 1.1106020904292042 1.0983302441261191 1.1228739367322893 1.0246991663076084 0.9878836273983529 0.9142525495798421 1.0799224746714913 1.2885438618239387 1.282407938672396 1.0799224746714913 1.0737865515199487 1.055378782065321 0.9694758579437253 0.9756117810952678 0.9725438195194965 0.9817477042468103 1.000155473701438 1.086058397823034 1.4480778637640452 1.2946797849754812 1.2517283229146832 1.2885438618239387 1.325359400733194 1.1903690913992575 1.2640001692177683 1.2578642460662257 1.227184630308513 1.3499030933393643 1.239456476611598 1.227184630308513 1.239456476611598 1.2026409377023426 1.1596894756415448 
-50.0 -50.5 -50.0 -50.5 -50.5 -50.5 -51.0 -50.5 -51.0 -51.0 -51.0 -50.5 -51.0 -51.0 -51.5 -51.0 -51.0 -49.5 -50.5 -51.5 -51.0 -50.5 -50.5 -51.5 -51.5 -52.5 -54.0 -55.0 -53.5 -53.0 -51.0 -51.5 -50.5 -50.0 -50.0 -50.5 -50.0 -49.5 -50.5 -52.5 -53.5 -54.0 -54.5 -55.5 -55.5 -55.5 
1.1658253987930873 1.1535535524900022 1.1780972450961724 1.2087768608538851 1.1780972450961724 1.2210487071569704 1.2087768608538851 1.2087768608538851 1.227184630308513 1.2701360923693108 1.2578642460662257 1.2333205534600555 1.2640001692177683 1.2640001692177683 1.214912784005428 1.1965050145508 1.0676506283684062 0.8467573949128739 0.9756117810952678 1.1044661672776617 1.2946797849754812 1.3008157081270237 1.4480778637640452 1.533980787885641 1.5278448647340985 1.4971652489763858 1.4726215563702154 1.509437095279471 1.5707963267948966 1.5830681730979816 1.4358060174609601 1.6935147898257479 1.521708941582556 1.337631247036279 1.2026409377023426 1.043106935762236 1.0737865515199487 1.055378782065321 1.1474176293384597 1.214912784005428 1.2640001692177683 1.380582709097077 1.3928545554001621 1.4971652489763858 1.4173982480063325 1.3867186322486196 
-49.5 -49.5 -49.5 -49.5 -50.0 -50.0 -49.5 -50.0 -50.0 -50.0 -50.0 -50.0 -50.0 -50.0 -50.0 -50.5 -51.5 -51.5 -51.5 -49.5 -49.0 -50.5 -50.5 -51.5 -51.0 -51.5 -51.0 -51.5 -51.5 -52.0 -51.0 -50.0 -51.5 -51.5 -50.5 -50.5 -50.5 -50.5 -50.0 -51.0 -51.0 -51.5 -51.0 -51.5 -52.0 -52.0 
1.4419419406125027 1.423534171157875 1.4358060174609601 1.4051264017032472 1.4726215563702154 1.4787574795217582 1.4726215563702154 1.5033011721279284 1.4971652489763858 1.4910293258248433 1.4480778637640452 1.4726215563702154 1.4542137869155878 1.368310862793992 1.41126232485479 1.337631247036279 1.2455923997631406 1.141281706186917 1.552388557340269 1.7548740213411735 1.736466251886546 1.6198837120072371 1.8162332528565992 1.846912868614312 2.018718716857504 2.030990563160589 2.043262409463674 2.0923497946760143 2.098485717827557 2.073942025221387 1.9205439464328227 1.8285050991596843 1.9266798695843652 1.9696313316451632 1.7426021750380885 1.6751070203711202 1.5585244804918115 1.4480778637640452 1.576932249946439 1.6873788666742053 1.7426021750380885 1.7548740213411735 1.761009944492716 1.8039614065535141 1.8223691760081417 1.8162332528565992 
-50.5 -50.0 -50.0 -50.0 -50.0 -50.0 -50.5 -50.0 -50.0 -49.5 -49.5 -49.5 -49.5 -49.5 -49.5 -49.5 -50.0 -51.0 -52.0 -49.0 -47.5 -49.0 -50.0 -50.0 -50.5 -49.5 -50.0 -51.0 -51.0 -51.5 -51.0 -48.5 -47.5 -49.5 -50.0 -50.5 -51.0 -49.0 -48.5 -48.0 -48.5 -48.5 -48.5 -49.0 -49.0 -49.0 
1.8775924843720249 1.8346410223112268 1.8530487917658545 1.8775924843720249 1.8837284075235674 1.8837284075235674 1.8775924843720249 1.902136176978195 1.9082721001297376 1.8653206380689396 1.8714565612204823 1.902136176978195 1.8960002538266525 1.8653206380689396 1.7855536370988863 1.8960002538266525 1.8039614065535141 1.6444274046134073 1.7303303287350031 2.0493983326152168 2.012582793705961 2.1598449493429825 2.1966604882522383 2.2948352586769194 2.227340104009951 2.350058567040802 2.429825568010856 2.478912953223196 2.3930100291016 2.36846633649543 2.3930100291016 2.110757564130642 2.1046216409791 2.2764274892222915 2.110757564130642 1.8285050991596843 1.761009944492716 1.8223691760081417 1.9266798695843652 2.018718716857504 2.0800779483729293 2.1598449493429825 2.1537090261914402 2.1966604882522383 2.184388641949153 2.2027964114037806 
-49.5 -49.5 -49.5 -49.0 -49.5 -49.0 -49.0 -49.0 -49.5 -49.0 -49.5 -49.0 -49.5 -49.5 -49.5 -49.5 -50.5 -52.0 -51.5 -50.5 -51.0 -52.0 -52.5 -52.0 -51.5 -52.5 -52.5 -53.0 -53.0 -52.0 -52.5 -52.5 -49.0 -51.0 -52.0 -52.0 -51.5 -50.0 -49.0 -48.5 -48.0 -48.5 -48.5 -49.0 -49.5 -49.5 
4.884194828627882 4.9394181369917645 4.9394181369917645 4.921010367537137 4.957825906446392 4.95168998329485 4.902602598082509 4.9823695990525625 4.9394181369917645 4.970097752749477 5.056000676871073 5.049864753719531 4.957825906446392 4.878058905476339 4.749204519293945 4.7860200582032 4.620350133111551 4.485359823777615 5.915029918087033 5.8659425328746915 5.595961914206819 5.473243451175968 5.878214379177777 5.767767762450011 6.056156150572511 6.037748381117884 5.982525072754001 6.037748381117884 6.105243535784852 6.031612457966341 5.872078456026235 5.356660911296659 5.829126993965437 6.2463697682703305 6.209554229361076 5.945709533844745 5.706408530934585 4.123340357836604 4.614214209960009 5.019185137961818 5.240078371417351 5.1725832167503825 5.301437602932776 5.252350217720435 5.289165756629691 
-61.5 -62.0 -62.0 -62.0 -61.0 -61.5 -61.5 -61.0 -60.5 -61.0 -61.0 -60.5 -61.0 -61.0 -60.5 -61.0 -61.5 -71.5 -64.5 -59.0 -56.5 -59.5 -59.0 -60.5 -59.0 -59.0 -60.5 -61.5 -59.0 -59.5 -60.0 -58.5 -55.5 -57.0 -58.5 -61.5 -66.5 -66.0 -61.5 -62.5 -62.0 -61.0 -61.0 -60.0 -61.0 
5.577554144752192 5.497787143782138 5.442563835418255 5.5714182216006485 5.534602682691394 5.565282298449106 5.5714182216006485 5.540738605842936 5.565282298449106 5.577554144752192 5.4671075280244255 5.2768939103266055 5.47937937432751 5.442563835418255 5.4671075280244255 5.5100589900852235 5.577554144752192 5.577554144752192 5.964117303299373 6.068427996875596 5.6143696836614465 0.6565437772150544 0.30066023442558565 6.166602767300278 0.4908738521234052 0.2945243112740431 0.25157284921324513 0.23623304133438874 0.37429131224409645 0.5460971604872883 0.02454369260617026 0.11044661672776616 5.577554144752192 6.062292073724054 6.160466844148735 5.755495916146925 5.540738605842936 5.350524988145116 5.2768939103266055 5.6143696836614465 5.66959299202533 5.681864838328415 5.780039608753096 5.773903685601553 5.743224069843841 5.749359992995383 
-60.5 -60.5 -60.5 -60.0 -59.5 -59.5 -59.5 -59.5 -60.0 -59.5 -59.5 -59.5 -59.5 -60.0 -59.0 -58.5 -60.0 -63.5 -61.5 -59.5 -59.5 -66.0 -61.5 -64.0 -65.5 -62.5 -62.0 -63.5 -64.0 -65.5 -65.5 -65.5 -63.5 -60.0 -62.0 -63.0 -64.0 -62.0 -59.0 -57.0 -56.5 -56.0 -57.5 -57.0 -58.0 -58.5 
