6.1850105367549055 6.258641614573416 6.240233845118788 6.031612457966341 6.1850105367549055 6.0991076126333095 6.166602767300278 6.019340611663256 2.9022916506796332 6.215690152512618 6.2034183062095325 6.252505691421874 0.32520392703175593 3.795068469229076 1.1596894756415448 2.7857091108003242 2.5341362615870793 2.2641556429192065 2.3930100291016 2.4605051837685683 2.5893595699509624 2.718213956133356 2.6139032625571326 2.9329712664373457 3.129320807286708 3.2827188860752723 0.6320000846088841 4.227651051412827 5.006913291658733 5.252350217720435 1.5585244804918115 0.9940195505498954 0.16566992509164924 
-72.5 -72.5 -72.0 -72.0 -72.0 -72.5 -72.0 -72.5 -70.0 -72.5 -72.5 -72.5 -72.5 -72.5 -68.5 -69.5 -69.0 -66.0 -68.0 -68.5 -69.5 -69.0 -67.0 -69.5 -68.5 -65.5 -66.5 -68.0 -70.5 -70.0 -74.5 -75.5 -73.0 
1.7855536370988863 1.6566992509164924 1.6260196351587797 1.552388557340269 1.7241944055834606 1.6566992509164924 1.7916895602504288 1.5953400194010667 1.761009944492716 1.6873788666742053 1.5462526341887264 1.607611865704152 1.5462526341887264 1.6198837120072371 1.6137477888556946 1.4848934026733007 1.6505633277649499 1.662835174068035 1.552388557340269 1.6260196351587797 1.5585244804918115 4.620350133111551 1.3314953238847365 1.184233168247715 1.761009944492716 1.9634954084936207 2.270291566070749 1.902136176978195 2.067806102069844 1.7548740213411735 1.7978254834019713 1.7426021750380885 1.8346410223112268 2.0371264863121317 1.8837284075235674 2.2948352586769194 4.859651136021712 1.3008157081270237 1.325359400733194 1.239456476611598 1.2517283229146832 1.1228739367322893 1.3008157081270237 1.3744467859455345 1.4910293258248433 1.5892040962495242 
-62.0 -62.5 -62.5 -62.5 -61.5 -61.0 -61.5 -62.0 -62.0 -62.0 -61.5 -61.5 -61.5 -62.5 -61.0 -61.0 -62.0 -62.0 -62.0 -62.5 -61.5 -62.5 -63.0 -63.5 -61.5 -63.5 -64.0 -64.5 -61.5 -60.5 -60.0 -59.5 -59.5 -60.5 -63.0 -66.0 -66.0 -63.0 -61.0 -61.0 -61.5 -64.5 -64.0 -63.0 -62.0 -62.5 
1.1780972450961724 1.214912784005428 1.227184630308513 1.1903690913992575 1.184233168247715 1.1965050145508 1.227184630308513 1.2701360923693108 1.1965050145508 1.1903690913992575 1.1780972450961724 1.1780972450961724 1.1596894756415448 1.0983302441261191 1.141281706186917 1.1351457830353744 1.0676506283684062 1.1596894756415448 1.1658253987930873 1.0615147052168636 1.1658253987930873 1.2087768608538851 4.356505437595221 1.141281706186917 1.1228739367322893 1.2578642460662257 1.239456476611598 0.9387962421860124 0.9203884727313847 0.7669903939428205 0.7731263170943632 0.803805932852076 0.8528933180644165 0.9203884727313847 1.0062913968529805 1.3069516312785663 1.2762720155208536 1.2026409377023426 1.1228739367322893 1.1965050145508 1.2885438618239387 1.1903690913992575 1.214912784005428 1.2087768608538851 1.2455923997631406 1.2640001692177683 
-51.0 -51.5 -51.0 -51.0 -51.5 -51.5 -51.5 -51.5 -52.0 -51.5 -51.5 -51.5 -51.5 -51.5 -51.5 -52.0 -51.5 -52.0 -51.5 -51.5 -51.5 -51.5 -50.0 -51.0 -51.5 -53.0 -53.5 -53.5 -55.0 -55.0 -56.5 -56.0 -55.5 -54.0 -52.0 -52.0 -51.5 -50.5 -49.5 -49.0 -49.0 -49.5 -49.0 -49.5 -50.0 -50.5 
1.2885438618239387 1.3008157081270237 1.2333205534600555 1.2946797849754812 1.3008157081270237 1.282407938672396 1.227184630308513 1.3130875544301088 1.2885438618239387 1.2762720155208536 1.3008157081270237 1.2885438618239387 1.2517283229146832 1.2640001692177683 1.2701360923693108 1.2640001692177683 1.2640001692177683 1.282407938672396 1.2517283229146832 1.2578642460662257 1.2455923997631406 1.2026409377023426 1.0154952815802945 1.1780972450961724 1.3437671701878218 1.4051264017032472 1.3560390164909069 1.3560390164909069 1.380582709097077 1.380582709097077 1.3437671701878218 1.3867186322486196 1.4971652489763858 1.4664856332186729 1.3928545554001621 1.6321555583103222 1.5892040962495242 1.3928545554001621 1.2455923997631406 1.1167380135807468 1.1351457830353744 1.0615147052168636 1.043106935762236 1.1106020904292042 1.141281706186917 1.2087768608538851 
-50.5 -50.5 -50.5 -50.5 -50.5 -50.5 -50.5 -50.5 -50.5 -50.5 -50.5 -50.5 -50.0 -50.0 -50.5 -50.5 -50.0 -50.5 -50.5 -50.0 -50.5 -51.5 -51.5 -50.5 -50.5 -50.5 -52.5 -52.5 -53.0 -52.5 -52.0 -52.0 -52.0 -52.5 -51.5 -50.5 -51.5 -50.0 -50.5 -50.0 -50.5 -51.0 -51.0 -51.0 -50.5 -50.0 
1.6014759425526093 1.5892040962495242 1.5953400194010667 1.6382914814618648 1.6260196351587797 1.6321555583103222 1.607611865704152 1.6137477888556946 1.607611865704152 1.607611865704152 1.6751070203711202 1.5830681730979816 1.5401167110371838 1.5401167110371838 1.5278448647340985 1.533980787885641 1.4787574795217582 1.5401167110371838 1.5033011721279284 1.4664856332186729 1.4971652489763858 1.5063691337036997 1.4388739790367313 1.9389517158874505 2.0800779483729293 1.9205439464328227 1.88986433067511 1.9634954084936207 2.055534255766759 2.2212041808584084 2.1475731030398975 2.1475731030398975 2.184388641949153 2.184388641949153 1.9941750242513334 1.8223691760081417 1.9389517158874505 1.846912868614312 1.748738098189631 1.705786636128833 1.6321555583103222 1.4787574795217582 1.2578642460662257 1.3560390164909069 1.4358060174609601 1.521708941582556 
-49.5 -49.5 -49.5 -49.5 -49.0 -49.5 -49.5 -49.5 -49.5 -49.5 -49.5 -49.5 -49.5 -49.5 -49.5 -49.5 -49.5 -49.0 -49.5 -49.5 -49.5 -50.0 -51.5 -51.5 -50.0 -49.0 -51.5 -55.0 -56.0 -55.5 -54.5 -54.0 -53.5 -54.0 -53.5 -51.5 -48.0 -49.0 -49.5 -49.5 -50.5 -52.0 -50.5 -49.0 -48.5 -48.5 
1.9144080232812801 1.932815792735908 1.9389517158874505 1.9512235621905356 1.9205439464328227 1.945087639038993 1.9819031779482483 1.9389517158874505 2.030990563160589 1.9757672547967058 2.0064468705544187 1.9144080232812801 1.9082721001297376 1.9144080232812801 1.88986433067511 1.9205439464328227 1.859184714917397 1.846912868614312 1.8837284075235674 1.8653206380689396 1.8837284075235674 1.880660445947796 1.8223691760081417 2.055534255766759 2.3071071049800045 2.2764274892222915 2.4605051837685683 2.442097414313941 2.497320722677824 2.442097414313941 2.5402721847386216 2.5770877236478773 2.4911847995262812 2.4175537217077703 2.521864415283994 2.325514874434632 2.110757564130642 2.2150682577068657 2.141437179888355 2.0493983326152168 1.945087639038993 1.8223691760081417 1.718058482431918 1.7794177139473437 1.8346410223112268 1.8837284075235674 
-49.0 -49.0 -49.0 -49.0 -49.0 -49.5 -49.0 -49.0 -49.0 -49.0 -49.5 -49.5 -49.5 -49.0 -49.0 -49.0 -49.0 -49.0 -49.0 -49.0 -49.0 -50.5 -51.5 -52.0 -52.0 -53.5 -53.5 -55.0 -54.0 -56.0 -55.5 -55.0 -54.5 -53.0 -53.5 -55.0 -51.5 -51.0 -51.5 -52.0 -52.5 -52.5 -51.5 -50.0 -49.0 -49.0 
4.663301595172349 4.95168998329485 4.749204519293945 4.994641445355648 4.589670517353839 4.884194828627882 5.037592907416445 4.871922982324796 5.141903600992669 4.902602598082509 5.006913291658733 4.994641445355648 5.098952138931871 5.197126909356553 4.970097752749477 4.9394181369917645 5.043728830567988 5.056000676871073 4.779884135051658 4.97623367590102 5.031456984264903 4.512971477959557 4.381049130201391 5.982525072754001 5.964117303299373 5.773903685601553 5.626641529964532 5.859806609723149 5.71868037723767 6.013204688511713 5.939573610693203 5.921165841238575 5.964117303299373 5.9518454569962875 5.8659425328746915 5.344389064993574 5.405748296509 6.019340611663256 6.037748381117884 5.915029918087033 5.743224069843841 5.743224069843841 4.97623367590102 4.749204519293945 4.828971520263998 4.908738521234052 
-60.5 -61.0 -61.0 -60.5 -60.5 -61.0 -61.0 -60.5 -60.0 -60.0 -60.5 -60.5 -60.0 -61.0 -61.0 -60.5 -60.5 -60.0 -60.5 -60.5 -60.5 -64.0 -66.0 -64.0 -61.0 -59.0 -63.0 -61.0 -63.5 -60.5 -61.0 -61.5 -60.0 -61.0 -61.5 -61.0 -56.5 -55.5 -56.5 -59.5 -60.0 -61.5 -66.0 -64.5 -61.0 -60.5 
5.546874528994478 5.5284667595398505 5.577554144752192 5.47937937432751 5.5100589900852235 5.589825991055276 5.516194913236766 5.5100589900852235 5.522330836388308 5.522330836388308 2.386874105950058 5.540738605842936 5.620505606812989 5.546874528994478 5.5714182216006485 5.5714182216006485 5.522330836388308 5.5100589900852235 5.565282298449106 5.516194913236766 5.460971604872882 5.7094764925103565 0.01227184630308513 6.1850105367549055 0.6013204688511713 0.2086213871524472 0.4908738521234052 0.9081166264282996 0.3865631585471816 0.803805932852076 0.5276893910326605 6.0991076126333095 6.050020227420969 5.135767677841127 5.295301679781233 5.209398755659637 5.325981295538946 
-59.5 -60.0 -60.0 -59.5 -59.0 -59.0 -59.5 -59.0 -58.5 -59.0 -60.0 -59.5 -59.5 -58.5 -59.5 -59.0 -59.5 -58.5 -60.0 -59.0 -60.5 -67.0 -62.5 -61.5 -69.5 -69.0 -67.5 -69.0 -70.0 -70.0 -67.0 -60.0 -63.5 -68.0 -62.5 -60.5 -59.0 
