3.215223731408304 3.141592653589793 0.07363107781851078 3.313398501832985 3.356349963893783 3.2520392703175593 3.2397674240144743 2.9759227284981438 3.227495577711389 3.1968159619536762 3.2827188860752723 0.04908738521234052 3.0925052683774528 3.1354567304382504 0.11658253987930872 0.4970097752749477 3.6386024288647407 2.859340188618835 0.944932165337555 3.810408277107933 2.945243112740431 6.160466844148735 2.9022916506796332 3.0495538063166547 3.3195344249845276 3.718369429834794 3.552699504743145 3.074097498922825 2.9575149590435164 3.0925052683774528 3.411573272257666 3.3870295796514958 2.779573187648782 2.7550294950426117 3.172272269347506 2.890019804376548 2.8102528034064944 2.748893571891069 2.5954954931025047 2.6323110320117604 2.8286605728611223 
-64.5 -65.0 -65.5 -65.5 -65.0 -66.0 -65.5 -65.0 -66.5 -66.0 -64.5 -66.0 -66.0 -65.5 -66.0 -68.0 -64.5 -67.0 -70.5 -63.5 -63.0 -64.5 -64.5 -63.5 -64.0 -64.5 -67.0 -66.0 -64.0 -62.5 -63.0 -63.5 -65.5 -66.0 -64.5 -63.0 -64.5 -64.0 -64.0 -64.5 -64.0 
2.3623304133438876 2.36846633649543 2.3316507975861747 2.313243028131547 2.2518837966161214 1.945087639038993 2.3623304133438876 2.3071071049800045 2.282563412373834 2.435961491162398 2.337786720737717 2.2027964114037806 2.1782527187976104 2.3193789512830896 2.2886993355253766 2.0800779483729293 2.2212041808584084 2.1046216409791 2.3009711818284617 2.5402721847386216 2.405281875404685 2.442097414313941 2.4727770300716534 2.8777479580734626 2.8286605728611223 2.5770877236478773 2.405281875404685 2.442097414313941 2.552544031041707 2.60776733940559 3.141592653589793 3.5588354278946874 3.3624858870453256 2.5034566458293663 2.3439226438892597 2.442097414313941 2.2764274892222915 1.846912868614312 1.8653206380689396 1.9880391010997909 2.110757564130642 2.1046216409791 2.2764274892222915 2.1659808724945253 2.2457478734645786 2.1230294104337273 
-61.5 -63.0 -62.5 -63.5 -62.5 -63.0 -64.0 -64.0 -62.5 -63.5 -63.5 -62.5 -64.0 -62.0 -63.5 -63.5 -63.5 -62.5 -61.0 -61.5 -60.5 -61.5 -63.0 -64.5 -62.0 -61.5 -62.0 -61.5 -62.5 -61.0 -62.0 -64.5 -64.5 -65.5 -64.5 -62.5 -61.5 -62.0 -63.0 -63.0 -63.0 -63.0 -62.5 -63.0 -61.0 -62.5 
1.012427320004523 1.000155473701438 0.9940195505498954 1.0369710126106935 1.0185632431560658 0.9817477042468103 0.9940195505498954 1.0185632431560658 1.0246991663076084 1.043106935762236 1.0062913968529805 1.0676506283684062 1.0185632431560658 1.000155473701438 1.000155473701438 1.012427320004523 1.012427320004523 1.0615147052168636 1.0185632431560658 0.9572040116406401 0.859029241215959 0.8774370106705868 0.9265243958829272 1.1167380135807468 0.760854470791278 0.8958447801252144 0.8835729338221293 0.9142525495798421 0.8774370106705868 0.8344855486097889 0.8467573949128739 1.0615147052168636 1.1903690913992575 0.9633399347921826 0.8774370106705868 0.9326603190344698 0.9142525495798421 0.7853981633974483 0.7485826244881929 0.6504078540635119 0.6688156235181395 0.5890486225480862 0.6565437772150544 0.619728238305799 0.6320000846088841 0.6688156235181395 
-48.5 -49.0 -48.5 -48.5 -49.0 -48.5 -48.5 -48.5 -48.5 -48.5 -48.5 -49.0 -49.0 -48.5 -48.5 -49.0 -48.5 -48.5 -49.5 -51.5 -52.0 -51.5 -53.0 -51.0 -52.0 -53.0 -51.0 -51.0 -51.5 -53.0 -51.0 -50.5 -52.5 -52.0 -51.0 -51.0 -51.5 -50.5 -50.0 -50.5 -50.5 -50.5 -50.5 -50.5 -50.0 -50.0 
0.9817477042468103 0.9940195505498954 1.012427320004523 0.9940195505498954 0.9756117810952678 0.9940195505498954 1.030835089459151 1.012427320004523 1.000155473701438 1.000155473701438 1.0369710126106935 1.0492428589137786 1.0062913968529805 1.030835089459151 1.055378782065321 1.0492428589137786 0.9817477042468103 1.0615147052168636 1.0737865515199487 1.1044661672776617 1.0737865515199487 1.2946797849754812 1.3437671701878218 1.2578642460662257 1.0799224746714913 1.1903690913992575 1.1351457830353744 1.0983302441261191 1.141281706186917 1.1965050145508 1.1228739367322893 1.0676506283684062 1.41126232485479 1.41126232485479 1.337631247036279 1.1596894756415448 1.043106935762236 0.8651651643675016 0.8160777791551611 0.7915340865489908 0.7915340865489908 0.7853981633974483 0.7424467013366504 0.7547185476397354 0.7179030087304801 0.7301748550335652 
-49.5 -49.5 -50.0 -50.0 -49.5 -50.0 -49.5 -49.5 -50.0 -50.0 -50.0 -49.5 -49.5 -49.5 -49.5 -50.0 -49.5 -49.5 -49.5 -50.0 -51.5 -52.5 -50.5 -50.0 -50.0 -50.5 -50.0 -50.5 -50.0 -50.5 -51.0 -49.5 -50.0 -51.5 -51.5 -51.5 -51.5 -51.5 -52.0 -52.5 -52.5 -52.5 -51.5 -52.5 -52.0 -52.0 
1.41126232485479 1.4419419406125027 1.4664856332186729 1.4173982480063325 1.423534171157875 1.4419419406125027 1.4664856332186729 1.4848934026733007 1.4787574795217582 1.4664856332186729 1.5033011721279284 1.4726215563702154 1.4296700943094176 1.4419419406125027 1.4358060174609601 1.4910293258248433 1.4480778637640452 1.4664856332186729 1.4480778637640452 1.7119225592803755 1.7732817907958012 1.8223691760081417 1.7241944055834606 1.5278448647340985 1.5033011721279284 1.3744467859455345 1.521708941582556 1.521708941582556 1.4664856332186729 1.5585244804918115 1.5155730184310134 1.5278448647340985 1.6137477888556946 1.8162332528565992 1.7978254834019713 1.88986433067511 1.7978254834019713 1.5892040962495242 1.4848934026733007 1.2946797849754812 1.2578642460662257 1.282407938672396 1.2455923997631406 1.2701360923693108 1.1780972450961724 1.2885438618239387 
-51.5 -51.5 -51.5 -51.5 -51.5 -51.5 -51.0 -51.5 -51.5 -51.5 -51.5 -51.5 -51.5 -51.5 -51.5 -51.5 -51.5 -52.0 -53.5 -54.0 -53.0 -51.0 -49.5 -50.5 -51.0 -50.5 -51.0 -50.5 -50.5 -51.5 -50.5 -50.0 -49.5 -50.0 -51.0 -52.5 -54.0 -55.0 -55.0 -55.5 -55.0 -55.5 -55.0 -55.0 -55.0 -55.0 
1.6873788666742053 1.6321555583103222 1.6382914814618648 1.6935147898257479 1.7119225592803755 1.662835174068035 1.6689710972195777 1.718058482431918 1.6873788666742053 1.7241944055834606 1.7241944055834606 1.736466251886546 1.7426021750380885 1.736466251886546 1.7241944055834606 1.7303303287350031 1.7426021750380885 1.7241944055834606 1.6996507129772904 2.1475731030398975 2.282563412373834 2.086213871524472 2.018718716857504 1.8960002538266525 1.9819031779482483 2.000310947402876 1.8837284075235674 1.88986433067511 1.8837284075235674 1.9573594853420782 2.000310947402876 1.8960002538266525 1.8407769454627694 1.9512235621905356 2.043262409463674 2.073942025221387 1.932815792735908 1.6751070203711202 1.5707963267948966 1.576932249946439 1.5462526341887264 1.521708941582556 1.576932249946439 1.5155730184310134 1.607611865704152 1.5462526341887264 
-51.5 -51.0 -51.0 -51.0 -51.0 -51.0 -51.5 -51.0 -51.5 -51.5 -51.0 -51.0 -51.0 -51.0 -50.5 -51.0 -51.0 -51.0 -53.0 -53.5 -52.5 -51.0 -52.0 -52.5 -54.5 -53.5 -53.5 -53.5 -54.0 -53.5 -54.0 -53.5 -52.0 -51.0 -50.5 -52.0 -54.0 -55.5 -55.5 -55.0 -55.0 -55.0 -55.0 -55.0 -54.5 -55.0 
4.773748211900116 4.822835597112456 4.779884135051658 4.847379289718626 4.773748211900116 4.7860200582032 4.76147636559703 4.767612288748572 5.00077736850719 4.804427827657828 4.81056375080937 4.841243366567084 4.816699673960914 4.773748211900116 4.798291904506286 4.792155981354743 4.773748211900116 4.896466674930966 5.160311370447297 5.5100589900852235 5.338253141842031 5.66959299202533 5.485515297479052 5.356660911296659 5.289165756629691 5.411884219660542 5.227806525114265 5.178719139901925 5.00077736850719 5.074408446325701 5.258486140871978 5.553010452146021 5.289165756629691 5.589825991055276 5.816855147662351 5.706408530934585 5.884350302329319 5.798447378207723 5.66959299202533 5.663457068873787 5.546874528994478 5.5284667595398505 5.436427912266712 5.381204603902829 5.436427912266712 5.368932757599744 
-61.5 -61.0 -61.5 -60.5 -61.0 -61.0 -61.5 -60.5 -61.0 -61.0 -61.0 -61.0 -60.5 -61.0 -61.0 -61.0 -61.5 -61.5 -61.0 -61.5 -62.5 -58.5 -57.5 -59.0 -58.5 -60.5 -60.5 -60.0 -61.5 -59.0 -58.5 -58.5 -58.5 -57.0 -58.5 -60.5 -61.5 -61.0 -61.0 -61.5 -61.5 -62.0 -63.5 -62.0 -62.5 -62.5 
5.037592907416445 4.7860200582032 4.853515212870168 4.792155981354743 4.933282213840222 4.921010367537137 4.92714629068868 4.945554060143307 4.8351074434155406 4.878058905476339 4.773748211900116 4.773748211900116 4.73693267299086 5.019185137961818 5.203262832508095 4.859651136021712 4.970097752749477 4.92714629068868 2.2212041808584084 5.724816300389213 5.712544454086128 5.884350302329319 5.553010452146021 6.007068765360171 6.227961998815704 5.559146375297564 5.896622148632405 5.945709533844745 5.841398840268521 5.7616318392984684 6.1420590746941075 5.5714182216006485 5.853670686571607 5.859806609723149 5.810719224510809 1.8530487917658545 1.5462526341887264 
-65.0 -64.5 -64.5 -65.0 -65.5 -64.0 -64.0 -63.0 -64.0 -65.0 -65.0 -64.5 -64.5 -63.5 -64.5 -64.0 -64.0 -64.0 -66.5 -63.0 -64.0 -64.5 -65.5 -69.0 -63.5 -63.0 -63.5 -65.0 -62.5 -63.5 -65.0 -67.0 -63.5 -63.0 -64.5 -77.5 -77.0 
