2.748893571891069 2.736621725587984 2.6445828783148455 2.816388726558037 2.736621725587984 2.693670263527186 2.742757648739526 2.8777479580734626 3.098641191528995 2.6568547246179306 2.748893571891069 2.718213956133356 2.791845033951867 2.748893571891069 2.650718801466388 2.779573187648782 2.662990647769473 2.9391071895888885 3.454524734318464 3.380893656499953 3.0925052683774528 3.1661363461959633 2.859340188618835 6.025476534814799 6.1850105367549055 6.080699843178682 2.834796496012665 3.055689729468197 2.791845033951867 2.7979809571034093 2.718213956133356 2.724349879284899 2.8409324191642074 2.8654761117703775 2.6261751088602177 2.5893595699509624 5.773903685601553 2.5586799541932495 2.435961491162398 2.60776733940559 2.435961491162398 2.5954954931025047 2.380738182798515 5.755495916146925 
-63.0 -63.0 -63.5 -63.5 -63.0 -62.5 -63.5 -63.5 -62.5 -63.5 -63.0 -63.0 -63.5 -63.0 -62.0 -62.5 -63.5 -64.0 -62.0 -60.5 -60.5 -61.5 -63.0 -65.5 -65.0 -65.0 -63.5 -64.0 -64.5 -61.0 -60.5 -61.0 -60.5 -62.0 -65.5 -65.0 -66.0 -65.5 -64.5 -65.0 -65.0 -65.0 -64.5 -65.0 
2.2764274892222915 2.2764274892222915 2.282563412373834 2.380738182798515 2.3316507975861747 2.4605051837685683 2.270291566070749 2.411417798556228 2.5341362615870793 2.423689644859313 2.4605051837685683 2.313243028131547 2.4727770300716534 2.3316507975861747 2.4605051837685683 2.442097414313941 2.3193789512830896 2.5893595699509624 2.730485802436441 5.829126993965437 3.411573272257666 3.1784081924990484 2.564815877344792 2.350058567040802 2.2764274892222915 2.1046216409791 2.172116795646068 2.073942025221387 2.1782527187976104 2.742757648739526 3.018874190558942 2.8777479580734626 2.8838838812250054 2.5709518004963345 2.36846633649543 2.386874105950058 2.1659808724945253 2.2089323345553233 2.1537090261914402 2.2886993355253766 2.2948352586769194 2.2580197197676637 2.2948352586769194 2.098485717827557 2.110757564130642 2.1353012567368124 
-63.5 -63.0 -63.5 -63.0 -63.0 -62.5 -62.5 -64.5 -63.5 -63.0 -63.5 -63.5 -63.0 -63.5 -63.0 -63.5 -63.0 -63.0 -63.5 -64.0 -62.0 -60.5 -60.5 -62.5 -62.5 -62.5 -63.0 -62.5 -61.5 -60.5 -62.5 -62.5 -65.0 -64.0 -63.0 -62.0 -62.0 -63.5 -63.5 -63.0 -63.5 -63.5 -63.5 -63.5 -63.0 -63.5 
0.5706408530934585 0.521553467881118 0.5276893910326605 0.4970097752749477 0.521553467881118 0.521553467881118 0.5399612373357456 0.5522330836388308 0.4970097752749477 0.521553467881118 0.5522330836388308 0.48473792897186263 0.4908738521234052 0.5031456984264903 0.5092816215780329 0.4908738521234052 0.4724660826687775 0.5522330836388308 0.7240389318820226 0.859029241215959 0.705631162427395 1.0492428589137786 0.8958447801252144 0.6810874698212247 0.7117670855789375 0.705631162427395 0.6135923151542565 0.6013204688511713 0.5767767762450011 0.5890486225480862 0.5890486225480862 0.7117670855789375 0.7792622402459057 0.8835729338221293 0.7424467013366504 0.5645049299419159 0.7240389318820226 0.619728238305799 0.44178646691106466 0.30066023442558565 0.2945243112740431 0.2270291566070749 0.23930100291016002 0.23316507975861744 0.3129320807286708 0.2761165418194154 0.32520392703175593 0.3436116964863836 
-50.0 -50.0 -50.0 -50.0 -50.5 -50.0 -50.0 -50.0 -50.0 -50.0 -50.0 -50.0 -50.0 -50.0 -50.0 -50.0 -50.0 -50.5 -51.0 -51.5 -52.5 -51.5 -50.5 -51.0 -52.5 -52.0 -50.5 -51.0 -51.0 -51.5 -51.5 -52.0 -51.0 -52.0 -54.0 -52.5 -51.5 -51.5 -51.0 -51.0 -52.0 -52.0 -51.5 -51.5 -51.5 -51.5 -51.0 -51.0 
0.7976700097005334 0.7792622402459057 0.760854470791278 0.662679700366597 0.7363107781851077 0.7485826244881929 0.760854470791278 0.7117670855789375 0.7731263170943632 0.7363107781851077 0.7179030087304801 0.6749515466696822 0.7424467013366504 0.7485826244881929 0.7240389318820226 0.7853981633974483 0.7179030087304801 0.8099418560036186 0.9265243958829272 1.1044661672776617 1.3560390164909069 1.1903690913992575 0.9756117810952678 0.9633399347921826 1.0185632431560658 1.0737865515199487 0.9265243958829272 0.9387962421860124 0.9387962421860124 1.012427320004523 1.0615147052168636 1.086058397823034 0.9265243958829272 1.1167380135807468 1.3192234775816514 1.3314953238847365 1.282407938672396 1.0737865515199487 0.9019807032767571 0.8958447801252144 0.8774370106705868 0.8651651643675016 0.8406214717613314 0.7976700097005334 0.7547185476397354 0.7240389318820226 0.7547185476397354 0.7669903939428205 
-52.5 -52.5 -52.0 -52.5 -52.5 -52.5 -52.5 -52.5 -52.5 -52.0 -52.5 -52.0 -52.5 -52.0 -52.5 -52.5 -52.5 -52.5 -51.5 -52.5 -52.0 -49.5 -50.0 -51.0 -51.0 -50.5 -50.5 -51.0 -50.5 -50.0 -50.0 -50.0 -50.0 -49.0 -50.0 -50.5 -51.0 -51.5 -52.5 -53.5 -54.0 -54.5 -54.5 -54.0 -54.0 -54.0 -53.5 -53.5 
1.2210487071569704 1.2087768608538851 1.282407938672396 1.2517283229146832 1.227184630308513 1.2885438618239387 1.239456476611598 1.282407938672396 1.2640001692177683 1.2333205534600555 1.1596894756415448 1.2640001692177683 1.214912784005428 1.1903690913992575 1.1535535524900022 1.2087768608538851 1.1903690913992575 1.5033011721279284 1.6321555583103222 1.6444274046134073 1.552388557340269 1.3744467859455345 1.1903690913992575 1.239456476611598 1.2026409377023426 1.1903690913992575 1.1474176293384597 1.141281706186917 1.0983302441261191 1.1290098598838318 1.1535535524900022 1.1596894756415448 1.1535535524900022 1.2333205534600555 1.4603497100671303 1.6014759425526093 1.662835174068035 1.6751070203711202 1.5033011721279284 1.3314953238847365 1.2701360923693108 1.1351457830353744 1.0737865515199487 1.0615147052168636 1.0983302441261191 1.1474176293384597 1.1167380135807468 1.0921943209745766 
-55.0 -55.0 -55.0 -55.0 -55.0 -55.0 -55.0 -55.0 -55.0 -55.0 -54.5 -55.0 -55.0 -54.5 -55.0 -55.0 -55.0 -55.0 -53.0 -51.5 -50.5 -48.5 -49.5 -50.0 -50.5 -50.5 -51.0 -51.0 -51.0 -51.0 -51.0 -51.0 -50.5 -50.0 -49.5 -50.0 -50.5 -52.0 -54.0 -55.0 -56.5 -56.5 -57.0 -57.0 -57.0 -57.0 -57.0 -57.0 
1.533980787885641 1.4296700943094176 1.4726215563702154 1.5155730184310134 1.4787574795217582 1.564660403643354 1.214912784005428 1.552388557340269 1.4603497100671303 1.380582709097077 1.4603497100671303 1.4542137869155878 1.552388557340269 1.4664856332186729 1.4480778637640452 1.4051264017032472 1.4910293258248433 1.6444274046134073 1.9144080232812801 1.9266798695843652 1.9266798695843652 1.3621749396424494 1.6873788666742053 1.7855536370988863 1.8162332528565992 1.7303303287350031 1.8285050991596843 1.846912868614312 1.8407769454627694 1.8162332528565992 1.7732817907958012 1.8714565612204823 1.8285050991596843 1.8285050991596843 1.7916895602504288 1.8653206380689396 1.9696313316451632 1.8960002538266525 1.8039614065535141 1.6996507129772904 1.5707963267948966 1.6382914814618648 1.5462526341887264 1.521708941582556 1.5462526341887264 1.552388557340269 1.5401167110371838 1.5830681730979816 
-56.0 -56.0 -56.5 -56.5 -56.5 -57.0 -56.5 -56.0 -56.5 -56.5 -56.5 -56.5 -56.5 -56.0 -57.0 -56.5 -57.0 -57.5 -54.0 -52.5 -51.5 -53.5 -54.0 -54.5 -55.0 -56.5 -55.5 -55.0 -55.0 -56.5 -56.0 -55.0 -54.5 -53.5 -53.0 -51.0 -52.0 -54.0 -56.5 -57.0 -58.5 -59.0 -59.0 -59.0 -59.0 -58.5 -58.5 -58.5 
5.418020142812084 5.3627968344482015 5.4671075280244255 5.5100589900852235 5.332117218690489 5.442563835418255 5.387340527054372 5.43029198911517 5.350524988145116 5.356660911296659 5.368932757599744 5.338253141842031 5.3627968344482015 5.381204603902829 5.418020142812084 5.424156065963627 5.50392306693368 5.546874528994478 5.460971604872882 5.755495916146925 5.8475347634200645 5.013049214810275 5.141903600992669 5.105088062083414 5.043728830567988 4.663301595172349 5.019185137961818 5.031456984264903 4.822835597112456 4.95168998329485 4.804427827657828 5.037592907416445 5.368932757599744 5.405748296509 5.270757987175063 5.553010452146021 5.712544454086128 5.878214379177777 5.663457068873787 5.663457068873787 5.663457068873787 5.6941366846315 5.6143696836614465 5.540738605842936 5.45483568172134 5.522330836388308 5.577554144752192 5.559146375297564 
-62.5 -62.5 -61.5 -63.0 -62.5 -62.5 -63.0 -63.0 -63.0 -63.0 -63.0 -62.5 -62.5 -62.5 -62.0 -62.5 -62.5 -61.5 -61.5 -60.0 -58.5 -57.5 -58.5 -58.0 -57.5 -60.5 -61.0 -60.5 -60.5 -60.5 -59.5 -57.5 -57.0 -58.5 -56.5 -56.0 -56.0 -57.0 -57.5 -58.0 -58.0 -58.5 -58.5 -59.5 -61.0 -61.0 -60.5 -60.5 
2.748893571891069 5.540738605842936 2.650718801466388 5.448699758569798 6.12365130523948 5.93343768754166 5.356660911296659 5.798447378207723 5.798447378207723 5.859806609723149 5.9518454569962875 5.896622148632405 6.1850105367549055 5.307573526084319 5.786175531904639 5.534602682691394 5.325981295538946 5.368932757599744 5.356660911296659 5.540738605842936 5.780039608753096 6.2034183062095325 
-68.5 -65.0 -61.0 -62.5 -69.5 -64.0 -64.0 -66.5 -65.5 -64.5 -65.5 -66.0 -66.5 -63.5 -65.5 -65.5 -63.5 -61.5 -61.5 -64.0 -67.5 -73.0 
