2.5770877236478773 2.4911847995262812 5.878214379177777 2.6261751088602177 2.5464081078901644 2.497320722677824 2.742757648739526 2.564815877344792 2.4911847995262812 2.5586799541932495 2.429825568010856 2.386874105950058 2.6875343403756435 2.5157284921324514 2.448233337465483 2.552544031041707 2.5280003384355365 0.06135923151542565 3.2090878082567613 3.1231848841351653 3.2581751934691017 3.5036121195308043 3.313398501832985 2.9943304979527716 2.9329712664373457 2.736621725587984 3.0372819600135696 2.8654761117703775 3.0127382674073995 3.0372819600135696 3.0925052683774528 3.2090878082567613 0.4172427743048944 3.32567034813607 3.2765829629237295 2.9636508821950587 2.742757648739526 2.804116880254952 2.2027964114037806 2.4605051837685683 2.429825568010856 2.552544031041707 2.448233337465483 2.4911847995262812 2.5280003384355365 2.5770877236478773 2.4605051837685683 2.693670263527186 
-65.0 -64.5 -66.0 -65.0 -65.0 -65.5 -65.5 -64.5 -64.0 -65.0 -65.0 -66.0 -65.0 -65.0 -65.0 -66.0 -65.0 -67.0 -65.0 -62.5 -65.0 -63.0 -63.5 -63.0 -62.5 -62.0 -63.0 -63.0 -63.0 -62.5 -62.0 -64.5 -67.0 -65.5 -65.0 -65.0 -63.5 -64.5 -67.0 -65.5 -66.0 -65.0 -64.5 -64.5 -63.5 -63.5 -64.0 -63.5 
2.2764274892222915 2.2089323345553233 2.1353012567368124 2.1659808724945253 2.12916533358527 2.2334760271614935 2.2396119503130363 2.2150682577068657 2.2334760271614935 2.1475731030398975 2.043262409463674 2.12916533358527 2.12916533358527 2.1230294104337273 2.116893487282185 2.5402721847386216 2.423689644859313 2.5341362615870793 2.9759227284981438 2.816388726558037 2.804116880254952 2.662990647769473 2.521864415283994 2.380738182798515 2.411417798556228 2.429825568010856 2.552544031041707 2.6384469551633027 2.84706834231575 2.9391071895888885 2.779573187648782 2.650718801466388 2.3071071049800045 2.012582793705961 1.9205439464328227 1.902136176978195 1.8407769454627694 1.9389517158874505 1.859184714917397 1.8653206380689396 1.9696313316451632 1.9819031779482483 1.9266798695843652 2.024854640009046 2.018718716857504 
-62.5 -62.5 -63.0 -63.0 -64.0 -63.0 -63.5 -62.5 -63.5 -63.0 -63.0 -63.0 -63.0 -62.0 -62.0 -61.5 -62.0 -63.5 -62.0 -61.5 -61.0 -60.5 -61.0 -61.5 -60.5 -61.5 -61.5 -61.5 -61.5 -63.0 -62.5 -63.0 -63.0 -62.0 -61.5 -62.0 -62.0 -62.5 -62.5 -62.5 -62.5 -63.0 -62.0 -63.0 -63.0 
0.4049709280018093 3.552699504743145 0.4111068511533518 0.3988350048502667 0.380427235395639 0.4172427743048944 0.3988350048502667 0.380427235395639 0.380427235395639 0.4049709280018093 0.4111068511533518 0.3865631585471816 0.36815538909255385 0.3865631585471816 0.380427235395639 0.37429131224409645 0.5276893910326605 0.7669903939428205 0.7363107781851077 0.9817477042468103 0.9572040116406401 0.760854470791278 0.7117670855789375 0.7976700097005334 0.7853981633974483 0.760854470791278 0.8222137023067037 0.7853981633974483 0.7915340865489908 0.7485826244881929 0.760854470791278 0.8774370106705868 1.086058397823034 1.000155473701438 0.8283496254582462 0.8099418560036186 0.760854470791278 0.6013204688511713 0.47860200582032003 0.4479223900626072 0.4540583132141498 0.4724660826687775 0.44178646691106466 0.4479223900626072 0.44178646691106466 0.4049709280018093 0.3988350048502667 
-50.5 -51.0 -50.5 -50.5 -50.5 -50.5 -50.5 -50.5 -50.5 -50.5 -50.5 -50.5 -50.5 -51.0 -50.5 -50.5 -51.0 -51.0 -52.0 -52.0 -50.5 -50.5 -52.0 -52.5 -52.0 -51.5 -52.0 -52.0 -52.0 -52.5 -51.5 -50.5 -51.0 -53.0 -53.5 -51.5 -51.5 -51.0 -50.5 -51.0 -50.5 -50.5 -50.5 -50.5 -50.0 -50.5 -50.5 
0.8344855486097889 0.7761942786701345 0.7853981633974483 0.8099418560036186 0.7731263170943632 0.8222137023067037 0.7792622402459057 0.7976700097005334 0.8099418560036186 0.803805932852076 0.8222137023067037 0.7792622402459057 0.8099418560036186 0.7853981633974483 0.7976700097005334 0.7301748550335652 0.8528933180644165 1.012427320004523 1.2026409377023426 1.2946797849754812 1.0983302441261191 1.043106935762236 1.1044661672776617 1.1658253987930873 1.1474176293384597 1.1351457830353744 1.1167380135807468 1.1167380135807468 1.214912784005428 1.214912784005428 1.1106020904292042 1.1290098598838318 1.1965050145508 1.3130875544301088 1.3314953238847365 1.2333205534600555 1.043106935762236 0.9019807032767571 0.8099418560036186 0.8160777791551611 0.8283496254582462 0.7731263170943632 0.7424467013366504 0.7301748550335652 0.7240389318820226 0.7792622402459057 0.7731263170943632 
-54.0 -54.0 -53.5 -53.5 -53.5 -53.5 -53.5 -53.0 -53.5 -53.5 -53.5 -53.5 -53.5 -54.0 -54.0 -53.5 -52.5 -51.5 -52.0 -50.5 -49.5 -50.5 -50.5 -50.5 -50.5 -50.0 -50.5 -50.5 -50.0 -50.5 -50.5 -50.0 -49.5 -50.0 -51.0 -51.5 -51.5 -52.5 -52.5 -52.5 -52.5 -53.0 -53.0 -53.0 -53.0 -53.0 -53.0 
1.141281706186917 1.1136700520049756 1.1474176293384597 1.0983302441261191 1.1780972450961724 1.1596894756415448 1.1228739367322893 1.141281706186917 1.1658253987930873 1.1228739367322893 1.086058397823034 1.1719613219446299 1.1228739367322893 1.1044661672776617 1.086058397823034 1.2210487071569704 1.380582709097077 1.6812429435226628 1.7548740213411735 1.4051264017032472 1.3008157081270237 1.2946797849754812 1.2455923997631406 1.337631247036279 1.3621749396424494 1.3437671701878218 1.3499030933393643 1.3744467859455345 1.3989904785517047 1.3928545554001621 1.282407938672396 1.3130875544301088 1.3314953238847365 1.5462526341887264 1.7303303287350031 1.8100973297050567 1.761009944492716 1.6014759425526093 1.4173982480063325 1.3744467859455345 1.3621749396424494 1.2701360923693108 1.214912784005428 1.227184630308513 1.214912784005428 1.1965050145508 1.2026409377023426 
-55.5 -56.0 -55.5 -55.5 -55.5 -55.5 -55.5 -55.5 -56.0 -55.0 -56.0 -56.0 -56.0 -56.0 -56.0 -55.0 -54.5 -52.5 -51.5 -49.5 -49.5 -50.0 -50.0 -51.0 -51.0 -51.0 -51.0 -51.5 -51.0 -51.0 -51.0 -50.0 -50.0 -49.5 -51.0 -52.0 -53.0 -55.0 -55.5 -55.5 -56.0 -55.5 -55.5 -56.0 -55.5 -56.0 -56.0 
1.4971652489763858 1.5677283652191252 1.533980787885641 1.509437095279471 1.509437095279471 1.521708941582556 1.4726215563702154 1.5155730184310134 1.509437095279471 1.5401167110371838 1.5278448647340985 1.5033011721279284 1.521708941582556 1.5033011721279284 1.533980787885641 1.4542137869155878 1.6137477888556946 1.9266798695843652 2.024854640009046 1.7548740213411735 1.6935147898257479 1.846912868614312 1.8837284075235674 1.7671458676442586 1.9144080232812801 1.9880391010997909 1.9696313316451632 1.9941750242513334 1.9266798695843652 1.9144080232812801 2.0064468705544187 1.88986433067511 1.8775924843720249 1.859184714917397 1.859184714917397 1.9205439464328227 1.8039614065535141 1.6689710972195777 1.6014759425526093 1.6198837120072371 1.6382914814618648 1.6198837120072371 1.564660403643354 1.5953400194010667 1.5953400194010667 1.5707963267948966 1.576932249946439 
-58.0 -58.0 -58.0 -58.5 -58.0 -58.0 -58.0 -57.5 -58.0 -58.5 -58.0 -57.5 -58.0 -58.0 -58.0 -58.0 -58.0 -54.0 -52.5 -52.5 -54.5 -54.5 -54.5 -55.5 -55.0 -54.5 -54.0 -54.5 -55.0 -55.0 -55.0 -55.0 -53.0 -53.0 -52.5 -52.5 -54.0 -56.0 -56.5 -55.5 -56.0 -56.0 -56.0 -56.0 -56.0 -56.5 -57.0 
5.344389064993574 5.43029198911517 5.43029198911517 5.559146375297564 5.448699758569798 5.418020142812084 5.460971604872882 5.491651220630596 5.485515297479052 5.608233760509904 5.485515297479052 5.47937937432751 5.589825991055276 5.546874528994478 5.418020142812084 5.473243451175968 5.5284667595398505 5.460971604872882 5.473243451175968 5.301437602932776 5.141903600992669 5.148039524144211 5.037592907416445 4.724660826687775 4.798291904506286 5.289165756629691 5.148039524144211 5.105088062083414 4.908738521234052 4.669437518323892 5.0253210611133605 5.21553467881118 5.313709449235861 5.2768939103266055 5.663457068873787 5.810719224510809 5.595961914206819 5.589825991055276 5.4671075280244255 5.497787143782138 5.540738605842936 5.534602682691394 5.436427912266712 5.5714182216006485 5.491651220630596 5.45483568172134 5.4671075280244255 
-61.0 -61.0 -61.5 -61.0 -61.0 -61.0 -60.5 -61.0 -60.5 -61.0 -61.0 -61.0 -60.5 -60.5 -61.0 -60.5 -60.5 -61.0 -59.0 -57.0 -57.0 -57.5 -57.5 -59.5 -60.5 -60.0 -59.0 -60.0 -60.0 -59.0 -58.0 -57.5 -57.0 -57.0 -57.5 -59.5 -59.0 -60.0 -59.5 -60.5 -60.0 -60.0 -61.0 -61.0 -61.0 -61.0 -61.0 
5.675728915176872 0.1718058482431918 2.5586799541932495 5.595961914206819 5.810719224510809 5.21553467881118 5.976389149602458 5.915029918087033 5.822991070813893 5.964117303299373 5.810719224510809 0.28838838812250056 6.068427996875596 5.994796919057086 6.209554229361076 5.620505606812989 5.896622148632405 6.209554229361076 1.932815792735908 5.47937937432751 5.878214379177777 1.2455923997631406 1.1535535524900022 1.3621749396424494 1.2210487071569704 
-79.0 -80.0 -75.0 -66.0 -62.0 -62.0 -75.5 -65.5 -63.0 -64.0 -67.0 -66.0 -66.0 -64.5 -65.5 -65.0 -66.0 -69.0 -69.0 -64.5 -64.0 -78.0 -77.5 -78.5 -78.0 
