2.521864415283994 2.5954954931025047 2.5157284921324514 2.5280003384355365 2.4727770300716534 2.5954954931025047 2.5402721847386216 2.6998061866787286 2.60776733940559 2.6016314162540475 2.5770877236478773 2.5280003384355365 2.650718801466388 2.662990647769473 2.3930100291016 2.6016314162540475 3.1906800388021335 3.172272269347506 3.117048960983623 3.1784081924990484 3.3440781175906977 3.472932503773092 3.2459033471660166 2.9513790358919736 0.01227184630308513 3.2213596545598464 3.215223731408304 3.2643111166206444 3.3072625786814425 3.5588354278946874 3.3747577333484107 3.1354567304382504 3.0250101137104846 3.031146036862027 3.1231848841351653 2.9268353432858034 3.0372819600135696 2.8532042654672924 2.7120780329818137 2.442097414313941 2.5280003384355365 2.5280003384355365 2.497320722677824 2.521864415283994 2.6261751088602177 2.5341362615870793 2.6261751088602177 
-65.0 -65.0 -65.0 -65.5 -65.0 -65.0 -65.0 -65.0 -65.0 -65.0 -65.0 -64.5 -64.5 -65.5 -66.0 -66.5 -65.0 -62.0 -63.0 -64.5 -63.5 -64.0 -64.0 -63.0 -64.5 -64.0 -65.0 -64.0 -64.5 -64.0 -64.5 -69.0 -62.5 -61.5 -62.0 -62.5 -69.0 -68.0 -66.5 -66.5 -65.5 -65.0 -65.5 -65.5 -64.5 -64.5 -64.5 
2.3316507975861747 2.2764274892222915 2.2396119503130363 2.227340104009951 2.2150682577068657 2.116893487282185 2.184388641949153 2.2641556429192065 2.227340104009951 2.3439226438892597 2.227340104009951 2.1966604882522383 2.1475731030398975 2.172116795646068 2.1475731030398975 2.3623304133438876 2.5034566458293663 2.6384469551633027 2.662990647769473 2.890019804376548 3.2029518851052186 3.1231848841351653 2.9575149590435164 2.705942109830271 2.564815877344792 2.693670263527186 2.6016314162540475 2.6568547246179306 2.6568547246179306 2.6261751088602177 2.834796496012665 3.153864499892878 3.215223731408304 2.1537090261914402 2.116893487282185 2.6261751088602177 2.4605051837685683 2.2027964114037806 2.000310947402876 2.061670178918302 2.000310947402876 1.9880391010997909 2.1353012567368124 2.061670178918302 2.043262409463674 1.9941750242513334 2.098485717827557 
-63.0 -63.5 -63.0 -63.5 -63.0 -63.5 -63.0 -63.0 -63.0 -63.5 -63.5 -63.0 -63.0 -62.5 -63.0 -62.0 -61.5 -61.5 -63.5 -64.0 -62.0 -62.0 -60.0 -59.5 -61.0 -62.0 -63.0 -62.0 -62.0 -62.0 -60.5 -64.5 -66.0 -65.5 -64.0 -62.0 -62.5 -63.0 -63.5 -63.0 -63.5 -63.0 -63.5 -63.0 -63.0 -63.0 -62.5 
0.28838838812250056 0.2638446955163303 0.28225246497095796 0.28838838812250056 0.30679615757712825 0.30679615757712825 0.35588354278946877 0.32520392703175593 0.3620194659410113 0.35588354278946877 0.39269908169872414 0.39269908169872414 0.35588354278946877 0.3988350048502667 0.3436116964863836 0.4295146206079795 0.6320000846088841 0.7976700097005334 0.7424467013366504 0.944932165337555 0.9694758579437253 0.7731263170943632 0.6565437772150544 0.7485826244881929 0.7547185476397354 0.760854470791278 0.7792622402459057 0.7853981633974483 0.7301748550335652 0.7485826244881929 0.803805932852076 0.9203884727313847 1.0676506283684062 0.8651651643675016 0.803805932852076 0.8283496254582462 0.7547185476397354 0.5767767762450011 0.5583690067903734 0.5645049299419159 0.5890486225480862 0.607456392002714 0.619728238305799 0.5706408530934585 0.5890486225480862 0.5767767762450011 0.5399612373357456 
-51.5 -51.5 -51.5 -51.0 -51.0 -51.0 -51.0 -51.0 -50.5 -51.0 -50.5 -50.5 -50.5 -50.5 -50.5 -51.0 -51.0 -51.0 -53.0 -53.0 -50.5 -50.0 -51.5 -52.0 -51.5 -51.5 -51.5 -51.5 -51.5 -52.0 -51.0 -50.5 -52.5 -52.0 -50.5 -50.0 -50.5 -50.0 -50.0 -50.5 -50.0 -50.0 -50.0 -50.0 -50.0 -50.5 -50.0 
0.760854470791278 0.7915340865489908 0.7792622402459057 0.7915340865489908 0.7669903939428205 0.7731263170943632 0.7547185476397354 0.7915340865489908 0.8099418560036186 0.7792622402459057 0.7669903939428205 0.7731263170943632 0.7731263170943632 0.7976700097005334 0.803805932852076 0.8283496254582462 0.9510680884890975 1.0921943209745766 1.3008157081270237 1.3008157081270237 1.0492428589137786 0.9633399347921826 1.0615147052168636 1.1596894756415448 1.1167380135807468 1.0676506283684062 1.0492428589137786 1.0799224746714913 1.1658253987930873 1.2026409377023426 1.1658253987930873 1.0676506283684062 1.3560390164909069 1.4419419406125027 1.3192234775816514 1.214912784005428 1.055378782065321 0.8651651643675016 0.8406214717613314 0.8406214717613314 0.8160777791551611 0.803805932852076 0.8160777791551611 0.7731263170943632 0.7792622402459057 0.7731263170943632 0.7301748550335652 
-54.0 -54.0 -54.0 -54.0 -54.0 -54.0 -54.0 -54.0 -54.0 -54.0 -54.0 -54.0 -54.0 -54.0 -54.0 -53.5 -52.5 -52.0 -51.5 -50.5 -49.5 -50.5 -51.0 -51.0 -50.0 -50.0 -50.5 -50.5 -50.5 -50.5 -51.0 -50.0 -50.0 -50.5 -52.0 -52.0 -52.0 -53.0 -53.5 -53.0 -53.0 -53.0 -52.5 -52.5 -52.5 -52.5 -52.5 
1.1596894756415448 1.1719613219446299 1.1351457830353744 1.1965050145508 1.1903690913992575 1.1474176293384597 1.1780972450961724 1.1044661672776617 1.1780972450961724 1.1903690913992575 1.1780972450961724 1.1903690913992575 1.1535535524900022 1.239456476611598 1.1903690913992575 1.3499030933393643 1.5953400194010667 1.6812429435226628 1.5830681730979816 1.4480778637640452 1.2640001692177683 1.2578642460662257 1.2517283229146832 1.3069516312785663 1.3008157081270237 1.3130875544301088 1.3499030933393643 1.3560390164909069 1.337631247036279 1.3621749396424494 1.3928545554001621 1.3314953238847365 1.3989904785517047 1.5953400194010667 1.6444274046134073 1.718058482431918 1.7303303287350031 1.533980787885641 1.4419419406125027 1.380582709097077 1.3069516312785663 1.3744467859455345 1.3192234775816514 1.3008157081270237 1.3192234775816514 1.3069516312785663 1.2517283229146832 
-56.0 -56.0 -56.0 -56.0 -56.0 -55.5 -56.0 -55.5 -56.0 -55.5 -56.0 -55.5 -56.0 -55.5 -55.0 -54.5 -53.0 -52.0 -50.5 -49.0 -49.5 -50.0 -49.5 -50.5 -51.0 -50.5 -50.5 -51.0 -50.5 -50.5 -50.5 -49.5 -49.5 -49.5 -51.0 -51.5 -53.5 -54.5 -55.0 -54.5 -55.0 -55.5 -55.5 -55.5 -55.5 -55.5 -55.0 
1.5462526341887264 1.6198837120072371 1.4726215563702154 1.5278448647340985 1.5462526341887264 1.5585244804918115 1.5585244804918115 1.5278448647340985 1.5401167110371838 1.576932249946439 1.533980787885641 1.5155730184310134 1.4971652489763858 1.564660403643354 1.533980787885641 1.6444274046134073 1.846912868614312 1.9389517158874505 1.9266798695843652 1.718058482431918 1.7732817907958012 1.8775924843720249 1.8653206380689396 1.8653206380689396 1.846912868614312 1.88986433067511 1.9082721001297376 1.9634954084936207 1.8960002538266525 1.846912868614312 1.8775924843720249 1.9696313316451632 1.7426021750380885 1.7916895602504288 1.932815792735908 2.000310947402876 1.8223691760081417 1.662835174068035 1.6382914814618648 1.5892040962495242 1.5830681730979816 1.6260196351587797 1.6566992509164924 1.6014759425526093 1.576932249946439 1.5585244804918115 1.607611865704152 
-59.0 -58.5 -59.0 -59.0 -59.0 -59.0 -58.5 -58.5 -58.5 -58.0 -58.0 -58.0 -57.5 -58.5 -58.5 -58.0 -56.0 -54.0 -52.0 -53.0 -55.0 -55.0 -55.0 -55.0 -56.0 -55.5 -54.5 -54.5 -55.0 -55.5 -54.5 -54.5 -53.5 -53.0 -51.0 -52.0 -55.0 -56.5 -55.5 -55.5 -55.5 -56.0 -56.0 -55.5 -56.0 -55.5 -55.5 
5.565282298449106 5.583690067903734 5.491651220630596 5.50392306693368 5.485515297479052 5.473243451175968 5.47937937432751 5.473243451175968 5.473243451175968 5.5100589900852235 5.45483568172134 5.411884219660542 5.559146375297564 5.497787143782138 5.553010452146021 5.313709449235861 5.3627968344482015 5.3627968344482015 5.381204603902829 5.203262832508095 5.141903600992669 5.166447293598839 5.062136600022616 4.798291904506286 4.546719055293041 4.890330751779424 4.908738521234052 4.841243366567084 4.73693267299086 4.675573441475434 4.884194828627882 5.184855063053467 5.252350217720435 5.258486140871978 5.64504929941916 5.675728915176872 5.559146375297564 5.540738605842936 5.608233760509904 5.589825991055276 5.565282298449106 5.602097837358362 5.602097837358362 5.45483568172134 5.45483568172134 5.473243451175968 5.47937937432751 
-60.5 -60.5 -61.0 -60.5 -61.0 -61.0 -61.0 -60.5 -61.0 -60.5 -60.5 -60.5 -60.5 -61.0 -60.5 -60.5 -60.0 -60.0 -58.0 -57.0 -58.5 -58.0 -57.5 -57.5 -60.0 -61.0 -61.0 -60.5 -60.5 -59.5 -58.0 -57.5 -58.5 -57.5 -58.5 -59.5 -59.5 -59.5 -60.0 -60.0 -60.0 -60.0 -59.5 -60.0 -60.0 -60.5 -60.5 
4.7860200582032 5.197126909356553 6.1420590746941075 5.577554144752192 5.712544454086128 5.64504929941916 5.841398840268521 5.553010452146021 5.626641529964532 5.626641529964532 5.927301764390117 5.878214379177777 5.829126993965437 5.884350302329319 5.786175531904639 5.626641529964532 5.583690067903734 4.970097752749477 5.203262832508095 5.577554144752192 5.595961914206819 5.3627968344482015 1.214912784005428 1.214912784005428 
-80.0 -81.5 -78.5 -69.0 -65.5 -60.0 -67.0 -64.0 -64.5 -65.5 -66.0 -65.0 -64.5 -64.5 -64.5 -64.0 -66.0 -64.0 -62.5 -62.0 -63.0 -69.0 -76.0 -74.5 
