2.313243028131547 2.5034566458293663 2.5157284921324514 2.4605051837685683 2.5954954931025047 2.5280003384355365 2.399145952253143 2.5464081078901644 2.5586799541932495 2.4727770300716534 2.6016314162540475 2.6875343403756435 2.5770877236478773 2.5893595699509624 2.890019804376548 3.0925052683774528 3.215223731408304 2.9943304979527716 3.172272269347506 3.2888548092268146 3.5465635815916023 3.32567034813607 3.104777114680538 3.104777114680538 2.804116880254952 2.9513790358919736 3.031146036862027 3.0127382674073995 2.9575149590435164 3.1968159619536762 3.6570101983193686 3.3870295796514958 6.252505691421874 2.816388726558037 2.9022916506796332 3.104777114680538 2.890019804376548 2.696738225102957 2.521864415283994 2.6323110320117604 2.675262494072558 2.552544031041707 2.5464081078901644 2.4727770300716534 2.5280003384355365 
-67.0 -66.0 -67.5 -67.5 -66.5 -66.5 -67.0 -66.5 -66.5 -66.5 -67.0 -66.5 -66.0 -67.0 -67.5 -66.0 -64.0 -62.5 -64.5 -63.0 -64.0 -62.5 -60.5 -61.5 -62.0 -63.5 -62.5 -61.0 -62.5 -60.5 -64.5 -67.5 -65.5 -64.0 -62.0 -63.5 -64.5 -68.5 -66.0 -65.0 -65.0 -64.0 -64.0 -63.0 -63.0 
2.2764274892222915 2.1230294104337273 2.2396119503130363 2.3623304133438876 2.3439226438892597 2.2027964114037806 2.3009711818284617 2.3071071049800045 2.2457478734645786 2.2150682577068657 2.380738182798515 2.282563412373834 2.2641556429192065 2.2396119503130363 2.2518837966161214 2.448233337465483 2.4605051837685683 2.4605051837685683 2.6200391857086753 2.8961557275280905 2.675262494072558 2.4850488763747385 2.350058567040802 5.651185222570702 2.356194490192345 2.356194490192345 2.5280003384355365 2.675262494072558 3.1661363461959633 0.1932815792735908 5.970253226450915 2.2334760271614935 2.1905245651006955 2.1782527187976104 2.0493983326152168 2.0156507552817327 1.718058482431918 1.8100973297050567 1.8285050991596843 1.9512235621905356 2.030990563160589 1.8714565612204823 1.88986433067511 
-62.5 -62.5 -62.5 -63.0 -63.0 -63.0 -63.5 -63.0 -63.0 -63.5 -63.0 -62.5 -63.0 -62.5 -62.5 -62.0 -61.0 -61.5 -62.5 -61.0 -59.0 -62.5 -60.5 -62.5 -61.0 -61.5 -61.0 -59.5 -62.0 -65.5 -67.0 -65.5 -63.5 -63.0 -61.5 -63.5 -63.0 -63.5 -62.5 -63.0 -63.5 -63.0 -63.0 
0.30679615757712825 0.25770877236478773 0.2638446955163303 0.28225246497095796 0.2270291566070749 0.28225246497095796 0.25770877236478773 0.25770877236478773 0.30066023442558565 0.30679615757712825 0.3129320807286708 0.3190680038802134 0.3190680038802134 0.3190680038802134 0.3865631585471816 0.6320000846088841 0.803805932852076 0.6994952392758523 0.7424467013366504 1.030835089459151 0.9019807032767571 0.662679700366597 0.5767767762450011 0.662679700366597 0.6381360077604268 0.6320000846088841 0.619728238305799 0.5951845456996288 0.607456392002714 0.6013204688511713 0.5829126993965437 0.9633399347921826 0.7301748550335652 0.7240389318820226 0.8160777791551611 0.7669903939428205 0.5951845456996288 0.5338253141842031 0.5338253141842031 0.5583690067903734 0.521553467881118 0.48473792897186263 0.5276893910326605 0.46019423636569234 
-53.0 -53.0 -53.0 -53.0 -52.5 -52.5 -52.5 -52.5 -52.0 -52.0 -52.0 -51.5 -52.0 -52.0 -51.5 -51.5 -51.5 -53.0 -54.5 -51.5 -50.0 -50.5 -52.0 -52.5 -52.0 -51.5 -51.5 -51.5 -52.0 -51.5 -51.0 -53.0 -52.5 -51.5 -50.5 -51.5 -51.5 -51.0 -50.5 -50.0 -50.0 -50.5 -50.0 -50.0 
0.7853981633974483 0.8283496254582462 0.7976700097005334 0.7915340865489908 0.7731263170943632 0.7485826244881929 0.7792622402459057 0.760854470791278 0.7301748550335652 0.8099418560036186 0.7731263170943632 0.8099418560036186 0.7853981633974483 0.7547185476397354 0.760854470791278 0.9019807032767571 0.9387962421860124 1.1780972450961724 1.2333205534600555 1.1167380135807468 0.9510680884890975 0.9572040116406401 0.9510680884890975 0.9817477042468103 0.9940195505498954 0.9572040116406401 0.9142525495798421 0.8222137023067037 1.0246991663076084 1.1044661672776617 0.9203884727313847 4.3074180523828804 1.2210487071569704 1.2333205534600555 1.2455923997631406 1.1351457830353744 0.9326603190344698 0.8068738944278473 0.7792622402459057 0.7179030087304801 0.6810874698212247 0.6565437772150544 0.6810874698212247 0.705631162427395 0.7301748550335652 
-55.0 -54.5 -54.5 -54.5 -55.0 -54.5 -54.5 -54.5 -54.5 -54.0 -54.0 -54.5 -54.0 -54.0 -54.0 -53.0 -52.5 -51.5 -50.5 -50.0 -50.5 -51.0 -51.5 -51.0 -50.5 -51.0 -51.0 -51.5 -51.0 -51.5 -52.0 -50.5 -50.5 -51.0 -51.5 -52.0 -52.5 -53.0 -53.0 -53.0 -52.5 -53.0 -53.0 -52.5 -52.0 
1.3314953238847365 1.3130875544301088 1.337631247036279 1.2885438618239387 1.2640001692177683 1.2640001692177683 1.2885438618239387 1.2885438618239387 1.3069516312785663 1.3069516312785663 1.2946797849754812 1.3069516312785663 1.282407938672396 1.3008157081270237 1.3928545554001621 1.6321555583103222 1.6996507129772904 1.5462526341887264 1.4910293258248433 1.214912784005428 1.0921943209745766 1.1228739367322893 1.0921943209745766 1.0983302441261191 1.1106020904292042 1.1167380135807468 1.055378782065321 1.1044661672776617 1.0246991663076084 1.0676506283684062 1.0062913968529805 4.215379205109742 1.3621749396424494 1.533980787885641 1.5953400194010667 1.5953400194010667 1.5585244804918115 1.4542137869155878 1.2701360923693108 1.2455923997631406 1.0921943209745766 1.0062913968529805 1.1106020904292042 1.1351457830353744 1.1167380135807468 
-56.0 -56.0 -56.0 -56.0 -56.0 -56.0 -56.0 -56.0 -56.0 -55.5 -55.5 -56.0 -55.5 -55.5 -54.5 -53.0 -52.5 -51.5 -50.5 -49.0 -50.0 -50.5 -50.5 -51.5 -51.0 -51.5 -51.5 -51.0 -51.5 -51.0 -50.5 -50.5 -49.0 -50.5 -52.5 -52.5 -53.5 -55.0 -55.0 -55.5 -55.0 -56.0 -56.0 -55.5 -55.5 
1.7426021750380885 1.705786636128833 1.7119225592803755 1.6444274046134073 1.662835174068035 1.6873788666742053 1.662835174068035 1.6812429435226628 1.5953400194010667 1.6505633277649499 1.6812429435226628 1.6996507129772904 1.6505633277649499 1.6689710972195777 1.607611865704152 1.736466251886546 1.846912868614312 1.8714565612204823 1.748738098189631 1.6260196351587797 1.6873788666742053 1.8346410223112268 1.8100973297050567 1.7426021750380885 1.748738098189631 1.7794177139473437 1.7855536370988863 1.8223691760081417 1.7855536370988863 1.7794177139473437 1.8162332528565992 1.718058482431918 1.6751070203711202 1.8162332528565992 1.8346410223112268 1.846912868614312 1.7119225592803755 1.6014759425526093 1.5585244804918115 1.521708941582556 1.4971652489763858 1.5278448647340985 1.5155730184310134 1.5892040962495242 1.6014759425526093 
-60.0 -59.5 -60.0 -59.5 -59.5 -60.0 -59.5 -59.5 -59.5 -59.0 -59.0 -59.0 -59.5 -59.5 -58.5 -56.5 -54.5 -52.5 -52.0 -54.5 -55.5 -56.0 -55.5 -56.5 -56.5 -55.5 -55.0 -55.0 -57.0 -55.5 -55.5 -56.0 -54.0 -52.0 -51.5 -52.0 -53.5 -56.5 -56.0 -55.0 -55.5 -56.5 -55.5 -56.0 -56.0 
5.50392306693368 5.45483568172134 5.473243451175968 5.45483568172134 5.497787143782138 5.442563835418255 5.5100589900852235 5.375068680751287 5.460971604872882 5.43029198911517 5.491651220630596 5.460971604872882 5.4671075280244255 5.381204603902829 5.411884219660542 5.460971604872882 5.387340527054372 5.307573526084319 5.240078371417351 4.994641445355648 4.97623367590102 4.71238898038469 4.123340357836604 4.227651051412827 4.896466674930966 5.1725832167503825 4.792155981354743 4.577398671050753 4.4976316700806995 4.681709364626977 4.874990943900568 4.878058905476339 5.47937937432751 5.608233760509904 5.540738605842936 5.50392306693368 5.387340527054372 5.460971604872882 5.399612373357457 5.325981295538946 5.325981295538946 5.381204603902829 5.418020142812084 5.313709449235861 
-61.0 -60.5 -60.5 -60.5 -60.5 -60.0 -60.5 -60.0 -60.5 -60.0 -60.5 -60.0 -60.5 -60.5 -60.0 -60.5 -60.5 -60.0 -58.0 -57.5 -59.0 -59.0 -60.5 -62.0 -60.5 -61.5 -62.5 -62.0 -59.0 -59.0 -60.0 -57.0 -57.5 -59.0 -59.5 -60.0 -60.5 -61.0 -60.5 -62.0 -61.0 -60.5 -61.0 -60.0 
0.859029241215959 0.8406214717613314 0.9387962421860124 3.8840393549264434 3.877903431774901 3.9269908169872414 3.792000507653305 3.736777199289422 0.6258641614573416 3.9208548938356986 3.933126740138784 0.8222137023067037 6.062292073724054 5.71868037723767 5.810719224510809 5.516194913236766 2.1537090261914402 2.779573187648782 5.872078456026235 5.522330836388308 5.749359992995383 5.798447378207723 5.7616318392984684 5.939573610693203 5.602097837358362 6.019340611663256 5.651185222570702 5.792311455056181 5.540738605842936 5.473243451175968 5.43029198911517 2.2396119503130363 1.9205439464328227 1.718058482431918 1.8100973297050567 
-72.5 -73.0 -72.5 -75.0 -75.5 -76.0 -77.5 -77.5 -74.5 -78.5 -79.0 -78.0 -72.5 -66.0 -61.5 -62.0 -70.0 -69.5 -65.0 -64.0 -63.0 -64.0 -64.5 -64.0 -63.5 -64.5 -62.5 -62.5 -63.5 -65.5 -73.5 -75.5 -77.0 -77.0 -76.0 
