2.5770877236478773 2.6568547246179306 2.4727770300716534 2.5402721847386216 2.736621725587984 2.6875343403756435 2.693670263527186 2.5464081078901644 2.478912953223196 2.4911847995262812 2.5280003384355365 2.5832236467994196 2.60776733940559 2.5893595699509624 6.031612457966341 3.160000423044421 3.06182565261974 2.9268353432858034 3.3195344249845276 3.5588354278946874 3.2888548092268146 3.11091303783208 3.0250101137104846 3.0127382674073995 2.82252464970958 3.160000423044421 3.08636934522591 3.2581751934691017 3.890175278077986 3.1354567304382504 3.141592653589793 3.0495538063166547 3.1231848841351653 3.3624858870453256 3.227495577711389 2.9084275738311756 2.890019804376548 2.521864415283994 2.564815877344792 2.6139032625571326 2.4727770300716534 2.5280003384355365 2.4850488763747385 
-62.5 -61.5 -62.0 -62.0 -62.0 -62.5 -62.0 -63.0 -62.5 -63.0 -63.0 -63.0 -63.0 -63.0 -65.0 -62.5 -61.0 -62.5 -63.0 -63.5 -63.0 -63.5 -63.5 -65.0 -65.0 -64.0 -65.0 -64.0 -67.0 -64.5 -63.5 -63.0 -62.0 -61.5 -65.0 -67.0 -65.0 -63.5 -63.5 -64.0 -62.5 -63.0 -62.5 
1.9819031779482483 2.012582793705961 2.1230294104337273 2.043262409463674 2.067806102069844 2.000310947402876 2.1353012567368124 2.012582793705961 2.1598449493429825 2.184388641949153 2.1598449493429825 2.1782527187976104 2.2580197197676637 2.2886993355253766 2.116893487282185 2.6261751088602177 2.5770877236478773 2.6139032625571326 2.9022916506796332 3.454524734318464 3.32567034813607 2.9820586516496865 2.6016314162540475 2.1537090261914402 2.2764274892222915 2.055534255766759 2.313243028131547 2.3193789512830896 2.5341362615870793 3.153864499892878 2.8409324191642074 2.442097414313941 2.1598449493429825 1.9696313316451632 1.9634954084936207 2.1475731030398975 2.0923497946760143 1.902136176978195 1.9819031779482483 1.7119225592803755 1.7671458676442586 1.8039614065535141 1.6996507129772904 1.8530487917658545 1.8653206380689396 1.8837284075235674 
-64.0 -63.0 -63.0 -63.0 -63.5 -63.5 -63.5 -63.5 -63.5 -64.0 -63.5 -64.0 -64.0 -63.5 -64.0 -63.5 -62.5 -64.0 -65.0 -63.0 -62.5 -61.5 -61.5 -62.0 -62.0 -62.5 -61.5 -61.0 -61.0 -65.0 -64.5 -65.5 -64.0 -63.5 -63.0 -63.0 -62.0 -62.5 -62.5 -62.5 -62.5 -63.0 -62.0 -63.0 -63.5 -62.5 
0.47860200582032003 0.48473792897186263 0.5583690067903734 0.5092816215780329 0.5338253141842031 0.5092816215780329 0.48473792897186263 0.5154175447295755 0.4908738521234052 0.46019423636569234 0.4970097752749477 0.44178646691106466 0.4479223900626072 0.4295146206079795 0.4908738521234052 0.7179030087304801 0.7915340865489908 0.7179030087304801 0.803805932852076 1.0799224746714913 0.8835729338221293 0.6442719309119693 0.7117670855789375 0.7547185476397354 0.7179030087304801 0.7731263170943632 0.7915340865489908 0.7915340865489908 0.7547185476397354 0.803805932852076 1.000155473701438 1.0062913968529805 0.8099418560036186 0.7731263170943632 0.8835729338221293 0.8344855486097889 0.6258641614573416 0.5522330836388308 0.5460971604872883 0.5031456984264903 0.5031456984264903 0.521553467881118 0.4908738521234052 0.5031456984264903 0.48473792897186263 0.4111068511533518 
-50.0 -49.5 -50.0 -49.5 -50.0 -49.5 -50.0 -50.0 -50.0 -50.0 -50.5 -50.5 -50.5 -50.5 -50.5 -51.0 -51.0 -51.5 -52.5 -51.5 -50.0 -51.0 -52.0 -51.5 -51.0 -51.0 -51.0 -51.5 -51.5 -50.5 -50.5 -52.0 -52.0 -50.5 -50.0 -50.0 -50.0 -50.5 -50.5 -50.5 -50.0 -50.0 -50.0 -50.0 -50.0 -50.0 
0.7424467013366504 0.7485826244881929 0.7485826244881929 0.7485826244881929 0.760854470791278 0.7240389318820226 0.7240389318820226 0.7301748550335652 0.7240389318820226 0.7363107781851077 0.760854470791278 0.7363107781851077 0.7731263170943632 0.8283496254582462 0.7915340865489908 1.0185632431560658 1.086058397823034 1.2026409377023426 1.2640001692177683 1.239456476611598 0.9940195505498954 0.9940195505498954 1.1167380135807468 1.1106020904292042 1.086058397823034 1.0615147052168636 1.0983302441261191 1.1596894756415448 1.1719613219446299 1.0369710126106935 1.1290098598838318 1.380582709097077 1.3621749396424494 1.1535535524900022 1.1228739367322893 1.0615147052168636 0.9265243958829272 0.8528933180644165 0.9081166264282996 0.8467573949128739 0.8528933180644165 0.7853981633974483 0.8344855486097889 0.8099418560036186 0.7731263170943632 0.7547185476397354 
-52.5 -52.5 -52.0 -52.5 -52.0 -52.0 -52.5 -52.5 -52.5 -53.0 -52.5 -53.0 -53.5 -53.0 -53.5 -51.5 -51.5 -51.5 -51.5 -50.0 -50.0 -50.5 -50.5 -50.0 -50.0 -50.0 -50.0 -50.0 -51.0 -50.0 -49.5 -50.5 -52.0 -52.0 -52.0 -52.0 -52.5 -52.5 -52.0 -52.5 -52.0 -52.0 -52.0 -52.0 -52.0 -52.5 
1.1903690913992575 1.239456476611598 1.2210487071569704 1.1965050145508 1.184233168247715 1.2517283229146832 1.2333205534600555 1.184233168247715 1.2026409377023426 1.1965050145508 1.1965050145508 1.1903690913992575 1.239456476611598 1.2640001692177683 1.4051264017032472 1.6689710972195777 1.7241944055834606 1.6505633277649499 1.5585244804918115 1.3008157081270237 1.1719613219446299 1.1903690913992575 1.2517283229146832 1.2640001692177683 1.2455923997631406 1.2455923997631406 1.2578642460662257 1.2087768608538851 1.2762720155208536 1.184233168247715 1.239456476611598 1.3928545554001621 1.6137477888556946 1.607611865704152 1.6014759425526093 1.533980787885641 1.3867186322486196 1.3069516312785663 1.337631247036279 1.239456476611598 1.1658253987930873 1.1535535524900022 1.1474176293384597 1.1658253987930873 1.1474176293384597 1.1106020904292042 
-55.0 -55.5 -55.0 -54.5 -55.0 -55.0 -55.0 -55.0 -55.0 -55.5 -55.0 -55.0 -55.0 -55.0 -55.0 -53.0 -52.0 -51.5 -50.0 -49.0 -50.5 -50.5 -51.0 -51.0 -51.0 -51.0 -50.5 -50.5 -51.0 -50.5 -50.0 -49.5 -51.0 -53.0 -52.5 -53.5 -55.0 -56.0 -55.5 -55.5 -55.5 -55.5 -55.5 -55.5 -55.5 -55.5 
1.5401167110371838 1.5830681730979816 1.5707963267948966 1.533980787885641 1.5707963267948966 1.5585244804918115 1.5830681730979816 1.5278448647340985 1.5830681730979816 1.576932249946439 1.5585244804918115 1.5830681730979816 1.5892040962495242 1.6873788666742053 1.6382914814618648 1.8653206380689396 1.9144080232812801 1.9144080232812801 1.8285050991596843 1.6505633277649499 1.8039614065535141 1.8960002538266525 1.8346410223112268 1.859184714917397 1.8223691760081417 1.8837284075235674 1.8039614065535141 1.761009944492716 1.8100973297050567 1.8530487917658545 1.8775924843720249 1.7548740213411735 1.8346410223112268 1.9880391010997909 1.9389517158874505 1.8346410223112268 1.6751070203711202 1.5462526341887264 1.6812429435226628 1.6137477888556946 1.576932249946439 1.576932249946439 1.6137477888556946 1.5707963267948966 1.5707963267948966 1.5707963267948966 
-55.5 -55.0 -55.5 -55.5 -55.5 -55.5 -55.5 -56.0 -56.0 -56.5 -56.5 -57.0 -57.5 -57.5 -57.5 -55.0 -53.0 -52.0 -51.5 -54.0 -55.0 -54.5 -55.5 -55.5 -55.0 -54.5 -55.0 -55.5 -54.5 -54.5 -54.0 -53.0 -52.0 -51.5 -52.0 -53.5 -55.0 -56.0 -55.5 -54.5 -54.5 -54.5 -55.0 -55.0 -55.0 -55.0 
5.5284667595398505 5.375068680751287 5.424156065963627 5.516194913236766 5.399612373357457 5.442563835418255 5.411884219660542 5.405748296509 5.399612373357457 5.387340527054372 5.4671075280244255 5.332117218690489 5.375068680751287 5.448699758569798 5.405748296509 5.375068680751287 5.2768939103266055 5.47937937432751 5.190990986205009 4.9823695990525625 5.117359908386499 5.2339424482658075 4.718524903536232 4.71238898038469 4.804427827657828 4.878058905476339 4.706253057233147 4.595806440505381 4.7860200582032 5.184855063053467 5.141903600992669 5.031456984264903 5.3198453723874035 5.638913376267617 5.540738605842936 5.448699758569798 5.460971604872882 5.338253141842031 5.375068680751287 5.442563835418255 5.344389064993574 5.356660911296659 5.289165756629691 5.307573526084319 5.252350217720435 
-60.5 -60.5 -61.0 -61.0 -61.0 -60.5 -60.5 -60.5 -61.0 -60.5 -60.5 -60.5 -60.0 -60.0 -59.5 -59.0 -60.0 -58.0 -57.0 -57.5 -57.5 -57.0 -58.5 -59.5 -60.5 -59.5 -60.0 -59.0 -57.5 -57.0 -58.0 -57.5 -56.5 -58.0 -60.0 -59.0 -59.0 -60.5 -60.5 -60.5 -60.0 -60.5 -60.0 -61.0 -60.5 
1.88986433067511 1.7241944055834606 1.6996507129772904 5.092816215780329 1.718058482431918 5.368932757599744 5.700272607783043 5.6143696836614465 5.516194913236766 2.675262494072558 5.706408530934585 5.663457068873787 6.215690152512618 5.626641529964532 6.062292073724054 5.970253226450915 5.47937937432751 5.706408530934585 5.884350302329319 2.055534255766759 5.4671075280244255 5.546874528994478 5.681864838328415 5.491651220630596 5.399612373357457 5.368932757599744 1.945087639038993 1.9573594853420782 1.9819031779482483 1.9757672547967058 
-75.0 -73.0 -74.0 -71.0 -77.0 -65.5 -63.5 -63.0 -61.5 -76.0 -66.0 -65.5 -66.5 -67.0 -67.0 -67.0 -67.0 -65.5 -66.5 -70.0 -64.0 -63.5 -64.0 -64.0 -65.0 -71.0 -73.0 -72.0 -72.5 -73.0 
