2.478912953223196 2.552544031041707 2.6323110320117604 2.448233337465483 2.4727770300716534 2.552544031041707 2.5709518004963345 2.650718801466388 2.5832236467994196 2.6323110320117604 2.4911847995262812 2.5464081078901644 2.6691265709210157 2.429825568010856 2.5893595699509624 2.5280003384355365 2.675262494072558 6.237165883543017 3.4177091954092087 3.172272269347506 3.0250101137104846 0.5399612373357456 3.509748042682347 3.2827188860752723 3.06182565261974 2.9145634969827183 2.988194574801229 2.9268353432858034 2.9268353432858034 3.184544115650591 3.5711072741977725 3.215223731408304 2.8716120349219203 2.8838838812250054 2.9759227284981438 3.06182565261974 2.8654761117703775 2.552544031041707 2.4175537217077703 2.4605051837685683 2.736621725587984 2.5770877236478773 2.3439226438892597 2.3746022596469727 2.454369260617026 
-64.5 -64.5 -64.0 -64.5 -64.5 -64.5 -64.5 -63.5 -65.0 -64.0 -65.5 -64.5 -64.5 -65.0 -63.5 -65.0 -65.0 -66.0 -62.5 -61.5 -66.5 -67.0 -63.5 -62.5 -61.5 -64.0 -64.5 -64.0 -63.0 -63.0 -63.5 -67.0 -64.5 -63.0 -61.5 -61.5 -64.0 -66.5 -66.5 -65.5 -66.0 -66.0 -66.0 -65.0 -66.0 
2.061670178918302 2.086213871524472 2.030990563160589 2.012582793705961 1.9819031779482483 2.1353012567368124 2.1659808724945253 2.086213871524472 2.055534255766759 1.9880391010997909 2.172116795646068 2.0493983326152168 1.9757672547967058 1.9389517158874505 1.9941750242513334 2.0371264863121317 1.8285050991596843 5.332117218690489 2.2764274892222915 2.2027964114037806 2.3930100291016 2.3746022596469727 2.8716120349219203 2.748893571891069 2.7120780329818137 2.521864415283994 2.36846633649543 2.2886993355253766 2.356194490192345 2.2334760271614935 2.730485802436441 2.9575149590435164 2.9329712664373457 2.564815877344792 2.2641556429192065 2.1046216409791 2.2150682577068657 2.3009711818284617 2.043262409463674 2.1475731030398975 2.098485717827557 2.2027964114037806 2.3193789512830896 2.36846633649543 2.466641106920111 2.411417798556228 
-63.0 -62.5 -62.5 -63.5 -63.5 -63.0 -63.5 -63.0 -63.5 -63.0 -63.0 -64.0 -63.5 -64.5 -63.0 -63.5 -63.0 -63.0 -61.0 -61.5 -64.0 -64.0 -63.0 -62.0 -61.5 -61.5 -61.5 -61.0 -62.0 -61.5 -61.0 -61.5 -64.5 -62.5 -65.0 -63.5 -63.0 -62.5 -63.0 -64.0 -64.5 -64.0 -64.5 -64.0 -64.5 -64.5 
0.4049709280018093 0.42337869745643697 0.4295146206079795 0.3988350048502667 0.4111068511533518 0.4111068511533518 0.4356505437595221 0.4479223900626072 0.4356505437595221 0.4111068511533518 0.4356505437595221 0.4172427743048944 0.4479223900626072 0.4479223900626072 0.4540583132141498 0.44178646691106466 0.4663301595172349 0.6320000846088841 0.7915340865489908 0.7301748550335652 0.7547185476397354 1.0062913968529805 0.8958447801252144 0.6320000846088841 0.7117670855789375 0.7731263170943632 0.8099418560036186 0.8835729338221293 0.8528933180644165 0.8160777791551611 0.7853981633974483 0.7976700097005334 0.9633399347921826 1.055378782065321 0.8344855486097889 0.7976700097005334 0.8467573949128739 0.662679700366597 0.44178646691106466 0.36815538909255385 0.2638446955163303 0.23316507975861744 0.19634954084936207 0.18407769454627693 0.18407769454627693 0.14112623248547898 
-51.0 -51.0 -50.5 -50.5 -50.5 -50.5 -50.5 -50.5 -50.5 -50.5 -50.5 -50.5 -50.0 -50.0 -50.5 -50.0 -50.5 -51.0 -51.0 -51.5 -53.5 -52.5 -50.0 -50.5 -52.0 -52.0 -51.5 -51.0 -51.5 -52.0 -51.5 -51.5 -50.0 -52.5 -52.5 -51.0 -50.0 -51.0 -51.0 -51.5 -51.5 -52.0 -52.0 -52.5 -52.5 -52.5 
0.6933593161243098 0.7424467013366504 0.7117670855789375 0.7179030087304801 0.6872233929727672 0.6565437772150544 0.7240389318820226 0.7179030087304801 0.6933593161243098 0.6381360077604268 0.6872233929727672 0.6933593161243098 0.6994952392758523 0.7547185476397354 0.7117670855789375 0.6872233929727672 0.6872233929727672 0.7669903939428205 0.9572040116406401 1.1474176293384597 1.2578642460662257 1.2640001692177683 0.9940195505498954 1.0185632431560658 1.086058397823034 1.1719613219446299 1.0799224746714913 1.0737865515199487 1.055378782065321 1.1719613219446299 1.1965050145508 1.086058397823034 1.0676506283684062 1.3069516312785663 1.4419419406125027 1.3314953238847365 1.1719613219446299 1.043106935762236 0.8651651643675016 0.9019807032767571 0.859029241215959 0.8283496254582462 0.8528933180644165 0.8897088569736719 0.8897088569736719 0.8897088569736719 
-53.0 -53.0 -53.5 -53.5 -53.0 -53.5 -53.0 -53.0 -52.5 -52.5 -53.0 -53.0 -53.0 -53.0 -53.0 -53.5 -53.0 -53.0 -51.0 -51.5 -51.0 -50.0 -50.0 -50.5 -51.0 -50.5 -50.0 -50.0 -50.5 -50.0 -50.5 -50.5 -49.5 -49.5 -51.0 -51.0 -51.0 -51.5 -53.5 -54.0 -54.0 -54.0 -55.0 -55.0 -55.0 -55.0 
1.1535535524900022 1.214912784005428 1.1965050145508 1.1780972450961724 1.1780972450961724 1.1658253987930873 1.1474176293384597 1.1351457830353744 1.1290098598838318 1.1228739367322893 1.1228739367322893 1.1228739367322893 1.086058397823034 1.0983302441261191 1.1290098598838318 1.0921943209745766 1.2087768608538851 1.5125050568552423 1.6689710972195777 1.7241944055834606 1.5462526341887264 1.3130875544301088 1.2087768608538851 1.2210487071569704 1.282407938672396 1.368310862793992 1.3314953238847365 1.3867186322486196 1.3130875544301088 1.3867186322486196 1.423534171157875 1.3437671701878218 1.368310862793992 1.4910293258248433 1.705786636128833 1.7548740213411735 1.7548740213411735 1.6751070203711202 1.5155730184310134 1.4480778637640452 1.3744467859455345 1.2517283229146832 1.239456476611598 1.214912784005428 1.1474176293384597 1.1535535524900022 
-55.5 -56.0 -55.5 -55.5 -55.5 -55.5 -55.5 -55.5 -55.5 -55.5 -55.5 -55.5 -55.5 -56.0 -56.0 -55.0 -55.5 -55.0 -53.0 -52.5 -51.0 -49.0 -50.0 -50.5 -50.5 -50.5 -51.0 -51.5 -51.0 -51.0 -50.5 -50.5 -50.0 -49.5 -50.5 -52.0 -52.0 -53.0 -54.5 -55.5 -56.0 -56.5 -56.5 -56.5 -56.5 -57.5 
1.607611865704152 1.6014759425526093 1.533980787885641 1.6198837120072371 1.5401167110371838 1.5707963267948966 1.5155730184310134 1.5585244804918115 1.5585244804918115 1.5033011721279284 1.576932249946439 1.533980787885641 1.5401167110371838 1.533980787885641 1.4603497100671303 1.509437095279471 1.552388557340269 1.6812429435226628 1.8530487917658545 1.9389517158874505 1.846912868614312 1.7732817907958012 1.748738098189631 1.8714565612204823 1.8162332528565992 1.7978254834019713 1.8346410223112268 1.9144080232812801 1.9082721001297376 1.9266798695843652 1.859184714917397 2.024854640009046 1.8714565612204823 1.8039614065535141 1.8714565612204823 2.018718716857504 1.9696313316451632 1.8346410223112268 1.7671458676442586 1.7548740213411735 1.6996507129772904 1.7119225592803755 1.7671458676442586 1.736466251886546 1.8100973297050567 1.8530487917658545 
-57.0 -57.0 -56.5 -57.5 -57.0 -57.0 -56.0 -56.5 -57.0 -56.5 -56.5 -56.5 -56.5 -57.0 -56.5 -56.5 -57.0 -56.0 -53.0 -52.0 -51.5 -52.5 -54.5 -55.0 -54.5 -55.0 -54.5 -54.5 -54.5 -55.0 -55.0 -53.5 -54.0 -53.0 -51.5 -51.5 -52.0 -54.0 -57.5 -57.5 -58.0 -59.0 -59.5 -60.5 -60.5 -60.5 
5.491651220630596 5.448699758569798 5.497787143782138 5.43029198911517 5.375068680751287 5.473243451175968 5.424156065963627 5.307573526084319 5.387340527054372 5.325981295538946 5.368932757599744 5.332117218690489 5.405748296509 5.344389064993574 5.399612373357457 5.258486140871978 5.283029833478148 5.298369641357005 5.209398755659637 5.424156065963627 5.3627968344482015 5.062136600022616 5.037592907416445 5.056000676871073 4.81056375080937 4.669437518323892 4.884194828627882 4.908738521234052 5.080544369477243 4.828971520263998 4.76147636559703 5.037592907416445 5.344389064993574 5.197126909356553 5.497787143782138 5.767767762450011 5.688000761479957 5.5714182216006485 5.5284667595398505 5.589825991055276 5.540738605842936 5.4671075280244255 5.4671075280244255 5.473243451175968 5.491651220630596 5.399612373357457 
-60.5 -60.0 -60.5 -60.0 -60.0 -60.0 -61.0 -60.5 -61.0 -60.5 -60.5 -61.0 -61.5 -61.5 -61.5 -61.5 -61.0 -61.0 -61.0 -59.5 -57.5 -57.0 -57.5 -57.0 -57.5 -59.0 -60.0 -60.0 -59.5 -59.5 -58.5 -57.0 -57.0 -57.5 -56.5 -57.0 -58.0 -58.0 -58.5 -58.5 -59.0 -58.5 -59.0 -59.5 -59.0 -60.0 
2.1537090261914402 2.141437179888355 2.030990563160589 2.043262409463674 1.8714565612204823 2.061670178918302 5.399612373357457 5.184855063053467 5.258486140871978 5.663457068873787 1.8653206380689396 5.595961914206819 5.829126993965437 5.6573211457222445 5.890486225480862 5.829126993965437 5.957981380147831 5.853670686571607 5.829126993965437 5.675728915176872 5.688000761479957 5.460971604872882 5.393476450205914 2.552544031041707 3.8410878928656453 0.9510680884890975 1.030835089459151 1.325359400733194 
-76.5 -76.0 -76.0 -76.0 -75.5 -76.5 -70.0 -63.0 -62.0 -62.0 -69.0 -63.0 -65.0 -65.5 -67.0 -66.5 -66.0 -65.5 -64.0 -63.0 -64.0 -64.5 -69.5 -81.5 -78.5 -72.0 -72.5 -71.0 
