2.521864415283994 2.509592568980909 2.3930100291016 2.478912953223196 2.454369260617026 2.337786720737717 2.3930100291016 2.3439226438892597 2.497320722677824 2.356194490192345 2.4727770300716534 2.356194490192345 2.4850488763747385 2.405281875404685 2.448233337465483 2.497320722677824 2.748893571891069 3.0250101137104846 2.748893571891069 2.8777479580734626 2.9636508821950587 3.104777114680538 3.067961575771282 3.2520392703175593 2.9575149590435164 2.8716120349219203 2.773437264497239 2.730485802436441 2.730485802436441 3.0495538063166547 2.767301341345697 3.0127382674073995 3.429981041712294 3.0495538063166547 2.730485802436441 2.791845033951867 2.779573187648782 2.9084275738311756 2.8716120349219203 2.767301341345697 2.724349879284899 2.6016314162540475 2.552544031041707 2.337786720737717 2.448233337465483 2.4911847995262812 2.5280003384355365 
-62.5 -63.0 -63.0 -63.5 -63.0 -63.5 -63.5 -63.5 -62.5 -63.0 -63.0 -62.5 -62.5 -63.0 -63.5 -63.5 -64.0 -63.0 -62.0 -62.0 -63.0 -62.5 -61.5 -63.0 -63.0 -62.5 -64.5 -64.5 -65.0 -65.5 -65.0 -63.0 -64.0 -66.0 -65.0 -64.0 -62.0 -61.5 -63.0 -67.0 -67.5 -66.0 -65.0 -64.5 -65.0 -64.0 -64.0 
2.552544031041707 2.5586799541932495 2.4911847995262812 2.5402721847386216 2.6323110320117604 2.5770877236478773 2.509592568980909 2.5893595699509624 2.662990647769473 2.5832236467994196 2.3930100291016 2.5709518004963345 2.5954954931025047 2.5280003384355365 2.6139032625571326 2.5770877236478773 2.454369260617026 2.6200391857086753 2.7857091108003242 2.662990647769473 2.748893571891069 3.0372819600135696 3.1661363461959633 3.1784081924990484 2.945243112740431 2.662990647769473 2.435961491162398 2.2334760271614935 2.018718716857504 1.945087639038993 2.018718716857504 2.184388641949153 2.141437179888355 2.8532042654672924 2.82252464970958 2.448233337465483 2.2580197197676637 1.9696313316451632 2.000310947402876 1.945087639038993 2.110757564130642 1.9512235621905356 1.88986433067511 2.043262409463674 1.8407769454627694 1.7732817907958012 1.859184714917397 1.9819031779482483 
-63.5 -64.0 -63.5 -63.5 -63.0 -63.5 -63.0 -64.0 -63.5 -63.5 -63.5 -63.5 -63.5 -63.0 -64.0 -63.5 -63.0 -62.5 -62.5 -63.5 -64.0 -64.0 -63.5 -62.0 -60.5 -61.5 -62.5 -61.5 -63.0 -62.5 -61.5 -62.0 -61.5 -62.0 -66.0 -64.0 -65.0 -64.5 -63.5 -62.5 -63.0 -63.0 -62.5 -63.5 -64.0 -64.0 -63.5 -64.0 
0.3129320807286708 0.30066023442558565 0.28225246497095796 0.2638446955163303 0.25157284921324513 0.25157284921324513 0.23316507975861744 0.25157284921324513 0.25157284921324513 0.25157284921324513 0.25157284921324513 0.2699806186678728 0.2699806186678728 0.25770877236478773 0.25770877236478773 0.2761165418194154 0.35588354278946877 0.5706408530934585 0.6320000846088841 0.5951845456996288 0.7547185476397354 0.9203884727313847 0.8406214717613314 0.5829126993965437 0.6810874698212247 0.7179030087304801 0.7301748550335652 0.662679700366597 0.7301748550335652 0.7240389318820226 0.7731263170943632 0.7179030087304801 0.8344855486097889 1.1535535524900022 1.227184630308513 0.9756117810952678 0.8344855486097889 0.803805932852076 0.8160777791551611 0.607456392002714 0.5154175447295755 0.4479223900626072 0.4540583132141498 0.4479223900626072 0.4540583132141498 0.4356505437595221 0.4663301595172349 
-51.5 -51.5 -51.5 -51.5 -51.5 -52.0 -52.0 -52.0 -51.5 -51.5 -51.5 -52.0 -51.5 -51.5 -52.0 -52.5 -52.5 -52.5 -53.0 -54.0 -54.5 -53.0 -51.5 -51.5 -52.5 -52.5 -52.5 -52.5 -52.0 -52.0 -52.0 -53.0 -52.5 -50.5 -52.5 -53.0 -52.5 -51.0 -51.0 -51.0 -50.5 -51.0 -50.0 -50.0 -50.0 -50.0 -50.5 
0.8528933180644165 0.8651651643675016 0.8958447801252144 0.8528933180644165 0.8528933180644165 0.8467573949128739 0.8406214717613314 0.9387962421860124 0.8467573949128739 0.8467573949128739 0.8713010875190442 0.8651651643675016 0.859029241215959 0.8283496254582462 0.9142525495798421 0.8713010875190442 0.8713010875190442 0.8958447801252144 0.9940195505498954 1.1167380135807468 1.2210487071569704 1.239456476611598 1.1351457830353744 0.9633399347921826 0.8958447801252144 1.0492428589137786 1.0615147052168636 1.0615147052168636 1.1044661672776617 1.1106020904292042 1.184233168247715 1.2333205534600555 1.3314953238847365 1.2026409377023426 1.2517283229146832 1.4173982480063325 1.4664856332186729 1.4480778637640452 1.2762720155208536 1.1351457830353744 1.012427320004523 0.9694758579437253 0.9081166264282996 0.859029241215959 0.8222137023067037 0.7915340865489908 0.8406214717613314 0.8774370106705868 
-54.0 -54.0 -54.0 -54.0 -54.0 -54.5 -54.0 -54.0 -54.0 -54.0 -53.5 -54.0 -53.5 -54.0 -54.0 -54.0 -54.0 -53.5 -52.5 -52.0 -51.5 -50.5 -50.0 -50.0 -51.5 -51.5 -51.0 -50.0 -50.0 -50.5 -50.5 -50.0 -50.5 -51.0 -49.5 -50.5 -51.0 -51.5 -51.5 -51.5 -52.0 -52.0 -52.5 -52.0 -52.0 -52.5 -52.5 -52.5 
1.3069516312785663 1.2517283229146832 1.3069516312785663 1.2640001692177683 1.2517283229146832 1.3069516312785663 1.3437671701878218 1.3069516312785663 1.2762720155208536 1.282407938672396 1.3069516312785663 1.282407938672396 1.2333205534600555 1.2701360923693108 1.2885438618239387 1.3928545554001621 1.509437095279471 1.6198837120072371 1.6014759425526093 1.5585244804918115 1.4296700943094176 1.1903690913992575 1.055378782065321 1.0185632431560658 1.086058397823034 1.2026409377023426 1.2333205534600555 1.282407938672396 1.3437671701878218 1.3560390164909069 1.325359400733194 1.4910293258248433 1.4480778637640452 1.4542137869155878 1.5953400194010667 1.8039614065535141 1.9205439464328227 1.9144080232812801 1.846912868614312 1.5707963267948966 1.4910293258248433 1.423534171157875 1.3069516312785663 1.1474176293384597 1.086058397823034 1.1903690913992575 1.2087768608538851 
-56.0 -56.0 -56.0 -56.0 -56.0 -56.0 -56.0 -56.0 -56.0 -55.5 -56.0 -56.0 -56.0 -55.5 -56.0 -55.5 -54.5 -53.0 -52.0 -50.5 -50.0 -50.0 -50.5 -51.5 -51.5 -52.0 -52.0 -52.0 -52.0 -52.0 -52.0 -52.0 -51.5 -51.0 -50.0 -49.0 -50.5 -52.5 -53.5 -56.0 -57.5 -57.0 -57.0 -56.5 -56.5 -57.5 -57.5 
1.7916895602504288 1.7548740213411735 1.748738098189631 1.748738098189631 1.7303303287350031 1.748738098189631 1.8100973297050567 1.7978254834019713 1.7855536370988863 1.7978254834019713 1.761009944492716 1.8100973297050567 1.748738098189631 1.846912868614312 1.8100973297050567 1.7426021750380885 1.8960002538266525 1.8775924843720249 1.88986433067511 1.8407769454627694 1.7978254834019713 1.5707963267948966 1.7671458676442586 1.761009944492716 1.8100973297050567 1.7855536370988863 1.945087639038993 2.043262409463674 2.061670178918302 2.061670178918302 1.9880391010997909 1.945087639038993 2.141437179888355 1.9696313316451632 2.043262409463674 2.061670178918302 2.1046216409791 2.1046216409791 1.8775924843720249 1.7916895602504288 1.6014759425526093 1.6812429435226628 1.6444274046134073 1.576932249946439 1.5830681730979816 1.6198837120072371 1.6260196351587797 
-60.0 -60.0 -60.0 -60.5 -60.5 -60.5 -60.5 -60.5 -60.5 -60.5 -60.0 -60.5 -60.0 -60.0 -60.5 -60.0 -58.0 -56.0 -53.5 -52.0 -52.5 -55.0 -56.0 -56.0 -55.5 -56.5 -56.0 -55.0 -54.0 -55.0 -55.5 -55.0 -54.5 -53.0 -53.0 -52.0 -52.0 -52.0 -53.0 -55.0 -56.5 -56.0 -55.5 -55.5 -56.0 -56.0 -56.0 
5.491651220630596 5.405748296509 5.399612373357457 5.448699758569798 5.4671075280244255 5.344389064993574 5.411884219660542 5.43029198911517 5.418020142812084 5.436427912266712 5.381204603902829 5.442563835418255 5.3198453723874035 5.405748296509 5.381204603902829 5.375068680751287 5.411884219660542 5.350524988145116 5.381204603902829 5.3198453723874035 5.0682725231741586 4.669437518323892 4.963961829597935 4.81056375080937 4.663301595172349 4.565126824747668 4.853515212870168 5.160311370447297 5.264622064023521 4.97623367590102 4.957825906446392 4.878058905476339 5.154175447295755 5.356660911296659 5.1725832167503825 5.516194913236766 5.675728915176872 5.792311455056181 5.749359992995383 5.565282298449106 5.356660911296659 5.399612373357457 5.350524988145116 5.448699758569798 5.448699758569798 5.5100589900852235 5.491651220630596 
-59.5 -59.0 -59.5 -60.0 -59.5 -59.0 -59.0 -59.0 -59.0 -59.0 -59.0 -59.5 -59.5 -59.5 -59.0 -58.5 -59.0 -59.5 -59.5 -58.5 -57.0 -59.0 -59.0 -58.0 -58.5 -60.0 -61.5 -61.0 -60.0 -60.5 -60.5 -58.5 -57.5 -57.5 -57.5 -56.0 -56.0 -57.5 -59.0 -60.0 -60.0 -60.0 -60.0 -60.5 -60.5 -60.5 -60.5 
4.558990901596125 4.325825821837508 1.0369710126106935 4.313553975534423 4.356505437595221 4.319689898685965 4.1601558967458585 0.20248546400090464 5.822991070813893 5.675728915176872 5.565282298449106 5.424156065963627 2.7120780329818137 5.982525072754001 5.939573610693203 5.368932757599744 5.749359992995383 5.976389149602458 5.780039608753096 5.810719224510809 5.822991070813893 0.01227184630308513 1.41126232485479 2.1598449493429825 5.602097837358362 5.755495916146925 5.534602682691394 5.221670601962723 4.430136515413731 1.1474176293384597 1.1719613219446299 
-74.0 -74.5 -73.5 -76.5 -76.0 -76.5 -75.5 -71.0 -66.5 -63.0 -62.5 -63.0 -74.5 -68.0 -65.0 -64.5 -64.0 -68.5 -67.0 -67.5 -68.0 -67.5 -74.0 -66.5 -64.0 -66.0 -65.5 -65.0 -73.0 -75.5 -77.0 
