2.448233337465483 2.6691265709210157 2.650718801466388 2.4850488763747385 2.6998061866787286 2.84706834231575 2.4605051837685683 5.853670686571607 2.6139032625571326 2.552544031041707 2.5464081078901644 2.6261751088602177 2.773437264497239 2.8532042654672924 6.111379458936394 0.3190680038802134 3.227495577711389 2.8286605728611223 0.4970097752749477 3.423845118560751 3.147728576741336 3.018874190558942 3.104777114680538 3.074097498922825 3.1354567304382504 3.018874190558942 3.0925052683774528 3.2520392703175593 3.5772431973493153 3.215223731408304 3.215223731408304 2.9084275738311756 2.9084275738311756 2.988194574801229 2.8409324191642074 2.9391071895888885 2.6568547246179306 2.442097414313941 2.5402721847386216 2.435961491162398 2.5832236467994196 2.380738182798515 2.466641106920111 2.509592568980909 
-65.0 -64.5 -63.0 -64.5 -65.0 -65.0 -64.5 -65.5 -64.5 -64.0 -63.5 -65.5 -65.5 -66.5 -68.0 -68.5 -63.0 -67.0 -68.5 -64.0 -64.5 -63.5 -64.5 -64.0 -64.0 -62.0 -63.5 -63.0 -64.5 -64.5 -62.0 -62.5 -61.0 -62.0 -65.0 -67.5 -66.5 -64.5 -64.0 -64.0 -64.0 -64.0 -63.5 -63.0 
2.030990563160589 1.932815792735908 1.9389517158874505 1.9205439464328227 1.8775924843720249 1.718058482431918 1.8039614065535141 1.945087639038993 1.9880391010997909 2.030990563160589 2.067806102069844 1.945087639038993 2.024854640009046 2.1353012567368124 1.9082721001297376 2.030990563160589 2.0800779483729293 2.098485717827557 2.1475731030398975 2.405281875404685 2.705942109830271 2.497320722677824 2.1475731030398975 2.116893487282185 2.1537090261914402 2.2518837966161214 2.2212041808584084 2.2334760271614935 2.116893487282185 2.5709518004963345 3.2090878082567613 3.1661363461959633 2.8654761117703775 2.5586799541932495 2.325514874434632 2.350058567040802 2.116893487282185 2.098485717827557 2.012582793705961 1.9144080232812801 1.9266798695843652 1.9389517158874505 5.1725832167503825 1.9082721001297376 2.024854640009046 1.902136176978195 
-62.5 -63.0 -63.0 -63.0 -63.5 -64.0 -63.0 -63.5 -63.5 -63.5 -64.0 -63.0 -64.0 -63.5 -63.0 -62.0 -61.5 -64.5 -65.0 -63.5 -63.0 -62.0 -61.5 -62.0 -63.0 -63.0 -62.5 -63.0 -61.5 -61.5 -63.5 -66.0 -66.0 -66.0 -63.5 -63.0 -63.5 -63.5 -64.0 -64.0 -63.0 -64.5 -65.0 -64.0 -63.5 -64.5 
0.6013204688511713 0.6013204688511713 0.5890486225480862 0.607456392002714 0.6320000846088841 0.5706408530934585 0.5767767762450011 0.5890486225480862 0.5767767762450011 0.5583690067903734 0.5522330836388308 0.5583690067903734 0.5645049299419159 0.5460971604872883 0.5890486225480862 0.8099418560036186 0.9326603190344698 0.803805932852076 0.8222137023067037 1.043106935762236 0.9878836273983529 0.7363107781851077 0.7363107781851077 0.8222137023067037 0.8099418560036186 0.803805932852076 0.7915340865489908 0.8222137023067037 0.7547185476397354 0.7669903939428205 0.7669903939428205 0.8713010875190442 1.000155473701438 1.0737865515199487 0.9081166264282996 0.859029241215959 0.8958447801252144 0.8528933180644165 0.619728238305799 0.5276893910326605 0.5399612373357456 0.5399612373357456 0.5460971604872883 0.5399612373357456 0.5460971604872883 0.5522330836388308 0.5706408530934585 
-51.0 -51.0 -51.0 -51.0 -51.0 -50.5 -50.5 -50.5 -51.0 -51.0 -51.0 -51.0 -51.0 -51.0 -50.5 -51.0 -50.5 -51.5 -52.5 -52.0 -50.0 -50.5 -52.0 -52.0 -51.5 -51.0 -51.0 -51.0 -51.0 -51.5 -51.5 -50.0 -50.0 -51.5 -51.5 -51.0 -50.0 -51.0 -52.0 -52.0 -51.5 -51.0 -51.5 -51.0 -51.5 -51.5 -51.0 
0.7915340865489908 0.7485826244881929 0.7669903939428205 0.7853981633974483 0.7731263170943632 0.7976700097005334 0.7792622402459057 0.760854470791278 0.760854470791278 0.7547185476397354 0.7731263170943632 0.7363107781851077 0.7363107781851077 0.803805932852076 0.7669903939428205 0.8406214717613314 1.0185632431560658 1.086058397823034 1.2517283229146832 1.3560390164909069 1.1535535524900022 1.086058397823034 1.1351457830353744 1.1596894756415448 1.1106020904292042 1.0983302441261191 1.0799224746714913 1.043106935762236 1.086058397823034 1.1167380135807468 1.1106020904292042 1.0492428589137786 1.0615147052168636 1.337631247036279 1.3867186322486196 1.3314953238847365 1.2210487071569704 1.1106020904292042 0.9940195505498954 0.9572040116406401 0.9019807032767571 0.8467573949128739 0.8222137023067037 0.9019807032767571 0.9019807032767571 0.8774370106705868 0.8528933180644165 
-52.5 -52.5 -52.0 -52.5 -52.5 -52.5 -52.5 -52.5 -52.5 -52.5 -52.5 -52.5 -52.5 -52.5 -52.5 -51.0 -50.0 -51.5 -51.0 -50.0 -49.5 -50.0 -50.0 -50.0 -49.5 -50.0 -50.0 -50.5 -50.0 -49.5 -50.0 -49.5 -49.0 -49.0 -50.0 -51.0 -51.0 -51.5 -52.5 -53.5 -53.0 -53.0 -53.0 -53.0 -53.0 -53.0 -53.0 
1.1535535524900022 1.1044661672776617 1.141281706186917 1.0799224746714913 1.0676506283684062 1.1106020904292042 1.012427320004523 1.1167380135807468 1.1228739367322893 1.1106020904292042 1.0492428589137786 1.1351457830353744 1.0799224746714913 1.1228739367322893 1.1596894756415448 1.3867186322486196 1.6382914814618648 1.705786636128833 1.7119225592803755 1.5707963267948966 1.41126232485479 1.3069516312785663 1.368310862793992 1.3621749396424494 1.380582709097077 1.3621749396424494 1.337631247036279 1.3192234775816514 1.2210487071569704 1.2701360923693108 1.2885438618239387 1.2885438618239387 1.3437671701878218 1.5462526341887264 1.718058482431918 1.7241944055834606 1.7119225592803755 1.6566992509164924 1.564660403643354 1.4910293258248433 1.4726215563702154 1.3867186322486196 1.3867186322486196 1.3928545554001621 1.4419419406125027 1.4051264017032472 1.368310862793992 
-57.5 -57.5 -57.0 -56.5 -56.5 -56.5 -56.5 -57.0 -57.0 -57.0 -57.0 -56.5 -56.5 -56.0 -55.5 -55.5 -54.5 -54.0 -51.0 -50.0 -50.0 -50.5 -50.5 -51.0 -51.0 -51.0 -50.5 -51.0 -51.0 -50.5 -51.0 -50.5 -50.0 -49.5 -50.5 -52.5 -53.0 -53.5 -55.0 -56.0 -56.5 -56.5 -56.5 -56.0 -56.5 -56.0 -56.5 
1.4971652489763858 1.5278448647340985 1.6014759425526093 1.533980787885641 1.533980787885641 1.564660403643354 1.5830681730979816 1.552388557340269 1.5401167110371838 1.5033011721279284 1.6260196351587797 1.576932249946439 1.5953400194010667 1.5155730184310134 1.552388557340269 1.6996507129772904 1.8407769454627694 2.012582793705961 1.9880391010997909 1.8714565612204823 1.8223691760081417 1.8837284075235674 1.9573594853420782 1.718058482431918 1.8653206380689396 1.9634954084936207 1.9144080232812801 1.8653206380689396 1.846912868614312 1.7732817907958012 1.8960002538266525 1.9082721001297376 1.8775924843720249 1.7732817907958012 1.8100973297050567 1.8775924843720249 1.8837284075235674 1.8346410223112268 1.761009944492716 1.7794177139473437 1.718058482431918 1.7119225592803755 1.6812429435226628 1.705786636128833 1.7119225592803755 1.7241944055834606 1.705786636128833 
-55.5 -55.5 -55.0 -55.0 -55.0 -55.5 -55.0 -55.0 -55.5 -55.5 -55.0 -55.0 -55.5 -55.5 -55.5 -54.5 -52.5 -52.0 -51.0 -51.5 -53.0 -54.0 -53.5 -54.5 -54.5 -54.0 -54.0 -53.5 -54.5 -54.5 -53.5 -54.0 -53.5 -53.0 -51.0 -51.0 -51.5 -54.0 -55.5 -56.0 -55.5 -55.5 -56.0 -56.0 -56.0 -56.0 -56.0 
5.473243451175968 5.411884219660542 5.516194913236766 5.418020142812084 5.436427912266712 5.381204603902829 5.460971604872882 5.405748296509 5.50392306693368 5.45483568172134 5.442563835418255 5.418020142812084 5.45483568172134 5.436427912266712 5.460971604872882 5.5100589900852235 5.405748296509 5.66959299202533 5.577554144752192 5.368932757599744 5.350524988145116 5.2768939103266055 5.178719139901925 4.957825906446392 4.9823695990525625 5.117359908386499 5.117359908386499 5.080544369477243 5.019185137961818 4.822835597112456 5.105088062083414 5.356660911296659 5.45483568172134 5.393476450205914 5.620505606812989 5.755495916146925 5.626641529964532 5.675728915176872 5.688000761479957 5.675728915176872 5.6941366846315 5.626641529964532 5.626641529964532 5.6573211457222445 5.626641529964532 5.688000761479957 5.602097837358362 
-59.5 -60.0 -60.5 -60.5 -60.0 -60.5 -60.5 -60.5 -60.5 -60.5 -60.0 -60.5 -60.0 -60.0 -59.5 -60.0 -60.0 -59.0 -57.0 -55.5 -57.0 -56.5 -56.5 -58.0 -58.0 -58.5 -58.0 -59.0 -58.5 -58.5 -56.5 -56.0 -56.0 -56.0 -55.5 -56.5 -58.0 -57.0 -57.0 -57.0 -57.0 -57.0 -57.0 -58.0 -57.5 -57.5 -57.5 
1.2640001692177683 1.1903690913992575 3.988350048502667 4.601942363656923 1.4173982480063325 1.282407938672396 4.23378697456437 1.2578642460662257 1.1903690913992575 2.110757564130642 5.203262832508095 5.712544454086128 5.6573211457222445 5.049864753719531 2.423689644859313 5.8475347634200645 5.786175531904639 5.534602682691394 5.884350302329319 5.6941366846315 5.651185222570702 5.424156065963627 5.712544454086128 5.399612373357457 5.460971604872882 5.7616318392984684 1.7794177139473437 4.914874444385594 5.553010452146021 5.4671075280244255 5.221670601962723 5.221670601962723 5.0682725231741586 1.6321555583103222 1.7671458676442586 1.7732817907958012 1.5707963267948966 
-74.0 -73.0 -71.5 -72.0 -73.5 -74.0 -71.0 -74.5 -74.0 -68.0 -64.0 -64.0 -63.0 -63.5 -74.5 -67.5 -64.5 -64.5 -66.5 -67.0 -66.0 -66.0 -65.0 -66.5 -65.0 -70.0 -69.0 -64.0 -62.5 -64.5 -65.5 -67.0 -70.5 -73.5 -72.5 -73.0 -72.5 
