2.6016314162540475 2.5157284921324514 2.650718801466388 2.6875343403756435 2.6445828783148455 2.5034566458293663 2.6016314162540475 2.724349879284899 2.6016314162540475 2.5832236467994196 2.5341362615870793 2.60776733940559 2.742757648739526 2.6384469551633027 2.6016314162540475 2.736621725587984 2.60776733940559 2.724349879284899 2.6998061866787286 3.399301425954581 3.1661363461959633 3.448388811166921 3.5342917352885173 3.3440781175906977 3.0250101137104846 2.9084275738311756 2.9697868053466014 2.9145634969827183 2.9636508821950587 3.0127382674073995 3.2336315008629315 3.5281558121369745 3.043417883165112 2.773437264497239 2.8654761117703775 3.018874190558942 3.3072625786814425 3.067961575771282 2.6813984172241008 2.736621725587984 2.6568547246179306 2.724349879284899 2.8409324191642074 2.8286605728611223 2.82252464970958 
-62.5 -62.5 -62.0 -62.5 -62.5 -62.0 -62.0 -63.5 -63.0 -63.0 -62.5 -63.0 -63.5 -63.5 -64.0 -64.0 -64.5 -66.5 -66.0 -66.0 -63.5 -66.0 -64.5 -63.0 -63.0 -63.5 -63.0 -63.5 -63.5 -63.5 -62.5 -65.0 -63.5 -62.5 -62.5 -61.0 -61.5 -65.0 -65.0 -64.0 -63.5 -64.0 -64.0 -63.0 -62.5 
2.12916533358527 2.1659808724945253 2.0923497946760143 2.1782527187976104 2.2027964114037806 2.1598449493429825 2.356194490192345 2.141437179888355 2.1230294104337273 2.098485717827557 2.1475731030398975 2.0493983326152168 2.1353012567368124 2.043262409463674 2.055534255766759 1.9757672547967058 1.9512235621905356 2.000310947402876 1.9819031779482483 2.405281875404685 2.3439226438892597 2.1475731030398975 2.6323110320117604 2.6016314162540475 2.834796496012665 2.5586799541932495 2.478912953223196 2.313243028131547 2.2948352586769194 2.448233337465483 2.337786720737717 2.5341362615870793 2.9145634969827183 2.8102528034064944 2.2027964114037806 1.9941750242513334 1.9512235621905356 2.1230294104337273 2.073942025221387 2.0800779483729293 1.9266798695843652 2.030990563160589 2.0923497946760143 1.9573594853420782 2.1353012567368124 
-63.0 -63.0 -64.0 -63.0 -62.5 -64.0 -64.0 -63.5 -63.5 -64.5 -64.5 -64.0 -63.5 -63.0 -64.0 -64.0 -63.5 -63.0 -62.0 -62.0 -61.0 -64.0 -64.0 -63.0 -62.5 -61.0 -62.0 -62.5 -62.0 -63.0 -62.0 -61.5 -65.5 -65.5 -65.5 -63.0 -62.0 -62.0 -62.5 -63.5 -62.5 -62.5 -63.0 -62.0 -61.5 
0.4908738521234052 0.4540583132141498 0.48473792897186263 0.4724660826687775 0.5092816215780329 0.5399612373357456 0.5154175447295755 0.5399612373357456 0.5522330836388308 0.5767767762450011 0.5951845456996288 0.5890486225480862 0.607456392002714 0.6688156235181395 0.6381360077604268 0.6381360077604268 0.7301748550335652 0.7424467013366504 0.7976700097005334 0.9756117810952678 0.9142525495798421 0.9203884727313847 1.1351457830353744 0.9387962421860124 0.7363107781851077 0.7669903939428205 0.8651651643675016 0.7853981633974483 0.7976700097005334 0.760854470791278 0.7976700097005334 0.7976700097005334 0.803805932852076 0.8344855486097889 1.012427320004523 1.0737865515199487 0.9019807032767571 0.8713010875190442 0.9572040116406401 0.8344855486097889 0.6810874698212247 0.6872233929727672 0.6688156235181395 0.7485826244881929 0.7485826244881929 0.7485826244881929 0.7547185476397354 
-51.0 -51.0 -51.0 -51.0 -50.5 -50.5 -50.5 -50.5 -50.5 -50.5 -50.5 -50.0 -50.5 -50.0 -50.0 -50.5 -50.5 -50.5 -51.0 -51.0 -51.0 -52.5 -51.5 -49.5 -50.5 -52.0 -51.5 -51.0 -51.0 -51.0 -51.5 -51.0 -51.5 -50.5 -50.0 -52.0 -51.5 -50.5 -49.5 -49.5 -49.5 -49.5 -49.5 -49.0 -49.0 -49.5 -49.5 
0.8897088569736719 0.7915340865489908 0.803805932852076 0.8774370106705868 0.8467573949128739 0.8897088569736719 0.8528933180644165 0.8835729338221293 0.8528933180644165 0.8897088569736719 0.8651651643675016 0.8467573949128739 0.859029241215959 0.8651651643675016 0.8774370106705868 0.9142525495798421 0.8835729338221293 0.8958447801252144 0.9387962421860124 1.0369710126106935 1.1596894756415448 1.3867186322486196 1.3621749396424494 1.1167380135807468 1.1167380135807468 1.1903690913992575 1.2087768608538851 1.1903690913992575 1.141281706186917 1.1228739367322893 1.1658253987930873 1.214912784005428 1.1965050145508 1.086058397823034 1.1658253987930873 1.4480778637640452 1.4664856332186729 1.41126232485479 1.239456476611598 1.0921943209745766 0.9878836273983529 0.9694758579437253 0.9572040116406401 0.9387962421860124 0.9142525495798421 0.8835729338221293 0.9633399347921826 
-53.5 -53.5 -53.0 -53.0 -53.0 -53.0 -52.5 -52.5 -52.5 -53.0 -52.5 -52.5 -52.5 -52.5 -52.5 -52.0 -52.0 -52.0 -52.0 -51.0 -51.0 -51.0 -50.0 -49.5 -50.0 -50.5 -50.0 -49.5 -49.5 -50.0 -49.5 -49.5 -50.5 -50.0 -49.0 -50.0 -51.5 -51.0 -51.0 -51.0 -51.5 -51.5 -51.5 -51.5 -51.0 -51.0 -51.0 
1.3621749396424494 1.3008157081270237 1.2701360923693108 1.2455923997631406 1.3069516312785663 1.3008157081270237 1.2885438618239387 1.2640001692177683 1.2517283229146832 1.1474176293384597 1.1965050145508 1.1965050145508 1.184233168247715 1.214912784005428 1.1903690913992575 1.227184630308513 1.227184630308513 1.2333205534600555 1.4726215563702154 1.718058482431918 1.7855536370988863 1.7241944055834606 1.509437095279471 1.368310862793992 1.380582709097077 1.4173982480063325 1.4542137869155878 1.4051264017032472 1.3437671701878218 1.3867186322486196 1.3499030933393643 1.4173982480063325 1.4480778637640452 1.3008157081270237 1.3744467859455345 1.5401167110371838 1.7978254834019713 1.8162332528565992 1.7548740213411735 1.6689710972195777 1.4787574795217582 1.4358060174609601 1.4051264017032472 1.3928545554001621 1.325359400733194 1.2885438618239387 1.3130875544301088 
-57.5 -57.5 -57.0 -57.0 -57.5 -57.0 -57.0 -57.0 -57.0 -57.0 -57.0 -56.5 -56.5 -56.5 -56.5 -56.5 -56.5 -55.5 -56.0 -54.5 -54.0 -50.5 -50.0 -50.0 -50.0 -50.5 -50.5 -51.0 -50.5 -51.0 -51.0 -50.5 -51.0 -50.5 -50.5 -50.0 -51.0 -52.5 -53.0 -54.5 -55.0 -54.5 -54.5 -54.0 -54.5 -54.5 -54.0 
1.7119225592803755 1.6873788666742053 1.6566992509164924 1.662835174068035 1.6505633277649499 1.718058482431918 1.6505633277649499 1.6996507129772904 1.6198837120072371 1.6505633277649499 1.6321555583103222 1.607611865704152 1.6444274046134073 1.6198837120072371 1.6382914814618648 1.564660403643354 1.6812429435226628 1.6689710972195777 1.6321555583103222 1.945087639038993 2.0371264863121317 2.000310947402876 1.7916895602504288 1.8653206380689396 1.9512235621905356 1.9389517158874505 1.9082721001297376 1.9205439464328227 1.8714565612204823 1.9634954084936207 1.902136176978195 1.8714565612204823 1.945087639038993 1.9757672547967058 1.9082721001297376 1.8346410223112268 2.0064468705544187 2.086213871524472 2.1046216409791 1.9389517158874505 1.8039614065535141 1.7978254834019713 1.8285050991596843 1.8039614065535141 1.7855536370988863 1.7978254834019713 1.8223691760081417 
-57.0 -57.0 -56.5 -57.0 -56.5 -56.5 -56.5 -56.0 -56.5 -56.0 -55.5 -56.0 -56.0 -55.5 -55.0 -55.0 -55.0 -55.0 -55.0 -53.5 -52.0 -51.0 -52.0 -53.0 -54.0 -53.5 -54.5 -55.0 -54.5 -54.0 -54.5 -54.5 -54.0 -54.0 -53.5 -52.5 -51.0 -50.5 -51.5 -53.5 -54.5 -53.5 -52.5 -52.5 -53.0 -52.5 -52.5 
5.608233760509904 5.663457068873787 5.577554144752192 5.675728915176872 5.681864838328415 5.602097837358362 5.64504929941916 5.632777453116074 5.626641529964532 5.749359992995383 5.64504929941916 5.620505606812989 5.6143696836614465 5.583690067903734 5.688000761479957 5.589825991055276 5.66959299202533 5.688000761479957 5.798447378207723 5.64504929941916 5.559146375297564 5.620505606812989 5.325981295538946 5.381204603902829 5.338253141842031 5.092816215780329 4.945554060143307 4.853515212870168 5.013049214810275 5.037592907416445 5.056000676871073 4.884194828627882 5.056000676871073 5.3198453723874035 5.4671075280244255 5.411884219660542 5.743224069843841 5.810719224510809 5.816855147662351 5.786175531904639 5.6573211457222445 5.663457068873787 5.589825991055276 5.534602682691394 5.522330836388308 5.436427912266712 5.534602682691394 
-58.0 -58.0 -58.0 -58.0 -58.0 -57.5 -58.0 -58.0 -58.5 -58.0 -58.5 -58.0 -58.5 -59.0 -59.0 -58.5 -58.5 -58.5 -59.0 -59.5 -59.0 -55.5 -56.5 -56.5 -56.0 -56.0 -57.5 -58.0 -58.5 -58.0 -59.0 -57.5 -56.0 -56.5 -56.0 -56.5 -55.0 -56.0 -57.5 -57.5 -57.5 -57.5 -58.0 -58.5 -58.5 -59.0 -58.5 
1.6198837120072371 1.509437095279471 1.4971652489763858 1.4664856332186729 1.4603497100671303 1.4910293258248433 1.509437095279471 1.423534171157875 4.405592822807561 4.76147636559703 1.5953400194010667 1.8100973297050567 5.092816215780329 5.448699758569798 5.356660911296659 5.117359908386499 5.608233760509904 5.724816300389213 5.64504929941916 5.540738605842936 5.5100589900852235 5.921165841238575 5.589825991055276 5.491651220630596 5.47937937432751 2.466641106920111 1.7241944055834606 5.178719139901925 5.497787143782138 5.583690067903734 5.442563835418255 5.037592907416445 5.062136600022616 5.049864753719531 4.798291904506286 5.252350217720435 5.006913291658733 4.9394181369917645 5.160311370447297 
-75.0 -73.5 -72.5 -72.5 -72.0 -71.5 -71.0 -70.0 -68.5 -67.0 -70.0 -69.5 -64.5 -64.5 -62.0 -62.5 -71.5 -66.0 -64.0 -64.0 -65.5 -66.5 -66.5 -66.0 -65.0 -66.0 -69.5 -62.5 -63.0 -63.5 -62.0 -64.0 -66.0 -65.0 -63.5 -63.5 -63.5 -63.5 -63.0 
