2.742757648739526 2.761165418194154 2.7550294950426117 2.8532042654672924 2.767301341345697 2.7857091108003242 2.7979809571034093 2.6139032625571326 2.7857091108003242 2.6813984172241008 2.718213956133356 2.718213956133356 2.5157284921324514 2.6813984172241008 2.5954954931025047 2.705942109830271 2.662990647769473 2.650718801466388 3.147728576741336 3.172272269347506 3.0495538063166547 2.988194574801229 3.485204350076177 3.399301425954581 3.1231848841351653 2.8102528034064944 2.9820586516496865 2.8777479580734626 2.9636508821950587 2.8777479580734626 2.859340188618835 3.055689729468197 3.227495577711389 3.2765829629237295 3.0372819600135696 2.9206994201342606 2.650718801466388 2.761165418194154 2.3193789512830896 2.337786720737717 2.742757648739526 2.748893571891069 2.5893595699509624 2.7550294950426117 2.6016314162540475 
-63.0 -62.5 -62.5 -61.5 -62.5 -62.0 -62.5 -62.0 -62.5 -62.5 -62.5 -63.0 -63.0 -62.5 -63.0 -63.0 -64.0 -64.5 -64.5 -60.5 -62.5 -65.5 -63.0 -64.0 -62.0 -61.5 -62.0 -62.0 -62.5 -61.5 -62.0 -61.5 -63.0 -63.5 -62.5 -63.0 -62.0 -62.0 -67.5 -66.5 -68.0 -67.5 -68.0 -66.5 -65.5 
2.1598449493429825 2.1966604882522383 2.184388641949153 2.227340104009951 2.2580197197676637 2.3746022596469727 2.4175537217077703 2.3316507975861747 2.3009711818284617 2.325514874434632 2.1966604882522383 2.184388641949153 2.1046216409791 2.227340104009951 2.1598449493429825 2.1537090261914402 2.116893487282185 2.110757564130642 2.3316507975861747 2.399145952253143 2.2150682577068657 2.4911847995262812 2.705942109830271 2.834796496012665 2.6261751088602177 2.521864415283994 2.5402721847386216 2.380738182798515 2.4911847995262812 2.509592568980909 2.6568547246179306 2.5157284921324514 3.000466421104314 3.018874190558942 3.074097498922825 3.043417883165112 2.3316507975861747 2.2396119503130363 1.9573594853420782 2.000310947402876 1.9880391010997909 1.9880391010997909 1.8530487917658545 1.8285050991596843 1.9512235621905356 2.0371264863121317 2.0064468705544187 
-63.0 -63.0 -63.0 -63.5 -63.0 -63.0 -63.0 -62.5 -62.0 -63.0 -63.0 -64.0 -63.5 -64.0 -63.0 -63.5 -63.0 -62.0 -62.5 -61.0 -62.5 -64.5 -63.0 -61.5 -61.0 -61.0 -61.0 -61.5 -62.0 -62.0 -60.5 -60.0 -60.0 -61.5 -63.0 -66.0 -65.0 -62.0 -61.5 -63.0 -63.0 -64.5 -64.0 -63.0 -64.0 -63.0 -63.0 
0.619728238305799 0.6381360077604268 0.607456392002714 0.5829126993965437 0.5890486225480862 0.5767767762450011 0.5338253141842031 0.5399612373357456 0.5031456984264903 0.5031456984264903 0.5031456984264903 0.5460971604872883 0.5031456984264903 0.47860200582032003 0.4724660826687775 0.5092816215780329 0.47860200582032003 0.5092816215780329 0.7301748550335652 0.8467573949128739 0.7485826244881929 0.8835729338221293 0.9694758579437253 0.7976700097005334 0.6504078540635119 0.7363107781851077 0.8099418560036186 0.7853981633974483 0.7731263170943632 0.760854470791278 0.7363107781851077 0.7240389318820226 0.7301748550335652 0.8099418560036186 1.0983302441261191 1.0062913968529805 0.760854470791278 0.8835729338221293 0.7240389318820226 0.5276893910326605 0.5154175447295755 0.521553467881118 0.5951845456996288 0.5522330836388308 0.6381360077604268 0.6810874698212247 0.662679700366597 
-49.0 -49.0 -49.5 -49.5 -49.0 -49.0 -49.0 -49.0 -49.5 -49.0 -49.5 -49.5 -49.5 -49.5 -49.5 -49.5 -49.5 -49.5 -50.0 -50.0 -52.5 -53.0 -50.5 -50.0 -51.0 -52.0 -51.5 -51.5 -51.5 -51.5 -51.5 -51.5 -51.5 -50.5 -51.0 -53.0 -52.5 -51.5 -52.5 -53.0 -53.0 -53.0 -52.5 -52.5 -52.5 -52.5 -52.0 
0.9019807032767571 0.8835729338221293 0.8344855486097889 0.859029241215959 0.8467573949128739 0.8160777791551611 0.859029241215959 0.8528933180644165 0.8651651643675016 0.8406214717613314 0.7792622402459057 0.7853981633974483 0.7792622402459057 0.7915340865489908 0.7792622402459057 0.7976700097005334 0.803805932852076 0.7792622402459057 0.9387962421860124 1.0492428589137786 1.2333205534600555 1.282407938672396 1.1780972450961724 1.0062913968529805 1.1044661672776617 1.1351457830353744 1.1719613219446299 1.1167380135807468 1.1290098598838318 1.1228739367322893 1.1658253987930873 1.1780972450961724 1.086058397823034 1.0492428589137786 1.1596894756415448 1.325359400733194 1.3130875544301088 1.239456476611598 1.030835089459151 0.9572040116406401 1.0185632431560658 0.944932165337555 0.8222137023067037 0.7792622402459057 0.8160777791551611 0.8651651643675016 0.8283496254582462 
-51.5 -51.5 -51.5 -52.0 -52.0 -52.0 -52.5 -52.0 -52.5 -52.5 -53.0 -52.5 -52.5 -53.0 -52.5 -53.0 -53.0 -53.0 -52.0 -51.0 -50.5 -50.0 -49.5 -50.0 -50.0 -50.5 -50.0 -50.0 -50.0 -50.0 -50.0 -50.5 -50.0 -49.5 -49.0 -49.0 -50.0 -50.5 -52.5 -53.5 -53.5 -53.5 -54.0 -53.5 -53.5 -53.0 -53.0 
1.2333205534600555 1.2333205534600555 1.239456476611598 1.2455923997631406 1.2026409377023426 1.184233168247715 1.214912784005428 1.227184630308513 1.2455923997631406 1.2333205534600555 1.1474176293384597 1.1474176293384597 1.1351457830353744 1.1228739367322893 1.1167380135807468 1.1351457830353744 1.1780972450961724 1.3069516312785663 1.5892040962495242 1.6751070203711202 1.6444274046134073 1.576932249946439 1.3499030933393643 1.2946797849754812 1.3008157081270237 1.3621749396424494 1.3928545554001621 1.41126232485479 1.3621749396424494 1.337631247036279 1.3560390164909069 1.3867186322486196 1.3192234775816514 1.2946797849754812 1.4358060174609601 1.6505633277649499 1.8162332528565992 1.846912868614312 1.7119225592803755 1.6873788666742053 1.6198837120072371 1.5830681730979816 1.4971652489763858 1.423534171157875 1.6198837120072371 1.564660403643354 1.5155730184310134 
-54.5 -54.5 -54.5 -55.0 -55.0 -55.0 -55.0 -55.0 -55.0 -55.0 -55.5 -55.5 -55.5 -55.5 -55.5 -55.0 -55.0 -55.5 -53.5 -52.5 -50.5 -50.5 -49.5 -50.0 -50.5 -50.5 -51.5 -51.5 -51.5 -51.5 -51.5 -51.0 -51.0 -50.5 -50.5 -49.5 -50.5 -52.0 -53.0 -54.0 -55.5 -55.0 -55.0 -55.0 -56.0 -56.5 -56.5 
1.7303303287350031 1.748738098189631 1.761009944492716 1.705786636128833 1.7426021750380885 1.7241944055834606 1.6505633277649499 1.6689710972195777 1.7119225592803755 1.6260196351587797 1.6321555583103222 1.6321555583103222 1.6014759425526093 1.607611865704152 1.6873788666742053 1.6137477888556946 1.6198837120072371 1.6260196351587797 1.8039614065535141 1.859184714917397 1.9205439464328227 1.8223691760081417 1.6996507129772904 1.8837284075235674 1.9205439464328227 1.9205439464328227 1.902136176978195 1.9389517158874505 1.9696313316451632 1.9757672547967058 1.9389517158874505 1.932815792735908 2.000310947402876 1.9082721001297376 1.859184714917397 1.9266798695843652 1.9082721001297376 1.945087639038993 1.8223691760081417 1.8530487917658545 1.859184714917397 1.8039614065535141 1.748738098189631 1.705786636128833 1.846912868614312 1.8714565612204823 1.7978254834019713 
-54.0 -54.0 -54.0 -54.0 -54.0 -54.5 -54.5 -54.5 -55.0 -55.0 -55.0 -55.5 -55.0 -55.0 -55.5 -55.5 -55.5 -56.5 -55.0 -53.0 -51.5 -51.5 -54.0 -54.5 -54.0 -54.0 -54.5 -54.5 -54.5 -54.5 -55.0 -55.0 -54.5 -55.0 -53.0 -52.5 -52.0 -52.0 -55.0 -56.5 -56.0 -55.5 -55.5 -55.0 -55.0 -54.5 -54.5 
5.534602682691394 5.589825991055276 5.45483568172134 5.491651220630596 5.4671075280244255 5.375068680751287 5.418020142812084 5.553010452146021 5.418020142812084 5.5100589900852235 5.5100589900852235 5.602097837358362 5.546874528994478 5.5714182216006485 5.50392306693368 5.5284667595398505 5.553010452146021 5.491651220630596 5.405748296509 5.589825991055276 5.485515297479052 5.301437602932776 5.252350217720435 5.190990986205009 4.988505522204105 5.0253210611133605 5.283029833478148 5.301437602932776 5.2768939103266055 5.117359908386499 5.080544369477243 5.1725832167503825 5.540738605842936 5.559146375297564 5.565282298449106 5.780039608753096 5.773903685601553 5.829126993965437 5.6941366846315 5.712544454086128 5.688000761479957 5.6143696836614465 5.553010452146021 5.559146375297564 5.681864838328415 5.6941366846315 
-59.0 -59.0 -59.0 -59.0 -58.5 -58.5 -58.5 -59.0 -59.0 -59.5 -59.0 -59.5 -59.0 -59.0 -59.5 -59.0 -59.0 -58.5 -59.0 -56.5 -56.0 -56.5 -56.0 -56.0 -57.0 -58.0 -58.0 -58.0 -58.0 -58.0 -57.5 -56.0 -56.0 -56.5 -56.0 -56.0 -56.5 -57.0 -57.0 -57.0 -57.5 -58.0 -58.5 -58.0 -58.5 -58.5 
4.767612288748572 4.755340442445488 4.749204519293945 4.822835597112456 4.792155981354743 4.743068596142402 4.693981210930062 5.049864753719531 4.921010367537137 5.105088062083414 1.7794177139473437 4.970097752749477 1.7916895602504288 4.884194828627882 4.988505522204105 5.098952138931871 5.970253226450915 5.209398755659637 5.221670601962723 5.620505606812989 5.301437602932776 2.509592568980909 5.47937937432751 5.602097837358362 5.4671075280244255 5.675728915176872 5.9088939949354895 5.638913376267617 5.448699758569798 5.356660911296659 5.602097837358362 5.93343768754166 2.0064468705544187 5.473243451175968 5.565282298449106 5.313709449235861 2.2764274892222915 5.45483568172134 5.749359992995383 5.540738605842936 5.730952223540755 5.577554144752192 5.325981295538946 5.160311370447297 
-65.5 -66.0 -66.5 -66.0 -66.5 -67.0 -67.0 -66.5 -68.0 -68.0 -69.5 -68.0 -69.5 -68.5 -69.0 -71.5 -69.0 -65.0 -63.0 -61.0 -61.0 -71.0 -63.0 -62.5 -63.5 -66.0 -66.0 -65.0 -65.5 -63.5 -62.5 -67.5 -65.0 -63.0 -64.0 -64.5 -68.0 -70.5 -70.0 -68.0 -67.0 -67.5 -68.0 -67.0 
