2.834796496012665 2.9820586516496865 2.6016314162540475 2.5770877236478773 2.8961557275280905 2.779573187648782 2.9820586516496865 2.816388726558037 5.988660995905543 2.8532042654672924 2.8961557275280905 2.9084275738311756 2.9084275738311756 3.031146036862027 3.08636934522591 3.160000423044421 3.227495577711389 3.2336315008629315 0.9878836273983529 3.6447383520162835 3.0372819600135696 2.043262409463674 2.552544031041707 2.730485802436441 0.2086213871524472 3.2397674240144743 6.1420590746941075 2.2212041808584084 2.337786720737717 2.8777479580734626 4.743068596142402 6.166602767300278 
-69.0 -68.5 -68.5 -67.5 -69.0 -67.0 -67.0 -68.5 -69.0 -68.0 -69.0 -69.0 -67.0 -67.0 -66.5 -64.5 -62.5 -64.5 -64.0 -61.5 -61.5 -63.5 -68.0 -69.5 -72.5 -69.0 -73.0 -71.0 -68.0 -67.0 -73.0 -73.5 
2.061670178918302 1.902136176978195 2.055534255766759 2.0493983326152168 1.932815792735908 1.3621749396424494 1.9819031779482483 1.8775924843720249 1.9696313316451632 1.945087639038993 1.9757672547967058 5.111223985234957 2.000310947402876 2.012582793705961 2.1046216409791 2.1537090261914402 2.313243028131547 5.393476450205914 4.828971520263998 4.779884135051658 6.166602767300278 3.2581751934691017 6.050020227420969 2.3930100291016 2.1353012567368124 1.9205439464328227 1.6137477888556946 1.7671458676442586 1.7916895602504288 1.932815792735908 2.172116795646068 2.380738182798515 1.2210487071569704 0.9756117810952678 1.0246991663076084 1.184233168247715 1.227184630308513 1.325359400733194 1.423534171157875 1.4542137869155878 1.4480778637640452 
-68.0 -66.0 -66.5 -67.5 -66.5 -67.0 -67.0 -66.0 -67.0 -66.5 -65.0 -67.5 -66.5 -67.5 -67.0 -67.0 -69.0 -73.0 -72.0 -71.0 -73.0 -63.0 -64.0 -63.0 -63.5 -64.0 -63.0 -62.5 -63.0 -62.5 -64.5 -69.5 -63.5 -63.0 -63.0 -63.0 -63.0 -61.0 -61.0 -61.0 -61.0 
0.8344855486097889 0.8713010875190442 0.8713010875190442 0.8897088569736719 0.8467573949128739 0.8344855486097889 0.8774370106705868 0.859029241215959 0.8651651643675016 0.8467573949128739 0.8406214717613314 0.8406214717613314 0.8406214717613314 0.8528933180644165 0.8713010875190442 0.8528933180644165 0.8713010875190442 0.8835729338221293 0.9203884727313847 0.7424467013366504 0.8467573949128739 0.9019807032767571 1.0062913968529805 1.0737865515199487 1.1351457830353744 1.1228739367322893 1.1351457830353744 1.0246991663076084 0.9572040116406401 0.9817477042468103 1.000155473701438 1.0062913968529805 1.0369710126106935 1.086058397823034 1.184233168247715 1.0369710126106935 0.9817477042468103 1.1780972450961724 1.141281706186917 1.1596894756415448 1.2026409377023426 1.239456476611598 1.2701360923693108 1.2455923997631406 
-49.5 -49.0 -49.0 -49.0 -49.0 -49.0 -49.0 -49.0 -49.0 -49.0 -49.0 -49.0 -49.0 -49.0 -49.0 -49.0 -48.5 -48.5 -48.5 -48.5 -48.5 -49.0 -49.5 -50.0 -50.0 -50.5 -50.0 -50.0 -51.0 -52.0 -52.5 -52.5 -52.0 -51.5 -52.5 -52.0 -49.5 -49.5 -49.5 -48.5 -49.0 -49.5 -50.0 -50.0 
0.9541360500648688 0.9817477042468103 0.9940195505498954 1.000155473701438 0.9326603190344698 1.012427320004523 1.0062913968529805 0.9694758579437253 1.0185632431560658 0.9694758579437253 0.9572040116406401 0.9940195505498954 0.9572040116406401 0.9878836273983529 0.9694758579437253 0.9572040116406401 0.9019807032767571 0.9326603190344698 0.9387962421860124 0.9203884727313847 1.0185632431560658 1.0185632431560658 0.8651651643675016 1.055378782065321 1.141281706186917 1.2026409377023426 1.2026409377023426 1.41126232485479 1.4848934026733007 1.41126232485479 1.3867186322486196 1.368310862793992 1.4051264017032472 1.4726215563702154 1.5278448647340985 1.41126232485479 1.5033011721279284 1.3560390164909069 1.3008157081270237 1.1719613219446299 1.055378782065321 1.0369710126106935 1.0615147052168636 1.055378782065321 1.1965050145508 1.1965050145508 
-52.0 -51.5 -51.5 -51.5 -52.0 -52.0 -51.5 -51.5 -51.5 -51.5 -52.0 -51.5 -51.5 -51.5 -51.5 -51.5 -51.5 -51.0 -51.0 -51.0 -51.0 -51.0 -52.0 -50.5 -50.0 -49.5 -51.5 -50.5 -50.5 -50.0 -50.0 -50.0 -50.5 -51.0 -51.5 -50.5 -52.0 -51.0 -51.5 -51.5 -50.5 -50.5 -50.5 -50.5 -50.5 -50.5 
1.359106978066678 1.380582709097077 1.380582709097077 1.368310862793992 1.3560390164909069 1.3437671701878218 1.380582709097077 1.3744467859455345 1.368310862793992 1.368310862793992 1.3560390164909069 1.3437671701878218 1.3744467859455345 1.368310862793992 1.368310862793992 1.368310862793992 1.325359400733194 1.3069516312785663 1.2578642460662257 1.214912784005428 1.1596894756415448 1.1719613219446299 1.1596894756415448 1.4848934026733007 1.736466251886546 1.7241944055834606 1.6014759425526093 1.7241944055834606 1.748738098189631 1.8714565612204823 1.932815792735908 1.945087639038993 1.9696313316451632 2.061670178918302 2.086213871524472 1.945087639038993 1.8960002538266525 2.000310947402876 2.067806102069844 1.9573594853420782 1.6444274046134073 1.4787574795217582 1.4726215563702154 1.5585244804918115 1.6260196351587797 1.6444274046134073 
-48.5 -48.0 -48.0 -48.0 -48.0 -48.5 -48.5 -48.5 -48.0 -48.5 -48.5 -48.0 -48.0 -48.0 -48.5 -48.5 -48.0 -48.5 -48.5 -48.5 -48.5 -49.0 -50.5 -50.5 -48.5 -47.5 -48.5 -49.5 -50.5 -50.5 -49.5 -49.5 -50.5 -51.0 -52.0 -51.5 -49.0 -49.5 -51.0 -51.5 -53.0 -52.5 -50.0 -49.5 -49.0 -49.0 
1.6536312893407212 1.662835174068035 1.662835174068035 1.6812429435226628 1.662835174068035 1.6321555583103222 1.6812429435226628 1.6935147898257479 1.6935147898257479 1.5953400194010667 1.607611865704152 1.6689710972195777 1.6812429435226628 1.662835174068035 1.6812429435226628 1.705786636128833 1.564660403643354 1.607611865704152 1.564660403643354 1.552388557340269 1.5707963267948966 1.4726215563702154 1.5155730184310134 1.7732817907958012 2.061670178918302 1.9880391010997909 2.0800779483729293 2.055534255766759 2.110757564130642 2.1353012567368124 2.2150682577068657 2.270291566070749 2.3439226438892597 2.386874105950058 2.2886993355253766 2.380738182798515 2.1659808724945253 2.350058567040802 2.429825568010856 2.110757564130642 1.8162332528565992 1.7671458676442586 1.7671458676442586 1.8530487917658545 1.9082721001297376 1.9205439464328227 
-53.5 -53.5 -53.0 -53.0 -53.5 -53.0 -53.5 -53.0 -53.5 -53.0 -53.5 -53.5 -53.5 -53.5 -53.0 -53.0 -53.0 -53.5 -53.0 -52.5 -52.5 -53.5 -54.5 -53.0 -51.5 -51.0 -52.0 -51.5 -51.0 -51.5 -53.0 -52.5 -52.5 -53.5 -52.5 -52.5 -52.5 -51.0 -53.0 -55.5 -54.5 -53.0 -51.5 -50.5 -49.5 -50.0 
4.16322385832163 4.239922897715912 4.135612204139688 4.2031073588066565 4.104932588381976 4.09266074207889 4.276738436625168 4.104932588381976 4.123340357836604 4.1172044346850605 0.9817477042468103 4.178563666200486 4.0558452031696355 4.09266074207889 4.1417481272912315 4.1172044346850605 4.276738436625168 3.9699422790480394 3.9269908169872414 4.301282129231338 4.166291819897402 3.6692820446224537 5.3627968344482015 5.9518454569962875 5.798447378207723 5.325981295538946 5.8659425328746915 5.822991070813893 6.086835766330224 5.945709533844745 5.792311455056181 5.816855147662351 5.939573610693203 6.056156150572511 6.050020227420969 5.442563835418255 6.12365130523948 0.16566992509164924 6.056156150572511 5.64504929941916 4.546719055293041 4.09266074207889 4.516039439535327 4.608078286808466 4.522175362686871 
-62.0 -60.5 -61.0 -61.5 -61.0 -61.5 -61.0 -61.5 -61.5 -61.5 -61.5 -61.5 -62.0 -61.0 -61.5 -61.0 -61.0 -62.0 -62.0 -62.0 -62.0 -62.5 -69.0 -60.0 -57.5 -59.5 -59.5 -60.5 -59.0 -59.0 -60.5 -60.5 -60.0 -59.5 -61.0 -59.0 -57.5 -59.5 -63.0 -69.5 -69.5 -67.0 -64.5 -63.5 -63.5 
2.3009711818284617 2.313243028131547 2.2212041808584084 2.1598449493429825 2.141437179888355 2.073942025221387 5.117359908386499 5.66959299202533 6.0991076126333095 6.013204688511713 5.878214379177777 5.651185222570702 0.35588354278946877 6.086835766330224 0.19634954084936207 0.5092816215780329 0.09203884727313846 0.07976700097005335 0.12885438618239387 0.5338253141842031 0.9572040116406401 0.2638446955163303 0.6320000846088841 6.22182607566416 0.1043106935762236 5.540738605842936 5.602097837358362 5.3627968344482015 
-75.0 -75.5 -76.0 -71.5 -68.5 -66.0 -64.5 -70.5 -66.5 -62.5 -58.0 -57.5 -64.0 -58.5 -64.0 -61.0 -61.0 -61.5 -62.5 -63.0 -65.0 -67.0 -66.0 -60.5 -62.5 -63.5 -62.0 -61.5 
