3.2581751934691017 3.423845118560751 3.1784081924990484 3.2949907323783574 3.3011266555298997 3.141592653589793 3.3195344249845276 3.2765829629237295 3.5711072741977725 3.436116964863836 0.30066023442558565 3.184544115650591 3.2090878082567613 0.14726215563702155 3.761320891895592 2.9759227284981438 2.2764274892222915 2.2948352586769194 6.22182607566416 0.0 6.080699843178682 2.6139032625571326 2.442097414313941 6.02854449639057 2.9084275738311756 6.013204688511713 2.9391071895888885 2.9329712664373457 2.7857091108003242 2.7120780329818137 2.773437264497239 2.761165418194154 2.7857091108003242 
-66.0 -66.0 -67.5 -67.0 -66.5 -66.5 -65.0 -67.0 -66.5 -65.5 -66.5 -66.0 -65.0 -66.5 -62.0 -62.5 -67.5 -68.5 -74.0 -73.5 -73.0 -70.0 -66.5 -66.5 -63.5 -72.0 -68.0 -68.0 -68.5 -68.0 -67.5 -69.0 -68.0 
1.5033011721279284 1.4910293258248433 1.521708941582556 1.5585244804918115 1.5707963267948966 1.5830681730979816 1.509437095279471 1.5892040962495242 1.6382914814618648 1.7732817907958012 1.6996507129772904 1.6689710972195777 1.6260196351587797 1.6260196351587797 1.6444274046134073 4.8259035586882275 2.1966604882522383 1.6873788666742053 1.7303303287350031 1.7916895602504288 1.8960002538266525 1.88986433067511 2.4850488763747385 5.887418263905091 1.4787574795217582 1.4419419406125027 1.4542137869155878 1.337631247036279 1.3499030933393643 1.380582709097077 1.3744467859455345 1.3867186322486196 1.41126232485479 
-62.5 -61.5 -62.5 -62.0 -61.5 -62.0 -61.5 -63.0 -62.5 -62.5 -63.0 -62.5 -62.5 -63.5 -64.0 -65.5 -63.0 -63.5 -62.5 -62.0 -62.0 -63.5 -64.0 -67.5 -63.5 -63.5 -64.0 -64.0 -63.0 -63.0 -64.0 -63.5 -64.0 
1.1719613219446299 1.1965050145508 1.227184630308513 1.1719613219446299 1.1903690913992575 1.2210487071569704 1.2087768608538851 1.1965050145508 1.2026409377023426 1.1474176293384597 1.1290098598838318 1.1780972450961724 1.1228739367322893 1.1167380135807468 1.0983302441261191 1.064582666792635 1.0676506283684062 1.012427320004523 0.9633399347921826 1.1474176293384597 1.1596894756415448 1.1290098598838318 1.086058397823034 1.012427320004523 1.0369710126106935 0.9940195505498954 0.9878836273983529 0.9817477042468103 1.1474176293384597 1.2302525918842842 1.239456476611598 0.9817477042468103 0.9572040116406401 0.9940195505498954 0.8713010875190442 0.8835729338221293 0.8651651643675016 0.9572040116406401 0.944932165337555 0.944932165337555 0.9572040116406401 0.9265243958829272 0.9694758579437253 
-49.0 -49.0 -49.0 -49.5 -49.5 -49.0 -49.0 -49.0 -49.5 -49.0 -49.0 -49.0 -49.0 -49.0 -48.5 -48.5 -48.5 -48.5 -50.5 -51.0 -51.0 -50.5 -50.5 -51.5 -52.0 -52.5 -52.5 -51.5 -51.0 -51.5 -51.5 -51.0 -50.0 -49.5 -49.5 -49.5 -49.5 -48.5 -48.5 -48.5 -48.5 -48.5 -48.5 
1.1535535524900022 1.1290098598838318 1.141281706186917 1.1719613219446299 1.1351457830353744 1.141281706186917 1.1290098598838318 1.1474176293384597 1.1351457830353744 1.141281706186917 1.1106020904292042 1.1290098598838318 1.086058397823034 1.1106020904292042 1.0676506283684062 1.009359358428752 1.012427320004523 1.2026409377023426 1.3314953238847365 1.3560390164909069 1.4296700943094176 1.4296700943094176 1.4971652489763858 1.4848934026733007 1.4480778637640452 1.4358060174609601 1.4296700943094176 1.521708941582556 1.4664856332186729 1.5155730184310134 1.5707963267948966 1.3989904785517047 1.3928545554001621 1.3069516312785663 1.2210487071569704 1.1228739367322893 1.0921943209745766 1.0492428589137786 1.0983302441261191 1.0799224746714913 1.086058397823034 1.086058397823034 1.0983302441261191 
-50.0 -50.0 -50.0 -50.0 -49.5 -50.0 -49.5 -49.5 -49.5 -50.0 -50.0 -50.0 -50.0 -49.5 -50.0 -50.5 -51.0 -50.5 -50.5 -51.5 -50.0 -50.5 -50.5 -50.5 -51.0 -51.0 -51.0 -51.0 -50.5 -50.0 -51.5 -51.5 -52.0 -52.5 -52.5 -52.5 -52.0 -52.0 -51.5 -51.0 -51.0 -51.5 -51.5 
1.6751070203711202 1.6321555583103222 1.6812429435226628 1.6873788666742053 1.7119225592803755 1.6198837120072371 1.6996507129772904 1.6751070203711202 1.6812429435226628 1.6505633277649499 1.662835174068035 1.6260196351587797 1.5892040962495242 1.5707963267948966 1.509437095279471 4.586602555778067 1.6014759425526093 1.8714565612204823 1.88986433067511 1.736466251886546 1.6137477888556946 1.7671458676442586 1.8960002538266525 2.030990563160589 1.9941750242513334 2.012582793705961 2.024854640009046 2.024854640009046 1.8162332528565992 1.782485675523115 1.9389517158874505 1.9696313316451632 1.9880391010997909 1.705786636128833 1.423534171157875 1.337631247036279 1.3008157081270237 1.3130875544301088 1.3192234775816514 1.325359400733194 1.3008157081270237 1.337631247036279 1.2885438618239387 
-50.0 -49.5 -49.5 -50.0 -49.5 -49.5 -49.5 -50.0 -50.0 -49.5 -50.0 -49.5 -50.0 -50.0 -50.0 -51.0 -52.0 -49.5 -48.0 -48.0 -49.5 -50.0 -51.5 -50.0 -50.0 -50.0 -50.5 -51.5 -51.0 -50.0 -48.0 -49.0 -51.0 -53.0 -53.5 -52.0 -50.5 -49.5 -50.0 -50.5 -50.0 -50.5 -50.5 
1.9082721001297376 1.9082721001297376 1.9082721001297376 1.9082721001297376 1.9389517158874505 1.9696313316451632 1.9634954084936207 1.9144080232812801 1.932815792735908 1.9144080232812801 1.8775924843720249 1.8960002538266525 1.8837284075235674 1.8775924843720249 1.846912868614312 1.727262367159232 1.859184714917397 2.2518837966161214 2.1966604882522383 2.030990563160589 2.1659808724945253 2.1537090261914402 2.1782527187976104 2.3009711818284617 2.3439226438892597 2.3009711818284617 2.36846633649543 2.337786720737717 2.2518837966161214 2.3316507975861747 2.0800779483729293 2.270291566070749 2.227340104009951 2.12916533358527 1.9266798695843652 1.8162332528565992 1.7978254834019713 1.6935147898257479 1.761009944492716 1.7303303287350031 1.7303303287350031 1.6751070203711202 1.7426021750380885 
-51.5 -51.0 -51.0 -51.0 -51.0 -51.0 -51.0 -51.5 -51.0 -51.0 -51.0 -51.5 -51.5 -51.0 -51.5 -53.0 -54.0 -52.5 -51.0 -53.0 -52.0 -51.5 -52.0 -52.5 -52.5 -53.0 -53.0 -53.5 -51.5 -53.0 -52.0 -51.5 -52.5 -56.0 -57.0 -55.0 -55.0 -54.0 -54.5 -54.0 -54.0 -54.0 -54.5 
4.374913207049849 4.344233591292136 4.301282129231338 4.95168998329485 4.460816131171445 4.73693267299086 4.405592822807561 4.76147636559703 4.25833066717054 4.3933209765044765 4.381049130201391 4.466952054322987 4.172427743048944 4.344233591292136 4.7307967498393175 4.399456899656019 4.448544284868359 5.945709533844745 6.12365130523948 6.000932842208628 5.270757987175063 5.626641529964532 5.755495916146925 6.050020227420969 6.037748381117884 5.896622148632405 5.835262917116979 5.884350302329319 5.964117303299373 5.755495916146925 5.577554144752192 5.4671075280244255 0.01227184630308513 0.07363107781851078 6.17273869045182 5.767767762450011 5.5714182216006485 5.393476450205914 4.9823695990525625 4.8351074434155406 4.896466674930966 5.344389064993574 4.841243366567084 
-63.5 -63.5 -64.0 -64.0 -64.0 -63.5 -63.5 -63.5 -64.0 -64.0 -63.5 -64.0 -64.0 -64.5 -64.0 -64.5 -68.5 -65.0 -62.5 -57.5 -59.0 -60.5 -61.0 -60.0 -58.5 -59.0 -60.0 -59.5 -58.5 -61.0 -61.5 -57.5 -57.5 -59.5 -63.0 -67.5 -67.0 -68.0 -67.0 -69.0 -68.5 -68.0 -67.0 
5.4671075280244255 5.43029198911517 5.473243451175968 5.405748296509 5.485515297479052 5.442563835418255 5.608233760509904 5.092816215780329 5.473243451175968 5.405748296509 5.393476450205914 5.350524988145116 5.5100589900852235 5.3198453723874035 5.393476450205914 6.258641614573416 5.767767762450011 0.28225246497095796 6.160466844148735 0.5399612373357456 0.6504078540635119 0.37429131224409645 0.06135923151542565 0.12885438618239387 0.07976700097005335 0.5338253141842031 0.3865631585471816 0.19941750242513334 2.705942109830271 6.043884304269426 0.14726215563702155 0.5645049299419159 4.411728745959104 0.0 
-65.0 -63.0 -64.5 -64.0 -65.0 -65.0 -64.5 -65.0 -64.5 -64.0 -65.5 -65.0 -65.5 -65.5 -66.5 -59.5 -59.5 -62.5 -60.5 -66.0 -63.5 -61.0 -61.0 -62.0 -61.0 -63.0 -67.0 -64.0 -65.0 -59.5 -62.0 -67.5 -74.5 -77.5 
