0.2086213871524472 3.2704470397721868 3.411573272257666 3.2029518851052186 0.2086213871524472 3.380893656499953 3.2029518851052186 3.650874275167826 3.2827188860752723 3.1784081924990484 3.2643111166206444 3.3379421944391554 3.5588354278946874 2.791845033951867 3.098641191528995 2.988194574801229 0.15033011721279282 3.5036121195308043 2.748893571891069 2.4727770300716534 2.521864415283994 2.405281875404685 2.5709518004963345 2.804116880254952 2.5954954931025047 2.4727770300716534 5.792311455056181 2.5280003384355365 2.75196153346684 3.104777114680538 3.442252888015379 2.9145634969827183 3.147728576741336 2.8102528034064944 2.767301341345697 3.0066023442558567 2.9575149590435164 2.730485802436441 2.767301341345697 2.6200391857086753 
-68.5 -68.0 -67.0 -68.0 -68.0 -67.5 -67.0 -67.0 -66.5 -66.0 -66.5 -65.5 -66.5 -67.0 -65.5 -64.5 -66.5 -65.0 -64.0 -66.0 -66.0 -67.0 -67.5 -68.0 -66.5 -67.5 -67.0 -64.0 -64.5 -64.5 -68.0 -69.5 -68.0 -67.0 -67.5 -67.0 -67.0 -68.5 -67.5 -66.5 
1.5830681730979816 1.5401167110371838 1.5830681730979816 1.5707963267948966 1.5953400194010667 1.552388557340269 1.662835174068035 1.6321555583103222 1.4542137869155878 1.6137477888556946 1.2946797849754812 1.576932249946439 1.5707963267948966 1.705786636128833 1.718058482431918 1.4910293258248433 1.5278448647340985 4.583534594202296 1.4419419406125027 1.7916895602504288 5.4671075280244255 2.172116795646068 1.9389517158874505 2.024854640009046 1.9696313316451632 2.0371264863121317 2.024854640009046 2.2518837966161214 2.2334760271614935 1.9880391010997909 1.6321555583103222 1.586136134673753 1.4848934026733007 1.6873788666742053 1.6935147898257479 1.6260196351587797 1.6505633277649499 1.6198837120072371 1.6996507129772904 1.5830681730979816 1.662835174068035 1.5953400194010667 1.576932249946439 
-61.0 -61.5 -62.0 -62.0 -61.0 -62.5 -62.5 -63.0 -62.5 -62.0 -62.0 -62.0 -62.0 -62.5 -62.0 -62.0 -62.5 -63.5 -61.5 -64.5 -65.0 -61.0 -60.0 -59.5 -59.5 -59.0 -59.5 -59.5 -62.5 -64.0 -62.0 -61.5 -60.5 -60.5 -60.5 -61.5 -61.5 -61.5 -62.5 -63.5 -63.0 -63.0 -62.5 
1.227184630308513 1.282407938672396 1.2333205534600555 1.214912784005428 1.2210487071569704 1.1903690913992575 1.2026409377023426 1.184233168247715 1.1167380135807468 1.1228739367322893 1.1474176293384597 1.1228739367322893 1.0615147052168636 1.1106020904292042 1.0921943209745766 1.0369710126106935 1.0615147052168636 1.055378782065321 1.0185632431560658 0.9756117810952678 1.1167380135807468 1.2026409377023426 1.0369710126106935 1.012427320004523 0.9326603190344698 0.8160777791551611 0.8528933180644165 0.8467573949128739 0.8835729338221293 0.8958447801252144 1.000155473701438 1.239456476611598 1.1044661672776617 0.8068738944278473 0.8467573949128739 0.9265243958829272 0.859029241215959 0.8651651643675016 0.8467573949128739 0.8897088569736719 0.8774370106705868 0.8651651643675016 0.8467573949128739 0.8651651643675016 0.8344855486097889 
-49.0 -49.0 -49.0 -49.0 -48.5 -48.5 -48.5 -48.5 -48.5 -48.5 -48.5 -48.5 -48.5 -48.5 -48.5 -48.0 -48.5 -48.5 -49.5 -50.0 -53.0 -52.5 -52.0 -53.5 -55.0 -56.0 -56.0 -56.5 -55.5 -55.0 -53.0 -53.0 -56.0 -54.0 -51.5 -49.5 -49.0 -48.5 -48.5 -48.5 -48.5 -48.5 -48.5 -48.5 -48.0 
1.214912784005428 1.1903690913992575 1.2333205534600555 1.1903690913992575 1.1780972450961724 1.1719613219446299 1.1535535524900022 1.1965050145508 1.1167380135807468 1.1290098598838318 1.141281706186917 1.1474176293384597 1.184233168247715 1.1351457830353744 1.1290098598838318 1.1228739367322893 1.0032234352772094 1.0615147052168636 1.1474176293384597 1.2640001692177683 1.380582709097077 1.4603497100671303 1.337631247036279 1.41126232485479 1.4051264017032472 1.3499030933393643 1.227184630308513 1.2517283229146832 1.4296700943094176 1.533980787885641 1.2578642460662257 1.4173982480063325 1.5462526341887264 4.577398671050753 1.3069516312785663 1.1596894756415448 1.086058397823034 1.0492428589137786 1.0369710126106935 1.012427320004523 1.0185632431560658 1.030835089459151 1.012427320004523 0.9572040116406401 1.030835089459151 
-49.5 -50.0 -50.0 -50.0 -50.0 -50.0 -50.0 -50.0 -50.0 -50.0 -50.0 -50.0 -50.0 -50.0 -50.0 -50.5 -51.0 -51.0 -51.0 -51.0 -52.0 -51.5 -52.0 -52.5 -52.5 -52.0 -52.0 -52.0 -52.0 -53.0 -52.0 -51.0 -53.5 -53.5 -53.5 -52.5 -52.0 -51.5 -51.5 -51.0 -51.5 -51.5 -51.5 -51.5 -51.5 
1.6321555583103222 1.5953400194010667 1.5830681730979816 1.576932249946439 1.5155730184310134 1.533980787885641 1.5155730184310134 1.533980787885641 1.521708941582556 1.5155730184310134 1.4910293258248433 1.4971652489763858 1.4419419406125027 1.4480778637640452 1.5033011721279284 1.4726215563702154 1.5033011721279284 1.6812429435226628 1.9512235621905356 1.9512235621905356 1.945087639038993 1.8285050991596843 1.9757672547967058 2.1659808724945253 2.227340104009951 2.172116795646068 2.1659808724945253 2.2089323345553233 2.1537090261914402 2.282563412373834 2.018718716857504 1.8407769454627694 2.141437179888355 2.270291566070749 2.2457478734645786 1.9696313316451632 1.5585244804918115 1.4848934026733007 1.3989904785517047 1.2946797849754812 1.2640001692177683 1.239456476611598 1.2210487071569704 1.239456476611598 1.2946797849754812 
-50.0 -50.5 -50.0 -50.5 -50.5 -50.5 -50.0 -50.5 -50.5 -50.5 -50.5 -50.5 -50.5 -50.0 -50.0 -50.5 -51.5 -51.5 -49.0 -49.0 -48.0 -50.0 -52.5 -55.0 -54.5 -54.5 -55.0 -55.5 -55.0 -55.0 -54.5 -53.0 -49.0 -51.0 -53.0 -54.5 -53.5 -53.0 -51.5 -51.5 -51.5 -51.5 -51.0 -51.0 -52.0 
1.9205439464328227 1.9082721001297376 1.88986433067511 1.88986433067511 1.8837284075235674 1.8653206380689396 1.88986433067511 1.8530487917658545 1.846912868614312 1.859184714917397 1.8407769454627694 1.8775924843720249 1.8775924843720249 1.8775924843720249 1.846912868614312 1.859184714917397 1.7947575218262002 1.8775924843720249 2.3439226438892597 2.4175537217077703 2.2580197197676637 2.399145952253143 2.4727770300716534 2.411417798556228 2.411417798556228 2.497320722677824 2.5034566458293663 2.497320722677824 2.435961491162398 2.411417798556228 2.497320722677824 2.552544031041707 2.3439226438892597 2.521864415283994 2.5402721847386216 2.2580197197676637 1.9205439464328227 1.8162332528565992 1.8039614065535141 1.7916895602504288 1.718058482431918 1.6873788666742053 1.705786636128833 1.6812429435226628 1.6996507129772904 
-50.5 -51.0 -51.0 -50.5 -51.0 -51.0 -51.0 -51.0 -51.0 -51.0 -51.0 -51.0 -51.0 -51.0 -51.0 -51.5 -53.5 -54.0 -53.5 -53.0 -53.5 -54.0 -53.5 -54.5 -56.0 -55.5 -55.0 -55.0 -56.0 -55.5 -54.0 -54.5 -53.0 -53.0 -55.5 -57.0 -56.0 -55.0 -54.5 -54.0 -54.5 -54.5 -54.5 -54.5 -55.0 
4.988505522204105 4.8351074434155406 5.031456984264903 4.9823695990525625 5.006913291658733 4.933282213840222 5.325981295538946 5.301437602932776 4.970097752749477 5.129631754689584 5.240078371417351 4.865787059173254 5.0253210611133605 4.933282213840222 4.914874444385594 5.190990986205009 5.8045833013592665 6.086835766330224 6.14819499784565 6.12365130523948 5.50392306693368 6.019340611663256 6.031612457966341 5.964117303299373 6.019340611663256 6.013204688511713 5.957981380147831 5.994796919057086 5.896622148632405 5.5714182216006485 5.8045833013592665 6.273981422452272 0.0674951546669682 6.1850105367549055 6.007068765360171 5.755495916146925 5.540738605842936 5.246214294568893 5.3198453723874035 5.270757987175063 5.2768939103266055 5.387340527054372 
-64.5 -65.0 -64.5 -65.0 -64.0 -65.0 -65.0 -65.5 -64.5 -65.5 -65.0 -65.0 -65.0 -65.5 -65.5 -66.5 -64.5 -62.0 -60.0 -58.0 -59.0 -62.0 -61.0 -62.0 -63.0 -62.5 -61.0 -61.0 -62.0 -63.0 -57.0 -58.5 -59.0 -61.5 -63.0 -63.0 -65.0 -64.5 -64.5 -64.5 -64.0 -63.5 
5.663457068873787 5.4671075280244255 5.368932757599744 5.338253141842031 5.460971604872882 5.442563835418255 5.663457068873787 5.424156065963627 5.411884219660542 5.565282298449106 5.491651220630596 5.338253141842031 5.436427912266712 5.540738605842936 5.553010452146021 5.767767762450011 3.2765829629237295 0.11044661672776616 6.240233845118788 1.043106935762236 0.5890486225480862 0.619728238305799 1.214912784005428 0.9019807032767571 0.2638446955163303 0.2761165418194154 0.2638446955163303 0.9326603190344698 1.0062913968529805 3.6140587362585705 6.037748381117884 0.6320000846088841 4.669437518323892 
-63.5 -64.0 -63.0 -63.5 -64.0 -63.5 -64.0 -62.5 -63.0 -64.0 -63.5 -64.5 -63.0 -64.0 -65.5 -70.0 -64.5 -61.5 -60.5 -67.0 -63.0 -69.5 -69.5 -67.0 -67.0 -67.5 -68.0 -68.5 -69.5 -75.5 -69.0 -69.0 -81.0 
