3.1968159619536762 2.9820586516496865 3.0925052683774528 3.06182565261974 3.117048960983623 3.031146036862027 2.9636508821950587 2.9145634969827183 3.0127382674073995 2.9759227284981438 3.0495538063166547 3.184544115650591 3.018874190558942 3.11091303783208 2.7550294950426117 0.760854470791278 3.9822141253511245 3.5158839658338894 3.000466421104314 2.454369260617026 2.0923497946760143 2.466641106920111 2.3009711818284617 2.730485802436441 2.5893595699509624 2.3623304133438876 2.6261751088602177 2.82252464970958 2.6200391857086753 2.6568547246179306 6.050020227420969 2.8654761117703775 5.939573610693203 2.521864415283994 2.5770877236478773 2.6813984172241008 2.779573187648782 2.8777479580734626 3.06182565261974 
-64.5 -65.0 -65.5 -65.0 -65.0 -65.5 -65.0 -65.5 -66.0 -66.0 -63.5 -66.0 -65.5 -66.0 -65.5 -69.0 -67.0 -62.5 -63.0 -64.5 -65.5 -68.0 -69.5 -68.5 -68.0 -67.0 -67.0 -69.0 -68.0 -66.0 -63.5 -63.0 -70.0 -69.0 -68.5 -69.5 -69.5 -69.5 -69.0 
1.5953400194010667 1.6321555583103222 1.3928545554001621 1.6873788666742053 1.6014759425526093 1.5401167110371838 1.564660403643354 1.509437095279471 1.6137477888556946 1.4910293258248433 1.5462526341887264 1.6321555583103222 1.5155730184310134 1.521708941582556 1.4419419406125027 1.4848934026733007 1.3560390164909069 1.2087768608538851 1.2026409377023426 2.227340104009951 2.1475731030398975 2.116893487282185 2.012582793705961 1.945087639038993 2.018718716857504 1.9573594853420782 1.9819031779482483 2.086213871524472 2.2212041808584084 1.9205439464328227 1.8346410223112268 1.3008157081270237 1.3744467859455345 1.4173982480063325 1.662835174068035 1.533980787885641 1.380582709097077 1.3437671701878218 1.552388557340269 1.4787574795217582 1.4419419406125027 1.4910293258248433 1.4848934026733007 
-62.5 -63.5 -63.0 -63.0 -62.5 -63.0 -63.0 -63.0 -63.5 -63.0 -63.0 -62.5 -63.0 -62.5 -63.0 -63.5 -64.5 -64.5 -64.0 -66.0 -63.5 -62.0 -60.5 -60.0 -59.0 -59.0 -59.0 -59.5 -63.0 -63.0 -62.0 -60.0 -60.0 -60.5 -61.0 -61.0 -61.0 -61.0 -61.5 -61.0 -62.0 -62.0 -62.0 
1.012427320004523 1.0615147052168636 1.0185632431560658 1.0246991663076084 0.9817477042468103 0.9694758579437253 1.000155473701438 1.012427320004523 1.0246991663076084 0.9817477042468103 0.9817477042468103 1.012427320004523 1.0062913968529805 0.9878836273983529 0.9633399347921826 0.9203884727313847 0.9878836273983529 1.030835089459151 0.9878836273983529 1.1106020904292042 1.1965050145508 1.0983302441261191 1.0246991663076084 0.8774370106705868 0.9265243958829272 0.8897088569736719 0.8467573949128739 0.8835729338221293 1.0615147052168636 1.214912784005428 1.3314953238847365 0.8897088569736719 0.7853981633974483 0.9203884727313847 0.8958447801252144 0.8774370106705868 0.9203884727313847 0.944932165337555 0.9756117810952678 1.0062913968529805 0.9878836273983529 0.9694758579437253 0.9387962421860124 
-48.5 -48.0 -48.0 -48.5 -48.5 -48.0 -48.0 -48.5 -48.0 -48.0 -48.0 -48.0 -48.0 -48.5 -48.5 -48.0 -48.5 -49.5 -50.5 -52.5 -51.5 -51.5 -52.5 -54.0 -55.5 -56.0 -56.0 -55.0 -52.5 -52.5 -54.5 -53.0 -51.0 -50.5 -49.5 -49.0 -48.5 -48.5 -48.5 -48.5 -48.5 -48.5 -48.0 
1.1044661672776617 1.0492428589137786 1.0983302441261191 1.0921943209745766 1.0799224746714913 1.043106935762236 1.0246991663076084 1.0492428589137786 1.0676506283684062 1.0615147052168636 1.0983302441261191 1.0737865515199487 1.0737865515199487 1.030835089459151 1.0185632431560658 1.043106935762236 1.1535535524900022 1.282407938672396 1.325359400733194 1.4480778637640452 1.4173982480063325 1.4787574795217582 1.4419419406125027 1.3621749396424494 1.3130875544301088 1.3744467859455345 1.4910293258248433 1.3437671701878218 1.5953400194010667 1.6935147898257479 1.4910293258248433 1.3437671701878218 1.141281706186917 1.1044661672776617 1.030835089459151 1.0615147052168636 1.0369710126106935 1.043106935762236 1.0615147052168636 1.1106020904292042 1.1228739367322893 1.1290098598838318 
-50.0 -50.0 -50.0 -50.5 -50.0 -50.5 -50.0 -50.5 -50.5 -50.5 -50.5 -50.5 -50.5 -50.0 -50.5 -51.5 -51.5 -50.5 -52.0 -51.0 -52.0 -51.5 -52.0 -52.0 -52.0 -52.0 -52.5 -52.0 -51.0 -52.0 -52.5 -53.5 -53.5 -52.5 -52.5 -52.0 -51.5 -51.5 -51.5 -51.5 -51.5 -51.0 
1.5401167110371838 1.4910293258248433 1.509437095279471 1.509437095279471 1.4480778637640452 1.4726215563702154 1.4419419406125027 1.4480778637640452 1.4419419406125027 1.4358060174609601 1.4664856332186729 1.423534171157875 1.4480778637640452 1.4419419406125027 1.3989904785517047 1.368310862793992 1.5830681730979816 1.9082721001297376 1.9082721001297376 1.8775924843720249 1.8530487917658545 1.8837284075235674 2.116893487282185 2.172116795646068 2.1537090261914402 2.0923497946760143 2.184388641949153 2.2027964114037806 2.0493983326152168 1.9082721001297376 2.018718716857504 2.2396119503130363 2.1598449493429825 2.1230294104337273 1.7119225592803755 1.5707963267948966 1.41126232485479 1.3437671701878218 1.380582709097077 1.325359400733194 1.3928545554001621 1.3621749396424494 1.3867186322486196 
-50.5 -50.5 -50.5 -50.5 -50.5 -50.0 -50.5 -50.5 -50.5 -50.5 -50.5 -50.5 -50.5 -50.5 -50.5 -50.5 -51.5 -49.5 -49.0 -48.0 -50.0 -50.5 -52.5 -51.5 -53.0 -54.0 -54.0 -54.0 -54.0 -52.0 -48.5 -50.0 -52.5 -53.5 -54.5 -54.0 -52.5 -52.0 -51.5 -51.5 -51.5 -51.5 -51.5 
1.8714565612204823 1.7855536370988863 1.8530487917658545 1.8285050991596843 1.8223691760081417 1.7916895602504288 1.8039614065535141 1.8162332528565992 1.8285050991596843 1.8346410223112268 1.859184714917397 1.8407769454627694 1.8162332528565992 1.8100973297050567 1.7794177139473437 1.9389517158874505 2.2518837966161214 2.3439226438892597 2.3316507975861747 2.3746022596469727 2.325514874434632 2.313243028131547 2.429825568010856 2.448233337465483 2.509592568980909 2.4727770300716534 2.429825568010856 2.497320722677824 2.4727770300716534 2.270291566070749 2.5280003384355365 2.6813984172241008 2.386874105950058 1.945087639038993 1.8407769454627694 1.8162332528565992 1.761009944492716 1.7548740213411735 1.7732817907958012 1.7732817907958012 1.8039614065535141 1.7303303287350031 
-52.0 -52.0 -52.0 -52.0 -52.0 -52.5 -52.5 -52.5 -52.5 -52.5 -52.5 -52.0 -52.0 -52.5 -53.0 -55.0 -55.0 -53.0 -53.5 -53.0 -52.0 -53.0 -54.5 -54.0 -54.5 -55.0 -55.5 -53.5 -54.0 -53.0 -51.5 -54.0 -58.0 -57.5 -55.0 -54.5 -54.5 -53.5 -54.0 -54.0 -54.0 -53.5 
4.71238898038469 4.871922982324796 4.7860200582032 4.632621979414636 4.76147636559703 4.884194828627882 4.847379289718626 4.7860200582032 5.141903600992669 4.847379289718626 4.798291904506286 4.755340442445488 4.914874444385594 5.111223985234957 4.890330751779424 4.822835597112456 5.841398840268521 5.982525072754001 6.013204688511713 5.295301679781233 5.994796919057086 5.8475347634200645 6.080699843178682 6.056156150572511 5.921165841238575 6.037748381117884 6.031612457966341 5.964117303299373 5.982525072754001 5.620505606812989 5.356660911296659 6.252505691421874 0.04908738521234052 0.01227184630308513 6.129787228391022 5.927301764390117 6.013204688511713 5.902758071783947 5.773903685601553 5.767767762450011 5.595961914206819 5.773903685601553 5.565282298449106 
-65.5 -65.0 -66.5 -66.5 -66.0 -65.0 -66.0 -65.5 -66.5 -66.0 -66.5 -66.5 -66.0 -66.5 -66.5 -66.5 -64.0 -60.5 -59.0 -60.0 -61.0 -61.0 -60.0 -60.0 -61.5 -62.0 -61.0 -59.5 -61.5 -62.5 -58.5 -57.5 -58.0 -59.5 -61.0 -62.0 -63.0 -63.0 -64.5 -65.0 -64.0 -64.5 -63.0 
5.295301679781233 5.252350217720435 5.381204603902829 5.019185137961818 5.2339424482658075 2.024854640009046 2.1537090261914402 5.221670601962723 5.019185137961818 5.166447293598839 5.448699758569798 5.056000676871073 0.03681553890925539 6.074563920027139 0.34974761963792617 0.30679615757712825 0.1043106935762236 0.9817477042468103 0.7547185476397354 0.2638446955163303 0.07363107781851078 0.37429131224409645 0.7301748550335652 3.6140587362585705 0.17794177139473438 0.20248546400090464 6.117515382087937 0.3620194659410113 2.84706834231575 
-68.5 -68.0 -67.5 -68.5 -68.5 -70.0 -70.5 -70.5 -70.0 -69.0 -69.0 -69.0 -61.5 -60.5 -66.5 -64.0 -66.5 -68.0 -65.5 -65.0 -65.5 -67.0 -69.0 -71.5 -69.5 -67.5 -62.5 -65.0 -78.0 
