3.2090878082567613 3.147728576741336 3.172272269347506 3.117048960983623 3.3502140407422405 3.227495577711389 3.2888548092268146 3.2581751934691017 3.129320807286708 3.147728576741336 3.104777114680538 3.129320807286708 3.2090878082567613 3.2643111166206444 0.1718058482431918 3.5465635815916023 3.5158839658338894 3.147728576741336 2.442097414313941 5.50085510535791 2.4911847995262812 2.552544031041707 2.9084275738311756 2.791845033951867 2.945243112740431 2.5954954931025047 2.405281875404685 5.767767762450011 2.521864415283994 2.748893571891069 2.84706834231575 0.4356505437595221 6.2463697682703305 6.013204688511713 2.9145634969827183 3.055689729468197 3.0925052683774528 2.988194574801229 3.227495577711389 3.2459033471660166 3.117048960983623 
-68.0 -67.5 -67.0 -67.0 -67.5 -66.0 -68.0 -68.0 -67.5 -67.5 -67.5 -67.0 -68.0 -68.0 -70.5 -71.0 -66.0 -63.5 -62.5 -68.0 -68.0 -67.5 -67.5 -67.5 -67.5 -67.0 -67.5 -69.0 -64.5 -63.0 -65.5 -70.0 -72.0 -69.0 -68.0 -67.0 -66.0 -66.0 -67.5 -67.0 -66.5 
1.6014759425526093 1.521708941582556 1.5278448647340985 1.552388557340269 1.5401167110371838 1.552388557340269 1.5707963267948966 1.533980787885641 1.5830681730979816 1.552388557340269 1.552388557340269 1.5462526341887264 1.5585244804918115 1.564660403643354 1.6014759425526093 1.521708941582556 1.2578642460662257 1.1198059751565181 1.0799224746714913 1.607611865704152 2.067806102069844 2.073942025221387 1.8407769454627694 1.7426021750380885 2.024854640009046 2.0800779483729293 2.024854640009046 1.9757672547967058 1.9757672547967058 2.086213871524472 2.061670178918302 1.9144080232812801 1.4358060174609601 1.380582709097077 1.325359400733194 1.2946797849754812 1.5585244804918115 1.5401167110371838 1.4848934026733007 1.5830681730979816 1.576932249946439 1.564660403643354 1.4419419406125027 1.5462526341887264 1.5401167110371838 
-61.5 -60.5 -61.0 -60.5 -61.0 -60.5 -61.0 -61.0 -61.0 -61.0 -61.0 -61.0 -61.0 -61.0 -61.5 -61.0 -61.5 -64.0 -64.0 -65.5 -64.0 -64.0 -61.5 -61.0 -60.5 -60.5 -60.0 -60.5 -60.0 -62.5 -62.0 -61.5 -62.0 -60.5 -59.5 -60.0 -60.0 -59.5 -59.5 -60.0 -59.5 -59.5 -60.0 -60.0 -60.0 
1.1228739367322893 1.1535535524900022 1.1596894756415448 1.1596894756415448 1.1658253987930873 1.141281706186917 1.1351457830353744 1.1106020904292042 1.1228739367322893 1.1351457830353744 1.1290098598838318 1.1596894756415448 1.1106020904292042 1.1167380135807468 1.1290098598838318 1.0492428589137786 1.0062913968529805 1.0246991663076084 1.0246991663076084 1.1290098598838318 1.1903690913992575 4.439340400141045 1.1167380135807468 1.1044661672776617 1.086058397823034 1.1474176293384597 1.0615147052168636 1.0983302441261191 1.1044661672776617 1.2026409377023426 1.3437671701878218 1.2333205534600555 1.0062913968529805 0.9878836273983529 1.0492428589137786 1.0369710126106935 1.0492428589137786 1.0737865515199487 1.1596894756415448 1.1474176293384597 1.2210487071569704 1.2026409377023426 1.2210487071569704 1.1903690913992575 1.2026409377023426 
-49.0 -49.0 -49.0 -49.0 -49.0 -49.0 -49.0 -49.0 -49.0 -49.0 -49.0 -49.0 -48.5 -49.0 -49.0 -48.5 -48.0 -49.5 -50.0 -52.0 -52.5 -52.5 -52.0 -53.0 -53.5 -53.5 -53.0 -53.5 -52.5 -52.0 -53.0 -53.5 -53.5 -51.5 -50.0 -49.5 -48.5 -48.0 -48.5 -48.5 -48.5 -49.0 -49.0 -49.0 -49.0 
1.214912784005428 1.2517283229146832 1.2026409377023426 1.2333205534600555 1.227184630308513 1.1903690913992575 1.2333205534600555 1.1903690913992575 1.1965050145508 1.1780972450961724 1.2333205534600555 1.239456476611598 1.1658253987930873 1.184233168247715 1.1658253987930873 1.1228739367322893 1.030835089459151 1.1198059751565181 1.3989904785517047 1.380582709097077 1.4603497100671303 1.6106798272799232 1.4848934026733007 1.5830681730979816 1.5585244804918115 1.509437095279471 1.564660403643354 1.607611865704152 1.5462526341887264 1.4787574795217582 1.662835174068035 1.6014759425526093 1.564660403643354 1.552388557340269 1.2885438618239387 1.2455923997631406 1.055378782065321 1.0615147052168636 1.1290098598838318 1.1719613219446299 1.214912784005428 1.2210487071569704 1.2333205534600555 1.2455923997631406 1.2210487071569704 
-50.0 -50.0 -50.0 -50.0 -50.0 -50.0 -50.0 -50.0 -50.0 -50.0 -50.0 -50.0 -50.0 -50.0 -50.5 -50.5 -51.0 -52.0 -51.5 -50.5 -52.5 -51.0 -52.0 -52.0 -52.0 -52.0 -52.0 -52.0 -53.0 -51.0 -51.5 -52.5 -52.5 -52.5 -53.0 -52.5 -51.5 -51.0 -50.5 -50.0 -50.0 -50.0 -50.5 -50.0 -50.5 
1.4848934026733007 1.4848934026733007 1.4848934026733007 1.509437095279471 1.4664856332186729 1.4787574795217582 1.509437095279471 1.509437095279471 1.4787574795217582 1.4419419406125027 1.4480778637640452 1.4542137869155878 1.4358060174609601 1.4542137869155878 1.4051264017032472 1.3744467859455345 1.3744467859455345 4.97623367590102 1.945087639038993 1.9696313316451632 1.8346410223112268 1.9082721001297376 1.9941750242513334 2.0800779483729293 2.116893487282185 2.098485717827557 2.024854640009046 2.067806102069844 2.043262409463674 1.932815792735908 1.8714565612204823 2.0493983326152168 2.116893487282185 2.0923497946760143 2.043262409463674 1.8775924843720249 1.552388557340269 1.4971652489763858 1.5278448647340985 1.5707963267948966 1.5830681730979816 1.5707963267948966 1.576932249946439 1.564660403643354 1.564660403643354 
-50.0 -50.5 -50.0 -50.0 -50.5 -50.0 -50.5 -50.0 -50.0 -50.0 -50.0 -50.0 -50.0 -50.0 -50.0 -50.5 -52.0 -51.5 -49.0 -48.0 -49.5 -51.0 -51.5 -51.0 -51.0 -50.5 -50.5 -51.0 -52.0 -51.5 -50.0 -48.0 -48.5 -50.0 -51.5 -52.0 -52.5 -51.5 -50.5 -50.5 -50.0 -50.0 -50.0 -50.0 -50.0 
1.9205439464328227 1.9389517158874505 1.9144080232812801 1.902136176978195 1.932815792735908 1.902136176978195 1.8960002538266525 1.9266798695843652 1.9082721001297376 1.902136176978195 1.8960002538266525 1.9082721001297376 1.8960002538266525 1.9266798695843652 1.902136176978195 1.8162332528565992 1.718058482431918 2.012582793705961 2.2948352586769194 2.2948352586769194 2.429825568010856 2.3746022596469727 2.36846633649543 2.4175537217077703 2.429825568010856 2.435961491162398 2.4605051837685683 2.423689644859313 2.386874105950058 2.4727770300716534 2.429825568010856 2.3930100291016 2.4175537217077703 2.405281875404685 2.405281875404685 1.9757672547967058 1.7916895602504288 1.8653206380689396 1.902136176978195 1.9573594853420782 1.9757672547967058 2.0064468705544187 1.9941750242513334 1.9941750242513334 1.9757672547967058 
-50.5 -50.5 -50.5 -50.0 -50.0 -50.5 -50.5 -50.5 -50.5 -50.5 -50.5 -50.5 -50.5 -50.5 -51.0 -52.0 -54.0 -55.5 -53.5 -53.5 -53.0 -52.5 -52.5 -53.0 -53.5 -53.0 -53.5 -53.0 -52.5 -52.5 -53.5 -53.0 -52.0 -53.0 -55.0 -55.5 -55.0 -53.0 -52.0 -51.0 -50.5 -50.5 -50.5 -50.5 -50.5 
5.013049214810275 5.031456984264903 5.129631754689584 5.184855063053467 4.97623367590102 4.97623367590102 5.092816215780329 5.0253210611133605 4.957825906446392 5.105088062083414 5.062136600022616 5.0682725231741586 5.325981295538946 4.841243366567084 5.117359908386499 6.013204688511713 6.19728238305799 5.6941366846315 5.706408530934585 5.869010494450463 6.086835766330224 6.086835766330224 5.988660995905543 6.037748381117884 6.025476534814799 6.062292073724054 6.013204688511713 6.080699843178682 5.559146375297564 5.546874528994478 6.1420590746941075 0.030679615757712823 6.234097921967246 6.068427996875596 5.737088146692298 5.399612373357457 5.47937937432751 5.019185137961818 4.92714629068868 4.994641445355648 4.871922982324796 5.0253210611133605 5.019185137961818 
-64.0 -64.0 -63.5 -64.0 -64.5 -64.0 -64.0 -64.0 -63.5 -63.5 -64.0 -63.0 -63.5 -63.5 -64.0 -61.5 -58.0 -56.5 -59.0 -59.5 -58.0 -57.0 -58.0 -58.5 -58.0 -57.5 -58.0 -59.0 -60.5 -56.0 -56.5 -57.0 -59.0 -60.0 -64.0 -65.0 -65.0 -64.5 -65.0 -64.0 -63.5 -63.5 -64.0 
5.45483568172134 5.325981295538946 5.313709449235861 5.350524988145116 5.313709449235861 5.424156065963627 5.283029833478148 5.356660911296659 5.209398755659637 5.21553467881118 5.313709449235861 5.252350217720435 5.559146375297564 5.375068680751287 5.240078371417351 5.301437602932776 3.3011266555298997 6.068427996875596 3.552699504743145 5.8475347634200645 0.5706408530934585 0.35588354278946877 0.018407769454627694 0.030679615757712823 0.09817477042468103 0.35588354278946877 0.6013204688511713 5.71868037723767 0.2699806186678728 5.994796919057086 5.841398840268521 0.04295146206079795 6.12365130523948 1.718058482431918 4.6878452877785195 5.313709449235861 5.264622064023521 5.356660911296659 5.203262832508095 5.411884219660542 5.387340527054372 5.442563835418255 
-62.0 -61.5 -62.0 -61.5 -62.0 -62.0 -62.5 -61.5 -62.0 -61.5 -62.0 -62.0 -62.5 -62.0 -62.0 -63.5 -72.5 -62.5 -67.5 -66.5 -70.5 -64.5 -63.0 -62.0 -63.5 -63.0 -71.5 -67.5 -62.5 -68.5 -63.5 -63.5 -72.0 -73.0 -69.0 -63.5 -62.5 -62.0 -61.0 -61.5 -62.0 -62.0 
