2.988194574801229 0.17794177139473438 0.1043106935762236 0.0 3.2213596545598464 0.06135923151542565 3.3502140407422405 0.15339807878856412 0.1043106935762236 3.172272269347506 0.2638446955163303 0.2638446955163303 0.32520392703175593 0.1718058482431918 0.44178646691106466 1.3314953238847365 1.239456476611598 3.816544200259475 3.5281558121369745 2.662990647769473 2.2518837966161214 2.405281875404685 2.5157284921324514 2.730485802436441 2.742757648739526 0.4111068511533518 2.8286605728611223 
-70.5 -71.5 -71.0 -70.5 -69.5 -70.5 -70.5 -71.0 -71.0 -70.5 -71.5 -71.0 -71.0 -70.5 -71.5 -71.0 -69.5 -67.0 -67.0 -67.0 -68.5 -69.0 -68.0 -67.0 -65.5 -67.5 -69.0 
1.282407938672396 1.4480778637640452 1.3437671701878218 1.337631247036279 1.0921943209745766 1.4358060174609601 1.3437671701878218 1.3867186322486196 1.4296700943094176 1.5953400194010667 1.4296700943094176 1.3621749396424494 1.5462526341887264 1.4296700943094176 1.3928545554001621 1.380582709097077 1.282407938672396 1.4051264017032472 1.5033011721279284 1.325359400733194 1.423534171157875 0.9019807032767571 2.1475731030398975 2.859340188618835 2.3930100291016 2.3193789512830896 1.9082721001297376 1.748738098189631 1.9757672547967058 2.1046216409791 1.9512235621905356 1.88986433067511 2.067806102069844 2.227340104009951 2.098485717827557 1.4848934026733007 1.1351457830353744 1.214912784005428 1.533980787885641 1.2087768608538851 1.4726215563702154 1.521708941582556 1.5462526341887264 1.4664856332186729 
-63.0 -62.5 -62.0 -62.5 -62.5 -62.0 -62.5 -62.5 -63.0 -62.5 -62.5 -62.5 -62.5 -63.0 -62.5 -63.5 -63.0 -63.0 -64.5 -64.0 -65.0 -66.5 -65.0 -65.5 -63.5 -63.5 -61.0 -62.0 -60.5 -60.5 -61.0 -60.5 -61.0 -63.0 -63.0 -61.5 -61.0 -62.5 -63.0 -63.5 -63.5 -64.5 -64.0 -64.0 
1.0246991663076084 1.043106935762236 1.0921943209745766 1.0676506283684062 0.9878836273983529 1.0369710126106935 1.0492428589137786 1.0492428589137786 1.0737865515199487 1.086058397823034 1.0799224746714913 1.055378782065321 1.086058397823034 1.0615147052168636 1.0983302441261191 1.0615147052168636 1.0246991663076084 1.0492428589137786 0.9878836273983529 0.9817477042468103 0.9817477042468103 1.0921943209745766 1.3192234775816514 1.325359400733194 1.1903690913992575 1.0737865515199487 1.1290098598838318 1.055378782065321 1.0492428589137786 1.0369710126106935 0.9203884727313847 1.0799224746714913 1.1780972450961724 1.2333205534600555 1.239456476611598 1.1596894756415448 1.1474176293384597 1.0799224746714913 0.9265243958829272 0.9142525495798421 0.9081166264282996 0.9081166264282996 0.8897088569736719 0.9081166264282996 
-49.5 -49.0 -49.5 -49.0 -49.0 -49.5 -49.5 -49.5 -49.5 -49.5 -49.5 -49.5 -49.5 -49.5 -49.5 -49.5 -49.5 -49.5 -49.5 -49.0 -48.5 -49.5 -50.5 -50.5 -50.0 -51.0 -52.0 -52.5 -54.0 -54.0 -53.0 -52.0 -52.0 -51.5 -50.5 -50.5 -49.5 -49.5 -49.5 -49.5 -49.5 -49.0 -49.5 -49.0 
1.1658253987930873 1.1965050145508 1.1044661672776617 1.1474176293384597 1.012427320004523 1.1351457830353744 1.1351457830353744 1.141281706186917 1.1658253987930873 1.1290098598838318 1.1351457830353744 1.1044661672776617 1.1780972450961724 1.1044661672776617 1.1167380135807468 1.1474176293384597 1.1228739367322893 1.0492428589137786 1.086058397823034 1.012427320004523 1.0185632431560658 1.1474176293384597 1.3560390164909069 1.3744467859455345 1.2946797849754812 1.3744467859455345 1.6566992509164924 1.533980787885641 1.4296700943094176 1.4296700943094176 1.4664856332186729 1.5278448647340985 1.576932249946439 1.5707963267948966 1.3130875544301088 1.3744467859455345 1.337631247036279 1.2517283229146832 1.1535535524900022 1.1044661672776617 1.0983302441261191 1.0983302441261191 1.1167380135807468 1.1044661672776617 
-51.0 -51.0 -50.5 -50.5 -50.5 -51.0 -51.0 -50.5 -50.5 -51.0 -50.5 -50.5 -50.5 -50.5 -50.5 -50.5 -50.5 -51.0 -51.0 -51.5 -52.0 -51.5 -49.5 -49.5 -50.0 -52.0 -51.5 -51.5 -51.5 -51.5 -51.5 -51.5 -51.5 -51.0 -51.5 -51.0 -51.5 -52.5 -53.0 -53.0 -52.5 -52.5 -52.0 -52.0 
1.3989904785517047 1.3928545554001621 1.3437671701878218 1.3867186322486196 1.3130875544301088 1.325359400733194 1.3867186322486196 1.3989904785517047 1.3928545554001621 1.4173982480063325 1.3867186322486196 1.41126232485479 1.368310862793992 1.4051264017032472 1.3499030933393643 1.3069516312785663 1.325359400733194 1.3130875544301088 1.2578642460662257 1.1780972450961724 1.227184630308513 1.5033011721279284 1.7916895602504288 1.6751070203711202 1.7978254834019713 1.9634954084936207 2.055534255766759 2.12916533358527 2.12916533358527 2.1475731030398975 2.141437179888355 2.1598449493429825 2.012582793705961 1.9389517158874505 1.8223691760081417 1.8407769454627694 1.8346410223112268 1.7732817907958012 1.3560390164909069 1.325359400733194 1.214912784005428 1.1965050145508 1.1658253987930873 1.1596894756415448 
-50.0 -50.0 -50.0 -49.5 -49.5 -49.5 -49.5 -49.5 -49.5 -49.5 -49.5 -49.5 -49.0 -49.0 -49.0 -48.5 -48.5 -48.5 -49.0 -49.5 -50.5 -51.0 -47.5 -48.5 -51.0 -50.5 -50.0 -50.5 -51.0 -50.5 -50.5 -51.0 -50.5 -50.0 -48.0 -48.0 -49.0 -51.0 -52.5 -51.5 -50.5 -50.0 -49.5 -50.0 
1.8100973297050567 1.7855536370988863 1.7303303287350031 1.761009944492716 1.7426021750380885 1.6873788666742053 1.7978254834019713 1.7426021750380885 1.7426021750380885 1.7241944055834606 1.7855536370988863 1.7794177139473437 1.748738098189631 1.761009944492716 1.7426021750380885 1.7426021750380885 1.7119225592803755 1.6935147898257479 1.6566992509164924 1.6014759425526093 1.6689710972195777 1.846912868614312 2.024854640009046 2.012582793705961 2.350058567040802 2.2641556429192065 2.3193789512830896 2.442097414313941 2.4850488763747385 2.4727770300716534 2.4911847995262812 2.4175537217077703 2.3316507975861747 2.3193789512830896 2.12916533358527 2.1782527187976104 2.1905245651006955 1.8407769454627694 1.8223691760081417 1.8039614065535141 1.7548740213411735 1.7732817907958012 1.6812429435226628 1.7241944055834606 
-51.5 -51.5 -51.0 -51.5 -51.5 -51.0 -51.0 -51.0 -51.0 -51.0 -51.0 -51.0 -51.0 -51.0 -50.5 -50.5 -50.5 -51.0 -51.0 -52.0 -53.5 -52.5 -51.5 -53.5 -51.5 -51.5 -52.0 -52.5 -52.0 -52.0 -52.5 -52.5 -51.5 -52.5 -51.0 -50.5 -51.5 -54.0 -54.5 -54.0 -53.0 -52.5 -52.5 -52.5 
4.957825906446392 4.890330751779424 4.902602598082509 4.8351074434155406 4.847379289718626 4.933282213840222 5.092816215780329 4.755340442445488 4.798291904506286 4.76147636559703 4.804427827657828 4.798291904506286 4.81056375080937 4.841243366567084 4.540583132141498 4.6448938257177215 4.71238898038469 4.988505522204105 5.9518454569962875 5.927301764390117 5.338253141842031 6.043884304269426 5.957981380147831 5.896622148632405 6.111379458936394 6.068427996875596 6.037748381117884 6.105243535784852 6.12365130523948 5.896622148632405 5.921165841238575 5.712544454086128 6.22182607566416 6.1420590746941075 6.160466844148735 6.013204688511713 5.957981380147831 5.724816300389213 5.559146375297564 5.5284667595398505 5.534602682691394 
-66.0 -64.0 -63.0 -64.0 -63.5 -63.0 -65.0 -65.5 -64.5 -64.0 -64.0 -64.0 -63.5 -62.5 -63.5 -63.5 -63.0 -64.5 -63.5 -59.0 -60.5 -60.0 -59.0 -59.0 -60.5 -60.5 -60.0 -60.0 -59.5 -59.0 -58.5 -57.5 -56.5 -58.0 -59.0 -62.0 -61.5 -62.5 -63.0 -63.5 -64.5 
5.270757987175063 4.994641445355648 5.350524988145116 5.356660911296659 5.436427912266712 5.111223985234957 5.154175447295755 5.301437602932776 5.313709449235861 5.252350217720435 5.307573526084319 5.307573526084319 5.289165756629691 5.295301679781233 5.258486140871978 5.325981295538946 5.332117218690489 5.221670601962723 5.258486140871978 5.47937937432751 6.080699843178682 6.234097921967246 6.12365130523948 6.056156150572511 0.4908738521234052 0.19634954084936207 0.3988350048502667 0.37429131224409645 0.2086213871524472 0.030679615757712823 0.3129320807286708 0.5092816215780329 6.215690152512618 0.28225246497095796 5.626641529964532 5.773903685601553 6.025476534814799 6.1850105367549055 2.411417798556228 5.602097837358362 5.240078371417351 5.688000761479957 
-64.0 -64.0 -64.0 -63.0 -64.0 -64.0 -64.0 -63.5 -64.0 -63.5 -63.0 -62.5 -62.5 -63.5 -62.0 -62.5 -62.5 -62.0 -63.0 -64.5 -68.0 -62.0 -58.5 -64.0 -63.5 -63.0 -64.0 -62.0 -62.0 -62.0 -62.5 -65.5 -63.5 -62.0 -66.0 -58.5 -61.0 -63.5 -69.0 -68.5 -68.5 -66.5 
