6.258641614573416 6.264777537724958 0.2086213871524472 0.09817477042468103 0.1595340019401067 0.28225246497095796 0.6320000846088841 4.374913207049849 4.0128937411088375 0.3190680038802134 6.068427996875596 5.786175531904639 2.6139032625571326 3.172272269347506 3.0925052683774528 2.773437264497239 3.074097498922825 3.5772431973493153 5.553010452146021 1.0185632431560658 5.50392306693368 6.117515382087937 0.05522330836388308 0.04295146206079795 
-71.0 -71.0 -70.0 -70.0 -70.0 -69.5 -69.5 -64.5 -65.0 -71.0 -69.5 -70.5 -70.0 -70.5 -68.5 -67.5 -68.5 -66.5 -74.5 -78.5 -75.5 -70.5 -70.5 -70.5 
1.5707963267948966 1.4726215563702154 1.3744467859455345 1.4664856332186729 1.4542137869155878 1.6935147898257479 1.7241944055834606 1.6260196351587797 1.4051264017032472 1.3867186322486196 1.564660403643354 1.6566992509164924 1.5462526341887264 1.6996507129772904 1.325359400733194 1.6260196351587797 4.4362724385652745 1.184233168247715 1.2701360923693108 2.3316507975861747 2.5893595699509624 2.313243028131547 2.000310947402876 1.7241944055834606 1.945087639038993 1.9757672547967058 2.030990563160589 2.043262409463674 2.018718716857504 1.9266798695843652 1.761009944492716 1.5401167110371838 1.5155730184310134 1.564660403643354 1.5707963267948966 1.761009944492716 1.718058482431918 1.6935147898257479 1.5953400194010667 1.5585244804918115 1.6382914814618648 1.533980787885641 1.607611865704152 1.564660403643354 
-63.0 -63.0 -64.0 -64.0 -64.0 -64.5 -64.0 -63.5 -64.5 -64.0 -63.0 -65.5 -65.5 -66.0 -65.0 -65.5 -66.5 -66.0 -65.0 -64.5 -64.5 -64.5 -62.5 -60.5 -60.0 -60.5 -60.0 -60.5 -62.5 -62.5 -60.0 -58.5 -59.0 -61.0 -60.5 -60.5 -59.5 -60.0 -60.5 -60.0 -60.5 -60.5 -61.0 -61.0 
0.944932165337555 1.0185632431560658 0.9572040116406401 1.000155473701438 0.9878836273983529 0.9203884727313847 0.9572040116406401 0.9572040116406401 0.9510680884890975 0.9265243958829272 0.9265243958829272 0.9019807032767571 0.8958447801252144 0.9142525495798421 0.9572040116406401 0.9510680884890975 0.9081166264282996 1.0185632431560658 1.1167380135807468 1.1228739367322893 1.41126232485479 1.3008157081270237 1.0983302441261191 1.1167380135807468 1.086058397823034 1.000155473701438 1.0492428589137786 0.9817477042468103 1.0062913968529805 1.1780972450961724 1.337631247036279 1.3130875544301088 1.2333205534600555 1.2885438618239387 1.239456476611598 1.184233168247715 1.1780972450961724 1.1596894756415448 1.1535535524900022 1.184233168247715 1.2026409377023426 1.227184630308513 1.2455923997631406 1.2026409377023426 1.1903690913992575 
-49.0 -49.0 -49.0 -49.0 -49.0 -49.0 -49.0 -48.5 -49.0 -49.0 -49.0 -48.5 -48.5 -48.5 -48.5 -48.5 -48.0 -48.5 -49.0 -49.5 -51.0 -51.0 -51.0 -52.0 -52.0 -53.0 -53.5 -53.0 -52.5 -52.0 -51.5 -51.0 -50.5 -51.0 -50.5 -50.0 -49.5 -49.5 -50.0 -49.5 -49.5 -49.5 -49.0 -49.0 -49.0 
1.0737865515199487 1.0799224746714913 1.0737865515199487 1.0921943209745766 1.0737865515199487 1.1228739367322893 1.0737865515199487 1.012427320004523 1.0799224746714913 1.043106935762236 1.055378782065321 1.030835089459151 1.0062913968529805 1.000155473701438 1.030835089459151 1.0246991663076084 0.9265243958829272 0.9326603190344698 1.1044661672776617 1.1719613219446299 1.3744467859455345 1.3192234775816514 1.3928545554001621 1.576932249946439 1.5033011721279284 1.509437095279471 1.4971652489763858 1.552388557340269 1.564660403643354 1.5953400194010667 1.4848934026733007 1.325359400733194 1.2762720155208536 1.1351457830353744 1.0921943209745766 0.9387962421860124 1.0676506283684062 1.0737865515199487 1.0983302441261191 1.1106020904292042 1.1106020904292042 1.1351457830353744 1.1596894756415448 1.1719613219446299 1.1290098598838318 
-51.5 -51.5 -51.5 -51.5 -51.0 -51.5 -51.0 -51.0 -51.0 -51.0 -51.0 -51.0 -51.0 -51.0 -51.0 -51.0 -51.5 -51.5 -50.5 -50.0 -50.0 -50.5 -51.5 -52.0 -51.5 -51.5 -51.5 -52.0 -52.0 -51.0 -52.5 -51.5 -51.5 -51.5 -51.5 -51.5 -51.0 -51.0 -51.0 -51.0 -50.5 -50.5 -50.5 -50.5 -50.5 
1.3192234775816514 1.282407938672396 1.2885438618239387 1.214912784005428 1.2640001692177683 1.3069516312785663 1.227184630308513 1.2026409377023426 1.184233168247715 1.184233168247715 1.1658253987930873 1.1535535524900022 1.1228739367322893 1.1535535524900022 1.1290098598838318 1.1535535524900022 1.000155473701438 1.1903690913992575 1.6198837120072371 1.7241944055834606 1.7303303287350031 1.6996507129772904 1.9266798695843652 1.945087639038993 2.073942025221387 2.0923497946760143 2.061670178918302 2.1230294104337273 2.1598449493429825 1.945087639038993 1.9573594853420782 1.945087639038993 1.9757672547967058 1.9819031779482483 1.7855536370988863 1.564660403643354 1.4726215563702154 1.5585244804918115 1.509437095279471 1.5278448647340985 1.533980787885641 1.5462526341887264 1.521708941582556 1.521708941582556 1.552388557340269 
-49.5 -49.0 -49.5 -49.5 -49.0 -49.5 -49.5 -49.0 -49.0 -49.0 -49.0 -49.0 -49.0 -49.0 -49.0 -49.0 -49.5 -50.5 -50.0 -48.5 -48.0 -50.5 -50.0 -50.0 -50.5 -49.5 -50.0 -50.0 -50.5 -50.0 -48.5 -48.5 -50.0 -50.5 -52.0 -52.5 -51.5 -50.5 -50.0 -49.5 -49.5 -50.0 -49.5 -50.0 -49.5 
1.7794177139473437 1.7794177139473437 1.7916895602504288 1.7426021750380885 1.7119225592803755 1.6812429435226628 1.6689710972195777 1.6751070203711202 1.5953400194010667 1.6996507129772904 1.607611865704152 1.5707963267948966 1.6137477888556946 1.5462526341887264 1.6444274046134073 1.5278448647340985 1.509437095279471 1.5830681730979816 1.8837284075235674 2.1598449493429825 2.018718716857504 2.270291566070749 2.2886993355253766 2.270291566070749 2.2948352586769194 2.380738182798515 2.3930100291016 2.3930100291016 2.350058567040802 2.356194490192345 2.184388641949153 2.3009711818284617 2.3316507975861747 2.1537090261914402 1.9205439464328227 1.7732817907958012 1.7855536370988863 1.9205439464328227 1.8960002538266525 1.8530487917658545 1.859184714917397 1.8530487917658545 1.8346410223112268 1.8223691760081417 1.8775924843720249 
-52.5 -52.5 -52.5 -52.5 -52.0 -52.0 -52.0 -52.0 -52.5 -52.5 -52.0 -52.5 -52.5 -52.0 -52.0 -52.5 -53.5 -53.5 -52.5 -51.5 -52.0 -52.5 -52.0 -51.0 -52.5 -52.5 -53.0 -53.0 -52.0 -53.0 -51.5 -51.0 -51.5 -54.0 -53.5 -53.0 -51.5 -51.5 -51.0 -50.5 -51.0 -51.0 -51.0 -50.5 -51.0 
4.571262747899211 4.651029748869264 4.693981210930062 4.871922982324796 4.509903516383785 4.313553975534423 4.620350133111551 4.466952054322987 4.565126824747668 4.460816131171445 4.460816131171445 4.608078286808466 4.3503695144436785 4.4976316700806995 4.424000592262189 5.6573211457222445 5.786175531904639 5.565282298449106 5.878214379177777 5.896622148632405 6.068427996875596 6.086835766330224 6.074563920027139 6.007068765360171 6.0991076126333095 5.8659425328746915 5.5714182216006485 6.062292073724054 0.03681553890925539 0.0 0.030679615757712823 6.037748381117884 4.92714629068868 4.865787059173254 4.546719055293041 4.620350133111551 2.9145634969827183 4.454680208019902 4.552854978444583 4.417864669110647 4.558990901596125 
-66.0 -65.5 -65.0 -66.0 -66.0 -66.0 -64.5 -64.0 -63.5 -65.0 -64.0 -64.5 -65.0 -64.0 -64.5 -63.0 -59.5 -62.5 -59.0 -60.0 -59.5 -59.0 -60.0 -60.5 -59.0 -59.5 -58.0 -57.0 -58.0 -61.0 -63.0 -67.0 -70.5 -68.5 -67.0 -66.5 -66.0 -66.0 -66.0 -65.5 -65.0 
1.9512235621905356 2.024854640009046 1.9205439464328227 2.012582793705961 1.9389517158874505 4.902602598082509 1.7916895602504288 1.8407769454627694 1.945087639038993 6.092971689481767 5.792311455056181 0.35588354278946877 0.36815538909255385 0.05522330836388308 0.3374757733348411 0.4479223900626072 0.22089323345553233 0.3313398501832985 0.5890486225480862 0.39269908169872414 6.043884304269426 5.792311455056181 6.270913460876501 0.09817477042468103 0.18407769454627693 5.344389064993574 5.411884219660542 5.289165756629691 5.418020142812084 5.270757987175063 5.3198453723874035 5.3198453723874035 5.264622064023521 
-69.5 -69.5 -69.0 -69.0 -68.5 -66.0 -69.0 -68.0 -67.0 -58.0 -60.5 -66.0 -62.0 -62.0 -64.5 -62.0 -62.0 -64.0 -65.0 -63.0 -67.5 -62.0 -61.0 -63.0 -68.0 -64.0 -63.5 -63.0 -64.5 -64.0 -62.5 -63.0 -63.0 
