0.1349903093339364 6.240233845118788 6.277049384028044 6.129787228391022 0.03681553890925539 1.6382914814618648 4.362641360746763 4.184699589352029 3.2520392703175593 5.829126993965437 2.4911847995262812 2.6384469551633027 2.9084275738311756 2.718213956133356 2.6200391857086753 2.8961557275280905 5.93343768754166 4.994641445355648 5.675728915176872 5.902758071783947 6.1420590746941075 5.976389149602458 
-70.5 -70.5 -70.5 -70.0 -70.0 -71.0 -69.0 -69.0 -67.5 -67.0 -66.0 -70.0 -68.5 -67.5 -66.5 -68.0 -72.0 -74.0 -70.0 -69.5 -68.0 -69.0 
1.4051264017032472 1.3130875544301088 1.5033011721279284 1.4419419406125027 1.4542137869155878 1.4971652489763858 1.4848934026733007 1.3314953238847365 1.5278448647340985 1.3928545554001621 1.3499030933393643 1.4480778637640452 1.2946797849754812 0.9510680884890975 1.2762720155208536 1.4603497100671303 1.4419419406125027 1.3499030933393643 1.227184630308513 1.4664856332186729 1.9696313316451632 2.141437179888355 2.1598449493429825 2.043262409463674 2.043262409463674 2.2518837966161214 2.3439226438892597 2.3193789512830896 2.3746022596469727 2.110757564130642 2.024854640009046 2.012582793705961 1.7671458676442586 1.761009944492716 1.8775924843720249 1.9082721001297376 2.018718716857504 1.8346410223112268 1.88986433067511 1.859184714917397 1.88986433067511 1.8100973297050567 1.9205439464328227 
-63.0 -62.5 -63.5 -62.5 -62.5 -62.0 -63.5 -63.0 -63.0 -63.0 -63.0 -62.5 -64.0 -63.0 -62.5 -63.0 -64.0 -64.0 -62.0 -62.0 -64.0 -64.0 -62.5 -60.5 -60.0 -60.5 -61.0 -61.0 -60.5 -62.0 -60.5 -60.0 -58.5 -58.5 -60.0 -60.0 -59.0 -59.0 -59.5 -59.5 -59.0 -59.5 -59.5 
1.1167380135807468 1.1044661672776617 1.1228739367322893 1.1290098598838318 1.086058397823034 1.1351457830353744 1.1044661672776617 1.0185632431560658 1.0799224746714913 1.0737865515199487 1.0921943209745766 1.0246991663076084 1.1290098598838318 1.0921943209745766 1.0983302441261191 1.0921943209745766 1.1106020904292042 1.2210487071569704 1.3130875544301088 1.2885438618239387 1.325359400733194 1.3560390164909069 1.1658253987930873 1.0799224746714913 1.055378782065321 0.9019807032767571 0.8651651643675016 0.8774370106705868 0.9510680884890975 1.1351457830353744 1.2762720155208536 1.184233168247715 1.141281706186917 1.337631247036279 1.214912784005428 1.2333205534600555 1.2455923997631406 1.2578642460662257 1.2517283229146832 1.282407938672396 1.3069516312785663 1.282407938672396 1.282407938672396 
-49.5 -49.0 -49.0 -49.5 -49.0 -49.0 -49.0 -49.0 -49.0 -49.0 -49.0 -49.0 -49.0 -49.0 -49.0 -49.0 -49.0 -48.5 -49.5 -50.5 -51.5 -52.0 -51.5 -54.0 -54.0 -55.0 -55.5 -56.0 -55.0 -55.0 -55.0 -53.5 -52.5 -53.0 -53.0 -51.0 -51.5 -51.5 -52.0 -51.5 -51.5 -51.5 -51.5 
1.214912784005428 1.1535535524900022 1.1535535524900022 1.1228739367322893 1.2087768608538851 1.1167380135807468 1.1719613219446299 1.1535535524900022 1.0246991663076084 1.1535535524900022 1.141281706186917 1.2026409377023426 1.1044661672776617 1.141281706186917 1.1719613219446299 1.086058397823034 1.141281706186917 1.1351457830353744 1.2333205534600555 1.4051264017032472 1.509437095279471 1.3744467859455345 1.337631247036279 1.5585244804918115 1.4910293258248433 1.4358060174609601 1.423534171157875 1.4173982480063325 1.380582709097077 1.3989904785517047 1.564660403643354 1.3867186322486196 1.380582709097077 1.1474176293384597 1.0492428589137786 0.9694758579437253 1.030835089459151 1.0615147052168636 1.141281706186917 1.141281706186917 1.2210487071569704 1.2640001692177683 1.2885438618239387 
-50.5 -51.0 -51.0 -50.5 -51.0 -51.0 -51.0 -50.5 -51.0 -50.5 -51.0 -50.5 -51.0 -50.5 -50.5 -51.0 -51.0 -51.5 -51.5 -50.5 -50.0 -50.0 -51.0 -53.5 -52.5 -53.0 -52.0 -53.0 -53.5 -52.0 -53.0 -52.0 -52.5 -52.0 -51.5 -51.0 -51.0 -51.0 -50.5 -50.5 -50.5 -50.5 -50.5 
1.4173982480063325 1.4603497100671303 1.4480778637640452 1.4358060174609601 1.4542137869155878 1.4726215563702154 1.4480778637640452 1.423534171157875 1.4848934026733007 1.4848934026733007 1.4358060174609601 1.4726215563702154 1.4358060174609601 1.4664856332186729 1.3928545554001621 1.4726215563702154 1.3560390164909069 1.3192234775816514 1.4971652489763858 1.902136176978195 1.9880391010997909 1.9389517158874505 1.8223691760081417 1.945087639038993 2.1230294104337273 2.1659808724945253 2.2150682577068657 2.2764274892222915 2.350058567040802 2.3930100291016 2.1353012567368124 2.116893487282185 2.184388641949153 2.1659808724945253 2.086213871524472 1.88986433067511 1.6382914814618648 1.6751070203711202 1.7119225592803755 1.7794177139473437 1.7548740213411735 1.8162332528565992 1.846912868614312 1.7855536370988863 
-49.0 -49.0 -49.0 -49.0 -49.0 -49.5 -49.0 -49.0 -49.0 -49.0 -49.0 -49.0 -49.0 -49.0 -49.0 -48.5 -48.5 -49.0 -51.0 -50.0 -49.5 -48.5 -49.5 -52.0 -51.5 -52.5 -52.5 -53.0 -54.0 -54.5 -53.0 -51.0 -50.5 -52.5 -52.5 -53.0 -52.0 -50.5 -49.5 -49.0 -48.5 -49.0 -49.0 -48.5 
1.8346410223112268 1.8223691760081417 1.7794177139473437 1.7732817907958012 1.8223691760081417 1.7916895602504288 1.7978254834019713 1.8039614065535141 1.8223691760081417 1.761009944492716 1.7978254834019713 1.736466251886546 1.761009944492716 1.662835174068035 1.718058482431918 1.6935147898257479 1.662835174068035 1.7732817907958012 2.184388641949153 2.2396119503130363 2.1598449493429825 2.4175537217077703 2.429825568010856 2.442097414313941 2.423689644859313 2.4605051837685683 2.5341362615870793 2.552544031041707 2.497320722677824 2.5709518004963345 2.411417798556228 2.4605051837685683 2.4911847995262812 2.350058567040802 2.012582793705961 1.9205439464328227 1.9573594853420782 2.012582793705961 2.012582793705961 2.0371264863121317 2.067806102069844 2.043262409463674 2.043262409463674 
-51.0 -51.0 -51.5 -51.0 -51.5 -51.5 -51.5 -51.5 -51.5 -51.5 -52.0 -51.5 -51.5 -51.5 -51.5 -51.5 -52.0 -53.5 -53.5 -52.5 -52.5 -54.0 -53.0 -51.5 -53.0 -54.0 -54.5 -55.0 -54.0 -54.5 -54.0 -52.0 -52.5 -54.5 -53.5 -51.5 -50.5 -50.5 -50.0 -50.0 -50.0 -49.5 -49.5 
4.608078286808466 4.589670517353839 5.0682725231741586 4.565126824747668 4.669437518323892 4.473087977474529 4.399456899656019 4.454680208019902 4.516039439535327 4.608078286808466 4.632621979414636 4.466952054322987 4.356505437595221 4.3503695144436785 4.454680208019902 4.123340357836604 4.166291819897402 5.240078371417351 5.902758071783947 6.074563920027139 5.853670686571607 5.405748296509 6.1850105367549055 5.902758071783947 6.12365130523948 6.129787228391022 6.050020227420969 6.2034183062095325 6.037748381117884 5.798447378207723 5.442563835418255 6.22182607566416 0.3436116964863836 0.09817477042468103 4.190835512503572 4.681709364626977 4.595806440505381 4.565126824747668 4.589670517353839 4.509903516383785 4.6448938257177215 
-64.0 -63.5 -64.0 -63.0 -64.0 -64.0 -64.0 -63.5 -63.5 -64.0 -63.0 -62.5 -62.0 -63.5 -63.0 -63.0 -63.5 -68.0 -65.0 -61.0 -58.0 -62.0 -62.0 -61.0 -61.0 -61.0 -61.0 -61.0 -62.0 -61.5 -60.5 -58.0 -59.0 -66.0 -66.5 -65.5 -64.0 -64.5 -64.5 -64.5 -63.5 
5.221670601962723 5.283029833478148 5.0253210611133605 4.9823695990525625 5.2339424482658075 5.00077736850719 5.074408446325701 4.97623367590102 4.601942363656923 4.970097752749477 2.024854640009046 5.190990986205009 0.11044661672776616 6.166602767300278 6.092971689481767 1.030835089459151 0.8835729338221293 0.19634954084936207 0.4111068511533518 0.47860200582032003 0.8099418560036186 0.6933593161243098 3.9392626632903265 0.23316507975861744 0.006135923151542565 0.28838838812250056 0.25157284921324513 5.325981295538946 5.227806525114265 5.546874528994478 5.491651220630596 5.5284667595398505 5.620505606812989 5.460971604872882 
-64.0 -64.0 -65.5 -64.0 -65.5 -64.5 -65.5 -65.0 -66.0 -65.0 -65.5 -62.0 -60.0 -60.0 -61.5 -67.5 -66.0 -64.0 -66.0 -65.5 -63.5 -66.5 -71.0 -67.5 -72.0 -60.5 -65.5 -63.0 -62.0 -62.0 -61.0 -60.0 -61.0 -60.5 
