3.031146036862027 3.2643111166206444 3.1231848841351653 3.1661363461959633 3.098641191528995 2.82252464970958 3.0925052683774528 3.1354567304382504 3.0372819600135696 3.074097498922825 3.0802334220743677 3.104777114680538 3.129320807286708 3.3747577333484107 3.6570101983193686 0.06135923151542565 2.5280003384355365 2.5954954931025047 2.466641106920111 2.9329712664373457 2.2764274892222915 2.8654761117703775 2.405281875404685 2.6139032625571326 2.2089323345553233 2.5341362615870793 2.742757648739526 0.03681553890925539 3.552699504743145 0.28225246497095796 3.1906800388021335 3.1661363461959633 3.043417883165112 0.04295146206079795 2.767301341345697 2.9575149590435164 3.184544115650591 3.141592653589793 3.055689729468197 3.0372819600135696 3.160000423044421 
-67.0 -67.5 -67.0 -67.0 -68.5 -67.5 -69.0 -66.5 -66.5 -68.0 -68.0 -67.5 -67.5 -67.5 -67.0 -63.5 -65.0 -66.0 -67.5 -68.5 -68.0 -67.5 -66.5 -66.5 -65.5 -64.5 -65.0 -66.0 -65.0 -71.0 -67.0 -66.5 -64.5 -66.5 -66.0 -67.0 -67.0 -67.5 -67.5 -67.5 -67.5 
1.6014759425526093 1.6137477888556946 1.5462526341887264 1.6137477888556946 1.521708941582556 1.564660403643354 1.662835174068035 1.521708941582556 1.6689710972195777 1.533980787885641 1.6505633277649499 1.5585244804918115 1.3928545554001621 1.6014759425526093 1.4296700943094176 1.1474176293384597 1.055378782065321 1.7303303287350031 1.9573594853420782 1.88986433067511 1.9819031779482483 2.110757564130642 2.110757564130642 2.024854640009046 2.098485717827557 2.1659808724945253 1.8039614065535141 1.6321555583103222 1.5125050568552423 1.4296700943094176 1.5155730184310134 1.6751070203711202 1.6444274046134073 1.6935147898257479 1.7119225592803755 1.7978254834019713 1.7916895602504288 1.7548740213411735 1.7732817907958012 1.761009944492716 1.6751070203711202 1.7426021750380885 1.6873788666742053 
-61.0 -61.5 -61.0 -61.0 -60.5 -61.0 -60.0 -60.5 -61.0 -60.5 -60.5 -60.0 -60.0 -60.0 -60.5 -61.0 -60.5 -62.0 -62.0 -60.0 -61.0 -60.5 -60.5 -60.0 -60.0 -61.0 -61.0 -60.5 -59.5 -58.5 -59.0 -59.0 -58.5 -58.0 -57.5 -58.0 -58.0 -58.0 -58.0 -58.0 -58.0 -58.0 -59.0 
1.1351457830353744 1.1228739367322893 1.1106020904292042 1.1658253987930873 1.1474176293384597 1.1228739367322893 1.1351457830353744 1.1596894756415448 1.1535535524900022 1.1780972450961724 1.1965050145508 1.1965050145508 1.184233168247715 1.2333205534600555 1.1596894756415448 1.1290098598838318 1.1351457830353744 1.1596894756415448 1.1965050145508 1.1535535524900022 1.1596894756415448 1.0921943209745766 1.0246991663076084 1.0676506283684062 1.0676506283684062 1.086058397823034 1.0615147052168636 1.1903690913992575 1.2578642460662257 1.086058397823034 1.021631204731837 1.0369710126106935 1.1965050145508 1.2210487071569704 1.2578642460662257 1.3069516312785663 1.2885438618239387 1.3621749396424494 1.3499030933393643 1.3867186322486196 1.3192234775816514 1.325359400733194 1.337631247036279 1.3069516312785663 1.3008157081270237 
-48.5 -48.5 -49.0 -48.5 -48.5 -49.0 -48.5 -49.0 -49.0 -49.0 -49.0 -49.0 -49.0 -48.5 -48.0 -49.0 -50.0 -52.0 -52.5 -52.5 -53.0 -52.5 -53.0 -53.5 -53.5 -53.5 -53.5 -52.5 -53.5 -53.5 -52.5 -50.5 -50.0 -49.0 -48.5 -49.0 -49.0 -49.5 -50.0 -50.0 -50.0 -50.0 -50.5 -50.0 -50.0 
1.2026409377023426 1.2026409377023426 1.227184630308513 1.2026409377023426 1.2210487071569704 1.2578642460662257 1.2087768608538851 1.1965050145508 1.239456476611598 1.2455923997631406 1.2640001692177683 1.239456476611598 1.2455923997631406 1.184233168247715 1.0921943209745766 1.1535535524900022 1.3499030933393643 1.3989904785517047 1.380582709097077 1.5830681730979816 1.5401167110371838 1.521708941582556 1.576932249946439 1.564660403643354 1.5401167110371838 1.576932249946439 1.5278448647340985 1.41126232485479 1.5892040962495242 1.4480778637640452 4.577398671050753 1.282407938672396 1.1106020904292042 1.055378782065321 1.1106020904292042 1.1903690913992575 1.2087768608538851 1.282407938672396 1.3130875544301088 1.282407938672396 1.3069516312785663 1.3192234775816514 1.325359400733194 1.3192234775816514 1.3130875544301088 
-50.0 -50.5 -50.5 -50.5 -50.0 -50.5 -50.0 -50.5 -50.5 -50.0 -50.0 -50.0 -50.5 -50.5 -51.0 -51.5 -51.5 -50.5 -52.0 -51.5 -51.5 -52.5 -52.0 -52.5 -52.0 -52.5 -53.0 -51.5 -51.5 -53.0 -52.5 -52.5 -52.0 -50.5 -50.0 -50.5 -50.5 -50.0 -50.5 -50.5 -50.5 -50.5 -50.5 -51.0 -50.5 
1.4480778637640452 1.4726215563702154 1.4542137869155878 1.4480778637640452 1.521708941582556 1.5155730184310134 1.509437095279471 1.5278448647340985 1.4848934026733007 1.5462526341887264 1.5462526341887264 1.5278448647340985 1.5462526341887264 1.4419419406125027 1.5462526341887264 1.88986433067511 2.043262409463674 1.9573594853420782 1.9389517158874505 1.902136176978195 1.9573594853420782 2.018718716857504 2.0800779483729293 2.0800779483729293 2.1046216409791 2.1230294104337273 2.116893487282185 1.9880391010997909 1.9082721001297376 2.098485717827557 5.329049257114717 2.141437179888355 2.1537090261914402 1.7732817907958012 1.6444274046134073 1.607611865704152 1.6321555583103222 1.736466251886546 1.7671458676442586 1.7426021750380885 1.7303303287350031 1.7303303287350031 1.7241944055834606 1.718058482431918 1.6935147898257479 
-50.5 -50.0 -50.5 -50.5 -50.0 -50.0 -50.0 -50.0 -50.0 -50.0 -50.0 -50.0 -50.0 -50.5 -52.0 -51.5 -50.0 -48.5 -49.5 -50.0 -51.0 -51.5 -50.5 -50.0 -50.0 -51.0 -51.5 -51.5 -51.0 -48.5 -50.0 -51.5 -52.5 -53.5 -52.0 -51.0 -50.0 -50.0 -49.5 -50.0 -49.5 -50.0 -49.5 -49.5 -49.5 
1.932815792735908 1.932815792735908 1.932815792735908 1.9144080232812801 1.9512235621905356 1.9205439464328227 1.9082721001297376 1.9205439464328227 1.9573594853420782 1.945087639038993 1.945087639038993 1.9696313316451632 1.9512235621905356 1.9757672547967058 1.859184714917397 2.1475731030398975 2.4175537217077703 2.356194490192345 2.4605051837685683 2.423689644859313 2.399145952253143 2.399145952253143 2.313243028131547 2.454369260617026 2.3930100291016 2.405281875404685 2.399145952253143 2.423689644859313 2.442097414313941 2.3930100291016 5.700272607783043 2.4175537217077703 2.116893487282185 1.9205439464328227 1.9082721001297376 1.9696313316451632 2.018718716857504 2.043262409463674 2.1046216409791 2.086213871524472 2.0923497946760143 2.110757564130642 2.098485717827557 2.0800779483729293 2.067806102069844 
-51.0 -51.0 -51.0 -51.0 -51.0 -51.0 -51.0 -51.0 -50.5 -50.5 -50.5 -50.5 -50.5 -51.5 -53.5 -54.5 -53.0 -53.5 -53.5 -53.0 -52.5 -52.5 -53.5 -53.0 -53.5 -53.5 -52.5 -53.0 -54.0 -52.5 -53.0 -55.0 -55.5 -53.5 -52.5 -51.5 -51.0 -51.0 -51.0 -51.0 -51.0 -50.5 -51.0 -50.5 -50.5 
5.135767677841127 5.037592907416445 5.350524988145116 4.994641445355648 4.970097752749477 4.994641445355648 5.105088062083414 4.896466674930966 4.822835597112456 4.933282213840222 4.933282213840222 5.074408446325701 4.908738521234052 5.019185137961818 5.957981380147831 6.074563920027139 5.8659425328746915 5.902758071783947 6.031612457966341 6.043884304269426 6.086835766330224 6.080699843178682 6.025476534814799 6.013204688511713 6.129787228391022 5.675728915176872 6.019340611663256 6.277049384028044 6.22182607566416 6.2463697682703305 5.945709533844745 5.117359908386499 5.166447293598839 5.019185137961818 5.013049214810275 5.0253210611133605 4.890330751779424 4.884194828627882 4.865787059173254 4.841243366567084 4.945554060143307 4.994641445355648 
-64.0 -63.5 -64.0 -63.5 -64.0 -63.5 -62.5 -63.0 -63.5 -64.0 -63.5 -64.5 -63.0 -64.5 -63.5 -59.0 -57.5 -59.5 -58.5 -58.0 -58.5 -58.0 -58.0 -59.0 -60.0 -60.5 -56.5 -57.5 -58.5 -60.5 -64.0 -66.5 -65.5 -64.5 -64.0 -65.0 -64.0 -64.5 -64.0 -65.0 -63.5 -64.0 
5.2339424482658075 5.47937937432751 5.295301679781233 5.154175447295755 5.258486140871978 5.105088062083414 5.448699758569798 5.270757987175063 5.295301679781233 5.325981295538946 5.399612373357457 5.197126909356553 5.2768939103266055 5.313709449235861 2.5770877236478773 0.04295146206079795 6.160466844148735 6.227961998815704 5.884350302329319 0.5460971604872883 0.25770877236478773 0.09817477042468103 0.3190680038802134 0.4663301595172349 0.6258641614573416 6.105243535784852 6.234097921967246 5.755495916146925 5.8659425328746915 6.1420590746941075 5.957981380147831 5.148039524144211 5.056000676871073 5.2768939103266055 5.375068680751287 5.270757987175063 5.387340527054372 5.350524988145116 5.442563835418255 5.473243451175968 5.638913376267617 5.45483568172134 5.442563835418255 
-62.0 -62.5 -62.0 -62.5 -63.0 -61.5 -62.0 -61.5 -62.0 -61.5 -61.0 -61.0 -61.5 -63.5 -73.5 -66.0 -63.0 -62.5 -63.5 -66.5 -63.0 -62.0 -62.0 -64.5 -70.0 -65.5 -62.0 -68.0 -63.5 -65.0 -68.5 -70.0 -68.5 -63.5 -61.5 -61.5 -61.0 -61.0 -61.5 -60.5 -61.5 -60.5 -60.5 
