3.138524692014022 6.043884304269426 6.264777537724958 0.006135923151542565 6.258641614573416 0.006135923151542565 0.03681553890925539 0.16566992509164924 0.2761165418194154 4.957825906446392 4.448544284868359 2.325514874434632 2.5341362615870793 2.3930100291016 2.6998061866787286 2.5709518004963345 2.5464081078901644 6.17273869045182 5.559146375297564 5.829126993965437 2.662990647769473 2.5280003384355365 2.5586799541932495 2.6261751088602177 2.5402721847386216 2.5157284921324514 2.7120780329818137 
-69.0 -69.5 -70.0 -69.5 -70.0 -71.0 -70.5 -71.0 -73.0 -77.0 -69.5 -65.5 -65.5 -67.0 -69.0 -69.5 -69.0 -68.0 -78.0 -68.0 -63.5 -65.5 -64.0 -64.5 -63.0 -62.5 -62.5 
1.6566992509164924 1.748738098189631 4.878058905476339 1.6689710972195777 1.6260196351587797 1.6321555583103222 1.5953400194010667 1.5585244804918115 1.6689710972195777 1.4787574795217582 1.4358060174609601 1.533980787885641 1.4542137869155878 1.5155730184310134 1.5401167110371838 1.3008157081270237 1.4910293258248433 1.1535535524900022 1.4910293258248433 1.5585244804918115 1.761009944492716 2.000310947402876 2.000310947402876 2.067806102069844 1.902136176978195 2.1966604882522383 2.172116795646068 2.3316507975861747 2.3193789512830896 2.1905245651006955 2.030990563160589 2.0064468705544187 1.8837284075235674 1.8100973297050567 1.8100973297050567 1.761009944492716 1.859184714917397 2.12916533358527 1.8346410223112268 1.9389517158874505 1.859184714917397 1.7548740213411735 1.8714565612204823 1.8530487917658545 1.8285050991596843 
-60.5 -60.5 -60.5 -59.5 -60.0 -60.5 -61.0 -60.5 -61.5 -61.0 -61.5 -61.5 -61.5 -61.5 -60.5 -61.5 -61.5 -61.0 -61.5 -60.0 -60.5 -62.0 -63.0 -61.5 -60.0 -60.5 -60.5 -60.5 -60.0 -62.0 -62.5 -62.5 -60.0 -59.5 -58.0 -59.0 -60.0 -60.0 -61.0 -61.5 -61.5 -60.5 -60.5 -60.0 -60.5 
1.2455923997631406 1.303883669702795 1.3222914391574228 1.2701360923693108 1.2455923997631406 1.2578642460662257 1.3130875544301088 1.1044661672776617 1.1658253987930873 1.2087768608538851 1.2701360923693108 1.2333205534600555 1.227184630308513 1.214912784005428 1.2762720155208536 1.2701360923693108 1.214912784005428 1.2578642460662257 1.325359400733194 1.2640001692177683 1.1596894756415448 1.1351457830353744 1.1719613219446299 0.9572040116406401 0.9326603190344698 0.8222137023067037 0.6872233929727672 0.6749515466696822 0.7179030087304801 0.803805932852076 1.1167380135807468 1.2210487071569704 0.9878836273983529 1.000155473701438 1.1290098598838318 1.2946797849754812 1.3314953238847365 1.1167380135807468 1.1228739367322893 1.0369710126106935 1.0983302441261191 1.1535535524900022 1.2455923997631406 1.2885438618239387 1.3069516312785663 
-51.5 -52.0 -52.0 -51.0 -51.5 -51.0 -50.5 -50.5 -50.0 -50.5 -50.5 -50.0 -50.0 -50.0 -50.5 -50.5 -50.0 -49.5 -50.5 -52.0 -52.0 -54.0 -54.5 -55.5 -55.5 -55.5 -57.0 -57.0 -56.5 -56.0 -55.5 -56.5 -54.0 -52.5 -52.5 -52.5 -51.0 -50.0 -51.0 -50.5 -50.5 -50.0 -50.0 -49.5 -49.5 
1.184233168247715 1.1995729761265714 1.2026409377023426 1.1290098598838318 1.1596894756415448 1.1903690913992575 1.1965050145508 1.1780972450961724 1.1903690913992575 1.1965050145508 1.1596894756415448 1.1658253987930873 1.043106935762236 1.1780972450961724 1.214912784005428 1.2210487071569704 1.1167380135807468 1.0246991663076084 1.1658253987930873 1.2578642460662257 1.423534171157875 1.4480778637640452 1.2517283229146832 1.2701360923693108 1.368310862793992 1.3130875544301088 1.2946797849754812 1.3192234775816514 1.3192234775816514 1.3008157081270237 1.3989904785517047 1.5830681730979816 1.2578642460662257 1.2946797849754812 1.1658253987930873 1.0676506283684062 0.9694758579437253 0.9940195505498954 1.012427320004523 1.055378782065321 1.012427320004523 1.0676506283684062 1.141281706186917 1.1965050145508 1.214912784005428 
-51.0 -51.5 -51.5 -50.5 -50.5 -50.5 -50.5 -51.0 -50.5 -50.5 -50.5 -50.5 -51.0 -50.5 -51.0 -51.0 -51.0 -51.0 -51.5 -51.5 -51.5 -51.0 -52.0 -53.0 -53.0 -53.0 -53.0 -53.0 -53.5 -53.5 -52.5 -53.0 -52.5 -52.0 -52.5 -52.5 -51.5 -51.0 -50.5 -50.5 -50.5 -50.5 -50.5 -50.0 -49.5 
1.8070293681292853 1.7916895602504288 1.7794177139473437 1.736466251886546 1.7303303287350031 1.6812429435226628 1.6566992509164924 1.662835174068035 1.564660403643354 1.5953400194010667 1.6321555583103222 1.533980787885641 1.521708941582556 1.380582709097077 1.5155730184310134 1.5892040962495242 1.5462526341887264 1.902136176978195 2.1475731030398975 2.141437179888355 2.000310947402876 1.9573594853420782 1.9941750242513334 2.2334760271614935 2.1966604882522383 2.1659808724945253 2.1230294104337273 2.2027964114037806 2.2886993355253766 2.0800779483729293 2.1046216409791 2.116893487282185 2.227340104009951 2.2518837966161214 2.116893487282185 1.7241944055834606 1.6751070203711202 1.6996507129772904 1.736466251886546 1.7426021750380885 1.7978254834019713 1.7732817907958012 1.8775924843720249 1.88986433067511 
-49.5 -49.5 -48.5 -49.0 -48.5 -49.0 -48.5 -49.0 -49.0 -48.5 -49.0 -49.0 -48.5 -48.5 -48.0 -48.5 -49.5 -51.5 -52.0 -51.5 -50.5 -53.5 -55.0 -55.0 -55.0 -55.0 -55.5 -55.0 -56.0 -55.5 -52.0 -51.0 -53.0 -54.5 -54.5 -53.0 -50.5 -49.5 -48.5 -49.0 -49.0 -49.0 -49.5 -49.5 
1.9757672547967058 5.166447293598839 2.012582793705961 2.0064468705544187 1.9757672547967058 1.9696313316451632 1.945087639038993 1.9082721001297376 1.9266798695843652 1.9205439464328227 1.846912868614312 1.8714565612204823 1.8837284075235674 1.7855536370988863 1.8162332528565992 1.8285050991596843 1.8346410223112268 1.7794177139473437 2.055534255766759 2.325514874434632 2.423689644859313 2.399145952253143 2.4605051837685683 2.5157284921324514 2.454369260617026 2.3930100291016 2.5280003384355365 2.4850488763747385 2.442097414313941 2.423689644859313 2.6200391857086753 2.4175537217077703 2.4175537217077703 2.5034566458293663 2.4727770300716534 2.2334760271614935 1.9757672547967058 1.945087639038993 1.9757672547967058 1.9512235621905356 1.9757672547967058 1.945087639038993 1.9512235621905356 1.9757672547967058 2.000310947402876 
-50.5 -51.0 -51.0 -50.5 -51.0 -50.5 -50.0 -50.5 -50.5 -50.5 -50.5 -50.5 -50.5 -50.0 -49.5 -49.5 -49.5 -51.0 -53.0 -54.0 -54.0 -55.0 -55.0 -54.5 -54.0 -55.0 -55.5 -55.5 -55.0 -53.5 -55.5 -55.0 -53.5 -53.5 -55.0 -55.5 -53.0 -51.5 -50.5 -50.5 -50.5 -52.0 -51.5 -51.5 -51.5 
4.847379289718626 4.660233633596578 4.614214209960009 4.822835597112456 4.651029748869264 4.718524903536232 4.657165672020807 4.816699673960914 4.749204519293945 4.638757902566179 4.577398671050753 4.706253057233147 4.6878452877785195 4.657165672020807 4.9823695990525625 4.804427827657828 4.540583132141498 5.859806609723149 6.019340611663256 5.602097837358362 5.786175531904639 5.921165841238575 5.964117303299373 6.050020227420969 6.007068765360171 6.019340611663256 6.019340611663256 6.12365130523948 5.730952223540755 5.565282298449106 6.007068765360171 0.006135923151542565 0.04295146206079795 0.09817477042468103 4.914874444385594 4.755340442445488 4.865787059173254 4.896466674930966 4.76147636559703 4.657165672020807 4.638757902566179 
-61.0 -62.5 -63.0 -63.0 -62.5 -63.0 -63.0 -62.0 -62.5 -63.0 -63.5 -61.5 -63.0 -63.0 -62.5 -61.5 -61.5 -66.5 -61.5 -61.0 -63.5 -63.5 -64.5 -63.0 -63.0 -62.5 -62.0 -62.0 -63.5 -61.5 -59.0 -59.0 -63.0 -65.5 -63.0 -63.0 -62.5 -62.5 -61.0 -60.5 -60.5 
5.50392306693368 2.205864372979552 5.313709449235861 5.184855063053467 5.313709449235861 5.301437602932776 5.221670601962723 5.2339424482658075 5.258486140871978 5.332117218690489 5.240078371417351 5.301437602932776 5.190990986205009 5.307573526084319 5.418020142812084 5.264622064023521 5.393476450205914 0.2638446955163303 0.2454369260617026 0.4663301595172349 0.37429131224409645 1.1535535524900022 0.9019807032767571 0.9694758579437253 1.0615147052168636 3.3624858870453256 0.7976700097005334 0.11044661672776616 1.9082721001297376 5.2339424482658075 5.418020142812084 5.105088062083414 4.97623367590102 4.693981210930062 4.7860200582032 4.865787059173254 
-61.5 -62.5 -62.5 -61.5 -62.0 -61.5 -61.5 -62.5 -63.0 -62.5 -63.5 -62.0 -62.5 -60.5 -60.5 -60.0 -62.5 -64.0 -64.5 -66.5 -69.5 -67.0 -67.5 -67.5 -70.5 -71.0 -71.0 -68.5 -69.5 -62.5 -61.5 -63.0 -64.5 -64.0 -63.0 -63.5 
