2.804116880254952 2.742757648739526 3.074097498922825 2.9268353432858034 2.7979809571034093 2.9145634969827183 3.2827188860752723 3.000466421104314 2.8777479580734626 2.730485802436441 3.055689729468197 6.14819499784565 3.043417883165112 2.8102528034064944 3.0066023442558567 2.9268353432858034 2.9513790358919736 2.9575149590435164 3.0372819600135696 3.098641191528995 2.9084275738311756 0.04295146206079795 3.104777114680538 2.9329712664373457 3.0250101137104846 3.2336315008629315 3.3195344249845276 3.160000423044421 3.08636934522591 2.497320722677824 6.12365130523948 2.890019804376548 5.945709533844745 3.11091303783208 2.8409324191642074 2.9636508821950587 2.8716120349219203 2.816388726558037 2.8838838812250054 
-66.5 -66.5 -65.5 -67.0 -65.5 -66.0 -66.0 -66.5 -66.0 -65.0 -66.5 -66.0 -65.5 -66.0 -63.5 -65.5 -64.0 -64.0 -65.0 -62.5 -60.0 -62.5 -62.0 -60.0 -61.0 -62.0 -62.0 -62.0 -62.5 -62.5 -65.0 -65.0 -67.5 -67.0 -67.0 -67.5 -65.5 -66.0 -65.5 
3.06182565261974 3.000466421104314 2.9513790358919736 2.9329712664373457 3.0250101137104846 3.067961575771282 2.890019804376548 3.000466421104314 3.399301425954581 3.067961575771282 2.8838838812250054 2.9145634969827183 2.945243112740431 3.074097498922825 3.06182565261974 2.9329712664373457 3.0250101137104846 3.0066023442558567 2.9268353432858034 2.9022916506796332 3.06182565261974 6.215690152512618 2.6691265709210157 2.9513790358919736 2.6998061866787286 2.693670263527186 2.8961557275280905 3.067961575771282 2.9697868053466014 2.9820586516496865 2.82252464970958 2.5586799541932495 2.730485802436441 2.8961557275280905 3.215223731408304 3.0925052683774528 2.84706834231575 2.8532042654672924 3.117048960983623 2.6691265709210157 2.890019804376548 2.9759227284981438 2.9206994201342606 
-63.0 -62.0 -61.5 -62.0 -63.0 -62.0 -61.5 -62.5 -62.5 -62.0 -61.5 -62.0 -62.0 -61.5 -62.5 -62.0 -62.5 -61.0 -61.5 -59.0 -63.0 -63.0 -60.5 -59.5 -59.5 -60.0 -60.5 -62.0 -62.0 -60.0 -61.0 -58.5 -58.0 -59.5 -61.0 -63.5 -63.0 -62.5 -64.0 -65.0 -65.0 -64.5 -64.5 
0.09203884727313846 0.09203884727313846 0.14112623248547898 0.11658253987930872 0.1043106935762236 0.11044661672776616 0.11658253987930872 0.14726215563702155 0.07363107781851078 0.1227184630308513 0.12885438618239387 0.1227184630308513 0.21475731030398976 0.1227184630308513 0.09203884727313846 0.11658253987930872 0.006135923151542565 0.11044661672776616 0.14112623248547898 0.4356505437595221 0.5399612373357456 0.5276893910326605 0.8713010875190442 0.6688156235181395 0.44178646691106466 0.4479223900626072 0.3620194659410113 0.0674951546669682 0.21475731030398976 0.28225246497095796 0.37429131224409645 0.4970097752749477 0.4970097752749477 0.619728238305799 0.705631162427395 0.4111068511533518 0.4356505437595221 0.35588354278946877 0.2270291566070749 0.1902136176978195 0.1227184630308513 0.12885438618239387 0.09817477042468103 
-54.0 -54.0 -54.0 -54.0 -54.0 -54.0 -54.0 -54.0 -54.0 -54.0 -54.0 -54.5 -54.0 -54.0 -54.0 -54.5 -54.5 -55.0 -55.0 -54.0 -53.5 -55.5 -54.0 -51.5 -54.0 -54.0 -53.5 -54.0 -54.0 -54.5 -54.0 -53.5 -52.0 -52.5 -55.0 -56.5 -55.0 -56.0 -58.0 -57.5 -57.5 -57.5 -57.5 
0.5829126993965437 0.5951845456996288 0.5829126993965437 0.6258641614573416 0.6135923151542565 0.6872233929727672 0.6872233929727672 0.4970097752749477 0.5829126993965437 0.6688156235181395 0.6810874698212247 0.6994952392758523 0.6442719309119693 0.6688156235181395 0.662679700366597 0.6013204688511713 0.6258641614573416 0.6013204688511713 0.7363107781851077 0.760854470791278 0.8958447801252144 1.0492428589137786 0.9265243958829272 0.7915340865489908 0.5951845456996288 0.6872233929727672 0.6320000846088841 0.5706408530934585 0.5951845456996288 0.705631162427395 0.5522330836388308 0.7976700097005334 0.662679700366597 0.6013204688511713 0.7485826244881929 0.9081166264282996 0.8713010875190442 0.9265243958829272 1.0062913968529805 0.9081166264282996 0.9142525495798421 0.705631162427395 0.5829126993965437 
-56.5 -57.0 -56.5 -56.5 -56.5 -56.5 -56.5 -57.0 -56.5 -56.5 -57.0 -56.5 -56.5 -57.0 -56.5 -56.5 -56.5 -57.0 -56.5 -55.5 -55.0 -53.5 -52.5 -53.0 -54.0 -54.5 -54.0 -56.0 -56.5 -56.5 -55.5 -54.0 -55.0 -53.5 -53.0 -54.0 -55.0 -57.0 -57.5 -57.0 -58.0 -59.0 -59.5 
0.7792622402459057 0.8651651643675016 0.8222137023067037 0.7853981633974483 0.7792622402459057 0.8774370106705868 0.8467573949128739 0.7731263170943632 0.8774370106705868 0.7547185476397354 0.7731263170943632 0.8528933180644165 0.6504078540635119 0.8774370106705868 0.9510680884890975 0.7976700097005334 0.8099418560036186 0.8467573949128739 1.1719613219446299 1.2640001692177683 1.0921943209745766 1.086058397823034 0.9019807032767571 0.6994952392758523 0.5522330836388308 0.5399612373357456 0.44178646691106466 0.4540583132141498 0.6994952392758523 0.44178646691106466 0.4970097752749477 0.5767767762450011 0.28838838812250056 0.5399612373357456 0.8099418560036186 0.9694758579437253 0.9387962421860124 1.1351457830353744 1.214912784005428 1.2455923997631406 1.1596894756415448 1.000155473701438 1.0615147052168636 
-58.0 -57.5 -57.5 -57.0 -57.5 -57.5 -57.5 -57.5 -57.5 -57.5 -57.5 -58.0 -57.5 -57.5 -57.5 -57.5 -58.0 -57.5 -56.0 -52.5 -52.0 -51.0 -50.5 -52.0 -53.0 -54.0 -54.0 -54.0 -54.5 -55.0 -55.0 -54.0 -53.0 -53.0 -50.5 -52.0 -52.5 -53.0 -55.0 -56.0 -57.5 -59.0 -59.0 
1.5186409800067848 1.8039614065535141 1.533980787885641 1.509437095279471 1.552388557340269 1.576932249946439 1.5585244804918115 1.576932249946439 1.6137477888556946 1.6014759425526093 1.509437095279471 1.533980787885641 1.5953400194010667 1.5401167110371838 1.7119225592803755 1.5585244804918115 1.5953400194010667 1.5401167110371838 1.6260196351587797 1.8714565612204823 1.6137477888556946 1.4848934026733007 1.4971652489763858 1.3314953238847365 1.6873788666742053 1.3008157081270237 1.748738098189631 1.9266798695843652 1.932815792735908 1.9144080232812801 1.8407769454627694 2.012582793705961 1.7855536370988863 1.7978254834019713 1.7855536370988863 1.6505633277649499 1.4173982480063325 1.5462526341887264 1.8162332528565992 2.1046216409791 2.1353012567368124 2.0493983326152168 2.073942025221387 2.0493983326152168 
-64.5 -64.5 -63.5 -63.5 -64.0 -63.5 -63.5 -63.5 -64.0 -64.0 -64.5 -65.0 -64.5 -64.0 -64.5 -65.0 -64.0 -65.0 -62.0 -61.0 -56.5 -54.0 -54.5 -57.5 -59.0 -57.0 -59.0 -59.0 -56.5 -57.0 -56.5 -59.0 -57.5 -57.5 -57.0 -57.0 -57.0 -57.5 -57.5 -59.5 -60.5 -61.0 -63.0 -61.5 
3.810408277107933 3.902447124381071 4.104932588381976 3.6079228131070282 5.092816215780329 4.632621979414636 5.184855063053467 5.240078371417351 3.5772431973493153 3.902447124381071 3.761320891895592 3.454524734318464 4.534447208989955 4.921010367537137 4.871922982324796 5.031456984264903 
-78.5 -79.0 -78.5 -78.0 -68.5 -67.5 -69.5 -70.5 -65.0 -64.0 -68.0 -63.5 -66.5 -68.0 -69.0 -69.5 
0.3190680038802134 0.42337869745643697 0.3865631585471816 0.3374757733348411 0.35588354278946877 0.35588354278946877 0.47860200582032003 0.48473792897186263 0.4540583132141498 0.4295146206079795 0.4356505437595221 0.4540583132141498 0.521553467881118 0.09817477042468103 0.3129320807286708 0.3129320807286708 0.02454369260617026 0.4111068511533518 0.0 5.724816300389213 5.675728915176872 5.405748296509 5.749359992995383 6.050020227420969 5.945709533844745 5.773903685601553 5.681864838328415 5.9088939949354895 6.209554229361076 6.056156150572511 5.66959299202533 5.589825991055276 5.66959299202533 5.964117303299373 6.056156150572511 0.030679615757712823 6.264777537724958 6.215690152512618 6.240233845118788 
-63.0 -62.5 -63.0 -63.0 -63.0 -63.5 -63.5 -63.5 -63.0 -63.5 -63.0 -63.0 -63.5 -63.5 -63.0 -63.0 -63.5 -63.0 -61.0 -61.0 -59.0 -59.5 -60.0 -61.5 -59.5 -58.5 -57.0 -60.0 -60.0 -62.0 -61.0 -60.5 -61.0 -60.0 -60.0 -61.0 -61.5 -61.0 -60.5 
