2.6813984172241008 6.013204688511713 5.9518454569962875 2.724349879284899 2.5402721847386216 2.890019804376548 2.5157284921324514 5.988660995905543 6.050020227420969 2.675262494072558 6.092971689481767 2.945243112740431 3.5465635815916023 3.3624858870453256 2.834796496012665 2.791845033951867 3.000466421104314 3.08636934522591 2.9636508821950587 2.82252464970958 6.145127036269878 3.000466421104314 3.816544200259475 2.9759227284981438 3.000466421104314 3.2765829629237295 6.2463697682703305 6.050020227420969 2.7857091108003242 5.957981380147831 5.93343768754166 
-66.0 -66.5 -66.5 -64.5 -65.5 -65.5 -65.5 -66.0 -66.5 -65.0 -67.5 -61.0 -63.0 -60.0 -62.0 -63.5 -61.5 -63.0 -63.0 -63.0 -61.5 -60.5 -62.5 -64.5 -64.0 -66.0 -71.5 -69.5 -67.0 -69.0 -69.0 
2.9329712664373457 3.08636934522591 0.01227184630308513 3.479068426924634 2.859340188618835 3.184544115650591 3.000466421104314 2.9636508821950587 2.8409324191642074 2.8777479580734626 3.117048960983623 6.212622190936846 6.209554229361076 2.84706834231575 2.60776733940559 2.988194574801229 3.160000423044421 0.18407769454627693 3.0066023442558567 2.6261751088602177 2.8716120349219203 2.761165418194154 2.8286605728611223 2.705942109830271 2.724349879284899 5.924233802814347 2.730485802436441 3.2336315008629315 2.5709518004963345 2.5034566458293663 2.466641106920111 2.5034566458293663 2.6200391857086753 2.497320722677824 2.552544031041707 5.816855147662351 2.5402721847386216 2.552544031041707 2.6139032625571326 2.675262494072558 
-64.0 -63.5 -65.0 -64.5 -64.5 -63.5 -64.5 -64.5 -64.0 -65.0 -65.0 -66.5 -64.5 -62.5 -62.0 -63.0 -59.5 -61.5 -59.0 -62.0 -61.0 -60.5 -62.0 -61.5 -61.5 -61.5 -60.0 -60.5 -63.5 -62.5 -63.0 -63.5 -66.0 -66.0 -65.5 -66.0 -65.0 -64.5 -66.0 -65.0 
0.0859029241215959 0.04295146206079795 0.021475731030398976 0.09203884727313846 0.07976700097005335 0.1227184630308513 0.0 0.030679615757712823 0.14726215563702155 0.09817477042468103 0.11658253987930872 0.02454369260617026 0.1902136176978195 0.07669903939428206 0.1043106935762236 0.4970097752749477 0.5645049299419159 0.48473792897186263 0.8835729338221293 0.7025632008516236 0.34974761963792617 0.4356505437595221 0.5031456984264903 0.4479223900626072 0.44178646691106466 0.5460971604872883 0.4724660826687775 0.5062136600022615 0.44178646691106466 0.5338253141842031 0.8283496254582462 0.7301748550335652 0.44178646691106466 0.5645049299419159 0.4356505437595221 0.23930100291016002 0.1718058482431918 0.1595340019401067 0.16566992509164924 0.1227184630308513 0.20248546400090464 0.1595340019401067 0.07976700097005335 0.1349903093339364 0.03681553890925539 
-56.0 -56.5 -56.0 -55.5 -55.5 -56.0 -56.0 -55.0 -55.5 -55.5 -55.5 -56.0 -56.0 -56.0 -55.5 -53.5 -52.5 -54.5 -53.5 -51.5 -52.0 -53.5 -52.5 -52.0 -52.0 -52.0 -52.0 -53.5 -52.5 -50.5 -51.5 -54.5 -54.0 -52.5 -52.5 -54.0 -54.5 -54.5 -54.5 -55.0 -55.0 -55.0 -55.0 -55.5 -56.0 
0.8160777791551611 0.7976700097005334 0.7424467013366504 0.7117670855789375 0.5706408530934585 0.705631162427395 0.7179030087304801 0.705631162427395 0.7117670855789375 0.6749515466696822 0.6504078540635119 0.705631162427395 0.6442719309119693 0.7117670855789375 0.7209709703062513 0.619728238305799 0.6688156235181395 0.9387962421860124 0.9510680884890975 0.9326603190344698 0.662679700366597 0.705631162427395 0.6872233929727672 0.705631162427395 0.6258641614573416 0.6135923151542565 0.7117670855789375 0.7363107781851077 0.7853981633974483 0.8651651643675016 0.7240389318820226 0.8344855486097889 0.9203884727313847 0.8897088569736719 0.7731263170943632 0.6320000846088841 0.6933593161243098 0.6933593161243098 0.7240389318820226 0.6872233929727672 0.5951845456996288 0.662679700366597 0.7301748550335652 0.705631162427395 0.6872233929727672 0.6872233929727672 
-58.0 -58.0 -58.0 -58.0 -57.0 -57.5 -58.0 -57.5 -57.5 -57.5 -57.5 -57.5 -57.0 -57.5 -58.0 -57.5 -55.5 -55.0 -53.0 -52.5 -53.0 -53.0 -53.5 -53.0 -53.0 -54.0 -54.0 -53.5 -53.0 -53.0 -53.0 -52.0 -52.0 -52.0 -54.0 -55.0 -57.0 -57.5 -57.5 -57.5 -58.0 -58.0 -57.5 -57.5 -57.5 -57.5 
1.0246991663076084 1.0615147052168636 4.169359781473172 1.012427320004523 1.030835089459151 0.7853981633974483 0.9817477042468103 0.9756117810952678 0.9510680884890975 0.760854470791278 0.9817477042468103 1.0185632431560658 0.8958447801252144 0.9387962421860124 1.0369710126106935 1.0799224746714913 1.2333205534600555 1.1535535524900022 1.0369710126106935 0.9633399347921826 0.7424467013366504 0.7363107781851077 0.7669903939428205 0.8467573949128739 0.8099418560036186 0.7731263170943632 0.803805932852076 0.7853981633974483 0.8314175870340175 0.9756117810952678 0.7547185476397354 0.7547185476397354 0.9694758579437253 1.1044661672776617 1.2517283229146832 1.3499030933393643 1.2517283229146832 1.1965050145508 1.1780972450961724 1.0615147052168636 1.0676506283684062 1.0737865515199487 1.0983302441261191 1.055378782065321 1.055378782065321 1.1596894756415448 
-58.0 -57.5 -58.5 -59.0 -58.5 -58.5 -57.5 -58.0 -58.5 -58.0 -57.5 -57.5 -58.0 -58.0 -58.5 -57.0 -53.5 -52.5 -51.0 -50.0 -52.0 -52.5 -52.5 -53.0 -53.0 -52.5 -52.5 -52.0 -52.0 -52.0 -52.0 -51.0 -50.5 -51.0 -51.5 -52.0 -53.5 -54.5 -55.0 -55.5 -56.0 -56.0 -55.5 -55.5 -55.5 -56.0 
1.859184714917397 1.8162332528565992 1.846912868614312 1.8193012144323704 1.7303303287350031 1.6873788666742053 1.736466251886546 1.6505633277649499 1.6812429435226628 1.6382914814618648 1.6812429435226628 1.6505633277649499 1.5462526341887264 1.761009944492716 1.782485675523115 1.6321555583103222 1.5892040962495242 1.5401167110371838 1.509437095279471 1.337631247036279 1.4726215563702154 1.6812429435226628 1.509437095279471 1.576932249946439 1.6505633277649499 1.5278448647340985 1.6812429435226628 1.718058482431918 1.6689710972195777 1.4664856332186729 1.6382914814618648 1.3989904785517047 1.3867186322486196 1.41126232485479 1.509437095279471 1.533980787885641 1.718058482431918 1.7671458676442586 1.6996507129772904 1.6382914814618648 1.7548740213411735 1.7426021750380885 1.8039614065535141 1.748738098189631 1.7548740213411735 1.8162332528565992 
-63.0 -63.0 -64.0 -64.0 -62.5 -63.0 -62.5 -63.5 -63.0 -63.0 -63.0 -63.0 -63.0 -63.0 -63.5 -60.5 -56.0 -55.0 -54.0 -57.0 -58.0 -58.0 -58.0 -59.0 -58.5 -56.5 -57.0 -57.5 -59.0 -58.0 -58.5 -57.5 -56.5 -55.5 -55.0 -56.0 -60.0 -59.5 -61.5 -60.5 -61.5 -61.0 -60.5 -62.0 -60.5 -61.5 
5.203262832508095 5.252350217720435 5.135767677841127 5.092816215780329 5.013049214810275 5.141903600992669 5.019185137961818 5.154175447295755 4.595806440505381 4.73693267299086 4.031301510563465 3.693825737228624 3.6017868899554855 0.8835729338221293 4.485359823777615 0.4111068511533518 3.488272311651948 4.221515128261284 4.147884050442774 4.135612204139688 3.890175278077986 4.8351074434155406 5.129631754689584 4.908738521234052 5.006913291658733 5.074408446325701 4.957825906446392 4.914874444385594 4.871922982324796 5.074408446325701 4.865787059173254 4.804427827657828 
-73.0 -73.0 -73.0 -73.0 -73.5 -74.0 -74.5 -73.0 -71.5 -68.0 -62.5 -60.5 -66.5 -69.5 -69.5 -68.0 -64.5 -62.5 -62.0 -65.5 -62.5 -63.0 -66.0 -67.0 -67.0 -67.5 -69.5 -70.0 -70.5 -69.0 -69.0 -70.5 
0.1595340019401067 0.1718058482431918 0.11658253987930872 3.2980586939541285 0.15339807878856412 0.39269908169872414 0.22089323345553233 0.04295146206079795 0.05522330836388308 0.2761165418194154 0.03681553890925539 0.018407769454627694 0.1043106935762236 0.0859029241215959 0.12578642460662257 0.06135923151542565 5.749359992995383 5.859806609723149 2.448233337465483 5.936505649117431 5.798447378207723 5.8475347634200645 5.620505606812989 6.074563920027139 5.798447378207723 5.9088939949354895 6.007068765360171 5.758563877722697 5.829126993965437 6.062292073724054 2.5280003384355365 5.583690067903734 5.632777453116074 5.835262917116979 5.786175531904639 6.258641614573416 0.12885438618239387 0.09817477042468103 0.19634954084936207 0.04295146206079795 0.06135923151542565 6.252505691421874 0.12885438618239387 6.277049384028044 0.1227184630308513 
-62.5 -62.5 -63.5 -63.5 -63.5 -63.5 -62.5 -63.5 -63.5 -62.5 -63.5 -63.0 -63.0 -62.5 -63.5 -62.0 -61.0 -59.0 -62.0 -64.5 -61.0 -60.5 -62.5 -61.0 -58.5 -59.0 -60.5 -62.5 -60.5 -62.0 -64.0 -60.5 -61.0 -61.0 -61.5 -62.0 -63.0 -63.0 -62.5 -62.0 -63.0 -62.0 -62.5 -63.0 -62.5 
