2.386874105950058 2.411417798556228 2.6200391857086753 2.448233337465483 2.6875343403756435 2.5709518004963345 2.3623304133438876 2.509592568980909 2.521864415283994 2.5341362615870793 2.8777479580734626 3.184544115650591 2.8532042654672924 2.9022916506796332 2.5709518004963345 2.761165418194154 3.104777114680538 3.104777114680538 2.748893571891069 2.742757648739526 2.9329712664373457 3.2029518851052186 3.1968159619536762 2.988194574801229 2.9575149590435164 2.8961557275280905 3.1784081924990484 3.08636934522591 6.2463697682703305 6.270913460876501 2.834796496012665 2.5770877236478773 2.6568547246179306 2.3746022596469727 
-66.5 -66.0 -67.0 -66.0 -67.0 -66.0 -66.5 -66.5 -66.5 -68.0 -62.0 -61.0 -60.5 -60.0 -62.0 -62.0 -62.5 -60.5 -61.0 -58.5 -59.5 -63.0 -61.5 -64.0 -62.5 -61.5 -68.5 -67.5 -70.5 -70.5 -69.5 -68.5 -70.0 -68.5 
2.6568547246179306 2.6875343403756435 2.5280003384355365 2.5893595699509624 2.730485802436441 2.6261751088602177 2.5157284921324514 2.650718801466388 2.779573187648782 2.816388726558037 2.6016314162540475 2.742757648739526 2.7550294950426117 2.742757648739526 5.988660995905543 2.705942109830271 2.5402721847386216 2.890019804376548 2.9084275738311756 2.82252464970958 2.816388726558037 2.767301341345697 2.945243112740431 2.8838838812250054 2.7857091108003242 2.8102528034064944 2.675262494072558 2.705942109830271 2.9329712664373457 3.4913402732277192 3.2029518851052186 3.215223731408304 2.748893571891069 2.6200391857086753 2.8532042654672924 2.8286605728611223 6.264777537724958 3.043417883165112 3.06182565261974 2.816388726558037 2.8102528034064944 2.9084275738311756 2.804116880254952 2.859340188618835 
-65.0 -64.0 -64.5 -64.0 -65.5 -62.5 -64.0 -65.0 -63.5 -64.5 -62.5 -65.0 -64.5 -63.0 -64.0 -61.5 -64.0 -62.0 -61.0 -59.5 -60.5 -60.5 -60.5 -60.5 -61.0 -60.0 -61.5 -60.0 -59.5 -61.0 -62.0 -64.5 -64.0 -63.5 -64.0 -65.5 -67.5 -67.0 -65.5 -65.0 -64.0 -65.5 -64.0 -64.0 
6.209554229361076 6.191146459906448 6.270913460876501 6.1850105367549055 6.2463697682703305 6.19728238305799 6.209554229361076 6.178874613603362 6.2034183062095325 6.111379458936394 0.1043106935762236 6.264777537724958 6.178874613603362 6.1850105367549055 6.270913460876501 0.3313398501832985 0.4172427743048944 0.6442719309119693 0.7669903939428205 0.3988350048502667 0.30679615757712825 0.3865631585471816 0.4049709280018093 0.2761165418194154 0.28838838812250056 0.2945243112740431 0.3620194659410113 0.4172427743048944 0.35588354278946877 0.607456392002714 0.760854470791278 0.3865631585471816 0.3313398501832985 0.30066023442558565 6.264777537724958 6.264777537724958 6.234097921967246 0.018407769454627694 0.03681553890925539 6.270913460876501 0.01227184630308513 6.2034183062095325 6.215690152512618 6.215690152512618 6.234097921967246 
-57.5 -57.0 -57.0 -57.0 -56.5 -57.0 -57.0 -56.5 -57.0 -57.0 -57.0 -56.5 -57.0 -57.5 -57.5 -55.0 -54.5 -56.0 -53.5 -52.5 -54.5 -55.0 -53.5 -53.5 -53.0 -53.0 -53.5 -54.5 -54.0 -52.0 -55.0 -56.5 -55.0 -54.5 -56.0 -57.5 -57.5 -58.0 -58.5 -58.5 -57.5 -58.0 -57.5 -57.5 -57.5 
0.7547185476397354 0.9142525495798421 0.8713010875190442 0.7976700097005334 0.8651651643675016 0.9019807032767571 0.6872233929727672 0.8467573949128739 0.8406214717613314 0.8651651643675016 0.8222137023067037 0.9203884727313847 0.8835729338221293 0.8774370106705868 0.7179030087304801 0.5829126993965437 0.8774370106705868 0.9081166264282996 0.8406214717613314 0.5276893910326605 0.6258641614573416 0.662679700366597 0.5706408530934585 0.5890486225480862 0.705631162427395 0.5767767762450011 0.6933593161243098 0.705631162427395 0.7240389318820226 0.7240389318820226 0.859029241215959 0.6504078540635119 0.7915340865489908 0.7915340865489908 0.8713010875190442 0.9633399347921826 1.012427320004523 0.9878836273983529 0.9756117810952678 0.9694758579437253 0.8160777791551611 0.9940195505498954 0.9633399347921826 0.859029241215959 0.9387962421860124 
-57.5 -57.0 -57.0 -57.0 -57.5 -57.5 -57.5 -57.5 -57.0 -57.5 -57.5 -57.5 -58.0 -57.5 -57.5 -56.0 -55.0 -53.5 -53.5 -54.0 -54.5 -55.0 -55.0 -56.0 -56.0 -55.5 -55.5 -55.0 -55.0 -53.5 -54.0 -54.5 -55.0 -56.5 -58.0 -58.0 -57.5 -57.5 -58.0 -58.0 -57.5 -57.5 -57.5 -57.5 -57.0 
1.1596894756415448 1.0737865515199487 1.1474176293384597 1.1044661672776617 1.1596894756415448 0.9817477042468103 1.1106020904292042 1.0492428589137786 1.0921943209745766 1.141281706186917 1.1167380135807468 1.214912784005428 1.1167380135807468 1.086058397823034 1.0492428589137786 1.0737865515199487 0.9081166264282996 0.7853981633974483 0.5829126993965437 0.4111068511533518 0.4295146206079795 0.3436116964863836 0.4724660826687775 0.44178646691106466 0.46019423636569234 0.4663301595172349 0.46019423636569234 0.4663301595172349 0.48473792897186263 0.39269908169872414 0.5706408530934585 0.859029241215959 0.8651651643675016 0.9633399347921826 1.0737865515199487 1.0983302441261191 1.055378782065321 1.1228739367322893 1.1044661672776617 1.0921943209745766 1.1228739367322893 1.0983302441261191 1.1044661672776617 1.1535535524900022 1.214912784005428 
-56.5 -57.0 -57.0 -57.0 -57.0 -57.0 -56.5 -57.0 -57.0 -56.5 -57.0 -57.0 -57.5 -57.0 -55.5 -53.5 -54.0 -52.5 -51.5 -53.5 -54.0 -54.0 -54.0 -54.5 -54.5 -54.0 -54.0 -53.5 -54.0 -52.5 -52.0 -52.5 -54.5 -54.5 -54.5 -56.5 -56.5 -56.5 -57.0 -56.5 -57.0 -57.0 -57.0 -57.0 -57.0 
2.024854640009046 2.012582793705961 1.9696313316451632 1.9266798695843652 2.0064468705544187 1.7671458676442586 2.024854640009046 1.9757672547967058 1.9634954084936207 1.9573594853420782 2.12916533358527 2.018718716857504 2.0371264863121317 2.172116795646068 1.9634954084936207 1.7119225592803755 1.423534171157875 1.3437671701878218 1.5830681730979816 1.6689710972195777 1.8407769454627694 1.8223691760081417 1.8837284075235674 1.7119225592803755 1.902136176978195 1.8100973297050567 1.7732817907958012 1.7732817907958012 1.7855536370988863 1.521708941582556 1.521708941582556 1.509437095279471 1.1658253987930873 1.533980787885641 1.7241944055834606 2.018718716857504 2.030990563160589 2.086213871524472 2.1230294104337273 2.1598449493429825 2.172116795646068 2.098485717827557 2.0923497946760143 2.141437179888355 2.2027964114037806 
-61.0 -61.5 -60.5 -61.0 -61.0 -61.5 -62.5 -61.5 -62.0 -62.0 -62.0 -62.0 -61.0 -61.5 -60.0 -57.5 -56.0 -57.5 -60.5 -61.0 -59.5 -59.0 -60.0 -60.0 -59.5 -60.0 -58.5 -60.0 -57.5 -60.5 -58.0 -58.5 -57.5 -58.0 -59.0 -60.5 -60.0 -61.5 -61.5 -61.5 -61.5 -61.0 -61.5 -62.0 -62.0 
5.368932757599744 5.313709449235861 5.375068680751287 5.375068680751287 5.307573526084319 5.338253141842031 5.387340527054372 4.025165587411922 0.3620194659410113 4.01902966426038 0.0 0.25157284921324513 0.1902136176978195 6.178874613603362 3.730641276137879 4.09266074207889 5.049864753719531 4.957825906446392 4.92714629068868 5.47937937432751 5.135767677841127 5.516194913236766 5.626641529964532 5.270757987175063 5.301437602932776 
-69.0 -69.0 -69.0 -69.5 -69.5 -69.5 -69.5 -66.5 -67.0 -66.5 -70.5 -75.0 -74.5 -67.5 -64.5 -66.0 -71.5 -71.5 -70.0 -70.0 -67.5 -68.5 -68.5 -69.0 -68.5 
0.3129320807286708 0.25157284921324513 0.36815538909255385 0.23316507975861744 0.3620194659410113 0.2638446955163303 0.3129320807286708 0.17794177139473438 0.25770877236478773 0.1595340019401067 0.3190680038802134 0.2945243112740431 0.30066023442558565 0.11658253987930872 6.092971689481767 5.724816300389213 5.755495916146925 5.595961914206819 5.890486225480862 5.663457068873787 5.66959299202533 5.915029918087033 5.9088939949354895 5.927301764390117 5.853670686571607 5.822991070813893 5.6143696836614465 5.565282298449106 5.5100589900852235 5.368932757599744 5.638913376267617 5.534602682691394 5.602097837358362 6.037748381117884 6.2034183062095325 0.04295146206079795 6.234097921967246 0.07363107781851078 0.03681553890925539 0.12885438618239387 0.07976700097005335 0.14112623248547898 0.09817477042468103 0.2086213871524472 
-63.0 -62.0 -62.0 -61.5 -62.0 -63.0 -61.5 -62.5 -62.5 -61.5 -61.5 -62.5 -62.5 -62.0 -62.5 -61.0 -59.5 -64.0 -60.5 -61.0 -62.0 -61.5 -60.5 -60.0 -60.0 -62.0 -61.0 -60.0 -63.5 -62.0 -61.0 -61.5 -61.5 -61.0 -60.5 -61.0 -62.0 -61.5 -61.5 -61.5 -61.0 -62.5 -62.0 -62.0 
