2.9943304979527716 0.21475731030398976 2.8777479580734626 3.0495538063166547 3.11091303783208 0.1227184630308513 2.9268353432858034 2.8961557275280905 2.9391071895888885 2.748893571891069 6.22182607566416 3.098641191528995 2.9145634969827183 2.6875343403756435 3.1354567304382504 3.215223731408304 3.1968159619536762 2.8961557275280905 2.8532042654672924 0.5522330836388308 4.221515128261284 3.6140587362585705 3.2581751934691017 3.043417883165112 3.098641191528995 2.8409324191642074 2.8961557275280905 3.2336315008629315 3.6324665057131984 3.5158839658338894 2.859340188618835 2.6323110320117604 2.730485802436441 2.730485802436441 2.8532042654672924 2.6384469551633027 2.4175537217077703 2.3316507975861747 2.3193789512830896 2.386874105950058 2.313243028131547 2.1905245651006955 
-67.5 -68.5 -67.0 -67.0 -66.0 -68.5 -67.0 -65.0 -67.5 -66.0 -68.0 -66.5 -68.0 -66.5 -65.0 -61.0 -60.0 -63.5 -66.0 -67.5 -66.0 -62.0 -60.5 -60.5 -60.5 -61.0 -61.0 -59.5 -61.5 -65.5 -64.0 -62.5 -61.0 -60.0 -60.0 -61.0 -62.5 -63.5 -65.0 -64.5 -65.5 -65.0 
3.08636934522591 3.552699504743145 3.0372819600135696 3.043417883165112 3.11091303783208 3.141592653589793 2.9943304979527716 3.098641191528995 3.1906800388021335 3.141592653589793 3.031146036862027 3.018874190558942 3.000466421104314 3.067961575771282 3.055689729468197 3.1784081924990484 2.9943304979527716 3.08636934522591 3.32567034813607 2.5402721847386216 2.4175537217077703 2.552544031041707 5.964117303299373 2.9636508821950587 2.9022916506796332 3.074097498922825 2.9759227284981438 2.945243112740431 2.675262494072558 5.927301764390117 2.9022916506796332 3.11091303783208 3.11091303783208 2.6200391857086753 2.5893595699509624 2.5832236467994196 2.399145952253143 2.4175537217077703 2.3193789512830896 2.3193789512830896 2.3439226438892597 2.313243028131547 2.2580197197676637 2.356194490192345 2.435961491162398 
-62.0 -62.5 -62.0 -62.0 -62.0 -61.0 -62.5 -62.0 -63.0 -61.5 -62.5 -62.5 -63.0 -63.0 -62.5 -64.0 -63.5 -64.0 -62.0 -61.5 -61.0 -63.5 -64.5 -64.0 -63.5 -62.5 -61.0 -60.5 -62.0 -62.0 -61.0 -61.5 -64.0 -64.5 -64.0 -64.0 -63.5 -62.0 -62.0 -63.0 -63.5 -63.5 -64.0 -63.5 -64.5 
0.21475731030398976 0.28225246497095796 0.36815538909255385 0.2761165418194154 0.14112623248547898 0.28225246497095796 0.37429131224409645 0.21475731030398976 0.0 0.05522330836388308 0.12885438618239387 0.11658253987930872 0.04295146206079795 0.09203884727313846 6.178874613603362 6.0991076126333095 6.025476534814799 6.000932842208628 6.2463697682703305 0.3313398501832985 0.5154175447295755 0.32520392703175593 0.3620194659410113 0.803805932852076 0.7853981633974483 0.46019423636569234 0.4970097752749477 0.4908738521234052 0.6810874698212247 0.6810874698212247 0.5890486225480862 0.4908738521234052 0.4724660826687775 0.6013204688511713 0.8713010875190442 0.7792622402459057 0.5951845456996288 0.5460971604872883 0.705631162427395 0.6320000846088841 0.4908738521234052 0.32520392703175593 0.25157284921324513 0.20248546400090464 0.14112623248547898 0.09817477042468103 
-62.5 -62.0 -63.0 -63.0 -61.5 -63.0 -63.0 -63.0 -63.0 -62.5 -62.0 -61.5 -62.0 -61.0 -60.5 -60.0 -58.5 -57.0 -55.5 -53.0 -52.5 -54.0 -54.5 -54.0 -51.0 -50.5 -52.0 -53.0 -52.5 -52.5 -52.5 -52.0 -52.0 -50.0 -50.5 -54.0 -53.5 -51.0 -51.0 -52.0 -52.5 -53.0 -54.0 -54.0 -55.0 -55.0 
1.2946797849754812 1.2762720155208536 1.2885438618239387 1.3069516312785663 1.2701360923693108 1.2701360923693108 1.2026409377023426 1.239456476611598 1.2701360923693108 1.214912784005428 1.2517283229146832 1.2455923997631406 1.1903690913992575 1.227184630308513 1.1719613219446299 1.086058397823034 1.0185632431560658 0.7915340865489908 0.5154175447295755 0.5767767762450011 0.6504078540635119 0.9203884727313847 0.9940195505498954 0.9572040116406401 0.8406214717613314 0.7792622402459057 0.9326603190344698 0.9940195505498954 1.0492428589137786 1.0246991663076084 1.0062913968529805 1.0369710126106935 0.9326603190344698 0.8467573949128739 0.9817477042468103 1.0983302441261191 1.1228739367322893 1.0921943209745766 1.043106935762236 1.0492428589137786 1.043106935762236 1.0369710126106935 0.9756117810952678 0.9265243958829272 0.8774370106705868 0.8528933180644165 
-56.0 -56.0 -56.0 -56.5 -56.0 -56.5 -56.0 -56.0 -56.5 -56.5 -56.0 -56.5 -56.5 -57.0 -57.0 -57.5 -58.0 -59.0 -58.5 -56.0 -55.0 -54.5 -53.5 -52.0 -52.5 -52.0 -52.0 -51.0 -51.5 -51.5 -51.5 -51.5 -52.0 -51.0 -50.0 -50.0 -51.0 -50.5 -50.5 -51.5 -52.0 -53.0 -53.5 -54.0 -54.0 -54.5 
1.0737865515199487 1.3499030933393643 1.3621749396424494 1.2946797849754812 1.3192234775816514 1.3008157081270237 1.3314953238847365 1.3069516312785663 1.368310862793992 1.3437671701878218 1.282407938672396 1.3560390164909069 1.282407938672396 1.0737865515199487 1.2026409377023426 1.1658253987930873 1.0369710126106935 0.8897088569736719 0.8344855486097889 0.9878836273983529 0.9756117810952678 1.0615147052168636 0.9940195505498954 0.9265243958829272 0.859029241215959 0.9817477042468103 1.1658253987930873 1.2578642460662257 1.1719613219446299 1.1351457830353744 1.2026409377023426 1.1780972450961724 1.0799224746714913 1.0676506283684062 1.1167380135807468 1.1780972450961724 1.2946797849754812 1.3621749396424494 1.5953400194010667 1.662835174068035 1.6935147898257479 1.6751070203711202 1.552388557340269 1.4358060174609601 1.3621749396424494 1.3130875544301088 
-56.0 -56.0 -56.0 -56.0 -56.5 -56.0 -57.0 -57.0 -57.5 -57.0 -57.5 -57.0 -57.5 -57.5 -58.5 -59.0 -59.5 -58.5 -57.5 -53.5 -54.0 -53.5 -52.0 -49.5 -51.0 -50.5 -50.5 -50.0 -50.5 -50.5 -50.5 -50.5 -51.0 -50.5 -50.5 -48.5 -49.0 -50.0 -50.0 -51.5 -52.0 -53.0 -54.5 -55.0 -55.0 -55.5 
2.356194490192345 2.380738182798515 2.325514874434632 2.386874105950058 2.36846633649543 2.313243028131547 2.350058567040802 2.386874105950058 2.423689644859313 2.4605051837685683 2.405281875404685 2.429825568010856 2.448233337465483 2.423689644859313 2.4175537217077703 2.429825568010856 2.356194490192345 2.3746022596469727 1.337631247036279 1.4848934026733007 1.6137477888556946 1.6137477888556946 1.521708941582556 1.4296700943094176 1.5830681730979816 1.6873788666742053 1.902136176978195 1.7671458676442586 1.7303303287350031 1.7426021750380885 1.748738098189631 1.7548740213411735 1.9082721001297376 1.6751070203711202 1.5401167110371838 1.6198837120072371 1.6014759425526093 1.6137477888556946 1.748738098189631 1.8653206380689396 1.9573594853420782 1.945087639038993 1.9389517158874505 1.9205439464328227 1.8653206380689396 1.8223691760081417 
-56.5 -56.5 -57.0 -56.5 -56.5 -56.5 -57.0 -57.5 -57.5 -57.0 -57.5 -58.0 -57.5 -59.0 -59.5 -60.5 -62.0 -63.0 -61.5 -57.0 -55.0 -54.5 -54.5 -57.0 -57.0 -58.0 -55.0 -55.0 -55.0 -55.0 -55.5 -55.5 -55.5 -56.5 -54.0 -54.5 -54.5 -52.5 -52.5 -54.5 -55.0 -57.0 -58.0 -59.0 -60.0 -60.5 
5.565282298449106 5.50392306693368 5.522330836388308 5.559146375297564 5.595961914206819 5.7616318392984684 5.589825991055276 5.602097837358362 5.5714182216006485 5.896622148632405 5.602097837358362 5.448699758569798 4.638757902566179 0.7424467013366504 4.71238898038469 4.123340357836604 4.301282129231338 4.04357335686655 4.270602513473625 4.362641360746763 4.503767593232243 4.190835512503572 4.154019973594316 4.0987966652304335 3.9760782021995817 4.681709364626977 4.28287435977671 4.73693267299086 4.95168998329485 4.718524903536232 4.847379289718626 5.338253141842031 5.577554144752192 5.712544454086128 5.7616318392984684 5.749359992995383 5.663457068873787 5.5100589900852235 5.491651220630596 5.448699758569798 
-68.0 -68.0 -68.0 -68.5 -68.5 -66.5 -69.0 -69.0 -69.5 -68.5 -71.5 -73.0 -75.0 -72.5 -72.5 -66.5 -62.5 -60.0 -61.0 -60.0 -59.0 -60.5 -62.0 -62.0 -61.5 -60.5 -59.5 -60.0 -59.0 -59.0 -58.0 -56.5 -55.5 -55.0 -55.0 -56.0 -57.5 -58.5 -58.5 -60.0 
6.240233845118788 6.160466844148735 6.22182607566416 6.160466844148735 6.178874613603362 0.03681553890925539 6.17273869045182 0.0859029241215959 6.227961998815704 6.22182607566416 6.252505691421874 6.215690152512618 0.0859029241215959 0.006135923151542565 6.166602767300278 0.05522330836388308 0.030679615757712823 6.178874613603362 5.829126993965437 5.516194913236766 5.418020142812084 5.553010452146021 2.466641106920111 5.546874528994478 0.01227184630308513 6.111379458936394 5.780039608753096 5.872078456026235 5.853670686571607 5.8045833013592665 6.000932842208628 6.258641614573416 2.2457478734645786 5.418020142812084 5.485515297479052 5.1725832167503825 5.534602682691394 5.939573610693203 5.964117303299373 6.129787228391022 5.915029918087033 6.17273869045182 6.252505691421874 
-59.0 -58.5 -59.0 -58.5 -59.0 -59.5 -59.0 -59.5 -58.5 -59.5 -59.5 -58.5 -60.0 -60.5 -61.0 -61.5 -62.0 -62.0 -61.0 -61.0 -60.0 -59.5 -63.0 -62.0 -66.0 -63.0 -60.0 -61.5 -64.0 -62.5 -61.5 -64.0 -64.5 -61.5 -60.0 -59.0 -61.0 -62.0 -65.0 -65.0 -66.5 -66.5 -67.5 
