2.497320722677824 2.7550294950426117 2.675262494072558 2.9022916506796332 2.8716120349219203 2.9820586516496865 2.859340188618835 2.945243112740431 2.9943304979527716 2.9022916506796332 2.8286605728611223 2.779573187648782 2.773437264497239 3.399301425954581 3.761320891895592 3.2336315008629315 0.3190680038802134 3.7981364308048478 3.7551849687440497 3.4054373491061236 3.1784081924990484 3.147728576741336 3.141592653589793 3.2336315008629315 3.3502140407422405 3.6386024288647407 2.9268353432858034 3.043417883165112 3.11091303783208 2.7550294950426117 2.662990647769473 2.5832236467994196 2.4850488763747385 2.4850488763747385 2.466641106920111 2.4605051837685683 2.509592568980909 2.4727770300716534 2.2764274892222915 2.5954954931025047 
-61.0 -61.5 -60.5 -61.0 -61.5 -61.0 -61.0 -61.5 -60.5 -61.0 -61.0 -61.5 -63.0 -65.0 -63.5 -64.0 -70.0 -69.0 -65.5 -63.5 -64.0 -63.5 -65.5 -64.5 -63.0 -64.5 -64.5 -63.5 -61.5 -63.0 -62.0 -64.5 -63.5 -63.5 -64.5 -64.0 -65.0 -64.0 -63.5 -64.0 
2.184388641949153 2.1966604882522383 2.0064468705544187 1.9082721001297376 2.1475731030398975 1.9573594853420782 1.9880391010997909 2.0800779483729293 2.116893487282185 2.0800779483729293 1.9266798695843652 2.0064468705544187 1.9880391010997909 2.061670178918302 1.9880391010997909 2.380738182798515 2.6016314162540475 2.380738182798515 2.405281875404685 2.693670263527186 3.0066023442558567 3.1968159619536762 2.9145634969827183 2.7120780329818137 2.5770877236478773 2.564815877344792 2.564815877344792 2.791845033951867 3.104777114680538 2.9513790358919736 2.5832236467994196 2.313243028131547 2.184388641949153 2.1905245651006955 2.1353012567368124 1.8960002538266525 1.9512235621905356 1.932815792735908 1.945087639038993 1.9634954084936207 1.9819031779482483 1.9389517158874505 1.9696313316451632 1.9696313316451632 1.9634954084936207 2.0064468705544187 
-61.5 -61.0 -61.5 -60.5 -60.0 -61.0 -60.5 -61.0 -60.5 -61.0 -60.5 -61.0 -61.0 -61.0 -61.5 -61.0 -61.0 -61.0 -62.5 -62.5 -63.5 -61.5 -61.0 -60.5 -61.5 -62.0 -61.5 -61.0 -61.0 -66.5 -64.5 -65.0 -63.0 -61.5 -61.5 -61.5 -62.0 -63.0 -63.0 -61.5 -62.5 -62.0 -62.5 -62.0 -63.0 -63.5 
0.6933593161243098 0.7485826244881929 0.8099418560036186 0.8774370106705868 0.9265243958829272 0.8835729338221293 0.944932165337555 0.9326603190344698 0.9387962421860124 0.9203884727313847 0.8835729338221293 0.9019807032767571 0.8958447801252144 0.8835729338221293 0.8528933180644165 0.9142525495798421 0.8897088569736719 0.7976700097005334 0.8774370106705868 1.227184630308513 1.1903690913992575 0.8406214717613314 0.7915340865489908 0.9878836273983529 0.944932165337555 0.8774370106705868 0.8835729338221293 0.8651651643675016 0.8283496254582462 0.9817477042468103 1.0799224746714913 0.8651651643675016 0.803805932852076 0.8651651643675016 0.8344855486097889 0.6749515466696822 0.619728238305799 0.5890486225480862 0.6013204688511713 0.5706408530934585 0.5767767762450011 0.607456392002714 0.5951845456996288 0.619728238305799 0.5951845456996288 0.6258641614573416 
-50.0 -49.5 -49.5 -49.0 -49.0 -48.5 -48.5 -49.0 -48.5 -48.5 -49.0 -49.0 -49.0 -49.0 -49.0 -50.0 -51.5 -51.5 -52.5 -53.0 -50.5 -50.5 -52.5 -52.5 -52.0 -52.0 -52.0 -52.0 -51.5 -50.0 -53.5 -53.0 -51.0 -50.5 -50.5 -50.0 -50.0 -50.0 -50.0 -50.0 -50.0 -50.0 -49.5 -49.5 -49.5 -50.0 
0.859029241215959 0.9265243958829272 0.9572040116406401 0.9756117810952678 1.0062913968529805 1.030835089459151 1.0185632431560658 1.0062913968529805 1.0369710126106935 0.9940195505498954 0.9878836273983529 0.9756117810952678 0.9694758579437253 0.8713010875190442 0.9326603190344698 0.9817477042468103 1.0246991663076084 1.1290098598838318 1.3928545554001621 1.4051264017032472 1.2517283229146832 1.184233168247715 1.3069516312785663 1.3437671701878218 1.3130875544301088 1.2517283229146832 1.2701360923693108 1.282407938672396 1.2455923997631406 1.086058397823034 1.3989904785517047 1.2640001692177683 1.2885438618239387 1.1106020904292042 0.9940195505498954 0.7853981633974483 0.7301748550335652 0.760854470791278 0.6994952392758523 0.6565437772150544 0.5767767762450011 0.6872233929727672 0.6442719309119693 0.7117670855789375 0.5583690067903734 0.7731263170943632 
-50.5 -50.5 -50.0 -50.0 -49.5 -49.5 -49.5 -49.5 -49.5 -49.5 -49.5 -50.0 -50.0 -50.5 -50.5 -50.0 -50.5 -52.0 -52.0 -50.0 -49.5 -50.0 -50.5 -50.5 -50.0 -50.0 -50.0 -50.5 -50.5 -49.5 -50.0 -51.5 -51.5 -51.5 -51.0 -52.0 -52.0 -52.0 -52.0 -52.0 -52.0 -52.0 -52.0 -52.0 -51.5 -51.5 
1.325359400733194 1.2885438618239387 1.2946797849754812 1.2640001692177683 1.2087768608538851 1.2701360923693108 1.3314953238847365 1.3008157081270237 1.2578642460662257 1.2946797849754812 1.3069516312785663 1.2946797849754812 1.282407938672396 1.2762720155208536 1.3130875544301088 1.6382914814618648 1.8653206380689396 1.7916895602504288 1.8223691760081417 1.6996507129772904 1.5830681730979816 1.6014759425526093 1.6689710972195777 1.6873788666742053 1.6566992509164924 1.6014759425526093 1.6198837120072371 1.6382914814618648 1.5892040962495242 1.4664856332186729 1.521708941582556 1.761009944492716 1.7732817907958012 1.8039614065535141 1.6812429435226628 1.4848934026733007 1.3314953238847365 1.3069516312785663 1.1719613219446299 1.239456476611598 1.2026409377023426 1.1535535524900022 1.1535535524900022 1.1780972450961724 1.086058397823034 1.1719613219446299 
-56.0 -56.0 -56.5 -55.5 -55.5 -55.5 -55.0 -55.0 -54.5 -55.0 -55.0 -55.0 -54.5 -54.5 -54.5 -54.5 -53.5 -52.5 -51.0 -49.0 -50.0 -50.5 -51.0 -51.0 -51.0 -51.0 -51.0 -50.5 -51.0 -50.0 -49.5 -49.5 -52.0 -52.0 -53.5 -55.0 -54.5 -54.5 -54.5 -54.5 -54.5 -54.5 -54.5 -55.0 -54.5 -54.5 
1.662835174068035 1.6198837120072371 1.662835174068035 1.6935147898257479 1.6689710972195777 1.748738098189631 1.7794177139473437 1.7855536370988863 1.7855536370988863 1.662835174068035 1.705786636128833 1.7119225592803755 1.736466251886546 1.6996507129772904 1.6444274046134073 1.859184714917397 2.0493983326152168 2.2027964114037806 2.012582793705961 1.88986433067511 1.8837284075235674 2.067806102069844 2.116893487282185 1.9941750242513334 2.030990563160589 2.043262409463674 1.9941750242513334 1.9819031779482483 2.055534255766759 1.9696313316451632 1.9389517158874505 1.9634954084936207 2.1230294104337273 2.030990563160589 1.9389517158874505 1.662835174068035 1.6198837120072371 1.5892040962495242 1.521708941582556 1.552388557340269 1.5033011721279284 1.4910293258248433 1.4971652489763858 1.4848934026733007 1.5155730184310134 1.533980787885641 
-54.5 -54.0 -53.0 -52.5 -52.5 -52.5 -52.0 -52.0 -52.0 -51.5 -52.5 -53.0 -52.5 -53.0 -53.0 -54.0 -53.5 -52.5 -50.5 -52.0 -53.0 -54.0 -53.0 -54.0 -54.5 -53.5 -54.0 -53.5 -53.0 -54.5 -52.5 -51.5 -51.0 -52.0 -53.0 -54.5 -54.5 -54.5 -54.0 -55.0 -55.0 -55.5 -55.0 -54.5 -55.0 -54.5 
5.289165756629691 5.460971604872882 5.516194913236766 5.375068680751287 5.246214294568893 5.283029833478148 5.3198453723874035 5.289165756629691 5.264622064023521 5.258486140871978 5.2339424482658075 5.338253141842031 5.252350217720435 5.221670601962723 5.283029833478148 5.313709449235861 5.356660911296659 5.632777453116074 5.553010452146021 5.227806525114265 5.3198453723874035 5.289165756629691 5.252350217720435 4.97623367590102 5.031456984264903 5.111223985234957 4.92714629068868 4.933282213840222 5.086680292628786 5.197126909356553 5.092816215780329 5.197126909356553 5.675728915176872 5.620505606812989 5.399612373357457 5.2339424482658075 5.1725832167503825 5.148039524144211 5.049864753719531 4.921010367537137 4.651029748869264 4.81056375080937 5.013049214810275 4.933282213840222 4.9394181369917645 5.295301679781233 
-62.0 -62.0 -62.5 -62.5 -62.0 -61.5 -62.0 -61.0 -61.5 -62.0 -62.0 -61.5 -62.0 -62.0 -62.0 -62.5 -62.5 -62.0 -58.0 -58.0 -58.5 -58.0 -58.0 -58.5 -60.5 -60.5 -60.0 -58.5 -59.0 -58.5 -59.0 -58.0 -59.0 -61.0 -62.0 -62.5 -62.5 -63.0 -63.5 -64.0 -63.5 -64.0 -64.0 -64.5 -64.5 -64.0 
5.098952138931871 5.092816215780329 4.988505522204105 5.006913291658733 4.97623367590102 4.902602598082509 5.062136600022616 5.240078371417351 4.994641445355648 4.988505522204105 5.037592907416445 5.117359908386499 4.957825906446392 4.9394181369917645 5.154175447295755 5.473243451175968 5.595961914206819 5.957981380147831 5.712544454086128 5.50392306693368 0.030679615757712823 6.19728238305799 5.8045833013592665 5.976389149602458 6.135923151542564 6.0991076126333095 6.080699843178682 6.031612457966341 5.921165841238575 5.706408530934585 5.970253226450915 5.773903685601553 5.491651220630596 5.71868037723767 5.651185222570702 2.3439226438892597 2.3623304133438876 2.386874105950058 
-67.0 -65.5 -63.5 -63.0 -63.0 -61.5 -62.0 -62.5 -62.0 -62.0 -62.5 -63.5 -63.0 -64.5 -65.5 -65.0 -62.5 -62.5 -61.0 -62.5 -67.5 -64.5 -63.0 -62.5 -63.5 -64.0 -64.0 -63.0 -63.0 -61.5 -63.0 -62.0 -63.5 -67.5 -68.0 -70.0 -70.0 -72.5 
