3.117048960983623 3.479068426924634 2.9084275738311756 3.2888548092268146 2.9697868053466014 3.356349963893783 3.031146036862027 3.2520392703175593 3.0802334220743677 2.521864415283994 3.1354567304382504 3.031146036862027 3.067961575771282 0.04908738521234052 3.3318062712876126 3.988350048502667 3.479068426924634 3.0372819600135696 2.350058567040802 2.350058567040802 2.466641106920111 2.5893595699509624 2.6691265709210157 2.2886993355253766 2.6445828783148455 2.675262494072558 2.773437264497239 3.0066023442558567 0.17794177139473438 2.7857091108003242 2.7979809571034093 3.3440781175906977 2.9636508821950587 2.9513790358919736 
-67.5 -67.5 -69.0 -68.5 -67.0 -68.0 -68.0 -68.5 -68.5 -68.0 -67.5 -68.5 -67.0 -68.5 -67.5 -67.5 -67.0 -62.5 -65.5 -66.0 -67.5 -68.5 -67.5 -67.5 -66.5 -67.5 -64.5 -64.0 -65.0 -70.5 -68.0 -67.5 -67.5 -67.0 
1.533980787885641 1.5830681730979816 1.576932249946439 1.607611865704152 1.533980787885641 1.607611865704152 1.6321555583103222 1.5585244804918115 1.5830681730979816 1.552388557340269 1.6198837120072371 1.5585244804918115 1.6137477888556946 1.6935147898257479 1.5155730184310134 1.521708941582556 1.5278448647340985 1.141281706186917 1.1903690913992575 1.846912868614312 2.2089323345553233 1.9634954084936207 2.0064468705544187 1.9941750242513334 2.0371264863121317 2.116893487282185 2.1598449493429825 2.043262409463674 2.1598449493429825 2.2457478734645786 1.8775924843720249 1.3989904785517047 1.4051264017032472 1.4542137869155878 1.6045439041283807 1.5585244804918115 1.6014759425526093 1.6996507129772904 1.736466251886546 1.748738098189631 1.6689710972195777 1.718058482431918 1.6996507129772904 
-60.0 -60.0 -59.0 -59.5 -59.0 -59.5 -59.5 -60.0 -60.0 -60.0 -59.0 -60.0 -59.5 -59.5 -60.0 -60.0 -60.0 -61.5 -61.0 -63.0 -62.5 -63.0 -61.0 -60.5 -61.0 -60.0 -59.5 -60.0 -60.0 -63.0 -62.0 -60.0 -59.0 -58.5 -60.0 -60.5 -60.0 -58.0 -57.5 -58.5 -59.0 -58.5 -58.5 
1.282407938672396 1.3192234775816514 1.282407938672396 1.2701360923693108 1.2885438618239387 1.2701360923693108 1.2885438618239387 1.2946797849754812 1.2946797849754812 1.2517283229146832 1.2640001692177683 1.2578642460662257 1.2640001692177683 1.239456476611598 1.239456476611598 1.2087768608538851 1.1903690913992575 1.1351457830353744 1.1228739367322893 1.1106020904292042 1.2517283229146832 1.1044661672776617 1.2640001692177683 1.1903690913992575 1.055378782065321 1.0615147052168636 1.0492428589137786 1.0369710126106935 1.0246991663076084 1.0676506283684062 1.184233168247715 1.3499030933393643 1.1290098598838318 1.0676506283684062 1.0615147052168636 4.331961744989051 1.1658253987930873 1.1535535524900022 1.2210487071569704 1.239456476611598 1.2578642460662257 1.325359400733194 1.337631247036279 1.3437671701878218 
-49.5 -49.5 -50.0 -49.5 -49.5 -50.0 -49.5 -49.5 -49.5 -49.5 -49.5 -49.5 -49.5 -49.5 -49.5 -49.5 -49.5 -48.5 -48.5 -50.0 -51.5 -51.5 -52.5 -52.5 -53.5 -53.5 -54.0 -54.5 -54.0 -53.0 -52.0 -52.5 -52.5 -51.5 -50.0 -50.5 -49.5 -49.0 -49.0 -49.0 -49.5 -50.0 -50.0 -50.0 
1.2946797849754812 1.3192234775816514 1.2885438618239387 1.3130875544301088 1.3437671701878218 1.2885438618239387 1.325359400733194 1.2946797849754812 1.2578642460662257 1.2885438618239387 1.2762720155208536 1.3069516312785663 1.2701360923693108 1.2701360923693108 1.2885438618239387 1.2640001692177683 1.239456476611598 1.1351457830353744 1.1106020904292042 1.3314953238847365 1.4051264017032472 1.4296700943094176 1.5830681730979816 1.5585244804918115 1.533980787885641 1.5585244804918115 1.564660403643354 1.552388557340269 1.6751070203711202 1.509437095279471 1.4419419406125027 1.6812429435226628 1.521708941582556 1.423534171157875 1.2517283229146832 1.1474176293384597 1.0492428589137786 1.0369710126106935 1.0983302441261191 1.1965050145508 1.2701360923693108 1.2701360923693108 1.3130875544301088 1.3560390164909069 
-50.0 -50.5 -50.5 -50.5 -50.5 -50.0 -50.5 -50.0 -50.5 -50.5 -50.0 -50.0 -50.5 -50.0 -50.5 -50.0 -50.5 -50.5 -51.5 -51.5 -50.0 -52.5 -51.5 -52.0 -52.5 -52.5 -52.0 -52.0 -52.0 -53.0 -51.5 -51.0 -53.0 -52.5 -52.5 -52.5 -51.5 -51.0 -50.0 -50.5 -51.0 -50.5 -50.5 -50.0 
1.6137477888556946 1.6382914814618648 1.6444274046134073 1.6566992509164924 1.6505633277649499 1.6382914814618648 1.6382914814618648 1.6198837120072371 1.6137477888556946 1.6198837120072371 1.6198837120072371 1.6321555583103222 1.6198837120072371 1.6014759425526093 1.5953400194010667 1.6198837120072371 1.5830681730979816 1.5033011721279284 1.8285050991596843 2.030990563160589 1.8775924843720249 1.9389517158874505 1.9266798695843652 1.9696313316451632 2.110757564130642 2.1353012567368124 2.098485717827557 2.1353012567368124 2.1475731030398975 2.1353012567368124 1.945087639038993 1.8714565612204823 2.0371264863121317 2.0371264863121317 2.116893487282185 5.258486140871978 1.8407769454627694 1.6689710972195777 1.5707963267948966 1.6198837120072371 1.6505633277649499 1.718058482431918 1.705786636128833 1.6689710972195777 
-50.0 -49.5 -49.5 -50.0 -50.0 -50.0 -49.5 -49.5 -50.0 -50.0 -50.0 -50.0 -50.0 -50.0 -49.5 -50.0 -50.0 -51.5 -52.0 -50.0 -48.0 -49.5 -50.5 -51.5 -52.0 -51.0 -50.5 -51.0 -51.5 -52.5 -51.5 -48.5 -48.0 -49.0 -50.5 -52.0 -53.0 -53.5 -52.0 -51.0 -50.0 -49.5 -50.0 -50.0 
2.018718716857504 2.055534255766759 2.018718716857504 2.043262409463674 2.067806102069844 2.061670178918302 2.024854640009046 2.0371264863121317 2.055534255766759 2.0800779483729293 2.043262409463674 2.024854640009046 2.055534255766759 2.0064468705544187 2.000310947402876 1.9819031779482483 1.9696313316451632 1.8837284075235674 1.9634954084936207 2.3439226438892597 2.2457478734645786 2.478912953223196 2.399145952253143 2.411417798556228 2.442097414313941 2.3930100291016 2.5464081078901644 2.5402721847386216 2.509592568980909 2.454369260617026 2.5280003384355365 2.270291566070749 2.2641556429192065 2.454369260617026 2.4911847995262812 5.368932757599744 1.9082721001297376 1.8039614065535141 1.9082721001297376 2.012582793705961 2.0800779483729293 2.073942025221387 1.9696313316451632 2.0371264863121317 
-50.0 -50.0 -50.0 -50.0 -50.0 -50.0 -50.5 -50.0 -50.0 -50.0 -50.0 -50.0 -50.0 -50.0 -50.5 -50.0 -51.0 -53.0 -54.5 -53.5 -53.0 -53.5 -52.5 -52.5 -53.0 -53.5 -53.5 -53.5 -53.5 -52.5 -52.5 -54.0 -51.0 -51.0 -53.5 -56.0 -55.0 -53.0 -52.0 -51.0 -50.5 -50.0 -50.5 -50.0 
5.043728830567988 5.056000676871073 5.190990986205009 4.890330751779424 5.252350217720435 4.828971520263998 5.056000676871073 4.970097752749477 4.945554060143307 4.914874444385594 4.908738521234052 4.7860200582032 4.865787059173254 5.006913291658733 5.0682725231741586 6.056156150572511 5.9088939949354895 5.559146375297564 5.878214379177777 5.878214379177777 6.111379458936394 6.062292073724054 6.050020227420969 6.000932842208628 6.025476534814799 5.902758071783947 5.93343768754166 5.497787143782138 5.982525072754001 6.2463697682703305 6.105243535784852 6.1420590746941075 5.939573610693203 5.700272607783043 5.227806525114265 5.332117218690489 5.1725832167503825 5.0253210611133605 4.9823695990525625 5.203262832508095 
-63.5 -63.0 -63.5 -63.0 -63.5 -63.5 -63.0 -63.0 -63.0 -63.5 -62.5 -63.0 -62.0 -63.0 -64.5 -60.0 -56.5 -58.5 -59.0 -60.5 -58.0 -58.0 -59.0 -58.5 -58.0 -58.5 -59.5 -58.0 -55.0 -56.0 -58.0 -60.0 -60.5 -64.0 -66.0 -63.5 -63.0 -62.5 -64.0 -63.5 
5.332117218690489 5.436427912266712 5.399612373357457 5.405748296509 5.393476450205914 5.399612373357457 5.448699758569798 5.405748296509 5.418020142812084 5.424156065963627 5.411884219660542 5.289165756629691 5.411884219660542 5.424156065963627 5.368932757599744 5.418020142812084 5.50392306693368 6.19728238305799 5.878214379177777 6.013204688511713 0.5338253141842031 0.1349903093339364 6.1420590746941075 0.07363107781851078 0.34974761963792617 3.3747577333484107 5.835262917116979 6.22182607566416 5.66959299202533 5.970253226450915 6.209554229361076 6.215690152512618 1.9819031779482483 5.190990986205009 5.148039524144211 5.221670601962723 5.252350217720435 5.418020142812084 5.399612373357457 
-60.5 -60.5 -60.5 -60.5 -60.5 -61.0 -61.0 -60.5 -60.5 -60.5 -61.0 -60.5 -61.0 -60.0 -60.5 -60.5 -62.0 -63.0 -65.0 -69.0 -65.5 -63.5 -63.0 -63.5 -66.0 -74.5 -67.0 -65.0 -66.0 -61.0 -63.5 -68.5 -74.5 -65.0 -60.5 -60.5 -61.0 -60.5 -60.5 
