5.829126993965437 2.7120780329818137 5.822991070813893 2.5709518004963345 5.816855147662351 5.829126993965437 2.6445828783148455 2.5709518004963345 2.5157284921324514 2.6998061866787286 2.6261751088602177 2.6691265709210157 5.859806609723149 2.552544031041707 2.7120780329818137 2.8409324191642074 3.0250101137104846 2.761165418194154 2.9943304979527716 3.1784081924990484 3.172272269347506 6.270913460876501 3.074097498922825 3.08636934522591 3.000466421104314 2.736621725587984 3.0066023442558567 2.988194574801229 2.8532042654672924 3.147728576741336 3.08636934522591 3.2029518851052186 3.147728576741336 5.792311455056181 2.6875343403756435 5.927301764390117 2.6568547246179306 2.6445828783148455 2.761165418194154 2.82252464970958 2.9145634969827183 
-65.5 -65.0 -66.0 -64.5 -66.0 -66.0 -64.5 -65.0 -64.5 -64.5 -64.0 -62.5 -65.5 -64.0 -66.5 -68.0 -63.0 -62.0 -64.0 -64.5 -64.5 -65.0 -64.0 -62.5 -64.0 -64.0 -63.0 -66.0 -61.0 -61.0 -60.5 -62.0 -62.0 -66.0 -63.5 -65.0 -63.5 -63.0 -63.0 -63.5 -63.0 
2.116893487282185 2.1598449493429825 2.337786720737717 2.3071071049800045 2.030990563160589 2.2212041808584084 2.2027964114037806 2.073942025221387 1.3560390164909069 2.1659808724945253 2.1353012567368124 2.356194490192345 2.1046216409791 2.141437179888355 1.9880391010997909 2.478912953223196 2.60776733940559 0.1227184630308513 2.9636508821950587 2.834796496012665 2.5157284921324514 2.7120780329818137 2.5280003384355365 2.4911847995262812 2.5464081078901644 2.478912953223196 2.773437264497239 3.2643111166206444 3.172272269347506 2.988194574801229 5.786175531904639 2.4911847995262812 2.36846633649543 2.141437179888355 2.0064468705544187 2.0156507552817327 1.9144080232812801 1.846912868614312 2.1046216409791 1.9266798695843652 1.945087639038993 
-63.5 -64.0 -64.0 -63.5 -65.0 -63.5 -64.0 -62.0 -64.0 -64.0 -63.5 -64.0 -63.0 -64.0 -63.0 -63.0 -63.5 -64.5 -62.0 -62.0 -61.0 -62.0 -61.0 -61.5 -61.5 -60.5 -61.0 -63.0 -61.5 -65.0 -65.0 -63.0 -62.0 -62.5 -62.5 -63.5 -62.5 -62.0 -62.5 -61.0 -60.5 
0.5338253141842031 0.4908738521234052 0.4724660826687775 0.4479223900626072 0.47860200582032003 0.5031456984264903 0.42337869745643697 0.4908738521234052 0.47860200582032003 0.5767767762450011 0.5522330836388308 0.5276893910326605 0.5031456984264903 0.4970097752749477 0.521553467881118 0.7731263170943632 0.7363107781851077 0.7976700097005334 0.8528933180644165 0.760854470791278 0.7547185476397354 0.7240389318820226 0.6810874698212247 0.7731263170943632 0.760854470791278 0.7117670855789375 0.8283496254582462 0.9756117810952678 1.1106020904292042 0.9572040116406401 0.803805932852076 0.8467573949128739 0.8651651643675016 0.6688156235181395 0.5276893910326605 0.6442719309119693 0.662679700366597 0.7148350471547088 0.6933593161243098 0.7731263170943632 0.7915340865489908 0.8528933180644165 0.8774370106705868 
-50.5 -50.0 -50.0 -50.0 -50.5 -50.5 -50.0 -50.0 -50.0 -50.0 -50.0 -50.0 -50.0 -50.0 -50.5 -50.5 -51.5 -52.0 -50.0 -50.5 -51.0 -51.0 -51.0 -51.0 -51.5 -51.0 -51.5 -50.5 -52.0 -52.5 -51.0 -50.5 -50.0 -49.5 -50.0 -50.0 -50.0 -50.0 -49.5 -49.5 -49.5 -49.0 -49.0 
0.705631162427395 0.6442719309119693 0.7240389318820226 0.662679700366597 0.6688156235181395 0.6320000846088841 0.6013204688511713 0.6810874698212247 0.6504078540635119 0.6810874698212247 0.6320000846088841 0.6749515466696822 0.7485826244881929 0.6442719309119693 0.7363107781851077 0.7976700097005334 1.0185632431560658 1.1535535524900022 1.1719613219446299 0.9387962421860124 0.9326603190344698 0.9817477042468103 0.9940195505498954 0.9878836273983529 0.9633399347921826 1.055378782065321 1.0983302441261191 1.0799224746714913 1.0615147052168636 1.2026409377023426 1.3499030933393643 1.3437671701878218 1.1658253987930873 1.0185632431560658 0.8099418560036186 0.7792622402459057 0.7976700097005334 0.8283496254582462 3.9269908169872414 0.803805932852076 0.859029241215959 0.8774370106705868 0.9019807032767571 0.9694758579437253 
-53.0 -53.0 -53.0 -53.0 -53.0 -53.0 -53.0 -52.5 -52.5 -53.0 -53.0 -52.5 -52.5 -52.5 -53.0 -53.0 -52.0 -51.5 -50.0 -49.5 -50.5 -51.0 -50.5 -50.5 -50.5 -50.5 -50.5 -50.5 -49.5 -49.5 -50.5 -51.5 -51.5 -51.5 -52.0 -52.0 -52.0 -51.5 -52.0 -51.5 -51.5 -51.0 -50.5 -50.5 
1.1351457830353744 1.1228739367322893 1.1167380135807468 1.1106020904292042 1.1719613219446299 1.1535535524900022 1.1535535524900022 1.1535535524900022 1.1474176293384597 1.0799224746714913 1.1167380135807468 1.1351457830353744 1.030835089459151 1.2762720155208536 1.337631247036279 1.6566992509164924 1.576932249946439 1.4603497100671303 1.239456476611598 1.2026409377023426 1.2517283229146832 1.2455923997631406 1.2701360923693108 1.2517283229146832 1.2701360923693108 1.2578642460662257 1.3499030933393643 1.3621749396424494 1.4664856332186729 1.6014759425526093 1.6873788666742053 1.7855536370988863 1.7241944055834606 1.533980787885641 1.3928545554001621 1.380582709097077 1.282407938672396 1.3008157081270237 1.2455923997631406 1.3069516312785663 1.3192234775816514 1.282407938672396 1.2946797849754812 
-55.5 -55.5 -55.0 -55.5 -55.5 -55.0 -55.5 -56.0 -55.5 -55.5 -55.5 -55.5 -55.0 -55.5 -55.5 -52.0 -51.5 -49.0 -49.0 -49.5 -50.0 -50.0 -50.0 -50.5 -50.5 -50.5 -50.5 -50.0 -49.5 -49.5 -51.0 -51.5 -52.0 -54.5 -55.0 -54.5 -54.5 -55.0 -55.0 -54.5 -55.0 -54.5 -54.0 
1.4848934026733007 1.4910293258248433 1.4910293258248433 1.5401167110371838 1.5033011721279284 1.4910293258248433 1.5401167110371838 1.4480778637640452 1.4910293258248433 1.4971652489763858 1.5462526341887264 1.5033011721279284 1.4051264017032472 1.5892040962495242 1.607611865704152 1.8837284075235674 1.8960002538266525 1.509437095279471 1.705786636128833 1.7855536370988863 1.7548740213411735 1.718058482431918 1.846912868614312 1.8100973297050567 1.8714565612204823 1.8407769454627694 1.8346410223112268 1.9266798695843652 1.7978254834019713 1.718058482431918 1.9573594853420782 1.9266798695843652 1.8960002538266525 1.6566992509164924 1.7241944055834606 1.6505633277649499 1.509437095279471 1.6198837120072371 1.5953400194010667 1.6137477888556946 1.5953400194010667 1.6505633277649499 1.6566992509164924 
-57.0 -56.0 -56.5 -57.0 -56.5 -56.5 -56.5 -56.5 -56.0 -55.5 -56.0 -55.5 -56.0 -57.0 -57.5 -53.5 -51.5 -53.0 -54.5 -54.5 -55.0 -56.0 -55.0 -54.5 -55.5 -55.5 -54.0 -54.0 -53.5 -52.0 -51.0 -52.0 -53.5 -55.5 -55.0 -54.5 -54.0 -54.5 -54.0 -53.5 -53.0 -53.0 -53.0 
5.2768939103266055 5.289165756629691 5.368932757599744 5.43029198911517 5.325981295538946 5.240078371417351 5.387340527054372 5.338253141842031 5.148039524144211 5.264622064023521 5.3627968344482015 5.135767677841127 5.270757987175063 5.2768939103266055 5.381204603902829 5.1725832167503825 5.485515297479052 5.1725832167503825 5.264622064023521 5.0682725231741586 4.792155981354743 4.767612288748572 4.914874444385594 4.853515212870168 4.632621979414636 4.516039439535327 4.828971520263998 5.332117218690489 5.019185137961818 5.080544369477243 5.5100589900852235 5.540738605842936 5.632777453116074 5.4671075280244255 5.516194913236766 5.473243451175968 5.252350217720435 5.313709449235861 5.405748296509 5.338253141842031 5.258486140871978 5.332117218690489 5.197126909356553 
-63.0 -63.0 -63.0 -63.0 -63.0 -63.5 -63.5 -63.0 -63.0 -63.5 -63.5 -63.0 -63.5 -63.5 -63.5 -61.5 -59.0 -58.5 -58.5 -58.0 -58.0 -60.0 -61.0 -61.0 -62.0 -60.0 -59.0 -58.0 -59.0 -57.5 -59.0 -60.5 -62.0 -61.5 -61.5 -62.0 -62.5 -63.0 -62.5 -62.5 -62.0 -62.5 -62.5 
6.117515382087937 3.5036121195308043 0.3129320807286708 6.227961998815704 5.890486225480862 2.761165418194154 3.2704470397721868 0.1043106935762236 5.8659425328746915 5.651185222570702 5.399612373357457 5.982525072754001 5.712544454086128 5.565282298449106 6.031612457966341 5.957981380147831 5.921165841238575 6.025476534814799 6.105243535784852 5.835262917116979 0.0674951546669682 2.435961491162398 5.730952223540755 5.6941366846315 5.8659425328746915 2.662990647769473 2.2764274892222915 2.2212041808584084 2.024854640009046 2.0064468705544187 5.086680292628786 
-76.5 -76.5 -76.0 -77.5 -77.0 -76.5 -74.0 -70.0 -63.5 -59.5 -62.0 -65.0 -61.0 -63.5 -63.0 -62.5 -61.5 -63.0 -64.0 -64.0 -66.5 -65.0 -62.0 -61.0 -62.5 -67.0 -70.5 -71.0 -69.5 -68.0 -67.5 
