2.834796496012665 2.761165418194154 3.055689729468197 3.0127382674073995 2.9759227284981438 2.6691265709210157 2.8777479580734626 2.890019804376548 2.779573187648782 2.7979809571034093 2.8532042654672924 5.988660995905543 6.105243535784852 0.25770877236478773 3.0127382674073995 3.497476196379262 3.153864499892878 3.147728576741336 2.9329712664373457 3.0066023442558567 3.141592653589793 3.098641191528995 3.153864499892878 3.2029518851052186 3.0495538063166547 3.160000423044421 3.0066023442558567 2.84706834231575 3.031146036862027 3.0372819600135696 2.730485802436441 2.6875343403756435 2.6261751088602177 2.804116880254952 2.6200391857086753 2.736621725587984 2.675262494072558 2.5832236467994196 
-64.5 -65.0 -64.0 -63.0 -64.0 -63.5 -63.5 -64.0 -64.0 -64.0 -63.5 -66.0 -67.0 -64.0 -64.5 -66.0 -64.0 -65.0 -66.0 -65.5 -65.5 -64.0 -64.5 -65.0 -65.5 -61.5 -61.5 -61.5 -61.0 -64.0 -67.0 -65.5 -65.5 -64.5 -65.0 -62.5 -63.5 -64.5 
1.9266798695843652 1.6382914814618648 1.9573594853420782 1.945087639038993 1.8837284075235674 1.7855536370988863 2.067806102069844 1.761009944492716 1.9266798695843652 2.0923497946760143 1.705786636128833 2.024854640009046 1.6137477888556946 1.4848934026733007 2.411417798556228 2.3193789512830896 2.4727770300716534 6.160466844148735 3.3502140407422405 3.0495538063166547 2.9943304979527716 2.6323110320117604 2.399145952253143 2.552544031041707 2.6139032625571326 2.5586799541932495 2.5954954931025047 3.3747577333484107 3.436116964863836 3.1906800388021335 5.786175531904639 2.497320722677824 2.1966604882522383 2.0923497946760143 2.061670178918302 1.8039614065535141 1.8285050991596843 2.043262409463674 1.9819031779482483 1.9696313316451632 1.8960002538266525 2.0923497946760143 
-62.0 -62.0 -62.0 -62.5 -61.0 -62.5 -62.0 -63.0 -61.5 -61.5 -62.5 -63.0 -62.0 -61.0 -61.5 -62.5 -63.0 -65.5 -64.5 -62.5 -61.5 -62.5 -62.5 -62.5 -63.0 -63.0 -61.5 -61.0 -64.0 -66.0 -65.5 -64.0 -64.5 -65.0 -64.5 -64.0 -63.0 -63.0 -63.0 -62.0 -63.5 -63.5 
0.8651651643675016 0.8406214717613314 0.8467573949128739 0.859029241215959 0.8344855486097889 0.8713010875190442 0.8344855486097889 0.7915340865489908 0.8099418560036186 0.7792622402459057 0.760854470791278 0.7547185476397354 0.6749515466696822 0.7179030087304801 0.8713010875190442 0.8713010875190442 0.8099418560036186 1.1106020904292042 1.055378782065321 0.803805932852076 0.8344855486097889 0.8713010875190442 0.803805932852076 0.7731263170943632 0.7547185476397354 0.7117670855789375 0.7731263170943632 0.9019807032767571 1.0615147052168636 0.8897088569736719 0.7301748550335652 0.8160777791551611 0.7547185476397354 0.5829126993965437 0.5031456984264903 0.5645049299419159 0.5706408530934585 0.6565437772150544 0.5951845456996288 0.619728238305799 0.6565437772150544 0.6688156235181395 0.705631162427395 
-49.5 -49.5 -49.5 -49.0 -49.0 -49.0 -49.0 -49.0 -49.5 -49.0 -49.5 -49.5 -49.5 -50.0 -50.5 -51.0 -52.0 -52.0 -50.5 -50.5 -52.0 -51.5 -51.5 -51.5 -51.5 -51.5 -51.5 -50.0 -52.0 -52.0 -51.5 -50.5 -51.0 -50.5 -50.5 -50.5 -50.5 -50.5 -50.0 -50.0 -50.0 -49.5 -50.0 
0.9081166264282996 0.9142525495798421 0.8897088569736719 0.7915340865489908 0.8835729338221293 0.8651651643675016 0.8958447801252144 0.8713010875190442 0.8406214717613314 0.8651651643675016 0.8283496254582462 0.8406214717613314 0.8099418560036186 0.7301748550335652 0.9756117810952678 1.0737865515199487 1.3314953238847365 1.423534171157875 1.1351457830353744 1.1228739367322893 1.1965050145508 1.1658253987930873 1.1596894756415448 1.043106935762236 1.030835089459151 1.0737865515199487 1.1658253987930873 1.0185632431560658 1.2026409377023426 1.3192234775816514 1.2455923997631406 1.086058397823034 1.0185632431560658 0.760854470791278 0.705631162427395 0.7485826244881929 0.7363107781851077 0.705631162427395 0.7547185476397354 0.7179030087304801 0.7547185476397354 0.6994952392758523 0.7976700097005334 
-51.0 -51.0 -51.0 -51.0 -51.0 -51.0 -51.0 -51.0 -51.0 -51.5 -51.0 -51.5 -51.5 -51.5 -51.0 -51.5 -51.5 -50.5 -49.5 -50.0 -50.5 -50.0 -49.5 -50.0 -50.5 -50.0 -50.5 -50.0 -49.5 -51.0 -51.5 -52.0 -52.0 -53.5 -53.5 -52.0 -52.0 -52.0 -52.5 -52.0 -52.5 -52.0 -52.0 
1.2640001692177683 1.227184630308513 1.2640001692177683 1.239456476611598 1.2578642460662257 1.2701360923693108 1.227184630308513 1.2333205534600555 1.2087768608538851 1.2087768608538851 1.2333205534600555 1.214912784005428 1.2455923997631406 1.41126232485479 1.705786636128833 1.846912868614312 1.8285050991596843 1.6505633277649499 1.5155730184310134 1.4726215563702154 1.521708941582556 1.4848934026733007 1.4419419406125027 1.4051264017032472 1.380582709097077 1.3499030933393643 1.325359400733194 1.3744467859455345 1.4542137869155878 1.552388557340269 1.6382914814618648 1.6505633277649499 1.6137477888556946 1.4051264017032472 1.2885438618239387 1.2640001692177683 1.2701360923693108 1.239456476611598 1.1719613219446299 1.2333205534600555 1.2762720155208536 1.1965050145508 1.1596894756415448 
-54.5 -54.0 -54.0 -54.5 -54.0 -54.0 -54.5 -54.5 -54.0 -54.5 -54.0 -54.0 -54.5 -55.5 -53.5 -52.0 -50.5 -49.0 -50.0 -50.5 -51.0 -51.0 -51.0 -51.0 -51.0 -51.0 -51.0 -50.0 -49.5 -49.0 -51.0 -51.5 -52.5 -54.5 -55.0 -54.5 -54.5 -54.5 -54.5 -54.5 -55.0 -54.5 -54.5 
1.5892040962495242 1.4173982480063325 1.6321555583103222 1.6321555583103222 1.5953400194010667 1.6382914814618648 1.5830681730979816 1.6198837120072371 1.5953400194010667 1.5892040962495242 1.6382914814618648 1.5401167110371838 1.509437095279471 1.521708941582556 1.9389517158874505 2.018718716857504 2.030990563160589 1.859184714917397 1.8653206380689396 1.9819031779482483 2.030990563160589 1.8346410223112268 1.9389517158874505 2.030990563160589 1.9696313316451632 1.945087639038993 1.9266798695843652 2.012582793705961 1.7732817907958012 1.6014759425526093 1.859184714917397 1.8837284075235674 1.8285050991596843 1.552388557340269 1.5830681730979816 1.533980787885641 1.5585244804918115 1.5953400194010667 1.509437095279471 1.4726215563702154 1.5830681730979816 1.5401167110371838 1.5401167110371838 
-53.5 -53.5 -53.5 -53.5 -53.0 -53.0 -53.5 -53.5 -53.5 -53.5 -54.0 -54.0 -54.5 -55.5 -53.5 -52.5 -50.5 -51.0 -53.0 -53.5 -53.0 -54.5 -55.0 -54.5 -54.5 -55.0 -55.0 -53.5 -54.0 -52.5 -51.5 -52.0 -54.0 -57.0 -56.0 -55.0 -54.5 -55.0 -54.5 -55.0 -55.0 -55.0 -55.0 
5.221670601962723 5.283029833478148 5.301437602932776 5.283029833478148 5.074408446325701 5.350524988145116 5.301437602932776 5.3198453723874035 5.307573526084319 5.227806525114265 5.043728830567988 5.332117218690489 5.2339424482658075 5.43029198911517 5.485515297479052 5.577554144752192 5.295301679781233 5.160311370447297 5.405748296509 5.098952138931871 4.743068596142402 4.773748211900116 4.97623367590102 5.00077736850719 4.638757902566179 4.601942363656923 5.190990986205009 5.043728830567988 5.141903600992669 5.5100589900852235 5.577554144752192 5.50392306693368 5.497787143782138 5.178719139901925 5.283029833478148 5.21553467881118 5.356660911296659 5.283029833478148 5.307573526084319 5.301437602932776 5.264622064023521 5.258486140871978 
-63.0 -62.5 -62.5 -63.0 -63.0 -62.5 -63.0 -61.5 -62.5 -62.5 -62.5 -63.0 -63.0 -62.0 -63.5 -58.5 -58.0 -59.0 -58.5 -57.5 -59.5 -60.5 -62.0 -61.5 -62.5 -60.5 -57.5 -59.5 -56.5 -59.0 -60.5 -61.5 -63.0 -63.0 -62.5 -63.0 -62.0 -62.5 -63.0 -63.0 -63.0 -63.0 
1.8407769454627694 5.00077736850719 4.9823695990525625 5.442563835418255 4.8351074434155406 1.8775924843720249 4.871922982324796 1.7855536370988863 5.835262917116979 5.890486225480862 5.411884219660542 6.270913460876501 6.240233845118788 5.780039608753096 6.135923151542564 6.037748381117884 6.160466844148735 6.056156150572511 6.074563920027139 6.160466844148735 2.804116880254952 5.675728915176872 5.5100589900852235 5.64504929941916 5.767767762450011 5.810719224510809 5.056000676871073 5.798447378207723 2.5341362615870793 2.423689644859313 
-69.0 -69.5 -67.5 -66.5 -66.0 -69.0 -67.5 -70.5 -64.0 -59.5 -62.5 -69.5 -64.0 -63.0 -63.5 -64.5 -64.0 -62.5 -64.0 -64.5 -67.5 -63.0 -61.5 -60.5 -61.5 -63.5 -70.0 -69.0 -70.5 -72.0 
