2.6139032625571326 2.6813984172241008 2.6568547246179306 2.6139032625571326 2.6384469551633027 2.6568547246179306 2.6384469551633027 2.6445828783148455 2.6445828783148455 2.5893595699509624 2.6568547246179306 2.7857091108003242 2.662990647769473 2.5280003384355365 2.791845033951867 0.34974761963792617 3.2827188860752723 2.9268353432858034 3.466796580621549 3.399301425954581 3.2029518851052186 2.8409324191642074 2.748893571891069 2.8102528034064944 2.6016314162540475 3.043417883165112 3.227495577711389 3.227495577711389 3.1906800388021335 2.9268353432858034 2.9084275738311756 3.2090878082567613 3.067961575771282 2.8102528034064944 2.7550294950426117 2.7120780329818137 2.650718801466388 2.6139032625571326 2.724349879284899 2.6568547246179306 2.8838838812250054 2.767301341345697 2.773437264497239 
-62.5 -62.5 -62.5 -62.0 -62.0 -62.0 -62.0 -62.5 -62.0 -61.0 -62.0 -63.0 -63.0 -62.5 -64.5 -65.5 -63.5 -66.5 -65.5 -63.5 -64.0 -64.5 -64.5 -63.5 -64.5 -64.0 -64.5 -66.0 -64.0 -63.0 -63.0 -61.5 -61.5 -62.0 -61.0 -60.0 -61.0 -62.0 -61.5 -62.0 -61.5 -62.0 -61.0 
1.9696313316451632 2.184388641949153 2.018718716857504 1.9757672547967058 2.061670178918302 1.8285050991596843 1.9082721001297376 2.1537090261914402 1.7119225592803755 2.012582793705961 1.9389517158874505 1.9144080232812801 1.9205439464328227 1.4358060174609601 1.9389517158874505 2.024854640009046 2.2027964114037806 2.3316507975861747 2.466641106920111 2.718213956133356 2.6200391857086753 2.4727770300716534 2.2580197197676637 2.2150682577068657 2.2641556429192065 2.1659808724945253 2.3071071049800045 5.884350302329319 2.9084275738311756 2.8286605728611223 2.2457478734645786 2.098485717827557 2.0064468705544187 2.086213871524472 1.8653206380689396 1.9266798695843652 1.7426021750380885 2.000310947402876 1.8223691760081417 1.8162332528565992 1.8407769454627694 1.902136176978195 1.9757672547967058 2.000310947402876 2.024854640009046 
-62.5 -63.0 -63.0 -63.0 -63.0 -63.0 -62.0 -62.0 -62.5 -63.5 -63.5 -62.5 -63.5 -62.5 -62.5 -62.0 -62.0 -61.5 -62.5 -63.0 -62.0 -63.5 -62.5 -62.5 -62.0 -62.0 -61.5 -62.5 -64.5 -64.5 -64.0 -63.0 -61.0 -61.0 -61.5 -61.0 -61.0 -61.0 -61.0 -61.5 -62.0 -61.5 -61.5 -62.0 -62.5 
0.5645049299419159 0.6320000846088841 0.6013204688511713 0.5767767762450011 0.5522330836388308 0.6013204688511713 0.5890486225480862 0.619728238305799 0.662679700366597 0.6013204688511713 0.6135923151542565 0.6442719309119693 0.662679700366597 0.619728238305799 0.6749515466696822 0.8099418560036186 0.8897088569736719 0.8344855486097889 0.859029241215959 1.1780972450961724 0.9142525495798421 0.8651651643675016 0.9203884727313847 0.8651651643675016 0.8344855486097889 0.8774370106705868 0.8774370106705868 0.9265243958829272 1.030835089459151 1.2026409377023426 1.0185632431560658 0.9081166264282996 0.9265243958829272 0.9387962421860124 0.8958447801252144 0.8283496254582462 0.7915340865489908 0.7669903939428205 0.7547185476397354 0.7853981633974483 0.7363107781851077 0.7669903939428205 0.7853981633974483 0.7485826244881929 0.803805932852076 
-49.5 -49.5 -49.0 -49.5 -49.5 -49.5 -49.0 -49.0 -49.5 -49.5 -49.0 -49.5 -49.0 -49.5 -49.5 -50.0 -51.0 -52.0 -53.0 -51.0 -50.5 -52.0 -52.5 -52.0 -51.5 -52.0 -52.0 -52.0 -50.5 -51.0 -52.5 -52.0 -51.0 -50.0 -49.5 -49.5 -49.5 -49.5 -49.0 -49.0 -49.0 -49.5 -49.0 -49.0 -49.0 
0.8958447801252144 0.8406214717613314 0.8160777791551611 0.7976700097005334 0.8099418560036186 0.8283496254582462 0.8160777791551611 0.8099418560036186 0.8283496254582462 0.7853981633974483 0.8160777791551611 0.8099418560036186 0.8160777791551611 0.8774370106705868 0.8406214717613314 0.9387962421860124 1.0369710126106935 1.0799224746714913 1.3069516312785663 1.3437671701878218 1.2701360923693108 1.2640001692177683 1.2885438618239387 1.2701360923693108 1.239456476611598 1.239456476611598 1.3314953238847365 1.380582709097077 1.2210487071569704 1.4542137869155878 1.5830681730979816 1.5278448647340985 1.2640001692177683 1.1535535524900022 0.8958447801252144 0.9694758579437253 0.9756117810952678 0.9633399347921826 0.8344855486097889 0.8651651643675016 0.8958447801252144 0.8406214717613314 0.9142525495798421 0.8528933180644165 0.9142525495798421 
-51.5 -51.5 -51.5 -51.5 -51.5 -51.5 -51.0 -51.0 -51.5 -51.0 -51.0 -51.0 -51.0 -51.0 -51.0 -50.5 -50.5 -51.0 -51.5 -50.0 -50.0 -50.0 -50.0 -50.0 -49.5 -49.5 -49.5 -50.5 -50.0 -49.0 -51.5 -52.0 -51.5 -51.0 -50.5 -50.5 -50.5 -50.5 -51.0 -51.0 -51.0 -51.0 -51.0 -51.0 -51.0 
1.1596894756415448 1.141281706186917 1.055378782065321 1.0921943209745766 1.1167380135807468 1.1044661672776617 1.1535535524900022 1.1106020904292042 1.141281706186917 1.0737865515199487 1.1044661672776617 1.1351457830353744 1.0676506283684062 1.0921943209745766 1.0492428589137786 1.4480778637640452 1.8530487917658545 1.9144080232812801 1.9082721001297376 1.5155730184310134 1.4664856332186729 1.4971652489763858 1.552388557340269 1.552388557340269 1.4910293258248433 1.4971652489763858 1.5830681730979816 1.6321555583103222 1.5892040962495242 1.607611865704152 1.9634954084936207 2.000310947402876 2.024854640009046 1.8653206380689396 1.6137477888556946 1.5278448647340985 1.5033011721279284 1.380582709097077 1.2210487071569704 1.2333205534600555 1.239456476611598 1.1719613219446299 1.1903690913992575 1.1903690913992575 1.184233168247715 
-55.5 -56.0 -56.0 -55.5 -55.5 -55.5 -55.0 -55.0 -55.5 -55.0 -55.0 -55.5 -55.5 -55.5 -55.5 -56.0 -53.5 -53.0 -50.5 -49.5 -50.5 -50.5 -51.5 -51.5 -51.5 -52.0 -51.5 -51.5 -51.0 -50.0 -49.5 -51.5 -55.0 -56.0 -57.0 -56.5 -56.0 -55.5 -55.0 -55.0 -55.0 -55.0 -55.0 -54.5 -54.5 
1.5830681730979816 1.533980787885641 1.521708941582556 1.521708941582556 1.5707963267948966 1.552388557340269 1.5707963267948966 1.576932249946439 1.576932249946439 1.5953400194010667 1.6137477888556946 1.576932249946439 1.5401167110371838 1.5830681730979816 1.5033011721279284 1.662835174068035 2.055534255766759 2.0371264863121317 2.110757564130642 1.9266798695843652 2.012582793705961 2.067806102069844 2.0371264863121317 2.061670178918302 2.1046216409791 2.1537090261914402 2.0493983326152168 2.1230294104337273 2.1659808724945253 2.055534255766759 2.000310947402876 2.313243028131547 2.1659808724945253 1.8775924843720249 1.8162332528565992 1.7916895602504288 1.8100973297050567 1.7241944055834606 1.6137477888556946 1.6014759425526093 1.6689710972195777 1.6198837120072371 1.6198837120072371 1.6382914814618648 1.6321555583103222 
-54.5 -55.0 -54.5 -54.0 -54.5 -54.5 -54.0 -54.0 -54.0 -54.0 -54.0 -53.5 -54.0 -54.0 -54.0 -54.5 -53.0 -52.5 -52.0 -53.0 -54.0 -54.0 -54.5 -55.0 -54.5 -54.5 -54.5 -54.0 -54.0 -53.5 -52.0 -52.0 -53.5 -54.0 -53.5 -52.5 -53.0 -52.5 -53.0 -53.5 -53.5 -53.5 -53.0 -53.5 -53.5 
4.9823695990525625 5.043728830567988 5.092816215780329 5.031456984264903 5.062136600022616 5.019185137961818 5.013049214810275 5.019185137961818 5.013049214810275 4.963961829597935 4.957825906446392 5.043728830567988 5.123495831538041 5.442563835418255 5.411884219660542 5.589825991055276 5.553010452146021 5.178719139901925 5.325981295538946 5.289165756629691 5.056000676871073 5.2339424482658075 5.184855063053467 5.209398755659637 4.994641445355648 5.178719139901925 5.595961914206819 5.485515297479052 5.602097837358362 5.896622148632405 6.013204688511713 6.007068765360171 5.663457068873787 5.6143696836614465 5.534602682691394 5.497787143782138 5.356660911296659 5.405748296509 5.399612373357457 5.2339424482658075 5.270757987175063 5.283029833478148 5.307573526084319 
-63.0 -63.0 -62.0 -62.5 -63.5 -61.0 -62.0 -63.0 -61.5 -62.5 -63.0 -63.5 -63.5 -61.5 -61.5 -62.5 -57.5 -58.0 -58.0 -57.5 -58.5 -59.5 -60.5 -60.0 -59.5 -58.0 -57.5 -57.5 -56.0 -56.0 -58.0 -59.5 -59.0 -59.5 -60.5 -61.0 -61.5 -62.0 -62.0 -62.0 -61.5 -61.5 -62.0 
1.88986433067511 4.890330751779424 5.178719139901925 5.0253210611133605 5.21553467881118 1.9880391010997909 1.9880391010997909 5.700272607783043 5.884350302329319 6.043884304269426 0.2638446955163303 0.23930100291016002 6.105243535784852 5.798447378207723 6.007068765360171 5.957981380147831 5.976389149602458 5.976389149602458 2.509592568980909 5.878214379177777 5.71868037723767 5.2768939103266055 5.240078371417351 5.006913291658733 5.209398755659637 5.240078371417351 5.546874528994478 4.97623367590102 1.8714565612204823 4.663301595172349 4.921010367537137 
-71.5 -69.5 -69.0 -71.5 -69.5 -70.5 -71.5 -63.5 -63.5 -61.5 -77.5 -67.5 -65.0 -66.0 -68.0 -66.0 -66.0 -65.5 -64.0 -63.0 -64.0 -64.0 -65.5 -66.0 -65.5 -64.5 -67.0 -68.5 -69.5 -67.5 -68.0 
