2.693670263527186 2.988194574801229 2.816388726558037 2.748893571891069 2.9022916506796332 2.6384469551633027 2.724349879284899 2.761165418194154 2.767301341345697 2.791845033951867 2.84706834231575 2.8409324191642074 2.724349879284899 3.043417883165112 0.28838838812250056 3.509748042682347 3.067961575771282 3.3502140407422405 3.0925052683774528 3.0925052683774528 3.1231848841351653 2.8838838812250054 2.9943304979527716 3.3318062712876126 2.9022916506796332 3.043417883165112 3.0925052683774528 3.1906800388021335 3.2581751934691017 6.169670728876048 2.8102528034064944 2.6998061866787286 2.5402721847386216 2.791845033951867 2.6813984172241008 2.816388726558037 2.8286605728611223 2.6998061866787286 
-63.0 -63.0 -62.0 -61.5 -62.5 -62.5 -63.0 -63.0 -62.5 -62.5 -62.5 -62.5 -62.0 -65.0 -64.5 -61.0 -62.0 -66.0 -66.0 -65.5 -63.0 -63.5 -64.5 -66.0 -63.5 -60.0 -61.5 -60.5 -64.0 -65.5 -65.5 -64.0 -64.5 -64.5 -64.0 -63.0 -63.0 -63.0 
2.012582793705961 2.098485717827557 1.8775924843720249 2.086213871524472 2.030990563160589 1.7916895602504288 2.0371264863121317 2.086213871524472 2.0064468705544187 1.7671458676442586 1.8162332528565992 2.184388641949153 1.9880391010997909 1.9573594853420782 2.2641556429192065 2.5586799541932495 2.325514874434632 3.098641191528995 2.7979809571034093 2.442097414313941 2.325514874434632 2.3316507975861747 2.2948352586769194 2.36846633649543 2.693670263527186 3.117048960983623 2.5280003384355365 2.0923497946760143 1.88986433067511 1.8346410223112268 2.012582793705961 2.1537090261914402 2.067806102069844 1.9512235621905356 1.846912868614312 1.8714565612204823 1.9573594853420782 1.7732817907958012 2.055534255766759 1.945087639038993 1.9144080232812801 1.9819031779482483 
-62.0 -63.0 -62.5 -63.0 -63.0 -62.0 -62.5 -62.5 -63.0 -62.0 -63.0 -62.0 -62.0 -63.0 -63.0 -61.5 -64.0 -63.5 -62.0 -61.0 -61.5 -61.5 -60.5 -61.0 -62.0 -65.0 -65.5 -64.0 -62.5 -62.0 -62.5 -63.5 -62.0 -63.0 -63.5 -64.0 -63.0 -63.5 -62.5 -62.5 -62.5 -63.0 
0.7976700097005334 0.8160777791551611 0.7117670855789375 0.7976700097005334 0.8099418560036186 0.803805932852076 0.8099418560036186 0.7792622402459057 0.7792622402459057 0.8160777791551611 0.803805932852076 0.803805932852076 0.7976700097005334 0.7853981633974483 0.9019807032767571 0.9694758579437253 0.8651651643675016 1.055378782065321 1.1596894756415448 0.9940195505498954 0.859029241215959 0.9142525495798421 0.859029241215959 0.8099418560036186 0.7853981633974483 0.8160777791551611 0.8344855486097889 0.9326603190344698 1.1719613219446299 1.0737865515199487 0.8897088569736719 0.9510680884890975 0.9878836273983529 0.868233125943273 0.760854470791278 0.7117670855789375 0.6810874698212247 0.7240389318820226 0.7240389318820226 0.7301748550335652 0.7547185476397354 0.803805932852076 0.803805932852076 0.7731263170943632 
-49.5 -49.0 -49.0 -49.0 -49.0 -49.0 -49.0 -49.0 -49.0 -49.0 -49.0 -49.0 -49.0 -49.5 -50.0 -50.5 -51.5 -52.5 -51.0 -49.5 -51.5 -51.5 -51.5 -51.5 -51.5 -51.5 -51.0 -51.0 -52.0 -52.0 -50.0 -49.5 -49.5 -50.0 -50.0 -50.0 -50.5 -50.0 -50.0 -49.5 -49.5 -49.5 -49.5 -49.0 
0.9081166264282996 0.9019807032767571 0.8958447801252144 0.8283496254582462 0.859029241215959 0.8528933180644165 0.8774370106705868 0.859029241215959 0.8467573949128739 0.859029241215959 0.8835729338221293 0.8467573949128739 0.8467573949128739 0.8651651643675016 1.0062913968529805 1.0615147052168636 1.337631247036279 1.4296700943094176 1.3069516312785663 1.1228739367322893 1.2087768608538851 1.2333205534600555 1.227184630308513 1.2455923997631406 1.2210487071569704 1.2455923997631406 1.2640001692177683 1.239456476611598 1.380582709097077 1.4051264017032472 1.3069516312785663 1.1535535524900022 1.1044661672776617 1.0400389741864646 0.9265243958829272 0.944932165337555 0.944932165337555 0.9387962421860124 0.9756117810952678 0.9142525495798421 0.9203884727313847 0.9265243958829272 0.9633399347921826 0.9265243958829272 
-51.5 -51.5 -51.0 -51.5 -51.5 -51.0 -51.5 -51.0 -51.5 -51.0 -51.0 -51.0 -51.0 -51.5 -51.0 -51.0 -52.0 -51.5 -49.5 -49.5 -51.0 -50.5 -50.0 -49.5 -50.0 -50.0 -50.5 -50.5 -50.0 -51.5 -51.5 -51.0 -51.0 -51.5 -51.5 -51.0 -51.5 -51.5 -52.0 -51.5 -51.5 -51.5 -51.0 -51.0 
1.214912784005428 1.2026409377023426 1.2517283229146832 1.2455923997631406 1.2640001692177683 1.2210487071569704 1.2210487071569704 1.2210487071569704 1.214912784005428 1.239456476611598 1.2578642460662257 1.1903690913992575 1.1780972450961724 1.2946797849754812 1.6014759425526093 1.859184714917397 1.736466251886546 1.7548740213411735 1.509437095279471 1.4051264017032472 1.4542137869155878 1.5401167110371838 1.3989904785517047 1.4848934026733007 1.4848934026733007 1.4664856332186729 1.5033011721279284 1.4848934026733007 1.5585244804918115 1.705786636128833 1.8039614065535141 1.7794177139473437 1.7548740213411735 1.684310905098434 1.5585244804918115 1.533980787885641 1.3744467859455345 1.2946797849754812 1.3130875544301088 1.282407938672396 1.3192234775816514 1.2885438618239387 1.2762720155208536 1.2762720155208536 
-54.0 -54.5 -54.5 -54.5 -54.5 -54.0 -54.5 -54.5 -54.5 -54.5 -54.5 -54.5 -54.5 -55.0 -54.5 -53.0 -51.5 -49.5 -49.5 -50.0 -51.0 -51.0 -51.0 -51.0 -50.5 -50.5 -51.0 -51.0 -49.5 -49.0 -50.5 -52.0 -53.0 -55.5 -56.0 -56.0 -56.5 -56.5 -56.0 -56.0 -55.5 -55.5 -55.0 -55.0 
1.6137477888556946 1.521708941582556 1.5585244804918115 1.6014759425526093 1.6260196351587797 1.5953400194010667 1.521708941582556 1.6198837120072371 1.5892040962495242 1.5401167110371838 1.5462526341887264 1.5953400194010667 1.607611865704152 1.5707963267948966 1.7548740213411735 2.030990563160589 2.1353012567368124 1.9266798695843652 1.7978254834019713 1.9696313316451632 1.902136176978195 1.902136176978195 1.8039614065535141 1.9941750242513334 1.9757672547967058 1.9266798695843652 1.9389517158874505 2.024854640009046 1.8714565612204823 1.9634954084936207 2.0800779483729293 2.12916533358527 1.859184714917397 1.8377089838869982 1.662835174068035 1.7855536370988863 1.6689710972195777 1.718058482431918 1.6505633277649499 1.6505633277649499 1.607611865704152 1.6505633277649499 1.705786636128833 1.6566992509164924 
-54.5 -54.0 -54.0 -54.0 -54.0 -53.5 -54.0 -54.0 -54.0 -54.0 -53.5 -54.0 -54.5 -54.5 -55.0 -53.0 -51.5 -50.5 -53.5 -53.5 -53.0 -55.0 -54.0 -53.5 -54.0 -54.5 -54.0 -53.0 -52.0 -51.5 -51.0 -51.5 -52.5 -54.5 -54.0 -53.5 -54.0 -54.0 -55.0 -55.0 -54.5 -54.0 -53.5 -53.5 
5.252350217720435 5.3198453723874035 5.2339424482658075 5.325981295538946 5.264622064023521 5.221670601962723 5.258486140871978 5.295301679781233 5.3198453723874035 5.2339424482658075 5.283029833478148 5.301437602932776 5.2768939103266055 5.3627968344482015 5.460971604872882 5.608233760509904 5.773903685601553 5.546874528994478 5.221670601962723 5.436427912266712 5.252350217720435 5.043728830567988 4.884194828627882 5.062136600022616 4.95168998329485 4.8351074434155406 5.111223985234957 5.246214294568893 5.2339424482658075 5.178719139901925 5.706408530934585 5.792311455056181 5.743224069843841 5.688000761479957 5.546874528994478 5.6573211457222445 5.6941366846315 5.663457068873787 5.620505606812989 5.565282298449106 5.6143696836614465 5.442563835418255 5.473243451175968 5.448699758569798 
-62.0 -61.5 -63.0 -62.5 -62.0 -62.0 -62.0 -62.0 -62.0 -61.5 -62.0 -61.0 -62.0 -62.0 -61.5 -60.5 -58.0 -56.0 -57.5 -58.0 -57.0 -58.0 -60.0 -59.0 -59.5 -59.0 -57.5 -57.5 -57.5 -56.5 -56.5 -59.0 -60.0 -60.5 -60.0 -59.0 -59.5 -60.0 -60.0 -61.0 -61.0 -61.0 -61.0 -60.5 
1.8039614065535141 4.724660826687775 4.841243366567084 4.7307967498393175 5.141903600992669 1.6751070203711202 4.9394181369917645 4.970097752749477 2.411417798556228 5.773903685601553 6.037748381117884 5.786175531904639 6.043884304269426 6.050020227420969 6.086835766330224 2.761165418194154 6.000932842208628 6.086835766330224 5.945709533844745 5.927301764390117 5.964117303299373 5.589825991055276 5.626641529964532 5.872078456026235 5.712544454086128 5.589825991055276 5.35972887287243 5.031456984264903 1.9634954084936207 2.000310947402876 1.88986433067511 1.9634954084936207 1.8100973297050567 1.8960002538266525 1.8775924843720249 
-71.0 -68.0 -69.0 -69.0 -68.5 -70.0 -66.0 -69.0 -72.0 -63.5 -60.5 -66.5 -65.5 -64.5 -64.0 -64.5 -64.0 -64.0 -62.0 -64.5 -64.0 -63.0 -62.0 -61.5 -60.5 -60.5 -67.5 -67.5 -70.0 -70.5 -72.0 -71.5 -70.0 -69.0 -69.0 
