2.6875343403756435 2.84706834231575 2.7857091108003242 2.834796496012665 2.779573187648782 2.82252464970958 2.84706834231575 2.859340188618835 2.804116880254952 2.773437264497239 2.730485802436441 2.8532042654672924 2.8532042654672924 2.9636508821950587 3.3011266555298997 2.988194574801229 2.5586799541932495 3.32567034813607 3.393165502803038 3.393165502803038 3.2704470397721868 3.172272269347506 2.9575149590435164 3.1231848841351653 2.9391071895888885 3.055689729468197 3.32567034813607 3.3318062712876126 3.000466421104314 3.0250101137104846 2.9084275738311756 3.0495538063166547 3.08636934522591 2.7979809571034093 2.718213956133356 2.1659808724945253 2.5034566458293663 2.435961491162398 2.442097414313941 2.4727770300716534 2.5709518004963345 2.429825568010856 2.3193789512830896 2.497320722677824 
-61.5 -60.5 -61.5 -61.5 -60.5 -62.0 -61.5 -62.0 -61.5 -62.0 -63.0 -62.0 -63.0 -63.0 -61.0 -62.5 -67.0 -64.0 -64.0 -63.0 -61.5 -61.0 -62.0 -62.5 -62.5 -62.0 -62.5 -65.5 -63.5 -63.0 -61.5 -60.5 -60.5 -62.5 -63.0 -62.0 -63.5 -63.0 -63.5 -63.0 -62.5 -63.0 -62.5 -62.5 
2.110757564130642 2.012582793705961 1.9512235621905356 1.9757672547967058 2.098485717827557 2.2457478734645786 2.1475731030398975 2.086213871524472 2.1046216409791 2.043262409463674 2.0923497946760143 1.9941750242513334 1.9573594853420782 1.9696313316451632 2.0064468705544187 2.2641556429192065 2.184388641949153 2.3009711818284617 2.3623304133438876 2.60776733940559 2.7979809571034093 2.9084275738311756 2.8102528034064944 2.730485802436441 2.6261751088602177 2.60776733940559 2.748893571891069 2.791845033951867 2.834796496012665 3.074097498922825 2.988194574801229 2.730485802436441 2.337786720737717 2.2886993355253766 2.2580197197676637 2.2027964114037806 1.9266798695843652 1.9512235621905356 2.012582793705961 2.1353012567368124 1.9266798695843652 2.184388641949153 2.086213871524472 2.098485717827557 2.12916533358527 2.1659808724945253 
-63.0 -63.0 -62.5 -62.0 -63.0 -63.5 -62.5 -63.5 -63.0 -62.5 -62.5 -63.5 -63.0 -62.5 -62.5 -61.5 -61.5 -63.0 -63.5 -63.0 -63.5 -62.0 -61.5 -60.5 -61.5 -61.5 -61.5 -61.5 -61.0 -62.0 -64.0 -64.5 -64.5 -63.0 -61.5 -61.5 -63.0 -63.5 -65.0 -64.0 -63.5 -63.0 -63.0 -64.0 -63.5 -63.0 
0.6749515466696822 0.7301748550335652 0.760854470791278 0.7731263170943632 0.7915340865489908 0.7915340865489908 0.7669903939428205 0.7915340865489908 0.7301748550335652 0.7485826244881929 0.7547185476397354 0.7853981633974483 0.7547185476397354 0.7424467013366504 0.7731263170943632 0.8713010875190442 0.9572040116406401 0.8835729338221293 1.0737865515199487 1.2946797849754812 1.0737865515199487 0.9019807032767571 0.9081166264282996 0.9326603190344698 0.9878836273983529 0.9387962421860124 0.9633399347921826 0.9265243958829272 0.9081166264282996 0.9756117810952678 1.1965050145508 1.0921943209745766 0.803805932852076 0.8467573949128739 0.803805932852076 0.5951845456996288 0.4479223900626072 0.4663301595172349 0.39269908169872414 0.36815538909255385 0.3620194659410113 0.380427235395639 0.380427235395639 0.3374757733348411 0.3436116964863836 0.34974761963792617 
-50.0 -50.0 -50.0 -49.5 -49.5 -50.0 -49.5 -49.5 -49.5 -49.5 -49.5 -49.5 -49.5 -50.0 -50.0 -50.5 -50.5 -52.5 -52.5 -51.5 -50.0 -51.0 -52.0 -51.5 -51.5 -51.5 -51.5 -51.5 -51.5 -50.0 -50.5 -53.5 -53.0 -51.5 -51.0 -51.0 -50.5 -50.5 -50.5 -50.5 -50.5 -51.0 -50.5 -50.5 -51.0 -51.0 
0.9633399347921826 0.9572040116406401 1.012427320004523 0.9510680884890975 0.9940195505498954 1.0369710126106935 0.9756117810952678 1.012427320004523 1.0246991663076084 1.0062913968529805 1.012427320004523 1.000155473701438 1.0185632431560658 1.012427320004523 0.9940195505498954 1.0921943209745766 1.2026409377023426 1.337631247036279 1.509437095279471 1.4603497100671303 1.3437671701878218 1.3069516312785663 1.3437671701878218 1.423534171157875 1.380582709097077 1.3314953238847365 1.337631247036279 1.3499030933393643 1.3130875544301088 1.2026409377023426 1.3069516312785663 1.4542137869155878 1.4787574795217582 1.3989904785517047 1.1474176293384597 1.012427320004523 0.8651651643675016 0.8528933180644165 0.8406214717613314 0.803805932852076 0.8099418560036186 0.803805932852076 0.8344855486097889 0.8099418560036186 0.8467573949128739 0.8099418560036186 
-50.5 -50.5 -50.5 -50.5 -50.5 -50.5 -50.5 -50.5 -50.5 -51.0 -50.5 -51.0 -51.0 -50.5 -51.0 -50.5 -50.5 -51.0 -50.5 -49.5 -49.0 -49.5 -50.0 -50.0 -50.0 -49.5 -50.0 -50.0 -50.0 -49.5 -48.5 -49.5 -50.5 -51.0 -51.0 -51.5 -52.5 -52.5 -52.5 -52.5 -53.0 -53.0 -53.0 -53.5 -53.0 -53.0 
1.2701360923693108 1.3989904785517047 1.3867186322486196 1.4051264017032472 1.3989904785517047 1.4051264017032472 1.4296700943094176 1.4051264017032472 1.380582709097077 1.4051264017032472 1.3621749396424494 1.3560390164909069 1.3437671701878218 1.368310862793992 1.380582709097077 1.7855536370988863 2.000310947402876 2.030990563160589 1.8775924843720249 1.6689710972195777 1.6505633277649499 1.6321555583103222 1.6689710972195777 1.7426021750380885 1.6751070203711202 1.6996507129772904 1.718058482431918 1.6689710972195777 1.6260196351587797 1.5278448647340985 1.5401167110371838 1.662835174068035 1.88986433067511 1.9757672547967058 1.9880391010997909 1.8346410223112268 1.5401167110371838 1.4296700943094176 1.380582709097077 1.239456476611598 1.2517283229146832 1.2762720155208536 1.3069516312785663 1.3192234775816514 1.3192234775816514 1.3437671701878218 
-57.5 -57.5 -57.5 -57.0 -57.5 -57.5 -57.5 -57.5 -57.5 -57.5 -57.5 -58.0 -57.5 -58.0 -58.5 -56.5 -54.0 -53.0 -49.5 -49.5 -51.0 -51.0 -51.5 -51.5 -51.5 -51.5 -51.5 -51.0 -51.0 -50.5 -50.0 -49.5 -50.0 -51.5 -52.0 -53.5 -55.0 -55.5 -55.5 -55.5 -55.5 -55.5 -56.5 -56.5 -57.0 -56.5 
1.6935147898257479 1.7426021750380885 1.736466251886546 1.6812429435226628 1.7916895602504288 1.7671458676442586 1.7978254834019713 1.7916895602504288 1.736466251886546 1.7671458676442586 1.748738098189631 1.7732817907958012 1.761009944492716 1.7548740213411735 1.718058482431918 1.8960002538266525 2.116893487282185 2.1659808724945253 2.0923497946760143 1.9696313316451632 2.043262409463674 2.1659808724945253 2.2150682577068657 2.1046216409791 2.12916533358527 2.141437179888355 2.1046216409791 2.073942025221387 2.098485717827557 2.0371264863121317 1.9634954084936207 1.9082721001297376 2.0064468705544187 2.0923497946760143 2.024854640009046 1.8960002538266525 1.6382914814618648 1.6014759425526093 1.6321555583103222 1.5953400194010667 1.5892040962495242 1.5155730184310134 1.5830681730979816 1.6689710972195777 1.6321555583103222 1.6566992509164924 
-53.5 -53.5 -53.0 -53.5 -53.0 -53.0 -53.5 -53.5 -53.5 -53.0 -53.0 -54.0 -54.0 -53.5 -54.0 -53.5 -52.0 -51.5 -51.0 -52.0 -53.0 -53.5 -53.5 -54.0 -54.5 -54.5 -54.5 -54.5 -54.0 -54.0 -53.0 -53.0 -51.5 -51.5 -52.5 -54.0 -55.5 -55.5 -55.5 -56.0 -56.5 -57.0 -57.0 -57.0 -57.0 -57.0 
5.755495916146925 5.755495916146925 5.681864838328415 5.737088146692298 5.730952223540755 5.6143696836614465 5.66959299202533 5.681864838328415 5.681864838328415 5.675728915176872 5.6941366846315 5.712544454086128 5.6941366846315 5.730952223540755 5.681864838328415 5.829126993965437 5.994796919057086 5.9518454569962875 5.8475347634200645 5.546874528994478 5.577554144752192 5.583690067903734 5.47937937432751 5.442563835418255 5.418020142812084 5.5100589900852235 5.405748296509 5.252350217720435 5.289165756629691 5.522330836388308 5.583690067903734 5.399612373357457 5.706408530934585 5.829126993965437 5.822991070813893 5.786175531904639 5.724816300389213 6.000932842208628 5.688000761479957 5.577554144752192 5.497787143782138 5.595961914206819 5.638913376267617 5.632777453116074 5.6143696836614465 5.626641529964532 
-59.0 -59.0 -58.5 -58.5 -59.0 -58.0 -58.5 -58.5 -58.5 -59.0 -59.0 -59.0 -59.0 -59.5 -60.0 -59.5 -58.5 -56.5 -55.0 -56.0 -56.0 -56.5 -57.0 -58.0 -58.0 -58.5 -58.5 -58.0 -57.0 -56.5 -57.5 -57.5 -56.0 -56.5 -57.5 -58.5 -59.0 -59.0 -60.0 -60.0 -60.5 -59.5 -59.5 -59.5 -59.5 -59.5 
2.1659808724945253 5.356660911296659 5.283029833478148 5.2339424482658075 5.129631754689584 5.135767677841127 5.190990986205009 5.203262832508095 5.178719139901925 5.117359908386499 5.062136600022616 5.141903600992669 5.197126909356553 5.356660911296659 5.71868037723767 5.663457068873787 5.902758071783947 5.66959299202533 5.5100589900852235 5.749359992995383 6.117515382087937 5.71868037723767 5.8045833013592665 5.786175531904639 5.957981380147831 5.835262917116979 5.810719224510809 5.675728915176872 6.074563920027139 5.497787143782138 5.497787143782138 5.620505606812989 5.632777453116074 5.442563835418255 5.534602682691394 5.50392306693368 5.792311455056181 5.663457068873787 5.93343768754166 5.9518454569962875 5.835262917116979 5.872078456026235 5.6573211457222445 5.5714182216006485 
-64.5 -63.5 -63.5 -63.0 -64.5 -63.0 -63.0 -63.5 -63.5 -63.0 -63.5 -64.0 -64.0 -65.0 -62.5 -61.5 -61.0 -60.0 -62.0 -65.5 -62.5 -60.5 -61.5 -62.5 -63.0 -63.0 -63.0 -62.0 -64.5 -65.5 -61.0 -61.5 -61.0 -62.0 -63.5 -66.0 -66.5 -67.5 -68.0 -67.0 -67.5 -68.0 -68.5 -69.0 
