0.07363107781851078 3.153864499892878 3.184544115650591 3.1231848841351653 3.3011266555298997 3.1968159619536762 3.043417883165112 6.264777537724958 2.8838838812250054 3.153864499892878 2.9084275738311756 3.0802334220743677 0.018407769454627694 0.01227184630308513 4.399456899656019 3.2949907323783574 2.6813984172241008 2.4727770300716534 2.411417798556228 2.9575149590435164 3.0372819600135696 2.4175537217077703 2.779573187648782 2.073942025221387 3.117048960983623 3.3440781175906977 0.35588354278946877 6.163534805724506 3.043417883165112 3.2581751934691017 3.0250101137104846 3.067961575771282 3.160000423044421 
-68.5 -67.5 -66.5 -67.0 -66.5 -67.5 -67.0 -68.0 -67.0 -66.5 -67.5 -67.0 -68.5 -69.0 -65.5 -62.5 -64.0 -65.5 -66.0 -68.0 -67.5 -67.5 -66.5 -67.0 -62.5 -66.0 -78.0 -72.0 -68.0 -67.0 -69.0 -68.0 -69.5 
1.3560390164909069 1.4480778637640452 1.4664856332186729 1.4051264017032472 1.4296700943094176 1.4358060174609601 1.4419419406125027 1.337631247036279 1.4603497100671303 1.5401167110371838 1.5155730184310134 1.4542137869155878 1.4971652489763858 1.552388557340269 1.4664856332186729 1.4051264017032472 1.533980787885641 1.41126232485479 1.3867186322486196 1.2026409377023426 0.8958447801252144 1.3499030933393643 1.9941750242513334 2.3316507975861747 1.7303303287350031 1.8407769454627694 1.8775924843720249 1.9266798695843652 1.9634954084936207 1.9573594853420782 2.000310947402876 2.12916533358527 1.9389517158874505 1.6505633277649499 1.2762720155208536 1.2026409377023426 1.0492428589137786 1.1903690913992575 1.3928545554001621 1.4480778637640452 1.4787574795217582 1.521708941582556 1.5953400194010667 1.6751070203711202 1.5892040962495242 1.4910293258248433 
-62.5 -62.0 -62.0 -61.0 -61.5 -61.5 -61.5 -61.5 -61.5 -61.5 -62.0 -61.5 -62.0 -62.0 -61.5 -62.0 -62.0 -61.5 -61.5 -62.0 -64.0 -64.0 -66.0 -62.0 -62.0 -61.5 -61.5 -60.5 -60.5 -60.0 -61.5 -62.5 -63.5 -63.5 -61.5 -60.5 -59.5 -61.5 -61.0 -59.0 -59.5 -59.5 -59.5 -60.0 -60.5 -60.0 
1.0921943209745766 1.1044661672776617 1.0983302441261191 1.086058397823034 1.0799224746714913 1.086058397823034 1.0615147052168636 1.1351457830353744 1.0921943209745766 1.0921943209745766 1.0921943209745766 1.0983302441261191 1.0799224746714913 1.0615147052168636 1.0492428589137786 1.055378782065321 0.9940195505498954 1.0185632431560658 0.9572040116406401 1.0185632431560658 1.1719613219446299 1.1903690913992575 1.2210487071569704 1.1474176293384597 1.2026409377023426 1.1596894756415448 1.086058397823034 1.0799224746714913 1.086058397823034 1.086058397823034 1.1290098598838318 1.1965050145508 1.2946797849754812 1.2640001692177683 1.0799224746714913 1.1535535524900022 1.1903690913992575 1.1596894756415448 1.1780972450961724 1.1474176293384597 1.1780972450961724 1.214912784005428 1.1965050145508 1.2210487071569704 1.2517283229146832 1.282407938672396 
-49.0 -49.0 -49.0 -49.0 -49.0 -49.0 -48.5 -49.0 -49.0 -49.0 -49.0 -49.0 -49.0 -49.0 -49.0 -48.5 -49.0 -49.0 -48.5 -48.0 -49.5 -50.5 -51.0 -51.5 -52.5 -51.5 -51.5 -52.5 -53.0 -53.0 -53.0 -52.0 -52.5 -52.5 -51.0 -50.0 -49.5 -49.5 -49.0 -48.5 -48.5 -49.0 -49.5 -49.5 -49.0 -49.5 
1.184233168247715 1.2026409377023426 1.2333205534600555 1.184233168247715 1.1719613219446299 1.1780972450961724 1.1903690913992575 1.1596894756415448 1.1965050145508 1.2026409377023426 1.184233168247715 1.1780972450961724 1.1719613219446299 1.1596894756415448 1.1903690913992575 1.1719613219446299 1.1106020904292042 1.1658253987930873 1.086058397823034 1.0615147052168636 1.368310862793992 1.3989904785517047 1.2517283229146832 1.552388557340269 1.6382914814618648 1.5892040962495242 1.5585244804918115 1.607611865704152 1.6014759425526093 1.6198837120072371 1.533980787885641 1.4787574795217582 1.6260196351587797 1.4480778637640452 1.4358060174609601 1.3437671701878218 1.1290098598838318 1.0799224746714913 1.0891263593988052 1.086058397823034 1.1535535524900022 1.2087768608538851 1.214912784005428 1.239456476611598 1.2640001692177683 1.2517283229146832 
-50.5 -50.5 -50.5 -50.0 -50.0 -50.5 -50.0 -50.5 -50.0 -50.5 -50.5 -50.5 -50.5 -50.5 -50.5 -50.0 -50.5 -50.5 -51.0 -51.5 -51.5 -50.5 -50.0 -52.0 -51.5 -51.5 -51.5 -51.5 -51.5 -52.0 -52.5 -51.5 -51.0 -52.0 -51.5 -51.0 -51.0 -51.0 -51.5 -50.5 -51.0 -51.0 -51.0 -50.5 -50.5 -50.0 
1.3867186322486196 1.423534171157875 1.4358060174609601 1.41126232485479 1.4296700943094176 1.3867186322486196 1.4664856332186729 1.4603497100671303 1.4419419406125027 1.41126232485479 1.4480778637640452 1.4542137869155878 1.4051264017032472 1.4051264017032472 1.3928545554001621 1.3744467859455345 1.2762720155208536 1.3130875544301088 1.3008157081270237 1.380582709097077 1.8162332528565992 1.8407769454627694 1.8162332528565992 1.88986433067511 1.8653206380689396 1.9266798695843652 2.024854640009046 2.055534255766759 2.0800779483729293 2.141437179888355 2.061670178918302 1.945087639038993 1.8530487917658545 1.9573594853420782 1.9634954084936207 1.9573594853420782 1.932815792735908 1.7119225592803755 1.4879613642490719 1.4358060174609601 1.521708941582556 1.5585244804918115 1.533980787885641 1.5707963267948966 1.552388557340269 1.5401167110371838 
-50.5 -50.5 -50.5 -50.5 -50.5 -50.5 -50.5 -50.5 -51.0 -50.5 -50.5 -50.5 -50.5 -50.5 -50.5 -50.0 -50.0 -50.0 -51.0 -52.5 -49.5 -48.5 -49.0 -50.5 -50.0 -51.0 -50.5 -50.0 -50.5 -51.5 -52.0 -51.5 -49.5 -48.0 -48.5 -49.5 -50.5 -52.0 -53.0 -51.5 -51.0 -50.5 -50.5 -50.0 -50.0 -50.5 
1.859184714917397 1.8775924843720249 1.8285050991596843 1.8775924843720249 1.8775924843720249 1.8530487917658545 1.8837284075235674 1.8775924843720249 1.8407769454627694 1.8285050991596843 1.8837284075235674 1.902136176978195 1.8653206380689396 1.859184714917397 1.902136176978195 1.8346410223112268 1.8100973297050567 1.6751070203711202 1.705786636128833 1.7303303287350031 2.2334760271614935 2.2580197197676637 2.405281875404685 2.5157284921324514 2.3623304133438876 2.36846633649543 2.386874105950058 2.423689644859313 2.4605051837685683 2.454369260617026 2.411417798556228 2.4727770300716534 2.337786720737717 2.2396119503130363 2.3930100291016 2.3439226438892597 2.0800779483729293 1.8530487917658545 1.8008934449777427 1.8407769454627694 1.9512235621905356 1.9573594853420782 1.9819031779482483 2.000310947402876 2.000310947402876 1.9819031779482483 
-51.0 -51.0 -51.0 -51.0 -51.0 -51.0 -51.0 -51.0 -51.5 -51.5 -51.5 -51.5 -51.0 -51.0 -51.0 -51.0 -51.0 -51.0 -53.0 -54.5 -53.0 -52.0 -55.0 -52.5 -52.5 -52.5 -52.5 -53.0 -53.5 -53.0 -52.5 -52.5 -54.5 -52.0 -52.0 -53.0 -54.5 -54.5 -54.5 -53.0 -51.5 -51.0 -50.5 -50.0 -50.5 -50.5 
5.221670601962723 5.338253141842031 5.289165756629691 5.019185137961818 5.135767677841127 5.301437602932776 5.129631754689584 5.190990986205009 5.283029833478148 5.117359908386499 4.853515212870168 5.325981295538946 5.154175447295755 5.105088062083414 5.135767677841127 5.325981295538946 5.141903600992669 5.2339424482658075 6.013204688511713 6.025476534814799 6.019340611663256 5.638913376267617 5.737088146692298 5.767767762450011 5.927301764390117 5.994796919057086 5.964117303299373 5.915029918087033 6.013204688511713 6.092971689481767 6.043884304269426 5.516194913236766 5.534602682691394 6.154330920997192 6.227961998815704 6.019340611663256 5.970253226450915 5.577554144752192 5.522330836388308 5.301437602932776 5.178719139901925 4.970097752749477 5.049864753719531 5.080544369477243 4.871922982324796 
-63.5 -63.5 -63.0 -64.0 -63.5 -62.5 -63.5 -64.0 -63.5 -63.5 -63.5 -63.5 -63.0 -63.0 -63.0 -63.5 -63.5 -65.0 -63.0 -59.0 -57.0 -58.5 -58.5 -58.5 -58.5 -57.5 -57.5 -58.0 -58.0 -59.0 -59.0 -60.0 -57.0 -56.0 -57.5 -60.0 -61.5 -66.5 -66.0 -66.0 -64.5 -64.0 -63.5 -63.5 -64.5 
5.344389064993574 5.485515297479052 5.313709449235861 5.50392306693368 5.246214294568893 5.252350217720435 5.338253141842031 5.246214294568893 5.240078371417351 2.1537090261914402 5.264622064023521 5.209398755659637 5.227806525114265 5.129631754689584 5.1725832167503825 5.111223985234957 5.553010452146021 2.761165418194154 0.0 5.688000761479957 0.2945243112740431 0.14726215563702155 6.013204688511713 0.3129320807286708 0.34974761963792617 6.252505691421874 6.215690152512618 0.46019423636569234 5.927301764390117 5.9518454569962875 0.14112623248547898 5.927301764390117 5.835262917116979 6.135923151542564 6.019340611663256 5.411884219660542 5.344389064993574 5.411884219660542 5.332117218690489 5.2339424482658075 5.4671075280244255 5.491651220630596 
-63.5 -64.0 -64.5 -62.5 -63.0 -63.5 -64.0 -63.5 -64.5 -64.5 -63.5 -63.0 -63.0 -64.0 -63.5 -63.5 -63.5 -66.0 -65.5 -61.5 -69.5 -64.0 -65.5 -70.0 -64.5 -63.0 -63.0 -65.5 -72.0 -65.5 -63.5 -71.0 -61.5 -62.5 -65.5 -68.0 -64.5 -63.0 -62.0 -61.5 -62.0 -62.5 
