2.5893595699509624 2.5280003384355365 2.5280003384355365 2.6016314162540475 5.853670686571607 2.497320722677824 2.715145994557585 2.6261751088602177 2.497320722677824 2.5586799541932495 2.6445828783148455 2.5034566458293663 2.6384469551633027 2.6139032625571326 2.718213956133356 2.6384469551633027 0.14112623248547898 3.423845118560751 2.9268353432858034 2.9759227284981438 3.0495538063166547 3.3870295796514958 0.4172427743048944 3.479068426924634 3.3318062712876126 3.2090878082567613 3.160000423044421 3.0495538063166547 3.0250101137104846 3.129320807286708 3.2520392703175593 3.448388811166921 2.742757648739526 3.055689729468197 3.215223731408304 3.313398501832985 3.442252888015379 3.0372819600135696 2.834796496012665 2.736621725587984 2.6261751088602177 2.6200391857086753 2.5034566458293663 2.552544031041707 
-61.0 -61.5 -62.0 -61.0 -62.5 -62.0 -63.0 -61.5 -62.5 -62.0 -62.0 -62.0 -63.0 -62.0 -62.5 -63.0 -65.0 -60.5 -63.5 -67.0 -66.5 -65.0 -66.5 -64.0 -62.5 -63.0 -63.5 -63.0 -63.5 -63.5 -64.5 -66.5 -63.5 -61.5 -61.0 -60.5 -61.0 -63.0 -63.0 -62.0 -62.0 -62.5 -62.0 -61.5 
2.1230294104337273 2.1230294104337273 2.030990563160589 2.1598449493429825 5.2768939103266055 2.110757564130642 5.212466717235409 1.945087639038993 2.0064468705544187 1.8837284075235674 1.945087639038993 1.6873788666742053 1.8223691760081417 1.9082721001297376 1.748738098189631 2.000310947402876 1.607611865704152 1.9941750242513334 2.3193789512830896 2.2212041808584084 2.2396119503130363 2.60776733940559 2.718213956133356 6.191146459906448 2.8409324191642074 2.8838838812250054 2.6016314162540475 2.5464081078901644 2.350058567040802 2.5280003384355365 2.6261751088602177 2.804116880254952 3.06182565261974 2.724349879284899 2.2948352586769194 1.88986433067511 1.8960002538266525 2.1537090261914402 2.141437179888355 1.9880391010997909 1.9757672547967058 1.7671458676442586 1.9819031779482483 1.9082721001297376 1.9266798695843652 
-63.0 -63.5 -63.0 -62.0 -64.5 -63.5 -64.0 -64.0 -62.5 -63.0 -62.0 -62.5 -62.5 -63.0 -62.0 -63.0 -62.0 -61.0 -60.5 -62.5 -64.0 -65.0 -64.0 -64.0 -62.5 -62.0 -61.5 -62.0 -61.5 -61.0 -61.5 -62.0 -66.0 -65.5 -66.0 -63.0 -63.0 -63.0 -62.5 -63.0 -63.0 -63.5 -64.0 -63.5 -63.5 
0.4970097752749477 0.4663301595172349 0.5154175447295755 0.4908738521234052 0.5491651220630596 0.5706408530934585 0.5767767762450011 0.5951845456996288 0.619728238305799 0.619728238305799 0.6442719309119693 0.705631162427395 0.6933593161243098 0.7301748550335652 0.6749515466696822 0.7301748550335652 0.7301748550335652 0.7792622402459057 0.8897088569736719 0.8406214717613314 0.8406214717613314 0.9633399347921826 1.141281706186917 1.1228739367322893 0.944932165337555 0.8406214717613314 0.9203884727313847 0.944932165337555 0.9387962421860124 0.9572040116406401 0.9387962421860124 0.9387962421860124 0.8958447801252144 0.9817477042468103 1.227184630308513 1.086058397823034 0.944932165337555 0.9326603190344698 1.0615147052168636 0.9203884727313847 0.7976700097005334 0.760854470791278 0.7301748550335652 0.6565437772150544 0.662679700366597 0.619728238305799 
-50.5 -50.5 -50.0 -50.0 -50.5 -50.0 -50.5 -50.0 -50.0 -49.5 -49.5 -49.5 -49.5 -49.5 -49.5 -49.5 -49.5 -50.0 -50.5 -51.0 -52.5 -53.0 -52.5 -50.0 -50.5 -51.0 -52.0 -51.5 -51.0 -51.5 -51.5 -51.0 -51.0 -50.0 -52.0 -52.0 -50.0 -49.5 -49.5 -49.5 -49.5 -49.5 -50.0 -49.5 -49.5 -49.5 
0.8835729338221293 0.8713010875190442 0.8528933180644165 0.8099418560036186 3.9944859716542096 0.8160777791551611 0.8467573949128739 0.8651651643675016 0.8651651643675016 0.8651651643675016 0.8774370106705868 0.8774370106705868 0.9326603190344698 0.9142525495798421 0.8651651643675016 0.9081166264282996 0.859029241215959 0.9265243958829272 1.055378782065321 1.1290098598838318 1.368310862793992 1.4603497100671303 1.4664856332186729 1.282407938672396 1.2363885150358267 1.239456476611598 1.3314953238847365 1.3744467859455345 1.3499030933393643 1.325359400733194 1.3192234775816514 1.3560390164909069 1.2701360923693108 1.1474176293384597 1.423534171157875 1.4787574795217582 1.4296700943094176 1.3437671701878218 1.2333205534600555 1.1106020904292042 1.012427320004523 1.0369710126106935 0.9633399347921826 0.9081166264282996 0.9081166264282996 0.9081166264282996 
-52.0 -52.0 -52.0 -52.0 -52.0 -51.5 -52.0 -51.5 -51.5 -51.5 -51.0 -51.0 -51.0 -50.5 -51.0 -51.0 -50.5 -51.0 -50.0 -51.0 -51.5 -51.0 -50.0 -49.5 -50.0 -50.0 -50.0 -50.0 -50.0 -49.5 -50.0 -50.0 -50.0 -49.5 -50.0 -51.0 -51.5 -51.5 -50.5 -51.0 -51.0 -51.0 -51.5 -51.0 -51.5 -51.5 
1.380582709097077 1.325359400733194 1.3008157081270237 1.2701360923693108 1.2793399770966247 1.2517283229146832 1.2701360923693108 1.1658253987930873 1.141281706186917 1.214912784005428 1.1903690913992575 1.1596894756415448 1.1780972450961724 1.1965050145508 1.1965050145508 1.239456476611598 1.282407938672396 1.564660403643354 1.8162332528565992 1.8837284075235674 1.9144080232812801 1.8039614065535141 1.6444274046134073 1.5401167110371838 1.607611865704152 1.576932249946439 1.6689710972195777 1.6873788666742053 1.6198837120072371 1.662835174068035 1.6321555583103222 1.6444274046134073 1.5953400194010667 1.5278448647340985 1.6935147898257479 1.8530487917658545 1.932815792735908 1.9144080232812801 1.9634954084936207 1.8285050991596843 1.6444274046134073 1.564660403643354 1.4848934026733007 1.4542137869155878 1.368310862793992 1.4296700943094176 
-57.0 -57.5 -56.0 -57.0 -57.5 -57.0 -57.5 -56.5 -57.0 -56.5 -57.0 -56.5 -56.5 -56.5 -56.0 -55.5 -56.0 -55.5 -54.0 -53.5 -51.5 -49.5 -49.0 -50.0 -51.0 -51.0 -51.0 -51.0 -51.0 -51.0 -50.5 -50.5 -51.0 -51.0 -49.5 -49.0 -50.5 -51.5 -52.0 -54.0 -56.0 -55.5 -55.5 -55.5 -56.0 -56.0 
1.6444274046134073 1.607611865704152 1.5953400194010667 1.662835174068035 1.6505633277649499 1.6137477888556946 1.6260196351587797 1.6014759425526093 1.607611865704152 1.5462526341887264 1.6321555583103222 1.662835174068035 1.6198837120072371 1.705786636128833 1.5953400194010667 1.5953400194010667 1.552388557340269 1.6873788666742053 1.9512235621905356 2.067806102069844 2.1230294104337273 1.945087639038993 1.8407769454627694 1.902136176978195 2.083145909948701 2.116893487282185 2.073942025221387 2.0371264863121317 2.098485717827557 2.067806102069844 2.024854640009046 1.9573594853420782 2.024854640009046 2.0064468705544187 1.9144080232812801 1.88986433067511 2.1230294104337273 2.2150682577068657 2.1230294104337273 1.902136176978195 1.761009944492716 1.8039614065535141 1.6996507129772904 1.705786636128833 1.6444274046134073 1.6751070203711202 
-55.5 -55.5 -55.0 -55.0 -55.5 -55.0 -55.0 -55.0 -54.5 -54.0 -54.0 -54.0 -53.5 -53.5 -53.5 -54.0 -54.5 -54.5 -53.0 -52.5 -51.5 -51.0 -52.5 -52.5 -54.5 -53.5 -53.5 -53.5 -53.5 -53.5 -54.0 -54.0 -53.0 -54.0 -52.5 -51.0 -51.0 -51.0 -52.5 -54.0 -54.5 -54.0 -54.0 -54.0 -54.5 -55.0 
5.749359992995383 5.829126993965437 5.810719224510809 5.6941366846315 5.660389107298016 5.638913376267617 5.635845414691846 5.675728915176872 5.71868037723767 5.638913376267617 5.66959299202533 5.589825991055276 5.638913376267617 5.749359992995383 5.688000761479957 5.675728915176872 5.45483568172134 5.50392306693368 5.546874528994478 5.755495916146925 5.737088146692298 5.681864838328415 5.516194913236766 5.50392306693368 5.516194913236766 5.4671075280244255 5.393476450205914 5.325981295538946 5.313709449235861 5.4671075280244255 5.240078371417351 5.2339424482658075 5.393476450205914 5.491651220630596 5.534602682691394 5.553010452146021 5.8475347634200645 5.835262917116979 5.841398840268521 5.835262917116979 5.798447378207723 5.681864838328415 5.773903685601553 5.835262917116979 5.706408530934585 5.688000761479957 
-59.0 -59.0 -59.5 -59.0 -60.5 -60.0 -60.5 -60.0 -60.0 -60.5 -60.5 -60.0 -60.5 -60.5 -61.0 -60.5 -61.5 -60.5 -60.5 -60.0 -56.0 -55.5 -56.5 -57.0 -57.5 -57.5 -57.0 -57.5 -58.0 -58.5 -58.5 -57.5 -57.0 -57.0 -57.0 -56.0 -56.0 -56.5 -57.5 -58.0 -58.5 -58.0 -58.0 -58.5 -58.5 -58.5 
5.553010452146021 5.589825991055276 5.387340527054372 5.491651220630596 2.1537090261914402 5.5284667595398505 2.1260973720094984 5.356660911296659 5.516194913236766 5.283029833478148 5.295301679781233 5.313709449235861 5.356660911296659 5.184855063053467 5.418020142812084 5.7616318392984684 5.485515297479052 5.6573211457222445 5.651185222570702 5.418020142812084 5.399612373357457 5.638913376267617 5.921165841238575 5.8659425328746915 5.71868037723767 5.755495916146925 5.780039608753096 5.896622148632405 5.896622148632405 6.013204688511713 5.816855147662351 5.988660995905543 5.608233760509904 5.620505606812989 5.792311455056181 5.872078456026235 5.620505606812989 5.50392306693368 5.5284667595398505 5.190990986205009 5.47937937432751 5.473243451175968 5.368932757599744 5.289165756629691 
-66.0 -66.0 -65.5 -65.5 -67.5 -65.5 -67.0 -65.5 -65.0 -65.0 -64.5 -64.0 -64.0 -64.5 -63.0 -65.0 -61.5 -62.0 -60.0 -60.5 -61.0 -66.0 -64.5 -62.0 -62.5 -63.0 -64.0 -64.5 -62.5 -62.5 -63.5 -64.5 -63.0 -61.0 -61.0 -61.0 -61.0 -63.5 -65.5 -67.0 -66.5 -66.5 -67.0 -66.5 
