2.4727770300716534 2.5586799541932495 2.448233337465483 2.675262494072558 2.6323110320117604 2.564815877344792 2.5893595699509624 2.5954954931025047 2.748893571891069 2.742757648739526 2.730485802436441 2.773437264497239 2.6384469551633027 0.11658253987930872 3.6570101983193686 3.0250101137104846 3.1906800388021335 0.18407769454627693 0.47860200582032003 3.3440781175906977 2.9636508821950587 6.277049384028044 6.17273869045182 6.068427996875596 2.773437264497239 0.1380582709097077 0.1227184630308513 2.9206994201342606 3.08636934522591 2.9697868053466014 3.074097498922825 6.129787228391022 2.5586799541932495 2.521864415283994 2.4727770300716534 2.4605051837685683 2.4175537217077703 2.6200391857086753 2.6445828783148455 2.6691265709210157 2.5954954931025047 2.5464081078901644 2.8409324191642074 2.7550294950426117 2.9820586516496865 
-62.5 -62.5 -62.5 -62.5 -63.0 -64.0 -63.0 -63.5 -62.0 -63.5 -63.5 -63.5 -63.0 -68.5 -63.5 -63.5 -66.5 -68.5 -68.5 -66.0 -64.0 -67.5 -67.0 -66.5 -63.0 -67.0 -68.0 -60.0 -61.0 -61.0 -61.0 -64.5 -65.5 -66.0 -65.5 -65.0 -64.5 -65.0 -64.5 -64.5 -63.5 -63.5 -64.0 -63.5 -63.0 
1.9941750242513334 1.8100973297050567 1.9389517158874505 1.9757672547967058 1.9696313316451632 2.086213871524472 2.030990563160589 1.9941750242513334 2.000310947402876 1.9696313316451632 1.9819031779482483 1.9880391010997909 2.073942025221387 1.761009944492716 2.2948352586769194 2.1353012567368124 2.1659808724945253 2.2580197197676637 2.779573187648782 2.6691265709210157 2.2089323345553233 2.067806102069844 1.9819031779482483 2.040194447887903 2.0923497946760143 5.660389107298016 2.9391071895888885 3.509748042682347 6.117515382087937 2.3746022596469727 2.141437179888355 2.3009711818284617 2.0923497946760143 2.2396119503130363 2.073942025221387 5.148039524144211 2.110757564130642 1.9941750242513334 5.2339424482658075 1.9205439464328227 1.9144080232812801 1.88986433067511 1.9082721001297376 2.067806102069844 1.932815792735908 
-64.0 -63.0 -63.5 -64.0 -63.0 -62.5 -64.0 -63.0 -63.0 -62.5 -63.0 -62.5 -63.0 -62.0 -62.0 -62.0 -62.5 -64.5 -66.0 -63.5 -62.5 -62.5 -61.5 -62.5 -61.0 -63.0 -63.0 -64.0 -67.0 -66.5 -64.5 -63.0 -61.5 -62.0 -63.5 -65.0 -65.0 -64.5 -65.5 -65.0 -63.5 -62.5 -62.5 -63.0 -63.0 
0.5951845456996288 0.607456392002714 0.619728238305799 0.6135923151542565 0.6258641614573416 0.6135923151542565 0.7117670855789375 0.662679700366597 0.7117670855789375 0.7485826244881929 0.7915340865489908 0.7731263170943632 0.760854470791278 0.7915340865489908 0.9326603190344698 1.030835089459151 0.8651651643675016 0.9817477042468103 1.1290098598838318 0.9572040116406401 0.9633399347921826 0.9387962421860124 0.859029241215959 0.8958447801252144 0.8314175870340175 0.8160777791551611 0.8406214717613314 0.9572040116406401 1.043106935762236 1.1228739367322893 0.9326603190344698 0.8283496254582462 0.9142525495798421 0.8774370106705868 0.7179030087304801 0.5460971604872883 0.5276893910326605 0.48473792897186263 0.5276893910326605 0.5706408530934585 0.5890486225480862 0.6381360077604268 0.6994952392758523 0.7485826244881929 0.7547185476397354 0.8099418560036186 0.7915340865489908 
-49.5 -49.5 -49.0 -49.0 -49.5 -49.5 -49.0 -49.0 -49.5 -49.5 -49.0 -49.5 -49.5 -49.5 -50.0 -50.5 -51.0 -52.0 -51.0 -49.5 -51.5 -51.5 -52.0 -51.5 -52.0 -52.0 -51.5 -50.5 -50.0 -51.0 -51.0 -50.5 -49.5 -50.0 -50.5 -51.0 -51.0 -51.0 -51.0 -51.0 -50.5 -50.0 -50.0 -49.5 -49.5 -49.5 -49.0 
0.7240389318820226 0.7731263170943632 0.760854470791278 0.760854470791278 0.705631162427395 0.760854470791278 0.760854470791278 0.7792622402459057 0.8344855486097889 0.8099418560036186 0.859029241215959 0.8406214717613314 0.8099418560036186 0.803805932852076 0.9633399347921826 1.030835089459151 1.1903690913992575 1.3744467859455345 1.3192234775816514 1.0983302441261191 1.1903690913992575 1.3008157081270237 1.217980745581199 1.1351457830353744 1.1903690913992575 1.214912784005428 1.239456476611598 1.1903690913992575 1.0983302441261191 1.3744467859455345 1.3499030933393643 1.2578642460662257 1.1903690913992575 1.030835089459151 0.9019807032767571 0.859029241215959 0.8713010875190442 0.7915340865489908 0.8467573949128739 0.7792622402459057 0.7731263170943632 0.7853981633974483 0.8283496254582462 0.8713010875190442 0.859029241215959 0.8651651643675016 0.9203884727313847 
-52.0 -51.5 -52.0 -51.5 -51.5 -51.5 -51.5 -52.0 -51.5 -51.5 -51.0 -51.5 -51.0 -52.0 -51.0 -50.5 -52.0 -52.0 -50.0 -49.5 -50.5 -50.5 -50.5 -50.0 -50.5 -50.0 -50.5 -50.5 -49.5 -49.5 -51.0 -51.5 -51.0 -51.0 -52.0 -53.0 -53.0 -53.0 -53.0 -53.0 -53.0 -52.5 -52.5 -51.5 -51.5 -51.5 -51.0 
1.000155473701438 1.055378782065321 1.043106935762236 1.1044661672776617 1.0492428589137786 1.0492428589137786 1.0492428589137786 0.9940195505498954 1.1351457830353744 1.0737865515199487 1.0799224746714913 1.1167380135807468 1.1106020904292042 1.214912784005428 1.5278448647340985 1.662835174068035 1.6996507129772904 1.7119225592803755 1.4542137869155878 1.3744467859455345 1.4787574795217582 1.5462526341887264 1.4634176716429017 1.4664856332186729 4.586602555778067 1.4480778637640452 1.4910293258248433 1.4603497100671303 1.4051264017032472 1.5155730184310134 1.6566992509164924 1.6873788666742053 1.6812429435226628 1.7548740213411735 1.6198837120072371 1.5278448647340985 1.380582709097077 1.3314953238847365 1.2885438618239387 1.184233168247715 1.184233168247715 1.1535535524900022 1.2026409377023426 1.1903690913992575 1.1535535524900022 1.227184630308513 1.1965050145508 
-54.5 -54.5 -54.5 -54.5 -54.0 -54.0 -54.0 -54.5 -54.0 -54.0 -54.0 -54.0 -54.0 -54.0 -54.0 -53.0 -52.5 -50.0 -49.5 -50.0 -51.0 -51.0 -51.5 -52.0 -51.5 -51.5 -51.5 -52.0 -50.0 -49.5 -49.5 -50.0 -51.0 -52.0 -54.5 -55.5 -56.0 -56.0 -56.0 -55.5 -55.0 -55.0 -54.5 -54.0 -54.0 -54.0 -53.5 
1.4726215563702154 1.509437095279471 1.4848934026733007 1.4358060174609601 1.521708941582556 1.552388557340269 1.5462526341887264 1.4787574795217582 1.509437095279471 1.5707963267948966 1.521708941582556 1.521708941582556 1.4173982480063325 1.552388557340269 1.6812429435226628 1.9266798695843652 2.055534255766759 1.945087639038993 1.7303303287350031 1.8960002538266525 1.9389517158874505 1.9144080232812801 1.9297478311601366 1.9696313316451632 2.0064468705544187 1.9205439464328227 1.8346410223112268 1.8714565612204823 1.945087639038993 1.8714565612204823 1.8039614065535141 1.9389517158874505 1.9573594853420782 1.9266798695843652 1.7241944055834606 1.662835174068035 1.5953400194010667 1.552388557340269 1.5033011721279284 1.4971652489763858 1.4971652489763858 1.4787574795217582 1.552388557340269 1.5585244804918115 1.5830681730979816 1.5462526341887264 1.6505633277649499 
-55.0 -55.5 -55.0 -54.5 -55.0 -54.5 -54.5 -54.0 -54.0 -54.0 -53.5 -54.0 -54.0 -54.5 -54.5 -53.0 -52.0 -50.5 -53.0 -53.5 -53.0 -54.0 -55.0 -53.5 -54.0 -54.0 -55.0 -53.5 -54.0 -53.0 -51.5 -50.5 -50.5 -52.0 -55.5 -56.5 -56.0 -56.5 -56.0 -56.5 -56.0 -55.0 -54.5 -53.5 -53.5 -53.5 -53.5 
4.97623367590102 5.037592907416445 5.062136600022616 5.092816215780329 5.037592907416445 5.062136600022616 5.0253210611133605 5.080544369477243 5.203262832508095 5.111223985234957 5.111223985234957 5.080544369477243 5.190990986205009 5.258486140871978 5.381204603902829 5.356660911296659 5.632777453116074 5.295301679781233 5.135767677841127 5.301437602932776 5.283029833478148 5.006913291658733 5.052932715295302 5.295301679781233 5.341321103417803 5.111223985234957 4.997709406931419 5.123495831538041 5.240078371417351 5.227806525114265 5.289165756629691 5.589825991055276 5.565282298449106 5.608233760509904 5.559146375297564 5.602097837358362 5.583690067903734 5.534602682691394 5.608233760509904 5.5284667595398505 5.2339424482658075 5.356660911296659 5.313709449235861 5.289165756629691 5.283029833478148 5.553010452146021 5.368932757599744 
-62.5 -62.0 -62.5 -63.5 -62.5 -62.0 -61.5 -61.5 -62.5 -62.0 -62.0 -62.0 -63.0 -61.5 -61.0 -61.5 -59.0 -57.0 -57.5 -57.0 -57.0 -57.0 -61.0 -60.0 -61.0 -60.0 -59.0 -57.5 -56.0 -57.5 -56.0 -57.0 -58.0 -59.0 -60.0 -60.0 -59.5 -60.0 -60.5 -61.0 -61.0 -60.5 -61.0 -60.5 -60.5 -61.0 -61.0 
5.209398755659637 2.043262409463674 2.0064468705544187 2.000310947402876 4.945554060143307 5.197126909356553 5.184855063053467 1.9880391010997909 2.098485717827557 5.638913376267617 5.945709533844745 5.6941366846315 5.945709533844745 5.976389149602458 5.976389149602458 5.9088939949354895 6.14819499784565 5.945709533844745 5.878214379177777 5.976389149602458 5.878214379177777 5.93343768754166 5.565282298449106 5.712544454086128 5.64504929941916 5.332117218690489 5.712544454086128 2.6016314162540475 2.478912953223196 5.608233760509904 2.3193789512830896 2.141437179888355 5.381204603902829 5.1725832167503825 5.283029833478148 5.2768939103266055 
-70.5 -72.0 -70.0 -69.5 -68.5 -67.0 -67.0 -68.0 -68.5 -62.5 -60.5 -60.0 -69.0 -63.5 -63.0 -64.5 -63.0 -63.5 -63.0 -65.5 -64.0 -63.0 -63.0 -60.5 -60.5 -61.5 -66.5 -73.5 -71.5 -69.5 -71.0 -69.0 -66.5 -65.0 -65.0 -65.0 
