2.6261751088602177 2.6200391857086753 2.6998061866787286 2.7550294950426117 2.6445828783148455 2.718213956133356 2.675262494072558 2.767301341345697 2.6323110320117604 2.7550294950426117 2.724349879284899 2.8716120349219203 0.06135923151542565 3.411573272257666 3.3502140407422405 2.9820586516496865 2.859340188618835 0.07976700097005335 3.411573272257666 3.215223731408304 3.0127382674073995 3.000466421104314 2.8532042654672924 2.9391071895888885 2.7120780329818137 2.834796496012665 3.0127382674073995 2.6384469551633027 2.8838838812250054 2.6568547246179306 2.8716120349219203 3.018874190558942 2.6691265709210157 2.8286605728611223 2.5709518004963345 2.6016314162540475 2.6016314162540475 2.466641106920111 2.5034566458293663 2.5586799541932495 2.5157284921324514 2.509592568980909 2.5832236467994196 2.448233337465483 
-62.5 -63.0 -63.5 -63.0 -63.5 -63.0 -64.0 -64.0 -64.0 -64.5 -63.0 -64.5 -68.0 -63.0 -61.0 -61.5 -62.0 -65.0 -64.5 -61.5 -60.5 -60.0 -60.5 -62.5 -62.0 -60.0 -61.5 -63.0 -66.0 -61.0 -60.0 -60.5 -59.5 -62.0 -64.5 -66.5 -66.0 -64.5 -64.0 -63.5 -63.5 -63.5 -64.0 -64.0 
2.098485717827557 2.055534255766759 2.0064468705544187 1.7732817907958012 1.859184714917397 2.1353012567368124 2.116893487282185 2.024854640009046 2.1475731030398975 2.141437179888355 1.9082721001297376 2.4175537217077703 2.442097414313941 2.2580197197676637 2.282563412373834 2.466641106920111 2.6384469551633027 2.8777479580734626 3.043417883165112 2.7550294950426117 2.742757648739526 2.6139032625571326 2.6323110320117604 2.773437264497239 2.6139032625571326 2.767301341345697 3.018874190558942 2.9145634969827183 6.252505691421874 2.8716120349219203 2.8532042654672924 2.337786720737717 2.3746022596469727 2.399145952253143 2.2334760271614935 2.2027964114037806 2.2334760271614935 2.141437179888355 2.3623304133438876 2.1537090261914402 2.448233337465483 2.2886993355253766 2.405281875404685 
-63.0 -63.5 -63.0 -63.5 -63.5 -65.0 -63.5 -63.0 -64.0 -63.0 -64.0 -62.5 -62.0 -62.5 -61.5 -65.0 -63.0 -63.0 -61.0 -60.0 -60.0 -60.5 -60.5 -61.5 -59.5 -60.0 -61.0 -63.5 -66.0 -66.0 -64.5 -64.0 -63.0 -63.5 -63.5 -64.0 -63.5 -64.0 -64.0 -63.5 -63.0 -64.0 -63.0 
0.7424467013366504 0.7547185476397354 0.7547185476397354 0.7485826244881929 0.760854470791278 0.6994952392758523 0.7240389318820226 0.6933593161243098 0.705631162427395 0.6810874698212247 0.6565437772150544 0.6749515466696822 0.6442719309119693 0.5890486225480862 0.6258641614573416 0.8099418560036186 0.8467573949128739 0.6688156235181395 0.6013204688511713 0.8528933180644165 0.8528933180644165 0.607456392002714 0.5399612373357456 0.6688156235181395 0.662679700366597 0.705631162427395 0.6872233929727672 0.6688156235181395 0.6872233929727672 0.6872233929727672 0.662679700366597 0.7976700097005334 0.9694758579437253 0.8713010875190442 0.705631162427395 0.7853981633974483 0.7731263170943632 0.6258641614573416 0.4908738521234052 0.4663301595172349 0.47860200582032003 0.47860200582032003 0.44178646691106466 0.4479223900626072 0.4724660826687775 0.4111068511533518 0.3865631585471816 
-49.5 -49.5 -49.0 -49.0 -49.5 -49.5 -49.5 -49.5 -49.5 -49.5 -50.0 -49.5 -50.0 -50.0 -50.5 -50.5 -50.0 -50.5 -52.0 -52.5 -51.0 -49.5 -50.5 -51.0 -51.0 -51.0 -51.5 -51.0 -51.0 -51.0 -50.0 -49.5 -50.5 -52.0 -51.5 -50.0 -50.5 -51.0 -51.0 -51.0 -50.5 -50.5 -50.0 -50.0 -50.0 -50.5 -50.5 
0.8467573949128739 0.8222137023067037 0.8467573949128739 0.8283496254582462 0.803805932852076 0.8283496254582462 0.7485826244881929 0.8222137023067037 0.8222137023067037 0.7976700097005334 0.8344855486097889 0.803805932852076 0.8099418560036186 0.7853981633974483 0.7547185476397354 0.8835729338221293 0.8283496254582462 1.030835089459151 1.0676506283684062 1.0615147052168636 0.9203884727313847 0.8283496254582462 0.8344855486097889 1.030835089459151 1.0185632431560658 1.000155473701438 0.9817477042468103 0.9756117810952678 0.9940195505498954 1.0185632431560658 0.9326603190344698 0.8958447801252144 1.0185632431560658 1.1719613219446299 1.184233168247715 1.1596894756415448 1.0676506283684062 0.9387962421860124 0.8406214717613314 0.8099418560036186 0.8099418560036186 0.7485826244881929 0.803805932852076 0.7240389318820226 0.7792622402459057 0.7915340865489908 0.803805932852076 
-51.5 -51.5 -51.5 -51.5 -51.5 -51.5 -51.5 -52.0 -51.5 -52.0 -52.0 -52.0 -52.0 -52.0 -52.0 -51.0 -51.0 -52.0 -52.0 -50.5 -50.0 -51.0 -51.5 -51.0 -50.5 -50.0 -50.0 -50.0 -50.0 -51.0 -50.5 -50.0 -49.0 -49.5 -50.0 -50.5 -50.5 -52.5 -53.0 -53.5 -52.5 -52.5 -53.0 -53.0 -53.0 -53.0 -53.0 
1.1290098598838318 1.141281706186917 1.1290098598838318 1.1596894756415448 1.1780972450961724 1.1044661672776617 1.1228739367322893 1.1106020904292042 1.0983302441261191 1.0062913968529805 1.1351457830353744 1.0799224746714913 1.0185632431560658 0.9694758579437253 1.0983302441261191 1.5278448647340985 1.5707963267948966 1.4358060174609601 1.4971652489763858 1.325359400733194 1.0983302441261191 1.1290098598838318 1.2333205534600555 1.2946797849754812 1.3008157081270237 1.3192234775816514 1.2762720155208536 1.2578642460662257 1.2455923997631406 1.239456476611598 1.1535535524900022 1.1535535524900022 1.2455923997631406 1.4358060174609601 1.5707963267948966 1.6566992509164924 1.6444274046134073 1.6812429435226628 1.5585244804918115 1.3499030933393643 1.3437671701878218 1.2946797849754812 1.2087768608538851 1.184233168247715 1.2455923997631406 1.2640001692177683 1.2701360923693108 
-54.5 -54.5 -54.0 -54.0 -54.5 -54.5 -54.5 -54.5 -54.5 -54.5 -54.5 -54.5 -54.5 -55.0 -55.0 -54.0 -52.5 -52.5 -51.0 -49.0 -49.5 -50.5 -50.0 -50.0 -50.0 -51.0 -51.0 -50.5 -50.5 -50.5 -50.5 -50.0 -49.5 -49.0 -50.0 -51.0 -51.5 -53.0 -54.5 -54.5 -55.0 -54.5 -54.5 -55.0 -55.0 -55.5 -55.5 
1.5155730184310134 1.5401167110371838 1.5401167110371838 1.5462526341887264 1.5401167110371838 1.564660403643354 1.5401167110371838 1.509437095279471 1.4358060174609601 1.533980787885641 1.5033011721279284 1.509437095279471 1.4664856332186729 1.5953400194010667 1.4664856332186729 1.718058482431918 1.8162332528565992 1.859184714917397 1.761009944492716 1.3130875544301088 1.521708941582556 1.6566992509164924 1.7426021750380885 1.5892040962495242 1.7241944055834606 1.7671458676442586 1.6873788666742053 1.748738098189631 1.6873788666742053 1.6014759425526093 1.7978254834019713 1.7241944055834606 1.7426021750380885 1.576932249946439 1.7548740213411735 1.7855536370988863 1.736466251886546 1.7241944055834606 1.7119225592803755 1.5155730184310134 1.5830681730979816 1.533980787885641 1.552388557340269 1.552388557340269 1.564660403643354 1.5401167110371838 1.5707963267948966 
-54.0 -53.0 -53.5 -53.5 -54.0 -54.0 -54.0 -54.5 -54.5 -54.5 -54.5 -54.5 -54.5 -55.5 -55.5 -54.5 -53.0 -52.0 -52.0 -53.5 -54.5 -54.5 -54.5 -54.5 -55.0 -55.0 -54.5 -55.0 -55.5 -56.0 -54.5 -55.0 -55.0 -52.5 -51.0 -51.0 -52.0 -54.5 -55.5 -55.5 -55.0 -55.5 -55.5 -55.5 -56.0 -56.5 -57.0 
5.0682725231741586 5.21553467881118 5.350524988145116 5.166447293598839 5.209398755659637 5.258486140871978 5.270757987175063 5.21553467881118 5.393476450205914 5.098952138931871 5.252350217720435 5.258486140871978 5.141903600992669 5.393476450205914 5.295301679781233 5.043728830567988 5.399612373357457 5.2768939103266055 5.092816215780329 4.816699673960914 5.148039524144211 5.037592907416445 4.908738521234052 4.7307967498393175 4.76147636559703 4.841243366567084 4.859651136021712 4.700117134081604 4.558990901596125 5.043728830567988 5.325981295538946 5.227806525114265 5.197126909356553 5.424156065963627 5.66959299202533 5.663457068873787 5.712544454086128 5.675728915176872 5.675728915176872 5.651185222570702 5.497787143782138 5.522330836388308 5.47937937432751 5.534602682691394 5.602097837358362 5.5100589900852235 
-61.0 -61.0 -61.0 -60.5 -61.5 -61.0 -62.0 -60.5 -61.0 -61.5 -61.0 -62.0 -62.0 -61.5 -60.5 -61.5 -60.0 -58.0 -56.0 -58.0 -57.0 -56.5 -56.5 -57.0 -59.0 -59.0 -59.5 -58.5 -58.0 -57.0 -57.0 -56.5 -56.5 -56.0 -57.0 -57.0 -58.0 -58.5 -59.0 -59.5 -60.0 -59.5 -59.5 -59.0 -59.5 -59.5 
5.651185222570702 5.45483568172134 5.399612373357457 5.3198453723874035 5.411884219660542 5.123495831538041 2.141437179888355 5.387340527054372 2.1230294104337273 2.086213871524472 2.1966604882522383 5.3198453723874035 5.47937937432751 5.663457068873787 5.424156065963627 5.350524988145116 5.313709449235861 2.650718801466388 5.743224069843841 5.577554144752192 5.289165756629691 5.4671075280244255 5.460971604872882 5.583690067903734 5.491651220630596 5.553010452146021 5.540738605842936 5.64504929941916 2.1966604882522383 5.712544454086128 5.4671075280244255 5.559146375297564 5.424156065963627 5.878214379177777 2.350058567040802 5.497787143782138 5.473243451175968 5.638913376267617 5.6143696836614465 5.608233760509904 5.577554144752192 
-63.5 -64.5 -65.5 -65.0 -66.0 -66.0 -68.0 -68.0 -68.0 -68.5 -69.0 -63.0 -60.0 -59.5 -59.5 -61.0 -63.0 -63.5 -60.5 -59.5 -60.0 -61.5 -62.5 -63.0 -62.5 -61.0 -60.5 -62.5 -62.5 -59.5 -60.5 -61.0 -63.5 -64.0 -66.0 -65.0 -65.0 -65.5 -65.5 -65.5 -67.0 
