5.789243493480409 2.6476508398906167 5.822991070813893 5.816855147662351 2.9022916506796332 5.970253226450915 2.564815877344792 2.675262494072558 2.6568547246179306 2.650718801466388 2.442097414313941 5.945709533844745 2.448233337465483 2.5770877236478773 2.552544031041707 2.509592568980909 2.662990647769473 2.5402721847386216 2.718213956133356 6.14819499784565 2.9697868053466014 3.153864499892878 3.104777114680538 3.0066023442558567 1.0369710126106935 3.877903431774901 3.2397674240144743 2.705942109830271 5.66959299202533 2.435961491162398 2.662990647769473 2.478912953223196 2.5464081078901644 2.5954954931025047 5.737088146692298 5.9088939949354895 2.6813984172241008 0.5338253141842031 0.7424467013366504 3.2336315008629315 3.2827188860752723 
-67.5 -68.0 -67.5 -67.5 -66.0 -68.0 -66.5 -66.5 -65.5 -67.0 -65.5 -68.0 -67.0 -67.0 -67.5 -67.5 -66.0 -65.5 -66.0 -66.5 -66.5 -65.0 -65.5 -66.5 -67.0 -64.5 -64.0 -65.5 -67.5 -69.0 -70.0 -70.0 -68.5 -69.5 -71.0 -72.5 -68.5 -67.5 -69.5 -68.0 -68.0 
1.5462526341887264 4.721592865112004 1.2946797849754812 0.4908738521234052 1.6812429435226628 4.865787059173254 1.3130875544301088 1.6444274046134073 1.4726215563702154 1.6751070203711202 1.423534171157875 1.3437671701878218 1.4480778637640452 1.607611865704152 1.4971652489763858 1.4542137869155878 1.662835174068035 1.4358060174609601 1.6014759425526093 1.6382914814618648 1.6198837120072371 1.4971652489763858 1.41126232485479 1.521708941582556 4.552854978444583 1.141281706186917 4.184699589352029 2.018718716857504 6.031612457966341 2.509592568980909 2.2089323345553233 1.6935147898257479 1.6873788666742053 1.7978254834019713 1.748738098189631 1.8100973297050567 1.6566992509164924 1.9144080232812801 1.8837284075235674 1.6873788666742053 1.325359400733194 1.325359400733194 4.516039439535327 1.4971652489763858 1.5585244804918115 
-67.0 -67.0 -67.0 -65.0 -66.0 -67.5 -65.5 -67.5 -66.5 -66.0 -65.5 -67.0 -66.0 -67.5 -68.0 -66.5 -67.5 -66.5 -66.5 -67.0 -66.0 -66.0 -67.5 -66.5 -68.0 -65.5 -68.5 -67.0 -68.0 -64.5 -62.0 -62.5 -62.0 -61.0 -60.5 -61.0 -61.5 -63.5 -65.0 -64.5 -59.5 -60.0 -61.5 -60.5 -60.5 
0.9694758579437253 4.11413647310929 0.9878836273983529 0.9756117810952678 0.9387962421860124 0.9878836273983529 1.000155473701438 0.9694758579437253 0.9756117810952678 1.0062913968529805 1.000155473701438 1.0246991663076084 1.0185632431560658 0.9878836273983529 0.9878836273983529 1.0799224746714913 1.0492428589137786 1.0492428589137786 1.0369710126106935 1.055378782065321 1.0921943209745766 1.1106020904292042 1.1044661672776617 1.086058397823034 1.0492428589137786 0.9940195505498954 1.055378782065321 1.1044661672776617 1.1044661672776617 1.2762720155208536 1.1106020904292042 1.1228739367322893 1.043106935762236 0.9572040116406401 1.0185632431560658 0.9756117810952678 0.9756117810952678 0.9817477042468103 1.0983302441261191 1.2026409377023426 1.184233168247715 1.0983302441261191 1.0921943209745766 4.347301552867907 1.2640001692177683 1.2578642460662257 
-49.0 -49.0 -48.5 -48.5 -48.5 -48.5 -48.5 -48.5 -48.5 -48.5 -48.5 -48.5 -48.5 -48.5 -48.5 -48.5 -48.5 -48.5 -48.5 -48.5 -48.0 -48.0 -47.5 -47.5 -47.5 -47.5 -47.5 -49.5 -50.5 -51.0 -50.5 -51.5 -52.0 -52.5 -54.0 -54.5 -54.5 -53.5 -53.0 -52.5 -53.5 -51.5 -50.0 -50.0 -48.5 -48.0 
0.9940195505498954 0.9940195505498954 0.944932165337555 1.0246991663076084 0.9817477042468103 0.9817477042468103 0.9940195505498954 0.9694758579437253 1.0185632431560658 1.030835089459151 1.0062913968529805 1.030835089459151 1.012427320004523 1.0369710126106935 1.030835089459151 1.0369710126106935 1.0369710126106935 1.0492428589137786 1.0615147052168636 1.1044661672776617 1.0983302441261191 1.1044661672776617 1.1044661672776617 1.0676506283684062 1.043106935762236 1.030835089459151 1.086058397823034 1.2333205534600555 1.337631247036279 1.214912784005428 1.4971652489763858 1.521708941582556 1.564660403643354 1.521708941582556 1.423534171157875 1.423534171157875 1.4787574795217582 1.521708941582556 1.4173982480063325 1.6505633277649499 1.509437095279471 1.3008157081270237 1.1780972450961724 1.1566215140657734 1.1351457830353744 1.1903690913992575 
-51.5 -51.5 -50.5 -51.0 -51.0 -51.0 -51.0 -51.0 -51.0 -50.5 -50.5 -50.5 -50.5 -50.5 -50.5 -50.0 -50.5 -50.5 -50.5 -50.5 -50.5 -50.0 -49.5 -49.5 -49.5 -50.0 -50.0 -51.5 -50.0 -51.0 -50.5 -51.0 -51.0 -51.0 -51.5 -51.0 -51.5 -52.0 -52.0 -50.5 -53.5 -51.5 -51.0 -51.0 -49.5 -49.5 
1.6536312893407212 4.81056375080937 1.6137477888556946 1.5953400194010667 1.6260196351587797 1.6014759425526093 1.6382914814618648 1.6198837120072371 1.6198837120072371 1.6505633277649499 1.6566992509164924 1.6812429435226628 1.6873788666742053 1.705786636128833 1.7426021750380885 1.7548740213411735 1.761009944492716 1.7855536370988863 1.7855536370988863 1.8100973297050567 1.7303303287350031 1.6935147898257479 1.5953400194010667 1.4910293258248433 1.3621749396424494 1.3008157081270237 1.4910293258248433 5.086680292628786 1.9144080232812801 1.7426021750380885 1.8039614065535141 1.8530487917658545 2.061670178918302 2.073942025221387 2.030990563160589 2.030990563160589 2.073942025221387 2.1475731030398975 2.073942025221387 1.8653206380689396 1.9573594853420782 2.024854640009046 2.067806102069844 5.102020100507643 1.6198837120072371 1.576932249946439 
-49.5 -49.5 -49.0 -49.0 -49.0 -49.5 -49.0 -49.0 -49.0 -49.0 -49.0 -49.0 -49.0 -49.0 -49.0 -48.5 -49.0 -49.0 -48.5 -49.0 -49.0 -49.0 -49.0 -49.0 -49.0 -49.5 -52.0 -50.5 -48.0 -49.0 -50.5 -50.5 -52.0 -51.5 -52.0 -52.5 -52.5 -53.0 -53.5 -53.0 -50.5 -51.0 -52.0 -54.0 -52.5 -51.0 
1.8775924843720249 1.880660445947796 1.902136176978195 1.8223691760081417 1.7855536370988863 1.8162332528565992 1.8407769454627694 1.8039614065535141 1.859184714917397 1.859184714917397 1.8775924843720249 1.859184714917397 1.8285050991596843 1.8530487917658545 1.859184714917397 1.9144080232812801 1.9144080232812801 1.8407769454627694 1.9205439464328227 1.9205439464328227 1.9082721001297376 1.902136176978195 1.88986433067511 1.8223691760081417 1.7241944055834606 1.705786636128833 1.7426021750380885 2.138369218312584 2.3009711818284617 2.1966604882522383 2.3316507975861747 2.350058567040802 2.3439226438892597 2.454369260617026 2.454369260617026 2.435961491162398 2.435961491162398 2.3930100291016 2.411417798556228 2.411417798556228 2.3193789512830896 2.4727770300716534 2.270291566070749 5.197126909356553 1.8960002538266525 1.9389517158874505 
-53.0 -53.0 -51.5 -52.0 -52.5 -52.5 -52.5 -52.0 -52.0 -52.5 -52.5 -52.5 -52.0 -52.5 -52.0 -52.0 -51.5 -52.0 -51.5 -51.5 -51.5 -51.0 -50.5 -50.5 -51.0 -51.5 -53.0 -54.0 -52.0 -52.5 -53.0 -52.5 -53.5 -54.0 -53.0 -53.0 -54.0 -54.5 -53.0 -54.5 -52.5 -53.0 -54.5 -54.0 -51.5 -50.5 
4.460816131171445 4.503767593232243 4.626486056263094 4.657165672020807 4.693981210930062 4.71238898038469 4.565126824747668 4.558990901596125 4.528311285838413 4.528311285838413 4.522175362686871 4.473087977474529 4.466952054322987 4.454680208019902 4.522175362686871 4.571262747899211 4.479223900626073 4.552854978444583 4.540583132141498 4.565126824747668 4.601942363656923 4.558990901596125 4.479223900626073 4.583534594202296 4.4362724385652745 4.387185053352934 5.4671075280244255 5.9610493417236015 5.798447378207723 5.565282298449106 5.810719224510809 5.663457068873787 6.086835766330224 6.111379458936394 5.939573610693203 5.982525072754001 6.037748381117884 6.0991076126333095 6.056156150572511 5.491651220630596 6.14819499784565 6.2034183062095325 6.120583343663708 5.8045833013592665 4.362641360746763 
-61.5 -62.0 -61.0 -61.5 -60.0 -61.0 -60.5 -60.0 -61.0 -61.0 -60.5 -60.5 -60.5 -60.5 -60.0 -60.0 -60.0 -60.5 -60.0 -59.5 -60.0 -60.0 -61.0 -61.0 -61.5 -63.0 -66.5 -62.5 -57.5 -59.0 -59.5 -61.5 -59.5 -59.5 -61.0 -61.0 -60.5 -60.0 -61.5 -61.0 -58.0 -59.5 -64.0 -66.0 -67.0 
1.7794177139473437 1.8039614065535141 5.2339424482658075 1.718058482431918 5.037592907416445 5.019185137961818 5.148039524144211 4.957825906446392 5.092816215780329 5.019185137961818 5.184855063053467 5.197126909356553 5.0253210611133605 5.043728830567988 5.154175447295755 5.111223985234957 4.908738521234052 2.2457478734645786 0.11658253987930872 6.135923151542564 5.976389149602458 3.6999616603801666 0.21475731030398976 6.227961998815704 0.7669903939428205 0.46019423636569234 0.04295146206079795 0.0674951546669682 0.30066023442558565 0.6565437772150544 0.15339807878856412 0.35588354278946877 0.5645049299419159 0.12885438618239387 0.03681553890925539 5.988660995905543 5.307573526084319 5.086680292628786 
-69.5 -69.0 -66.0 -69.0 -69.5 -68.0 -67.0 -66.5 -65.5 -65.5 -64.0 -65.0 -65.5 -65.5 -64.5 -63.0 -63.0 -71.5 -67.0 -62.5 -59.0 -66.0 -62.0 -63.5 -66.5 -63.5 -64.0 -64.5 -64.0 -66.5 -67.0 -64.0 -68.0 -63.5 -65.0 -68.0 -68.0 -64.5 
