2.9329712664373457 3.2704470397721868 3.380893656499953 3.227495577711389 2.9391071895888885 3.2336315008629315 3.1968159619536762 3.227495577711389 3.098641191528995 3.3011266555298997 3.184544115650591 3.3379421944391554 2.988194574801229 3.227495577711389 2.9759227284981438 3.2029518851052186 3.2336315008629315 0.11658253987930872 4.080388895775806 3.3747577333484107 3.1661363461959633 2.6139032625571326 2.724349879284899 2.9820586516496865 2.3439226438892597 2.5280003384355365 2.350058567040802 2.6384469551633027 3.055689729468197 0.18407769454627693 3.313398501832985 3.4606606574700063 2.8716120349219203 2.791845033951867 2.988194574801229 2.8838838812250054 2.816388726558037 3.104777114680538 2.5402721847386216 
-67.5 -66.5 -67.0 -68.0 -68.5 -68.0 -69.5 -69.0 -68.0 -67.0 -66.0 -68.5 -68.5 -68.5 -68.5 -68.5 -68.0 -69.0 -65.0 -65.0 -62.0 -64.0 -67.5 -67.0 -67.5 -67.0 -66.5 -64.0 -64.5 -66.0 -65.0 -66.0 -69.0 -66.5 -68.0 -69.0 -69.0 -70.5 -69.5 
1.4603497100671303 1.5401167110371838 1.5462526341887264 1.4664856332186729 1.4542137869155878 1.4971652489763858 1.521708941582556 1.5462526341887264 1.4664856332186729 1.4726215563702154 1.4848934026733007 1.5278448647340985 1.4542137869155878 1.4971652489763858 1.4603497100671303 1.4726215563702154 1.5830681730979816 1.5033011721279284 1.4480778637640452 1.1965050145508 0.9265243958829272 0.8099418560036186 1.3621749396424494 5.559146375297564 2.2518837966161214 2.1230294104337273 1.8039614065535141 1.8285050991596843 2.000310947402876 2.061670178918302 1.9757672547967058 1.846912868614312 2.024854640009046 1.8775924843720249 1.6260196351587797 1.3989904785517047 1.3437671701878218 1.337631247036279 1.2333205534600555 1.423534171157875 1.4419419406125027 1.4726215563702154 1.6444274046134073 1.576932249946439 1.6996507129772904 1.6260196351587797 1.5462526341887264 
-61.0 -61.0 -61.0 -61.0 -60.5 -60.5 -60.5 -60.5 -61.0 -61.0 -61.0 -61.0 -61.0 -62.0 -60.5 -61.0 -62.0 -62.0 -62.5 -61.5 -63.5 -62.0 -64.0 -65.5 -63.5 -62.5 -62.0 -61.0 -61.0 -60.5 -60.0 -60.5 -62.0 -60.5 -62.5 -59.5 -59.5 -60.0 -60.0 -60.0 -59.5 -59.5 -59.0 -59.5 -59.0 -59.0 -59.5 
1.1780972450961724 1.184233168247715 1.2087768608538851 1.1290098598838318 1.1596894756415448 1.1290098598838318 1.141281706186917 1.1167380135807468 1.141281706186917 1.1351457830353744 1.1351457830353744 1.1290098598838318 1.1106020904292042 1.1106020904292042 1.1044661672776617 1.1044661672776617 1.0921943209745766 1.0737865515199487 1.012427320004523 0.9878836273983529 1.0737865515199487 1.0983302441261191 1.184233168247715 1.2210487071569704 1.2333205534600555 1.2517283229146832 1.1780972450961724 1.0737865515199487 1.1044661672776617 1.0615147052168636 1.055378782065321 1.0983302441261191 1.1658253987930873 1.3069516312785663 1.2885438618239387 1.0983302441261191 1.1044661672776617 1.1044661672776617 1.1535535524900022 1.1474176293384597 1.1658253987930873 1.2087768608538851 1.2701360923693108 1.2578642460662257 1.3130875544301088 1.3130875544301088 1.2946797849754812 
-49.0 -49.0 -49.0 -49.0 -49.0 -49.0 -49.0 -49.0 -49.0 -49.0 -49.0 -49.0 -49.0 -49.0 -49.0 -49.0 -49.0 -49.0 -48.5 -48.5 -49.0 -49.5 -51.0 -51.0 -51.5 -51.5 -52.0 -52.5 -53.0 -53.5 -53.5 -53.0 -52.5 -52.5 -53.0 -52.5 -51.0 -50.5 -49.5 -49.0 -48.5 -48.5 -49.0 -50.0 -50.5 -50.0 -50.0 
1.214912784005428 1.227184630308513 1.214912784005428 1.184233168247715 1.2026409377023426 1.2026409377023426 1.2455923997631406 1.2026409377023426 1.1903690913992575 1.1903690913992575 1.1719613219446299 1.2333205534600555 1.1965050145508 1.184233168247715 1.1903690913992575 1.184233168247715 1.1780972450961724 1.1719613219446299 1.0615147052168636 1.0369710126106935 1.1965050145508 1.41126232485479 1.3621749396424494 1.3437671701878218 1.5892040962495242 1.521708941582556 1.607611865704152 1.6137477888556946 1.5707963267948966 1.5707963267948966 1.6137477888556946 1.5462526341887264 1.509437095279471 1.564660403643354 1.5462526341887264 1.4480778637640452 1.4787574795217582 1.3560390164909069 1.1044661672776617 1.043106935762236 1.0369710126106935 1.1474176293384597 1.227184630308513 1.2762720155208536 1.2517283229146832 1.2885438618239387 1.3008157081270237 
-50.5 -50.0 -50.0 -50.5 -50.5 -50.5 -50.5 -50.5 -50.0 -50.5 -50.0 -50.5 -50.0 -50.0 -50.0 -50.5 -50.0 -50.5 -51.0 -52.0 -51.5 -50.5 -50.0 -51.0 -51.0 -51.0 -52.0 -52.0 -52.0 -52.0 -52.5 -53.0 -51.5 -51.0 -53.0 -52.5 -52.5 -52.5 -52.0 -51.5 -51.0 -51.0 -50.5 -50.5 -50.5 -51.0 -50.5 
1.4910293258248433 1.4848934026733007 1.5155730184310134 1.4603497100671303 1.4542137869155878 1.4603497100671303 1.4787574795217582 1.4787574795217582 1.4726215563702154 1.4971652489763858 1.4848934026733007 1.4848934026733007 1.4726215563702154 1.4787574795217582 1.4787574795217582 1.4358060174609601 1.3928545554001621 1.3437671701878218 1.239456476611598 1.3008157081270237 1.6444274046134073 1.8530487917658545 1.8100973297050567 1.8285050991596843 1.7794177139473437 1.8162332528565992 1.9082721001297376 2.030990563160589 2.098485717827557 2.086213871524472 2.1353012567368124 2.1353012567368124 1.9634954084936207 1.9082721001297376 2.030990563160589 2.086213871524472 2.1537090261914402 2.141437179888355 1.9880391010997909 1.705786636128833 1.5278448647340985 1.533980787885641 1.576932249946439 1.5830681730979816 1.6566992509164924 1.6198837120072371 1.6014759425526093 
-50.0 -50.5 -50.5 -50.0 -50.0 -50.0 -50.5 -50.0 -50.0 -50.5 -50.5 -50.5 -50.5 -50.0 -50.0 -50.0 -49.5 -50.0 -50.5 -52.0 -51.0 -49.0 -47.5 -48.0 -49.5 -50.0 -51.5 -50.5 -50.0 -50.5 -51.5 -52.5 -51.0 -50.5 -48.0 -48.5 -49.5 -50.5 -52.0 -53.0 -52.5 -50.5 -50.0 -50.0 -50.0 -50.0 -50.0 
1.9082721001297376 1.9512235621905356 1.9205439464328227 1.9144080232812801 1.932815792735908 1.9082721001297376 1.9082721001297376 1.9144080232812801 1.902136176978195 1.932815792735908 1.8653206380689396 1.9389517158874505 1.9757672547967058 1.9144080232812801 1.9389517158874505 1.8346410223112268 1.8775924843720249 1.88986433067511 1.7855536370988863 1.6996507129772904 2.024854640009046 2.2457478734645786 2.12916533358527 2.1966604882522383 2.2886993355253766 2.2641556429192065 2.3193789512830896 2.3316507975861747 2.405281875404685 2.411417798556228 2.442097414313941 2.4175537217077703 2.4850488763747385 2.429825568010856 2.2089323345553233 2.36846633649543 2.4911847995262812 2.442097414313941 2.0493983326152168 1.8100973297050567 1.8100973297050567 1.9144080232812801 1.9941750242513334 2.0371264863121317 1.9880391010997909 2.012582793705961 2.0064468705544187 
-51.0 -51.0 -51.0 -51.0 -51.0 -51.0 -51.0 -51.0 -51.0 -51.0 -51.0 -51.0 -51.0 -50.5 -51.0 -51.0 -50.5 -51.0 -52.0 -54.0 -54.5 -52.0 -52.5 -53.0 -52.5 -52.0 -52.0 -52.5 -53.5 -53.5 -53.5 -52.5 -52.5 -54.5 -53.0 -51.5 -53.0 -54.0 -54.5 -53.5 -52.5 -50.5 -50.0 -50.0 -50.0 -50.5 -50.0 
5.129631754689584 5.074408446325701 5.1725832167503825 5.0253210611133605 5.111223985234957 5.148039524144211 5.098952138931871 4.945554060143307 5.080544369477243 5.117359908386499 5.074408446325701 4.7307967498393175 4.945554060143307 5.111223985234957 4.921010367537137 5.105088062083414 4.933282213840222 4.804427827657828 5.325981295538946 5.2339424482658075 5.810719224510809 5.957981380147831 5.872078456026235 5.589825991055276 5.749359992995383 5.786175531904639 5.964117303299373 6.031612457966341 5.982525072754001 5.994796919057086 6.117515382087937 6.062292073724054 6.14819499784565 5.798447378207723 5.651185222570702 6.14819499784565 0.01227184630308513 0.0 6.111379458936394 6.111379458936394 5.148039524144211 5.258486140871978 5.092816215780329 4.9394181369917645 4.9823695990525625 4.896466674930966 5.006913291658733 
-64.0 -64.5 -64.0 -64.0 -63.5 -64.0 -65.0 -64.5 -63.5 -64.0 -64.0 -64.5 -64.5 -63.5 -63.5 -64.0 -64.0 -63.5 -64.5 -65.0 -60.5 -58.0 -56.5 -58.0 -59.0 -59.5 -58.5 -57.5 -57.5 -58.0 -58.5 -59.0 -59.0 -59.0 -57.0 -56.0 -56.5 -58.0 -60.5 -62.0 -68.0 -67.0 -66.0 -64.5 -64.0 -63.5 -63.5 
5.350524988145116 5.227806525114265 5.092816215780329 5.2339424482658075 5.203262832508095 5.209398755659637 5.117359908386499 5.497787143782138 5.2339424482658075 5.313709449235861 5.301437602932776 5.184855063053467 5.21553467881118 5.21553467881118 5.2768939103266055 5.270757987175063 5.129631754689584 5.111223985234957 5.209398755659637 6.191146459906448 5.921165841238575 5.66959299202533 5.8475347634200645 0.3374757733348411 0.5829126993965437 0.17794177139473438 0.28838838812250056 0.3865631585471816 0.2945243112740431 5.890486225480862 0.3129320807286708 6.17273869045182 5.688000761479957 6.1850105367549055 0.030679615757712823 2.270291566070749 5.117359908386499 5.332117218690489 5.368932757599744 5.47937937432751 5.3627968344482015 5.381204603902829 5.356660911296659 
-63.0 -63.0 -63.0 -63.0 -63.5 -63.0 -63.5 -63.5 -62.5 -63.5 -62.5 -63.0 -63.0 -62.5 -63.0 -62.5 -62.0 -61.5 -63.5 -72.5 -61.0 -62.5 -65.5 -70.0 -66.0 -62.5 -61.5 -65.0 -71.5 -65.5 -62.0 -69.5 -62.0 -62.0 -64.5 -75.0 -69.0 -63.0 -60.5 -60.0 -60.5 -61.0 -61.5 
