6.240233845118788 0.02454369260617026 0.0 6.264777537724958 6.252505691421874 6.277049384028044 0.1227184630308513 0.25770877236478773 4.798291904506286 3.1968159619536762 2.5402721847386216 2.386874105950058 2.2580197197676637 2.6261751088602177 2.82252464970958 2.9329712664373457 2.6139032625571326 2.4727770300716534 2.6875343403756435 3.141592653589793 1.5462526341887264 6.068427996875596 6.178874613603362 6.105243535784852 6.160466844148735 
-68.5 -69.0 -69.0 -69.0 -69.0 -69.5 -69.5 -71.5 -68.5 -67.5 -67.0 -64.5 -65.5 -67.5 -67.5 -67.5 -65.5 -64.5 -66.5 -68.5 -74.0 -70.0 -70.5 -70.5 -71.5 
1.6137477888556946 1.607611865704152 1.6751070203711202 1.607611865704152 1.6566992509164924 1.6382914814618648 1.6382914814618648 1.5462526341887264 1.8100973297050567 1.552388557340269 1.607611865704152 1.2885438618239387 1.5155730184310134 1.6873788666742053 1.4910293258248433 1.5707963267948966 1.423534171157875 1.2946797849754812 1.3560390164909069 1.3867186322486196 4.819767635536684 1.7671458676442586 2.2027964114037806 2.086213871524472 2.0493983326152168 1.8653206380689396 2.325514874434632 2.36846633649543 2.4727770300716534 2.067806102069844 2.012582793705961 2.012582793705961 2.110757564130642 1.9205439464328227 1.6566992509164924 1.6812429435226628 1.718058482431918 1.6260196351587797 1.6137477888556946 1.859184714917397 1.8714565612204823 1.8346410223112268 1.8714565612204823 1.859184714917397 1.8653206380689396 
-60.5 -60.0 -60.5 -60.5 -60.0 -60.0 -60.0 -60.0 -60.0 -60.5 -60.0 -61.5 -60.5 -61.5 -61.5 -60.5 -61.0 -61.0 -62.0 -62.0 -61.5 -62.5 -64.5 -63.0 -61.0 -61.5 -61.0 -60.0 -59.5 -61.5 -61.0 -62.0 -62.5 -61.0 -59.0 -59.0 -60.0 -58.5 -58.5 -58.5 -58.5 -58.0 -59.0 -58.0 -59.0 
1.4051264017032472 1.3130875544301088 1.3928545554001621 1.3560390164909069 1.41126232485479 1.325359400733194 1.3744467859455345 1.4173982480063325 1.380582709097077 1.3560390164909069 1.3130875544301088 1.3069516312785663 1.3130875544301088 1.325359400733194 1.2087768608538851 1.2578642460662257 1.282407938672396 1.325359400733194 1.3008157081270237 1.2946797849754812 1.184233168247715 1.1167380135807468 1.282407938672396 1.0983302441261191 1.0921943209745766 1.0246991663076084 0.9633399347921826 0.9940195505498954 0.9878836273983529 0.9756117810952678 1.1167380135807468 1.1351457830353744 1.3560390164909069 1.337631247036279 1.282407938672396 1.3130875544301088 1.3560390164909069 1.4419419406125027 1.380582709097077 1.4419419406125027 1.4358060174609601 1.4419419406125027 1.4419419406125027 1.4603497100671303 1.521708941582556 
-51.0 -51.0 -51.0 -51.0 -51.0 -51.0 -51.0 -51.0 -51.0 -50.5 -50.0 -50.0 -50.0 -50.5 -50.0 -50.0 -50.0 -49.5 -48.5 -50.0 -52.0 -52.0 -52.5 -52.0 -53.5 -53.5 -55.0 -56.0 -56.5 -54.5 -54.0 -53.5 -52.5 -52.5 -52.5 -52.0 -51.0 -50.0 -50.5 -51.5 -51.5 -51.5 -52.0 -52.0 -51.5 
1.2946797849754812 1.2762720155208536 1.1719613219446299 1.2885438618239387 1.3069516312785663 1.2946797849754812 1.2640001692177683 1.2210487071569704 1.282407938672396 1.2701360923693108 1.239456476611598 1.2640001692177683 1.2762720155208536 1.3130875544301088 1.2578642460662257 1.2701360923693108 1.2517283229146832 1.1167380135807468 1.0921943209745766 1.141281706186917 1.3161555160058802 1.380582709097077 1.368310862793992 1.3069516312785663 1.576932249946439 1.5033011721279284 1.4419419406125027 1.41126232485479 1.41126232485479 1.509437095279471 1.5585244804918115 1.4910293258248433 1.509437095279471 1.4480778637640452 1.3560390164909069 1.2517283229146832 1.2026409377023426 1.214912784005428 1.2578642460662257 1.2578642460662257 1.2762720155208536 1.3192234775816514 1.2640001692177683 1.3314953238847365 1.325359400733194 
-50.5 -50.5 -50.5 -50.0 -50.5 -50.5 -50.0 -50.5 -50.5 -50.5 -50.0 -50.0 -50.5 -50.0 -50.0 -50.0 -50.5 -50.0 -50.0 -50.5 -51.0 -50.5 -50.5 -51.5 -53.0 -52.0 -52.5 -52.5 -52.5 -53.0 -52.5 -52.0 -52.0 -51.0 -51.5 -51.0 -50.5 -50.0 -50.0 -49.5 -50.5 -50.0 -50.0 -50.0 -50.0 
1.7855536370988863 1.8346410223112268 1.7916895602504288 1.859184714917397 1.8100973297050567 1.8223691760081417 1.8346410223112268 1.8223691760081417 1.736466251886546 1.748738098189631 1.748738098189631 1.662835174068035 1.718058482431918 1.7241944055834606 1.7241944055834606 1.6566992509164924 1.705786636128833 1.607611865704152 1.576932249946439 1.8653206380689396 2.03405852473636 1.9880391010997909 1.8530487917658545 1.9573594853420782 2.043262409463674 2.227340104009951 2.1230294104337273 2.2886993355253766 2.2027964114037806 2.2457478734645786 2.0800779483729293 1.9696313316451632 1.945087639038993 1.9512235621905356 2.061670178918302 2.043262409463674 1.7794177139473437 1.7241944055834606 1.6689710972195777 1.8039614065535141 1.8407769454627694 1.8714565612204823 1.8837284075235674 1.8837284075235674 1.8837284075235674 
-49.0 -49.5 -49.0 -49.0 -49.0 -49.0 -49.0 -49.0 -48.5 -48.5 -49.0 -49.0 -48.5 -48.5 -48.5 -48.5 -49.0 -49.0 -50.5 -51.5 -51.5 -50.5 -49.5 -53.0 -53.0 -53.5 -53.5 -54.0 -54.5 -53.5 -53.5 -52.0 -50.5 -49.0 -52.0 -53.0 -53.5 -51.5 -50.0 -50.0 -49.0 -49.5 -49.0 -49.0 -49.5 
2.0923497946760143 2.024854640009046 2.098485717827557 2.098485717827557 2.0800779483729293 2.086213871524472 2.086213871524472 2.1046216409791 2.1046216409791 2.055534255766759 1.9880391010997909 1.9696313316451632 2.000310947402876 2.018718716857504 1.9634954084936207 1.9696313316451632 1.9512235621905356 1.9512235621905356 1.8346410223112268 1.8960002538266525 2.2610876813434353 2.3071071049800045 2.380738182798515 2.429825568010856 2.429825568010856 2.3930100291016 2.5402721847386216 2.552544031041707 2.5280003384355365 2.5464081078901644 2.442097414313941 2.386874105950058 2.337786720737717 2.36846633649543 2.429825568010856 2.12916533358527 1.9573594853420782 1.932815792735908 1.9696313316451632 2.1230294104337273 2.086213871524472 2.0923497946760143 2.116893487282185 2.1046216409791 2.110757564130642 
-50.0 -50.0 -50.0 -50.0 -49.5 -50.0 -49.5 -49.5 -49.5 -49.5 -49.5 -49.5 -49.5 -49.5 -49.5 -49.0 -50.0 -50.0 -51.0 -52.5 -54.0 -53.0 -54.5 -54.0 -53.5 -54.0 -53.5 -53.5 -53.5 -54.5 -52.5 -53.5 -53.5 -52.5 -53.0 -54.0 -52.0 -51.0 -50.5 -50.5 -50.0 -50.0 -50.0 -50.0 -50.0 
4.669437518323892 4.743068596142402 4.693981210930062 4.706253057233147 4.871922982324796 5.350524988145116 4.773748211900116 4.779884135051658 4.638757902566179 4.816699673960914 4.743068596142402 4.878058905476339 4.828971520263998 4.8351074434155406 4.95168998329485 4.859651136021712 4.878058905476339 4.534447208989955 6.068427996875596 5.399612373357457 6.080699843178682 5.927301764390117 6.0991076126333095 5.902758071783947 6.0991076126333095 6.007068765360171 6.037748381117884 6.074563920027139 5.9088939949354895 5.71868037723767 6.000932842208628 0.0674951546669682 0.05522330836388308 4.988505522204105 4.301282129231338 4.338097668140593 4.546719055293041 4.7307967498393175 4.638757902566179 4.601942363656923 4.595806440505381 4.503767593232243 
-63.0 -62.5 -62.5 -62.0 -62.0 -62.5 -63.0 -63.0 -62.5 -61.5 -62.0 -62.0 -62.0 -62.0 -62.5 -62.0 -62.5 -61.5 -59.5 -61.0 -60.5 -61.0 -59.5 -60.0 -61.0 -60.5 -60.0 -60.5 -59.5 -58.5 -57.0 -59.0 -63.5 -71.5 -67.0 -63.5 -64.0 -63.0 -61.5 -62.0 -62.0 -62.0 
5.460971604872882 5.540738605842936 5.577554144752192 5.6143696836614465 5.473243451175968 5.546874528994478 5.399612373357457 5.5714182216006485 5.534602682691394 5.405748296509 5.5100589900852235 5.442563835418255 5.546874528994478 5.375068680751287 5.47937937432751 5.473243451175968 5.368932757599744 5.47937937432751 0.1595340019401067 6.191146459906448 4.1601558967458585 0.5645049299419159 0.04295146206079795 0.20248546400090464 6.080699843178682 0.4356505437595221 6.240233845118788 6.227961998815704 0.6933593161243098 5.583690067903734 0.07363107781851078 6.258641614573416 2.5157284921324514 5.123495831538041 5.313709449235861 5.546874528994478 5.50392306693368 5.522330836388308 5.553010452146021 5.50392306693368 5.565282298449106 
-60.0 -60.0 -59.5 -60.0 -60.0 -60.0 -59.5 -59.5 -60.5 -60.0 -59.0 -59.5 -60.0 -59.5 -60.0 -59.0 -60.0 -62.0 -62.5 -61.5 -68.5 -66.0 -64.0 -64.0 -66.0 -65.5 -67.0 -64.5 -72.0 -64.0 -63.0 -65.0 -69.5 -65.5 -62.5 -61.5 -61.5 -60.5 -60.0 -60.5 -60.5 
