0.1595340019401067 0.09817477042468103 0.006135923151542565 0.01227184630308513 0.15339807878856412 0.15339807878856412 0.0859029241215959 0.14726215563702155 0.1718058482431918 0.0030679615757712823 0.7240389318820226 1.2762720155208536 3.031146036862027 2.509592568980909 2.1966604882522383 2.227340104009951 2.5341362615870793 2.5157284921324514 2.3930100291016 2.5464081078901644 2.693670263527186 2.9268353432858034 0.9019807032767571 0.1902136176978195 0.11658253987930872 0.20248546400090464 
-71.0 -71.0 -70.5 -70.5 -70.5 -70.5 -70.5 -70.5 -70.5 -70.5 -77.5 -73.5 -68.5 -65.0 -64.5 -66.0 -66.5 -66.0 -65.5 -65.0 -65.0 -67.5 -71.0 -69.0 -69.0 -69.0 
1.6996507129772904 1.7794177139473437 1.6505633277649499 1.6444274046134073 1.6014759425526093 1.7303303287350031 1.6198837120072371 1.6566992509164924 1.6505633277649499 1.5278448647340985 1.552388557340269 1.533980787885641 1.4664856332186729 1.6751070203711202 1.4971652489763858 1.6260196351587797 1.5953400194010667 1.5401167110371838 1.5063691337036997 1.3621749396424494 1.3192234775816514 1.8162332528565992 2.098485717827557 2.1537090261914402 1.9634954084936207 2.073942025221387 2.3009711818284617 2.3439226438892597 2.2886993355253766 2.055534255766759 2.018718716857504 1.945087639038993 1.7794177139473437 1.705786636128833 1.6689710972195777 1.7426021750380885 1.8714565612204823 1.8162332528565992 1.859184714917397 1.9819031779482483 1.9757672547967058 2.043262409463674 2.024854640009046 1.945087639038993 
-58.5 -59.0 -59.5 -59.5 -59.5 -59.5 -59.5 -60.0 -59.5 -60.0 -60.0 -60.0 -60.5 -61.0 -59.5 -60.5 -60.5 -60.5 -61.0 -61.0 -61.0 -64.0 -63.5 -62.5 -60.0 -61.0 -60.5 -60.0 -61.5 -61.0 -62.0 -61.0 -60.5 -58.5 -58.5 -59.5 -59.0 -58.0 -58.0 -58.5 -58.5 -58.0 -58.0 -58.0 
1.3744467859455345 1.380582709097077 1.3560390164909069 1.3130875544301088 1.3560390164909069 1.3499030933393643 1.3192234775816514 1.3314953238847365 1.3314953238847365 1.3008157081270237 1.2701360923693108 1.2762720155208536 1.282407938672396 1.2885438618239387 1.3192234775816514 1.3069516312785663 1.3130875544301088 1.2762720155208536 4.463884092747215 1.239456476611598 1.2087768608538851 1.1167380135807468 1.1965050145508 0.8835729338221293 0.9081166264282996 0.8222137023067037 0.6810874698212247 0.7669903939428205 0.7179030087304801 0.9326603190344698 1.000155473701438 1.239456476611598 1.2087768608538851 1.1535535524900022 1.337631247036279 1.4848934026733007 1.4726215563702154 1.4296700943094176 1.4480778637640452 1.521708941582556 1.521708941582556 1.4603497100671303 1.521708941582556 1.5830681730979816 
-51.5 -51.0 -50.5 -51.0 -50.5 -50.5 -50.5 -50.5 -50.5 -50.5 -50.5 -50.5 -50.5 -51.0 -50.5 -51.0 -50.5 -50.5 -49.5 -50.0 -52.0 -53.0 -54.5 -54.0 -56.0 -56.5 -57.5 -58.0 -58.0 -56.5 -55.5 -55.0 -53.0 -52.0 -52.5 -51.0 -51.0 -51.0 -51.5 -52.5 -53.0 -53.0 -53.5 -53.5 
1.3130875544301088 1.3192234775816514 1.2885438618239387 1.2885438618239387 1.2762720155208536 1.2762720155208536 1.2517283229146832 1.3069516312785663 1.2578642460662257 1.239456476611598 1.227184630308513 1.2210487071569704 1.2517283229146832 1.2701360923693108 1.2210487071569704 1.2455923997631406 1.2885438618239387 1.2210487071569704 1.1290098598838318 1.043106935762236 1.2210487071569704 1.4726215563702154 1.239456476611598 1.1167380135807468 1.3989904785517047 1.2517283229146832 1.1965050145508 1.1596894756415448 1.2087768608538851 1.368310862793992 1.368310862793992 1.4664856332186729 1.3560390164909069 1.368310862793992 1.214912784005428 1.141281706186917 1.2087768608538851 1.2026409377023426 1.2701360923693108 1.282407938672396 1.325359400733194 1.3192234775816514 1.3499030933393643 1.368310862793992 
-50.0 -50.0 -49.5 -50.0 -50.0 -49.5 -50.0 -50.0 -50.0 -50.0 -50.0 -50.0 -50.0 -50.0 -50.0 -50.0 -50.0 -50.0 -50.5 -51.0 -52.0 -51.0 -51.0 -52.5 -53.0 -53.0 -53.0 -53.0 -53.5 -53.5 -53.0 -53.0 -52.5 -52.0 -52.0 -51.0 -50.0 -50.0 -50.0 -50.5 -50.5 -50.5 -50.5 -50.5 
1.8837284075235674 1.8346410223112268 1.8530487917658545 1.7671458676442586 1.8162332528565992 1.8285050991596843 1.7794177139473437 1.8039614065535141 1.7548740213411735 1.7303303287350031 1.7303303287350031 1.7426021750380885 1.7794177139473437 1.7426021750380885 1.6751070203711202 1.736466251886546 1.7426021750380885 1.705786636128833 4.764544327172802 1.7916895602504288 2.172116795646068 2.0800779483729293 1.9389517158874505 2.024854640009046 2.1537090261914402 2.184388641949153 2.1475731030398975 2.1782527187976104 2.0923497946760143 2.2580197197676637 2.018718716857504 2.0064468705544187 2.1046216409791 2.2457478734645786 2.116893487282185 1.8346410223112268 1.7241944055834606 1.8530487917658545 1.846912868614312 1.9941750242513334 1.9389517158874505 1.9634954084936207 2.012582793705961 2.0064468705544187 
-49.5 -49.5 -49.5 -49.5 -49.5 -50.0 -49.5 -49.5 -49.5 -49.5 -49.5 -49.5 -49.5 -49.5 -49.5 -49.5 -49.5 -50.0 -51.5 -53.0 -53.5 -50.5 -51.0 -55.5 -57.5 -58.0 -59.5 -61.0 -61.0 -59.5 -56.5 -52.5 -50.5 -53.0 -54.5 -53.5 -51.5 -50.0 -49.5 -50.0 -50.0 -51.0 -50.5 -50.5 
2.1598449493429825 2.1230294104337273 2.172116795646068 2.110757564130642 2.110757564130642 2.1230294104337273 2.110757564130642 2.12916533358527 2.0923497946760143 2.055534255766759 2.055534255766759 2.0493983326152168 2.086213871524472 2.061670178918302 2.043262409463674 2.061670178918302 2.043262409463674 2.024854640009046 1.9174759848570515 2.061670178918302 2.3316507975861747 2.3316507975861747 2.423689644859313 2.5034566458293663 2.399145952253143 2.411417798556228 2.497320722677824 2.454369260617026 2.3930100291016 2.380738182798515 2.497320722677824 2.423689644859313 2.386874105950058 2.4911847995262812 2.2886993355253766 1.9880391010997909 1.9757672547967058 2.043262409463674 2.116893487282185 2.2089323345553233 2.270291566070749 2.270291566070749 2.2396119503130363 2.325514874434632 
-50.5 -50.0 -50.5 -50.0 -50.0 -50.0 -50.0 -50.0 -50.0 -50.0 -50.0 -50.0 -50.0 -50.0 -49.5 -49.5 -50.0 -50.0 -52.0 -54.0 -55.0 -55.0 -56.5 -56.0 -55.0 -56.5 -56.0 -56.5 -57.5 -55.0 -56.0 -55.0 -53.5 -53.5 -54.5 -52.5 -51.5 -51.0 -50.5 -51.0 -51.0 -51.0 -51.0 -51.0 
4.473087977474529 4.387185053352934 4.319689898685965 4.399456899656019 4.362641360746763 4.399456899656019 4.442408361716817 4.289010282928253 4.424000592262189 4.442408361716817 4.430136515413731 4.620350133111551 4.522175362686871 4.558990901596125 4.368777283898306 4.632621979414636 4.792155981354743 4.270602513473625 4.396388938080247 5.915029918087033 6.135923151542564 6.062292073724054 5.43029198911517 5.816855147662351 5.798447378207723 5.872078456026235 5.896622148632405 5.841398840268521 5.884350302329319 5.93343768754166 5.841398840268521 5.565282298449106 5.927301764390117 0.04295146206079795 6.12365130523948 5.3627968344482015 4.700117134081604 4.890330751779424 4.663301595172349 4.693981210930062 4.693981210930062 4.565126824747668 4.675573441475434 4.865787059173254 
-62.5 -62.5 -63.0 -63.0 -63.5 -63.5 -62.5 -63.0 -63.0 -64.0 -62.5 -62.5 -63.5 -63.5 -63.0 -63.0 -63.0 -63.5 -65.0 -66.0 -64.0 -59.0 -61.5 -61.5 -61.0 -62.0 -62.0 -62.0 -61.5 -61.0 -60.5 -60.0 -58.5 -59.0 -65.0 -65.5 -66.0 -63.5 -62.0 -62.0 -62.5 -62.5 -63.0 -62.0 
5.540738605842936 5.424156065963627 5.71868037723767 5.393476450205914 5.5284667595398505 5.485515297479052 5.356660911296659 5.350524988145116 5.338253141842031 5.460971604872882 5.553010452146021 5.6143696836614465 5.5100589900852235 5.553010452146021 5.6143696836614465 5.546874528994478 5.583690067903734 5.632777453116074 5.442563835418255 0.02454369260617026 0.4356505437595221 6.000932842208628 4.902602598082509 0.6381360077604268 6.025476534814799 5.853670686571607 6.105243535784852 5.884350302329319 0.19634954084936207 5.841398840268521 5.442563835418255 5.166447293598839 5.460971604872882 5.418020142812084 5.773903685601553 5.491651220630596 5.559146375297564 5.565282298449106 5.6143696836614465 
-60.5 -61.0 -61.0 -60.5 -61.5 -61.0 -61.0 -60.5 -60.5 -61.0 -61.0 -60.5 -60.5 -60.0 -60.5 -59.5 -59.5 -60.0 -66.0 -69.5 -65.5 -65.5 -75.0 -70.0 -68.5 -67.0 -69.0 -69.0 -63.5 -65.5 -65.0 -64.0 -61.5 -60.5 -60.0 -60.0 -59.5 -60.0 -60.0 
