3.1661363461959633 0.04295146206079795 0.25770877236478773 0.1595340019401067 0.23930100291016002 0.22089323345553233 0.2086213871524472 0.19634954084936207 0.04908738521234052 0.01227184630308513 0.02454369260617026 0.07363107781851078 2.9636508821950587 3.9269908169872414 2.442097414313941 5.387340527054372 2.086213871524472 2.380738182798515 2.3623304133438876 2.4911847995262812 2.4727770300716534 2.3009711818284617 2.2212041808584084 2.350058567040802 0.4111068511533518 3.172272269347506 3.018874190558942 6.031612457966341 3.3011266555298997 3.2704470397721868 
-69.0 -69.5 -70.0 -70.5 -70.5 -71.0 -71.0 -71.0 -71.0 -71.0 -70.5 -69.5 -67.5 -69.5 -67.0 -65.0 -64.0 -65.0 -65.0 -65.0 -65.5 -64.0 -66.5 -67.5 -66.5 -68.5 -67.5 -68.0 -66.0 -66.5 
1.7548740213411735 1.7119225592803755 1.552388557340269 1.6689710972195777 1.5033011721279284 1.6014759425526093 1.6566992509164924 1.6444274046134073 1.552388557340269 1.6260196351587797 1.533980787885641 1.5953400194010667 1.6566992509164924 1.533980787885641 1.4051264017032472 1.337631247036279 1.6321555583103222 1.325359400733194 1.607611865704152 1.509437095279471 1.4971652489763858 1.5707963267948966 1.5278448647340985 1.6751070203711202 1.902136176978195 1.9389517158874505 1.932815792735908 2.0371264863121317 2.110757564130642 2.1230294104337273 1.945087639038993 2.1046216409791 2.1230294104337273 2.2027964114037806 1.8039614065535141 1.5892040962495242 1.576932249946439 1.5401167110371838 1.6505633277649499 1.748738098189631 1.88986433067511 1.9389517158874505 1.7916895602504288 1.88986433067511 1.9082721001297376 
-60.0 -59.5 -59.5 -60.0 -60.5 -60.0 -60.5 -60.5 -61.5 -60.5 -60.5 -60.5 -60.5 -59.5 -60.5 -60.5 -60.0 -60.0 -60.5 -60.0 -59.5 -60.5 -60.0 -62.0 -62.5 -62.5 -60.5 -60.5 -59.5 -60.0 -59.0 -59.5 -60.0 -62.0 -62.0 -59.5 -58.5 -58.0 -59.0 -58.0 -57.0 -57.5 -57.5 -57.5 -57.5 
1.4664856332186729 1.4419419406125027 1.3744467859455345 1.4358060174609601 1.3928545554001621 1.4480778637640452 1.4051264017032472 1.3560390164909069 1.380582709097077 1.325359400733194 1.3989904785517047 1.3437671701878218 1.3192234775816514 1.2455923997631406 1.3499030933393643 1.3560390164909069 1.3499030933393643 1.368310862793992 1.3314953238847365 1.3744467859455345 1.3560390164909069 1.1535535524900022 0.9387962421860124 1.0369710126106935 0.9633399347921826 0.8099418560036186 0.7363107781851077 0.6749515466696822 0.6933593161243098 0.6320000846088841 0.7179030087304801 0.705631162427395 0.9019807032767571 1.2946797849754812 0.859029241215959 0.9326603190344698 1.1044661672776617 1.239456476611598 1.3069516312785663 1.4051264017032472 1.4051264017032472 1.3928545554001621 1.4296700943094176 1.4542137869155878 
-51.0 -51.0 -51.5 -51.0 -51.0 -51.0 -51.0 -51.5 -51.0 -51.0 -51.5 -51.0 -51.5 -51.5 -51.0 -51.5 -51.5 -51.5 -51.0 -49.0 -49.5 -52.0 -52.5 -56.0 -54.5 -55.5 -56.0 -57.5 -57.0 -58.0 -57.5 -56.5 -54.5 -55.5 -56.0 -52.5 -50.5 -50.0 -49.0 -49.0 -50.0 -50.0 -50.5 -50.5 
1.3867186322486196 1.3989904785517047 1.3499030933393643 1.337631247036279 1.3867186322486196 1.3437671701878218 1.368310862793992 1.2946797849754812 1.337631247036279 1.3314953238847365 1.3192234775816514 1.3130875544301088 1.3130875544301088 1.380582709097077 1.3069516312785663 1.3192234775816514 1.2946797849754812 1.2946797849754812 1.2885438618239387 1.2885438618239387 1.1535535524900022 1.030835089459151 1.1474176293384597 1.2762720155208536 1.2087768608538851 1.1658253987930873 1.2517283229146832 1.2210487071569704 1.1290098598838318 1.0369710126106935 1.0983302441261191 1.2455923997631406 1.2946797849754812 1.214912784005428 1.576932249946439 1.3437671701878218 1.2333205534600555 1.0246991663076084 1.0799224746714913 1.0799224746714913 1.239456476611598 1.2578642460662257 1.2517283229146832 1.1719613219446299 1.2640001692177683 
-50.0 -50.5 -50.0 -50.5 -50.0 -50.5 -50.0 -50.5 -50.0 -50.5 -50.0 -50.0 -50.5 -50.0 -50.5 -50.0 -50.5 -50.5 -50.0 -50.5 -50.0 -50.5 -52.0 -51.5 -52.5 -52.5 -53.0 -53.0 -52.5 -53.0 -53.0 -52.5 -53.5 -52.5 -52.0 -54.5 -53.0 -52.0 -50.5 -49.5 -49.5 -49.5 -49.5 -50.0 -49.5 
1.8837284075235674 1.8837284075235674 1.8039614065535141 1.7855536370988863 1.8162332528565992 1.8162332528565992 1.7794177139473437 1.7855536370988863 1.7916895602504288 1.8162332528565992 1.7855536370988863 1.7671458676442586 1.705786636128833 1.7794177139473437 1.7916895602504288 1.7119225592803755 1.7794177139473437 1.8039614065535141 1.8346410223112268 1.7794177139473437 1.7119225592803755 1.859184714917397 2.172116795646068 2.098485717827557 1.9082721001297376 1.8407769454627694 2.073942025221387 2.1598449493429825 1.9880391010997909 2.098485717827557 2.000310947402876 2.061670178918302 2.282563412373834 1.9757672547967058 1.8837284075235674 2.1230294104337273 2.2948352586769194 2.2764274892222915 1.8960002538266525 1.6566992509164924 1.6873788666742053 1.607611865704152 1.7978254834019713 1.7978254834019713 1.846912868614312 
-49.0 -49.5 -49.5 -49.5 -49.5 -49.0 -49.0 -49.5 -49.5 -49.0 -49.0 -49.0 -49.0 -49.0 -49.0 -49.0 -49.0 -49.0 -49.0 -49.0 -50.5 -53.5 -54.0 -53.0 -52.5 -56.5 -61.5 -60.0 -60.5 -62.5 -62.0 -60.5 -59.0 -58.5 -53.0 -50.5 -53.0 -55.0 -55.5 -53.5 -51.5 -51.0 -50.0 -50.0 -50.0 
2.2150682577068657 2.1966604882522383 2.1353012567368124 2.1353012567368124 2.116893487282185 2.1353012567368124 2.1046216409791 2.098485717827557 2.116893487282185 2.0923497946760143 2.043262409463674 2.073942025221387 2.073942025221387 2.0800779483729293 2.086213871524472 2.030990563160589 2.0800779483729293 2.073942025221387 2.0800779483729293 2.0923497946760143 1.9389517158874505 1.9634954084936207 2.423689644859313 2.3746022596469727 2.3930100291016 2.386874105950058 2.3193789512830896 2.3316507975861747 2.3071071049800045 2.325514874434632 2.282563412373834 2.405281875404685 2.2948352586769194 2.5280003384355365 2.411417798556228 2.435961491162398 2.6200391857086753 2.386874105950058 2.000310947402876 1.902136176978195 1.9573594853420782 2.098485717827557 2.1782527187976104 2.184388641949153 2.1966604882522383 
-50.0 -50.0 -50.0 -50.0 -50.0 -49.5 -49.5 -49.5 -49.5 -49.5 -49.5 -49.5 -49.5 -49.5 -49.5 -49.5 -49.0 -49.5 -49.5 -49.5 -51.5 -55.0 -56.0 -56.5 -57.0 -57.0 -56.5 -58.0 -57.0 -57.0 -57.0 -58.0 -57.0 -56.0 -56.5 -54.0 -54.0 -57.0 -54.0 -52.0 -51.0 -51.0 -50.5 -51.0 -51.0 
4.9823695990525625 5.166447293598839 5.019185137961818 4.988505522204105 4.884194828627882 4.675573441475434 4.945554060143307 4.896466674930966 4.773748211900116 4.718524903536232 4.669437518323892 4.9394181369917645 4.878058905476339 4.884194828627882 4.620350133111551 4.853515212870168 4.540583132141498 4.25833066717054 5.810719224510809 6.000932842208628 5.442563835418255 6.043884304269426 5.632777453116074 5.9088939949354895 5.780039608753096 5.841398840268521 5.712544454086128 5.841398840268521 5.982525072754001 5.982525072754001 5.21553467881118 5.730952223540755 6.227961998815704 0.018407769454627694 6.19728238305799 5.074408446325701 4.448544284868359 4.749204519293945 4.663301595172349 4.669437518323892 4.626486056263094 
-62.5 -62.0 -61.5 -62.5 -62.0 -62.0 -62.5 -61.0 -62.0 -62.5 -62.0 -61.5 -61.5 -62.0 -62.5 -62.0 -63.0 -64.0 -67.5 -61.0 -62.5 -63.0 -64.0 -61.0 -64.0 -65.0 -64.0 -63.0 -61.0 -63.5 -61.5 -57.0 -58.5 -60.0 -63.0 -65.5 -66.5 -64.5 -64.5 -63.5 -64.0 
5.491651220630596 5.5284667595398505 5.589825991055276 5.546874528994478 5.602097837358362 5.559146375297564 5.540738605842936 5.540738605842936 5.534602682691394 5.553010452146021 5.577554144752192 5.553010452146021 5.6941366846315 5.6573211457222445 5.534602682691394 5.491651220630596 5.491651220630596 5.436427912266712 5.516194913236766 5.491651220630596 0.06135923151542565 0.006135923151542565 6.068427996875596 3.552699504743145 0.21475731030398976 3.5833791205008576 4.871922982324796 5.307573526084319 5.240078371417351 5.295301679781233 5.166447293598839 5.313709449235861 
-59.5 -59.0 -59.5 -60.0 -59.5 -59.5 -59.5 -59.5 -59.5 -59.5 -60.0 -59.5 -60.0 -60.0 -59.5 -59.5 -59.5 -60.0 -60.0 -64.5 -66.0 -68.5 -69.0 -75.5 -73.0 -69.5 -64.5 -64.0 -62.0 -60.0 -61.0 -60.5 
