2.9513790358919736 3.0250101137104846 2.8777479580734626 0.0674951546669682 6.252505691421874 2.9391071895888885 3.031146036862027 3.141592653589793 3.0925052683774528 0.01227184630308513 3.043417883165112 3.055689729468197 3.129320807286708 3.0372819600135696 3.1354567304382504 0.1349903093339364 4.608078286808466 3.8410878928656453 2.5709518004963345 2.2580197197676637 2.313243028131547 2.2212041808584084 2.650718801466388 2.423689644859313 2.509592568980909 2.454369260617026 2.36846633649543 6.031612457966341 0.8222137023067037 6.14819499784565 6.234097921967246 
-67.0 -67.5 -68.0 -68.5 -68.0 -67.5 -65.0 -67.0 -67.0 -68.5 -67.5 -67.5 -67.0 -67.0 -67.5 -73.0 -70.0 -70.0 -65.5 -65.5 -64.0 -65.5 -66.5 -67.0 -66.0 -65.5 -65.0 -69.0 -70.0 -70.5 -72.0 
1.6260196351587797 1.6198837120072371 1.6382914814618648 1.5830681730979816 1.6566992509164924 1.6321555583103222 1.6321555583103222 1.6198837120072371 1.6014759425526093 1.607611865704152 1.6382914814618648 1.6382914814618648 1.6321555583103222 1.6321555583103222 1.662835174068035 1.5585244804918115 1.7855536370988863 1.5401167110371838 1.5462526341887264 1.509437095279471 1.3621749396424494 1.3499030933393643 1.4542137869155878 1.88986433067511 2.12916533358527 2.2212041808584084 1.9941750242513334 2.0493983326152168 2.3746022596469727 2.60776733940559 2.442097414313941 2.386874105950058 2.2150682577068657 2.043262409463674 1.8653206380689396 1.8162332528565992 2.012582793705961 1.9634954084936207 2.12916533358527 2.043262409463674 2.018718716857504 2.1046216409791 2.1046216409791 
-60.0 -59.5 -60.5 -60.5 -60.0 -60.5 -59.0 -60.0 -61.0 -59.0 -60.5 -60.5 -60.5 -60.5 -60.5 -60.5 -60.5 -60.5 -60.5 -61.0 -60.5 -60.0 -60.5 -62.0 -62.5 -61.5 -61.0 -60.5 -60.0 -59.5 -60.0 -62.0 -61.0 -61.0 -58.5 -58.5 -57.5 -59.0 -59.5 -58.5 -57.5 -57.5 -58.5 
1.2640001692177683 1.282407938672396 1.2640001692177683 1.239456476611598 1.2517283229146832 1.227184630308513 1.2578642460662257 1.2333205534600555 1.2455923997631406 1.227184630308513 1.2455923997631406 1.227184630308513 1.2578642460662257 1.2640001692177683 1.2762720155208536 1.2885438618239387 1.2640001692177683 1.2701360923693108 1.1719613219446299 1.2210487071569704 1.239456476611598 1.2210487071569704 1.086058397823034 1.1167380135807468 1.2087768608538851 1.0615147052168636 0.9142525495798421 0.8835729338221293 0.7301748550335652 0.662679700366597 0.662679700366597 0.7485826244881929 0.8528933180644165 1.141281706186917 1.0921943209745766 1.0246991663076084 1.337631247036279 1.4419419406125027 1.4358060174609601 1.5033011721279284 1.5462526341887264 1.4358060174609601 1.4358060174609601 
-49.0 -49.5 -49.0 -49.5 -49.5 -49.5 -49.0 -49.5 -49.5 -49.5 -49.5 -49.5 -49.5 -49.5 -49.5 -49.5 -50.0 -49.5 -49.5 -49.0 -48.5 -50.0 -52.0 -53.5 -55.0 -54.5 -56.0 -55.5 -58.0 -58.5 -58.5 -57.5 -56.5 -56.5 -55.0 -53.0 -54.0 -54.5 -53.0 -52.5 -54.0 -55.0 -55.5 
1.2455923997631406 1.2210487071569704 1.2087768608538851 1.1903690913992575 1.2087768608538851 1.1965050145508 1.2026409377023426 1.2210487071569704 1.184233168247715 1.1535535524900022 1.1965050145508 1.1596894756415448 1.2210487071569704 1.214912784005428 1.2087768608538851 1.2578642460662257 1.239456476611598 1.227184630308513 1.239456476611598 1.1658253987930873 1.0676506283684062 1.1044661672776617 1.3008157081270237 1.3928545554001621 1.1965050145508 1.1719613219446299 1.3130875544301088 1.2701360923693108 1.2210487071569704 1.2517283229146832 1.2517283229146832 1.3069516312785663 1.2026409377023426 1.41126232485479 1.2026409377023426 1.325359400733194 1.055378782065321 1.1044661672776617 1.1044661672776617 1.214912784005428 1.3192234775816514 1.325359400733194 1.325359400733194 
-50.0 -49.5 -50.0 -50.0 -49.5 -50.0 -49.5 -50.0 -50.0 -50.0 -50.0 -50.0 -49.5 -50.0 -50.0 -49.5 -50.0 -50.0 -50.0 -50.0 -50.0 -51.0 -51.5 -50.5 -52.5 -52.5 -53.5 -53.0 -53.0 -52.5 -53.5 -54.0 -54.0 -52.0 -53.0 -52.5 -51.5 -51.0 -50.5 -49.5 -50.0 -50.5 -50.0 
1.6812429435226628 1.6935147898257479 1.6996507129772904 1.662835174068035 1.6751070203711202 1.6873788666742053 1.6812429435226628 1.6873788666742053 1.6751070203711202 1.6935147898257479 1.6566992509164924 1.6873788666742053 1.6996507129772904 1.705786636128833 1.718058482431918 1.7241944055834606 1.662835174068035 1.6444274046134073 1.6566992509164924 1.6014759425526093 1.5830681730979816 1.8223691760081417 2.184388641949153 2.12916533358527 1.932815792735908 1.9512235621905356 2.0371264863121317 2.36846633649543 2.1782527187976104 2.1598449493429825 2.1475731030398975 2.386874105950058 2.1598449493429825 1.9144080232812801 2.172116795646068 2.2641556429192065 2.1537090261914402 2.043262409463674 1.7671458676442586 1.8223691760081417 1.9205439464328227 2.0064468705544187 1.9941750242513334 
-49.0 -49.5 -49.5 -49.5 -49.5 -49.5 -49.5 -49.5 -49.5 -49.5 -49.5 -49.0 -49.0 -49.5 -49.5 -49.5 -49.5 -49.5 -49.0 -49.5 -51.5 -52.5 -52.0 -51.0 -52.0 -55.0 -56.5 -57.0 -56.5 -58.0 -58.5 -59.0 -59.5 -54.5 -50.0 -54.0 -56.0 -56.0 -52.5 -50.5 -50.0 -50.0 -50.0 
1.9941750242513334 2.018718716857504 2.024854640009046 2.024854640009046 2.0371264863121317 2.018718716857504 1.9144080232812801 2.030990563160589 2.0064468705544187 1.9941750242513334 2.024854640009046 2.024854640009046 2.024854640009046 2.067806102069844 2.055534255766759 2.086213871524472 2.0371264863121317 2.0064468705544187 2.0064468705544187 1.945087639038993 1.88986433067511 2.030990563160589 2.429825568010856 2.411417798556228 2.429825568010856 2.466641106920111 2.497320722677824 2.36846633649543 2.5034566458293663 2.5586799541932495 2.509592568980909 2.411417798556228 2.4727770300716534 2.4175537217077703 2.429825568010856 2.411417798556228 2.1782527187976104 1.9880391010997909 1.9941750242513334 2.0493983326152168 2.2027964114037806 2.356194490192345 2.2886993355253766 
-50.5 -50.5 -50.5 -50.5 -50.5 -50.5 -50.5 -50.5 -50.5 -50.0 -50.0 -50.5 -50.5 -50.0 -50.0 -50.0 -49.5 -49.5 -49.5 -50.0 -52.5 -54.0 -54.5 -54.0 -55.5 -56.0 -54.5 -55.5 -56.0 -56.5 -56.5 -57.5 -55.0 -56.5 -53.5 -54.0 -55.5 -54.0 -51.5 -51.0 -51.0 -51.5 -51.5 
4.675573441475434 4.657165672020807 4.540583132141498 4.4976316700806995 4.552854978444583 4.417864669110647 4.522175362686871 4.485359823777615 4.466952054322987 4.454680208019902 4.693981210930062 4.4362724385652745 4.448544284868359 4.626486056263094 4.399456899656019 4.657165672020807 4.411728745959104 4.626486056263094 4.589670517353839 4.344233591292136 0.04295146206079795 5.976389149602458 5.45483568172134 5.964117303299373 5.859806609723149 6.062292073724054 6.135923151542564 5.970253226450915 6.043884304269426 6.056156150572511 5.890486225480862 5.890486225480862 5.859806609723149 0.21475731030398976 6.12365130523948 4.970097752749477 4.663301595172349 4.3933209765044765 4.779884135051658 4.589670517353839 
-63.0 -64.5 -64.0 -64.0 -64.5 -64.5 -64.0 -65.0 -64.0 -64.0 -64.5 -63.5 -63.5 -64.0 -63.5 -63.5 -63.5 -63.0 -64.0 -66.0 -62.5 -60.0 -61.5 -61.5 -64.0 -62.0 -62.5 -62.5 -62.5 -62.0 -63.0 -62.5 -58.5 -58.5 -67.5 -71.5 -63.5 -62.0 -62.5 -61.0 
5.418020142812084 5.338253141842031 5.405748296509 5.47937937432751 5.436427912266712 5.43029198911517 5.553010452146021 5.3198453723874035 5.43029198911517 5.393476450205914 5.350524988145116 5.473243451175968 5.418020142812084 5.325981295538946 5.448699758569798 5.283029833478148 5.2768939103266055 5.4671075280244255 5.111223985234957 5.540738605842936 2.6261751088602177 0.0674951546669682 0.3313398501832985 6.062292073724054 0.07976700097005335 0.8897088569736719 0.4540583132141498 0.17794177139473438 0.21475731030398976 3.9515345095934116 5.994796919057086 0.37429131224409645 0.22089323345553233 5.620505606812989 5.64504929941916 5.829126993965437 5.64504929941916 
-60.5 -61.5 -61.5 -61.0 -61.5 -61.0 -61.5 -60.5 -61.0 -61.0 -60.5 -61.0 -60.5 -60.5 -61.0 -61.0 -60.0 -59.5 -59.5 -61.5 -70.5 -65.5 -63.0 -63.5 -68.0 -69.0 -66.0 -67.0 -67.0 -75.5 -68.0 -65.5 -68.0 -64.0 -61.0 -60.5 -60.0 
