0.09203884727313846 2.9943304979527716 6.264777537724958 6.22182607566416 6.19728238305799 6.227961998815704 6.234097921967246 6.234097921967246 0.17794177139473438 6.191146459906448 6.2463697682703305 0.02454369260617026 0.30066023442558565 0.03681553890925539 5.5714182216006485 2.116893487282185 2.184388641949153 2.742757648739526 2.791845033951867 2.84706834231575 2.60776733940559 2.2334760271614935 2.5770877236478773 2.718213956133356 6.234097921967246 6.031612457966341 6.12365130523948 2.8532042654672924 
-68.0 -68.0 -68.5 -68.5 -69.0 -69.5 -69.5 -69.5 -70.0 -70.5 -71.0 -70.5 -71.5 -72.5 -79.0 -65.5 -66.5 -66.5 -66.0 -66.0 -66.5 -65.5 -66.5 -64.5 -77.5 -71.5 -68.5 -66.5 
1.7732817907958012 1.748738098189631 1.748738098189631 1.8346410223112268 1.8162332528565992 1.761009944492716 1.7671458676442586 1.6873788666742053 1.9389517158874505 1.705786636128833 1.761009944492716 1.8100973297050567 1.8407769454627694 1.8039614065535141 1.7794177139473437 1.9389517158874505 1.8039614065535141 1.859184714917397 1.8039614065535141 1.8223691760081417 1.7548740213411735 1.8162332528565992 4.899534636506738 1.552388557340269 1.533980787885641 1.7671458676442586 1.846912868614312 2.116893487282185 1.8960002538266525 2.030990563160589 1.902136176978195 2.521864415283994 2.5893595699509624 2.552544031041707 2.429825568010856 2.1782527187976104 2.1353012567368124 2.1966604882522383 1.88986433067511 1.9082721001297376 1.7426021750380885 1.7732817907958012 1.8653206380689396 1.902136176978195 1.9512235621905356 2.12916533358527 
-59.0 -58.5 -59.0 -59.0 -59.0 -59.5 -59.0 -59.5 -59.0 -59.0 -59.0 -58.5 -58.5 -59.0 -59.0 -59.5 -59.0 -59.5 -59.5 -59.5 -59.0 -60.0 -61.0 -60.5 -60.0 -59.5 -64.0 -62.5 -63.0 -60.0 -60.0 -60.5 -59.5 -60.0 -60.5 -60.5 -60.0 -59.5 -59.0 -57.5 -59.0 -59.5 -58.5 -58.0 -58.5 -58.5 
1.41126232485479 1.4358060174609601 1.3560390164909069 1.3867186322486196 1.3928545554001621 1.368310862793992 1.368310862793992 1.3989904785517047 1.368310862793992 1.3192234775816514 1.380582709097077 1.380582709097077 1.3069516312785663 1.3437671701878218 1.3437671701878218 1.3437671701878218 1.423534171157875 1.3744467859455345 1.3499030933393643 1.4787574795217582 1.325359400733194 1.2701360923693108 1.3192234775816514 1.2946797849754812 1.1596894756415448 1.0492428589137786 1.1719613219446299 1.0921943209745766 0.9756117810952678 0.859029241215959 0.7853981633974483 0.7485826244881929 0.8222137023067037 0.7547185476397354 0.7179030087304801 0.9387962421860124 1.1351457830353744 1.2640001692177683 1.2087768608538851 1.2455923997631406 1.3499030933393643 1.3560390164909069 1.3928545554001621 1.3192234775816514 1.3437671701878218 1.3437671701878218 
-51.0 -51.0 -51.0 -51.0 -51.0 -51.0 -51.0 -51.0 -51.0 -51.0 -51.5 -51.0 -51.5 -51.5 -51.5 -51.5 -52.0 -51.5 -52.0 -52.0 -52.0 -52.0 -51.0 -50.0 -51.0 -53.0 -55.0 -55.0 -54.5 -55.0 -55.0 -56.5 -58.5 -58.0 -56.5 -55.0 -55.0 -54.5 -53.0 -52.5 -52.5 -51.5 -50.5 -51.0 -52.0 -52.5 
1.3069516312785663 1.337631247036279 1.3499030933393643 1.2640001692177683 1.3314953238847365 1.3130875544301088 1.2885438618239387 1.3314953238847365 1.3008157081270237 1.368310862793992 1.3130875544301088 1.3621749396424494 1.3928545554001621 1.3989904785517047 1.3499030933393643 1.3437671701878218 1.3314953238847365 1.3314953238847365 1.2701360923693108 1.380582709097077 1.2885438618239387 1.2455923997631406 1.1044661672776617 1.0676506283684062 1.1780972450961724 1.3928545554001621 1.4726215563702154 1.2210487071569704 1.1290098598838318 1.3499030933393643 1.2885438618239387 1.2640001692177683 1.2517283229146832 1.2885438618239387 1.3069516312785663 1.3314953238847365 1.4173982480063325 1.41126232485479 1.368310862793992 1.3989904785517047 1.1719613219446299 1.055378782065321 1.0615147052168636 1.0921943209745766 1.0921943209745766 1.1535535524900022 
-50.5 -50.5 -50.5 -50.5 -50.0 -50.0 -50.0 -50.5 -50.5 -50.0 -50.0 -50.5 -50.5 -50.5 -50.5 -50.5 -50.5 -50.5 -50.5 -50.5 -50.5 -51.0 -51.5 -50.5 -51.5 -51.5 -51.0 -51.5 -52.0 -53.5 -52.5 -53.0 -53.0 -52.5 -53.0 -53.0 -52.5 -53.5 -51.5 -52.0 -52.0 -51.5 -50.5 -50.0 -51.0 -51.0 
1.718058482431918 1.748738098189631 1.7732817907958012 1.736466251886546 1.7426021750380885 1.718058482431918 1.7671458676442586 1.7916895602504288 1.7426021750380885 1.7548740213411735 1.748738098189631 1.7426021750380885 1.748738098189631 1.748738098189631 1.7855536370988863 1.761009944492716 1.7855536370988863 1.7916895602504288 1.7426021750380885 1.6751070203711202 1.552388557340269 1.533980787885641 1.5247769031583274 1.5462526341887264 2.018718716857504 2.12916533358527 1.859184714917397 1.8407769454627694 1.9512235621905356 2.086213871524472 2.2027964114037806 2.2518837966161214 2.1966604882522383 2.2089323345553233 2.3071071049800045 2.2641556429192065 2.0064468705544187 2.0923497946760143 2.098485717827557 2.2518837966161214 2.098485717827557 1.7732817907958012 1.607611865704152 1.7303303287350031 1.5707963267948966 1.761009944492716 
-49.0 -49.5 -49.0 -49.0 -49.0 -49.0 -49.0 -49.0 -49.0 -49.0 -49.0 -48.5 -49.0 -48.5 -48.5 -48.5 -49.0 -49.0 -48.5 -48.5 -48.5 -48.5 -49.0 -50.5 -52.0 -52.0 -50.0 -51.5 -56.0 -55.5 -56.5 -56.0 -57.0 -57.0 -56.5 -57.0 -53.5 -51.5 -50.0 -52.5 -53.5 -52.5 -50.5 -50.0 -50.0 -49.5 
2.0371264863121317 2.0371264863121317 2.018718716857504 2.000310947402876 2.043262409463674 2.1046216409791 2.1046216409791 2.055534255766759 2.1046216409791 2.098485717827557 2.061670178918302 2.055534255766759 2.0800779483729293 2.1598449493429825 2.073942025221387 2.0371264863121317 2.12916533358527 2.067806102069844 2.061670178918302 2.073942025221387 1.9512235621905356 1.7426021750380885 1.892932292250881 1.859184714917397 2.110757564130642 2.380738182798515 2.1905245651006955 2.509592568980909 2.429825568010856 2.4605051837685683 2.478912953223196 2.552544031041707 2.5280003384355365 2.6691265709210157 2.521864415283994 2.5157284921324514 2.5464081078901644 2.466641106920111 2.4175537217077703 2.386874105950058 2.2089323345553233 2.000310947402876 1.902136176978195 1.9941750242513334 2.067806102069844 2.12916533358527 
-50.0 -50.0 -50.0 -49.5 -50.0 -50.0 -49.5 -49.5 -49.5 -49.5 -49.5 -49.0 -49.5 -49.0 -49.0 -49.0 -49.0 -49.5 -48.5 -48.5 -49.0 -48.5 -51.0 -52.0 -53.0 -53.0 -54.5 -55.0 -54.5 -55.0 -56.5 -56.0 -55.5 -55.5 -57.0 -54.5 -55.0 -54.0 -53.5 -53.5 -54.0 -52.5 -51.5 -51.0 -50.5 -50.5 
4.884194828627882 4.859651136021712 4.626486056263094 4.608078286808466 4.724660826687775 4.638757902566179 4.828971520263998 4.878058905476339 4.92714629068868 4.565126824747668 5.074408446325701 3.184544115650591 4.8351074434155406 5.3627968344482015 4.884194828627882 4.822835597112456 5.442563835418255 4.957825906446392 5.123495831538041 4.921010367537137 5.0253210611133605 5.497787143782138 4.371845245474077 6.1420590746941075 5.780039608753096 5.436427912266712 6.2034183062095325 5.651185222570702 5.982525072754001 5.915029918087033 5.810719224510809 5.982525072754001 5.976389149602458 5.970253226450915 5.915029918087033 5.663457068873787 6.007068765360171 0.03681553890925539 0.14112623248547898 5.252350217720435 4.289010282928253 4.798291904506286 
-63.0 -64.0 -63.5 -64.0 -63.0 -63.0 -62.0 -63.0 -62.0 -62.5 -62.5 -62.5 -62.0 -62.0 -62.0 -62.0 -62.0 -61.5 -61.5 -61.5 -62.0 -62.5 -63.5 -62.0 -60.5 -64.5 -62.0 -62.0 -61.5 -62.0 -62.0 -62.0 -62.0 -62.0 -61.0 -59.0 -58.0 -59.0 -63.0 -71.5 -69.0 -66.0 
5.5100589900852235 5.5284667595398505 5.497787143782138 5.399612373357457 5.565282298449106 2.411417798556228 5.5284667595398505 5.411884219660542 5.448699758569798 5.546874528994478 5.540738605842936 5.473243451175968 5.540738605842936 5.47937937432751 5.485515297479052 5.5284667595398505 5.595961914206819 5.553010452146021 5.583690067903734 5.5284667595398505 5.577554144752192 5.577554144752192 5.556078413721792 0.1902136176978195 5.853670686571607 0.7547185476397354 1.0492428589137786 0.5276893910326605 0.0674951546669682 0.11658253987930872 0.35588354278946877 6.050020227420969 0.12885438618239387 2.5280003384355365 0.09203884727313846 0.03681553890925539 5.957981380147831 5.405748296509 5.2339424482658075 5.540738605842936 5.47937937432751 
-59.5 -59.0 -59.0 -59.5 -59.5 -60.0 -59.0 -59.0 -59.5 -58.5 -58.5 -59.0 -59.0 -58.5 -59.0 -59.0 -58.5 -57.5 -58.5 -58.0 -57.0 -58.0 -62.0 -62.5 -66.5 -70.5 -70.5 -66.5 -66.0 -66.5 -67.0 -70.5 -64.5 -69.5 -62.0 -63.5 -65.5 -64.0 -62.0 -60.0 -60.0 
