3.000466421104314 3.018874190558942 0.1349903093339364 0.01227184630308513 0.09817477042468103 0.06135923151542565 0.23930100291016002 0.09817477042468103 4.804427827657828 4.779884135051658 0.1902136176978195 2.429825568010856 2.4850488763747385 2.6813984172241008 2.650718801466388 2.9943304979527716 2.356194490192345 5.976389149602458 5.915029918087033 6.013204688511713 6.031612457966341 
-67.5 -68.5 -68.5 -69.0 -69.0 -70.0 -70.5 -71.0 -69.0 -67.5 -72.5 -68.0 -66.0 -67.5 -67.0 -67.5 -69.0 -68.5 -69.0 -70.0 -70.0 
1.6260196351587797 1.3621749396424494 1.533980787885641 0.9019807032767571 1.3989904785517047 1.4664856332186729 1.4726215563702154 1.6321555583103222 1.4603497100671303 4.601942363656923 1.5892040962495242 1.4787574795217582 1.4480778637640452 1.6751070203711202 1.761009944492716 1.6321555583103222 1.662835174068035 1.509437095279471 1.2210487071569704 1.3069516312785663 1.88986433067511 2.2641556429192065 2.12916533358527 1.8223691760081417 2.313243028131547 2.356194490192345 2.380738182798515 2.3193789512830896 2.12916533358527 1.9819031779482483 1.9573594853420782 1.859184714917397 1.9880391010997909 1.9512235621905356 2.1046216409791 1.9205439464328227 1.9266798695843652 2.0923497946760143 1.9880391010997909 2.116893487282185 1.9696313316451632 1.5401167110371838 
-64.0 -62.5 -62.5 -63.5 -63.0 -63.0 -62.0 -63.0 -63.0 -63.0 -63.0 -62.0 -61.5 -63.0 -62.0 -60.5 -62.0 -62.0 -63.5 -62.0 -61.5 -62.5 -63.0 -61.0 -59.5 -59.0 -59.0 -60.0 -61.0 -61.0 -59.5 -57.0 -57.5 -59.5 -60.0 -59.5 -58.5 -60.0 -58.5 -59.0 -58.5 -59.0 
0.9878836273983529 0.9633399347921826 0.9510680884890975 0.9878836273983529 1.0062913968529805 1.0246991663076084 1.0062913968529805 1.0185632431560658 1.0246991663076084 1.055378782065321 1.0676506283684062 1.0615147052168636 1.0799224746714913 1.0921943209745766 1.1167380135807468 1.0921943209745766 1.0492428589137786 1.0246991663076084 1.0461748973380072 1.1474176293384597 1.1965050145508 1.2885438618239387 1.2026409377023426 1.012427320004523 1.0185632431560658 0.8160777791551611 0.8344855486097889 0.9265243958829272 1.0799224746714913 1.3928545554001621 1.3192234775816514 1.1780972450961724 1.2578642460662257 1.4358060174609601 1.4296700943094176 1.4051264017032472 1.2946797849754812 1.1965050145508 1.1658253987930873 1.184233168247715 1.3621749396424494 1.3008157081270237 
-49.0 -49.0 -49.0 -49.0 -49.0 -49.0 -49.0 -49.0 -49.0 -49.5 -49.5 -49.5 -50.0 -49.5 -50.0 -50.0 -50.0 -49.5 -49.5 -50.5 -51.5 -52.0 -52.0 -52.5 -53.5 -55.5 -56.0 -55.0 -52.5 -53.5 -52.0 -51.5 -52.0 -53.5 -52.0 -51.5 -52.0 -53.0 -52.5 -53.0 -53.5 -53.5 
1.086058397823034 1.0369710126106935 1.086058397823034 1.1290098598838318 1.055378782065321 1.1351457830353744 1.0676506283684062 1.1044661672776617 1.0921943209745766 1.0983302441261191 1.1228739367322893 1.1290098598838318 1.141281706186917 1.0799224746714913 1.1658253987930873 1.1167380135807468 1.0799224746714913 0.9694758579437253 0.9940195505498954 1.2517283229146832 1.41126232485479 1.423534171157875 1.380582709097077 1.423534171157875 1.4542137869155878 1.3744467859455345 1.3928545554001621 1.4419419406125027 1.3621749396424494 1.6137477888556946 1.4358060174609601 1.3437671701878218 1.2026409377023426 1.2333205534600555 1.1044661672776617 1.0185632431560658 1.000155473701438 1.1167380135807468 1.1290098598838318 1.141281706186917 1.184233168247715 1.2701360923693108 
-50.5 -50.5 -50.5 -50.5 -50.5 -50.5 -50.5 -50.0 -50.5 -50.5 -50.0 -50.5 -50.5 -50.5 -50.5 -51.0 -51.5 -52.0 -53.0 -50.5 -50.0 -49.5 -50.5 -52.0 -52.5 -52.5 -52.5 -53.0 -51.5 -51.5 -52.0 -51.0 -50.5 -50.0 -50.5 -50.5 -51.0 -51.0 -51.0 -51.5 -51.0 -51.0 
1.1658253987930873 1.1719613219446299 1.2087768608538851 1.2210487071569704 1.1903690913992575 1.1965050145508 1.227184630308513 1.2087768608538851 1.1780972450961724 1.227184630308513 1.2578642460662257 1.282407938672396 1.2885438618239387 1.2578642460662257 1.2578642460662257 1.2455923997631406 1.184233168247715 1.0799224746714913 4.301282129231338 1.7794177139473437 1.7426021750380885 1.607611865704152 1.8285050991596843 2.018718716857504 2.2089323345553233 2.1905245651006955 2.1905245651006955 2.2948352586769194 2.067806102069844 1.9144080232812801 1.9819031779482483 1.9634954084936207 1.8653206380689396 1.748738098189631 1.6198837120072371 1.6014759425526093 1.6321555583103222 1.6996507129772904 1.718058482431918 1.7119225592803755 1.7916895602504288 1.8039614065535141 
-49.5 -49.0 -49.5 -49.5 -49.0 -49.0 -49.0 -49.0 -49.0 -48.5 -49.0 -48.5 -49.0 -48.5 -49.0 -48.5 -49.0 -49.5 -51.5 -49.0 -48.0 -48.0 -50.5 -51.0 -52.5 -52.0 -52.5 -52.5 -52.0 -49.5 -47.0 -49.5 -50.5 -51.0 -51.0 -49.5 -48.5 -48.5 -48.5 -48.5 -48.5 -48.5 
1.6873788666742053 1.5585244804918115 1.662835174068035 1.6812429435226628 1.6935147898257479 1.7119225592803755 1.718058482431918 1.7241944055834606 1.718058482431918 1.6260196351587797 1.7732817907958012 1.7426021750380885 1.846912868614312 1.761009944492716 1.7794177139473437 1.7241944055834606 1.6935147898257479 1.5892040962495242 1.7794177139473437 2.061670178918302 2.1353012567368124 2.3009711818284617 2.423689644859313 2.509592568980909 2.429825568010856 2.5034566458293663 2.552544031041707 2.423689644859313 2.552544031041707 2.2886993355253766 2.3071071049800045 2.313243028131547 2.1966604882522383 2.0064468705544187 1.9144080232812801 1.8837284075235674 1.9819031779482483 2.0064468705544187 2.1230294104337273 2.086213871524472 2.110757564130642 2.1046216409791 
-50.5 -51.0 -51.0 -50.5 -50.5 -50.5 -50.5 -50.0 -50.5 -50.0 -50.0 -50.0 -50.0 -50.0 -50.0 -50.0 -50.0 -51.5 -52.5 -51.0 -51.5 -52.5 -52.5 -52.5 -52.5 -54.0 -54.5 -54.0 -52.5 -53.5 -50.0 -51.0 -51.5 -51.5 -51.0 -50.5 -50.0 -50.0 -49.5 -49.5 -49.0 -49.5 
4.816699673960914 4.399456899656019 4.589670517353839 4.374913207049849 4.338097668140593 4.23378697456437 4.424000592262189 5.031456984264903 4.28287435977671 4.2031073588066565 4.908738521234052 4.534447208989955 4.503767593232243 4.528311285838413 4.270602513473625 5.749359992995383 5.878214379177777 5.878214379177777 5.160311370447297 5.767767762450011 5.9088939949354895 6.086835766330224 6.050020227420969 6.166602767300278 6.19728238305799 5.927301764390117 5.638913376267617 5.688000761479957 6.215690152512618 5.780039608753096 4.2092432819582 4.166291819897402 4.276738436625168 4.4976316700806995 4.706253057233147 4.859651136021712 5.3198453723874035 
-65.5 -65.5 -64.0 -64.0 -65.0 -64.0 -65.5 -64.5 -64.5 -64.0 -63.0 -61.5 -62.5 -62.0 -67.0 -67.5 -60.5 -57.0 -61.0 -62.0 -61.0 -60.5 -62.0 -61.5 -60.5 -61.5 -60.5 -56.5 -56.5 -66.0 -67.5 -63.0 -65.5 -64.5 -64.5 -62.5 -63.5 
5.2768939103266055 5.3198453723874035 5.418020142812084 5.111223985234957 5.595961914206819 5.2339424482658075 5.344389064993574 5.270757987175063 5.141903600992669 5.3198453723874035 5.258486140871978 5.190990986205009 5.2768939103266055 5.424156065963627 5.356660911296659 5.399612373357457 5.45483568172134 5.2768939103266055 5.921165841238575 6.0991076126333095 6.062292073724054 0.9081166264282996 0.11044661672776616 0.5767767762450011 0.3988350048502667 0.4356505437595221 0.32520392703175593 0.3129320807286708 0.25157284921324513 5.773903685601553 6.062292073724054 6.129787228391022 6.062292073724054 5.399612373357457 5.688000761479957 5.559146375297564 5.700272607783043 5.638913376267617 5.595961914206819 
-61.0 -61.5 -61.0 -60.5 -61.0 -60.0 -60.5 -60.0 -59.5 -60.0 -60.0 -59.0 -59.0 -59.5 -58.5 -58.0 -59.0 -60.5 -62.5 -59.0 -57.5 -64.0 -62.0 -64.5 -63.0 -63.5 -65.5 -65.0 -63.5 -61.0 -59.0 -60.5 -59.5 -60.5 -59.0 -57.5 -56.5 -59.5 -57.5 
