6.160466844148735 0.006135923151542565 3.06182565261974 2.9329712664373457 3.06182565261974 3.141592653589793 3.3195344249845276 0.28225246497095796 0.18407769454627693 4.411728745959104 4.338097668140593 3.509748042682347 5.8475347634200645 2.2089323345553233 2.9084275738311756 2.3316507975861747 2.742757648739526 1.3314953238847365 
-68.0 -67.5 -65.0 -66.0 -65.5 -67.0 -67.5 -68.0 -69.0 -67.0 -68.0 -66.5 -69.5 -70.0 -69.0 -67.0 -65.0 -68.5 
4.718524903536232 1.5033011721279284 1.3989904785517047 1.6751070203711202 1.5953400194010667 1.3928545554001621 1.576932249946439 1.2640001692177683 1.6260196351587797 1.5953400194010667 1.509437095279471 1.5585244804918115 1.4910293258248433 1.4910293258248433 0.9081166264282996 1.5278448647340985 1.337631247036279 1.4848934026733007 1.3928545554001621 4.773748211900116 1.533980787885641 2.2457478734645786 5.00077736850719 5.092816215780329 2.429825568010856 1.9389517158874505 1.533980787885641 1.8223691760081417 2.1046216409791 2.2641556429192065 1.7916895602504288 2.000310947402876 2.0800779483729293 2.3193789512830896 2.2396119503130363 1.4358060174609601 4.571262747899211 1.3621749396424494 1.3069516312785663 1.3621749396424494 
-66.0 -65.5 -64.0 -66.0 -64.5 -66.0 -65.5 -65.5 -65.5 -65.5 -65.0 -66.0 -65.5 -65.0 -65.5 -66.0 -65.5 -64.0 -64.0 -64.5 -62.0 -64.5 -65.0 -65.5 -64.5 -61.5 -61.0 -61.0 -59.5 -59.0 -60.0 -59.5 -61.5 -62.0 -64.5 -63.0 -61.5 -61.5 -62.5 -62.0 
0.9203884727313847 0.9510680884890975 0.9326603190344698 0.9633399347921826 0.9081166264282996 0.944932165337555 0.9694758579437253 0.9326603190344698 0.9878836273983529 0.9633399347921826 1.0246991663076084 0.9633399347921826 1.0062913968529805 1.012427320004523 0.9756117810952678 0.9940195505498954 0.9940195505498954 1.000155473701438 0.9756117810952678 0.944932165337555 0.9878836273983529 0.9940195505498954 0.9265243958829272 0.9142525495798421 0.8958447801252144 0.9572040116406401 1.1535535524900022 1.1474176293384597 1.3192234775816514 1.3192234775816514 1.0737865515199487 1.0737865515199487 1.055378782065321 1.030835089459151 1.012427320004523 1.0799224746714913 1.030835089459151 1.0615147052168636 1.227184630308513 1.2701360923693108 1.3314953238847365 1.2885438618239387 1.3069516312785663 1.3314953238847365 1.2578642460662257 1.184233168247715 
-48.5 -48.5 -48.5 -48.5 -48.5 -48.0 -48.0 -48.0 -48.0 -48.0 -48.5 -48.0 -48.5 -48.5 -48.5 -48.5 -48.5 -48.5 -48.5 -49.0 -49.0 -49.5 -49.5 -49.5 -50.0 -49.0 -49.0 -49.5 -51.5 -51.0 -50.5 -52.0 -51.5 -52.5 -54.0 -54.0 -53.5 -52.0 -51.5 -50.5 -50.0 -50.5 -49.5 -49.5 -49.0 -48.5 
1.0492428589137786 1.0185632431560658 1.0185632431560658 1.0185632431560658 1.000155473701438 1.030835089459151 1.043106935762236 1.0615147052168636 1.0369710126106935 1.0369710126106935 1.0492428589137786 1.0799224746714913 1.0369710126106935 1.0921943209745766 1.000155473701438 1.0921943209745766 1.0676506283684062 1.0492428589137786 1.0921943209745766 1.0615147052168636 1.086058397823034 1.1167380135807468 1.1044661672776617 1.055378782065321 1.0032234352772094 1.0369710126106935 1.214912784005428 1.2517283229146832 1.3989904785517047 1.282407938672396 1.2333205534600555 1.4173982480063325 1.5830681730979816 1.4848934026733007 1.509437095279471 1.4848934026733007 1.521708941582556 1.5707963267948966 1.5585244804918115 1.5278448647340985 1.3867186322486196 1.3437671701878218 1.3008157081270237 1.2333205534600555 1.1719613219446299 1.055378782065321 
-51.0 -51.0 -51.0 -50.5 -51.0 -51.0 -50.5 -50.5 -50.5 -50.0 -50.0 -50.0 -50.5 -50.5 -50.5 -50.0 -50.5 -50.0 -50.5 -50.5 -50.5 -50.5 -51.0 -52.0 -53.0 -52.0 -50.5 -50.0 -49.0 -49.0 -50.5 -52.5 -51.0 -51.0 -51.5 -51.5 -51.5 -51.5 -51.5 -50.5 -50.5 -49.5 -50.5 -50.5 -51.5 -51.5 
1.1290098598838318 1.0676506283684062 1.1228739367322893 1.0185632431560658 1.1106020904292042 1.141281706186917 1.1106020904292042 1.1290098598838318 1.141281706186917 1.0983302441261191 1.1290098598838318 1.1535535524900022 1.141281706186917 1.1719613219446299 1.0737865515199487 1.1658253987930873 1.1535535524900022 1.1228739367322893 1.0921943209745766 1.0062913968529805 0.9940195505498954 0.9326603190344698 0.8222137023067037 0.7547185476397354 0.7179030087304801 0.9265243958829272 1.4910293258248433 1.6137477888556946 1.705786636128833 1.5830681730979816 1.7548740213411735 1.8960002538266525 1.9941750242513334 2.0493983326152168 2.1230294104337273 2.086213871524472 2.0800779483729293 2.1230294104337273 1.9205439464328227 1.8346410223112268 1.7671458676442586 1.7548740213411735 1.859184714917397 1.7732817907958012 1.5707963267948966 1.2578642460662257 
-49.5 -50.0 -50.0 -49.5 -49.5 -49.5 -49.5 -49.5 -49.5 -49.5 -49.5 -49.0 -49.0 -49.5 -49.5 -49.5 -49.0 -49.5 -49.0 -49.5 -49.5 -49.5 -50.0 -50.0 -51.0 -51.0 -50.0 -49.0 -48.5 -49.0 -51.5 -50.5 -50.5 -50.0 -50.0 -50.0 -50.0 -50.0 -51.0 -50.5 -48.5 -48.0 -49.0 -49.5 -51.5 -50.0 
1.509437095279471 1.5707963267948966 1.5462526341887264 1.5462526341887264 1.5707963267948966 1.533980787885641 1.576932249946439 1.5830681730979816 1.5892040962495242 1.5892040962495242 1.6137477888556946 1.6198837120072371 1.4910293258248433 1.6321555583103222 1.6566992509164924 1.6260196351587797 1.6382914814618648 1.5892040962495242 1.564660403643354 1.552388557340269 1.5278448647340985 1.423534171157875 1.4603497100671303 1.41126232485479 1.4603497100671303 1.5155730184310134 1.9512235621905356 2.0800779483729293 2.067806102069844 2.141437179888355 2.282563412373834 2.2027964114037806 2.3009711818284617 2.466641106920111 2.4911847995262812 2.4605051837685683 2.5034566458293663 2.411417798556228 2.350058567040802 2.3193789512830896 2.141437179888355 2.116893487282185 2.141437179888355 2.086213871524472 1.7732817907958012 1.6873788666742053 
-53.0 -53.0 -52.5 -52.5 -53.0 -52.5 -52.0 -52.5 -52.0 -51.5 -52.0 -52.0 -52.0 -51.5 -52.0 -51.5 -51.5 -51.5 -51.5 -51.5 -51.5 -51.0 -51.5 -52.5 -54.0 -54.0 -52.5 -51.5 -51.5 -54.0 -52.0 -51.5 -52.5 -53.0 -52.0 -52.0 -52.5 -52.5 -51.5 -52.5 -52.0 -51.0 -51.5 -52.0 -52.0 -52.5 
4.681709364626977 4.638757902566179 5.0682725231741586 4.466952054322987 4.601942363656923 4.675573441475434 4.693981210930062 4.632621979414636 4.749204519293945 4.338097668140593 4.853515212870168 4.7307967498393175 4.356505437595221 4.73693267299086 4.632621979414636 4.718524903536232 4.031301510563465 4.528311285838413 4.313553975534423 4.015961702684608 5.700272607783043 5.792311455056181 5.411884219660542 6.074563920027139 5.8659425328746915 6.037748381117884 5.976389149602458 5.982525072754001 6.019340611663256 5.988660995905543 6.019340611663256 5.8659425328746915 5.878214379177777 5.5284667595398505 5.816855147662351 6.086835766330224 6.019340611663256 5.927301764390117 
-63.5 -62.0 -63.5 -64.0 -63.0 -63.5 -63.0 -62.0 -62.0 -63.0 -63.0 -62.0 -63.0 -63.0 -63.0 -61.0 -62.0 -60.0 -64.5 -67.0 -62.5 -58.5 -61.5 -59.5 -59.5 -59.5 -60.0 -60.0 -59.5 -59.5 -58.5 -60.0 -59.0 -58.5 -57.0 -57.5 -60.0 -64.5 
2.0064468705544187 1.9880391010997909 5.1725832167503825 1.9389517158874505 5.602097837358362 5.013049214810275 5.043728830567988 4.8351074434155406 4.626486056263094 5.141903600992669 5.178719139901925 5.056000676871073 5.209398755659637 5.080544369477243 5.098952138931871 5.915029918087033 5.945709533844745 6.019340611663256 5.829126993965437 0.4479223900626072 0.4172427743048944 6.258641614573416 0.30679615757712825 0.12885438618239387 6.166602767300278 6.111379458936394 0.06135923151542565 0.14112623248547898 6.068427996875596 0.5706408530934585 6.092971689481767 5.497787143782138 6.056156150572511 6.0991076126333095 5.8475347634200645 
-68.0 -67.0 -66.5 -66.0 -65.0 -65.0 -64.5 -65.5 -66.0 -64.5 -60.5 -62.0 -61.5 -58.0 -60.5 -65.0 -59.0 -57.5 -58.5 -66.5 -62.5 -62.0 -63.5 -62.0 -60.5 -60.5 -60.5 -61.5 -63.5 -61.5 -68.5 -62.5 -59.0 -60.0 -64.5 
