3.1231848841351653 3.2581751934691017 3.153864499892878 0.2699806186678728 0.35588354278946877 0.3988350048502667 0.3988350048502667 0.01227184630308513 0.018407769454627694 4.865787059173254 4.123340357836604 3.3624858870453256 2.552544031041707 2.5586799541932495 1.9205439464328227 2.9759227284981438 0.0674951546669682 2.5402721847386216 0.7363107781851077 6.074563920027139 6.056156150572511 
-69.0 -67.0 -67.5 -69.5 -70.0 -70.5 -70.5 -70.0 -70.0 -72.5 -69.5 -68.0 -70.0 -70.0 -70.0 -69.5 -70.5 -68.5 -69.0 -71.5 -69.0 
1.9266798695843652 1.6137477888556946 1.6812429435226628 1.748738098189631 1.6014759425526093 1.6137477888556946 1.576932249946439 1.5830681730979816 1.6566992509164924 1.705786636128833 1.5401167110371838 1.6260196351587797 1.5892040962495242 1.576932249946439 1.4173982480063325 1.7119225592803755 1.607611865704152 1.6566992509164924 1.6996507129772904 1.4726215563702154 1.902136176978195 1.6689710972195777 1.4480778637640452 4.448544284868359 1.5033011721279284 1.8162332528565992 2.2886993355253766 2.9697868053466014 2.2518837966161214 1.9512235621905356 1.564660403643354 2.098485717827557 2.172116795646068 2.270291566070749 2.030990563160589 1.8100973297050567 1.902136176978195 2.073942025221387 2.067806102069844 1.8100973297050567 1.4419419406125027 1.4296700943094176 1.4971652489763858 1.7732817907958012 
-63.5 -62.5 -63.0 -63.0 -63.0 -62.5 -61.5 -62.5 -62.0 -63.0 -63.0 -62.0 -62.5 -62.0 -61.0 -62.0 -61.5 -62.0 -63.0 -61.5 -63.0 -64.5 -64.5 -65.5 -66.0 -65.0 -65.5 -65.0 -64.0 -62.0 -61.5 -61.5 -60.0 -59.5 -60.5 -60.0 -60.5 -61.0 -61.0 -59.5 -59.5 -59.5 -59.0 -60.0 
1.043106935762236 1.0676506283684062 1.0799224746714913 1.086058397823034 1.1044661672776617 1.043106935762236 1.0983302441261191 1.0737865515199487 1.1167380135807468 1.0983302441261191 1.1167380135807468 1.141281706186917 1.1228739367322893 1.1167380135807468 1.1290098598838318 1.1474176293384597 1.1535535524900022 1.1351457830353744 1.1658253987930873 1.1290098598838318 1.0737865515199487 1.0921943209745766 1.043106935762236 0.9940195505498954 0.9572040116406401 0.944932165337555 1.0615147052168636 1.1780972450961724 1.2578642460662257 1.337631247036279 1.1044661672776617 1.1167380135807468 1.184233168247715 1.1106020904292042 1.1106020904292042 1.0492428589137786 1.043106935762236 1.0185632431560658 1.1780972450961724 1.2701360923693108 1.4173982480063325 1.2701360923693108 1.2885438618239387 1.2640001692177683 1.2210487071569704 1.1658253987930873 
-48.5 -48.5 -48.5 -48.5 -48.5 -48.5 -48.5 -49.0 -49.0 -49.0 -49.0 -49.0 -49.5 -49.0 -49.5 -49.5 -49.0 -49.5 -50.0 -50.0 -50.0 -49.5 -50.0 -50.0 -49.5 -48.5 -49.0 -50.5 -52.0 -51.5 -50.0 -51.0 -51.0 -52.5 -54.5 -54.5 -54.0 -53.0 -52.0 -52.0 -52.0 -51.0 -51.0 -50.5 -48.5 -49.0 
1.0737865515199487 1.0799224746714913 1.086058397823034 1.1290098598838318 1.1106020904292042 1.1290098598838318 1.1351457830353744 1.1044661672776617 1.1106020904292042 1.1167380135807468 1.1351457830353744 1.1290098598838318 1.0799224746714913 1.0676506283684062 1.1780972450961724 1.1903690913992575 1.1903690913992575 1.2026409377023426 1.2026409377023426 1.184233168247715 1.1596894756415448 1.1535535524900022 1.0615147052168636 1.141281706186917 1.0246991663076084 0.9940195505498954 1.1719613219446299 1.2946797849754812 1.3621749396424494 1.3437671701878218 1.3008157081270237 1.564660403643354 1.6321555583103222 1.509437095279471 1.4971652489763858 1.4358060174609601 1.4971652489763858 1.5892040962495242 1.5462526341887264 1.6566992509164924 1.4664856332186729 1.41126232485479 1.2701360923693108 1.1290098598838318 1.012427320004523 1.1044661672776617 
-49.5 -49.5 -50.0 -49.5 -49.5 -49.5 -49.5 -49.5 -49.5 -49.5 -50.0 -49.5 -49.5 -49.5 -50.0 -49.5 -49.5 -50.0 -50.0 -50.5 -50.5 -50.5 -51.0 -51.0 -51.5 -52.0 -50.5 -50.0 -49.5 -49.5 -51.0 -52.0 -51.0 -51.5 -52.0 -52.0 -52.0 -52.0 -52.0 -51.5 -52.0 -51.0 -52.0 -51.5 -51.0 -50.5 
1.3560390164909069 1.3192234775816514 1.337631247036279 1.325359400733194 1.3621749396424494 1.3560390164909069 1.325359400733194 1.3560390164909069 1.3192234775816514 1.3744467859455345 1.368310862793992 1.325359400733194 1.368310862793992 1.3867186322486196 1.3928545554001621 1.3867186322486196 1.3130875544301088 1.2946797849754812 1.2946797849754812 1.2455923997631406 1.2210487071569704 1.043106935762236 1.0737865515199487 1.0369710126106935 0.9756117810952678 0.9878836273983529 1.607611865704152 1.7855536370988863 1.7426021750380885 1.6198837120072371 1.7732817907958012 1.8837284075235674 1.9512235621905356 2.055534255766759 2.0371264863121317 2.0800779483729293 2.055534255766759 2.1475731030398975 1.9757672547967058 1.8837284075235674 1.88986433067511 1.9512235621905356 1.9696313316451632 1.7548740213411735 1.4419419406125027 1.4787574795217582 
-49.0 -49.5 -49.0 -49.0 -49.0 -49.0 -49.0 -49.0 -49.0 -49.0 -49.0 -48.5 -48.5 -49.0 -48.5 -48.5 -48.5 -48.5 -48.5 -48.5 -48.5 -48.5 -48.5 -49.0 -50.0 -51.0 -51.0 -49.5 -49.0 -50.5 -51.5 -50.0 -50.0 -50.0 -50.0 -50.5 -50.5 -51.5 -51.0 -51.0 -49.0 -50.0 -50.5 -52.0 -50.0 -49.0 
1.7548740213411735 1.761009944492716 1.761009944492716 1.8162332528565992 1.736466251886546 1.7426021750380885 1.7855536370988863 1.7548740213411735 1.7426021750380885 1.8775924843720249 1.6935147898257479 1.7303303287350031 1.8530487917658545 1.718058482431918 1.846912868614312 1.8653206380689396 1.8223691760081417 1.8162332528565992 1.8162332528565992 1.705786636128833 1.6260196351587797 1.5707963267948966 1.4910293258248433 1.5707963267948966 1.576932249946439 1.5462526341887264 1.9144080232812801 2.061670178918302 2.1659808724945253 2.1966604882522383 2.337786720737717 2.2150682577068657 2.2886993355253766 2.466641106920111 2.4911847995262812 2.4605051837685683 2.497320722677824 2.3930100291016 2.411417798556228 2.325514874434632 2.270291566070749 2.356194490192345 2.1905245651006955 1.8837284075235674 1.7855536370988863 1.8346410223112268 
-50.5 -50.0 -50.5 -50.0 -50.0 -49.5 -50.0 -49.5 -49.5 -49.5 -49.5 -49.5 -49.0 -49.0 -49.5 -49.0 -49.0 -49.0 -49.0 -49.0 -49.0 -50.0 -50.5 -51.0 -52.0 -53.0 -53.0 -52.5 -52.5 -54.0 -51.5 -51.5 -52.5 -52.5 -51.5 -51.5 -53.0 -52.5 -52.0 -53.0 -52.5 -52.5 -53.5 -52.5 -51.5 -49.5 
4.9823695990525625 4.779884135051658 4.632621979414636 5.166447293598839 4.638757902566179 4.239922897715912 4.528311285838413 4.657165672020807 4.3933209765044765 4.485359823777615 4.516039439535327 4.626486056263094 4.534447208989955 4.546719055293041 4.7307967498393175 4.3933209765044765 4.651029748869264 4.681709364626977 4.6448938257177215 4.522175362686871 4.430136515413731 4.853515212870168 4.362641360746763 4.25833066717054 5.706408530934585 5.706408530934585 5.589825991055276 5.264622064023521 6.025476534814799 5.822991070813893 5.921165841238575 5.976389149602458 6.111379458936394 6.056156150572511 6.12365130523948 6.117515382087937 6.068427996875596 5.902758071783947 5.712544454086128 6.209554229361076 6.2034183062095325 6.215690152512618 5.2768939103266055 5.203262832508095 
-65.0 -64.0 -64.5 -64.0 -62.0 -64.0 -63.0 -63.0 -63.5 -63.0 -63.0 -62.0 -63.5 -61.5 -61.5 -63.0 -61.0 -60.5 -62.5 -63.0 -63.0 -60.5 -64.0 -68.5 -63.0 -62.0 -60.0 -62.5 -59.0 -58.5 -59.5 -60.0 -59.5 -59.5 -59.0 -59.5 -60.0 -60.0 -58.0 -57.0 -60.0 -63.0 -69.0 -63.5 
5.411884219660542 5.295301679781233 5.184855063053467 5.325981295538946 5.375068680751287 5.148039524144211 5.203262832508095 5.313709449235861 5.270757987175063 5.1725832167503825 5.227806525114265 5.123495831538041 5.289165756629691 5.221670601962723 5.424156065963627 5.160311370447297 5.240078371417351 5.21553467881118 5.264622064023521 5.307573526084319 5.184855063053467 5.105088062083414 5.246214294568893 5.166447293598839 5.00077736850719 5.663457068873787 6.129787228391022 6.12365130523948 6.019340611663256 6.227961998815704 0.15339807878856412 0.09203884727313846 0.22089323345553233 0.006135923151542565 6.2463697682703305 0.04908738521234052 0.2638446955163303 0.5092816215780329 6.117515382087937 0.4908738521234052 5.786175531904639 6.025476534814799 6.160466844148735 6.025476534814799 5.5714182216006485 5.344389064993574 
-61.0 -61.0 -61.0 -61.0 -60.5 -60.5 -60.5 -60.0 -60.0 -59.5 -59.0 -59.0 -58.5 -59.5 -59.5 -59.0 -58.5 -58.5 -58.5 -58.0 -58.0 -58.5 -59.0 -60.0 -62.0 -64.5 -60.0 -59.0 -59.5 -63.5 -61.5 -61.5 -61.5 -60.5 -59.5 -60.0 -61.0 -64.0 -63.0 -63.0 -63.5 -60.5 -61.5 -64.0 -63.0 -61.0 
