0.04908738521234052 3.000466421104314 3.1661363461959633 3.08636934522591 3.2520392703175593 0.2945243112740431 0.30066023442558565 0.4111068511533518 0.23930100291016002 0.2761165418194154 0.5706408530934585 4.344233591292136 4.04357335686655 1.0983302441261191 0.7669903939428205 3.6201946594101133 2.9329712664373457 0.1902136176978195 2.5034566458293663 2.2886993355253766 2.7120780329818137 0.7301748550335652 4.503767593232243 4.988505522204105 6.178874613603362 5.896622148632405 
-69.5 -66.5 -68.5 -68.5 -67.5 -69.5 -70.5 -71.0 -71.5 -70.5 -69.5 -66.0 -65.0 -70.0 -68.5 -67.5 -67.0 -72.5 -69.5 -70.0 -70.5 -67.5 -66.0 -70.5 -72.0 -68.0 
0.9510680884890975 1.4603497100671303 1.4787574795217582 1.6260196351587797 1.41126232485479 1.5155730184310134 1.4051264017032472 1.6260196351587797 1.4603497100671303 1.5462526341887264 1.4664856332186729 1.337631247036279 1.748738098189631 1.4910293258248433 1.4848934026733007 1.4419419406125027 1.3560390164909069 1.859184714917397 1.6751070203711202 1.6873788666742053 1.8407769454627694 5.117359908386499 4.7860200582032 5.3198453723874035 2.6384469551633027 2.84706834231575 3.172272269347506 3.1354567304382504 2.313243028131547 1.8039614065535141 1.7978254834019713 1.8837284075235674 1.9205439464328227 1.8100973297050567 1.7855536370988863 1.88986433067511 2.018718716857504 1.8407769454627694 1.7671458676442586 1.7732817907958012 1.6935147898257479 1.7671458676442586 1.5585244804918115 1.705786636128833 1.8223691760081417 
-64.0 -63.0 -63.0 -64.0 -63.5 -63.5 -64.0 -64.5 -64.0 -64.0 -63.5 -62.5 -63.0 -61.5 -61.0 -62.0 -61.5 -63.0 -61.0 -61.0 -64.0 -64.0 -68.0 -74.5 -65.0 -63.0 -62.5 -66.0 -64.0 -62.0 -61.0 -60.0 -60.0 -60.5 -62.0 -63.0 -61.0 -60.0 -59.5 -60.5 -61.0 -60.5 -60.0 -61.5 -61.0 
1.0676506283684062 1.043106935762236 1.043106935762236 1.0921943209745766 1.0737865515199487 1.1167380135807468 1.086058397823034 1.0983302441261191 1.1351457830353744 1.1228739367322893 1.1535535524900022 1.184233168247715 1.1719613219446299 1.1965050145508 1.2455923997631406 1.184233168247715 1.1903690913992575 1.1903690913992575 1.1780972450961724 1.1044661672776617 1.0615147052168636 0.9817477042468103 0.760854470791278 0.9019807032767571 0.9510680884890975 1.0799224746714913 1.2210487071569704 1.239456476611598 1.012427320004523 1.0492428589137786 1.1044661672776617 1.0799224746714913 1.1167380135807468 1.0615147052168636 1.0983302441261191 1.0799224746714913 1.3437671701878218 1.2087768608538851 1.2455923997631406 1.337631247036279 1.4971652489763858 1.5155730184310134 1.552388557340269 1.4358060174609601 1.337631247036279 1.2333205534600555 
-48.5 -48.5 -48.0 -48.0 -48.0 -48.0 -48.0 -48.0 -48.0 -48.0 -48.5 -48.5 -48.5 -49.0 -49.0 -49.0 -49.5 -49.5 -49.5 -49.0 -49.0 -49.0 -48.5 -48.0 -49.0 -50.5 -51.0 -50.0 -49.0 -50.0 -50.0 -51.5 -52.0 -52.5 -52.5 -52.5 -53.5 -52.5 -51.5 -51.5 -51.0 -50.5 -49.0 -49.0 -49.0 -49.0 
1.1290098598838318 1.0799224746714913 1.0921943209745766 1.055378782065321 0.9633399347921826 1.086058397823034 1.055378782065321 1.1044661672776617 1.141281706186917 1.1903690913992575 1.1658253987930873 1.1474176293384597 1.214912784005428 1.184233168247715 1.214912784005428 1.227184630308513 1.2333205534600555 1.1596894756415448 1.2210487071569704 1.1596894756415448 1.1044661672776617 1.0369710126106935 0.9019807032767571 0.8222137023067037 1.012427320004523 1.1228739367322893 1.1658253987930873 1.1658253987930873 1.2455923997631406 1.4358060174609601 1.521708941582556 1.5278448647340985 1.5033011721279284 1.6137477888556946 1.6198837120072371 1.4480778637640452 1.6137477888556946 1.3130875544301088 1.423534171157875 1.3499030933393643 1.368310862793992 1.2762720155208536 1.2517283229146832 1.2333205534600555 1.1780972450961724 1.2087768608538851 
-50.0 -50.0 -50.0 -49.5 -49.5 -49.5 -49.0 -49.5 -49.5 -49.5 -49.5 -49.5 -49.5 -49.5 -49.5 -49.5 -50.0 -50.5 -50.0 -50.5 -50.5 -51.0 -51.5 -51.5 -50.5 -49.5 -50.0 -50.0 -50.0 -50.0 -50.0 -50.5 -50.5 -51.0 -52.5 -52.0 -51.5 -52.0 -51.0 -49.5 -49.5 -49.0 -49.5 -49.0 -49.5 -50.0 
1.2701360923693108 1.2640001692177683 1.2087768608538851 1.239456476611598 1.214912784005428 1.2210487071569704 1.2578642460662257 1.227184630308513 1.325359400733194 1.2517283229146832 1.239456476611598 1.3008157081270237 1.2946797849754812 1.3069516312785663 1.3130875544301088 1.2762720155208536 1.2701360923693108 1.214912784005428 1.1044661672776617 1.0737865515199487 0.8222137023067037 0.9081166264282996 0.7240389318820226 0.803805932852076 1.4173982480063325 1.6198837120072371 1.5033011721279284 1.3867186322486196 1.6444274046134073 1.6689710972195777 1.8162332528565992 1.8346410223112268 1.8960002538266525 1.9696313316451632 2.1046216409791 1.9144080232812801 1.859184714917397 1.932815792735908 2.073942025221387 1.8285050991596843 1.8407769454627694 1.705786636128833 1.5462526341887264 1.576932249946439 1.4603497100671303 1.4296700943094176 
-49.0 -49.0 -49.0 -48.5 -49.0 -48.5 -48.5 -48.5 -48.5 -48.0 -48.5 -48.0 -48.5 -48.5 -48.5 -48.5 -48.0 -48.5 -48.5 -48.0 -49.0 -49.5 -51.0 -53.0 -51.5 -49.0 -49.0 -49.5 -51.0 -49.5 -48.5 -48.5 -49.0 -49.5 -52.5 -54.0 -52.5 -50.5 -51.5 -52.0 -51.0 -51.5 -49.5 -48.5 -48.5 -49.0 
1.6996507129772904 1.7119225592803755 1.6996507129772904 1.6935147898257479 1.6812429435226628 1.6444274046134073 1.6505633277649499 1.6996507129772904 1.736466251886546 1.7303303287350031 1.7241944055834606 1.736466251886546 1.7426021750380885 1.7671458676442586 1.7426021750380885 1.7426021750380885 1.7119225592803755 1.6935147898257479 1.6137477888556946 1.5462526341887264 1.4173982480063325 1.4848934026733007 1.4173982480063325 1.2578642460662257 1.8162332528565992 2.1046216409791 2.043262409463674 2.067806102069844 2.073942025221387 2.1230294104337273 2.116893487282185 2.2396119503130363 2.282563412373834 2.429825568010856 2.3930100291016 2.509592568980909 2.325514874434632 2.3193789512830896 2.386874105950058 2.1475731030398975 1.9880391010997909 1.859184714917397 1.846912868614312 1.8653206380689396 1.902136176978195 1.7916895602504288 
-50.0 -50.0 -50.0 -50.5 -50.0 -49.5 -49.5 -49.5 -49.5 -49.5 -49.0 -49.5 -49.5 -49.5 -49.0 -49.0 -49.0 -49.0 -49.5 -50.0 -50.5 -51.5 -52.5 -54.5 -54.0 -52.0 -51.5 -52.0 -52.0 -50.5 -52.0 -51.5 -52.0 -53.0 -53.0 -53.0 -55.0 -53.5 -53.0 -53.0 -51.5 -50.5 -49.0 -49.0 -49.0 -48.5 
4.700117134081604 4.6878452877785195 4.773748211900116 4.522175362686871 4.700117134081604 4.945554060143307 4.4976316700806995 4.792155981354743 4.724660826687775 4.9823695990525625 4.681709364626977 4.816699673960914 4.914874444385594 4.6878452877785195 4.822835597112456 4.7307967498393175 4.859651136021712 4.608078286808466 4.663301595172349 4.847379289718626 4.276738436625168 3.6692820446224537 5.43029198911517 5.915029918087033 5.620505606812989 5.743224069843841 5.651185222570702 5.8045833013592665 5.737088146692298 5.939573610693203 6.013204688511713 6.019340611663256 5.93343768754166 5.583690067903734 5.724816300389213 6.105243535784852 6.062292073724054 5.7616318392984684 5.473243451175968 4.417864669110647 4.908738521234052 5.221670601962723 5.166447293598839 
-63.0 -64.0 -62.5 -63.5 -64.0 -63.5 -63.5 -61.0 -62.0 -63.0 -62.5 -61.0 -61.0 -62.0 -61.5 -62.0 -60.0 -62.0 -62.0 -62.0 -61.0 -64.0 -67.0 -59.5 -59.0 -61.5 -58.5 -58.5 -58.5 -59.0 -59.0 -59.0 -62.0 -61.0 -58.0 -57.0 -61.5 -63.0 -64.0 -65.0 -63.5 -61.5 -62.0 
4.988505522204105 5.166447293598839 5.154175447295755 5.154175447295755 5.289165756629691 5.098952138931871 5.289165756629691 5.123495831538041 5.221670601962723 5.418020142812084 5.252350217720435 5.295301679781233 5.295301679781233 5.227806525114265 5.141903600992669 5.325981295538946 5.105088062083414 5.049864753719531 5.209398755659637 5.105088062083414 4.902602598082509 4.871922982324796 5.988660995905543 5.902758071783947 5.712544454086128 0.3313398501832985 0.25157284921324513 5.957981380147831 0.06135923151542565 6.068427996875596 6.12365130523948 0.1595340019401067 0.39269908169872414 0.2086213871524472 0.662679700366597 5.767767762450011 5.264622064023521 5.350524988145116 5.338253141842031 5.240078371417351 
-62.0 -61.5 -60.5 -61.5 -61.0 -61.0 -60.5 -60.0 -60.0 -60.0 -59.5 -59.5 -60.0 -59.0 -59.0 -58.5 -58.0 -58.0 -58.5 -57.5 -60.0 -60.5 -61.0 -58.5 -59.0 -63.5 -59.5 -60.0 -59.5 -59.0 -59.0 -60.5 -66.0 -67.5 -71.0 -61.0 -60.5 -59.0 -59.5 -59.5 
