2.9575149590435164 2.9084275738311756 2.945243112740431 3.0372819600135696 2.9329712664373457 2.9636508821950587 2.6445828783148455 2.8777479580734626 2.8409324191642074 2.9575149590435164 2.8961557275280905 2.988194574801229 2.9145634969827183 2.8532042654672924 2.9145634969827183 2.8286605728611223 2.9575149590435164 2.890019804376548 3.3870295796514958 2.988194574801229 0.1595340019401067 3.4177091954092087 3.693825737228624 3.153864499892878 3.5711072741977725 3.3502140407422405 3.1354567304382504 2.816388726558037 2.9391071895888885 2.9759227284981438 2.9820586516496865 2.9084275738311756 2.9084275738311756 3.0495538063166547 3.098641191528995 3.2397674240144743 6.19728238305799 3.055689729468197 3.055689729468197 3.2765829629237295 3.3011266555298997 0.04295146206079795 2.9636508821950587 
-65.5 -65.0 -65.0 -65.0 -65.5 -65.0 -65.0 -65.5 -65.0 -65.5 -65.0 -65.0 -65.5 -64.5 -65.0 -64.5 -64.0 -65.0 -65.0 -65.5 -66.0 -64.0 -61.0 -61.5 -63.5 -61.5 -62.0 -62.5 -62.5 -62.5 -60.0 -61.0 -60.0 -61.0 -61.5 -64.5 -63.0 -61.5 -62.0 -62.0 -63.5 -65.5 -63.5 
6.007068765360171 2.791845033951867 2.705942109830271 2.6875343403756435 2.7120780329818137 2.718213956133356 2.6568547246179306 2.6568547246179306 2.5832236467994196 2.6445828783148455 2.60776733940559 2.6445828783148455 2.6445828783148455 2.5586799541932495 2.5341362615870793 2.6691265709210157 2.6200391857086753 2.552544031041707 2.5341362615870793 2.5832236467994196 2.5157284921324514 2.4911847995262812 2.773437264497239 2.6813984172241008 2.429825568010856 3.2949907323783574 3.2581751934691017 3.1906800388021335 2.9697868053466014 2.804116880254952 2.791845033951867 2.8286605728611223 2.564815877344792 2.6998061866787286 2.564815877344792 2.6875343403756435 2.988194574801229 3.3195344249845276 3.2090878082567613 3.313398501832985 2.7979809571034093 2.5954954931025047 2.3071071049800045 1.945087639038993 2.086213871524472 
-64.0 -63.0 -63.5 -62.5 -63.0 -61.5 -62.5 -63.0 -63.0 -63.0 -63.0 -62.5 -63.0 -62.5 -63.0 -63.0 -63.5 -62.0 -62.5 -62.0 -62.0 -61.5 -62.0 -63.0 -64.0 -62.5 -62.5 -61.0 -61.0 -61.5 -62.0 -62.5 -62.0 -61.5 -60.0 -58.5 -59.5 -61.5 -62.0 -64.0 -63.5 -63.0 -61.0 -61.0 -62.0 
0.4970097752749477 0.5092816215780329 0.4724660826687775 0.5154175447295755 0.5154175447295755 0.5092816215780329 0.5338253141842031 0.4970097752749477 0.5154175447295755 0.5154175447295755 0.5092816215780329 0.5092816215780329 0.5031456984264903 0.5154175447295755 0.521553467881118 0.5399612373357456 0.521553467881118 0.5399612373357456 0.5767767762450011 0.5583690067903734 0.5645049299419159 0.521553467881118 0.5706408530934585 0.6013204688511713 0.7117670855789375 0.9572040116406401 0.7976700097005334 1.0369710126106935 1.055378782065321 0.7731263170943632 0.8344855486097889 0.7485826244881929 0.7363107781851077 0.7301748550335652 0.7915340865489908 0.8528933180644165 0.8344855486097889 0.8467573949128739 0.8774370106705868 0.9694758579437253 1.0369710126106935 0.8713010875190442 0.8406214717613314 1.0062913968529805 0.9387962421860124 0.8344855486097889 0.6994952392758523 
-51.5 -51.0 -50.5 -50.5 -50.5 -50.5 -50.5 -50.5 -50.5 -50.5 -50.5 -50.5 -50.5 -50.5 -50.0 -50.5 -50.5 -50.0 -50.0 -50.0 -50.0 -50.0 -50.0 -50.5 -51.0 -51.0 -53.5 -53.5 -50.5 -51.5 -53.5 -53.0 -53.0 -53.0 -53.0 -53.5 -53.5 -52.5 -52.0 -51.0 -52.5 -53.0 -52.5 -51.5 -51.5 -52.0 -51.5 
0.7393787397608791 0.7547185476397354 0.7731263170943632 0.7301748550335652 0.6688156235181395 0.6872233929727672 0.7363107781851077 0.7301748550335652 0.6872233929727672 0.6688156235181395 0.7179030087304801 0.7363107781851077 0.705631162427395 0.7547185476397354 0.7853981633974483 0.7179030087304801 0.7792622402459057 0.760854470791278 0.7853981633974483 0.7669903939428205 0.760854470791278 0.7547185476397354 0.7853981633974483 0.8160777791551611 0.9203884727313847 0.9817477042468103 1.2640001692177683 1.2640001692177683 1.1167380135807468 1.043106935762236 1.1167380135807468 1.1044661672776617 1.1290098598838318 1.0921943209745766 1.0983302441261191 1.1719613219446299 1.227184630308513 1.2578642460662257 1.1965050145508 1.0737865515199487 1.2333205534600555 1.3499030933393643 1.4296700943094176 1.3314953238847365 1.1106020904292042 1.0246991663076084 0.8713010875190442 
-53.0 -53.0 -53.0 -53.0 -53.0 -53.0 -53.0 -52.5 -52.5 -52.5 -53.0 -53.0 -52.5 -52.5 -52.5 -53.0 -52.5 -52.5 -52.5 -52.5 -52.5 -52.0 -52.5 -52.5 -51.5 -51.5 -52.0 -50.5 -49.5 -50.0 -50.5 -50.5 -50.0 -50.5 -50.0 -50.0 -50.0 -49.5 -50.0 -49.0 -48.5 -49.5 -50.0 -50.0 -51.5 -52.0 -52.0 
0.8866408953979006 0.9572040116406401 0.8958447801252144 0.9019807032767571 0.9142525495798421 0.9265243958829272 0.8406214717613314 0.9081166264282996 0.8897088569736719 0.8774370106705868 0.9081166264282996 0.8897088569736719 0.9081166264282996 0.9633399347921826 0.944932165337555 0.7792622402459057 0.9081166264282996 0.9633399347921826 0.944932165337555 0.944932165337555 0.944932165337555 0.8713010875190442 0.944932165337555 1.0983302441261191 1.3499030933393643 1.6689710972195777 1.6566992509164924 1.4173982480063325 1.1535535524900022 1.0185632431560658 1.1167380135807468 1.1167380135807468 1.1658253987930873 1.2210487071569704 1.337631247036279 1.380582709097077 1.41126232485479 1.4051264017032472 1.3069516312785663 1.2087768608538851 1.2946797849754812 1.4603497100671303 1.564660403643354 1.7732817907958012 1.7548740213411735 1.6935147898257479 1.4173982480063325 
-56.0 -55.5 -55.5 -55.0 -55.5 -55.5 -55.5 -55.5 -55.0 -55.5 -55.0 -55.0 -55.5 -55.0 -55.5 -55.5 -55.0 -55.5 -55.0 -55.0 -54.5 -55.0 -54.5 -55.0 -54.0 -52.0 -51.5 -49.5 -50.0 -51.0 -51.0 -51.5 -51.5 -52.0 -52.5 -52.5 -53.0 -53.0 -52.5 -51.5 -50.0 -51.0 -51.0 -52.0 -52.5 -54.0 -56.5 
1.2793399770966247 1.2455923997631406 1.2701360923693108 1.2578642460662257 1.227184630308513 1.239456476611598 1.214912784005428 1.2210487071569704 1.1719613219446299 1.3192234775816514 1.2517283229146832 1.2762720155208536 1.184233168247715 1.239456476611598 1.2640001692177683 1.2578642460662257 1.214912784005428 1.227184630308513 1.3008157081270237 1.282407938672396 1.282407938672396 1.239456476611598 1.239456476611598 1.2762720155208536 1.4910293258248433 1.7671458676442586 1.9266798695843652 1.5830681730979816 1.5585244804918115 1.705786636128833 1.7794177139473437 1.7548740213411735 1.8346410223112268 1.9266798695843652 1.9634954084936207 1.9819031779482483 2.0064468705544187 1.9880391010997909 2.024854640009046 1.8407769454627694 1.6996507129772904 1.6014759425526093 1.6505633277649499 1.902136176978195 1.859184714917397 1.7671458676442586 1.6751070203711202 
-59.0 -58.0 -58.0 -57.5 -57.5 -57.5 -57.5 -57.0 -57.5 -57.5 -57.5 -57.5 -57.5 -57.0 -57.0 -57.0 -56.5 -57.0 -56.5 -56.5 -56.5 -56.5 -56.5 -57.0 -56.0 -54.0 -52.0 -54.0 -56.5 -57.5 -56.5 -57.0 -56.0 -54.0 -54.0 -54.0 -54.5 -53.5 -54.5 -55.5 -55.0 -54.5 -53.0 -52.5 -54.5 -56.5 -57.0 
1.0400389741864646 4.6448938257177215 4.031301510563465 4.301282129231338 3.9453985864418692 4.2031073588066565 4.239922897715912 4.1417481272912315 4.215379205109742 4.301282129231338 4.374913207049849 4.080388895775806 4.147884050442774 4.252194744018997 4.246058820867455 4.325825821837508 4.405592822807561 4.23378697456437 4.0987966652304335 4.3503695144436785 4.3074180523828804 4.246058820867455 4.473087977474529 4.614214209960009 4.9823695990525625 4.933282213840222 5.491651220630596 5.031456984264903 4.583534594202296 4.871922982324796 4.558990901596125 4.368777283898306 4.601942363656923 4.9823695990525625 5.264622064023521 5.209398755659637 5.190990986205009 5.252350217720435 5.227806525114265 5.387340527054372 5.246214294568893 5.2339424482658075 5.47937937432751 5.64504929941916 5.626641529964532 5.6941366846315 5.608233760509904 
-67.5 -66.0 -66.0 -66.0 -66.0 -66.0 -66.0 -65.5 -65.0 -65.0 -64.5 -65.0 -66.0 -65.0 -65.0 -65.5 -64.5 -64.0 -64.5 -64.5 -65.0 -64.0 -64.5 -63.5 -63.0 -63.5 -60.5 -59.0 -60.0 -60.0 -58.5 -60.0 -61.0 -61.5 -60.5 -62.5 -60.5 -59.5 -58.5 -57.5 -57.0 -57.0 -55.5 -56.0 -58.0 -59.0 -60.5 
0.3436116964863836 0.14726215563702155 3.2949907323783574 5.5714182216006485 5.411884219660542 5.663457068873787 1.9880391010997909 5.712544454086128 5.43029198911517 5.270757987175063 5.632777453116074 5.565282298449106 5.786175531904639 5.559146375297564 5.589825991055276 5.3198453723874035 5.589825991055276 5.5284667595398505 5.1725832167503825 4.828971520263998 4.970097752749477 5.129631754689584 5.442563835418255 5.4671075280244255 2.466641106920111 
-77.5 -78.5 -78.5 -64.5 -62.5 -60.5 -66.5 -64.0 -62.5 -64.0 -65.5 -63.0 -61.5 -62.0 -62.0 -60.0 -60.5 -65.5 -63.0 -61.5 -59.5 -60.0 -62.0 -65.5 -71.5 
