2.7979809571034093 2.748893571891069 2.9084275738311756 2.9084275738311756 2.736621725587984 2.6384469551633027 2.7857091108003242 2.8409324191642074 2.7550294950426117 2.773437264497239 2.791845033951867 2.705942109830271 2.8286605728611223 2.8777479580734626 2.8286605728611223 3.1906800388021335 2.804116880254952 2.9697868053466014 3.2888548092268146 3.6386024288647407 3.399301425954581 3.153864499892878 2.9697868053466014 2.9820586516496865 3.368621810196868 0.6810874698212247 3.6386024288647407 0.4356505437595221 6.277049384028044 2.6445828783148455 2.9391071895888885 2.945243112740431 3.1231848841351653 3.4054373491061236 3.448388811166921 0.02454369260617026 6.025476534814799 2.718213956133356 2.6384469551633027 2.7120780329818137 2.773437264497239 
-63.0 -63.0 -63.0 -64.0 -64.0 -63.5 -63.5 -63.0 -63.5 -64.0 -63.0 -63.5 -62.5 -63.5 -63.0 -63.0 -64.0 -63.5 -64.5 -62.5 -61.0 -63.5 -63.0 -66.0 -67.5 -67.5 -66.0 -67.5 -72.0 -65.5 -61.5 -62.5 -63.5 -63.0 -64.5 -68.0 -67.5 -66.0 -64.5 -65.5 -66.0 
2.2396119503130363 2.6875343403756435 2.270291566070749 2.405281875404685 2.429825568010856 2.466641106920111 5.632777453116074 2.3930100291016 2.5832236467994196 2.448233337465483 2.4605051837685683 2.5402721847386216 2.509592568980909 2.552544031041707 2.497320722677824 2.6568547246179306 2.6261751088602177 2.5709518004963345 2.60776733940559 2.380738182798515 2.724349879284899 2.761165418194154 3.0127382674073995 3.1906800388021335 3.1784081924990484 2.9206994201342606 2.9329712664373457 5.915029918087033 2.423689644859313 2.5709518004963345 2.5893595699509624 2.791845033951867 3.0372819600135696 3.1231848841351653 2.9145634969827183 3.2336315008629315 5.976389149602458 2.423689644859313 2.3193789512830896 2.478912953223196 2.3439226438892597 2.1659808724945253 1.8775924843720249 2.0800779483729293 2.2089323345553233 2.073942025221387 1.932815792735908 
-64.0 -64.5 -63.5 -64.0 -64.0 -64.0 -64.5 -63.5 -63.5 -64.0 -63.0 -64.0 -64.5 -64.0 -64.0 -64.0 -64.0 -63.5 -63.5 -63.0 -64.0 -63.0 -65.5 -63.5 -63.0 -62.0 -63.5 -64.0 -63.0 -63.0 -63.5 -62.5 -61.5 -63.5 -65.0 -63.5 -66.5 -65.5 -63.5 -63.0 -62.5 -63.0 -63.5 -64.5 -64.5 -63.5 -64.0 
0.6933593161243098 0.6504078540635119 0.6135923151542565 0.6872233929727672 0.6872233929727672 0.6135923151542565 0.6320000846088841 0.5890486225480862 0.607456392002714 0.6013204688511713 0.5767767762450011 0.5706408530934585 0.5092816215780329 0.6013204688511713 0.6013204688511713 0.5890486225480862 0.5829126993965437 0.6810874698212247 0.7669903939428205 0.9510680884890975 0.9817477042468103 0.944932165337555 1.2087768608538851 1.1474176293384597 1.1106020904292042 1.0492428589137786 0.9817477042468103 1.030835089459151 1.0492428589137786 1.0369710126106935 1.0062913968529805 1.1106020904292042 1.2455923997631406 1.2701360923693108 1.1658253987930873 1.086058397823034 1.0676506283684062 1.0799224746714913 1.0921943209745766 0.9387962421860124 0.7915340865489908 0.7424467013366504 0.7424467013366504 0.6933593161243098 0.7240389318820226 0.662679700366597 
-49.5 -49.5 -49.5 -49.5 -49.5 -49.5 -49.5 -49.5 -50.0 -50.0 -50.0 -49.5 -50.0 -50.0 -50.0 -49.5 -50.0 -50.0 -50.5 -50.5 -51.0 -53.0 -52.5 -51.0 -51.5 -52.0 -53.0 -53.5 -53.5 -53.5 -52.5 -51.0 -51.5 -51.5 -52.5 -52.0 -51.0 -50.0 -50.5 -50.0 -50.5 -51.0 -51.0 -51.0 -51.0 -51.0 
0.9081166264282996 0.8835729338221293 0.8774370106705868 0.859029241215959 0.9142525495798421 0.9081166264282996 0.8897088569736719 0.9081166264282996 0.8713010875190442 0.8651651643675016 0.9142525495798421 0.9019807032767571 0.8897088569736719 0.8835729338221293 0.8897088569736719 0.8958447801252144 0.8958447801252144 0.944932165337555 0.944932165337555 1.1106020904292042 1.3314953238847365 1.5462526341887264 1.3989904785517047 1.1965050145508 1.3560390164909069 1.3621749396424494 1.214912784005428 1.3314953238847365 1.3621749396424494 1.41126232485479 1.423534171157875 1.380582709097077 1.3192234775816514 1.3130875544301088 1.4542137869155878 1.5707963267948966 1.607611865704152 1.4480778637640452 1.282407938672396 1.1290098598838318 0.9817477042468103 0.9326603190344698 0.9265243958829272 0.8774370106705868 0.9081166264282996 0.8344855486097889 
-52.5 -52.0 -52.0 -52.0 -52.0 -52.0 -52.0 -52.5 -52.0 -52.5 -52.5 -52.5 -52.5 -52.5 -53.0 -52.5 -52.5 -53.0 -52.0 -51.5 -52.5 -51.5 -50.0 -49.5 -50.5 -50.5 -51.0 -50.5 -51.0 -51.0 -51.0 -50.5 -50.5 -49.5 -50.0 -51.5 -52.0 -52.0 -51.5 -51.5 -52.5 -53.0 -53.0 -53.0 -53.0 -53.0 
1.0492428589137786 1.055378782065321 1.030835089459151 1.043106935762236 1.0676506283684062 1.086058397823034 1.0737865515199487 1.0492428589137786 1.0492428589137786 1.043106935762236 0.9756117810952678 0.9940195505498954 1.0369710126106935 0.9940195505498954 0.9817477042468103 0.9940195505498954 1.0246991663076084 1.0676506283684062 1.3130875544301088 1.6382914814618648 1.8039614065535141 1.7978254834019713 1.5830681730979816 1.509437095279471 1.4848934026733007 1.6198837120072371 1.5585244804918115 1.5401167110371838 1.6014759425526093 1.6198837120072371 1.6689710972195777 1.6137477888556946 1.5462526341887264 1.5278448647340985 1.6505633277649499 1.7916895602504288 1.8407769454627694 1.88986433067511 1.8223691760081417 1.576932249946439 1.2210487071569704 1.1351457830353744 1.227184630308513 1.1474176293384597 1.055378782065321 1.0799224746714913 
-55.0 -54.5 -54.5 -55.0 -55.0 -55.0 -55.0 -55.0 -55.5 -55.5 -55.5 -55.0 -55.5 -55.0 -55.5 -55.0 -55.5 -55.5 -55.5 -53.5 -52.5 -50.0 -50.0 -51.0 -52.0 -52.5 -53.0 -53.5 -54.0 -53.5 -52.5 -52.5 -52.5 -51.0 -50.5 -50.5 -51.0 -52.0 -53.5 -54.5 -56.0 -56.5 -56.5 -57.0 -57.0 -56.5 
1.4910293258248433 1.5585244804918115 1.4971652489763858 1.4664856332186729 1.4480778637640452 1.4971652489763858 1.4848934026733007 1.4173982480063325 1.4726215563702154 1.4296700943094176 1.4787574795217582 1.4542137869155878 1.4664856332186729 1.4664856332186729 1.423534171157875 1.4542137869155878 1.4358060174609601 1.3621749396424494 1.4726215563702154 1.3499030933393643 1.902136176978195 2.067806102069844 2.067806102069844 1.8407769454627694 2.012582793705961 1.9941750242513334 2.024854640009046 2.030990563160589 2.141437179888355 2.0800779483729293 1.9941750242513334 2.073942025221387 2.0064468705544187 2.055534255766759 2.0800779483729293 1.9266798695843652 1.902136176978195 2.1659808724945253 2.1475731030398975 1.9205439464328227 1.6505633277649499 1.4542137869155878 1.3744467859455345 1.4542137869155878 1.509437095279471 1.423534171157875 1.4051264017032472 
-56.5 -57.0 -56.5 -57.0 -56.5 -56.5 -57.0 -57.0 -57.0 -57.5 -57.5 -57.5 -58.0 -57.5 -57.5 -57.5 -57.5 -57.5 -58.0 -58.5 -56.0 -54.5 -52.0 -54.0 -54.5 -55.0 -56.5 -56.0 -54.0 -53.5 -54.5 -56.0 -55.0 -55.0 -54.5 -54.5 -52.5 -52.0 -53.5 -54.5 -56.0 -57.0 -56.5 -56.5 -56.5 -56.0 -56.5 
5.123495831538041 4.908738521234052 4.963961829597935 5.006913291658733 4.890330751779424 5.049864753719531 5.043728830567988 5.049864753719531 5.0253210611133605 4.988505522204105 5.062136600022616 5.019185137961818 5.043728830567988 5.019185137961818 5.074408446325701 4.908738521234052 5.0253210611133605 5.129631754689584 5.240078371417351 5.332117218690489 5.602097837358362 5.522330836388308 5.105088062083414 5.393476450205914 5.258486140871978 4.970097752749477 5.178719139901925 5.436427912266712 5.651185222570702 5.344389064993574 5.154175447295755 5.209398755659637 5.209398755659637 5.448699758569798 5.197126909356553 5.307573526084319 5.559146375297564 5.71868037723767 5.64504929941916 5.577554144752192 5.313709449235861 5.387340527054372 5.344389064993574 5.289165756629691 5.209398755659637 5.190990986205009 
-64.5 -63.5 -63.5 -65.0 -63.5 -65.0 -64.5 -64.5 -63.0 -64.5 -64.5 -64.0 -64.5 -64.0 -64.5 -63.5 -63.5 -63.0 -62.0 -62.5 -61.5 -58.0 -58.5 -58.0 -58.0 -58.5 -60.5 -61.0 -59.0 -61.5 -60.0 -59.0 -57.5 -57.5 -58.5 -57.5 -58.0 -60.0 -61.0 -61.5 -62.0 -62.5 -62.5 -63.5 -63.0 -64.5 
1.761009944492716 1.902136176978195 2.816388726558037 5.780039608753096 5.473243451175968 2.325514874434632 5.939573610693203 5.706408530934585 6.129787228391022 5.93343768754166 5.767767762450011 5.841398840268521 6.105243535784852 6.258641614573416 5.45483568172134 5.485515297479052 5.743224069843841 5.522330836388308 
-77.0 -77.5 -70.0 -61.5 -60.5 -69.5 -66.5 -65.0 -67.0 -65.5 -65.0 -64.5 -64.0 -67.5 -64.5 -62.0 -62.5 -67.5 
