3.0066023442558567 3.0495538063166547 2.8409324191642074 2.9391071895888885 3.098641191528995 3.031146036862027 3.160000423044421 3.0250101137104846 3.153864499892878 3.074097498922825 3.0802334220743677 2.9759227284981438 3.000466421104314 2.890019804376548 2.9636508821950587 2.9575149590435164 2.8961557275280905 2.9513790358919736 2.9697868053466014 3.5956509668039427 3.454524734318464 3.472932503773092 3.834951969714103 4.025165587411922 3.368621810196868 3.393165502803038 3.356349963893783 3.423845118560751 3.2643111166206444 3.4054373491061236 3.706097583531709 3.5465635815916023 3.2336315008629315 3.2213596545598464 3.227495577711389 3.5036121195308043 3.5281558121369745 6.22182607566416 6.062292073724054 2.9575149590435164 2.662990647769473 2.736621725587984 5.994796919057086 
-62.5 -62.0 -62.5 -62.0 -62.5 -63.5 -62.5 -64.0 -64.0 -64.0 -63.0 -63.5 -62.0 -62.0 -63.5 -63.5 -63.0 -64.0 -65.5 -66.5 -65.0 -70.5 -68.0 -65.5 -65.0 -67.5 -68.5 -69.5 -69.0 -63.5 -64.5 -64.0 -63.5 -64.5 -62.5 -61.5 -62.0 -65.0 -65.0 -63.5 -63.0 -62.5 -64.0 
2.2212041808584084 2.1537090261914402 2.1475731030398975 2.2580197197676637 2.356194490192345 2.325514874434632 2.172116795646068 2.2641556429192065 2.2457478734645786 2.184388641949153 2.350058567040802 2.4727770300716534 2.227340104009951 2.386874105950058 1.9757672547967058 2.270291566070749 2.1598449493429825 2.1598449493429825 2.2334760271614935 2.3930100291016 2.5402721847386216 2.773437264497239 3.0495538063166547 3.0250101137104846 2.890019804376548 2.693670263527186 2.5832236467994196 2.564815877344792 2.399145952253143 2.724349879284899 2.8654761117703775 3.067961575771282 3.3747577333484107 3.1906800388021335 3.1354567304382504 2.8777479580734626 2.718213956133356 2.5832236467994196 2.693670263527186 2.380738182798515 2.055534255766759 2.1659808724945253 1.9512235621905356 2.141437179888355 1.9082721001297376 
-61.0 -62.0 -62.0 -60.5 -62.0 -60.5 -62.0 -60.5 -62.0 -62.0 -61.5 -62.0 -62.0 -63.0 -63.0 -62.0 -62.0 -62.0 -62.0 -62.0 -62.5 -63.5 -63.0 -63.0 -63.5 -63.5 -64.5 -62.0 -63.0 -63.5 -64.0 -62.5 -61.5 -62.5 -63.0 -65.0 -64.5 -63.0 -61.5 -61.5 -62.5 -63.0 -64.0 -62.0 -62.5 
1.1535535524900022 1.1474176293384597 1.1228739367322893 1.1167380135807468 1.1167380135807468 1.1044661672776617 1.141281706186917 1.0921943209745766 1.0983302441261191 1.055378782065321 1.0983302441261191 1.1290098598838318 1.1167380135807468 1.0737865515199487 1.0492428589137786 1.0921943209745766 1.0737865515199487 1.0799224746714913 1.1290098598838318 1.2026409377023426 1.086058397823034 1.2762720155208536 1.4787574795217582 1.0983302441261191 1.0799224746714913 1.1351457830353744 1.1167380135807468 1.0983302441261191 1.0799224746714913 1.043106935762236 1.0799224746714913 1.1044661672776617 1.1106020904292042 1.3130875544301088 1.368310862793992 1.0246991663076084 0.944932165337555 1.0246991663076084 0.9326603190344698 0.8099418560036186 0.5829126993965437 0.5399612373357456 0.5890486225480862 0.5767767762450011 0.5829126993965437 
-48.5 -48.5 -48.5 -48.5 -48.5 -48.5 -48.0 -48.0 -48.5 -48.5 -48.5 -48.5 -48.5 -48.5 -48.5 -48.5 -49.0 -48.5 -49.5 -51.5 -52.5 -53.5 -52.5 -51.0 -52.5 -53.5 -53.0 -52.5 -52.5 -52.5 -53.0 -52.5 -50.5 -50.0 -52.5 -53.5 -52.5 -51.0 -51.5 -52.5 -52.5 -53.5 -52.5 -52.5 -52.0 
1.1596894756415448 1.1658253987930873 1.1167380135807468 1.141281706186917 1.0921943209745766 1.1474176293384597 1.141281706186917 1.0983302441261191 1.1106020904292042 1.0799224746714913 1.1290098598838318 1.0676506283684062 1.086058397823034 1.1167380135807468 1.055378782065321 1.0737865515199487 1.0492428589137786 1.0615147052168636 1.1351457830353744 1.2640001692177683 1.337631247036279 1.6444274046134073 1.6505633277649499 1.4480778637640452 1.4419419406125027 1.4296700943094176 1.3928545554001621 1.337631247036279 1.3499030933393643 1.3499030933393643 1.3989904785517047 1.41126232485479 1.325359400733194 4.583534594202296 1.4480778637640452 1.3928545554001621 1.2517283229146832 1.1596894756415448 0.9756117810952678 0.803805932852076 0.859029241215959 0.859029241215959 0.859029241215959 0.7669903939428205 
-50.0 -50.0 -49.5 -49.5 -50.0 -50.0 -49.5 -50.0 -50.0 -50.5 -50.0 -50.0 -50.0 -50.0 -50.0 -50.0 -50.0 -50.5 -50.5 -50.5 -51.5 -52.0 -50.5 -50.5 -50.5 -50.5 -50.0 -50.5 -50.5 -50.5 -50.0 -50.5 -50.0 -50.0 -50.0 -51.0 -51.0 -50.5 -51.5 -52.0 -52.0 -52.0 -52.5 -52.5 
1.4296700943094176 1.368310862793992 1.3928545554001621 1.4173982480063325 1.3989904785517047 1.3314953238847365 1.3867186322486196 1.3867186322486196 1.3560390164909069 1.3928545554001621 1.3621749396424494 1.3437671701878218 1.3314953238847365 1.4051264017032472 1.3744467859455345 1.3560390164909069 1.380582709097077 1.5155730184310134 1.7732817907958012 1.9634954084936207 2.1598449493429825 2.172116795646068 1.8653206380689396 1.7978254834019713 1.7855536370988863 1.8100973297050567 1.7426021750380885 1.7119225592803755 1.6689710972195777 1.6444274046134073 1.6014759425526093 1.761009944492716 1.576932249946439 1.5830681730979816 1.6137477888556946 1.88986433067511 1.945087639038993 1.9634954084936207 1.932815792735908 1.7303303287350031 1.6260196351587797 1.5707963267948966 1.4848934026733007 1.4051264017032472 1.2701360923693108 
-55.5 -55.0 -55.0 -55.0 -55.5 -55.0 -55.5 -55.5 -55.5 -55.0 -55.5 -55.5 -56.0 -56.0 -56.0 -55.5 -56.0 -56.5 -56.5 -56.0 -56.5 -52.5 -50.5 -52.0 -52.0 -52.5 -53.0 -53.5 -53.5 -54.0 -53.0 -52.5 -52.0 -50.5 -49.5 -49.5 -52.0 -52.5 -53.5 -55.0 -56.5 -57.0 -57.0 -57.5 -57.5 
1.7426021750380885 1.7303303287350031 1.718058482431918 1.7241944055834606 1.7426021750380885 1.705786636128833 1.7119225592803755 1.705786636128833 1.7119225592803755 1.6935147898257479 1.6996507129772904 1.6996507129772904 1.6935147898257479 1.662835174068035 1.7241944055834606 1.6873788666742053 1.6689710972195777 1.705786636128833 1.748738098189631 1.9757672547967058 2.3071071049800045 2.2518837966161214 2.1046216409791 2.1537090261914402 2.2027964114037806 2.1537090261914402 2.1905245651006955 2.1475731030398975 2.1782527187976104 2.1659808724945253 2.1475731030398975 2.1537090261914402 2.1905245651006955 1.8960002538266525 1.9757672547967058 1.9880391010997909 2.000310947402876 1.9512235621905356 1.945087639038993 1.7732817907958012 1.8346410223112268 1.6873788666742053 1.662835174068035 1.7119225592803755 1.6751070203711202 
-52.5 -53.0 -52.0 -53.0 -53.0 -53.0 -53.0 -52.5 -53.0 -53.0 -52.5 -53.0 -53.0 -53.0 -53.0 -53.5 -52.5 -53.5 -54.5 -54.0 -54.0 -52.5 -52.0 -54.0 -54.0 -55.0 -56.0 -55.0 -55.0 -55.5 -56.0 -55.0 -55.5 -53.0 -52.5 -51.5 -51.5 -51.5 -51.5 -54.5 -55.5 -55.5 -55.0 -55.5 -55.5 
5.21553467881118 5.006913291658733 5.135767677841127 5.203262832508095 5.166447293598839 5.111223985234957 5.190990986205009 5.197126909356553 5.148039524144211 5.190990986205009 5.098952138931871 5.166447293598839 5.141903600992669 5.166447293598839 5.074408446325701 5.135767677841127 5.123495831538041 5.258486140871978 5.411884219660542 5.473243451175968 5.66959299202533 5.688000761479957 5.375068680751287 5.522330836388308 5.565282298449106 5.375068680751287 5.258486140871978 5.227806525114265 5.387340527054372 5.313709449235861 5.387340527054372 5.405748296509 5.338253141842031 5.338253141842031 5.074408446325701 5.485515297479052 5.589825991055276 5.534602682691394 5.442563835418255 5.485515297479052 5.3198453723874035 5.45483568172134 5.375068680751287 5.338253141842031 5.295301679781233 
-61.5 -61.5 -62.0 -62.5 -61.5 -62.0 -61.5 -62.0 -61.5 -62.0 -62.5 -62.5 -61.5 -62.0 -61.5 -61.5 -62.0 -61.0 -61.5 -63.0 -63.0 -57.5 -58.0 -58.0 -58.0 -59.0 -61.0 -61.5 -61.0 -61.0 -60.5 -58.5 -58.0 -58.0 -58.5 -58.0 -59.5 -62.0 -62.0 -61.0 -61.0 -61.5 -61.5 -62.0 -62.5 
4.448544284868359 4.681709364626977 4.706253057233147 4.749204519293945 4.577398671050753 4.651029748869264 4.6448938257177215 4.693981210930062 4.638757902566179 4.565126824747668 4.565126824747668 4.374913207049849 4.479223900626073 4.503767593232243 4.552854978444583 4.620350133111551 4.374913207049849 4.755340442445488 4.878058905476339 5.307573526084319 5.589825991055276 5.442563835418255 1.9634954084936207 6.234097921967246 5.829126993965437 6.000932842208628 5.688000761479957 5.884350302329319 5.988660995905543 5.8659425328746915 5.767767762450011 6.013204688511713 1.945087639038993 4.798291904506286 5.546874528994478 5.583690067903734 5.356660911296659 5.338253141842031 5.375068680751287 5.522330836388308 5.6573211457222445 5.663457068873787 5.602097837358362 5.540738605842936 
-63.5 -64.0 -63.5 -64.0 -63.5 -64.5 -63.5 -63.0 -63.5 -64.0 -63.0 -64.0 -63.5 -65.0 -64.0 -64.5 -64.5 -64.5 -65.5 -64.0 -66.5 -63.5 -73.0 -70.0 -66.0 -67.0 -69.0 -68.0 -66.5 -67.0 -65.5 -66.5 -68.5 -64.0 -62.5 -63.0 -62.5 -62.5 -62.5 -64.0 -65.0 -65.0 -66.0 -68.0 
