2.7120780329818137 2.564815877344792 2.6016314162540475 2.4850488763747385 2.6200391857086753 2.6261751088602177 2.6691265709210157 2.5893595699509624 2.36846633649543 2.718213956133356 2.6261751088602177 2.6323110320117604 2.405281875404685 2.761165418194154 2.705942109830271 2.60776733940559 2.6384469551633027 2.6998061866787286 2.5034566458293663 2.6384469551633027 2.693670263527186 2.6445828783148455 2.6384469551633027 2.7550294950426117 2.6691265709210157 2.6323110320117604 2.5157284921324514 3.153864499892878 3.313398501832985 3.1354567304382504 3.1906800388021335 3.2949907323783574 3.718369429834794 6.22182607566416 2.767301341345697 3.11091303783208 2.9513790358919736 3.0127382674073995 3.000466421104314 2.84706834231575 2.8654761117703775 3.215223731408304 3.2090878082567613 2.8532042654672924 2.9513790358919736 2.693670263527186 2.816388726558037 2.9329712664373457 
-64.5 -65.5 -65.0 -65.0 -65.5 -64.5 -65.0 -65.0 -65.0 -65.0 -64.5 -65.5 -64.0 -64.5 -64.0 -65.0 -64.0 -64.5 -65.0 -65.5 -64.5 -64.5 -66.0 -65.0 -65.5 -67.0 -65.5 -64.0 -60.5 -61.0 -62.0 -64.0 -63.0 -61.5 -62.5 -62.0 -62.0 -63.0 -61.5 -61.5 -61.0 -63.5 -62.5 -61.5 -60.5 -61.0 -60.5 -62.0 
2.3071071049800045 2.478912953223196 2.356194490192345 2.4727770300716534 2.405281875404685 2.36846633649543 2.4605051837685683 2.405281875404685 2.5341362615870793 2.4605051837685683 2.4605051837685683 2.4605051837685683 2.380738182798515 2.4727770300716534 2.6016314162540475 2.5586799541932495 2.521864415283994 2.435961491162398 2.4727770300716534 2.4850488763747385 2.423689644859313 2.429825568010856 2.429825568010856 2.6200391857086753 2.5586799541932495 2.3746022596469727 2.4605051837685683 2.564815877344792 2.6139032625571326 2.3746022596469727 2.337786720737717 3.147728576741336 3.227495577711389 6.013204688511713 2.60776733940559 2.5709518004963345 2.693670263527186 2.791845033951867 2.098485717827557 2.5402721847386216 2.5280003384355365 2.6323110320117604 3.11091303783208 3.2827188860752723 3.215223731408304 2.2580197197676637 2.6998061866787286 2.4850488763747385 
-62.0 -62.5 -62.5 -63.0 -63.0 -62.5 -63.5 -63.5 -63.0 -61.5 -63.0 -63.0 -62.5 -62.5 -62.0 -61.5 -63.5 -63.0 -63.5 -62.5 -63.5 -63.0 -63.5 -63.0 -62.5 -63.5 -63.0 -62.0 -62.0 -64.0 -64.0 -63.0 -61.0 -60.0 -59.5 -61.5 -62.0 -62.0 -61.5 -61.0 -59.0 -59.0 -61.0 -65.0 -64.0 -66.0 -64.5 -62.5 
0.5092816215780329 0.5399612373357456 0.5031456984264903 0.5338253141842031 0.48473792897186263 0.4970097752749477 0.5031456984264903 0.4663301595172349 0.4970097752749477 0.4724660826687775 0.4724660826687775 0.48473792897186263 0.521553467881118 0.5031456984264903 0.4908738521234052 0.5031456984264903 0.4970097752749477 0.46019423636569234 0.46019423636569234 0.5031456984264903 0.4970097752749477 0.5276893910326605 0.5154175447295755 0.4970097752749477 0.4663301595172349 0.4295146206079795 0.46019423636569234 0.6872233929727672 0.7853981633974483 0.6565437772150544 0.705631162427395 0.9265243958829272 0.6504078540635119 0.6013204688511713 0.6258641614573416 0.5890486225480862 0.5951845456996288 0.607456392002714 0.5706408530934585 0.5399612373357456 0.5951845456996288 0.6381360077604268 0.8222137023067037 0.9387962421860124 0.7547185476397354 0.6258641614573416 0.6994952392758523 0.7485826244881929 
-50.0 -50.0 -50.5 -50.5 -50.5 -50.5 -50.0 -50.5 -50.5 -50.5 -50.5 -50.5 -50.5 -50.5 -50.5 -50.0 -50.5 -50.0 -50.5 -50.0 -50.0 -50.0 -50.0 -50.0 -50.0 -50.0 -50.0 -50.5 -50.5 -51.0 -52.0 -50.5 -51.0 -53.5 -52.5 -51.5 -52.0 -51.5 -52.0 -52.5 -52.5 -51.5 -51.0 -53.0 -53.5 -52.0 -51.0 -51.0 
0.5829126993965437 0.619728238305799 0.6994952392758523 0.5829126993965437 0.607456392002714 0.6320000846088841 0.6013204688511713 0.6320000846088841 0.6504078540635119 0.6872233929727672 0.619728238305799 0.6135923151542565 0.6258641614573416 0.5951845456996288 0.6381360077604268 0.5706408530934585 0.662679700366597 0.6381360077604268 0.6688156235181395 0.6933593161243098 0.6442719309119693 0.6872233929727672 0.6320000846088841 0.6320000846088841 0.5399612373357456 0.5460971604872883 0.5583690067903734 0.7669903939428205 0.9081166264282996 1.1535535524900022 1.1965050145508 0.9756117810952678 0.8160777791551611 0.9756117810952678 0.9940195505498954 0.8958447801252144 0.859029241215959 0.9019807032767571 0.8651651643675016 1.000155473701438 1.0369710126106935 1.000155473701438 0.8835729338221293 1.1106020904292042 1.2087768608538851 1.2333205534600555 1.1596894756415448 1.0615147052168636 
-52.0 -52.5 -52.0 -52.5 -52.5 -52.5 -52.5 -52.5 -52.5 -52.5 -53.0 -52.5 -52.5 -53.0 -53.0 -53.0 -52.5 -52.5 -52.5 -52.5 -52.0 -52.5 -52.0 -52.5 -53.0 -53.5 -53.5 -53.0 -52.5 -52.5 -51.5 -50.0 -51.0 -52.0 -51.5 -51.5 -52.0 -52.0 -52.0 -51.0 -51.0 -51.5 -51.0 -50.0 -50.5 -51.5 -51.5 -51.5 
1.0492428589137786 1.0492428589137786 1.030835089459151 1.030835089459151 1.0615147052168636 1.0921943209745766 1.043106935762236 1.0246991663076084 1.055378782065321 0.9817477042468103 0.9694758579437253 1.055378782065321 1.055378782065321 1.055378782065321 0.9694758579437253 1.0062913968529805 1.0062913968529805 1.1228739367322893 1.0737865515199487 1.0185632431560658 1.086058397823034 1.0246991663076084 1.012427320004523 0.8528933180644165 0.944932165337555 0.8897088569736719 1.030835089459151 1.4173982480063325 1.4542137869155878 1.4051264017032472 1.3499030933393643 1.055378782065321 1.043106935762236 1.1535535524900022 1.1106020904292042 1.0615147052168636 1.0983302441261191 1.1167380135807468 1.086058397823034 1.1106020904292042 1.1780972450961724 1.1044661672776617 1.1658253987930873 1.2762720155208536 1.3744467859455345 1.4542137869155878 1.5033011721279284 1.5953400194010667 
-55.0 -55.0 -55.5 -55.0 -55.0 -55.5 -55.5 -55.0 -55.5 -55.5 -55.5 -56.0 -55.5 -55.0 -55.5 -55.5 -55.0 -55.5 -55.5 -55.0 -55.0 -54.5 -55.0 -54.5 -55.0 -54.5 -55.5 -53.0 -52.0 -51.5 -50.0 -50.0 -50.5 -51.0 -51.0 -51.0 -52.0 -51.5 -51.5 -51.5 -52.0 -51.5 -51.0 -49.5 -49.0 -50.0 -51.0 -52.0 
1.4603497100671303 1.4173982480063325 1.423534171157875 1.4358060174609601 1.4910293258248433 1.3437671701878218 1.4419419406125027 1.4726215563702154 1.3989904785517047 1.3560390164909069 1.4173982480063325 1.4787574795217582 1.4848934026733007 1.4480778637640452 1.509437095279471 1.4787574795217582 1.423534171157875 1.4603497100671303 1.4296700943094176 1.423534171157875 1.5033011721279284 1.4726215563702154 1.4664856332186729 1.4296700943094176 1.3989904785517047 1.3130875544301088 1.4480778637640452 1.7671458676442586 1.7978254834019713 1.7548740213411735 1.6260196351587797 1.6198837120072371 1.7426021750380885 1.7119225592803755 1.6444274046134073 1.7548740213411735 1.718058482431918 1.7548740213411735 1.8223691760081417 1.859184714917397 1.7855536370988863 1.8530487917658545 1.8039614065535141 1.7119225592803755 1.533980787885641 1.705786636128833 1.8346410223112268 1.8837284075235674 
-56.0 -56.0 -56.0 -56.0 -56.0 -56.0 -56.0 -56.0 -56.5 -56.0 -56.5 -56.5 -56.5 -56.5 -56.5 -56.5 -56.5 -56.5 -56.5 -56.5 -56.5 -56.0 -56.0 -56.0 -56.0 -56.5 -57.0 -54.0 -52.0 -52.0 -52.5 -55.5 -55.0 -55.5 -56.5 -56.5 -55.5 -55.0 -55.5 -56.0 -55.5 -55.0 -55.5 -54.5 -54.0 -52.0 -51.0 -52.5 
5.148039524144211 4.963961829597935 4.884194828627882 5.21553467881118 4.945554060143307 5.037592907416445 4.908738521234052 4.9394181369917645 4.945554060143307 4.957825906446392 4.945554060143307 4.902602598082509 5.123495831538041 4.773748211900116 4.859651136021712 5.098952138931871 5.00077736850719 4.914874444385594 4.933282213840222 4.97623367590102 4.921010367537137 4.914874444385594 4.804427827657828 4.908738521234052 5.154175447295755 5.129631754689584 5.080544369477243 5.160311370447297 5.2339424482658075 4.865787059173254 5.00077736850719 4.755340442445488 4.331961744989051 4.7307967498393175 4.963961829597935 5.0682725231741586 5.037592907416445 4.890330751779424 5.086680292628786 4.9823695990525625 5.117359908386499 4.994641445355648 5.049864753719531 5.45483568172134 5.4671075280244255 5.6143696836614465 
-65.5 -64.5 -64.0 -64.0 -64.0 -64.5 -65.0 -65.0 -64.0 -65.0 -64.5 -64.5 -64.5 -64.5 -64.5 -64.0 -64.5 -64.5 -65.0 -63.5 -63.5 -64.0 -64.0 -63.5 -63.5 -62.0 -61.0 -59.0 -58.0 -59.0 -59.5 -58.5 -60.0 -60.5 -61.5 -60.5 -61.0 -60.5 -60.0 -59.0 -57.5 -58.5 -57.0 -57.5 -58.0 -58.5 
1.9634954084936207 1.7119225592803755 2.1966604882522383 5.7616318392984684 5.381204603902829 5.283029833478148 2.3193789512830896 5.387340527054372 5.66959299202533 5.6143696836614465 2.3746022596469727 5.706408530934585 5.822991070813893 5.8475347634200645 5.743224069843841 5.8045833013592665 2.497320722677824 5.491651220630596 5.878214379177777 5.387340527054372 5.270757987175063 5.448699758569798 5.516194913236766 5.411884219660542 
-79.0 -77.5 -73.5 -68.0 -61.0 -60.5 -60.5 -61.5 -66.0 -62.5 -64.0 -64.0 -64.5 -63.0 -63.5 -62.5 -65.0 -64.0 -65.5 -65.0 -63.5 -61.0 -61.0 -63.0 
