2.742757648739526 2.8532042654672924 2.7550294950426117 2.7979809571034093 2.82252464970958 2.730485802436441 2.761165418194154 2.9697868053466014 2.9022916506796332 2.8532042654672924 3.3011266555298997 2.8654761117703775 2.8654761117703775 2.8102528034064944 2.7979809571034093 2.834796496012665 2.816388726558037 2.6875343403756435 3.80427235395639 3.6999616603801666 3.380893656499953 0.803805932852076 3.6201946594101133 3.724505352986337 3.227495577711389 3.172272269347506 2.82252464970958 3.3440781175906977 3.215223731408304 3.000466421104314 3.2397674240144743 3.313398501832985 3.5342917352885173 3.3870295796514958 3.215223731408304 3.172272269347506 3.3747577333484107 3.313398501832985 2.675262494072558 2.834796496012665 2.705942109830271 2.9084275738311756 2.945243112740431 2.9513790358919736 3.074097498922825 3.2827188860752723 
-62.0 -64.0 -63.5 -63.5 -64.0 -63.5 -63.5 -63.5 -64.0 -63.5 -64.0 -63.5 -64.5 -64.0 -64.5 -64.5 -65.0 -66.0 -65.5 -64.5 -66.5 -66.5 -65.5 -65.0 -63.0 -64.5 -65.0 -65.0 -65.5 -65.5 -65.5 -64.5 -66.5 -64.5 -65.5 -63.5 -63.5 -66.5 -66.0 -64.5 -62.5 -62.0 -63.5 -63.0 -63.5 -63.0 
2.3316507975861747 2.405281875404685 2.380738182798515 2.4605051837685683 2.380738182798515 2.3930100291016 2.2886993355253766 2.405281875404685 2.337786720737717 2.356194490192345 2.405281875404685 2.3316507975861747 2.3071071049800045 2.3009711818284617 2.2457478734645786 2.227340104009951 2.2027964114037806 2.116893487282185 2.313243028131547 2.478912953223196 2.6875343403756435 2.9145634969827183 3.055689729468197 3.147728576741336 2.9022916506796332 2.779573187648782 2.6813984172241008 2.3071071049800045 2.6139032625571326 2.6875343403756435 2.718213956133356 3.067961575771282 3.5956509668039427 3.650874275167826 3.2949907323783574 2.718213956133356 2.5402721847386216 2.4175537217077703 2.1782527187976104 2.043262409463674 2.1475731030398975 2.1475731030398975 2.2089323345553233 2.2089323345553233 2.1659808724945253 2.3193789512830896 
-64.0 -64.0 -63.5 -64.0 -63.5 -64.0 -64.0 -64.0 -63.0 -64.0 -63.5 -63.0 -64.0 -64.5 -63.0 -64.5 -63.5 -63.0 -62.5 -61.5 -63.5 -64.0 -63.0 -63.0 -62.5 -63.0 -61.5 -62.5 -62.0 -62.0 -61.0 -61.0 -61.5 -63.0 -66.0 -65.0 -63.5 -62.5 -62.0 -62.5 -62.0 -61.5 -61.0 -61.5 -61.0 -61.5 
0.6810874698212247 0.7301748550335652 0.7424467013366504 0.7731263170943632 0.7240389318820226 0.7547185476397354 0.7363107781851077 0.760854470791278 0.7731263170943632 0.7669903939428205 0.760854470791278 0.760854470791278 0.7792622402459057 0.7792622402459057 0.8160777791551611 0.7853981633974483 0.7669903939428205 0.8467573949128739 1.0062913968529805 1.1106020904292042 1.0369710126106935 1.2333205534600555 1.1965050145508 1.0185632431560658 0.9694758579437253 1.000155473701438 0.9572040116406401 0.9756117810952678 0.9756117810952678 0.944932165337555 0.9633399347921826 0.9940195505498954 1.1290098598838318 1.3314953238847365 1.1719613219446299 1.0737865515199487 1.0983302441261191 1.030835089459151 0.9081166264282996 0.8897088569736719 0.9510680884890975 1.0185632431560658 1.086058397823034 1.0983302441261191 1.1535535524900022 1.1719613219446299 
-50.5 -50.5 -50.5 -50.5 -50.5 -50.5 -50.5 -50.5 -50.0 -50.0 -50.0 -50.0 -50.0 -50.0 -50.0 -50.0 -50.5 -51.0 -51.0 -52.0 -52.5 -51.5 -50.5 -50.0 -52.0 -52.5 -51.5 -51.5 -51.5 -52.0 -52.5 -52.0 -50.0 -52.0 -54.0 -52.5 -51.5 -51.0 -50.5 -50.5 -50.0 -49.5 -49.0 -49.0 -48.5 -48.5 
0.9326603190344698 0.803805932852076 0.9265243958829272 0.9326603190344698 0.9265243958829272 0.9265243958829272 0.944932165337555 0.9203884727313847 0.9142525495798421 0.9203884727313847 0.9203884727313847 0.9510680884890975 0.8774370106705868 0.9387962421860124 0.9203884727313847 0.9510680884890975 0.9572040116406401 0.9203884727313847 1.0983302441261191 1.239456476611598 1.4971652489763858 1.564660403643354 1.325359400733194 1.2578642460662257 1.2885438618239387 1.3008157081270237 1.239456476611598 1.2210487071569704 1.1965050145508 1.214912784005428 1.3192234775816514 1.3314953238847365 1.1903690913992575 1.3744467859455345 1.521708941582556 1.5278448647340985 1.2885438618239387 1.1290098598838318 0.9572040116406401 0.8774370106705868 1.0246991663076084 1.0615147052168636 1.055378782065321 1.1106020904292042 1.086058397823034 1.1780972450961724 
-52.5 -52.0 -52.0 -52.0 -52.0 -52.0 -52.0 -52.0 -51.5 -52.0 -52.0 -52.0 -52.0 -52.0 -52.0 -52.0 -51.5 -52.0 -51.0 -51.0 -51.5 -50.5 -49.5 -49.5 -50.5 -50.0 -49.5 -50.0 -50.0 -49.5 -50.0 -50.0 -49.5 -49.5 -50.5 -51.5 -51.0 -51.5 -51.5 -51.0 -50.5 -50.0 -50.0 -49.5 -49.5 -49.5 
1.2210487071569704 1.1658253987930873 1.1658253987930873 1.1351457830353744 1.1719613219446299 1.1658253987930873 1.2087768608538851 1.1903690913992575 1.141281706186917 1.1658253987930873 1.0185632431560658 1.214912784005428 1.184233168247715 1.1658253987930873 1.227184630308513 1.1535535524900022 1.2885438618239387 1.3621749396424494 1.718058482431918 1.9880391010997909 1.932815792735908 1.7916895602504288 1.521708941582556 1.4051264017032472 1.4542137869155878 1.4787574795217582 1.4664856332186729 1.41126232485479 1.3928545554001621 1.4051264017032472 1.4787574795217582 1.4358060174609601 1.3928545554001621 1.552388557340269 1.7855536370988863 1.9634954084936207 2.0064468705544187 1.859184714917397 1.4419419406125027 1.4910293258248433 1.1719613219446299 1.380582709097077 1.4358060174609601 1.4051264017032472 1.423534171157875 1.3928545554001621 
-57.0 -57.5 -56.5 -57.0 -57.0 -57.0 -56.5 -57.0 -57.0 -57.0 -57.0 -56.5 -57.0 -56.5 -57.0 -57.5 -57.0 -57.0 -57.0 -54.5 -51.5 -49.5 -51.0 -51.5 -52.0 -52.0 -52.0 -52.5 -52.0 -52.0 -52.5 -52.5 -51.5 -50.5 -49.5 -52.0 -52.5 -54.5 -57.0 -57.0 -56.0 -55.5 -55.5 -55.0 -55.5 -55.5 
1.4480778637640452 1.4971652489763858 1.4848934026733007 1.576932249946439 1.564660403643354 1.5707963267948966 1.5462526341887264 1.5401167110371838 1.6321555583103222 1.5462526341887264 1.5033011721279284 1.552388557340269 1.5462526341887264 1.5462526341887264 1.552388557340269 1.576932249946439 1.521708941582556 1.5278448647340985 1.6505633277649499 2.043262409463674 2.0493983326152168 1.9144080232812801 1.8162332528565992 1.9389517158874505 1.9941750242513334 2.000310947402876 1.9512235621905356 2.0493983326152168 2.024854640009046 2.018718716857504 1.945087639038993 2.000310947402876 1.9634954084936207 1.9266798695843652 1.902136176978195 2.043262409463674 2.000310947402876 1.8162332528565992 1.6137477888556946 1.6873788666742053 1.7303303287350031 1.7426021750380885 1.8039614065535141 1.7978254834019713 1.7978254834019713 1.8223691760081417 
-56.5 -56.5 -56.5 -56.5 -56.5 -56.0 -56.5 -56.5 -56.0 -56.0 -56.5 -56.5 -56.0 -56.0 -56.0 -56.0 -56.5 -56.5 -55.5 -53.5 -52.0 -52.0 -53.0 -55.0 -54.5 -55.5 -55.0 -54.5 -55.0 -55.5 -55.0 -54.5 -55.0 -54.0 -52.5 -52.0 -52.5 -54.5 -55.0 -54.0 -52.5 -53.0 -52.5 -52.5 -52.5 -52.5 
5.246214294568893 5.258486140871978 5.2339424482658075 5.270757987175063 5.270757987175063 5.203262832508095 5.2339424482658075 5.227806525114265 5.184855063053467 5.160311370447297 5.252350217720435 5.190990986205009 5.092816215780329 5.148039524144211 5.252350217720435 5.21553467881118 5.289165756629691 5.368932757599744 5.485515297479052 5.8045833013592665 5.737088146692298 5.313709449235861 5.160311370447297 5.190990986205009 5.160311370447297 4.871922982324796 4.908738521234052 5.111223985234957 5.031456984264903 4.798291904506286 4.816699673960914 5.344389064993574 5.332117218690489 5.203262832508095 5.411884219660542 5.651185222570702 5.651185222570702 5.6143696836614465 5.405748296509 5.45483568172134 5.203262832508095 5.209398755659637 5.129631754689584 5.203262832508095 5.184855063053467 5.154175447295755 
-62.0 -62.5 -62.5 -62.5 -63.0 -62.0 -62.5 -63.0 -61.5 -62.5 -63.0 -63.0 -63.0 -62.5 -63.5 -62.5 -62.0 -63.0 -63.0 -62.5 -58.5 -57.5 -58.5 -58.5 -58.5 -59.5 -61.0 -61.0 -61.0 -62.0 -59.5 -58.5 -58.5 -59.0 -57.5 -58.5 -60.5 -62.0 -63.0 -63.0 -63.0 -61.5 -62.0 -61.0 -61.0 -61.0 
1.4971652489763858 1.4910293258248433 1.282407938672396 1.1474176293384597 1.3130875544301088 1.282407938672396 1.3192234775816514 1.2701360923693108 1.3499030933393643 1.380582709097077 1.2762720155208536 4.154019973594316 1.6198837120072371 5.534602682691394 5.64504929941916 5.816855147662351 5.399612373357457 6.154330920997192 6.013204688511713 5.632777453116074 5.835262917116979 5.872078456026235 5.773903685601553 5.773903685601553 5.8045833013592665 5.7616318392984684 0.3620194659410113 2.12916533358527 5.491651220630596 5.4671075280244255 5.583690067903734 5.45483568172134 2.110757564130642 5.074408446325701 4.945554060143307 4.963961829597935 4.871922982324796 5.0253210611133605 4.994641445355648 4.865787059173254 
-76.5 -77.0 -76.0 -76.5 -76.5 -76.5 -75.5 -75.0 -74.5 -74.0 -74.0 -71.0 -74.5 -67.0 -64.5 -62.5 -62.0 -73.5 -68.0 -64.5 -66.0 -66.5 -66.5 -65.0 -66.0 -64.0 -69.5 -66.5 -63.5 -64.0 -64.5 -66.5 -71.0 -69.0 -65.0 -64.0 -64.5 -63.5 -63.5 -64.0 
