3.0066023442558567 3.074097498922825 3.3318062712876126 2.9943304979527716 2.736621725587984 3.3502140407422405 2.9759227284981438 3.0250101137104846 3.0127382674073995 3.1354567304382504 2.8532042654672924 3.2213596545598464 3.2520392703175593 3.184544115650591 3.08636934522591 3.1968159619536762 3.2090878082567613 0.3129320807286708 3.442252888015379 3.2581751934691017 3.718369429834794 3.6017868899554855 3.5465635815916023 3.2397674240144743 3.380893656499953 3.2888548092268146 3.485204350076177 3.4606606574700063 3.9208548938356986 3.466796580621549 0.11044661672776616 3.454524734318464 3.6876898140770815 2.8532042654672924 2.564815877344792 2.8716120349219203 2.9391071895888885 2.9513790358919736 2.5832236467994196 2.8838838812250054 
-63.5 -62.5 -64.0 -64.0 -64.0 -64.0 -63.0 -64.0 -64.0 -63.5 -64.0 -64.0 -64.0 -64.5 -64.0 -62.5 -65.0 -69.5 -66.0 -65.5 -67.5 -67.0 -68.0 -68.5 -65.5 -67.0 -66.0 -66.0 -69.0 -66.0 -65.0 -64.0 -66.0 -67.5 -67.0 -66.0 -64.0 -65.0 -64.5 -64.5 
2.2027964114037806 2.184388641949153 2.2457478734645786 2.2089323345553233 2.2457478734645786 2.2396119503130363 2.172116795646068 2.227340104009951 2.098485717827557 2.2150682577068657 2.3193789512830896 2.1537090261914402 2.227340104009951 2.282563412373834 2.2027964114037806 2.1966604882522383 2.1475731030398975 2.1230294104337273 2.172116795646068 2.325514874434632 2.36846633649543 2.7857091108003242 2.816388726558037 2.890019804376548 2.5709518004963345 2.350058567040802 2.423689644859313 2.448233337465483 2.325514874434632 2.6139032625571326 2.736621725587984 3.0802334220743677 3.018874190558942 5.5100589900852235 2.2334760271614935 2.1353012567368124 2.1782527187976104 2.1353012567368124 2.110757564130642 2.172116795646068 2.1230294104337273 2.1353012567368124 
-63.0 -63.0 -63.0 -63.5 -63.5 -62.5 -62.5 -62.0 -63.0 -62.0 -62.0 -62.5 -62.0 -61.5 -62.0 -61.5 -62.5 -62.5 -62.5 -61.5 -63.5 -66.5 -64.0 -63.5 -62.0 -62.5 -62.5 -62.0 -62.5 -62.0 -62.0 -66.0 -64.5 -65.0 -61.0 -62.0 -63.0 -62.0 -63.5 -62.0 -63.0 -61.5 
0.9694758579437253 0.9326603190344698 1.043106935762236 1.0062913968529805 1.043106935762236 1.0615147052168636 1.0737865515199487 1.0921943209745766 1.0921943209745766 1.1474176293384597 1.1167380135807468 1.1167380135807468 1.1167380135807468 1.1106020904292042 1.1535535524900022 1.1228739367322893 1.1535535524900022 1.012427320004523 1.0799224746714913 1.141281706186917 1.0369710126106935 1.3437671701878218 1.2333205534600555 1.0185632431560658 1.0369710126106935 1.0921943209745766 1.0676506283684062 1.0615147052168636 1.030835089459151 0.9817477042468103 1.0062913968529805 1.0921943209745766 1.3560390164909069 1.2885438618239387 1.1535535524900022 1.2210487071569704 1.2087768608538851 1.0921943209745766 0.9142525495798421 0.7792622402459057 0.8651651643675016 0.9019807032767571 0.9265243958829272 0.9142525495798421 
-48.5 -49.0 -49.0 -48.5 -49.0 -49.0 -49.0 -48.5 -48.5 -48.5 -48.5 -48.5 -48.5 -48.5 -48.5 -48.5 -49.0 -49.0 -50.0 -51.0 -52.0 -52.0 -50.5 -50.5 -52.0 -52.0 -52.0 -51.5 -52.0 -51.5 -51.5 -50.5 -51.5 -52.5 -51.5 -50.5 -50.5 -50.0 -50.0 -50.5 -50.5 -50.0 -50.0 -49.5 
0.9817477042468103 1.0246991663076084 1.030835089459151 1.0676506283684062 1.086058397823034 1.0492428589137786 1.1044661672776617 1.0737865515199487 1.1044661672776617 1.1535535524900022 1.0676506283684062 1.141281706186917 1.1167380135807468 1.1780972450961724 1.0983302441261191 1.1719613219446299 1.1106020904292042 1.043106935762236 1.1044661672776617 1.1903690913992575 1.380582709097077 1.521708941582556 1.3437671701878218 1.2885438618239387 1.3867186322486196 1.4480778637640452 1.3744467859455345 1.368310862793992 1.3744467859455345 1.3989904785517047 1.3744467859455345 1.2640001692177683 1.4848934026733007 1.5892040962495242 1.4664856332186729 1.3560390164909069 1.2640001692177683 1.1106020904292042 1.0246991663076084 1.030835089459151 1.0185632431560658 1.0492428589137786 0.9510680884890975 0.9878836273983529 
-50.5 -50.5 -50.5 -50.5 -50.5 -50.5 -50.0 -50.0 -50.0 -50.0 -50.0 -50.0 -50.0 -50.0 -50.0 -50.0 -50.0 -50.5 -50.5 -51.0 -52.0 -51.0 -50.0 -50.0 -50.5 -50.0 -49.5 -50.0 -50.0 -50.0 -50.5 -49.5 -50.0 -51.5 -52.5 -51.5 -51.0 -51.5 -51.5 -52.0 -51.5 -51.5 -51.0 -51.0 
1.2333205534600555 1.2517283229146832 1.2333205534600555 1.214912784005428 1.214912784005428 1.2517283229146832 1.2762720155208536 1.368310862793992 1.337631247036279 1.3499030933393643 1.2946797849754812 1.337631247036279 1.325359400733194 1.3437671701878218 1.3069516312785663 1.1658253987930873 1.2946797849754812 1.1351457830353744 1.5155730184310134 1.7916895602504288 1.88986433067511 1.8039614065535141 1.5401167110371838 1.552388557340269 1.5953400194010667 1.5462526341887264 1.521708941582556 1.5462526341887264 1.552388557340269 1.576932249946439 1.576932249946439 1.4542137869155878 1.5585244804918115 1.8100973297050567 1.8837284075235674 1.8714565612204823 1.8223691760081417 1.6382914814618648 1.3928545554001621 1.3008157081270237 1.2087768608538851 1.1965050145508 1.2762720155208536 1.1903690913992575 
-55.0 -55.0 -55.0 -54.5 -55.0 -55.0 -55.0 -55.0 -55.0 -54.5 -54.5 -55.0 -54.5 -54.5 -54.5 -54.5 -55.0 -55.5 -56.0 -55.0 -55.0 -50.0 -50.5 -51.5 -51.5 -51.5 -51.5 -51.5 -51.5 -51.5 -52.0 -51.5 -51.0 -50.0 -53.0 -54.0 -54.5 -57.0 -57.0 -57.0 -57.0 -57.0 -56.5 -57.0 
1.6873788666742053 1.6873788666742053 1.6382914814618648 1.705786636128833 1.718058482431918 1.7241944055834606 1.705786636128833 1.7119225592803755 1.7426021750380885 1.662835174068035 1.761009944492716 1.7794177139473437 1.7794177139473437 1.7855536370988863 1.7671458676442586 1.761009944492716 1.6996507129772904 1.6751070203711202 1.6935147898257479 1.9266798695843652 2.2027964114037806 1.8960002538266525 1.9144080232812801 2.030990563160589 2.000310947402876 1.9573594853420782 2.018718716857504 2.024854640009046 2.012582793705961 1.9266798695843652 1.9819031779482483 1.9757672547967058 1.8837284075235674 1.9389517158874505 2.1046216409791 2.098485717827557 1.9880391010997909 1.6873788666742053 1.6382914814618648 1.6751070203711202 1.6689710972195777 1.662835174068035 1.5953400194010667 1.6751070203711202 
-53.5 -53.5 -53.5 -53.5 -53.5 -53.0 -52.5 -52.5 -52.5 -52.0 -52.0 -52.5 -52.5 -52.0 -52.0 -52.0 -52.5 -53.5 -54.5 -53.5 -52.5 -51.5 -53.0 -54.0 -53.5 -55.0 -54.5 -54.0 -54.5 -54.5 -54.0 -54.5 -53.0 -52.0 -52.0 -52.5 -53.5 -55.0 -55.0 -54.5 -54.5 -54.5 -54.0 -54.0 
5.190990986205009 5.086680292628786 5.092816215780329 5.141903600992669 5.190990986205009 5.178719139901925 5.080544369477243 5.1725832167503825 5.166447293598839 5.129631754689584 5.166447293598839 5.117359908386499 5.117359908386499 5.092816215780329 5.062136600022616 5.092816215780329 5.141903600992669 5.325981295538946 5.405748296509 5.344389064993574 5.792311455056181 5.405748296509 5.332117218690489 5.424156065963627 5.166447293598839 4.896466674930966 4.9394181369917645 4.9823695990525625 4.97623367590102 4.878058905476339 5.037592907416445 5.356660911296659 5.344389064993574 5.540738605842936 5.786175531904639 5.66959299202533 5.577554144752192 5.6143696836614465 5.540738605842936 5.5100589900852235 5.43029198911517 5.3198453723874035 5.264622064023521 5.393476450205914 
-62.5 -62.0 -62.0 -62.5 -63.0 -62.5 -63.0 -61.5 -61.5 -62.0 -62.0 -62.0 -62.0 -62.5 -62.0 -62.5 -62.0 -63.0 -61.0 -62.5 -60.5 -57.5 -58.5 -58.5 -57.5 -58.5 -60.0 -60.0 -60.5 -59.0 -57.5 -58.0 -59.0 -56.5 -57.5 -61.5 -61.0 -61.5 -63.0 -62.5 -62.5 -63.0 -63.0 -63.0 
4.902602598082509 4.773748211900116 4.902602598082509 4.847379289718626 4.828971520263998 4.859651136021712 4.896466674930966 4.957825906446392 4.828971520263998 4.81056375080937 4.853515212870168 4.841243366567084 4.878058905476339 4.933282213840222 4.878058905476339 4.9823695990525625 4.669437518323892 4.963961829597935 2.2089323345553233 5.816855147662351 5.166447293598839 5.780039608753096 5.8659425328746915 5.632777453116074 5.767767762450011 5.608233760509904 5.620505606812989 5.749359992995383 5.829126993965437 0.4049709280018093 2.1046216409791 2.423689644859313 2.6139032625571326 5.675728915176872 5.712544454086128 1.9819031779482483 1.8285050991596843 4.773748211900116 4.7860200582032 4.669437518323892 
-64.5 -64.0 -64.5 -66.0 -64.0 -65.0 -63.0 -64.0 -64.0 -62.5 -63.0 -63.0 -63.0 -62.0 -62.5 -62.5 -64.5 -65.0 -65.5 -62.5 -61.5 -73.5 -67.0 -65.0 -66.0 -65.5 -65.5 -65.0 -65.5 -71.5 -64.5 -64.0 -63.5 -62.5 -63.0 -70.5 -68.5 -68.0 -67.5 -63.0 
