2.988194574801229 3.031146036862027 2.859340188618835 2.9943304979527716 2.9575149590435164 2.84706834231575 2.82252464970958 3.117048960983623 2.9513790358919736 2.9084275738311756 3.0127382674073995 3.000466421104314 2.9697868053466014 3.129320807286708 2.945243112740431 3.0495538063166547 3.147728576741336 3.4913402732277192 3.368621810196868 4.086524818927348 3.859495662320273 3.5342917352885173 3.2949907323783574 3.442252888015379 3.411573272257666 3.4913402732277192 3.706097583531709 3.6017868899554855 0.23316507975861744 3.2520392703175593 3.2765829629237295 3.411573272257666 3.2643111166206444 0.04295146206079795 3.031146036862027 3.0802334220743677 3.313398501832985 3.141592653589793 3.2459033471660166 
-63.0 -63.5 -63.5 -64.0 -63.5 -63.0 -64.0 -63.5 -64.5 -65.0 -63.5 -64.5 -64.5 -63.5 -65.0 -65.5 -65.0 -65.0 -69.0 -69.0 -69.0 -68.5 -67.5 -67.5 -64.5 -66.5 -66.5 -68.5 -67.0 -64.5 -65.5 -63.5 -66.0 -68.5 -64.5 -65.0 -65.5 -65.5 -63.5 
1.9880391010997909 2.141437179888355 2.2212041808584084 2.067806102069844 2.2212041808584084 2.2150682577068657 2.172116795646068 2.1598449493429825 2.2089323345553233 2.1905245651006955 2.2212041808584084 2.2334760271614935 2.0923497946760143 2.1353012567368124 2.12916533358527 2.270291566070749 2.1353012567368124 2.1475731030398975 2.227340104009951 2.454369260617026 2.399145952253143 5.939573610693203 2.7857091108003242 2.834796496012665 2.6813984172241008 2.5341362615870793 2.3930100291016 2.478912953223196 2.5464081078901644 2.5464081078901644 2.454369260617026 2.742757648739526 5.5714182216006485 2.2886993355253766 2.1659808724945253 2.227340104009951 2.172116795646068 2.1782527187976104 2.0923497946760143 1.8837284075235674 2.1966604882522383 2.172116795646068 2.061670178918302 2.2089323345553233 2.1598449493429825 
-64.5 -63.5 -63.0 -62.5 -63.0 -64.0 -64.0 -63.5 -61.5 -63.5 -63.5 -63.0 -61.5 -62.5 -63.0 -63.0 -63.0 -62.0 -61.5 -62.0 -63.5 -66.0 -65.0 -64.5 -63.5 -62.5 -61.0 -61.5 -61.5 -61.0 -62.0 -65.0 -65.0 -65.0 -63.5 -61.0 -61.5 -61.5 -62.5 -63.0 -63.0 -62.0 -64.0 -62.5 -62.5 
0.9817477042468103 0.9817477042468103 1.012427320004523 0.9940195505498954 1.0062913968529805 0.9878836273983529 1.0185632431560658 0.9940195505498954 1.012427320004523 1.000155473701438 1.0369710126106935 1.0185632431560658 0.9878836273983529 1.086058397823034 1.1106020904292042 1.0983302441261191 1.1167380135807468 1.1719613219446299 1.2578642460662257 1.2087768608538851 1.1351457830353744 1.2762720155208536 1.4296700943094176 1.1596894756415448 1.055378782065321 1.1106020904292042 1.1167380135807468 1.086058397823034 1.1167380135807468 1.086058397823034 1.1044661672776617 1.2026409377023426 1.4051264017032472 1.2762720155208536 1.1658253987930873 1.2333205534600555 1.2333205534600555 1.1903690913992575 1.0185632431560658 0.9572040116406401 1.012427320004523 1.030835089459151 1.0921943209745766 1.1044661672776617 1.1351457830353744 
-49.0 -49.0 -49.0 -49.0 -49.0 -48.5 -49.0 -49.0 -48.5 -49.0 -49.0 -48.5 -49.0 -48.5 -48.5 -49.0 -49.0 -49.5 -51.5 -51.5 -52.0 -53.0 -52.0 -50.5 -52.0 -52.0 -52.0 -52.0 -52.0 -51.5 -51.0 -50.5 -52.5 -52.5 -51.0 -51.0 -51.0 -50.5 -50.0 -50.0 -49.5 -49.0 -49.0 -49.0 -48.5 
1.0983302441261191 1.043106935762236 1.0615147052168636 1.030835089459151 1.0921943209745766 0.9572040116406401 1.055378782065321 1.0737865515199487 1.055378782065321 1.055378782065321 1.0369710126106935 1.0615147052168636 1.1106020904292042 1.0676506283684062 1.086058397823034 1.086058397823034 1.0615147052168636 1.1474176293384597 1.2455923997631406 1.3621749396424494 1.5953400194010667 1.7119225592803755 1.5707963267948966 1.3989904785517047 1.3928545554001621 1.4664856332186729 1.5155730184310134 1.4848934026733007 1.4787574795217582 1.4726215563702154 1.423534171157875 1.4051264017032472 1.6751070203711202 1.736466251886546 1.662835174068035 1.4664856332186729 1.3867186322486196 1.2087768608538851 1.1290098598838318 1.0615147052168636 1.0615147052168636 1.0799224746714913 1.0676506283684062 1.1167380135807468 1.141281706186917 
-51.0 -51.0 -50.5 -50.5 -50.5 -51.0 -50.5 -51.0 -50.5 -51.0 -50.5 -50.5 -50.0 -50.5 -50.5 -50.5 -50.5 -50.5 -50.5 -51.5 -52.5 -51.0 -50.5 -50.0 -50.5 -51.0 -50.5 -50.5 -50.5 -50.5 -50.5 -50.0 -50.0 -51.5 -52.5 -52.0 -51.5 -51.5 -51.5 -51.0 -51.5 -51.0 -50.5 -50.5 -50.5 
1.282407938672396 1.3744467859455345 1.2762720155208536 1.2946797849754812 1.1780972450961724 1.2640001692177683 1.282407938672396 1.1474176293384597 1.3437671701878218 1.2701360923693108 1.3008157081270237 1.3192234775816514 1.2517283229146832 1.3069516312785663 1.368310862793992 1.3867186322486196 1.3314953238847365 1.4848934026733007 1.7671458676442586 1.9266798695843652 2.098485717827557 2.0371264863121317 1.7732817907958012 1.6444274046134073 1.6689710972195777 1.7241944055834606 1.7548740213411735 1.6505633277649499 1.6873788666742053 1.6751070203711202 1.718058482431918 1.6382914814618648 1.7794177139473437 1.932815792735908 2.0923497946760143 2.055534255766759 2.055534255766759 1.662835174068035 1.576932249946439 1.423534171157875 1.2946797849754812 1.2578642460662257 1.3130875544301088 1.3130875544301088 1.3130875544301088 
-55.5 -56.0 -56.0 -55.5 -56.0 -56.0 -56.0 -55.5 -56.0 -55.5 -56.0 -55.5 -56.0 -55.5 -55.5 -55.5 -56.0 -57.0 -56.5 -57.0 -54.5 -50.5 -50.5 -51.5 -52.0 -51.5 -51.0 -51.0 -51.0 -50.5 -51.5 -51.0 -50.0 -50.5 -53.5 -54.5 -55.5 -57.0 -57.5 -57.0 -56.5 -55.5 -55.0 -55.0 -55.0 
1.6751070203711202 1.662835174068035 1.6935147898257479 1.7303303287350031 1.718058482431918 1.705786636128833 1.7303303287350031 1.736466251886546 1.705786636128833 1.6751070203711202 1.6873788666742053 1.705786636128833 1.6935147898257479 1.5585244804918115 1.7241944055834606 1.705786636128833 1.705786636128833 1.7303303287350031 1.8960002538266525 2.1537090261914402 2.325514874434632 2.086213871524472 2.024854640009046 2.098485717827557 2.141437179888355 2.018718716857504 2.061670178918302 2.098485717827557 2.055534255766759 1.9757672547967058 2.012582793705961 2.030990563160589 2.0371264863121317 2.055534255766759 2.2027964114037806 2.2518837966161214 2.061670178918302 1.8039614065535141 1.6505633277649499 1.5585244804918115 1.6873788666742053 1.6996507129772904 1.6689710972195777 1.705786636128833 1.6812429435226628 
-53.5 -53.5 -53.5 -53.0 -53.5 -53.5 -53.0 -53.0 -53.5 -53.0 -53.0 -53.0 -53.0 -52.5 -52.5 -52.5 -53.0 -53.5 -54.0 -54.0 -52.5 -51.5 -52.0 -54.0 -53.5 -53.0 -53.5 -54.0 -53.5 -54.0 -53.5 -54.0 -52.0 -52.0 -51.5 -52.5 -53.5 -53.5 -54.0 -53.5 -53.0 -53.0 -52.0 -53.0 -52.5 
5.338253141842031 5.3627968344482015 5.289165756629691 5.270757987175063 5.313709449235861 5.252350217720435 5.295301679781233 5.258486140871978 5.283029833478148 5.252350217720435 5.264622064023521 5.252350217720435 5.295301679781233 5.21553467881118 5.2339424482658075 5.154175447295755 5.436427912266712 5.47937937432751 5.8045833013592665 5.559146375297564 5.976389149602458 5.755495916146925 5.565282298449106 5.559146375297564 5.626641529964532 5.356660911296659 5.160311370447297 5.105088062083414 5.123495831538041 5.270757987175063 5.3198453723874035 5.424156065963627 5.381204603902829 5.491651220630596 5.927301764390117 5.798447378207723 5.853670686571607 5.632777453116074 5.595961914206819 5.491651220630596 5.344389064993574 5.240078371417351 5.098952138931871 5.21553467881118 5.178719139901925 
-62.0 -62.0 -61.5 -62.0 -62.0 -61.5 -61.5 -62.0 -62.0 -61.5 -61.5 -61.5 -62.0 -62.5 -62.0 -62.5 -62.5 -62.5 -61.5 -63.0 -58.5 -57.0 -57.5 -58.0 -58.0 -57.5 -58.5 -59.0 -58.5 -58.0 -58.0 -57.0 -58.5 -56.0 -57.0 -60.0 -60.5 -61.5 -61.5 -61.0 -62.0 -62.5 -63.5 -61.5 -61.5 
4.828971520263998 4.7860200582032 4.601942363656923 4.908738521234052 4.417864669110647 4.76147636559703 4.81056375080937 4.454680208019902 4.865787059173254 4.921010367537137 4.792155981354743 4.841243366567084 4.743068596142402 4.675573441475434 4.871922982324796 4.816699673960914 4.871922982324796 2.1230294104337273 5.620505606812989 5.822991070813893 5.424156065963627 5.970253226450915 5.773903685601553 5.71868037723767 5.589825991055276 5.5100589900852235 5.516194913236766 5.7616318392984684 5.767767762450011 2.030990563160589 5.540738605842936 5.393476450205914 5.620505606812989 5.411884219660542 5.135767677841127 5.006913291658733 4.583534594202296 4.626486056263094 4.779884135051658 4.7860200582032 4.853515212870168 4.755340442445488 
-63.5 -65.0 -65.0 -64.5 -64.5 -63.5 -64.5 -64.0 -65.5 -64.5 -65.0 -64.0 -63.5 -63.5 -62.5 -62.5 -62.5 -65.0 -63.0 -63.0 -60.5 -70.5 -66.0 -65.0 -64.0 -64.0 -64.5 -65.0 -64.5 -65.5 -62.5 -63.0 -62.0 -61.5 -64.5 -66.0 -65.5 -64.5 -63.5 -64.0 -63.5 -63.5 
