2.9697868053466014 3.0250101137104846 3.0066023442558567 3.0372819600135696 3.1906800388021335 3.055689729468197 2.9943304979527716 3.0250101137104846 3.141592653589793 3.172272269347506 3.2704470397721868 3.184544115650591 3.2888548092268146 2.9943304979527716 3.08636934522591 3.11091303783208 3.160000423044421 3.847223816017188 1.012427320004523 3.8963112012295285 3.663146121470911 3.411573272257666 3.9269908169872414 3.761320891895592 3.436116964863836 3.5036121195308043 3.380893656499953 3.393165502803038 4.4976316700806995 4.957825906446392 0.9817477042468103 0.22089323345553233 3.2213596545598464 3.5956509668039427 3.1968159619536762 3.117048960983623 3.031146036862027 3.1354567304382504 3.055689729468197 0.006135923151542565 3.184544115650591 3.1906800388021335 
-63.0 -63.5 -63.5 -64.0 -62.5 -64.0 -63.0 -64.0 -64.5 -64.5 -63.0 -64.0 -63.5 -64.5 -64.0 -63.0 -64.5 -65.0 -69.0 -66.0 -66.5 -66.5 -71.0 -70.5 -69.5 -67.0 -67.5 -68.0 -71.5 -70.5 -71.5 -71.5 -66.5 -65.5 -65.5 -64.0 -63.5 -63.0 -63.5 -64.5 -63.5 -64.0 
2.141437179888355 2.055534255766759 2.172116795646068 2.2212041808584084 2.1475731030398975 2.1475731030398975 2.1966604882522383 2.3071071049800045 2.3193789512830896 2.172116795646068 2.2518837966161214 2.1905245651006955 2.2150682577068657 2.184388641949153 2.1353012567368124 2.2212041808584084 2.184388641949153 2.12916533358527 2.141437179888355 2.1905245651006955 2.356194490192345 2.3193789512830896 2.3746022596469727 5.792311455056181 2.6139032625571326 2.552544031041707 2.5770877236478773 2.3439226438892597 2.3746022596469727 2.3930100291016 2.478912953223196 2.705942109830271 2.742757648739526 2.2580197197676637 2.3193789512830896 2.2886993355253766 2.405281875404685 2.5157284921324514 2.521864415283994 2.36846633649543 2.2396119503130363 2.313243028131547 2.3193789512830896 2.350058567040802 2.2948352586769194 2.1475731030398975 
-64.0 -63.0 -63.5 -62.5 -64.0 -63.5 -63.0 -63.5 -63.0 -63.0 -63.5 -62.5 -63.0 -63.0 -62.5 -64.5 -63.0 -63.0 -62.0 -63.0 -62.0 -62.5 -63.5 -65.5 -64.5 -65.0 -63.0 -62.0 -60.5 -60.5 -61.0 -62.5 -67.5 -65.0 -62.0 -60.0 -59.0 -60.0 -60.5 -60.5 -60.0 -60.0 -60.0 -61.5 -61.0 -60.0 
0.9694758579437253 1.030835089459151 1.0062913968529805 1.030835089459151 1.0369710126106935 1.0492428589137786 1.0737865515199487 1.0615147052168636 1.0676506283684062 1.0737865515199487 1.0799224746714913 1.086058397823034 1.0737865515199487 1.0676506283684062 1.1044661672776617 1.1228739367322893 1.1167380135807468 1.0799224746714913 1.1351457830353744 1.2640001692177683 1.3069516312785663 1.1044661672776617 1.2333205534600555 1.4419419406125027 1.2517283229146832 1.055378782065321 1.1106020904292042 1.184233168247715 1.239456476611598 1.2087768608538851 1.1903690913992575 1.1780972450961724 1.1596894756415448 1.4051264017032472 1.337631247036279 1.1780972450961724 1.1903690913992575 1.3069516312785663 1.337631247036279 1.2333205534600555 1.2210487071569704 1.1965050145508 1.2455923997631406 1.2026409377023426 1.1903690913992575 1.1658253987930873 
-48.5 -48.5 -48.5 -48.5 -48.5 -48.5 -48.5 -48.5 -48.5 -48.5 -48.5 -48.5 -48.5 -48.5 -48.5 -48.5 -48.5 -48.5 -48.5 -50.0 -51.5 -51.5 -52.5 -53.0 -50.5 -50.5 -52.0 -51.5 -52.0 -52.0 -52.0 -52.5 -51.5 -52.0 -53.5 -52.0 -52.0 -52.5 -51.5 -50.0 -49.5 -49.5 -49.5 -49.5 -49.0 -49.0 
1.0492428589137786 1.0676506283684062 1.0615147052168636 1.1106020904292042 1.1106020904292042 1.1351457830353744 1.1351457830353744 1.1658253987930873 1.0983302441261191 1.1106020904292042 1.0676506283684062 1.0799224746714913 1.0676506283684062 1.1535535524900022 1.1719613219446299 1.1290098598838318 1.1351457830353744 1.1106020904292042 1.1351457830353744 1.2578642460662257 1.3008157081270237 1.3560390164909069 1.6566992509164924 1.6444274046134073 1.4664856332186729 1.3867186322486196 1.4910293258248433 1.533980787885641 1.5892040962495242 1.552388557340269 1.6260196351587797 1.564660403643354 1.4358060174609601 1.5585244804918115 1.6873788666742053 1.576932249946439 1.4358060174609601 1.4848934026733007 1.4296700943094176 1.3499030933393643 1.325359400733194 1.325359400733194 1.3008157081270237 1.2640001692177683 1.2578642460662257 1.239456476611598 
-51.0 -50.5 -51.0 -51.0 -50.5 -50.5 -50.5 -50.5 -50.5 -51.0 -51.0 -50.5 -50.5 -50.5 -50.5 -50.5 -50.5 -51.0 -51.0 -50.5 -50.5 -52.0 -52.5 -50.5 -50.5 -50.5 -51.0 -50.5 -50.5 -50.5 -51.0 -51.0 -51.0 -50.0 -52.0 -52.5 -52.0 -52.0 -51.0 -50.5 -50.0 -50.0 -50.0 -49.5 -49.5 -50.0 
1.2087768608538851 1.2578642460662257 1.3192234775816514 1.2762720155208536 1.2946797849754812 1.2946797849754812 1.3192234775816514 1.2762720155208536 1.3008157081270237 1.2701360923693108 1.282407938672396 1.2640001692177683 1.3069516312785663 1.3499030933393643 1.3130875544301088 1.3069516312785663 1.3069516312785663 1.3008157081270237 1.380582709097077 1.6321555583103222 1.8837284075235674 1.9757672547967058 2.067806102069844 1.8100973297050567 1.736466251886546 1.7119225592803755 1.7916895602504288 1.8223691760081417 1.7978254834019713 1.7303303287350031 1.8285050991596843 1.8346410223112268 1.761009944492716 1.846912868614312 2.030990563160589 2.1598449493429825 1.8530487917658545 1.88986433067511 1.7241944055834606 1.509437095279471 1.4480778637640452 1.5033011721279284 1.4971652489763858 1.4358060174609601 1.4173982480063325 1.368310862793992 
-55.5 -56.0 -55.0 -55.0 -55.5 -56.0 -55.0 -55.0 -55.0 -55.0 -55.0 -55.0 -55.0 -55.0 -55.0 -55.0 -54.5 -54.5 -55.0 -56.0 -55.5 -56.5 -52.5 -50.0 -51.0 -52.0 -51.0 -50.5 -50.0 -50.5 -50.5 -52.0 -51.5 -50.5 -51.0 -55.5 -57.0 -55.5 -55.5 -55.5 -55.0 -54.5 -54.5 -54.5 -54.5 -54.5 
1.6566992509164924 1.6812429435226628 1.6689710972195777 1.6751070203711202 1.718058482431918 1.6873788666742053 1.6812429435226628 1.6873788666742053 1.6873788666742053 1.6873788666742053 1.6566992509164924 1.6935147898257479 1.6935147898257479 1.718058482431918 1.662835174068035 1.6812429435226628 1.705786636128833 1.6873788666742053 1.6137477888556946 1.748738098189631 2.000310947402876 2.2764274892222915 2.270291566070749 1.9941750242513334 2.043262409463674 2.141437179888355 2.0923497946760143 2.073942025221387 2.1230294104337273 2.110757564130642 2.12916533358527 2.1230294104337273 2.1966604882522383 2.12916533358527 2.1782527187976104 2.3009711818284617 2.36846633649543 2.2886993355253766 2.0800779483729293 1.9266798695843652 1.9205439464328227 1.9819031779482483 1.9389517158874505 1.88986433067511 1.846912868614312 1.859184714917397 
-53.5 -53.0 -53.0 -53.0 -53.0 -53.0 -52.5 -53.0 -53.0 -52.5 -53.0 -53.0 -52.5 -53.0 -52.5 -52.5 -52.5 -52.5 -53.5 -54.0 -54.0 -53.5 -52.0 -52.0 -52.5 -53.5 -53.0 -53.0 -53.0 -53.0 -53.0 -53.0 -54.0 -52.5 -52.5 -52.5 -53.5 -54.0 -54.0 -52.5 -52.0 -51.0 -51.0 -51.5 -52.0 -52.0 
5.154175447295755 5.2339424482658075 5.307573526084319 5.270757987175063 5.289165756629691 5.2768939103266055 5.227806525114265 5.270757987175063 5.264622064023521 5.325981295538946 5.209398755659637 5.246214294568893 5.240078371417351 5.111223985234957 5.111223985234957 5.197126909356553 5.123495831538041 5.21553467881118 5.350524988145116 5.411884219660542 5.491651220630596 5.939573610693203 5.872078456026235 5.565282298449106 5.651185222570702 5.638913376267617 5.626641529964532 5.350524988145116 5.3627968344482015 5.3627968344482015 5.313709449235861 5.553010452146021 5.688000761479957 5.651185222570702 5.6573211457222445 6.074563920027139 5.927301764390117 5.816855147662351 5.810719224510809 5.522330836388308 5.301437602932776 5.264622064023521 5.332117218690489 5.184855063053467 5.123495831538041 5.166447293598839 
-62.0 -62.0 -61.5 -62.0 -62.0 -62.0 -62.0 -61.0 -61.5 -61.5 -62.0 -61.5 -61.0 -62.0 -62.5 -62.0 -61.5 -61.0 -62.0 -61.0 -61.5 -60.5 -56.5 -57.5 -58.0 -57.5 -57.0 -58.0 -58.5 -58.5 -58.5 -57.5 -57.5 -57.0 -56.5 -57.5 -61.0 -60.5 -59.5 -60.0 -60.5 -60.0 -60.5 -61.0 -61.5 -60.5 
4.552854978444583 4.700117134081604 4.675573441475434 4.7307967498393175 4.890330751779424 4.7307967498393175 4.724660826687775 4.6448938257177215 4.73693267299086 4.614214209960009 4.681709364626977 4.663301595172349 4.71238898038469 4.657165672020807 4.693981210930062 4.663301595172349 4.755340442445488 4.798291904506286 4.503767593232243 5.270757987175063 5.5100589900852235 5.921165841238575 5.608233760509904 5.43029198911517 2.5034566458293663 5.688000761479957 5.71868037723767 5.559146375297564 5.5100589900852235 5.620505606812989 5.485515297479052 5.6573211457222445 5.71868037723767 5.270757987175063 5.283029833478148 2.435961491162398 5.64504929941916 5.473243451175968 5.436427912266712 5.178719139901925 5.013049214810275 4.970097752749477 5.062136600022616 5.049864753719531 4.95168998329485 4.841243366567084 
-65.5 -64.0 -64.0 -64.5 -64.5 -64.0 -64.0 -63.0 -62.0 -64.0 -63.5 -64.0 -63.5 -63.0 -62.5 -63.0 -63.0 -64.0 -63.5 -62.5 -64.0 -63.5 -62.0 -61.5 -71.5 -67.0 -64.0 -63.0 -62.5 -63.5 -63.5 -65.0 -69.5 -63.5 -63.0 -66.5 -62.0 -61.0 -60.5 -61.5 -61.5 -60.5 -60.0 -60.5 -62.0 -62.0 
