3.442252888015379 2.9636508821950587 3.11091303783208 3.098641191528995 3.2090878082567613 3.031146036862027 2.84706834231575 3.141592653589793 3.043417883165112 3.3870295796514958 3.147728576741336 3.0802334220743677 3.2090878082567613 2.9820586516496865 3.098641191528995 2.9391071895888885 3.104777114680538 3.129320807286708 3.067961575771282 3.2765829629237295 3.880971393350672 3.184544115650591 0.9572040116406401 4.485359823777615 4.196971435655114 3.9085830475326135 0.28225246497095796 3.399301425954581 3.380893656499953 3.380893656499953 0.8774370106705868 4.25833066717054 4.25833066717054 3.2520392703175593 3.2643111166206444 3.442252888015379 3.706097583531709 2.834796496012665 6.050020227420969 2.791845033951867 2.705942109830271 2.804116880254952 2.9084275738311756 
-63.5 -62.0 -63.5 -62.5 -62.5 -62.5 -63.0 -63.5 -63.0 -63.5 -62.5 -63.5 -63.0 -64.0 -64.0 -64.5 -64.5 -61.0 -65.0 -66.0 -70.5 -66.5 -72.5 -69.0 -70.5 -69.5 -70.0 -69.0 -68.0 -68.5 -69.5 -69.0 -70.0 -66.0 -64.0 -67.0 -66.5 -66.0 -66.0 -64.5 -64.5 -64.0 -64.5 
2.1598449493429825 2.313243028131547 2.270291566070749 2.2212041808584084 2.2027964114037806 2.2396119503130363 2.184388641949153 2.012582793705961 2.12916533358527 2.2089323345553233 2.1598449493429825 2.184388641949153 2.1782527187976104 2.227340104009951 2.227340104009951 2.227340104009951 2.2641556429192065 2.110757564130642 2.2886993355253766 1.9573594853420782 5.678796876752644 2.423689644859313 2.5402721847386216 2.5770877236478773 2.5280003384355365 2.6200391857086753 2.552544031041707 2.429825568010856 2.405281875404685 2.454369260617026 2.4850488763747385 2.5832236467994196 2.804116880254952 2.724349879284899 2.6261751088602177 2.5402721847386216 2.337786720737717 2.386874105950058 2.454369260617026 2.2580197197676637 2.172116795646068 2.12916533358527 2.018718716857504 1.9880391010997909 2.0064468705544187 1.902136176978195 
-63.0 -62.5 -62.5 -64.0 -63.0 -61.5 -62.0 -62.5 -62.5 -63.0 -63.5 -62.5 -63.5 -62.0 -61.5 -62.5 -62.0 -62.5 -62.5 -61.5 -62.5 -61.5 -63.5 -65.0 -65.5 -64.5 -63.5 -61.5 -62.5 -62.0 -62.0 -62.5 -64.5 -64.0 -64.0 -65.0 -63.5 -61.5 -62.5 -62.0 -63.0 -62.0 -62.0 -63.0 -62.5 -62.5 
1.1290098598838318 1.0799224746714913 1.1596894756415448 1.086058397823034 1.1106020904292042 1.0921943209745766 1.1044661672776617 1.0983302441261191 1.0921943209745766 1.1228739367322893 1.1228739367322893 1.1167380135807468 1.0983302441261191 1.1474176293384597 1.1658253987930873 1.1658253987930873 1.1903690913992575 1.2087768608538851 1.2455923997631406 1.3284273623089653 1.1474176293384597 1.2578642460662257 1.4726215563702154 1.2762720155208536 1.0676506283684062 1.1658253987930873 1.1658253987930873 1.184233168247715 1.0983302441261191 1.1351457830353744 1.2026409377023426 1.184233168247715 1.3192234775816514 1.4971652489763858 1.3989904785517047 1.1965050145508 1.2455923997631406 1.3314953238847365 1.214912784005428 1.0185632431560658 0.9940195505498954 0.9572040116406401 0.944932165337555 1.000155473701438 0.9633399347921826 
-48.5 -48.5 -48.5 -48.0 -48.5 -48.0 -48.5 -48.5 -48.5 -48.5 -48.0 -48.5 -48.5 -48.5 -48.5 -49.0 -48.5 -49.0 -50.0 -53.0 -52.5 -52.5 -53.0 -51.0 -51.5 -53.0 -52.5 -53.0 -53.0 -52.5 -52.0 -51.5 -51.0 -53.0 -52.5 -51.0 -50.5 -51.0 -50.5 -49.5 -49.5 -50.0 -49.5 -49.0 -49.0 
1.141281706186917 1.2026409377023426 1.2210487071569704 1.1474176293384597 1.141281706186917 1.1228739367322893 1.184233168247715 1.0369710126106935 1.0492428589137786 1.1351457830353744 1.1351457830353744 1.1106020904292042 1.1167380135807468 1.1474176293384597 1.141281706186917 1.1474176293384597 1.2087768608538851 1.2517283229146832 1.2885438618239387 4.543651093717269 1.380582709097077 1.6198837120072371 1.705786636128833 1.533980787885641 1.509437095279471 1.5585244804918115 1.6137477888556946 1.5585244804918115 1.552388557340269 1.6137477888556946 1.5462526341887264 1.4726215563702154 1.4603497100671303 1.662835174068035 1.7119225592803755 1.607611865704152 1.4419419406125027 1.3499030933393643 1.2701360923693108 1.0799224746714913 0.9081166264282996 1.055378782065321 1.000155473701438 1.000155473701438 0.9940195505498954 
-50.0 -50.0 -50.0 -50.0 -50.0 -50.0 -50.5 -50.0 -50.5 -50.0 -50.0 -50.5 -50.0 -50.0 -50.0 -50.0 -50.0 -50.0 -50.5 -51.0 -51.5 -52.5 -51.0 -51.0 -51.5 -51.5 -51.0 -51.0 -50.5 -50.5 -50.5 -50.5 -50.0 -50.0 -51.0 -52.0 -51.0 -50.5 -51.0 -50.5 -51.5 -51.5 -51.5 -51.5 -51.0 
1.2885438618239387 1.3314953238847365 1.3069516312785663 1.3867186322486196 1.3130875544301088 1.3314953238847365 1.3621749396424494 1.3314953238847365 1.0921943209745766 1.337631247036279 1.2946797849754812 1.2762720155208536 1.4358060174609601 1.368310862793992 1.3499030933393643 1.380582709097077 1.3437671701878218 1.4358060174609601 1.3192234775816514 1.5830681730979816 5.043728830567988 1.8653206380689396 2.116893487282185 1.9757672547967058 1.846912868614312 1.8407769454627694 1.8653206380689396 1.8407769454627694 1.8039614065535141 1.7855536370988863 1.7978254834019713 1.8530487917658545 1.718058482431918 1.761009944492716 1.8653206380689396 2.0493983326152168 2.110757564130642 2.055534255766759 2.018718716857504 1.7978254834019713 1.5830681730979816 1.4358060174609601 1.239456476611598 1.2640001692177683 1.2578642460662257 1.2762720155208536 
-54.5 -55.0 -55.0 -55.0 -54.5 -54.5 -55.0 -55.0 -54.5 -54.5 -54.5 -54.0 -54.0 -54.0 -54.5 -54.0 -54.5 -54.5 -55.0 -56.0 -56.5 -57.0 -54.5 -51.0 -51.0 -52.5 -52.0 -52.0 -52.0 -51.5 -51.0 -51.5 -52.0 -51.0 -50.0 -50.5 -54.5 -55.5 -55.0 -55.5 -56.5 -57.0 -57.0 -56.0 -55.5 -55.5 
1.7916895602504288 1.7671458676442586 1.748738098189631 1.7794177139473437 1.748738098189631 1.7732817907958012 1.7548740213411735 1.7426021750380885 1.761009944492716 1.7426021750380885 1.7548740213411735 1.761009944492716 1.736466251886546 1.7303303287350031 1.7671458676442586 1.7855536370988863 1.7978254834019713 1.7426021750380885 1.7794177139473437 2.0586022173425302 2.2150682577068657 2.3071071049800045 2.1598449493429825 2.0800779483729293 2.1905245651006955 2.172116795646068 2.1659808724945253 2.1905245651006955 2.1659808724945253 2.086213871524472 2.1046216409791 2.2089323345553233 2.086213871524472 2.0800779483729293 2.0493983326152168 2.2212041808584084 2.2027964114037806 2.0371264863121317 1.8653206380689396 1.6505633277649499 1.5892040962495242 1.5953400194010667 1.5953400194010667 1.564660403643354 1.5401167110371838 
-52.0 -52.0 -52.0 -52.0 -52.0 -52.0 -52.0 -52.0 -52.0 -52.0 -52.0 -52.0 -52.0 -52.0 -52.0 -52.0 -51.5 -52.0 -52.5 -54.0 -54.5 -53.0 -52.0 -53.0 -53.5 -53.5 -54.0 -54.0 -53.5 -54.0 -53.0 -53.5 -52.5 -52.5 -52.0 -51.5 -52.5 -53.0 -53.5 -55.0 -54.0 -54.0 -53.0 -53.5 -54.0 
5.184855063053467 5.252350217720435 5.1725832167503825 5.184855063053467 5.184855063053467 5.148039524144211 5.148039524144211 5.160311370447297 5.141903600992669 5.105088062083414 5.135767677841127 5.154175447295755 5.160311370447297 5.141903600992669 5.013049214810275 5.086680292628786 5.154175447295755 5.350524988145116 5.712544454086128 5.589825991055276 5.749359992995383 5.964117303299373 5.737088146692298 5.64504929941916 5.755495916146925 5.743224069843841 5.5284667595398505 5.405748296509 5.252350217720435 5.246214294568893 5.534602682691394 5.5714182216006485 5.577554144752192 5.47937937432751 5.589825991055276 6.000932842208628 5.712544454086128 5.6573211457222445 5.424156065963627 5.583690067903734 5.387340527054372 5.460971604872882 5.540738605842936 5.491651220630596 5.553010452146021 
-61.0 -62.5 -61.5 -62.0 -62.0 -62.0 -62.0 -62.0 -60.5 -62.0 -61.5 -63.0 -61.5 -61.5 -60.5 -62.0 -61.5 -62.0 -60.5 -61.5 -62.5 -57.0 -57.0 -58.0 -57.0 -57.0 -58.5 -59.5 -59.5 -58.5 -57.5 -57.5 -57.0 -58.5 -56.5 -57.0 -61.0 -61.0 -61.0 -61.5 -62.0 -61.5 -61.5 -61.5 -61.5 
4.859651136021712 4.933282213840222 4.859651136021712 4.902602598082509 4.871922982324796 4.798291904506286 4.908738521234052 4.841243366567084 4.878058905476339 4.957825906446392 4.841243366567084 4.859651136021712 4.693981210930062 4.822835597112456 4.816699673960914 4.779884135051658 4.933282213840222 4.9394181369917645 5.270757987175063 5.341321103417803 5.436427912266712 5.780039608753096 5.338253141842031 2.350058567040802 6.019340611663256 5.5284667595398505 5.424156065963627 5.516194913236766 5.5714182216006485 5.4671075280244255 5.485515297479052 5.8659425328746915 2.0923497946760143 5.301437602932776 5.5284667595398505 5.399612373357457 5.307573526084319 5.1725832167503825 5.043728830567988 4.718524903536232 5.0682725231741586 5.019185137961818 1.6996507129772904 
-62.5 -63.0 -62.0 -62.0 -62.5 -62.5 -63.0 -63.0 -62.5 -62.5 -63.0 -62.0 -62.0 -61.5 -60.5 -60.5 -62.5 -61.5 -63.0 -63.0 -63.5 -63.5 -60.5 -71.0 -69.0 -65.0 -64.0 -64.5 -63.5 -65.0 -64.5 -65.5 -65.0 -62.0 -62.5 -61.5 -61.5 -63.0 -66.0 -65.5 -64.0 -64.0 -65.5 
