4.23378697456437 0.4295146206079795 0.3988350048502667 3.761320891895592 3.730641276137879 3.730641276137879 0.5154175447295755 3.663146121470911 3.497476196379262 0.47860200582032003 0.44178646691106466 3.56497135104623 3.7429131224409646 3.77972866135022 0.4479223900626072 0.521553467881118 4.196971435655114 1.2640001692177683 0.46019423636569234 3.0495538063166547 4.166291819897402 1.141281706186917 3.9576704327449543 3.736777199289422 3.6692820446224537 3.3011266555298997 3.2827188860752723 3.2704470397721868 3.6692820446224537 4.09266074207889 4.669437518323892 3.54042765844006 3.6999616603801666 4.104932588381976 0.5921165841238575 3.5833791205008576 3.4054373491061236 0.09203884727313846 3.000466421104314 2.5280003384355365 
-65.0 -65.5 -65.5 -64.0 -64.5 -64.5 -65.5 -63.5 -64.5 -65.5 -65.5 -65.0 -64.0 -63.5 -65.5 -66.5 -65.5 -70.0 -68.0 -69.0 -70.0 -71.5 -70.0 -68.5 -68.5 -66.5 -66.5 -67.0 -69.0 -69.5 -72.0 -67.0 -64.5 -65.5 -70.0 -65.0 -65.0 -64.5 -64.0 -64.0 
2.000310947402876 2.282563412373834 2.1475731030398975 2.1659808724945253 1.7855536370988863 2.2150682577068657 5.45483568172134 2.1475731030398975 2.1475731030398975 2.0923497946760143 2.0493983326152168 2.073942025221387 2.055534255766759 2.1659808724945253 2.1537090261914402 2.2457478734645786 2.098485717827557 2.2150682577068657 2.3623304133438876 2.3071071049800045 2.2518837966161214 2.1659808724945253 2.399145952253143 2.5770877236478773 2.6016314162540475 2.350058567040802 2.4850488763747385 2.429825568010856 2.5586799541932495 2.718213956133356 2.767301341345697 2.767301341345697 5.411884219660542 2.018718716857504 2.0923497946760143 2.098485717827557 2.0800779483729293 2.2334760271614935 2.1659808724945253 2.067806102069844 2.061670178918302 1.932815792735908 1.7855536370988863 
-62.5 -61.5 -63.0 -61.5 -61.5 -62.0 -63.0 -60.0 -62.5 -62.5 -61.0 -62.0 -62.5 -62.0 -62.0 -62.0 -62.0 -61.5 -64.0 -61.5 -62.0 -64.0 -67.5 -66.0 -63.0 -62.0 -61.0 -60.5 -62.5 -62.5 -64.0 -68.0 -65.5 -64.0 -62.0 -60.0 -61.0 -62.5 -60.5 -62.0 -61.5 -62.0 -62.5 
1.380582709097077 1.3621749396424494 1.4173982480063325 1.3744467859455345 1.4419419406125027 1.41126232485479 1.423534171157875 1.3928545554001621 1.3867186322486196 1.380582709097077 1.368310862793992 1.3314953238847365 1.3314953238847365 1.3314953238847365 1.3499030933393643 1.3314953238847365 1.3560390164909069 1.3499030933393643 1.3437671701878218 1.368310862793992 1.4173982480063325 1.1965050145508 1.0676506283684062 1.3069516312785663 1.4848934026733007 1.1167380135807468 1.0799224746714913 1.1658253987930873 1.2026409377023426 1.2455923997631406 1.1903690913992575 1.1228739367322893 1.1106020904292042 1.2701360923693108 1.4726215563702154 1.4542137869155878 1.1658253987930873 1.2087768608538851 1.380582709097077 1.2977477465512524 1.1780972450961724 1.1474176293384597 1.141281706186917 1.1719613219446299 1.141281706186917 
-49.0 -49.0 -49.0 -48.5 -49.0 -49.0 -49.5 -49.0 -49.0 -49.0 -49.0 -49.0 -48.5 -49.0 -48.5 -49.0 -48.5 -49.0 -48.5 -49.5 -51.5 -52.5 -52.5 -53.5 -52.5 -51.5 -52.5 -53.0 -52.5 -52.0 -52.0 -51.5 -51.5 -51.0 -52.0 -53.5 -51.5 -51.0 -51.0 -50.5 -49.0 -49.0 -49.0 -48.5 -48.5 
1.3069516312785663 1.325359400733194 1.3744467859455345 1.2455923997631406 1.2640001692177683 1.3989904785517047 1.3928545554001621 1.4051264017032472 1.380582709097077 1.380582709097077 1.3499030933393643 1.3008157081270237 1.325359400733194 1.3560390164909069 1.3069516312785663 1.337631247036279 1.337631247036279 1.3192234775816514 1.325359400733194 1.2701360923693108 1.41126232485479 1.3989904785517047 1.4971652489763858 1.736466251886546 1.6873788666742053 1.521708941582556 1.533980787885641 1.576932249946439 1.5707963267948966 1.564660403643354 1.5707963267948966 1.576932249946439 1.5033011721279284 1.4848934026733007 1.6382914814618648 1.8162332528565992 1.6812429435226628 1.4296700943094176 1.3867186322486196 1.2946797849754812 1.1903690913992575 1.214912784005428 1.1965050145508 1.1658253987930873 1.1719613219446299 
-50.0 -50.0 -50.0 -50.0 -50.0 -50.0 -50.0 -50.0 -50.0 -49.5 -50.0 -50.0 -50.0 -50.0 -50.0 -50.0 -50.0 -50.0 -50.0 -50.0 -50.5 -51.0 -53.0 -51.5 -50.5 -50.5 -51.5 -50.5 -50.5 -50.5 -50.5 -51.0 -51.0 -50.5 -50.0 -51.0 -52.0 -52.5 -51.5 -51.5 -50.5 -50.5 -50.0 -50.0 -50.0 
1.4358060174609601 1.533980787885641 1.509437095279471 1.4480778637640452 1.41126232485479 1.4542137869155878 1.3744467859455345 1.4542137869155878 1.4971652489763858 1.4726215563702154 1.4910293258248433 1.4480778637640452 1.423534171157875 1.380582709097077 1.423534171157875 1.5585244804918115 1.4296700943094176 1.4480778637640452 1.4603497100671303 1.4787574795217582 1.607611865704152 1.8285050991596843 2.018718716857504 2.1046216409791 1.8407769454627694 1.7426021750380885 1.8100973297050567 1.8285050991596843 1.7671458676442586 1.736466251886546 1.718058482431918 1.7732817907958012 1.6873788666742053 1.6689710972195777 1.7671458676442586 1.9573594853420782 2.1782527187976104 2.024854640009046 1.945087639038993 4.73693267299086 1.4664856332186729 1.3314953238847365 1.3008157081270237 1.2517283229146832 1.2578642460662257 
-54.5 -54.5 -54.0 -54.5 -54.0 -54.0 -54.5 -54.5 -54.0 -54.0 -54.5 -54.0 -54.0 -54.5 -54.5 -54.0 -54.0 -54.5 -54.0 -55.5 -57.0 -58.0 -59.5 -52.0 -51.0 -52.5 -52.5 -51.5 -51.5 -51.0 -51.0 -51.0 -51.5 -51.5 -51.0 -50.5 -53.5 -57.0 -55.5 -57.0 -57.0 -55.5 -55.5 -55.0 -55.0 
1.7794177139473437 1.7978254834019713 1.7794177139473437 1.8653206380689396 1.846912868614312 1.846912868614312 1.8530487917658545 1.8407769454627694 1.8162332528565992 1.7794177139473437 1.8162332528565992 1.761009944492716 1.7978254834019713 1.8285050991596843 1.6812429435226628 1.7916895602504288 1.7916895602504288 1.8039614065535141 1.7794177139473437 1.748738098189631 1.846912868614312 2.098485717827557 2.380738182798515 2.184388641949153 2.0923497946760143 2.2027964114037806 2.141437179888355 2.1046216409791 2.1475731030398975 2.1353012567368124 2.067806102069844 2.0923497946760143 2.12916533358527 2.098485717827557 2.0923497946760143 2.1353012567368124 2.2334760271614935 2.3193789512830896 2.1353012567368124 1.8837284075235674 1.6014759425526093 1.7119225592803755 1.6689710972195777 1.748738098189631 1.6751070203711202 
-51.5 -51.0 -51.5 -51.5 -51.5 -51.5 -51.5 -51.5 -51.0 -52.0 -51.5 -51.5 -51.5 -51.5 -51.5 -51.5 -51.5 -51.5 -52.0 -52.5 -53.5 -55.0 -54.0 -52.5 -53.0 -54.5 -53.5 -54.0 -53.5 -53.5 -53.5 -53.0 -53.5 -54.0 -52.5 -52.5 -52.5 -53.0 -54.0 -54.5 -53.0 -52.5 -52.0 -52.5 -52.5 
5.148039524144211 5.258486140871978 5.246214294568893 5.135767677841127 5.338253141842031 4.988505522204105 5.148039524144211 5.227806525114265 5.092816215780329 5.197126909356553 5.00077736850719 5.283029833478148 5.117359908386499 5.3198453723874035 5.227806525114265 5.325981295538946 5.21553467881118 5.203262832508095 5.178719139901925 5.5100589900852235 6.013204688511713 5.405748296509 6.129787228391022 5.786175531904639 5.5714182216006485 5.626641529964532 5.497787143782138 5.325981295538946 5.2339424482658075 5.141903600992669 5.135767677841127 5.313709449235861 5.43029198911517 5.553010452146021 5.497787143782138 5.47937937432751 5.884350302329319 5.915029918087033 5.71868037723767 5.6941366846315 5.595961914206819 5.325981295538946 5.289165756629691 5.381204603902829 5.399612373357457 
-60.5 -60.5 -61.0 -61.0 -60.5 -60.5 -60.5 -60.5 -60.0 -60.5 -60.5 -60.5 -60.5 -60.5 -61.0 -61.0 -61.0 -61.0 -60.5 -61.5 -59.5 -61.5 -60.0 -56.0 -58.0 -57.5 -57.5 -58.5 -58.5 -58.5 -58.0 -57.0 -58.0 -58.0 -58.0 -56.5 -56.0 -60.5 -60.5 -62.0 -61.5 -62.0 -62.0 -61.5 -62.0 
4.933282213840222 4.914874444385594 5.056000676871073 4.921010367537137 4.994641445355648 5.074408446325701 5.013049214810275 4.970097752749477 5.049864753719531 4.957825906446392 4.914874444385594 4.902602598082509 4.95168998329485 5.019185137961818 5.086680292628786 4.92714629068868 4.9394181369917645 4.95168998329485 5.086680292628786 5.006913291658733 5.368932757599744 5.773903685601553 5.45483568172134 4.798291904506286 5.66959299202533 5.835262917116979 5.399612373357457 5.399612373357457 5.50392306693368 5.381204603902829 5.651185222570702 5.706408530934585 5.577554144752192 5.221670601962723 5.356660911296659 5.497787143782138 5.522330836388308 5.393476450205914 5.160311370447297 4.994641445355648 4.945554060143307 4.798291904506286 4.884194828627882 4.970097752749477 
-58.5 -58.0 -59.0 -58.0 -58.0 -59.0 -58.0 -58.0 -58.5 -58.5 -58.0 -59.0 -59.5 -59.5 -58.5 -58.0 -59.0 -58.5 -58.0 -61.0 -63.0 -66.0 -63.0 -63.5 -69.0 -66.0 -64.5 -63.5 -65.0 -64.5 -65.0 -65.5 -71.0 -65.0 -61.5 -64.5 -63.5 -60.5 -63.5 -63.0 -61.0 -61.0 -60.5 -61.0 
