2.9268353432858034 3.129320807286708 2.9145634969827183 3.0127382674073995 3.0372819600135696 3.067961575771282 3.018874190558942 3.141592653589793 3.117048960983623 3.1784081924990484 3.0250101137104846 3.104777114680538 3.227495577711389 0.09203884727313846 3.215223731408304 3.172272269347506 3.5281558121369745 3.2090878082567613 3.5956509668039427 3.466796580621549 4.460816131171445 4.491495746929157 3.454524734318464 3.3502140407422405 3.9699422790480394 4.025165587411922 3.6017868899554855 3.3624858870453256 3.0925052683774528 3.0127382674073995 3.454524734318464 3.773592738198677 4.246058820867455 3.098641191528995 3.153864499892878 3.411573272257666 3.6140587362585705 3.3502140407422405 3.153864499892878 3.313398501832985 3.2704470397721868 0.03681553890925539 2.9636508821950587 3.1231848841351653 3.153864499892878 
-63.0 -63.0 -63.0 -63.0 -63.5 -63.5 -63.0 -63.5 -64.0 -64.0 -64.0 -63.5 -63.0 -64.0 -63.5 -63.5 -64.5 -64.0 -64.5 -66.5 -66.5 -67.5 -66.0 -69.0 -67.0 -67.0 -65.5 -64.5 -65.0 -66.0 -65.5 -66.0 -67.0 -65.5 -64.5 -62.5 -63.0 -65.0 -66.5 -64.0 -64.0 -64.5 -63.5 -64.0 -63.0 
2.3439226438892597 2.4605051837685683 2.466641106920111 2.5341362615870793 2.435961491162398 2.466641106920111 2.435961491162398 2.521864415283994 2.356194490192345 2.3316507975861747 2.423689644859313 2.4911847995262812 2.509592568980909 2.380738182798515 2.2518837966161214 1.9696313316451632 2.325514874434632 2.399145952253143 2.350058567040802 2.1782527187976104 2.1905245651006955 2.5586799541932495 2.5464081078901644 2.779573187648782 2.8838838812250054 3.147728576741336 2.84706834231575 2.478912953223196 2.2948352586769194 1.8960002538266525 2.1905245651006955 2.3623304133438876 2.4605051837685683 2.8286605728611223 3.215223731408304 2.6875343403756435 2.773437264497239 2.12916533358527 2.012582793705961 2.000310947402876 2.1782527187976104 1.932815792735908 1.9819031779482483 2.1353012567368124 2.0923497946760143 1.9880391010997909 2.3193789512830896 2.12916533358527 
-65.0 -63.5 -62.5 -63.0 -64.0 -63.5 -64.0 -63.5 -63.5 -63.0 -63.5 -63.5 -64.0 -64.0 -61.0 -62.5 -63.5 -63.5 -63.5 -64.5 -63.0 -62.0 -62.5 -63.5 -65.0 -65.0 -63.5 -63.0 -62.0 -62.5 -63.0 -62.0 -62.5 -63.0 -65.0 -66.0 -65.5 -65.0 -62.0 -61.5 -62.0 -62.0 -61.5 -63.0 -62.5 -63.0 -63.0 -63.0 
0.944932165337555 0.9756117810952678 0.9878836273983529 1.0185632431560658 0.9878836273983529 1.0369710126106935 1.0369710126106935 1.0676506283684062 1.0492428589137786 1.0983302441261191 1.0983302441261191 1.1290098598838318 1.1228739367322893 1.1596894756415448 1.1658253987930873 1.2026409377023426 1.2517283229146832 1.214912784005428 1.2026409377023426 1.1474176293384597 1.1474176293384597 1.325359400733194 1.184233168247715 1.214912784005428 1.4603497100671303 1.2087768608538851 1.0492428589137786 1.1228739367322893 1.0983302441261191 1.086058397823034 1.1228739367322893 1.1290098598838318 1.0737865515199487 1.1106020904292042 1.2333205534600555 1.4542137869155878 1.4726215563702154 1.3314953238847365 1.1596894756415448 1.3314953238847365 1.2517283229146832 1.1167380135807468 1.0246991663076084 1.012427320004523 0.9817477042468103 1.000155473701438 0.9817477042468103 0.9387962421860124 
-49.0 -49.0 -48.5 -48.5 -48.5 -48.5 -48.5 -48.5 -48.5 -48.5 -48.5 -48.5 -48.5 -48.5 -48.0 -48.5 -48.0 -48.5 -48.5 -48.5 -50.0 -51.0 -51.5 -52.5 -51.5 -50.0 -52.0 -52.5 -52.5 -52.5 -52.5 -52.0 -52.5 -52.0 -50.5 -51.5 -53.5 -53.0 -51.0 -51.0 -50.0 -49.5 -49.5 -49.5 -49.0 -49.0 -49.0 -49.0 
1.012427320004523 0.9817477042468103 1.030835089459151 1.0921943209745766 1.086058397823034 1.086058397823034 1.1290098598838318 1.1228739367322893 1.1167380135807468 1.1044661672776617 1.1228739367322893 1.1535535524900022 1.1535535524900022 1.184233168247715 1.184233168247715 1.1903690913992575 1.2640001692177683 1.282407938672396 1.1780972450961724 1.141281706186917 1.1106020904292042 1.214912784005428 1.2946797849754812 1.5707963267948966 1.5462526341887264 1.423534171157875 1.4419419406125027 1.4542137869155878 1.4051264017032472 1.3989904785517047 1.3621749396424494 1.325359400733194 1.4296700943094176 1.4603497100671303 1.3621749396424494 1.4664856332186729 1.761009944492716 1.6996507129772904 1.5401167110371838 1.4296700943094176 1.2762720155208536 1.1965050145508 1.1719613219446299 1.1780972450961724 1.1228739367322893 1.0185632431560658 1.0737865515199487 1.0615147052168636 
-50.5 -50.5 -50.0 -50.0 -50.0 -50.0 -49.5 -50.0 -50.0 -49.5 -50.0 -50.0 -49.5 -49.5 -49.5 -49.5 -49.5 -49.5 -50.0 -50.0 -50.0 -49.5 -51.0 -51.5 -49.5 -49.5 -50.5 -50.5 -50.5 -50.0 -50.5 -50.0 -50.5 -50.5 -50.5 -49.5 -50.0 -51.0 -52.5 -51.5 -51.0 -51.0 -50.5 -51.0 -51.0 -51.0 -51.0 -51.0 
1.1596894756415448 1.2087768608538851 1.141281706186917 1.2517283229146832 1.2885438618239387 1.1903690913992575 1.2517283229146832 1.2701360923693108 1.227184630308513 1.2640001692177683 1.2762720155208536 1.2885438618239387 1.3192234775816514 1.3437671701878218 1.3437671701878218 1.4051264017032472 1.3621749396424494 1.3499030933393643 1.3008157081270237 1.2701360923693108 1.3560390164909069 1.6014759425526093 1.8100973297050567 2.000310947402876 1.718058482431918 1.6689710972195777 1.6689710972195777 1.6689710972195777 1.6137477888556946 1.521708941582556 1.576932249946439 1.5892040962495242 1.6935147898257479 1.6751070203711202 1.6382914814618648 1.748738098189631 1.8837284075235674 2.110757564130642 2.1230294104337273 1.9512235621905356 1.8039614065535141 1.4848934026733007 1.41126232485479 1.3989904785517047 1.3560390164909069 1.1965050145508 1.227184630308513 1.239456476611598 
-55.5 -55.5 -55.0 -55.5 -55.5 -55.5 -55.0 -54.5 -55.0 -55.5 -55.0 -54.5 -55.0 -54.5 -54.5 -54.5 -54.5 -54.5 -54.0 -54.5 -55.5 -55.0 -56.0 -51.5 -50.0 -52.0 -52.0 -52.5 -52.0 -52.0 -52.5 -52.0 -51.5 -52.5 -52.0 -50.5 -50.0 -51.0 -55.5 -55.5 -56.5 -58.0 -57.5 -57.5 -57.5 -57.0 -57.5 -57.5 
1.6198837120072371 1.6321555583103222 1.6260196351587797 1.6382914814618648 1.6812429435226628 1.718058482431918 1.6873788666742053 1.6873788666742053 1.6812429435226628 1.6873788666742053 1.7119225592803755 1.7119225592803755 1.7426021750380885 1.7794177139473437 1.761009944492716 1.7855536370988863 1.846912868614312 1.7732817907958012 1.7671458676442586 1.6935147898257479 1.6198837120072371 1.7855536370988863 2.067806102069844 2.1353012567368124 2.018718716857504 2.098485717827557 2.1230294104337273 2.061670178918302 2.030990563160589 1.945087639038993 2.0064468705544187 1.9573594853420782 2.012582793705961 1.9819031779482483 2.0493983326152168 2.0493983326152168 2.055534255766759 2.073942025221387 2.2641556429192065 2.2150682577068657 1.8407769454627694 1.7119225592803755 1.761009944492716 1.7548740213411735 1.6873788666742053 1.6505633277649499 1.6198837120072371 1.6137477888556946 
-53.5 -53.5 -53.5 -53.5 -53.0 -52.5 -53.0 -53.0 -53.0 -53.0 -52.5 -52.5 -52.5 -52.5 -52.0 -52.0 -52.0 -52.0 -52.0 -52.5 -53.5 -53.5 -53.5 -51.0 -52.0 -53.5 -54.0 -54.0 -54.5 -54.0 -53.5 -54.0 -54.5 -54.0 -54.5 -52.5 -52.5 -52.0 -52.5 -53.0 -54.5 -54.5 -53.5 -53.0 -53.5 -54.0 -54.0 -54.5 
5.307573526084319 5.21553467881118 5.264622064023521 5.264622064023521 5.289165756629691 5.289165756629691 5.264622064023521 5.3198453723874035 5.289165756629691 5.289165756629691 5.289165756629691 5.3198453723874035 5.227806525114265 5.2339424482658075 5.221670601962723 5.332117218690489 5.270757987175063 5.405748296509 5.350524988145116 5.442563835418255 5.5284667595398505 5.45483568172134 5.411884219660542 5.66959299202533 5.424156065963627 5.473243451175968 5.608233760509904 5.485515297479052 5.258486140871978 5.344389064993574 5.43029198911517 5.313709449235861 5.246214294568893 5.442563835418255 5.565282298449106 5.553010452146021 5.47937937432751 5.737088146692298 6.019340611663256 5.957981380147831 5.859806609723149 5.7616318392984684 5.66959299202533 5.559146375297564 5.553010452146021 5.638913376267617 5.583690067903734 5.553010452146021 
-61.0 -61.5 -60.0 -60.5 -60.5 -60.5 -61.5 -60.5 -60.5 -60.0 -60.5 -61.0 -60.5 -60.0 -60.0 -60.5 -60.0 -60.5 -60.5 -61.5 -61.0 -60.5 -62.0 -56.0 -57.0 -57.0 -57.5 -58.0 -59.5 -60.0 -59.5 -59.0 -59.0 -58.0 -57.5 -57.0 -57.5 -55.5 -57.5 -60.0 -59.5 -60.0 -60.5 -59.5 -59.5 -61.0 -61.5 -61.0 
4.92714629068868 4.859651136021712 4.890330751779424 4.902602598082509 5.0682725231741586 4.9394181369917645 4.908738521234052 4.908738521234052 4.9823695990525625 4.945554060143307 5.019185137961818 4.779884135051658 4.933282213840222 4.884194828627882 4.896466674930966 4.933282213840222 4.945554060143307 4.957825906446392 5.031456984264903 5.062136600022616 5.270757987175063 5.375068680751287 5.50392306693368 5.540738605842936 4.921010367537137 5.540738605842936 5.8045833013592665 5.620505606812989 5.546874528994478 2.3746022596469727 5.540738605842936 5.64504929941916 5.626641529964532 5.749359992995383 5.884350302329319 2.0064468705544187 5.399612373357457 5.577554144752192 5.583690067903734 5.424156065963627 5.246214294568893 4.988505522204105 4.9823695990525625 4.828971520263998 4.822835597112456 5.043728830567988 4.9394181369917645 4.853515212870168 
-63.5 -62.5 -62.0 -63.0 -61.5 -61.5 -61.5 -61.5 -62.0 -62.0 -61.5 -60.5 -61.5 -60.0 -59.5 -60.5 -59.5 -59.5 -61.0 -61.5 -63.5 -62.0 -62.5 -61.5 -61.5 -71.0 -64.5 -63.0 -64.0 -65.0 -63.5 -63.5 -64.5 -65.5 -67.5 -66.5 -60.5 -63.0 -62.5 -60.5 -61.5 -63.0 -63.0 -62.0 -63.0 -63.5 -63.0 -64.5 
