3.104777114680538 2.9575149590435164 3.172272269347506 2.945243112740431 3.2397674240144743 3.117048960983623 3.067961575771282 3.423845118560751 3.117048960983623 3.3318062712876126 3.1231848841351653 3.2949907323783574 3.3379421944391554 3.2336315008629315 3.031146036862027 3.098641191528995 3.2397674240144743 3.3195344249845276 2.988194574801229 3.423845118560751 3.8288160465625602 3.0802334220743677 3.1784081924990484 0.9817477042468103 3.9208548938356986 3.988350048502667 3.6570101983193686 3.5956509668039427 3.2827188860752723 3.147728576741336 3.448388811166921 3.522019888985432 3.6263305825616556 4.025165587411922 3.54042765844006 3.6692820446224537 3.423845118560751 3.0495538063166547 3.5158839658338894 2.521864415283994 2.7550294950426117 3.000466421104314 2.7550294950426117 3.153864499892878 
-64.5 -63.5 -63.5 -64.5 -63.5 -64.5 -64.0 -65.0 -65.0 -65.5 -64.5 -66.0 -65.0 -64.5 -66.0 -65.0 -65.0 -65.5 -68.0 -71.5 -69.0 -66.0 -71.0 -69.5 -67.0 -67.0 -65.5 -64.5 -64.5 -65.5 -66.0 -65.0 -65.5 -69.5 -70.0 -69.0 -69.5 -65.0 -63.5 -65.0 -66.5 -66.0 -66.0 -66.5 
2.1537090261914402 2.061670178918302 2.1598449493429825 2.172116795646068 2.1659808724945253 2.2150682577068657 2.386874105950058 2.1537090261914402 2.184388641949153 2.073942025221387 2.270291566070749 2.086213871524472 2.2396119503130363 2.2150682577068657 2.061670178918302 2.172116795646068 2.1353012567368124 2.098485717827557 2.024854640009046 2.2027964114037806 2.4727770300716534 2.5034566458293663 2.4727770300716534 2.564815877344792 2.773437264497239 6.050020227420969 2.748893571891069 2.730485802436441 2.6691265709210157 2.5402721847386216 2.5157284921324514 2.6384469551633027 2.9820586516496865 3.0495538063166547 2.8777479580734626 2.736621725587984 2.429825568010856 2.3009711818284617 2.325514874434632 2.098485717827557 2.1782527187976104 2.1353012567368124 1.9512235621905356 2.141437179888355 2.098485717827557 2.184388641949153 
-64.5 -64.5 -65.5 -64.5 -64.0 -64.0 -64.0 -65.0 -64.0 -64.5 -65.5 -63.5 -63.5 -63.5 -64.5 -62.5 -64.0 -64.0 -64.5 -64.5 -62.0 -62.5 -64.5 -66.0 -65.0 -64.5 -62.5 -62.0 -62.0 -62.5 -63.0 -63.0 -62.5 -64.5 -66.0 -65.5 -66.5 -63.5 -61.5 -63.0 -63.5 -64.5 -64.0 -64.5 -63.0 -64.0 
0.9203884727313847 0.9081166264282996 0.9142525495798421 0.9203884727313847 0.944932165337555 0.9756117810952678 0.9940195505498954 0.9756117810952678 1.0062913968529805 1.000155473701438 0.9572040116406401 1.055378782065321 1.043106935762236 1.043106935762236 1.0799224746714913 1.0921943209745766 1.0615147052168636 1.055378782065321 1.1106020904292042 4.3074180523828804 1.3314953238847365 1.2087768608538851 1.3621749396424494 1.4726215563702154 1.4173982480063325 1.1719613219446299 1.1535535524900022 1.1965050145508 1.1903690913992575 1.1903690913992575 1.1474176293384597 1.0737865515199487 1.1044661672776617 1.0799224746714913 1.2517283229146832 1.4848934026733007 1.2578642460662257 1.1474176293384597 1.3008157081270237 1.0492428589137786 0.7915340865489908 0.705631162427395 0.6504078540635119 0.7179030087304801 0.7240389318820226 0.7547185476397354 
-49.5 -49.5 -49.5 -49.5 -49.0 -49.0 -49.0 -49.0 -49.0 -49.0 -49.0 -49.0 -49.0 -49.0 -49.0 -48.5 -48.5 -49.0 -49.0 -50.5 -51.5 -52.5 -53.5 -53.0 -51.5 -51.0 -52.0 -52.0 -51.5 -51.0 -51.0 -51.0 -51.0 -50.0 -50.0 -53.0 -53.0 -52.0 -51.0 -50.5 -51.0 -51.0 -51.0 -51.0 -51.0 -51.0 
1.012427320004523 1.043106935762236 1.055378782065321 1.0737865515199487 1.0799224746714913 1.1290098598838318 1.1106020904292042 1.1228739367322893 1.1474176293384597 1.0921943209745766 1.1044661672776617 1.1228739367322893 1.1228739367322893 1.1228739367322893 1.1658253987930873 1.1351457830353744 1.141281706186917 1.1044661672776617 1.1167380135807468 1.248660361338912 1.3437671701878218 1.4542137869155878 1.7548740213411735 1.8039614065535141 1.6198837120072371 1.5401167110371838 1.576932249946439 1.6321555583103222 1.5892040962495242 1.5033011721279284 1.4603497100671303 1.4971652489763858 1.521708941582556 1.3867186322486196 1.4603497100671303 1.662835174068035 1.7303303287350031 1.607611865704152 1.3928545554001621 1.141281706186917 1.000155473701438 0.9756117810952678 0.8835729338221293 0.8651651643675016 0.859029241215959 0.8897088569736719 
-51.0 -50.5 -50.5 -51.0 -51.0 -50.5 -51.0 -50.5 -51.0 -50.5 -51.0 -50.5 -50.5 -50.5 -50.5 -50.5 -50.5 -50.5 -50.5 -51.0 -50.5 -51.5 -51.0 -49.5 -49.5 -50.5 -50.5 -50.0 -50.0 -49.5 -49.5 -50.0 -50.5 -49.5 -49.0 -49.5 -50.0 -51.0 -50.5 -51.0 -52.0 -52.0 -52.5 -52.5 -52.5 -52.5 
1.012427320004523 0.944932165337555 1.0615147052168636 1.0921943209745766 1.0676506283684062 1.0983302441261191 1.1290098598838318 1.0921943209745766 1.0615147052168636 1.0983302441261191 1.0737865515199487 1.1351457830353744 1.1044661672776617 1.0921943209745766 1.0983302441261191 1.184233168247715 1.1106020904292042 1.1903690913992575 1.1535535524900022 1.4603497100671303 1.7916895602504288 2.043262409463674 2.116893487282185 1.9573594853420782 1.8162332528565992 1.7548740213411735 1.8223691760081417 1.8407769454627694 1.7855536370988863 1.6751070203711202 1.6444274046134073 1.6873788666742053 1.662835174068035 1.5953400194010667 1.6137477888556946 1.7426021750380885 2.067806102069844 2.116893487282185 2.0064468705544187 1.521708941582556 1.2640001692177683 1.1658253987930873 1.1719613219446299 1.1106020904292042 1.0921943209745766 1.0615147052168636 
-57.5 -58.0 -58.0 -57.5 -58.0 -57.5 -57.5 -57.0 -56.5 -56.5 -56.5 -56.5 -56.5 -56.5 -56.5 -56.5 -56.0 -56.0 -56.0 -57.5 -57.0 -58.0 -52.5 -51.0 -51.5 -52.0 -52.0 -51.0 -51.0 -51.0 -51.0 -50.5 -51.0 -51.0 -51.0 -50.0 -52.0 -55.0 -56.0 -58.0 -58.5 -58.5 -58.5 -57.5 -57.5 -58.0 
1.5892040962495242 1.607611865704152 1.6321555583103222 1.5953400194010667 1.662835174068035 1.6566992509164924 1.6566992509164924 1.6444274046134073 1.6014759425526093 1.6382914814618648 1.6014759425526093 1.6198837120072371 1.6321555583103222 1.6689710972195777 1.6321555583103222 1.6566992509164924 1.6751070203711202 1.662835174068035 1.6812429435226628 1.7579419829169447 1.9205439464328227 2.2518837966161214 2.2212041808584084 2.098485717827557 2.0923497946760143 2.1782527187976104 2.2641556429192065 2.172116795646068 2.098485717827557 2.086213871524472 2.0493983326152168 1.9941750242513334 2.0371264863121317 2.067806102069844 1.9941750242513334 1.9941750242513334 2.030990563160589 2.1475731030398975 2.0064468705544187 1.662835174068035 1.7119225592803755 1.6444274046134073 1.509437095279471 1.4848934026733007 1.4603497100671303 1.5401167110371838 
-55.0 -54.0 -54.0 -54.0 -54.0 -54.0 -54.0 -54.0 -53.5 -53.5 -53.5 -53.5 -53.5 -53.0 -53.5 -53.0 -53.0 -53.5 -53.0 -54.0 -53.5 -54.0 -52.0 -52.0 -52.5 -54.0 -54.0 -53.5 -54.0 -53.5 -53.0 -53.5 -53.0 -54.0 -53.0 -52.0 -52.0 -52.0 -52.5 -54.5 -54.0 -54.0 -55.0 -55.5 -56.0 -55.5 
5.540738605842936 5.5100589900852235 5.4671075280244255 5.460971604872882 5.375068680751287 5.338253141842031 5.393476450205914 5.344389064993574 5.411884219660542 5.442563835418255 5.344389064993574 5.411884219660542 5.381204603902829 5.3198453723874035 5.295301679781233 5.289165756629691 5.307573526084319 5.387340527054372 5.559146375297564 5.592893952631048 5.822991070813893 6.000932842208628 5.93343768754166 5.780039608753096 5.7616318392984684 5.700272607783043 5.608233760509904 5.497787143782138 5.325981295538946 5.240078371417351 5.117359908386499 5.098952138931871 5.21553467881118 5.448699758569798 5.473243451175968 5.491651220630596 5.767767762450011 5.9518454569962875 5.8659425328746915 5.5284667595398505 5.5284667595398505 5.675728915176872 5.491651220630596 5.270757987175063 5.307573526084319 5.393476450205914 
-62.5 -62.0 -62.0 -62.5 -62.5 -63.5 -63.5 -62.0 -62.0 -62.5 -63.0 -62.5 -62.5 -62.5 -62.0 -62.0 -62.0 -63.0 -62.5 -62.0 -61.5 -61.0 -55.0 -55.5 -56.5 -56.5 -56.5 -57.0 -57.5 -57.5 -57.5 -56.0 -56.5 -57.5 -57.5 -57.0 -55.5 -58.0 -61.0 -61.5 -61.0 -62.0 -61.0 -62.5 -62.5 -62.0 
4.546719055293041 4.804427827657828 4.798291904506286 4.902602598082509 4.767612288748572 4.749204519293945 4.675573441475434 4.792155981354743 4.749204519293945 4.822835597112456 4.828971520263998 4.743068596142402 4.779884135051658 4.963961829597935 4.853515212870168 4.76147636559703 4.847379289718626 4.828971520263998 4.884194828627882 1.8837284075235674 5.313709449235861 5.522330836388308 5.559146375297564 5.148039524144211 5.105088062083414 5.595961914206819 5.485515297479052 5.3627968344482015 5.3627968344482015 5.270757987175063 5.399612373357457 5.332117218690489 5.473243451175968 5.688000761479957 5.2339424482658075 5.129631754689584 5.301437602932776 5.47937937432751 5.2339424482658075 5.2768939103266055 4.994641445355648 5.086680292628786 4.970097752749477 1.8407769454627694 5.111223985234957 
-65.5 -65.0 -64.5 -64.5 -64.0 -63.5 -63.5 -63.0 -63.5 -63.0 -62.0 -63.0 -61.5 -61.5 -61.5 -61.5 -61.0 -61.5 -62.0 -63.0 -61.0 -62.0 -61.0 -59.5 -64.5 -65.0 -62.5 -62.0 -62.0 -63.0 -63.0 -62.5 -63.0 -66.0 -69.5 -61.0 -62.5 -62.0 -60.5 -63.0 -65.0 -67.0 -66.5 -71.0 -70.5 
