3.767456815047135 3.5588354278946874 3.466796580621549 3.5833791205008576 3.552699504743145 3.5036121195308043 3.988350048502667 3.859495662320273 3.522019888985432 3.5588354278946874 3.466796580621549 3.6447383520162835 3.454524734318464 3.6263305825616556 3.423845118560751 3.54042765844006 3.466796580621549 0.4479223900626072 1.3437671701878218 4.411728745959104 4.172427743048944 2.4911847995262812 0.30679615757712825 3.2704470397721868 5.964117303299373 2.5280003384355365 2.521864415283994 3.393165502803038 0.6258641614573416 0.7179030087304801 3.3870295796514958 0.3129320807286708 3.4944082348034904 0.3436116964863836 
-66.0 -66.5 -67.5 -66.5 -66.5 -68.0 -68.0 -67.5 -67.0 -67.0 -67.0 -68.0 -68.5 -68.5 -66.5 -67.0 -66.5 -68.0 -69.5 -65.0 -64.5 -67.0 -69.5 -70.0 -73.5 -70.0 -70.5 -72.0 -69.0 -76.5 -68.5 -69.0 -69.5 -69.0 
1.8714565612204823 1.9696313316451632 1.8162332528565992 1.8039614065535141 1.5953400194010667 1.8285050991596843 1.6444274046134073 1.7732817907958012 1.8100973297050567 1.8714565612204823 1.9082721001297376 1.8960002538266525 1.9144080232812801 1.9573594853420782 1.8407769454627694 1.859184714917397 1.8530487917658545 1.9205439464328227 1.8837284075235674 5.252350217720435 2.4605051837685683 1.88986433067511 1.8530487917658545 1.9512235621905356 2.0923497946760143 1.9757672547967058 2.116893487282185 2.36846633649543 1.8960002538266525 1.7303303287350031 1.5401167110371838 1.4971652489763858 1.607611865704152 1.748738098189631 1.8285050991596843 1.9205439464328227 1.9266798695843652 5.074408446325701 1.736466251886546 1.7978254834019713 1.7303303287350031 
-60.5 -62.0 -63.0 -61.5 -62.5 -62.5 -62.5 -62.5 -62.5 -62.5 -63.0 -62.5 -63.0 -63.0 -63.0 -63.5 -62.5 -62.0 -63.5 -66.5 -63.0 -62.0 -60.5 -61.0 -61.0 -59.5 -62.0 -64.5 -67.5 -63.0 -61.5 -60.0 -59.5 -59.5 -60.0 -58.5 -58.0 -59.5 -59.0 -59.0 -59.5 
1.423534171157875 1.4480778637640452 1.4542137869155878 1.4296700943094176 1.4910293258248433 1.4480778637640452 1.4848934026733007 1.4848934026733007 1.4787574795217582 1.509437095279471 1.4726215563702154 1.41126232485479 1.4726215563702154 1.4726215563702154 1.4542137869155878 1.4358060174609601 1.4051264017032472 1.3989904785517047 4.482291862201843 1.214912784005428 1.1903690913992575 1.086058397823034 1.4173982480063325 1.4358060174609601 1.2885438618239387 1.227184630308513 1.1965050145508 1.184233168247715 1.1474176293384597 1.000155473701438 1.086058397823034 1.2210487071569704 1.3867186322486196 1.3867186322486196 1.086058397823034 1.1351457830353744 1.368310862793992 1.4603497100671303 1.4848934026733007 1.5278448647340985 1.5155730184310134 4.703185095657376 1.509437095279471 1.5401167110371838 1.5155730184310134 
-48.5 -49.0 -49.0 -49.0 -49.0 -49.5 -49.5 -49.5 -49.5 -49.5 -49.5 -50.0 -49.5 -49.5 -49.5 -49.0 -49.5 -48.5 -48.0 -48.5 -50.0 -51.0 -54.0 -52.0 -52.0 -53.0 -55.0 -55.5 -56.5 -56.5 -55.5 -55.0 -54.0 -56.0 -53.5 -51.5 -51.0 -50.0 -49.5 -49.5 -50.0 -50.5 -50.5 -50.0 -50.0 
1.337631247036279 1.3437671701878218 1.3499030933393643 1.3314953238847365 1.3130875544301088 1.3499030933393643 1.3437671701878218 1.3437671701878218 1.380582709097077 1.4173982480063325 1.4173982480063325 1.368310862793992 1.3867186322486196 1.368310862793992 1.2946797849754812 1.3499030933393643 1.337631247036279 1.1903690913992575 1.162757437217316 1.1474176293384597 1.1658253987930873 1.380582709097077 1.576932249946439 1.5585244804918115 1.5401167110371838 1.6689710972195777 1.552388557340269 1.521708941582556 1.4480778637640452 1.5585244804918115 1.6321555583103222 1.576932249946439 1.6935147898257479 1.7241944055834606 1.41126232485479 1.2517283229146832 1.1290098598838318 1.1044661672776617 1.184233168247715 1.239456476611598 1.3192234775816514 1.325359400733194 1.2455923997631406 1.3437671701878218 1.3621749396424494 
-49.5 -49.0 -49.0 -49.5 -49.5 -49.5 -49.5 -49.5 -49.5 -49.5 -49.0 -49.0 -49.0 -49.0 -49.5 -49.5 -49.0 -49.0 -50.0 -50.5 -51.0 -52.0 -52.0 -50.5 -51.5 -51.5 -51.5 -52.0 -52.5 -52.5 -52.5 -53.0 -51.0 -54.0 -53.5 -53.0 -52.0 -51.0 -50.5 -50.0 -50.5 -51.0 -50.0 -50.0 -50.0 
1.8039614065535141 1.88986433067511 1.7794177139473437 1.8162332528565992 1.8346410223112268 1.7794177139473437 1.846912868614312 1.8162332528565992 1.8960002538266525 1.8714565612204823 1.88986433067511 1.88986433067511 1.8775924843720249 1.8653206380689396 1.859184714917397 1.859184714917397 1.7855536370988863 1.7855536370988863 4.804427827657828 1.8407769454627694 2.0800779483729293 2.110757564130642 2.000310947402876 1.859184714917397 1.9880391010997909 2.282563412373834 2.227340104009951 2.282563412373834 2.2641556429192065 2.337786720737717 2.386874105950058 2.4175537217077703 2.024854640009046 2.2027964114037806 2.356194490192345 2.429825568010856 2.2764274892222915 1.8775924843720249 1.7978254834019713 1.8653206380689396 1.8285050991596843 1.9266798695843652 1.88986433067511 1.8837284075235674 1.8714565612204823 
-49.5 -49.5 -49.5 -50.0 -49.5 -49.5 -49.5 -49.5 -49.5 -49.5 -49.5 -49.0 -49.0 -49.0 -49.0 -48.5 -49.0 -49.0 -51.5 -53.0 -52.0 -51.5 -48.0 -50.5 -52.0 -53.5 -52.5 -54.0 -56.0 -56.5 -56.5 -57.5 -56.0 -51.5 -52.0 -56.0 -56.5 -55.0 -53.0 -51.5 -50.5 -51.5 -50.5 -50.0 -50.0 
2.024854640009046 2.0064468705544187 1.9880391010997909 2.0064468705544187 2.0064468705544187 2.055534255766759 2.061670178918302 2.061670178918302 2.061670178918302 2.086213871524472 2.0923497946760143 2.067806102069844 2.055534255766759 2.055534255766759 2.030990563160589 2.000310947402876 2.012582793705961 1.9757672547967058 1.7732817907958012 1.8162332528565992 2.36846633649543 2.4911847995262812 2.1537090261914402 2.3316507975861747 2.350058567040802 2.325514874434632 2.4727770300716534 2.442097414313941 2.466641106920111 2.429825568010856 2.405281875404685 2.4850488763747385 2.497320722677824 2.2518837966161214 2.478912953223196 2.466641106920111 2.184388641949153 1.8653206380689396 1.8039614065535141 1.9266798695843652 1.9880391010997909 5.194058947780781 2.0800779483729293 2.012582793705961 2.030990563160589 
-50.0 -50.5 -50.5 -50.5 -50.0 -50.5 -50.0 -49.5 -49.5 -50.0 -49.5 -49.5 -49.5 -49.5 -49.5 -49.5 -49.5 -49.5 -52.5 -54.0 -55.0 -53.0 -52.0 -53.5 -53.0 -53.5 -54.0 -54.0 -55.0 -55.5 -56.0 -54.5 -56.0 -54.0 -53.5 -55.5 -58.0 -54.5 -52.5 -52.0 -51.0 -52.0 -51.0 -51.0 -51.0 
4.565126824747668 4.509903516383785 4.534447208989955 4.595806440505381 4.620350133111551 4.546719055293041 4.626486056263094 4.675573441475434 4.693981210930062 4.693981210930062 4.73693267299086 4.798291904506286 4.755340442445488 4.675573441475434 4.71238898038469 4.540583132141498 4.601942363656923 4.509903516383785 4.169359781473172 5.540738605842936 6.1850105367549055 5.5714182216006485 5.724816300389213 5.915029918087033 6.117515382087937 6.215690152512618 5.8475347634200645 5.902758071783947 5.841398840268521 6.080699843178682 5.66959299202533 5.45483568172134 5.344389064993574 6.013204688511713 0.06135923151542565 6.050020227420969 4.178563666200486 4.3933209765044765 4.362641360746763 4.227651051412827 4.3074180523828804 4.430136515413731 
-64.0 -64.0 -63.0 -63.5 -63.0 -63.0 -62.5 -61.5 -62.5 -62.5 -61.5 -62.5 -62.5 -62.0 -62.0 -61.5 -61.5 -61.5 -65.0 -67.5 -61.5 -59.0 -64.0 -64.0 -60.5 -63.0 -64.5 -64.5 -63.0 -62.0 -65.0 -62.5 -60.0 -59.0 -60.5 -66.0 -64.0 -62.5 -65.0 -63.5 -64.0 -62.5 
5.301437602932776 5.258486140871978 5.405748296509 5.350524988145116 5.424156065963627 5.43029198911517 5.497787143782138 5.45483568172134 5.313709449235861 5.43029198911517 5.546874528994478 5.221670601962723 5.460971604872882 5.442563835418255 5.338253141842031 5.313709449235861 5.399612373357457 5.448699758569798 5.255418179296207 6.135923151542564 3.3195344249845276 0.2761165418194154 0.1349903093339364 0.5951845456996288 0.2945243112740431 0.14726215563702155 6.22182607566416 0.4356505437595221 6.111379458936394 0.3865631585471816 2.9329712664373457 4.994641445355648 5.246214294568893 5.2768939103266055 5.332117218690489 5.160311370447297 5.399612373357457 
-61.0 -60.5 -60.0 -60.5 -61.0 -60.5 -59.5 -60.0 -59.5 -59.5 -60.0 -60.0 -59.0 -59.5 -60.0 -60.5 -59.5 -60.0 -64.5 -60.0 -66.5 -61.5 -63.5 -63.5 -64.5 -64.5 -66.0 -68.0 -64.5 -64.5 -74.0 -63.5 -61.0 -61.5 -61.5 -61.0 -61.0 
