0.3374757733348411 0.28838838812250056 3.313398501832985 3.356349963893783 0.1349903093339364 3.117048960983623 2.9329712664373457 3.2459033471660166 3.129320807286708 0.23930100291016002 3.117048960983623 0.32520392703175593 0.7669903939428205 4.460816131171445 4.123340357836604 3.5588354278946874 3.1661363461959633 0.018407769454627694 0.3988350048502667 0.16566992509164924 0.2945243112740431 0.705631162427395 0.9203884727313847 0.37429131224409645 0.4356505437595221 0.380427235395639 0.5829126993965437 0.8344855486097889 
-66.5 -66.5 -65.0 -65.0 -66.0 -64.0 -64.0 -64.5 -64.0 -66.0 -65.0 -66.5 -69.5 -66.0 -61.5 -60.5 -64.0 -68.5 -73.0 -73.0 -70.0 -70.5 -67.5 -69.5 -69.5 -70.0 -70.5 -71.0 
1.9696313316451632 2.067806102069844 5.283029833478148 2.2641556429192065 2.325514874434632 2.2886993355253766 1.6444274046134073 2.1659808724945253 5.393476450205914 2.1782527187976104 2.0923497946760143 5.368932757599744 2.1230294104337273 2.1046216409791 2.067806102069844 1.8775924843720249 2.9943304979527716 2.086213871524472 1.9389517158874505 1.8530487917658545 1.736466251886546 1.8039614065535141 2.098485717827557 2.5464081078901644 1.2640001692177683 1.3928545554001621 1.552388557340269 1.4848934026733007 1.4971652489763858 1.380582709097077 1.8039614065535141 1.7426021750380885 1.859184714917397 1.846912868614312 1.7548740213411735 
-65.5 -64.5 -66.5 -64.5 -67.0 -67.5 -66.5 -65.0 -67.5 -67.5 -65.0 -68.0 -68.5 -65.5 -66.5 -66.0 -63.0 -62.0 -62.0 -61.5 -60.5 -60.5 -61.5 -65.0 -61.5 -62.0 -63.0 -61.0 -60.5 -60.0 -59.0 -59.5 -59.5 -59.0 -58.0 
1.0615147052168636 1.012427320004523 1.0185632431560658 0.8774370106705868 0.9572040116406401 0.9081166264282996 0.8958447801252144 0.8651651643675016 0.9572040116406401 0.9019807032767571 0.9019807032767571 0.9572040116406401 0.9756117810952678 1.0185632431560658 1.0062913968529805 0.944932165337555 0.8774370106705868 1.0369710126106935 1.1351457830353744 1.3130875544301088 1.337631247036279 1.2946797849754812 1.2455923997631406 1.2762720155208536 1.2517283229146832 1.2517283229146832 1.2517283229146832 1.3008157081270237 1.282407938672396 1.6260196351587797 1.337631247036279 1.2701360923693108 1.3560390164909069 1.325359400733194 1.3314953238847365 1.2885438618239387 1.380582709097077 1.41126232485479 1.4480778637640452 1.4051264017032472 1.5278448647340985 1.576932249946439 
-49.0 -49.0 -49.0 -49.0 -49.0 -49.0 -49.0 -49.0 -49.0 -49.0 -49.0 -49.0 -49.0 -49.5 -49.0 -49.0 -49.0 -49.5 -49.5 -51.5 -50.5 -50.0 -51.0 -52.0 -53.0 -53.5 -53.5 -52.0 -51.0 -51.5 -52.5 -51.0 -50.0 -49.5 -49.0 -49.5 -50.0 -50.5 -51.5 -52.0 -52.0 -52.0 
1.0615147052168636 1.0737865515199487 1.030835089459151 0.9817477042468103 1.0185632431560658 0.9756117810952678 0.9694758579437253 0.8774370106705868 0.9878836273983529 0.9817477042468103 0.944932165337555 0.9387962421860124 0.9694758579437253 0.9756117810952678 1.043106935762236 0.9756117810952678 1.0246991663076084 0.8835729338221293 0.9387962421860124 1.0921943209745766 1.2762720155208536 1.337631247036279 1.4910293258248433 1.41126232485479 1.5830681730979816 1.6014759425526093 1.521708941582556 1.552388557340269 1.5462526341887264 1.705786636128833 1.4848934026733007 1.6873788666742053 1.6382914814618648 1.423534171157875 1.2210487071569704 1.1474176293384597 1.1106020904292042 1.2026409377023426 1.2026409377023426 1.282407938672396 1.3130875544301088 1.3560390164909069 1.3867186322486196 1.3744467859455345 
-50.5 -50.5 -50.5 -51.0 -51.0 -51.0 -51.0 -51.0 -50.5 -51.0 -51.0 -51.0 -51.0 -50.5 -50.0 -50.5 -50.5 -51.0 -52.0 -51.5 -51.0 -50.5 -50.0 -50.0 -50.5 -50.0 -50.5 -51.0 -50.5 -51.0 -50.0 -49.5 -51.5 -52.0 -51.5 -51.0 -51.0 -50.0 -50.5 -50.5 -51.0 -50.0 -50.5 -50.5 
1.1780972450961724 1.1044661672776617 1.1658253987930873 1.1903690913992575 1.012427320004523 1.0062913968529805 1.0615147052168636 1.0676506283684062 1.0615147052168636 1.0676506283684062 1.0921943209745766 1.0615147052168636 1.043106935762236 1.1106020904292042 1.239456476611598 1.184233168247715 1.141281706186917 1.1106020904292042 1.0737865515199487 1.4173982480063325 1.7794177139473437 1.761009944492716 1.6198837120072371 1.6321555583103222 1.932815792735908 2.030990563160589 2.018718716857504 2.043262409463674 2.0800779483729293 2.12916533358527 1.8653206380689396 1.7794177139473437 2.0064468705544187 1.9634954084936207 2.012582793705961 1.7119225592803755 1.5155730184310134 1.552388557340269 1.5830681730979816 1.6444274046134073 1.6751070203711202 1.736466251886546 1.8100973297050567 1.748738098189631 
-50.0 -49.5 -49.5 -49.5 -50.0 -50.0 -50.5 -50.5 -50.5 -50.5 -50.5 -50.5 -50.5 -50.0 -49.5 -50.0 -50.0 -50.0 -52.5 -52.0 -49.0 -47.0 -49.0 -49.5 -50.5 -49.5 -50.0 -50.0 -50.5 -51.0 -51.0 -48.5 -47.0 -49.0 -51.5 -53.0 -52.0 -50.5 -49.5 -49.5 -49.5 -49.0 -49.0 -49.0 
1.607611865704152 1.5585244804918115 1.5278448647340985 1.564660403643354 1.4971652489763858 1.4480778637640452 1.41126232485479 1.4480778637640452 1.4971652489763858 1.4542137869155878 1.4910293258248433 1.5462526341887264 1.5401167110371838 1.5278448647340985 1.5401167110371838 1.5462526341887264 1.4971652489763858 1.7119225592803755 2.030990563160589 2.018718716857504 1.9941750242513334 2.0800779483729293 2.0800779483729293 2.2212041808584084 2.227340104009951 2.227340104009951 2.3439226438892597 2.2089323345553233 2.1966604882522383 2.018718716857504 2.12916533358527 2.2334760271614935 1.9573594853420782 1.6566992509164924 1.705786636128833 1.8100973297050567 1.9205439464328227 1.9205439464328227 2.073942025221387 2.0493983326152168 2.1353012567368124 2.184388641949153 
-51.5 -51.5 -51.5 -52.0 -52.0 -52.0 -52.5 -52.0 -52.0 -52.0 -52.0 -51.5 -51.5 -51.0 -51.5 -52.0 -54.5 -53.5 -51.0 -51.0 -52.5 -51.5 -51.5 -52.0 -52.0 -52.0 -52.5 -52.0 -52.0 -53.0 -50.0 -51.5 -53.5 -53.0 -52.0 -51.0 -50.0 -49.5 -50.0 -50.0 -50.0 -50.0 
4.356505437595221 4.252194744018997 3.6570101983193686 4.387185053352934 3.7551849687440497 4.111068511533518 4.104932588381976 3.933126740138784 4.276738436625168 4.368777283898306 4.28287435977671 3.9699422790480394 6.031612457966341 5.5714182216006485 5.3627968344482015 5.632777453116074 5.9518454569962875 6.086835766330224 6.056156150572511 6.154330920997192 6.0991076126333095 6.000932842208628 5.816855147662351 5.632777453116074 6.160466844148735 6.2463697682703305 6.154330920997192 4.06811704947272 4.000621894805752 4.3503695144436785 4.381049130201391 4.792155981354743 4.620350133111551 
-66.0 -67.0 -65.5 -67.0 -67.0 -68.0 -68.0 -67.0 -65.0 -66.5 -67.0 -67.0 -60.0 -58.5 -62.5 -60.5 -60.5 -59.0 -61.0 -62.0 -61.0 -59.5 -62.0 -56.0 -56.5 -61.0 -65.0 -71.0 -69.0 -68.0 -64.5 -66.0 -64.0 
5.062136600022616 5.019185137961818 4.97623367590102 5.019185137961818 5.013049214810275 4.804427827657828 4.878058905476339 4.798291904506286 5.135767677841127 5.080544369477243 4.828971520263998 5.006913291658733 5.0682725231741586 4.884194828627882 5.111223985234957 5.117359908386499 5.853670686571607 5.2768939103266055 6.19728238305799 5.730952223540755 0.04295146206079795 6.178874613603362 6.14819499784565 6.117515382087937 6.160466844148735 0.2270291566070749 6.068427996875596 6.000932842208628 5.988660995905543 6.000932842208628 2.2886993355253766 5.424156065963627 5.565282298449106 5.522330836388308 5.651185222570702 5.66959299202533 5.700272607783043 5.6143696836614465 
-61.5 -60.5 -60.5 -62.0 -62.0 -62.5 -62.5 -62.5 -63.5 -62.0 -62.0 -62.5 -62.0 -62.0 -60.5 -62.0 -57.0 -60.0 -62.0 -61.0 -62.5 -60.0 -59.5 -59.5 -60.0 -63.0 -63.0 -58.5 -62.5 -65.0 -65.0 -62.5 -59.5 -59.0 -59.0 -58.5 -57.5 -57.5 
