3.816544200259475 3.6201946594101133 3.5465635815916023 3.1231848841351653 3.693825737228624 0.6442719309119693 3.399301425954581 3.859495662320273 3.6324665057131984 4.006757817957295 3.6876898140770815 3.706097583531709 0.760854470791278 3.785864584501762 0.8897088569736719 1.4173982480063325 4.773748211900116 4.540583132141498 3.6386024288647407 2.718213956133356 6.166602767300278 2.8102528034064944 2.7979809571034093 0.47860200582032003 1.3130875544301088 1.086058397823034 0.7301748550335652 
-66.5 -65.5 -65.5 -65.5 -66.0 -67.0 -65.5 -66.0 -66.0 -67.0 -66.5 -66.5 -67.5 -67.0 -68.5 -68.5 -67.5 -65.0 -64.0 -68.5 -70.0 -68.5 -70.0 -70.5 -69.0 -76.5 -73.5 
1.932815792735908 1.7548740213411735 1.8285050991596843 1.748738098189631 1.9082721001297376 1.761009944492716 1.6321555583103222 1.9819031779482483 1.8653206380689396 1.748738098189631 1.7548740213411735 1.7241944055834606 1.6444274046134073 1.6321555583103222 1.736466251886546 1.662835174068035 1.748738098189631 1.6566992509164924 1.509437095279471 4.743068596142402 1.8100973297050567 2.1353012567368124 2.5464081078901644 2.5770877236478773 2.509592568980909 2.2457478734645786 2.1230294104337273 2.061670178918302 2.0800779483729293 2.0064468705544187 2.2334760271614935 2.5341362615870793 2.086213871524472 1.846912868614312 1.7303303287350031 1.8530487917658545 1.8285050991596843 1.7548740213411735 1.9757672547967058 1.9634954084936207 2.018718716857504 2.110757564130642 2.0800779483729293 1.932815792735908 1.9634954084936207 
-65.0 -65.5 -64.5 -65.0 -66.0 -67.0 -65.5 -66.0 -65.0 -64.5 -64.0 -65.0 -65.0 -65.0 -63.5 -65.0 -65.0 -64.0 -64.5 -67.0 -67.0 -63.0 -66.5 -63.5 -64.0 -62.0 -60.0 -60.0 -59.0 -59.0 -59.5 -63.5 -65.0 -61.5 -59.5 -58.5 -59.5 -59.5 -58.0 -58.5 -59.0 -59.0 -60.0 -60.0 -59.5 
1.214912784005428 1.2517283229146832 1.2026409377023426 1.239456476611598 1.214912784005428 1.2026409377023426 1.2578642460662257 1.2701360923693108 1.2885438618239387 1.2701360923693108 1.2578642460662257 1.2517283229146832 1.2578642460662257 1.2517283229146832 1.2517283229146832 1.2517283229146832 1.2517283229146832 1.2333205534600555 1.214912784005428 1.2455923997631406 1.3192234775816514 1.3130875544301088 1.3928545554001621 1.3314953238847365 1.2578642460662257 1.282407938672396 1.1535535524900022 1.1290098598838318 1.1780972450961724 1.141281706186917 1.1044661672776617 1.1965050145508 1.3130875544301088 1.3437671701878218 1.2026409377023426 1.2946797849754812 1.4726215563702154 1.3928545554001621 1.509437095279471 1.4726215563702154 1.5155730184310134 1.5155730184310134 1.4910293258248433 1.423534171157875 1.3928545554001621 
-49.0 -48.5 -49.0 -48.5 -48.5 -48.5 -49.0 -48.5 -48.5 -49.0 -48.5 -48.5 -49.0 -49.0 -49.0 -49.0 -49.0 -49.0 -48.5 -48.5 -50.0 -51.0 -52.5 -52.0 -52.5 -53.0 -54.0 -55.5 -55.5 -56.0 -55.5 -54.5 -51.5 -54.0 -52.0 -51.5 -50.5 -49.5 -50.0 -50.5 -51.0 -52.0 -52.5 -53.0 -52.5 
1.1351457830353744 1.1351457830353744 1.1290098598838318 1.1719613219446299 1.141281706186917 1.1658253987930873 1.2026409377023426 1.0369710126106935 1.1719613219446299 1.1719613219446299 1.184233168247715 1.1535535524900022 1.1658253987930873 1.1658253987930873 1.141281706186917 1.1535535524900022 1.1535535524900022 1.1596894756415448 1.0799224746714913 1.0799224746714913 1.2333205534600555 1.3499030933393643 1.3928545554001621 1.521708941582556 1.6137477888556946 1.662835174068035 1.6260196351587797 1.5155730184310134 1.4480778637640452 1.509437095279471 1.6751070203711202 1.6321555583103222 1.576932249946439 1.6689710972195777 1.3928545554001621 1.2026409377023426 1.1290098598838318 1.1596894756415448 1.227184630308513 1.3744467859455345 1.3621749396424494 1.4480778637640452 1.4419419406125027 1.4848934026733007 1.5033011721279284 
-50.0 -49.5 -50.0 -50.0 -50.0 -50.0 -50.0 -50.0 -50.0 -50.0 -49.5 -50.0 -49.5 -50.0 -50.0 -50.0 -50.0 -50.5 -50.5 -51.0 -50.5 -50.5 -51.0 -51.0 -51.5 -51.5 -51.0 -52.0 -52.0 -52.0 -52.0 -52.5 -50.5 -52.5 -52.5 -51.0 -49.5 -49.0 -49.5 -50.0 -50.5 -50.0 -50.5 -50.5 -50.5 
1.4419419406125027 1.4480778637640452 1.4358060174609601 1.4296700943094176 1.4787574795217582 1.4726215563702154 1.41126232485479 1.4726215563702154 1.4419419406125027 1.4603497100671303 1.3499030933393643 1.509437095279471 1.4603497100671303 1.4480778637640452 1.3867186322486196 1.4358060174609601 1.3989904785517047 1.3437671701878218 1.3192234775816514 1.41126232485479 2.000310947402876 2.000310947402876 1.8960002538266525 1.8530487917658545 1.9880391010997909 2.172116795646068 2.227340104009951 2.2089323345553233 2.2580197197676637 2.2212041808584084 2.313243028131547 2.411417798556228 2.030990563160589 2.172116795646068 2.2580197197676637 2.1659808724945253 2.0923497946760143 1.736466251886546 1.6505633277649499 1.748738098189631 1.8530487917658545 1.846912868614312 1.8653206380689396 1.8960002538266525 1.8775924843720249 
-50.0 -50.0 -50.0 -50.0 -50.5 -50.0 -50.0 -50.0 -50.0 -50.0 -50.0 -50.0 -50.0 -50.0 -50.0 -50.0 -50.0 -50.0 -51.0 -52.5 -50.5 -49.5 -48.5 -51.0 -51.0 -51.5 -52.0 -52.0 -53.0 -53.5 -53.0 -54.0 -52.5 -48.5 -51.5 -53.5 -54.5 -54.5 -52.0 -50.5 -49.5 -49.5 -49.0 -49.5 -49.0 
1.7241944055834606 1.7916895602504288 1.7119225592803755 1.7794177139473437 1.7241944055834606 1.7426021750380885 1.7119225592803755 1.7426021750380885 1.8285050991596843 1.7303303287350031 1.7671458676442586 1.748738098189631 1.761009944492716 1.8039614065535141 1.718058482431918 1.761009944492716 1.6198837120072371 1.7119225592803755 1.662835174068035 1.7241944055834606 2.018718716857504 2.3193789512830896 2.2150682577068657 2.2396119503130363 2.411417798556228 2.356194490192345 2.399145952253143 2.4605051837685683 2.429825568010856 2.5034566458293663 2.423689644859313 2.454369260617026 2.466641106920111 2.172116795646068 2.5464081078901644 2.3439226438892597 1.9144080232812801 1.8530487917658545 1.8714565612204823 1.9573594853420782 2.12916533358527 2.110757564130642 2.172116795646068 2.141437179888355 2.1353012567368124 
-50.5 -51.0 -50.5 -51.0 -50.5 -51.0 -51.0 -50.5 -51.0 -51.0 -51.0 -51.0 -50.5 -50.5 -50.5 -50.5 -51.0 -50.5 -51.5 -53.0 -53.5 -52.0 -53.0 -53.5 -52.5 -52.5 -53.5 -53.5 -54.0 -54.5 -54.5 -53.0 -54.5 -51.5 -51.5 -55.0 -54.5 -53.0 -51.0 -50.5 -50.0 -50.0 -50.0 -50.0 -49.5 
4.957825906446392 4.252194744018997 4.221515128261284 4.025165587411922 4.227651051412827 4.184699589352029 4.2092432819582 4.331961744989051 4.362641360746763 4.319689898685965 4.135612204139688 4.246058820867455 4.319689898685965 4.411728745959104 4.522175362686871 4.270602513473625 4.289010282928253 4.123340357836604 5.902758071783947 5.921165841238575 5.135767677841127 5.878214379177777 5.675728915176872 6.160466844148735 6.2463697682703305 6.043884304269426 6.043884304269426 5.927301764390117 5.970253226450915 5.93343768754166 5.749359992995383 5.620505606812989 0.018407769454627694 6.191146459906448 6.191146459906448 4.368777283898306 4.651029748869264 4.565126824747668 4.73693267299086 4.945554060143307 4.71238898038469 
-65.0 -64.0 -64.0 -65.5 -66.0 -65.0 -64.5 -64.5 -64.0 -65.5 -65.0 -63.5 -64.5 -64.5 -65.0 -64.0 -64.5 -66.0 -67.0 -60.0 -63.0 -62.5 -64.5 -62.5 -60.5 -63.0 -64.0 -64.0 -61.5 -62.5 -63.5 -57.5 -58.5 -62.0 -63.0 -64.5 -65.0 -64.0 -64.0 -63.5 -63.0 
5.178719139901925 5.2768939103266055 5.166447293598839 5.2339424482658075 5.258486140871978 5.436427912266712 5.080544369477243 5.21553467881118 5.129631754689584 5.049864753719531 5.129631754689584 5.240078371417351 5.160311370447297 5.227806525114265 5.221670601962723 5.264622064023521 5.117359908386499 5.2339424482658075 5.436427912266712 2.9329712664373457 5.970253226450915 0.4663301595172349 0.01227184630308513 0.3129320807286708 0.3374757733348411 0.04908738521234052 0.06135923151542565 0.21475731030398976 0.4724660826687775 0.0674951546669682 0.30066023442558565 0.09817477042468103 5.8659425328746915 5.424156065963627 5.516194913236766 5.780039608753096 5.4671075280244255 5.6573211457222445 5.626641529964532 5.878214379177777 
-61.5 -61.5 -62.0 -61.5 -61.5 -62.0 -62.0 -61.5 -61.5 -61.5 -61.0 -60.5 -60.0 -60.5 -60.5 -59.5 -60.5 -61.0 -64.5 -65.0 -59.0 -66.5 -63.0 -65.0 -62.5 -62.0 -63.5 -64.0 -66.0 -65.0 -65.5 -64.5 -66.5 -66.0 -61.0 -59.0 -58.5 -59.0 -59.0 -57.5 
