3.902447124381071 3.7122335066832517 0.7976700097005334 0.8283496254582462 0.9203884727313847 0.8958447801252144 0.9019807032767571 0.9510680884890975 1.3744467859455345 3.2336315008629315 6.277049384028044 2.8532042654672924 4.853515212870168 5.583690067903734 
-67.5 -64.0 -68.5 -69.0 -68.5 -68.5 -68.5 -67.5 -69.0 -66.0 -71.0 -68.0 -67.0 -70.0 
1.9266798695843652 1.7855536370988863 2.1598449493429825 1.8714565612204823 1.9082721001297376 1.8407769454627694 1.8837284075235674 2.0371264863121317 1.9144080232812801 1.902136176978195 2.0493983326152168 1.8039614065535141 1.7855536370988863 1.8775924843720249 1.932815792735908 1.9819031779482483 1.8653206380689396 2.086213871524472 2.1475731030398975 1.9512235621905356 4.878058905476339 4.693981210930062 1.6751070203711202 1.1351457830353744 2.6139032625571326 2.3930100291016 2.1659808724945253 2.116893487282185 2.086213871524472 2.086213871524472 2.1966604882522383 2.429825568010856 2.1966604882522383 5.049864753719531 1.8837284075235674 1.9941750242513334 2.000310947402876 1.9205439464328227 1.8100973297050567 1.9757672547967058 1.9634954084936207 1.9819031779482483 1.9389517158874505 
-62.5 -62.0 -62.5 -61.5 -62.0 -62.5 -62.5 -64.0 -63.0 -62.0 -63.0 -61.5 -63.5 -63.0 -64.0 -63.5 -62.0 -63.5 -62.0 -61.0 -64.5 -65.0 -65.5 -62.0 -64.5 -63.0 -62.5 -60.0 -59.5 -59.0 -59.5 -61.5 -64.5 -63.0 -60.5 -59.0 -58.5 -60.5 -60.0 -59.5 -59.0 -59.5 -59.5 
1.4787574795217582 1.4664856332186729 1.41126232485479 1.4542137869155878 1.3989904785517047 1.4051264017032472 1.3499030933393643 1.368310862793992 1.3560390164909069 1.337631247036279 1.337631247036279 1.3069516312785663 1.380582709097077 1.337631247036279 1.368310862793992 1.337631247036279 1.368310862793992 1.3437671701878218 1.325359400733194 1.3192234775816514 1.2885438618239387 1.239456476611598 4.387185053352934 1.227184630308513 1.282407938672396 1.3437671701878218 1.4173982480063325 1.380582709097077 1.2946797849754812 1.337631247036279 1.239456476611598 1.3069516312785663 1.2517283229146832 1.2640001692177683 1.3314953238847365 1.337631247036279 1.4296700943094176 1.3621749396424494 1.3867186322486196 1.5401167110371838 1.6382914814618648 1.5707963267948966 1.5953400194010667 1.5401167110371838 1.5953400194010667 1.6260196351587797 
-51.0 -51.0 -50.5 -50.5 -50.0 -50.0 -50.0 -50.0 -50.0 -50.0 -50.0 -50.0 -50.0 -50.0 -50.0 -50.5 -50.5 -50.0 -50.5 -50.0 -50.0 -50.0 -50.0 -48.5 -50.0 -50.5 -51.0 -51.0 -51.5 -52.0 -54.5 -54.5 -55.0 -55.0 -53.5 -51.0 -52.5 -51.5 -51.0 -52.0 -52.0 -51.0 -51.5 -52.0 -53.0 -53.5 
1.380582709097077 1.3928545554001621 1.3928545554001621 1.3744467859455345 1.3008157081270237 1.3928545554001621 1.337631247036279 1.3499030933393643 1.3560390164909069 1.325359400733194 1.3499030933393643 1.3008157081270237 1.2885438618239387 1.325359400733194 1.3192234775816514 1.325359400733194 1.3499030933393643 1.3008157081270237 1.3928545554001621 1.337631247036279 1.184233168247715 1.2762720155208536 1.162757437217316 0.9817477042468103 1.1596894756415448 1.2455923997631406 1.3928545554001621 1.4848934026733007 1.6505633277649499 1.6566992509164924 1.5892040962495242 1.5401167110371838 1.509437095279471 1.5953400194010667 1.7855536370988863 1.552388557340269 1.7241944055834606 1.5278448647340985 1.337631247036279 1.2762720155208536 1.337631247036279 1.282407938672396 1.1658253987930873 1.3499030933393643 1.3928545554001621 1.4664856332186729 
-49.5 -50.0 -49.5 -49.5 -49.5 -49.5 -49.5 -49.5 -49.5 -49.0 -49.5 -49.5 -49.0 -49.0 -49.0 -49.5 -49.5 -49.5 -49.5 -49.5 -49.5 -49.5 -50.5 -50.5 -50.0 -50.0 -50.0 -50.5 -51.0 -51.5 -51.5 -52.0 -52.0 -51.5 -51.5 -51.0 -50.5 -51.0 -51.0 -50.0 -49.5 -49.0 -49.5 -50.0 -51.0 -51.0 
1.7855536370988863 1.7303303287350031 1.7241944055834606 1.7119225592803755 1.6812429435226628 1.705786636128833 1.6689710972195777 1.6873788666742053 1.6382914814618648 1.5953400194010667 1.607611865704152 1.564660403643354 1.576932249946439 1.552388557340269 1.576932249946439 1.5707963267948966 1.564660403643354 1.5892040962495242 1.5462526341887264 1.521708941582556 1.4848934026733007 1.423534171157875 1.3499030933393643 1.214912784005428 1.859184714917397 1.88986433067511 1.7916895602504288 1.7671458676442586 1.859184714917397 2.110757564130642 2.1230294104337273 2.1537090261914402 2.1659808724945253 2.1598449493429825 2.2089323345553233 1.9512235621905356 1.859184714917397 1.9389517158874505 2.030990563160589 1.8960002538266525 1.9144080232812801 1.662835174068035 1.718058482431918 1.6873788666742053 1.8039614065535141 1.859184714917397 
-49.5 -49.0 -49.5 -49.5 -49.0 -49.5 -49.5 -49.5 -49.5 -49.5 -49.5 -49.5 -49.5 -49.5 -49.5 -49.0 -49.5 -49.5 -49.5 -49.5 -49.0 -49.5 -50.5 -52.0 -51.5 -49.5 -48.0 -50.5 -50.5 -50.5 -51.5 -51.5 -52.0 -51.5 -51.0 -51.0 -48.5 -48.0 -52.0 -51.5 -52.0 -51.0 -50.0 -49.5 -49.5 -49.0 
1.9634954084936207 1.9880391010997909 1.945087639038993 1.9512235621905356 1.9819031779482483 1.9757672547967058 1.9389517158874505 1.9266798695843652 1.902136176978195 1.859184714917397 1.8714565612204823 1.8530487917658545 1.8346410223112268 1.8407769454627694 1.8837284075235674 1.8714565612204823 1.8714565612204823 1.8775924843720249 1.8285050991596843 1.859184714917397 1.7426021750380885 1.7916895602504288 1.6873788666742053 1.552388557340269 1.8960002538266525 2.1046216409791 2.0923497946760143 2.098485717827557 2.3193789512830896 2.2027964114037806 2.3623304133438876 2.386874105950058 2.405281875404685 2.4175537217077703 2.2886993355253766 2.3746022596469727 1.8775924843720249 2.1353012567368124 2.2089323345553233 2.0923497946760143 1.9634954084936207 1.859184714917397 1.9082721001297376 1.9205439464328227 2.073942025221387 2.12916533358527 
-49.5 -49.5 -49.5 -49.5 -49.5 -49.0 -49.0 -49.0 -49.0 -49.0 -49.0 -49.0 -49.0 -49.0 -49.0 -49.0 -49.5 -49.0 -49.0 -49.0 -49.5 -49.5 -51.5 -52.5 -53.0 -52.5 -52.0 -53.0 -51.5 -52.5 -53.0 -52.0 -52.0 -53.0 -52.5 -52.0 -51.5 -49.5 -52.0 -52.5 -52.0 -50.0 -49.5 -49.0 -49.5 -49.5 
4.718524903536232 4.552854978444583 4.663301595172349 4.798291904506286 4.743068596142402 4.798291904506286 4.878058905476339 4.994641445355648 4.6878452877785195 4.957825906446392 4.626486056263094 4.798291904506286 4.76147636559703 4.914874444385594 4.921010367537137 4.798291904506286 4.921010367537137 4.841243366567084 4.847379289718626 4.933282213840222 4.04357335686655 5.93343768754166 5.64504929941916 5.780039608753096 5.853670686571607 6.013204688511713 6.074563920027139 5.921165841238575 6.062292073724054 6.062292073724054 6.080699843178682 6.050020227420969 5.2339424482658075 5.93343768754166 6.227961998815704 6.050020227420969 5.5284667595398505 4.147884050442774 4.558990901596125 5.031456984264903 
-62.5 -63.5 -63.0 -62.0 -63.0 -63.0 -62.0 -63.0 -62.5 -62.0 -62.5 -61.5 -61.5 -62.0 -61.5 -61.0 -61.5 -62.0 -61.5 -62.0 -68.0 -62.5 -58.5 -60.5 -62.0 -59.0 -61.5 -62.5 -62.5 -61.5 -59.5 -60.0 -59.5 -56.0 -58.0 -63.5 -68.0 -63.5 -63.5 -65.5 
5.45483568172134 5.516194913236766 5.50392306693368 5.375068680751287 5.405748296509 5.381204603902829 5.448699758569798 5.332117218690489 5.442563835418255 5.399612373357457 5.620505606812989 5.295301679781233 5.5284667595398505 5.442563835418255 5.350524988145116 5.418020142812084 5.368932757599744 5.71868037723767 5.3627968344482015 5.338253141842031 5.325981295538946 5.350524988145116 5.375068680751287 6.062292073724054 5.890486225480862 0.30066023442558565 6.092971689481767 0.35588354278946877 6.234097921967246 0.04908738521234052 6.270913460876501 0.11658253987930872 0.12885438618239387 6.240233845118788 6.0991076126333095 6.178874613603362 5.988660995905543 5.47937937432751 5.638913376267617 5.583690067903734 
-58.0 -58.5 -59.0 -58.5 -59.0 -58.5 -58.5 -58.5 -58.5 -58.0 -58.5 -58.5 -58.5 -59.0 -58.0 -58.5 -58.0 -58.5 -58.0 -58.5 -58.0 -58.0 -62.0 -60.0 -61.5 -62.0 -62.5 -63.0 -61.5 -62.0 -62.0 -62.0 -63.0 -63.5 -61.5 -62.0 -61.0 -60.0 -59.0 -58.5 
