1.2026409377023426 1.1596894756415448 1.184233168247715 1.3008157081270237 1.2762720155208536 1.3437671701878218 1.3621749396424494 1.2701360923693108 1.0369710126106935 5.3198453723874035 2.9943304979527716 5.798447378207723 2.4727770300716534 6.215690152512618 5.019185137961818 5.64504929941916 
-71.5 -71.0 -71.5 -71.5 -70.5 -71.0 -71.5 -71.5 -72.0 -67.5 -68.5 -72.0 -69.0 -72.0 -67.5 -71.0 
1.9880391010997909 1.9634954084936207 1.8960002538266525 1.8530487917658545 1.8223691760081417 1.7119225592803755 1.7855536370988863 1.8285050991596843 1.8714565612204823 1.8714565612204823 1.8714565612204823 1.8653206380689396 1.7303303287350031 1.6566992509164924 2.024854640009046 1.9082721001297376 1.9082721001297376 1.8714565612204823 1.9880391010997909 2.1230294104337273 1.8407769454627694 1.7119225592803755 1.6812429435226628 1.761009944492716 2.12916533358527 2.110757564130642 2.1782527187976104 2.1230294104337273 2.1659808724945253 2.227340104009951 2.2518837966161214 2.2089323345553233 2.313243028131547 2.423689644859313 1.945087639038993 2.098485717827557 1.9819031779482483 2.1537090261914402 1.9144080232812801 1.761009944492716 1.748738098189631 1.705786636128833 2.012582793705961 1.9266798695843652 2.024854640009046 
-60.5 -61.0 -60.5 -60.5 -60.5 -60.5 -60.5 -60.5 -60.5 -61.0 -59.5 -60.5 -60.5 -60.5 -60.0 -60.0 -60.5 -59.0 -60.5 -60.0 -61.5 -62.5 -60.0 -61.5 -62.5 -65.0 -65.0 -63.0 -61.0 -59.5 -59.0 -59.5 -59.5 -62.5 -64.5 -63.5 -60.5 -59.5 -61.0 -60.0 -60.0 -59.5 -59.5 -59.0 -59.5 
1.5830681730979816 1.6198837120072371 1.552388557340269 1.564660403643354 1.4787574795217582 1.576932249946439 1.6260196351587797 1.6260196351587797 1.5892040962495242 1.6137477888556946 1.6444274046134073 1.6014759425526093 1.5953400194010667 1.5401167110371838 1.576932249946439 1.5401167110371838 1.4542137869155878 1.3928545554001621 1.4542137869155878 1.5033011721279284 1.533980787885641 1.4603497100671303 1.5462526341887264 1.3192234775816514 1.1780972450961724 1.4296700943094176 1.2640001692177683 1.214912784005428 1.1228739367322893 0.9203884727313847 0.9694758579437253 0.9940195505498954 0.9572040116406401 1.1351457830353744 1.3560390164909069 1.4910293258248433 1.2946797849754812 1.325359400733194 1.662835174068035 1.6566992509164924 1.6014759425526093 1.5892040962495242 1.5892040962495242 1.607611865704152 1.564660403643354 
-52.5 -53.0 -53.5 -53.0 -53.5 -53.0 -54.0 -53.5 -53.5 -53.5 -54.0 -54.0 -53.5 -53.5 -53.5 -53.5 -53.0 -52.5 -52.5 -52.0 -51.5 -50.5 -50.0 -52.0 -52.0 -53.0 -52.5 -54.5 -55.0 -58.5 -58.0 -58.0 -57.0 -55.5 -53.5 -55.5 -52.0 -52.5 -53.0 -52.0 -52.0 -52.5 -53.5 -54.5 -54.5 
1.552388557340269 1.6014759425526093 1.5278448647340985 1.5278448647340985 1.5278448647340985 1.5707963267948966 1.5278448647340985 1.5401167110371838 1.5585244804918115 1.552388557340269 1.5401167110371838 1.5401167110371838 1.576932249946439 1.5707963267948966 1.5707963267948966 1.576932249946439 1.368310862793992 1.3437671701878218 1.3621749396424494 1.4542137869155878 1.325359400733194 1.214912784005428 1.1290098598838318 1.3008157081270237 1.4480778637640452 1.6444274046134073 1.4358060174609601 1.5401167110371838 1.5462526341887264 1.4419419406125027 1.3314953238847365 1.3560390164909069 1.5278448647340985 1.5278448647340985 1.607611865704152 1.8285050991596843 1.4603497100671303 1.2885438618239387 1.3928545554001621 1.3744467859455345 1.3130875544301088 1.3867186322486196 1.4971652489763858 1.4419419406125027 1.509437095279471 
-50.5 -50.5 -50.5 -50.5 -50.5 -50.5 -50.5 -50.5 -50.5 -51.0 -50.5 -50.5 -50.5 -50.5 -50.5 -50.5 -50.5 -50.5 -50.5 -50.5 -51.0 -51.0 -50.5 -50.5 -50.5 -50.5 -52.0 -52.5 -53.0 -53.0 -53.0 -52.5 -53.0 -53.5 -51.5 -52.0 -52.5 -51.0 -50.0 -49.5 -49.5 -50.0 -51.0 -51.0 -51.5 
1.9880391010997909 2.000310947402876 1.9389517158874505 1.9512235621905356 1.88986433067511 1.9512235621905356 1.9696313316451632 2.073942025221387 2.024854640009046 1.9941750242513334 2.0493983326152168 1.9573594853420782 1.902136176978195 1.8653206380689396 1.846912868614312 1.6689710972195777 1.6321555583103222 1.5953400194010667 1.4480778637640452 1.41126232485479 1.2885438618239387 1.5462526341887264 1.6689710972195777 2.024854640009046 2.018718716857504 1.8775924843720249 2.024854640009046 2.098485717827557 2.36846633649543 2.2150682577068657 2.3071071049800045 2.270291566070749 2.3071071049800045 2.313243028131547 2.030990563160589 2.0923497946760143 2.2580197197676637 2.12916533358527 2.0800779483729293 1.9880391010997909 1.7303303287350031 1.7916895602504288 1.8039614065535141 1.88986433067511 1.9266798695843652 
-49.5 -49.5 -50.0 -50.0 -49.5 -50.0 -50.0 -50.0 -50.0 -50.0 -49.5 -49.5 -49.5 -49.0 -48.5 -48.5 -48.5 -48.5 -48.5 -48.0 -49.0 -50.0 -52.0 -51.5 -50.5 -49.5 -53.0 -54.0 -54.5 -55.5 -56.0 -55.5 -55.0 -55.0 -54.5 -50.0 -52.0 -53.5 -52.5 -52.5 -50.0 -49.5 -50.0 -49.5 -49.5 
2.1782527187976104 2.270291566070749 2.2027964114037806 2.2027964114037806 2.1782527187976104 2.1782527187976104 2.1782527187976104 2.1782527187976104 2.2089323345553233 2.1659808724945253 2.1659808724945253 2.073942025221387 2.1046216409791 2.061670178918302 2.012582793705961 1.9389517158874505 1.88986433067511 1.8530487917658545 1.5401167110371838 1.6873788666742053 1.7548740213411735 1.552388557340269 1.8346410223112268 1.9880391010997909 2.172116795646068 2.270291566070749 2.386874105950058 2.4911847995262812 2.380738182798515 2.4727770300716534 2.4850488763747385 2.4911847995262812 2.448233337465483 2.509592568980909 2.521864415283994 2.2150682577068657 2.509592568980909 2.380738182798515 2.1475731030398975 2.0371264863121317 1.9819031779482483 2.0064468705544187 2.1046216409791 2.172116795646068 2.172116795646068 
-49.5 -50.0 -50.0 -50.0 -49.5 -50.0 -50.0 -50.0 -50.0 -50.0 -49.5 -49.5 -49.5 -48.5 -48.5 -48.5 -48.5 -48.5 -49.0 -49.0 -49.5 -50.5 -51.0 -52.0 -51.5 -53.5 -55.0 -53.5 -54.5 -54.5 -54.0 -55.0 -55.0 -54.5 -55.5 -53.5 -51.5 -53.0 -53.0 -51.0 -49.0 -49.5 -50.0 -50.0 -49.5 
4.773748211900116 4.841243366567084 5.00077736850719 5.117359908386499 5.154175447295755 4.9823695990525625 5.086680292628786 4.902602598082509 5.0253210611133605 5.006913291658733 5.190990986205009 5.160311370447297 5.190990986205009 4.97623367590102 5.2339424482658075 5.203262832508095 5.123495831538041 5.221670601962723 5.160311370447297 3.9392626632903265 4.264466590322082 5.884350302329319 5.982525072754001 5.240078371417351 5.798447378207723 5.8045833013592665 6.092971689481767 5.9088939949354895 5.8659425328746915 6.043884304269426 6.025476534814799 5.988660995905543 5.829126993965437 5.21553467881118 6.135923151542564 6.252505691421874 5.5714182216006485 4.92714629068868 4.135612204139688 4.037437433715008 4.3933209765044765 4.681709364626977 4.878058905476339 
-63.0 -61.5 -62.0 -62.0 -62.0 -62.0 -62.0 -62.0 -62.5 -62.0 -61.5 -61.5 -61.0 -61.0 -60.0 -60.5 -61.0 -60.5 -58.5 -65.0 -72.5 -69.5 -59.0 -62.0 -63.0 -65.0 -63.5 -66.0 -66.0 -66.0 -63.0 -64.0 -64.5 -61.5 -58.0 -62.0 -67.0 -68.5 -63.5 -61.0 -63.5 -62.5 -63.0 
5.540738605842936 5.700272607783043 5.724816300389213 5.663457068873787 5.681864838328415 5.626641529964532 5.66959299202533 5.675728915176872 5.602097837358362 5.681864838328415 5.7616318392984684 5.626641529964532 5.663457068873787 5.620505606812989 5.45483568172134 5.436427912266712 5.491651220630596 5.184855063053467 5.111223985234957 5.1725832167503825 5.332117218690489 5.577554144752192 5.976389149602458 0.1718058482431918 6.270913460876501 5.620505606812989 0.619728238305799 6.2463697682703305 0.7792622402459057 6.234097921967246 0.03681553890925539 0.2270291566070749 0.3620194659410113 0.20248546400090464 0.34974761963792617 6.258641614573416 0.11044661672776616 0.12885438618239387 6.074563920027139 2.521864415283994 2.4727770300716534 5.64504929941916 5.5714182216006485 5.816855147662351 
-58.5 -58.0 -58.5 -58.5 -58.0 -58.5 -58.5 -58.0 -59.0 -59.0 -59.0 -58.0 -57.5 -57.5 -57.0 -57.0 -56.5 -57.0 -58.0 -57.0 -56.5 -59.5 -63.0 -62.0 -62.5 -64.0 -66.0 -66.5 -67.0 -64.5 -64.5 -64.5 -66.5 -67.5 -70.0 -68.0 -65.5 -64.5 -61.0 -62.5 -59.5 -58.5 -58.5 -58.0 
