1.0921943209745766 1.1228739367322893 1.1965050145508 4.246058820867455 1.3314953238847365 1.3314953238847365 1.0492428589137786 0.9633399347921826 1.3008157081270237 5.086680292628786 4.6448938257177215 2.6813984172241008 2.9575149590435164 2.724349879284899 0.5031456984264903 
-71.5 -71.5 -71.5 -66.5 -70.5 -70.5 -71.0 -72.5 -69.5 -67.0 -65.5 -70.5 -69.0 -69.5 -71.5 
1.8162332528565992 1.7855536370988863 1.7732817907958012 1.7855536370988863 1.4419419406125027 1.8039614065535141 1.8530487917658545 1.8285050991596843 1.7671458676442586 1.9880391010997909 1.7916895602504288 1.8346410223112268 1.7855536370988863 1.9205439464328227 1.8162332528565992 1.7671458676442586 1.9634954084936207 2.067806102069844 4.669437518323892 1.6751070203711202 1.9757672547967058 2.2089323345553233 2.227340104009951 2.2150682577068657 2.0923497946760143 2.2518837966161214 2.2027964114037806 2.36846633649543 2.405281875404685 2.5832236467994196 1.9573594853420782 1.8530487917658545 1.3989904785517047 1.9512235621905356 1.9573594853420782 1.6873788666742053 1.7671458676442586 1.8100973297050567 1.902136176978195 2.012582793705961 1.8346410223112268 1.8162332528565992 
-60.5 -61.0 -61.0 -60.5 -61.5 -61.0 -62.5 -61.5 -62.0 -62.0 -61.0 -62.0 -61.0 -62.0 -61.5 -60.5 -61.0 -60.5 -65.0 -62.0 -60.5 -64.0 -64.0 -65.0 -62.0 -60.0 -59.5 -59.5 -59.0 -62.0 -65.5 -63.0 -59.5 -57.5 -58.5 -61.5 -61.0 -60.5 -60.5 -59.5 -60.5 -60.5 
1.552388557340269 1.4910293258248433 1.576932249946439 1.5155730184310134 1.5585244804918115 1.5585244804918115 1.5155730184310134 1.552388557340269 1.6137477888556946 1.607611865704152 1.521708941582556 1.4787574795217582 1.5462526341887264 1.4664856332186729 1.5278448647340985 1.5155730184310134 1.4173982480063325 1.380582709097077 1.4358060174609601 1.4511458253398166 1.4296700943094176 1.4173982480063325 1.337631247036279 1.4664856332186729 1.4603497100671303 1.239456476611598 1.3499030933393643 1.086058397823034 1.0676506283684062 1.030835089459151 1.000155473701438 1.0737865515199487 1.1903690913992575 1.6566992509164924 1.3499030933393643 1.4296700943094176 1.662835174068035 1.6382914814618648 1.6444274046134073 1.521708941582556 1.607611865704152 1.6260196351587797 1.5830681730979816 1.5585244804918115 
-53.0 -52.0 -53.0 -52.5 -52.5 -52.0 -52.5 -52.5 -52.5 -52.0 -52.5 -52.5 -52.5 -53.0 -53.5 -53.0 -53.0 -52.5 -52.5 -51.5 -50.5 -51.5 -52.0 -53.0 -53.5 -53.5 -54.5 -56.5 -58.0 -58.0 -58.0 -56.5 -54.0 -55.0 -52.5 -52.0 -52.0 -52.0 -50.5 -51.5 -52.5 -53.5 -53.5 -53.5 
1.4664856332186729 1.4603497100671303 1.4971652489763858 1.509437095279471 1.4848934026733007 1.521708941582556 1.4910293258248433 1.533980787885641 1.5892040962495242 1.5462526341887264 1.4910293258248433 1.509437095279471 1.4542137869155878 1.4603497100671303 1.380582709097077 1.4603497100671303 1.4664856332186729 1.4296700943094176 1.5155730184310134 4.3933209765044765 4.28287435977671 1.2762720155208536 1.3989904785517047 1.564660403643354 1.5401167110371838 1.5401167110371838 1.6689710972195777 1.5892040962495242 1.4296700943094176 1.3867186322486196 1.4787574795217582 1.564660403643354 1.4173982480063325 1.8407769454627694 1.5953400194010667 1.337631247036279 1.2578642460662257 1.3499030933393643 1.3008157081270237 1.3867186322486196 1.3744467859455345 1.4664856332186729 1.5033011721279284 1.5033011721279284 
-50.0 -50.5 -50.0 -50.5 -50.0 -50.0 -50.0 -50.5 -50.0 -50.0 -50.0 -50.0 -50.0 -50.0 -50.5 -50.5 -51.0 -50.5 -50.5 -51.5 -51.0 -49.5 -50.0 -50.5 -51.5 -52.5 -53.0 -52.5 -53.0 -53.0 -53.0 -54.0 -53.0 -52.0 -52.5 -51.5 -50.0 -49.5 -49.5 -50.0 -50.5 -51.0 -51.0 -51.0 
1.8653206380689396 1.859184714917397 1.9266798695843652 1.8530487917658545 1.859184714917397 1.902136176978195 1.8407769454627694 1.8714565612204823 1.8837284075235674 1.8653206380689396 1.8162332528565992 1.8530487917658545 1.8285050991596843 1.7241944055834606 1.6935147898257479 1.7303303287350031 1.6260196351587797 1.607611865704152 1.5401167110371838 1.423534171157875 1.4266021327336462 2.0064468705544187 2.086213871524472 2.073942025221387 2.073942025221387 2.0800779483729293 2.337786720737717 2.350058567040802 2.2764274892222915 2.282563412373834 2.2764274892222915 2.5034566458293663 2.2150682577068657 2.086213871524472 2.2457478734645786 2.098485717827557 2.0064468705544187 1.7978254834019713 1.6689710972195777 1.6935147898257479 1.7794177139473437 1.8407769454627694 1.8960002538266525 1.8714565612204823 
-49.5 -49.5 -49.5 -49.5 -49.5 -50.0 -49.5 -49.5 -49.5 -49.5 -49.0 -49.5 -49.5 -49.0 -49.0 -49.0 -49.0 -49.5 -49.0 -49.0 -52.0 -51.5 -51.5 -49.0 -50.0 -53.0 -54.0 -54.5 -55.5 -56.0 -56.0 -55.5 -55.5 -49.5 -50.5 -53.0 -52.0 -52.0 -50.5 -49.0 -49.5 -49.0 -49.5 -49.5 
2.086213871524472 2.0923497946760143 2.067806102069844 2.0800779483729293 2.0800779483729293 2.0800779483729293 2.086213871524472 2.067806102069844 2.12916533358527 2.086213871524472 2.110757564130642 2.0371264863121317 2.067806102069844 1.9634954084936207 1.9082721001297376 1.932815792735908 1.8162332528565992 1.7548740213411735 1.6444274046134073 1.9634954084936207 2.2396119503130363 2.2334760271614935 2.3623304133438876 2.509592568980909 2.4175537217077703 2.4911847995262812 2.5157284921324514 2.4605051837685683 2.521864415283994 2.356194490192345 2.564815877344792 2.1782527187976104 2.405281875404685 2.356194490192345 1.9880391010997909 1.7978254834019713 1.9082721001297376 1.902136176978195 1.9757672547967058 2.098485717827557 2.12916533358527 2.12916533358527 
-49.0 -49.0 -49.0 -49.5 -49.0 -49.5 -49.0 -49.5 -49.0 -49.0 -49.0 -49.0 -49.5 -49.0 -49.0 -49.0 -49.0 -50.5 -52.0 -52.0 -52.5 -53.0 -53.5 -54.0 -53.0 -54.5 -54.5 -55.0 -55.5 -54.0 -55.0 -54.0 -51.0 -53.0 -53.5 -51.5 -49.5 -49.0 -49.5 -49.5 -49.5 -49.5 
4.945554060143307 4.914874444385594 4.706253057233147 5.031456984264903 4.871922982324796 4.871922982324796 5.111223985234957 4.945554060143307 4.921010367537137 4.902602598082509 5.129631754689584 4.921010367537137 4.933282213840222 5.178719139901925 5.448699758569798 5.129631754689584 5.313709449235861 5.559146375297564 4.896466674930966 4.295146206079795 6.080699843178682 5.780039608753096 5.448699758569798 5.773903685601553 6.050020227420969 6.086835766330224 5.994796919057086 6.000932842208628 5.939573610693203 5.964117303299373 5.8659425328746915 5.344389064993574 6.135923151542564 0.15339807878856412 5.700272607783043 4.565126824747668 4.1172044346850605 4.724660826687775 4.528311285838413 4.970097752749477 5.160311370447297 
-62.0 -62.5 -62.5 -62.0 -62.0 -62.0 -62.0 -62.0 -61.5 -62.0 -62.0 -61.5 -61.0 -61.0 -61.0 -60.0 -60.5 -60.0 -60.5 -63.0 -68.0 -59.5 -63.0 -64.5 -63.0 -63.5 -65.0 -65.5 -63.5 -62.0 -64.0 -60.5 -57.0 -62.0 -66.0 -67.5 -62.5 -64.0 -64.5 -64.0 -62.5 
5.681864838328415 5.64504929941916 5.553010452146021 5.608233760509904 5.589825991055276 5.589825991055276 5.651185222570702 5.602097837358362 5.546874528994478 5.6143696836614465 5.859806609723149 5.835262917116979 5.8659425328746915 5.5714182216006485 5.546874528994478 5.5714182216006485 5.387340527054372 5.767767762450011 5.246214294568893 5.381204603902829 2.6599226861937018 6.12365130523948 6.191146459906448 5.835262917116979 1.3499030933393643 0.01227184630308513 0.2638446955163303 0.28838838812250056 0.1595340019401067 0.14726215563702155 0.09817477042468103 5.9088939949354895 0.04295146206079795 5.976389149602458 5.595961914206819 5.393476450205914 5.344389064993574 5.565282298449106 5.66959299202533 5.6573211457222445 5.681864838328415 
-58.0 -58.5 -58.0 -58.0 -58.0 -58.0 -57.5 -58.5 -58.0 -58.0 -58.0 -58.5 -58.0 -58.0 -58.0 -58.0 -58.0 -57.5 -57.5 -59.0 -64.5 -62.0 -61.0 -64.5 -68.0 -65.5 -68.0 -64.0 -65.5 -65.5 -67.5 -67.5 -64.0 -62.0 -64.0 -62.0 -59.0 -58.0 -57.5 -58.0 -58.0 
