3.3870295796514958 3.56497135104623 3.2029518851052186 3.454524734318464 3.2459033471660166 3.3624858870453256 3.104777114680538 3.215223731408304 3.2336315008629315 3.1784081924990484 3.3440781175906977 3.0802334220743677 3.3195344249845276 3.1968159619536762 3.043417883165112 3.098641191528995 3.043417883165112 3.3747577333484107 3.2827188860752723 3.1354567304382504 3.472932503773092 3.9147189706841563 4.123340357836604 3.9638063558964967 3.6324665057131984 0.5522330836388308 3.9392626632903265 3.3624858870453256 3.129320807286708 3.129320807286708 0.09817477042468103 3.2888548092268146 0.3129320807286708 3.1968159619536762 3.215223731408304 3.0372819600135696 3.2336315008629315 3.5036121195308043 3.2949907323783574 3.043417883165112 3.104777114680538 3.098641191528995 
-66.0 -63.0 -65.0 -64.0 -64.0 -64.0 -64.5 -64.5 -64.0 -64.0 -64.5 -64.0 -65.0 -64.5 -63.5 -65.5 -64.0 -63.0 -64.0 -63.5 -63.0 -66.5 -64.5 -63.5 -64.0 -67.5 -66.0 -63.5 -64.0 -64.0 -64.5 -64.0 -65.5 -64.5 -63.0 -64.0 -62.0 -60.5 -62.5 -62.0 -61.0 -62.0 
5.62357356838876 2.2764274892222915 2.423689644859313 2.399145952253143 2.4175537217077703 2.386874105950058 2.3746022596469727 2.4850488763747385 2.172116795646068 2.3439226438892597 2.454369260617026 2.4850488763747385 2.5954954931025047 2.5280003384355365 2.4605051837685683 2.2641556429192065 2.380738182798515 2.6384469551633027 2.6016314162540475 2.448233337465483 2.3193789512830896 2.448233337465483 2.662990647769473 2.730485802436441 2.4911847995262812 2.423689644859313 2.5893595699509624 0.3865631585471816 3.2397674240144743 2.6261751088602177 2.675262494072558 2.6813984172241008 2.6998061866787286 2.859340188618835 3.018874190558942 3.227495577711389 3.153864499892878 2.6384469551633027 2.1598449493429825 2.1230294104337273 2.4175537217077703 2.435961491162398 2.2027964114037806 1.9573594853420782 1.8960002538266525 1.9880391010997909 
-65.0 -64.5 -62.5 -64.0 -64.5 -64.5 -64.5 -65.5 -64.5 -65.0 -64.0 -64.5 -64.0 -64.0 -64.0 -63.5 -64.0 -64.5 -64.5 -64.0 -64.0 -62.5 -63.0 -63.5 -62.5 -63.0 -64.5 -66.5 -63.0 -61.5 -62.0 -63.0 -62.0 -62.0 -62.5 -63.5 -63.5 -64.5 -63.5 -61.5 -61.0 -61.5 -61.5 -63.0 -62.5 -62.5 
1.3345632854605078 1.3560390164909069 1.337631247036279 1.3560390164909069 1.3008157081270237 1.3130875544301088 1.3314953238847365 1.2946797849754812 1.3437671701878218 1.337631247036279 1.2885438618239387 1.2946797849754812 1.3069516312785663 1.2701360923693108 1.227184630308513 1.282407938672396 1.3008157081270237 1.239456476611598 1.2885438618239387 1.2210487071569704 1.227184630308513 1.2578642460662257 1.2026409377023426 1.2333205534600555 1.0799224746714913 1.030835089459151 1.337631247036279 1.3621749396424494 1.1167380135807468 1.043106935762236 1.1535535524900022 1.141281706186917 1.086058397823034 1.0185632431560658 1.0799224746714913 1.1351457830353744 1.1596894756415448 1.3192234775816514 1.000155473701438 0.9572040116406401 1.055378782065321 1.0185632431560658 0.9081166264282996 0.8222137023067037 0.7915340865489908 0.7792622402459057 0.7792622402459057 
-49.0 -48.5 -48.5 -48.5 -48.5 -48.5 -48.5 -48.5 -48.5 -48.5 -48.5 -48.5 -48.5 -48.5 -48.5 -48.5 -48.5 -48.5 -48.5 -48.5 -48.5 -48.5 -50.5 -52.5 -51.5 -52.5 -54.5 -52.5 -51.0 -52.5 -52.5 -52.0 -52.0 -52.0 -52.0 -52.0 -51.0 -53.0 -54.0 -53.0 -51.5 -51.0 -50.0 -50.5 -50.5 -50.5 -51.0 
1.1811652066719438 1.184233168247715 1.1535535524900022 1.214912784005428 1.1780972450961724 1.1903690913992575 1.1780972450961724 1.1658253987930873 1.141281706186917 1.1228739367322893 1.1596894756415448 1.141281706186917 1.1658253987930873 1.1474176293384597 1.1658253987930873 1.184233168247715 1.1351457830353744 1.1780972450961724 1.1780972450961724 1.1290098598838318 1.1351457830353744 1.1535535524900022 1.2210487071569704 1.2333205534600555 1.2026409377023426 1.4051264017032472 1.6444274046134073 1.5585244804918115 1.337631247036279 1.3928545554001621 1.533980787885641 1.5278448647340985 1.4787574795217582 1.509437095279471 1.521708941582556 1.423534171157875 1.3437671701878218 1.5830681730979816 1.6198837120072371 1.533980787885641 1.3621749396424494 1.214912784005428 1.0737865515199487 0.9940195505498954 0.9203884727313847 0.9510680884890975 0.9387962421860124 
-51.0 -50.0 -50.5 -50.5 -50.0 -50.0 -50.0 -50.0 -50.5 -50.5 -50.0 -50.5 -50.5 -50.0 -50.0 -50.0 -50.0 -50.0 -50.0 -50.5 -50.0 -50.5 -50.5 -51.0 -52.0 -53.0 -51.5 -50.5 -49.5 -50.5 -50.5 -50.0 -50.0 -50.5 -50.5 -50.5 -49.0 -49.5 -51.0 -51.5 -51.5 -51.0 -51.0 -51.5 -51.5 -52.0 -51.5 
1.6198837120072371 1.6444274046134073 1.6137477888556946 1.6689710972195777 1.6382914814618648 1.5707963267948966 1.6198837120072371 1.6137477888556946 1.6260196351587797 1.5830681730979816 1.6014759425526093 1.607611865704152 1.6198837120072371 1.6014759425526093 1.6137477888556946 1.5892040962495242 1.6014759425526093 1.5953400194010667 1.607611865704152 1.6382914814618648 1.6260196351587797 1.761009944492716 1.9819031779482483 2.1537090261914402 2.1782527187976104 1.945087639038993 1.6935147898257479 1.6689710972195777 1.7241944055834606 1.7978254834019713 1.718058482431918 1.7303303287350031 1.7426021750380885 1.6873788666742053 1.576932249946439 1.552388557340269 1.6014759425526093 1.846912868614312 1.902136176978195 1.9144080232812801 1.859184714917397 1.6689710972195777 1.5953400194010667 1.3928545554001621 1.5585244804918115 1.5892040962495242 
-53.0 -53.0 -53.0 -53.0 -53.0 -53.0 -53.0 -53.0 -53.0 -53.5 -53.5 -52.5 -52.5 -53.5 -53.0 -53.0 -53.5 -53.5 -54.0 -54.0 -54.0 -56.0 -55.5 -55.5 -53.0 -49.5 -50.0 -51.5 -52.0 -52.0 -52.0 -52.0 -52.0 -52.5 -52.0 -51.5 -50.5 -50.0 -50.5 -52.0 -53.5 -55.0 -56.0 -57.0 -58.0 -59.0 
1.684310905098434 1.662835174068035 1.6444274046134073 1.6689710972195777 1.6689710972195777 1.6935147898257479 1.6444274046134073 1.6321555583103222 1.662835174068035 1.6689710972195777 1.6505633277649499 1.6260196351587797 1.6873788666742053 1.6935147898257479 1.6505633277649499 1.705786636128833 1.6689710972195777 1.607611865704152 1.6566992509164924 1.662835174068035 1.607611865704152 1.6566992509164924 1.761009944492716 1.9819031779482483 2.380738182798515 2.380738182798515 1.8960002538266525 1.9573594853420782 2.086213871524472 2.1230294104337273 2.073942025221387 2.1782527187976104 2.12916533358527 2.116893487282185 2.030990563160589 2.0800779483729293 2.0371264863121317 1.9389517158874505 1.9573594853420782 2.086213871524472 2.0923497946760143 1.9205439464328227 1.748738098189631 1.6444274046134073 1.6382914814618648 1.7794177139473437 1.8100973297050567 
-53.0 -53.0 -52.5 -52.5 -52.5 -52.5 -52.5 -52.5 -53.0 -53.0 -52.5 -53.0 -52.5 -52.5 -52.5 -52.5 -53.0 -52.5 -52.5 -53.0 -53.0 -53.0 -54.0 -55.0 -54.0 -52.5 -52.0 -53.5 -55.0 -54.0 -55.5 -55.5 -55.5 -55.5 -55.0 -54.5 -54.5 -54.5 -52.5 -52.0 -52.0 -53.5 -54.5 -54.5 -54.5 -53.5 -53.0 
4.770680250324344 4.902602598082509 4.804427827657828 4.828971520263998 4.970097752749477 5.006913291658733 4.601942363656923 4.7860200582032 4.871922982324796 4.902602598082509 4.81056375080937 4.871922982324796 4.847379289718626 4.878058905476339 4.970097752749477 4.847379289718626 4.871922982324796 4.97623367590102 4.902602598082509 4.933282213840222 5.252350217720435 5.540738605842936 5.859806609723149 5.896622148632405 5.663457068873787 5.47937937432751 5.546874528994478 5.436427912266712 5.240078371417351 5.436427912266712 5.411884219660542 5.221670601962723 5.240078371417351 5.307573526084319 5.4671075280244255 5.252350217720435 5.583690067903734 5.755495916146925 5.841398840268521 5.773903685601553 5.688000761479957 5.712544454086128 5.743224069843841 5.749359992995383 5.884350302329319 
-62.0 -61.0 -60.0 -60.5 -61.0 -61.5 -62.0 -61.5 -61.0 -61.5 -62.0 -60.5 -61.5 -61.0 -61.5 -61.0 -60.5 -61.5 -61.0 -61.5 -64.0 -63.0 -62.0 -58.0 -57.0 -59.5 -59.0 -59.0 -59.5 -60.0 -60.0 -60.0 -59.0 -59.0 -58.5 -58.5 -56.5 -56.0 -58.0 -59.0 -60.5 -60.5 -60.5 -60.5 -60.5 
1.4756895179459868 4.534447208989955 4.601942363656923 4.700117134081604 4.571262747899211 4.589670517353839 4.657165672020807 4.442408361716817 4.663301595172349 4.595806440505381 4.509903516383785 4.632621979414636 4.485359823777615 4.571262747899211 4.6878452877785195 4.71238898038469 4.540583132141498 4.534447208989955 4.706253057233147 4.565126824747668 4.81056375080937 5.418020142812084 5.553010452146021 5.902758071783947 5.915029918087033 5.190990986205009 2.5954954931025047 5.816855147662351 5.522330836388308 5.522330836388308 5.7616318392984684 5.730952223540755 5.491651220630596 5.853670686571607 5.2339424482658075 5.258486140871978 5.534602682691394 5.485515297479052 5.4671075280244255 2.2580197197676637 5.436427912266712 5.460971604872882 5.332117218690489 5.442563835418255 
-62.5 -62.5 -62.0 -62.0 -61.0 -62.0 -62.5 -62.5 -62.0 -62.0 -61.0 -61.5 -63.0 -62.0 -61.5 -62.0 -62.0 -62.5 -62.0 -63.0 -62.5 -65.0 -64.0 -64.0 -62.0 -62.0 -68.5 -66.5 -64.5 -64.0 -63.5 -63.5 -64.0 -68.0 -62.5 -60.5 -59.5 -59.0 -60.0 -64.0 -64.5 -63.5 -63.5 -63.0 
