3.11091303783208 3.141592653589793 3.074097498922825 2.9943304979527716 3.160000423044421 3.1906800388021335 2.9697868053466014 2.9759227284981438 3.2029518851052186 3.141592653589793 3.153864499892878 3.0127382674073995 3.160000423044421 3.2459033471660166 3.5281558121369745 3.098641191528995 3.104777114680538 3.129320807286708 3.8288160465625602 3.736777199289422 3.2643111166206444 0.4172427743048944 0.7363107781851077 3.6876898140770815 3.368621810196868 3.2397674240144743 3.067961575771282 3.4177091954092087 3.368621810196868 3.06182565261974 3.2888548092268146 3.5281558121369745 3.141592653589793 3.153864499892878 3.2336315008629315 3.3011266555298997 3.215223731408304 2.7979809571034093 3.018874190558942 2.8409324191642074 2.9575149590435164 2.9697868053466014 2.9759227284981438 2.9206994201342606 2.8409324191642074 2.8409324191642074 
-62.5 -62.5 -62.0 -63.0 -62.5 -62.5 -62.0 -62.0 -62.5 -62.0 -62.5 -62.5 -62.0 -62.5 -62.0 -62.5 -62.5 -62.0 -63.5 -63.0 -65.5 -67.5 -68.0 -63.0 -61.5 -61.5 -63.0 -63.5 -64.0 -62.5 -61.0 -63.0 -64.0 -63.5 -61.0 -61.0 -62.5 -65.0 -63.5 -64.0 -63.5 -64.5 -63.5 -64.5 -64.0 -64.5 
2.270291566070749 2.435961491162398 2.2027964114037806 2.3009711818284617 2.172116795646068 2.3071071049800045 5.589825991055276 2.270291566070749 2.3439226438892597 2.270291566070749 2.2027964114037806 2.2580197197676637 2.3193789512830896 2.2580197197676637 2.2212041808584084 2.086213871524472 2.270291566070749 2.2764274892222915 2.0800779483729293 2.282563412373834 2.3193789512830896 2.356194490192345 2.730485802436441 2.82252464970958 3.448388811166921 3.3011266555298997 2.9636508821950587 2.724349879284899 2.6998061866787286 2.5954954931025047 2.5954954931025047 2.7979809571034093 2.9022916506796332 3.356349963893783 3.129320807286708 2.9391071895888885 2.9206994201342606 2.478912953223196 2.804116880254952 2.509592568980909 2.4175537217077703 2.478912953223196 2.564815877344792 2.6200391857086753 2.7550294950426117 2.650718801466388 2.6445828783148455 2.6200391857086753 
-63.0 -61.5 -63.0 -63.0 -63.5 -62.5 -63.5 -63.0 -63.0 -62.5 -62.5 -62.5 -63.5 -63.0 -62.0 -61.5 -63.0 -62.0 -61.0 -62.0 -62.0 -62.5 -63.5 -63.0 -64.0 -61.5 -60.0 -61.0 -61.0 -63.0 -62.0 -61.0 -59.5 -60.5 -63.5 -65.0 -64.0 -63.0 -62.0 -62.0 -63.0 -64.0 -63.5 -63.0 -63.5 -63.0 -63.0 -62.5 
1.0799224746714913 1.043106935762236 1.012427320004523 1.0246991663076084 1.012427320004523 1.0062913968529805 1.0246991663076084 1.012427320004523 1.012427320004523 1.043106935762236 1.0185632431560658 1.0799224746714913 1.0799224746714913 1.0737865515199487 1.0676506283684062 1.086058397823034 1.0921943209745766 1.0799224746714913 1.0062913968529805 1.086058397823034 1.0983302441261191 0.9817477042468103 0.9817477042468103 1.3130875544301088 1.1535535524900022 0.9326603190344698 0.9203884727313847 0.9265243958829272 0.8958447801252144 0.9387962421860124 0.8835729338221293 0.8774370106705868 0.8406214717613314 0.8897088569736719 1.141281706186917 1.0615147052168636 0.7976700097005334 0.9510680884890975 0.8222137023067037 0.5031456984264903 0.5031456984264903 0.5338253141842031 0.5154175447295755 0.47860200582032003 0.4663301595172349 0.47860200582032003 0.4724660826687775 0.46019423636569234 
-48.0 -48.5 -48.5 -48.5 -48.5 -48.0 -48.0 -48.0 -48.0 -48.5 -48.0 -48.0 -48.0 -48.0 -48.0 -48.0 -48.0 -48.5 -48.5 -49.0 -50.5 -51.0 -52.0 -53.5 -50.5 -51.5 -52.5 -52.5 -52.5 -52.0 -52.5 -53.0 -52.5 -51.5 -50.5 -54.5 -53.5 -51.0 -51.5 -51.0 -51.5 -51.0 -51.0 -51.0 -51.0 -51.0 -51.0 -51.0 
1.086058397823034 1.000155473701438 1.043106935762236 0.9633399347921826 1.0246991663076084 0.9940195505498954 1.0921943209745766 1.0185632431560658 1.0369710126106935 1.0185632431560658 1.0369710126106935 1.043106935762236 1.0369710126106935 1.055378782065321 1.0369710126106935 1.1106020904292042 1.0369710126106935 1.0492428589137786 1.0737865515199487 1.1474176293384597 1.2455923997631406 1.2701360923693108 1.4603497100671303 1.552388557340269 1.3069516312785663 1.1719613219446299 1.2701360923693108 1.3008157081270237 1.1719613219446299 1.184233168247715 1.141281706186917 1.2578642460662257 1.2333205534600555 1.1228739367322893 1.1658253987930873 1.3560390164909069 1.3499030933393643 1.214912784005428 1.0737865515199487 0.8467573949128739 0.8528933180644165 0.8406214717613314 0.8528933180644165 0.7669903939428205 0.8467573949128739 0.7976700097005334 0.8160777791551611 0.8713010875190442 
-50.5 -50.0 -50.0 -50.5 -50.5 -50.5 -50.5 -50.0 -50.5 -50.5 -50.5 -50.0 -50.5 -50.0 -50.0 -50.0 -50.0 -50.0 -50.5 -50.0 -50.5 -51.5 -51.5 -51.0 -49.5 -49.5 -50.5 -50.0 -50.5 -50.5 -50.5 -50.5 -51.0 -50.0 -49.5 -51.0 -51.0 -51.5 -52.0 -53.0 -53.0 -53.0 -53.5 -54.0 -54.5 -54.5 -54.5 -54.0 
1.4051264017032472 1.380582709097077 1.3928545554001621 1.3560390164909069 1.3560390164909069 1.337631247036279 1.3928545554001621 1.3744467859455345 1.41126232485479 1.41126232485479 1.3867186322486196 1.4173982480063325 1.4051264017032472 1.3928545554001621 1.423534171157875 1.3867186322486196 1.4542137869155878 1.423534171157875 1.4971652489763858 1.5155730184310134 1.9144080232812801 2.0371264863121317 1.9573594853420782 1.6198837120072371 1.4542137869155878 1.41126232485479 1.4910293258248433 1.4542137869155878 1.3989904785517047 1.3867186322486196 1.3560390164909069 1.380582709097077 1.3928545554001621 1.2578642460662257 1.3192234775816514 1.5278448647340985 1.7732817907958012 1.7916895602504288 1.6996507129772904 1.4726215563702154 1.325359400733194 1.3130875544301088 1.2640001692177683 1.2210487071569704 1.2517283229146832 1.227184630308513 1.1780972450961724 1.2026409377023426 
-54.0 -54.5 -54.0 -54.5 -54.0 -54.0 -54.5 -54.0 -54.0 -54.0 -54.0 -54.5 -54.0 -54.0 -54.0 -54.0 -54.0 -54.5 -55.0 -56.0 -54.5 -54.5 -51.5 -49.5 -51.0 -51.5 -52.0 -51.5 -52.0 -52.0 -52.5 -51.5 -52.0 -51.5 -51.0 -50.0 -51.0 -52.0 -53.5 -55.5 -56.0 -55.5 -56.0 -56.0 -56.0 -56.0 -56.5 -56.5 
1.6505633277649499 1.6382914814618648 1.6260196351587797 1.607611865704152 1.6321555583103222 1.6014759425526093 1.5892040962495242 1.607611865704152 1.6444274046134073 1.6505633277649499 1.6689710972195777 1.6198837120072371 1.6198837120072371 1.6566992509164924 1.662835174068035 1.6444274046134073 1.6505633277649499 1.6566992509164924 1.6812429435226628 1.7794177139473437 1.9389517158874505 2.2089323345553233 2.1782527187976104 1.8223691760081417 1.8100973297050567 2.000310947402876 1.8653206380689396 1.8653206380689396 1.8837284075235674 1.9082721001297376 1.88986433067511 1.8223691760081417 1.8346410223112268 1.9512235621905356 1.7732817907958012 1.748738098189631 1.8162332528565992 1.859184714917397 1.761009944492716 1.6382914814618648 1.5033011721279284 1.521708941582556 1.576932249946439 1.552388557340269 1.552388557340269 1.5462526341887264 1.533980787885641 1.5585244804918115 
-53.5 -53.5 -54.0 -54.0 -53.5 -53.5 -53.5 -53.5 -54.0 -53.5 -54.0 -53.5 -53.0 -53.0 -53.0 -53.0 -53.0 -53.0 -53.5 -54.5 -54.0 -52.5 -52.0 -52.5 -54.0 -55.0 -54.5 -55.5 -54.5 -54.5 -55.0 -55.5 -55.5 -55.5 -55.5 -54.0 -51.5 -52.0 -54.0 -57.0 -56.0 -56.5 -57.0 -58.0 -58.0 -59.0 -59.5 -59.0 
5.2339424482658075 5.184855063053467 5.209398755659637 5.160311370447297 5.129631754689584 5.221670601962723 5.105088062083414 5.258486140871978 5.135767677841127 5.240078371417351 5.246214294568893 5.2768939103266055 5.105088062083414 5.129631754689584 5.074408446325701 5.037592907416445 5.0253210611133605 5.21553467881118 5.473243451175968 5.724816300389213 5.712544454086128 5.780039608753096 5.651185222570702 5.240078371417351 5.307573526084319 5.295301679781233 5.141903600992669 4.865787059173254 4.994641445355648 4.902602598082509 4.95168998329485 4.767612288748572 4.7307967498393175 5.105088062083414 5.258486140871978 4.963961829597935 5.442563835418255 5.638913376267617 5.5284667595398505 5.387340527054372 5.209398755659637 5.344389064993574 5.344389064993574 5.418020142812084 5.424156065963627 5.448699758569798 5.43029198911517 5.45483568172134 
-62.0 -62.0 -62.5 -61.5 -61.5 -62.5 -63.0 -62.5 -62.0 -62.0 -62.0 -61.5 -62.5 -61.0 -61.0 -62.0 -62.0 -61.5 -61.5 -61.5 -61.5 -60.5 -57.0 -57.5 -58.0 -58.5 -58.5 -60.0 -61.0 -61.0 -60.5 -61.0 -59.5 -59.5 -59.0 -58.5 -58.0 -60.0 -61.0 -61.5 -63.0 -63.0 -62.5 -62.0 -62.5 -63.0 -62.5 -62.0 
5.013049214810275 4.8351074434155406 4.798291904506286 4.700117134081604 4.871922982324796 4.957825906446392 4.865787059173254 4.8351074434155406 4.816699673960914 5.0682725231741586 4.92714629068868 4.908738521234052 4.9394181369917645 4.945554060143307 4.908738521234052 4.884194828627882 4.853515212870168 4.902602598082509 5.2768939103266055 5.387340527054372 5.583690067903734 5.6143696836614465 5.485515297479052 5.540738605842936 5.780039608753096 5.6573211457222445 5.491651220630596 5.608233760509904 5.516194913236766 5.767767762450011 5.884350302329319 5.780039608753096 5.583690067903734 5.638913376267617 2.1475731030398975 5.516194913236766 5.375068680751287 5.350524988145116 5.43029198911517 5.559146375297564 2.3439226438892597 5.559146375297564 2.834796496012665 2.9513790358919736 6.117515382087937 
-63.5 -63.5 -64.5 -63.5 -64.0 -64.5 -64.0 -63.5 -64.0 -62.5 -62.5 -62.5 -63.5 -62.5 -62.5 -62.0 -62.0 -62.5 -64.0 -64.0 -62.0 -61.5 -61.5 -62.0 -67.0 -63.5 -64.0 -64.0 -64.0 -63.5 -63.0 -64.5 -64.5 -63.0 -65.0 -62.0 -61.0 -63.0 -68.5 -68.5 -72.0 -70.0 -74.0 -75.5 -76.5 
