2.859340188618835 3.067961575771282 2.8777479580734626 3.031146036862027 2.8532042654672924 2.9820586516496865 2.9268353432858034 3.043417883165112 2.9513790358919736 2.988194574801229 3.1231848841351653 2.9943304979527716 3.0495538063166547 2.9820586516496865 2.945243112740431 3.1231848841351653 3.2090878082567613 2.9575149590435164 2.9820586516496865 3.141592653589793 3.7122335066832517 4.037437433715008 3.429981041712294 3.129320807286708 3.5956509668039427 3.767456815047135 3.3072625786814425 3.3318062712876126 3.356349963893783 3.32567034813607 3.32567034813607 4.166291819897402 0.5031456984264903 3.0127382674073995 0.32520392703175593 3.509748042682347 3.074097498922825 3.0372819600135696 3.215223731408304 3.0066023442558567 2.9636508821950587 3.0495538063166547 
-62.5 -63.0 -62.0 -62.5 -63.0 -62.5 -63.0 -62.5 -63.0 -62.5 -62.5 -63.0 -62.5 -63.0 -62.5 -62.5 -63.0 -62.5 -63.0 -63.0 -62.5 -62.0 -63.0 -67.0 -66.0 -62.5 -62.5 -63.0 -62.5 -63.5 -64.0 -65.5 -70.5 -66.5 -63.5 -63.0 -63.5 -64.0 -63.0 -61.5 -62.5 -63.5 
2.270291566070749 2.3316507975861747 2.1905245651006955 2.2641556429192065 2.2457478734645786 2.12916533358527 2.2886993355253766 2.2396119503130363 2.270291566070749 2.184388641949153 2.2150682577068657 2.2150682577068657 2.1353012567368124 2.2886993355253766 2.282563412373834 2.270291566070749 2.2580197197676637 2.325514874434632 2.172116795646068 2.141437179888355 2.435961491162398 2.693670263527186 5.792311455056181 2.6384469551633027 3.2029518851052186 3.399301425954581 3.3870295796514958 3.2029518851052186 2.890019804376548 2.7857091108003242 2.82252464970958 2.8654761117703775 3.098641191528995 3.399301425954581 3.2643111166206444 2.6384469551633027 2.3746022596469727 1.9512235621905356 2.1353012567368124 2.1353012567368124 2.018718716857504 2.086213871524472 1.932815792735908 2.0800779483729293 1.945087639038993 2.055534255766759 
-63.0 -63.0 -63.0 -63.0 -63.0 -63.0 -63.0 -62.5 -62.5 -63.0 -62.5 -62.5 -62.5 -62.5 -62.5 -64.0 -63.0 -62.5 -62.5 -61.5 -61.0 -60.5 -63.5 -64.5 -64.0 -64.0 -62.0 -61.5 -60.5 -61.5 -61.5 -62.0 -61.5 -62.5 -65.5 -66.0 -67.0 -64.0 -62.5 -62.5 -62.0 -62.0 -61.0 -61.5 -62.5 -63.0 
0.8406214717613314 0.8406214717613314 0.8406214717613314 0.8467573949128739 0.8344855486097889 0.8835729338221293 0.8651651643675016 0.8958447801252144 0.8958447801252144 0.8774370106705868 0.8651651643675016 0.8835729338221293 0.9019807032767571 0.9019807032767571 0.9203884727313847 0.8897088569736719 0.9019807032767571 0.9019807032767571 0.9203884727313847 0.9633399347921826 1.0676506283684062 1.055378782065321 0.9265243958829272 1.0983302441261191 1.4051264017032472 1.2455923997631406 0.9694758579437253 0.9878836273983529 1.0246991663076084 1.1351457830353744 1.1780972450961724 1.1228739367322893 1.0983302441261191 1.1167380135807468 1.2885438618239387 1.5033011721279284 1.2640001692177683 1.0921943209745766 1.1719613219446299 1.239456476611598 1.1474176293384597 1.1167380135807468 1.1167380135807468 1.0921943209745766 1.0737865515199487 1.0492428589137786 
-49.5 -49.5 -49.5 -49.5 -49.5 -49.0 -49.0 -49.5 -49.0 -49.5 -49.5 -49.0 -49.0 -49.0 -49.0 -49.0 -49.0 -49.0 -49.0 -49.0 -50.5 -51.5 -52.5 -53.5 -53.0 -50.5 -51.0 -52.5 -53.0 -52.5 -53.0 -52.5 -52.5 -51.5 -50.5 -52.5 -54.0 -52.0 -51.0 -50.0 -49.0 -48.5 -48.5 -48.5 -48.5 -48.0 
0.9265243958829272 0.9756117810952678 0.9387962421860124 0.9817477042468103 0.9510680884890975 0.9817477042468103 0.9510680884890975 0.9756117810952678 0.9694758579437253 0.9387962421860124 0.9633399347921826 0.9756117810952678 1.000155473701438 0.9510680884890975 0.9817477042468103 0.9878836273983529 0.9940195505498954 0.9878836273983529 0.9940195505498954 1.012427320004523 1.1535535524900022 1.214912784005428 1.41126232485479 1.5707963267948966 1.5033011721279284 1.2762720155208536 1.2455923997631406 1.3621749396424494 1.4358060174609601 1.4726215563702154 1.5585244804918115 1.5830681730979816 1.5401167110371838 1.4051264017032472 1.4296700943094176 1.5585244804918115 1.7241944055834606 1.6321555583103222 1.4480778637640452 1.3437671701878218 1.1719613219446299 1.141281706186917 1.141281706186917 1.1351457830353744 1.1044661672776617 1.0615147052168636 
-51.0 -51.5 -51.5 -51.0 -51.5 -51.0 -51.5 -51.0 -51.0 -51.0 -51.0 -51.0 -51.0 -51.0 -51.0 -51.0 -51.0 -51.0 -51.0 -51.0 -51.0 -51.0 -52.0 -51.0 -50.0 -49.0 -50.5 -51.0 -50.5 -50.5 -50.5 -50.5 -51.0 -50.5 -49.5 -50.0 -50.5 -52.0 -52.0 -51.5 -50.5 -50.0 -50.0 -50.0 -50.0 -50.5 
1.3008157081270237 1.3192234775816514 1.282407938672396 1.2946797849754812 1.3192234775816514 1.3499030933393643 1.3314953238847365 1.325359400733194 1.337631247036279 1.3130875544301088 1.337631247036279 1.325359400733194 1.3437671701878218 1.337631247036279 1.3621749396424494 1.3314953238847365 1.3008157081270237 1.41126232485479 1.4173982480063325 1.5830681730979816 1.9266798695843652 2.067806102069844 1.9634954084936207 1.859184714917397 1.6444274046134073 1.5278448647340985 1.5585244804918115 1.6505633277649499 1.736466251886546 1.7303303287350031 1.7794177139473437 1.8530487917658545 1.8407769454627694 1.7119225592803755 1.7303303287350031 1.7794177139473437 2.0923497946760143 2.2150682577068657 2.184388641949153 2.000310947402876 1.6014759425526093 1.5830681730979816 1.5278448647340985 1.5278448647340985 1.509437095279471 1.3928545554001621 
-55.0 -55.0 -55.0 -55.0 -55.0 -55.0 -55.5 -55.0 -55.0 -55.0 -55.0 -55.0 -55.0 -55.5 -55.0 -55.0 -55.0 -55.0 -55.0 -55.5 -55.0 -54.0 -53.0 -50.0 -49.5 -51.5 -51.0 -52.0 -51.5 -51.5 -51.5 -52.0 -51.5 -52.0 -51.5 -51.0 -50.5 -54.5 -55.5 -56.0 -56.5 -56.0 -55.0 -55.0 -54.5 -54.5 
1.564660403643354 1.6260196351587797 1.6198837120072371 1.607611865704152 1.6137477888556946 1.5953400194010667 1.6198837120072371 1.6444274046134073 1.576932249946439 1.5953400194010667 1.5830681730979816 1.5892040962495242 1.576932249946439 1.6137477888556946 1.576932249946439 1.6444274046134073 1.6444274046134073 1.6444274046134073 1.6014759425526093 1.6321555583103222 1.846912868614312 2.024854640009046 2.098485717827557 1.9144080232812801 1.8162332528565992 1.9144080232812801 2.024854640009046 2.024854640009046 2.0371264863121317 1.9880391010997909 2.073942025221387 2.043262409463674 2.0371264863121317 2.0923497946760143 1.9634954084936207 2.000310947402876 2.024854640009046 2.1598449493429825 2.1659808724945253 1.945087639038993 1.7303303287350031 1.662835174068035 1.705786636128833 1.7671458676442586 1.6873788666742053 1.6505633277649499 
-55.5 -55.5 -55.5 -55.0 -55.0 -55.0 -54.5 -54.5 -55.0 -54.5 -54.5 -54.5 -55.0 -54.5 -54.5 -54.5 -54.5 -54.5 -55.0 -55.5 -54.5 -54.0 -52.5 -51.5 -53.5 -54.5 -55.0 -54.0 -54.5 -54.5 -54.5 -54.5 -54.5 -55.0 -55.0 -52.5 -52.0 -52.0 -53.0 -54.0 -54.5 -54.0 -53.0 -52.5 -53.0 -53.5 
5.43029198911517 5.381204603902829 5.381204603902829 5.307573526084319 5.301437602932776 5.301437602932776 5.227806525114265 5.203262832508095 5.246214294568893 5.295301679781233 5.2339424482658075 5.221670601962723 5.2339424482658075 5.190990986205009 5.221670601962723 5.227806525114265 5.190990986205009 5.307573526084319 5.424156065963627 5.6573211457222445 5.589825991055276 5.712544454086128 5.7616318392984684 5.5100589900852235 5.197126909356553 5.473243451175968 5.368932757599744 5.270757987175063 5.148039524144211 5.240078371417351 5.332117218690489 5.344389064993574 5.418020142812084 5.485515297479052 5.559146375297564 5.577554144752192 5.577554144752192 5.976389149602458 6.013204688511713 5.872078456026235 5.6573211457222445 5.491651220630596 5.197126909356553 5.21553467881118 5.344389064993574 5.442563835418255 
-62.5 -63.0 -62.5 -63.0 -62.5 -63.0 -62.5 -62.5 -62.5 -62.0 -62.0 -62.5 -62.5 -62.5 -62.0 -62.5 -63.0 -62.5 -61.5 -61.0 -61.5 -61.0 -58.0 -56.5 -57.0 -58.0 -58.0 -57.5 -58.5 -59.0 -59.5 -58.5 -58.5 -58.0 -57.5 -58.5 -56.5 -56.5 -59.0 -59.5 -59.5 -60.0 -60.5 -60.0 -60.5 -61.0 
4.884194828627882 4.828971520263998 4.822835597112456 4.933282213840222 4.884194828627882 4.859651136021712 4.773748211900116 4.933282213840222 4.853515212870168 4.933282213840222 4.828971520263998 4.859651136021712 4.792155981354743 4.822835597112456 4.7307967498393175 4.767612288748572 4.878058905476339 4.921010367537137 4.963961829597935 5.123495831538041 5.418020142812084 5.368932757599744 5.6143696836614465 5.307573526084319 5.252350217720435 5.399612373357457 5.8045833013592665 5.681864838328415 5.638913376267617 5.522330836388308 5.66959299202533 5.50392306693368 5.6573211457222445 5.786175531904639 5.47937937432751 5.411884219660542 5.350524988145116 5.730952223540755 5.368932757599744 5.2768939103266055 5.135767677841127 4.890330751779424 4.841243366567084 4.8351074434155406 4.921010367537137 5.043728830567988 
-66.0 -66.5 -67.0 -65.5 -64.0 -65.0 -65.5 -65.5 -65.0 -65.0 -65.0 -65.0 -64.5 -64.5 -65.0 -64.0 -64.0 -63.5 -65.5 -64.5 -63.0 -61.5 -61.5 -61.5 -62.0 -67.0 -64.0 -62.5 -63.5 -63.0 -64.0 -64.0 -63.0 -63.5 -67.5 -63.0 -62.0 -63.0 -61.5 -60.5 -62.0 -62.5 -61.5 -61.5 -62.0 -62.0 
