3.2643111166206444 3.160000423044421 3.172272269347506 3.1231848841351653 3.1784081924990484 3.141592653589793 3.160000423044421 3.2520392703175593 3.2459033471660166 3.2459033471660166 3.3747577333484107 3.356349963893783 3.3440781175906977 3.2643111166206444 3.3011266555298997 3.3624858870453256 3.436116964863836 3.3440781175906977 3.2765829629237295 3.3072625786814425 3.423845118560751 3.2704470397721868 3.2949907323783574 3.9147189706841563 0.7363107781851077 3.5772431973493153 3.160000423044421 3.5895150436524004 3.8533597391687304 3.56497135104623 3.3870295796514958 3.1661363461959633 3.227495577711389 3.3072625786814425 3.153864499892878 3.2949907323783574 3.6324665057131984 4.2092432819582 3.6876898140770815 3.1784081924990484 2.8961557275280905 3.3502140407422405 3.368621810196868 3.043417883165112 2.6323110320117604 2.8961557275280905 2.8777479580734626 2.8532042654672924 
-62.0 -61.5 -61.5 -61.5 -62.0 -62.0 -62.0 -61.5 -62.0 -62.5 -62.5 -62.0 -62.5 -62.0 -62.5 -63.0 -62.5 -62.5 -62.0 -62.5 -62.5 -62.5 -64.0 -65.0 -64.5 -63.0 -65.5 -65.5 -66.0 -64.0 -65.0 -65.0 -65.0 -65.0 -64.5 -63.0 -64.5 -67.5 -67.0 -68.0 -65.0 -62.5 -63.0 -64.5 -65.0 -65.0 -64.5 -63.5 
2.073942025221387 2.172116795646068 2.141437179888355 2.172116795646068 2.1598449493429825 2.184388641949153 2.2334760271614935 2.098485717827557 2.3009711818284617 2.1782527187976104 2.1598449493429825 2.2027964114037806 2.227340104009951 2.2641556429192065 2.1782527187976104 2.2641556429192065 2.2212041808584084 2.1598449493429825 2.3071071049800045 2.2150682577068657 2.2150682577068657 2.116893487282185 2.2212041808584084 2.282563412373834 2.5862916083751912 2.466641106920111 2.6998061866787286 3.56497135104623 3.2949907323783574 3.2090878082567613 2.834796496012665 2.718213956133356 2.724349879284899 2.767301341345697 2.6016314162540475 2.650718801466388 3.2213596545598464 3.6201946594101133 3.055689729468197 2.9759227284981438 2.3316507975861747 2.2518837966161214 2.2764274892222915 1.9573594853420782 2.0064468705544187 2.055534255766759 2.098485717827557 2.098485717827557 
-62.5 -62.5 -62.0 -62.0 -63.0 -62.5 -62.0 -62.0 -62.0 -62.0 -62.5 -62.0 -61.5 -62.0 -62.0 -62.0 -63.0 -62.0 -62.5 -62.0 -62.5 -62.0 -62.5 -63.0 -63.5 -63.5 -65.0 -65.0 -63.5 -62.0 -61.0 -62.0 -62.0 -62.0 -61.0 -61.5 -61.5 -63.5 -65.0 -66.0 -66.0 -64.0 -62.5 -62.5 -62.5 -62.5 -62.5 -63.0 
1.0615147052168636 1.0615147052168636 1.1106020904292042 1.1228739367322893 1.141281706186917 1.184233168247715 1.227184630308513 1.1965050145508 1.2087768608538851 1.2517283229146832 1.2517283229146832 1.3069516312785663 1.239456476611598 1.2701360923693108 1.2885438618239387 1.3437671701878218 1.3192234775816514 1.3069516312785663 1.325359400733194 1.2762720155208536 1.3008157081270237 1.214912784005428 1.2087768608538851 1.2333205534600555 1.2087768608538851 1.030835089459151 1.3560390164909069 1.380582709097077 1.1780972450961724 1.1106020904292042 1.1719613219446299 1.1719613219446299 1.1658253987930873 1.1596894756415448 1.1351457830353744 1.1106020904292042 1.0492428589137786 1.1290098598838318 1.5278448647340985 1.3130875544301088 1.043106935762236 1.0737865515199487 1.086058397823034 0.9817477042468103 0.8528933180644165 0.8406214717613314 0.8283496254582462 0.8774370106705868 
-48.0 -48.0 -48.5 -48.5 -48.5 -48.5 -48.5 -48.5 -48.5 -48.5 -48.5 -48.5 -48.5 -48.5 -48.5 -48.5 -48.5 -48.5 -48.5 -48.5 -48.5 -48.5 -49.0 -51.0 -53.0 -52.5 -54.0 -53.0 -51.0 -52.5 -53.0 -52.5 -52.0 -52.5 -52.5 -53.0 -52.5 -51.0 -53.0 -54.5 -53.5 -51.5 -51.0 -50.5 -50.0 -50.0 -50.0 -49.5 
1.1044661672776617 1.1351457830353744 1.1351457830353744 1.1106020904292042 1.1167380135807468 1.2210487071569704 1.2087768608538851 1.239456476611598 1.2026409377023426 1.2210487071569704 1.214912784005428 1.2578642460662257 1.227184630308513 1.2517283229146832 1.2517283229146832 1.2210487071569704 1.2640001692177683 1.2762720155208536 1.2517283229146832 1.239456476611598 1.1228739367322893 1.1658253987930873 1.2333205534600555 1.2701360923693108 1.3560390164909069 1.4787574795217582 1.6812429435226628 1.5585244804918115 1.3437671701878218 1.4848934026733007 1.5585244804918115 1.5155730184310134 1.4480778637640452 1.4051264017032472 1.552388557340269 1.552388557340269 1.509437095279471 1.4051264017032472 1.4787574795217582 1.6014759425526093 1.5830681730979816 1.4051264017032472 1.2087768608538851 1.0983302441261191 0.9326603190344698 0.9387962421860124 0.9633399347921826 0.9572040116406401 
-49.5 -50.0 -49.5 -50.0 -49.5 -50.0 -49.5 -49.5 -49.5 -49.5 -49.5 -49.5 -49.5 -50.0 -49.5 -50.0 -50.0 -50.0 -50.0 -49.5 -50.0 -50.0 -50.5 -50.5 -52.0 -52.5 -51.5 -50.0 -49.5 -50.5 -50.5 -50.0 -50.5 -50.5 -50.5 -50.5 -51.0 -50.0 -49.5 -50.5 -51.5 -51.5 -51.0 -50.5 -51.5 -51.5 -51.5 -51.5 
1.4419419406125027 1.423534171157875 1.4726215563702154 1.4910293258248433 1.5033011721279284 1.552388557340269 1.509437095279471 1.564660403643354 1.5585244804918115 1.552388557340269 1.5401167110371838 1.564660403643354 1.5033011721279284 1.5401167110371838 1.5033011721279284 1.5401167110371838 1.552388557340269 1.5585244804918115 1.5585244804918115 1.5462526341887264 1.5830681730979816 1.5892040962495242 1.6689710972195777 1.8530487917658545 2.138369218312584 2.1598449493429825 1.9819031779482483 1.7794177139473437 1.7303303287350031 1.748738098189631 1.8223691760081417 1.7978254834019713 1.7916895602504288 1.7978254834019713 1.7978254834019713 1.7916895602504288 1.7548740213411735 1.6812429435226628 1.736466251886546 1.9082721001297376 2.1659808724945253 2.12916533358527 2.030990563160589 1.7916895602504288 1.533980787885641 1.3989904785517047 1.3744467859455345 1.3314953238847365 
-55.0 -55.5 -55.5 -55.5 -55.0 -55.0 -55.0 -55.5 -55.5 -55.0 -55.0 -55.5 -55.0 -55.0 -55.0 -55.0 -55.0 -55.0 -55.5 -55.5 -55.5 -56.0 -57.5 -57.5 -57.5 -54.5 -50.0 -51.0 -51.5 -52.5 -52.5 -52.5 -52.5 -53.0 -52.5 -52.5 -52.5 -52.0 -51.0 -50.0 -53.0 -54.5 -54.5 -55.5 -56.5 -56.0 -56.0 -55.5 
1.7241944055834606 1.6996507129772904 1.748738098189631 1.7916895602504288 1.7916895602504288 1.7732817907958012 1.8162332528565992 1.8407769454627694 1.7978254834019713 1.8223691760081417 1.7916895602504288 1.8162332528565992 1.7916895602504288 1.7732817907958012 1.7671458676442586 1.7794177139473437 1.7794177139473437 1.7426021750380885 1.7794177139473437 1.7671458676442586 1.7671458676442586 1.7119225592803755 1.6566992509164924 1.8346410223112268 2.1813206803733816 2.2764274892222915 2.0493983326152168 1.9757672547967058 2.1659808724945253 2.172116795646068 2.0800779483729293 2.1230294104337273 2.1598449493429825 2.1475731030398975 2.141437179888355 2.0064468705544187 2.1782527187976104 2.1230294104337273 2.000310947402876 2.024854640009046 2.073942025221387 2.086213871524472 1.9266798695843652 1.7732817907958012 1.564660403643354 1.6137477888556946 1.5953400194010667 1.6198837120072371 
-53.0 -52.5 -52.5 -52.5 -52.5 -52.5 -52.5 -52.0 -52.5 -52.0 -52.0 -52.0 -52.0 -52.5 -52.0 -52.5 -52.5 -52.5 -52.5 -52.5 -52.5 -53.5 -54.5 -55.0 -56.0 -53.5 -51.5 -53.5 -54.5 -54.5 -55.5 -55.5 -55.0 -55.0 -55.0 -55.5 -55.0 -56.0 -53.0 -53.5 -52.5 -52.5 -53.5 -54.5 -55.5 -55.0 -54.5 -55.0 
5.442563835418255 5.5100589900852235 5.577554144752192 5.473243451175968 5.460971604872882 5.485515297479052 5.405748296509 5.540738605842936 5.411884219660542 5.43029198911517 5.405748296509 5.338253141842031 5.424156065963627 5.307573526084319 5.399612373357457 5.295301679781233 5.43029198911517 5.411884219660542 5.418020142812084 5.399612373357457 5.460971604872882 5.473243451175968 5.792311455056181 6.019340611663256 5.801515339783495 6.019340611663256 5.737088146692298 5.497787143782138 5.6573211457222445 5.553010452146021 5.399612373357457 5.460971604872882 5.5714182216006485 5.540738605842936 5.405748296509 5.307573526084319 5.2768939103266055 5.448699758569798 5.5100589900852235 5.497787143782138 5.792311455056181 5.810719224510809 5.651185222570702 5.681864838328415 5.338253141842031 5.307573526084319 5.197126909356553 5.313709449235861 
-61.0 -60.5 -60.5 -60.5 -60.0 -60.5 -60.0 -60.5 -60.5 -60.5 -60.5 -60.0 -60.0 -60.5 -60.5 -60.0 -60.5 -60.5 -60.5 -60.5 -60.5 -60.5 -61.0 -61.0 -62.0 -58.5 -56.0 -58.0 -57.5 -57.5 -58.5 -60.0 -59.5 -59.5 -60.0 -59.0 -58.5 -58.5 -59.0 -57.5 -57.0 -60.5 -61.0 -61.0 -62.0 -62.0 -63.0 -62.5 
4.988505522204105 4.95168998329485 4.994641445355648 4.994641445355648 4.970097752749477 4.9823695990525625 4.859651136021712 4.957825906446392 4.963961829597935 5.013049214810275 5.031456984264903 5.013049214810275 4.847379289718626 4.945554060143307 4.9394181369917645 4.908738521234052 4.988505522204105 4.933282213840222 4.914874444385594 4.865787059173254 4.896466674930966 4.9394181369917645 5.092816215780329 5.332117218690489 2.2856313739496055 5.730952223540755 5.3198453723874035 5.111223985234957 5.663457068873787 5.497787143782138 5.559146375297564 5.485515297479052 5.798447378207723 5.792311455056181 5.792311455056181 5.632777453116074 5.675728915176872 6.013204688511713 5.344389064993574 5.074408446325701 5.6573211457222445 5.540738605842936 5.264622064023521 5.184855063053467 4.963961829597935 4.822835597112456 4.81056375080937 4.890330751779424 
-60.5 -60.0 -60.5 -60.0 -60.0 -60.0 -60.0 -59.5 -59.0 -59.0 -58.5 -59.0 -59.5 -58.5 -59.0 -58.5 -58.5 -58.5 -58.5 -59.5 -59.5 -60.0 -62.0 -63.5 -63.5 -61.5 -60.5 -63.0 -64.5 -62.5 -64.0 -62.0 -64.0 -65.0 -65.0 -64.0 -63.0 -65.5 -64.0 -62.5 -63.0 -62.5 -62.0 -63.5 -66.5 -66.0 -66.0 -68.0 
