3.104777114680538 3.2029518851052186 3.098641191528995 3.067961575771282 0.0674951546669682 3.1661363461959633 3.3318062712876126 3.172272269347506 3.1784081924990484 3.215223731408304 3.1906800388021335 3.1968159619536762 3.454524734318464 3.368621810196868 3.2029518851052186 3.2765829629237295 3.380893656499953 3.2765829629237295 3.2213596545598464 3.2643111166206444 3.9085830475326135 4.172427743048944 3.6692820446224537 3.5833791205008576 3.3747577333484107 4.037437433715008 4.031301510563465 4.031301510563465 3.749049045592507 3.6263305825616556 0.6013204688511713 3.730641276137879 3.9822141253511245 4.1417481272912315 4.289010282928253 0.5460971604872883 3.227495577711389 3.497476196379262 3.663146121470911 3.77972866135022 3.9760782021995817 3.067961575771282 3.3318062712876126 3.32567034813607 0.4540583132141498 3.773592738198677 0.48473792897186263 
-64.0 -64.5 -64.5 -64.5 -65.0 -64.0 -63.5 -64.5 -64.5 -64.5 -64.0 -65.0 -65.0 -63.5 -65.0 -65.0 -64.5 -64.5 -64.5 -65.5 -65.0 -63.5 -62.0 -65.5 -66.5 -65.0 -67.5 -65.0 -64.5 -65.0 -67.5 -65.5 -64.0 -65.5 -70.5 -70.0 -66.5 -65.5 -64.5 -65.0 -67.0 -67.0 -66.5 -66.0 -66.5 -64.0 -66.0 
2.313243028131547 2.2764274892222915 2.12916533358527 2.2886993355253766 5.6143696836614465 2.405281875404685 2.380738182798515 2.337786720737717 2.3071071049800045 2.2212041808584084 2.337786720737717 2.356194490192345 2.3746022596469727 2.270291566070749 2.36846633649543 2.325514874434632 2.356194490192345 2.429825568010856 2.350058567040802 2.2089323345553233 2.466641106920111 2.662990647769473 2.60776733940559 2.7857091108003242 3.2090878082567613 3.3318062712876126 3.5956509668039427 3.5036121195308043 3.1231848841351653 2.8409324191642074 2.6016314162540475 2.9206994201342606 3.1661363461959633 3.3502140407422405 3.5158839658338894 6.050020227420969 2.509592568980909 2.0800779483729293 1.9512235621905356 1.9880391010997909 2.282563412373834 2.1659808724945253 1.9696313316451632 2.030990563160589 1.8837284075235674 1.9082721001297376 2.1138255257064134 1.9144080232812801 
-64.5 -64.0 -64.0 -64.5 -64.5 -63.5 -64.0 -64.0 -64.5 -64.0 -63.5 -64.5 -64.0 -64.0 -65.0 -64.0 -64.0 -64.0 -63.5 -64.0 -61.5 -61.5 -62.0 -64.5 -65.0 -63.0 -64.5 -61.5 -62.0 -61.5 -62.5 -62.0 -62.5 -62.0 -64.5 -68.0 -66.0 -65.0 -62.5 -61.0 -62.0 -62.5 -62.0 -61.5 -62.0 -61.5 -63.0 -62.0 
0.9142525495798421 0.9081166264282996 0.9326603190344698 0.9081166264282996 0.9019807032767571 0.9265243958829272 0.9387962421860124 0.9510680884890975 0.944932165337555 0.9572040116406401 0.9817477042468103 0.9633399347921826 0.9756117810952678 0.9940195505498954 0.9878836273983529 1.000155473701438 1.0062913968529805 1.0185632431560658 1.0185632431560658 1.000155473701438 1.0983302441261191 1.227184630308513 1.0737865515199487 1.1290098598838318 1.3928545554001621 1.368310862793992 1.1382137446111458 1.0983302441261191 1.1535535524900022 1.1106020904292042 1.0799224746714913 1.086058397823034 1.1228739367322893 1.1044661672776617 1.214912784005428 4.540583132141498 1.4419419406125027 1.2517283229146832 1.1535535524900022 1.2333205534600555 1.3008157081270237 1.2455923997631406 1.184233168247715 1.214912784005428 1.1658253987930873 1.214912784005428 1.2793399770966247 1.1903690913992575 
-49.0 -49.0 -49.0 -49.0 -48.5 -48.5 -48.5 -48.5 -48.5 -48.5 -48.5 -48.5 -48.5 -48.5 -48.5 -48.0 -48.5 -48.0 -48.5 -48.5 -49.5 -50.5 -51.0 -52.5 -53.0 -51.0 -51.0 -51.5 -52.0 -52.0 -52.0 -51.5 -51.5 -51.5 -50.0 -51.5 -54.0 -52.5 -51.0 -51.5 -51.0 -49.5 -49.0 -49.0 -49.0 -48.5 -49.5 -49.0 
0.8958447801252144 1.000155473701438 1.0062913968529805 1.000155473701438 0.9940195505498954 1.000155473701438 0.9572040116406401 0.9817477042468103 1.0185632431560658 0.9878836273983529 1.0246991663076084 1.0062913968529805 1.0246991663076084 1.0185632431560658 1.0062913968529805 1.030835089459151 1.012427320004523 1.0246991663076084 1.0369710126106935 1.0615147052168636 1.1658253987930873 1.2578642460662257 1.509437095279471 1.6137477888556946 1.6321555583103222 1.41126232485479 1.3130875544301088 1.3499030933393643 1.4848934026733007 1.4787574795217582 1.4910293258248433 1.4480778637640452 1.4726215563702154 1.4419419406125027 1.2701360923693108 1.5033011721279284 1.748738098189631 1.718058482431918 1.5585244804918115 1.423534171157875 1.3499030933393643 1.239456476611598 1.1965050145508 1.1351457830353744 1.1658253987930873 1.1965050145508 1.2118448224296565 1.214912784005428 
-51.5 -51.5 -51.5 -51.0 -51.0 -51.5 -51.5 -51.0 -51.0 -51.0 -51.0 -50.5 -51.5 -51.0 -51.0 -51.0 -51.0 -51.0 -51.0 -51.5 -51.5 -51.0 -52.5 -51.5 -50.0 -49.0 -50.5 -51.0 -51.0 -50.5 -50.5 -50.5 -51.0 -51.0 -50.0 -49.5 -50.0 -51.5 -52.5 -52.5 -51.5 -51.0 -51.0 -50.5 -51.0 -51.0 -51.5 -51.5 
1.2762720155208536 1.239456476611598 1.2885438618239387 1.3192234775816514 1.227184630308513 1.3437671701878218 1.2455923997631406 1.2640001692177683 1.282407938672396 1.2885438618239387 1.2762720155208536 1.3008157081270237 1.3621749396424494 1.325359400733194 1.3499030933393643 1.3008157081270237 1.3192234775816514 1.3437671701878218 1.380582709097077 1.41126232485479 1.718058482431918 1.9880391010997909 2.024854640009046 1.9941750242513334 1.8530487917658545 1.662835174068035 1.705786636128833 1.6935147898257479 1.7732817907958012 1.7732817907958012 1.7241944055834606 1.736466251886546 1.7732817907958012 1.736466251886546 1.6260196351587797 4.874990943900568 1.8775924843720249 2.1046216409791 2.1230294104337273 2.024854640009046 1.8653206380689396 1.5830681730979816 1.4358060174609601 1.380582709097077 1.3008157081270237 1.3744467859455345 4.574330709474982 1.3437671701878218 
-54.5 -55.0 -55.0 -55.0 -55.0 -54.5 -55.0 -55.0 -54.5 -54.5 -54.0 -54.5 -54.5 -54.0 -54.5 -54.5 -54.5 -54.0 -54.5 -55.5 -55.0 -55.0 -54.0 -51.0 -49.5 -50.5 -51.5 -51.0 -51.5 -51.5 -51.0 -51.5 -51.0 -51.5 -51.0 -51.0 -50.0 -52.5 -55.5 -57.0 -57.0 -57.5 -56.5 -56.0 -55.5 -55.0 -55.5 -55.5 
1.533980787885641 1.576932249946439 1.509437095279471 1.5585244804918115 1.5707963267948966 1.5401167110371838 1.576932249946439 1.5892040962495242 1.5462526341887264 1.552388557340269 1.5401167110371838 1.564660403643354 1.5830681730979816 1.533980787885641 1.5585244804918115 1.5707963267948966 1.5892040962495242 1.5830681730979816 1.5892040962495242 1.576932249946439 1.705786636128833 1.9512235621905356 2.116893487282185 2.012582793705961 1.846912868614312 1.932815792735908 2.089281833100243 2.0493983326152168 2.0064468705544187 2.0064468705544187 1.9512235621905356 1.9512235621905356 1.9205439464328227 2.030990563160589 2.000310947402876 2.067806102069844 2.018718716857504 2.073942025221387 2.2518837966161214 2.172116795646068 1.902136176978195 1.718058482431918 1.6566992509164924 1.6444274046134073 1.662835174068035 1.6260196351587797 4.779884135051658 1.6382914814618648 
-54.5 -54.5 -54.5 -54.5 -55.0 -54.5 -54.5 -54.5 -55.0 -54.5 -54.5 -54.0 -54.0 -54.0 -54.0 -54.0 -54.5 -54.0 -54.0 -55.0 -55.0 -54.5 -53.0 -51.5 -52.0 -54.0 -55.0 -54.0 -54.0 -54.0 -53.5 -54.0 -53.5 -53.5 -54.5 -54.0 -53.0 -52.5 -52.5 -54.0 -54.5 -54.0 -53.5 -53.5 -53.5 -53.5 -54.0 -54.0 
5.295301679781233 5.258486140871978 5.21553467881118 5.295301679781233 5.246214294568893 5.252350217720435 5.246214294568893 5.301437602932776 5.295301679781233 5.209398755659637 5.203262832508095 5.258486140871978 5.2339424482658075 5.1725832167503825 5.203262832508095 5.080544369477243 5.203262832508095 5.209398755659637 5.3198453723874035 5.546874528994478 5.66959299202533 5.64504929941916 5.896622148632405 5.822991070813893 5.448699758569798 5.595961914206819 5.577554144752192 5.4671075280244255 5.338253141842031 5.289165756629691 5.154175447295755 5.270757987175063 5.258486140871978 5.3627968344482015 5.546874528994478 5.586758029479505 5.43029198911517 5.853670686571607 6.105243535784852 6.043884304269426 5.9088939949354895 5.859806609723149 5.595961914206819 5.448699758569798 5.559146375297564 5.418020142812084 5.381204603902829 5.411884219660542 
-61.5 -61.5 -61.5 -61.5 -61.5 -61.5 -62.0 -62.0 -61.5 -61.0 -61.5 -61.5 -61.5 -61.0 -60.5 -62.0 -61.0 -61.5 -62.0 -62.0 -61.0 -61.5 -58.0 -56.0 -56.0 -57.5 -57.5 -57.5 -57.5 -58.0 -58.5 -58.0 -57.5 -57.5 -57.5 -58.0 -58.0 -55.5 -58.0 -60.0 -60.5 -61.0 -61.0 -62.0 -62.0 -61.0 -62.5 -61.5 
4.847379289718626 4.792155981354743 4.7307967498393175 4.865787059173254 4.749204519293945 4.828971520263998 4.804427827657828 4.466952054322987 4.76147636559703 4.749204519293945 4.743068596142402 4.847379289718626 4.724660826687775 4.853515212870168 4.718524903536232 4.798291904506286 4.773748211900116 4.914874444385594 5.129631754689584 5.368932757599744 5.626641529964532 5.325981295538946 5.062136600022616 5.706408530934585 5.688000761479957 5.516194913236766 5.6573211457222445 5.577554144752192 5.307573526084319 5.497787143782138 5.8475347634200645 5.688000761479957 5.5714182216006485 5.329049257114717 5.743224069843841 5.485515297479052 5.595961914206819 5.681864838328415 5.258486140871978 5.031456984264903 4.8351074434155406 4.847379289718626 4.792155981354743 4.816699673960914 1.6168157504314657 4.681709364626977 
-64.5 -65.0 -65.0 -65.5 -64.5 -64.5 -64.5 -65.5 -65.0 -64.5 -64.5 -63.5 -64.5 -64.0 -63.5 -64.0 -64.5 -66.0 -64.0 -62.0 -61.0 -60.0 -60.0 -65.5 -65.0 -62.5 -64.0 -63.5 -64.5 -63.5 -63.0 -63.0 -68.0 -67.5 -61.5 -63.5 -62.5 -62.0 -62.0 -62.0 -62.0 -61.0 -61.0 -61.0 -62.5 -61.5 
