2.521864415283994 2.497320722677824 5.878214379177777 2.5586799541932495 2.5770877236478773 2.6384469551633027 2.6998061866787286 2.5832236467994196 2.5709518004963345 2.6998061866787286 2.662990647769473 2.650718801466388 2.5832236467994196 2.730485802436441 2.7120780329818137 2.748893571891069 2.6691265709210157 2.6568547246179306 2.773437264497239 2.6875343403756435 2.724349879284899 2.7120780329818137 3.074097498922825 2.5832236467994196 3.3870295796514958 3.2397674240144743 3.3195344249845276 3.4606606574700063 3.6692820446224537 3.5956509668039427 3.3624858870453256 3.067961575771282 3.055689729468197 3.3011266555298997 3.485204350076177 3.5036121195308043 3.2336315008629315 3.2765829629237295 3.5465635815916023 3.393165502803038 3.1354567304382504 3.2643111166206444 3.000466421104314 3.0066023442558567 2.9697868053466014 2.9575149590435164 2.890019804376548 2.82252464970958 
-63.0 -62.5 -64.0 -63.0 -63.0 -63.0 -63.0 -63.5 -63.0 -63.0 -63.5 -63.0 -63.0 -63.5 -63.5 -63.0 -63.0 -63.0 -62.5 -63.5 -63.5 -64.0 -64.0 -64.5 -64.5 -62.5 -65.5 -65.5 -64.0 -65.0 -63.0 -63.0 -63.5 -64.0 -63.0 -63.0 -63.0 -63.5 -64.5 -65.5 -63.0 -63.0 -64.0 -62.5 -65.0 -68.5 -68.0 -67.5 
2.2457478734645786 2.435961491162398 5.66959299202533 2.282563412373834 2.2027964114037806 2.3009711818284617 2.3316507975861747 2.2457478734645786 2.2641556429192065 2.2641556429192065 2.172116795646068 2.399145952253143 2.1782527187976104 2.2334760271614935 2.2457478734645786 2.3746022596469727 2.36846633649543 2.350058567040802 2.337786720737717 2.3623304133438876 2.2334760271614935 2.3623304133438876 2.2580197197676637 2.073942025221387 2.4175537217077703 2.5034566458293663 2.5954954931025047 2.9084275738311756 3.184544115650591 3.4054373491061236 3.160000423044421 2.662990647769473 5.829126993965437 2.693670263527186 2.742757648739526 2.804116880254952 2.736621725587984 2.8532042654672924 3.1354567304382504 3.4913402732277192 0.2454369260617026 2.9943304979527716 2.497320722677824 2.411417798556228 2.2886993355253766 2.2886993355253766 2.1353012567368124 2.1046216409791 
-62.0 -62.0 -63.5 -63.0 -62.0 -62.0 -62.0 -62.0 -62.5 -62.0 -62.5 -62.5 -62.5 -62.5 -62.5 -62.5 -62.5 -62.5 -63.0 -62.5 -63.0 -63.5 -62.0 -62.0 -62.0 -62.0 -63.5 -65.0 -64.0 -62.0 -61.0 -61.0 -62.0 -61.0 -61.5 -62.0 -61.5 -61.0 -60.5 -63.5 -66.5 -66.0 -66.5 -65.5 -65.5 -64.0 -63.5 -64.0 
0.46019423636569234 0.4908738521234052 0.47860200582032003 0.5092816215780329 0.5092816215780329 0.5399612373357456 0.5031456984264903 0.5338253141842031 0.5276893910326605 0.5829126993965437 0.5276893910326605 0.5645049299419159 0.5399612373357456 0.5645049299419159 0.5154175447295755 0.607456392002714 0.6381360077604268 0.5890486225480862 0.5890486225480862 0.6135923151542565 0.619728238305799 0.6013204688511713 0.6565437772150544 0.7669903939428205 0.9142525495798421 1.0369710126106935 0.9142525495798421 1.055378782065321 1.2517283229146832 1.0676506283684062 0.9694758579437253 0.9510680884890975 0.9019807032767571 0.8958447801252144 0.8958447801252144 0.9081166264282996 0.8713010875190442 0.9081166264282996 1.0185632431560658 1.1044661672776617 1.2640001692177683 1.1780972450961724 0.9633399347921826 1.012427320004523 0.9265243958829272 0.7792622402459057 0.6933593161243098 0.6749515466696822 
-52.0 -52.0 -53.0 -52.0 -52.0 -52.0 -52.0 -52.0 -52.0 -52.0 -51.5 -51.5 -51.5 -51.5 -51.5 -51.5 -51.5 -51.5 -51.5 -51.5 -51.5 -51.5 -51.5 -51.5 -52.0 -52.0 -54.0 -53.5 -51.5 -50.5 -52.0 -52.0 -53.0 -53.0 -52.5 -52.5 -52.0 -51.5 -51.5 -50.5 -52.0 -53.5 -53.0 -50.5 -50.0 -51.0 -51.5 -51.0 
1.0737865515199487 1.0246991663076084 1.0615147052168636 1.0737865515199487 1.0062913968529805 1.043106935762236 1.030835089459151 1.0246991663076084 0.9756117810952678 1.0062913968529805 1.0062913968529805 0.9572040116406401 0.9510680884890975 0.9633399347921826 0.9940195505498954 0.9510680884890975 0.9694758579437253 1.000155473701438 0.9878836273983529 1.000155473701438 0.9694758579437253 1.0246991663076084 1.0369710126106935 1.0246991663076084 1.1228739367322893 1.3069516312785663 1.4542137869155878 1.5155730184310134 1.368310862793992 1.1474176293384597 1.2640001692177683 1.2946797849754812 1.239456476611598 1.2517283229146832 1.2578642460662257 1.2578642460662257 1.2946797849754812 1.3008157081270237 1.2517283229146832 1.1965050145508 1.3928545554001621 1.5155730184310134 1.5155730184310134 1.4419419406125027 1.2701360923693108 1.1167380135807468 1.0369710126106935 0.9940195505498954 
-53.5 -53.0 -54.0 -53.0 -53.5 -53.0 -53.0 -53.0 -53.0 -53.0 -53.0 -53.0 -53.0 -53.0 -53.0 -53.0 -53.0 -53.0 -53.0 -52.5 -52.5 -53.0 -53.0 -52.5 -52.0 -51.5 -51.5 -50.5 -49.0 -49.5 -50.5 -50.0 -50.0 -50.0 -50.0 -49.5 -50.0 -50.5 -50.0 -49.5 -49.5 -50.5 -51.0 -52.0 -52.0 -52.5 -52.5 -52.5 
1.4358060174609601 1.4173982480063325 1.533980787885641 1.521708941582556 1.4664856332186729 1.4848934026733007 1.4848934026733007 1.4480778637640452 1.521708941582556 1.4419419406125027 1.4787574795217582 1.4664856332186729 1.4419419406125027 1.4664856332186729 1.4358060174609601 1.4848934026733007 1.4603497100671303 1.4480778637640452 1.4358060174609601 1.5033011721279284 1.4542137869155878 1.4787574795217582 1.5278448647340985 1.6321555583103222 1.88986433067511 2.061670178918302 1.9512235621905356 1.7548740213411735 1.521708941582556 1.3744467859455345 1.4603497100671303 1.533980787885641 1.6014759425526093 1.509437095279471 1.5462526341887264 1.521708941582556 1.509437095279471 1.5033011721279284 1.3989904785517047 1.4419419406125027 1.5953400194010667 1.7119225592803755 1.9266798695843652 1.9389517158874505 1.859184714917397 1.662835174068035 1.4848934026733007 1.4419419406125027 
-58.5 -58.5 -58.5 -59.0 -58.0 -58.5 -58.0 -58.5 -59.0 -58.5 -58.5 -58.5 -58.5 -58.5 -58.5 -58.5 -58.5 -57.0 -58.0 -58.0 -58.0 -58.0 -57.0 -57.0 -55.5 -53.5 -52.0 -49.5 -51.0 -51.5 -53.0 -52.5 -52.0 -52.5 -52.5 -53.0 -52.5 -52.0 -52.0 -51.0 -51.0 -50.0 -51.0 -52.5 -53.0 -54.5 -56.5 -56.5 
1.6873788666742053 1.7119225592803755 1.7763497523715726 1.6873788666742053 1.662835174068035 1.6996507129772904 1.7303303287350031 1.6873788666742053 1.7548740213411735 1.6444274046134073 1.6505633277649499 1.6812429435226628 1.6137477888556946 1.607611865704152 1.6566992509164924 1.6014759425526093 1.6260196351587797 1.6382914814618648 1.6321555583103222 1.6321555583103222 1.6751070203711202 1.607611865704152 1.6137477888556946 1.6137477888556946 1.88986433067511 2.030990563160589 2.030990563160589 1.8039614065535141 1.8039614065535141 1.9757672547967058 1.9573594853420782 1.9389517158874505 1.932815792735908 2.012582793705961 2.012582793705961 2.012582793705961 1.9696313316451632 1.9205439464328227 1.9512235621905356 1.945087639038993 1.88986433067511 1.8960002538266525 2.018718716857504 2.055534255766759 1.9512235621905356 1.7426021750380885 1.5892040962495242 1.6321555583103222 
-60.0 -60.0 -60.0 -59.5 -59.5 -59.0 -59.0 -59.0 -59.0 -59.5 -59.0 -58.5 -59.0 -59.0 -59.0 -59.0 -59.0 -58.5 -58.5 -58.5 -58.5 -59.0 -59.5 -59.0 -57.0 -55.0 -52.5 -53.0 -55.0 -55.0 -54.5 -55.0 -55.5 -55.0 -54.5 -55.0 -55.5 -55.5 -55.0 -55.5 -54.0 -53.5 -52.0 -52.5 -54.0 -55.5 -57.0 -56.5 
5.66959299202533 5.681864838328415 5.6143696836614465 5.712544454086128 5.595961914206819 5.602097837358362 5.688000761479957 5.688000761479957 5.700272607783043 5.66959299202533 5.651185222570702 5.638913376267617 5.583690067903734 5.688000761479957 5.749359992995383 5.780039608753096 5.706408530934585 5.608233760509904 5.632777453116074 5.534602682691394 5.602097837358362 5.651185222570702 5.583690067903734 5.651185222570702 5.786175531904639 5.780039608753096 5.810719224510809 5.540738605842936 5.190990986205009 5.442563835418255 5.203262832508095 4.97623367590102 4.933282213840222 5.117359908386499 5.264622064023521 5.031456984264903 5.031456984264903 4.8351074434155406 5.086680292628786 5.258486140871978 5.246214294568893 5.197126909356553 5.786175531904639 5.810719224510809 5.6573211457222445 5.405748296509 5.45483568172134 5.5100589900852235 
-60.0 -59.5 -60.0 -59.0 -59.5 -59.5 -60.0 -59.5 -60.0 -59.5 -60.0 -60.0 -59.5 -60.0 -60.0 -60.0 -60.0 -60.0 -60.0 -60.0 -60.0 -60.0 -60.0 -59.5 -61.0 -60.5 -58.5 -57.0 -59.0 -58.5 -59.0 -59.0 -61.5 -61.5 -61.0 -61.0 -61.0 -60.0 -58.5 -58.5 -59.0 -57.5 -57.5 -59.0 -59.0 -60.0 -61.5 -62.0 
2.478912953223196 2.4175537217077703 2.2396119503130363 2.1905245651006955 2.000310947402876 1.705786636128833 1.8960002538266525 1.8346410223112268 1.7119225592803755 1.8346410223112268 5.620505606812989 5.66959299202533 5.540738605842936 5.786175531904639 5.577554144752192 5.565282298449106 5.6941366846315 5.8475347634200645 5.66959299202533 5.939573610693203 5.491651220630596 5.43029198911517 6.062292073724054 2.000310947402876 5.589825991055276 5.473243451175968 5.197126909356553 5.227806525114265 5.043728830567988 4.816699673960914 
-78.5 -78.0 -76.0 -76.5 -76.0 -75.5 -75.0 -74.5 -75.5 -75.0 -65.5 -61.0 -62.0 -70.0 -61.0 -63.5 -65.0 -64.0 -64.5 -64.0 -64.5 -63.5 -66.5 -64.0 -62.0 -63.5 -64.5 -67.5 -70.0 -73.0 
