3.3502140407422405 3.368621810196868 3.3195344249845276 3.509748042682347 3.356349963893783 3.3502140407422405 3.5711072741977725 3.423845118560751 3.5956509668039427 3.4177091954092087 3.6754179677739964 3.479068426924634 3.5588354278946874 3.6386024288647407 3.56497135104623 0.46019423636569234 3.522019888985432 3.5711072741977725 1.3130875544301088 4.252194744018997 3.9208548938356986 3.6079228131070282 3.2336315008629315 3.448388811166921 3.785864584501762 3.6754179677739964 3.693825737228624 3.5895150436524004 3.7429131224409646 3.810408277107933 3.749049045592507 0.5154175447295755 3.153864499892878 3.2888548092268146 3.5772431973493153 3.7429131224409646 3.9760782021995817 0.6013204688511713 3.227495577711389 3.3624858870453256 3.380893656499953 3.466796580621549 3.6447383520162835 3.472932503773092 3.4606606574700063 
-63.5 -63.5 -64.5 -64.0 -63.5 -64.0 -64.0 -64.5 -64.5 -63.5 -63.5 -64.5 -64.0 -64.5 -65.0 -65.5 -65.5 -67.0 -69.5 -66.0 -65.5 -65.5 -66.0 -70.5 -70.0 -68.0 -68.0 -68.5 -68.0 -68.5 -69.5 -73.5 -68.0 -63.0 -64.5 -63.5 -65.0 -67.5 -65.5 -65.0 -65.0 -64.5 -65.0 -66.0 -64.5 
2.1659808724945253 2.0923497946760143 2.2948352586769194 2.2027964114037806 2.172116795646068 2.1230294104337273 2.1905245651006955 2.184388641949153 2.2212041808584084 2.2764274892222915 2.073942025221387 2.313243028131547 2.172116795646068 2.2334760271614935 2.2027964114037806 2.2518837966161214 2.325514874434632 2.2212041808584084 2.2886993355253766 2.172116795646068 2.061670178918302 2.061670178918302 2.5402721847386216 2.82252464970958 2.9145634969827183 2.7550294950426117 2.650718801466388 2.5832236467994196 2.5341362615870793 2.675262494072558 2.767301341345697 3.074097498922825 3.0250101137104846 2.8838838812250054 2.5280003384355365 2.043262409463674 2.098485717827557 2.0923497946760143 2.073942025221387 2.1659808724945253 2.086213871524472 2.1353012567368124 2.1782527187976104 2.3009711818284617 2.325514874434632 
-62.5 -62.0 -62.5 -62.0 -63.5 -62.0 -61.0 -62.0 -61.5 -61.5 -62.0 -62.0 -61.5 -61.0 -61.5 -60.5 -61.5 -62.0 -62.0 -61.5 -61.5 -64.0 -65.0 -67.5 -64.0 -62.5 -62.5 -62.5 -62.5 -62.0 -62.0 -64.5 -66.5 -66.0 -64.0 -62.0 -62.5 -62.0 -62.0 -60.5 -61.0 -60.5 -60.0 -60.5 -61.0 
1.2210487071569704 1.2026409377023426 1.2517283229146832 1.2455923997631406 1.2517283229146832 1.2701360923693108 1.2701360923693108 1.325359400733194 1.3192234775816514 1.3130875544301088 1.3437671701878218 1.337631247036279 1.3989904785517047 1.380582709097077 1.4051264017032472 1.4419419406125027 1.4051264017032472 1.3928545554001621 1.4173982480063325 1.3621749396424494 1.2578642460662257 1.2885438618239387 1.4173982480063325 1.282407938672396 1.2762720155208536 1.214912784005428 1.227184630308513 1.2701360923693108 1.2762720155208536 1.1965050145508 1.2640001692177683 1.3314953238847365 1.368310862793992 1.4848934026733007 1.282407938672396 1.227184630308513 1.3928545554001621 1.3621749396424494 1.2885438618239387 1.2885438618239387 1.3192234775816514 1.2578642460662257 1.380582709097077 1.4603497100671303 1.4664856332186729 
-48.5 -48.5 -48.0 -48.5 -48.0 -48.5 -48.5 -48.5 -48.5 -48.5 -49.0 -48.5 -49.0 -49.0 -49.0 -49.0 -49.0 -49.0 -50.0 -52.5 -51.5 -53.0 -53.5 -52.0 -52.0 -52.0 -52.5 -53.0 -53.0 -52.5 -52.0 -52.0 -52.0 -53.5 -52.0 -51.0 -51.0 -50.0 -49.5 -49.5 -49.0 -49.5 -49.5 -49.5 -49.5 
1.2026409377023426 1.2026409377023426 1.1965050145508 1.2026409377023426 1.2210487071569704 1.214912784005428 1.214912784005428 1.2333205534600555 1.2517283229146832 1.239456476611598 1.214912784005428 1.2333205534600555 1.2762720155208536 1.2640001692177683 1.2517283229146832 1.2578642460662257 1.3008157081270237 1.2455923997631406 1.3192234775816514 1.3928545554001621 1.4296700943094176 1.761009944492716 1.748738098189631 1.5155730184310134 1.5953400194010667 1.6321555583103222 1.6505633277649499 1.6198837120072371 1.6260196351587797 1.6321555583103222 1.5830681730979816 1.576932249946439 1.4910293258248433 1.6873788666742053 1.7548740213411735 1.5707963267948966 1.3989904785517047 1.3069516312785663 1.2946797849754812 1.2455923997631406 1.2885438618239387 1.3008157081270237 1.2517283229146832 1.3192234775816514 1.41126232485479 
-50.5 -50.5 -50.5 -50.5 -50.5 -50.5 -50.5 -50.5 -51.0 -50.5 -51.0 -51.0 -50.5 -50.5 -51.0 -50.5 -51.0 -51.0 -51.5 -52.5 -53.0 -52.5 -50.0 -50.5 -51.0 -51.0 -50.5 -50.5 -50.5 -50.5 -50.5 -51.0 -50.5 -50.0 -51.5 -53.0 -52.0 -51.0 -50.5 -50.5 -50.5 -50.0 -50.0 -50.0 -50.0 
1.4051264017032472 1.4787574795217582 1.4542137869155878 1.4358060174609601 1.4787574795217582 1.5462526341887264 1.4542137869155878 1.4848934026733007 1.4480778637640452 1.41126232485479 1.423534171157875 1.4542137869155878 1.41126232485479 1.4848934026733007 1.4726215563702154 1.4664856332186729 1.4971652489763858 1.5830681730979816 1.533980787885641 1.9634954084936207 2.141437179888355 2.184388641949153 1.9819031779482483 1.8407769454627694 1.932815792735908 1.9512235621905356 1.932815792735908 1.902136176978195 1.945087639038993 1.9082721001297376 1.9573594853420782 1.8223691760081417 1.902136176978195 1.9880391010997909 2.2150682577068657 2.1659808724945253 2.043262409463674 1.9144080232812801 1.6444274046134073 1.5953400194010667 1.5585244804918115 1.5707963267948966 1.576932249946439 1.5585244804918115 1.576932249946439 
-56.0 -56.0 -56.0 -56.0 -56.0 -56.0 -56.0 -56.0 -55.5 -56.0 -55.5 -56.0 -56.0 -55.5 -55.5 -55.5 -56.0 -56.0 -58.5 -58.5 -59.5 -54.0 -52.0 -52.0 -52.5 -52.5 -52.5 -53.5 -53.0 -53.0 -52.5 -53.0 -51.5 -51.5 -52.5 -56.0 -55.0 -55.5 -56.0 -56.0 -55.0 -55.0 -55.0 -55.0 -54.5 
1.6935147898257479 1.6689710972195777 1.7303303287350031 1.7119225592803755 1.718058482431918 1.7119225592803755 1.7241944055834606 1.6873788666742053 1.7119225592803755 1.6935147898257479 1.7548740213411735 1.7119225592803755 1.6751070203711202 1.6996507129772904 1.718058482431918 1.7119225592803755 1.718058482431918 1.6751070203711202 1.6198837120072371 2.0800779483729293 2.386874105950058 2.1905245651006955 2.0923497946760143 2.2089323345553233 2.2518837966161214 2.12916533358527 2.2150682577068657 2.227340104009951 2.2641556429192065 2.1475731030398975 2.0800779483729293 2.1598449493429825 2.2212041808584084 2.1659808724945253 2.2089323345553233 2.386874105950058 2.2212041808584084 1.9082721001297376 1.7671458676442586 1.7303303287350031 1.8285050991596843 1.846912868614312 1.8530487917658545 1.8837284075235674 1.88986433067511 
-54.0 -54.0 -53.5 -53.5 -54.0 -54.0 -54.0 -53.5 -53.5 -53.0 -53.0 -53.0 -53.0 -53.0 -52.0 -52.5 -52.5 -53.5 -54.0 -55.5 -54.5 -52.5 -54.0 -55.0 -54.0 -55.0 -55.0 -54.5 -54.0 -54.5 -55.0 -54.0 -54.5 -54.0 -52.0 -52.5 -54.0 -54.0 -53.0 -52.0 -52.0 -52.0 -51.5 -51.5 -51.5 
5.381204603902829 5.393476450205914 5.5714182216006485 5.497787143782138 5.411884219660542 5.424156065963627 5.411884219660542 5.405748296509 5.307573526084319 5.301437602932776 5.332117218690489 5.301437602932776 5.356660911296659 5.190990986205009 5.356660911296659 5.368932757599744 5.411884219660542 5.6143696836614465 5.64504929941916 6.092971689481767 6.092971689481767 5.884350302329319 5.737088146692298 5.798447378207723 5.651185222570702 5.5714182216006485 5.577554144752192 5.706408530934585 5.822991070813893 5.589825991055276 5.50392306693368 5.688000761479957 5.7616318392984684 5.608233760509904 5.859806609723149 5.9518454569962875 5.859806609723149 5.902758071783947 5.767767762450011 5.540738605842936 5.47937937432751 5.368932757599744 5.442563835418255 5.313709449235861 5.350524988145116 
-61.0 -61.0 -61.0 -61.0 -59.5 -60.5 -60.5 -61.0 -60.0 -61.5 -61.0 -60.5 -60.0 -61.0 -61.0 -60.5 -61.0 -61.5 -61.0 -61.0 -58.5 -56.0 -57.5 -56.5 -57.0 -57.0 -58.5 -58.0 -58.0 -58.0 -57.5 -57.0 -56.5 -58.0 -56.0 -58.5 -60.0 -60.0 -59.5 -60.0 -60.0 -59.5 -60.0 -61.0 -60.5 
4.485359823777615 4.7860200582032 4.73693267299086 4.71238898038469 4.71238898038469 4.841243366567084 4.816699673960914 4.816699673960914 4.792155981354743 4.798291904506286 4.755340442445488 4.816699673960914 4.792155981354743 4.859651136021712 4.822835597112456 4.724660826687775 4.933282213840222 4.9394181369917645 5.154175447295755 5.43029198911517 5.700272607783043 5.338253141842031 5.270757987175063 5.534602682691394 5.387340527054372 5.516194913236766 5.522330836388308 5.620505606812989 5.553010452146021 5.4671075280244255 5.516194913236766 5.301437602932776 5.190990986205009 5.21553467881118 5.246214294568893 5.749359992995383 5.50392306693368 5.295301679781233 5.006913291658733 4.847379289718626 4.963961829597935 4.9823695990525625 5.013049214810275 4.841243366567084 5.006913291658733 
-62.5 -61.5 -61.0 -62.5 -62.0 -61.5 -60.5 -60.0 -60.0 -60.0 -59.0 -60.0 -59.5 -59.0 -58.5 -59.0 -59.5 -60.5 -61.5 -61.5 -62.5 -61.0 -61.0 -63.5 -63.5 -63.0 -63.0 -63.5 -63.0 -63.5 -64.0 -63.5 -67.0 -62.0 -61.0 -62.5 -61.5 -61.0 -62.0 -60.0 -59.0 -58.0 -59.5 -59.0 -58.5 
