3.6079228131070282 3.6201946594101133 3.6140587362585705 3.9269908169872414 3.767456815047135 3.773592738198677 3.693825737228624 3.785864584501762 3.810408277107933 3.847223816017188 3.730641276137879 3.792000507653305 3.933126740138784 3.736777199289422 4.264466590322082 3.6324665057131984 4.301282129231338 3.9208548938356986 3.650874275167826 3.9515345095934116 4.509903516383785 4.552854978444583 3.6754179677739964 4.1417481272912315 3.9085830475326135 3.7429131224409646 0.6442719309119693 3.6140587362585705 3.6386024288647407 4.221515128261284 3.9269908169872414 3.865631585471816 3.3379421944391554 3.718369429834794 3.8410878928656453 4.111068511533518 4.289010282928253 3.9638063558964967 3.436116964863836 3.6815538909255388 3.56497135104623 3.6447383520162835 3.485204350076177 
-64.5 -64.5 -63.5 -64.5 -65.0 -64.5 -64.5 -64.5 -65.0 -64.0 -65.5 -63.0 -65.5 -63.5 -64.5 -65.0 -65.0 -64.5 -65.0 -66.5 -68.5 -67.0 -66.5 -71.5 -70.0 -71.0 -70.5 -68.5 -69.5 -70.5 -71.5 -71.0 -63.5 -64.5 -65.0 -65.0 -67.0 -67.0 -66.5 -65.0 -63.5 -64.5 -63.5 
2.2212041808584084 2.2948352586769194 2.110757564130642 2.3930100291016 2.2764274892222915 2.3439226438892597 2.1905245651006955 2.2396119503130363 2.2212041808584084 2.184388641949153 2.1659808724945253 2.227340104009951 2.172116795646068 2.1782527187976104 2.067806102069844 2.227340104009951 2.3316507975861747 2.270291566070749 2.1905245651006955 2.086213871524472 2.435961491162398 2.3746022596469727 2.2641556429192065 2.3071071049800045 2.380738182798515 2.8654761117703775 2.8409324191642074 2.5034566458293663 2.5034566458293663 2.4727770300716534 2.509592568980909 2.6200391857086753 2.767301341345697 3.129320807286708 2.411417798556228 2.3193789512830896 1.9696313316451632 1.9880391010997909 1.9389517158874505 1.9757672547967058 2.350058567040802 2.116893487282185 1.9389517158874505 2.0923497946760143 2.030990563160589 
-61.5 -61.5 -62.0 -61.0 -61.0 -61.0 -61.0 -61.0 -59.5 -61.0 -60.0 -61.0 -61.0 -61.5 -61.0 -60.5 -60.5 -61.5 -62.0 -62.5 -62.5 -62.0 -62.0 -63.5 -66.0 -67.5 -64.5 -63.0 -63.0 -63.0 -63.0 -63.0 -64.5 -68.0 -66.5 -63.5 -61.5 -60.5 -61.0 -61.0 -61.0 -61.5 -61.5 -62.0 -62.5 
1.4173982480063325 1.4480778637640452 1.4848934026733007 1.5462526341887264 1.4848934026733007 1.4787574795217582 1.5155730184310134 1.5278448647340985 1.5707963267948966 1.4971652489763858 1.5033011721279284 1.4051264017032472 1.4480778637640452 1.4419419406125027 1.4726215563702154 1.4971652489763858 1.4603497100671303 1.4726215563702154 1.3928545554001621 1.4480778637640452 1.4787574795217582 1.41126232485479 1.2517283229146832 1.368310862793992 1.423534171157875 1.2026409377023426 1.2026409377023426 1.1903690913992575 1.1474176293384597 1.2087768608538851 1.1535535524900022 1.1903690913992575 1.2946797849754812 1.3437671701878218 1.4419419406125027 1.368310862793992 1.2762720155208536 1.380582709097077 1.509437095279471 1.380582709097077 1.2578642460662257 1.1965050145508 1.1719613219446299 1.239456476611598 1.227184630308513 
-49.0 -49.5 -49.5 -49.5 -49.5 -49.5 -49.5 -49.5 -49.5 -49.5 -49.0 -49.5 -49.5 -49.0 -49.0 -49.0 -49.5 -49.0 -49.0 -49.0 -51.5 -52.5 -51.0 -53.0 -53.0 -52.0 -52.5 -52.5 -53.0 -53.0 -52.5 -52.0 -52.0 -52.0 -53.0 -53.0 -51.0 -51.0 -51.5 -50.5 -50.0 -50.0 -50.0 -49.5 -49.5 
1.3744467859455345 1.368310862793992 1.380582709097077 1.3867186322486196 1.4051264017032472 1.41126232485479 1.3744467859455345 1.4419419406125027 1.3989904785517047 1.3928545554001621 1.368310862793992 1.380582709097077 1.325359400733194 1.3437671701878218 1.3560390164909069 1.3499030933393643 1.3989904785517047 1.3621749396424494 1.3192234775816514 1.2885438618239387 1.3744467859455345 1.3744467859455345 1.552388557340269 1.8223691760081417 1.736466251886546 1.4848934026733007 1.5462526341887264 1.6321555583103222 1.6321555583103222 1.6014759425526093 1.5892040962495242 1.5953400194010667 1.5462526341887264 1.5033011721279284 1.6996507129772904 1.7855536370988863 1.5401167110371838 1.3744467859455345 1.3499030933393643 1.2946797849754812 1.2578642460662257 1.2210487071569704 1.1290098598838318 1.1290098598838318 1.1903690913992575 
-50.0 -50.0 -50.0 -50.5 -50.5 -50.0 -50.5 -50.0 -50.0 -50.5 -50.5 -50.0 -50.0 -50.0 -50.0 -50.0 -50.0 -50.5 -50.5 -50.5 -51.0 -51.0 -53.0 -52.0 -50.0 -50.5 -51.0 -51.0 -50.5 -50.5 -50.5 -50.5 -50.5 -50.5 -50.0 -51.0 -52.5 -52.5 -52.0 -51.5 -51.5 -51.5 -51.5 -51.0 -51.5 
1.5707963267948966 1.6137477888556946 1.5953400194010667 1.607611865704152 1.576932249946439 1.6382914814618648 1.6382914814618648 1.6260196351587797 1.5892040962495242 1.3621749396424494 1.6505633277649499 1.552388557340269 1.5892040962495242 1.6935147898257479 1.564660403643354 1.6260196351587797 1.5707963267948966 1.576932249946439 1.5953400194010667 1.5892040962495242 1.8100973297050567 1.945087639038993 2.1537090261914402 2.2027964114037806 1.945087639038993 1.8714565612204823 1.8714565612204823 1.8960002538266525 1.8775924843720249 1.8775924843720249 1.8775924843720249 1.8837284075235674 1.8960002538266525 1.8285050991596843 2.043262409463674 2.1230294104337273 2.270291566070749 2.086213871524472 2.000310947402876 1.8714565612204823 1.607611865704152 1.521708941582556 1.3499030933393643 1.4726215563702154 1.2578642460662257 
-54.5 -55.5 -55.0 -54.5 -55.5 -55.0 -55.0 -55.0 -55.0 -55.0 -55.0 -55.0 -55.0 -55.0 -54.5 -55.0 -55.0 -55.0 -55.0 -56.0 -57.0 -57.0 -57.5 -52.5 -51.5 -52.0 -53.0 -52.5 -52.5 -52.0 -51.5 -51.0 -52.5 -51.5 -51.0 -51.5 -56.5 -57.0 -55.5 -56.5 -58.0 -59.0 -58.5 -58.0 -57.0 
1.8100973297050567 1.8285050991596843 1.8346410223112268 1.846912868614312 1.8775924843720249 1.859184714917397 1.8775924843720249 1.8407769454627694 1.8039614065535141 1.8407769454627694 1.8039614065535141 1.8100973297050567 1.7916895602504288 1.8039614065535141 1.8162332528565992 1.8530487917658545 1.8162332528565992 1.8407769454627694 1.761009944492716 1.7241944055834606 1.8407769454627694 2.0493983326152168 2.3746022596469727 2.2150682577068657 2.043262409463674 2.2089323345553233 2.141437179888355 2.1230294104337273 2.2089323345553233 2.1905245651006955 2.116893487282185 2.067806102069844 2.2150682577068657 2.2396119503130363 2.1046216409791 2.12916533358527 2.3193789512830896 2.2641556429192065 2.1537090261914402 1.8407769454627694 1.6382914814618648 1.607611865704152 1.6260196351587797 1.6137477888556946 1.6566992509164924 
-52.0 -52.0 -51.5 -51.5 -51.5 -52.0 -51.5 -51.5 -51.5 -51.5 -52.0 -52.0 -52.0 -52.0 -52.0 -52.0 -52.0 -52.0 -52.5 -53.0 -54.0 -55.0 -54.0 -52.0 -53.5 -54.5 -53.5 -54.5 -54.5 -53.5 -54.0 -54.0 -53.5 -54.5 -53.0 -53.5 -53.0 -54.0 -54.5 -54.5 -54.0 -54.0 -54.0 -54.0 -54.0 
5.375068680751287 5.473243451175968 5.405748296509 5.399612373357457 5.350524988145116 5.436427912266712 5.375068680751287 5.460971604872882 5.436427912266712 5.418020142812084 5.381204603902829 5.411884219660542 5.356660911296659 5.368932757599744 5.442563835418255 5.3627968344482015 5.43029198911517 5.442563835418255 5.448699758569798 5.66959299202533 6.019340611663256 5.939573610693203 6.062292073724054 5.786175531904639 5.8475347634200645 5.773903685601553 5.798447378207723 5.602097837358362 5.559146375297564 5.64504929941916 5.589825991055276 5.45483568172134 5.724816300389213 5.810719224510809 5.7616318392984684 5.755495916146925 6.043884304269426 6.074563920027139 5.902758071783947 5.93343768754166 5.730952223540755 5.755495916146925 5.773903685601553 5.66959299202533 5.724816300389213 
-60.0 -61.0 -60.5 -60.5 -60.0 -60.5 -60.0 -61.0 -60.5 -60.5 -60.5 -59.0 -60.5 -60.5 -61.0 -61.0 -60.5 -61.5 -60.5 -61.5 -60.5 -61.0 -57.5 -55.5 -56.5 -57.0 -57.0 -57.5 -58.0 -58.0 -58.0 -58.0 -56.5 -56.5 -56.5 -55.5 -56.5 -59.0 -59.0 -58.5 -58.5 -59.0 -59.5 -59.5 -60.0 
4.988505522204105 4.97623367590102 4.871922982324796 5.0253210611133605 5.013049214810275 5.043728830567988 4.988505522204105 4.988505522204105 5.031456984264903 4.9823695990525625 4.970097752749477 5.037592907416445 4.908738521234052 4.914874444385594 4.908738521234052 4.97623367590102 5.0682725231741586 5.00077736850719 5.074408446325701 5.0682725231741586 5.2768939103266055 5.45483568172134 5.6143696836614465 5.209398755659637 5.283029833478148 5.602097837358362 5.418020142812084 5.405748296509 5.307573526084319 5.460971604872882 5.45483568172134 5.47937937432751 5.559146375297564 5.66959299202533 5.2768939103266055 5.399612373357457 5.681864838328415 5.546874528994478 5.411884219660542 5.2768939103266055 4.896466674930966 4.841243366567084 4.8351074434155406 4.9823695990525625 5.031456984264903 
-58.5 -58.0 -58.0 -58.0 -58.0 -57.5 -57.5 -57.5 -57.0 -58.0 -57.5 -58.0 -58.0 -58.0 -58.5 -58.0 -58.5 -58.0 -58.0 -60.0 -62.0 -62.5 -62.0 -61.5 -62.5 -64.0 -63.5 -63.5 -63.0 -62.5 -63.0 -63.5 -63.5 -64.0 -62.0 -61.5 -63.5 -62.5 -61.0 -61.0 -60.5 -60.5 -60.0 -61.0 -61.0 
