2.521864415283994 2.564815877344792 2.5709518004963345 2.5280003384355365 5.884350302329319 2.6875343403756435 2.5280003384355365 2.7550294950426117 2.6384469551633027 2.564815877344792 2.6384469551633027 2.6445828783148455 2.5034566458293663 2.7120780329818137 2.675262494072558 2.767301341345697 2.6875343403756435 2.675262494072558 2.773437264497239 2.804116880254952 3.1661363461959633 3.0802334220743677 2.736621725587984 2.8961557275280905 0.11658253987930872 2.9943304979527716 3.098641191528995 3.055689729468197 3.147728576741336 3.184544115650591 3.1354567304382504 3.2213596545598464 3.1231848841351653 3.227495577711389 3.074097498922825 3.141592653589793 2.730485802436441 2.988194574801229 2.7857091108003242 2.767301341345697 2.736621725587984 2.816388726558037 2.693670263527186 2.8654761117703775 2.5341362615870793 2.1966604882522383 2.6139032625571326 
-65.0 -66.0 -66.0 -65.5 -66.0 -65.5 -65.0 -67.0 -65.5 -65.5 -65.5 -65.0 -66.0 -66.0 -66.0 -65.0 -66.0 -66.5 -67.0 -66.0 -64.5 -61.0 -61.5 -60.5 -62.0 -63.5 -63.5 -62.0 -63.5 -62.5 -62.5 -62.0 -63.0 -63.5 -63.0 -65.0 -63.5 -61.5 -62.0 -62.5 -62.5 -64.0 -66.0 -66.5 -65.5 -65.5 -67.0 
2.399145952253143 2.454369260617026 2.4850488763747385 2.478912953223196 2.350058567040802 2.509592568980909 2.448233337465483 2.4911847995262812 2.478912953223196 2.5034566458293663 2.423689644859313 2.552544031041707 2.386874105950058 2.423689644859313 2.4850488763747385 2.466641106920111 2.405281875404685 2.386874105950058 2.448233337465483 2.5832236467994196 2.6261751088602177 2.6384469551633027 2.650718801466388 2.8286605728611223 0.02761165418194154 2.9513790358919736 3.0127382674073995 2.8286605728611223 2.7120780329818137 2.6384469551633027 2.718213956133356 2.8716120349219203 2.730485802436441 2.724349879284899 2.9206994201342606 3.1661363461959633 2.8961557275280905 2.945243112740431 2.834796496012665 2.761165418194154 2.5770877236478773 2.405281875404685 2.4850488763747385 2.5954954931025047 2.6568547246179306 2.5954954931025047 2.5770877236478773 
-63.5 -63.5 -63.5 -63.5 -63.5 -63.5 -63.5 -63.5 -64.0 -63.5 -64.0 -64.0 -63.5 -63.5 -64.0 -63.5 -63.5 -63.5 -63.5 -63.0 -62.0 -62.0 -63.0 -62.0 -63.5 -61.5 -61.0 -60.5 -61.0 -62.0 -62.0 -62.0 -62.0 -61.0 -60.5 -62.5 -62.5 -63.0 -65.0 -63.5 -62.5 -62.0 -62.0 -63.0 -63.5 -62.5 -63.5 
0.4479223900626072 0.4049709280018093 0.4111068511533518 0.4049709280018093 0.47860200582032003 0.4049709280018093 0.4172427743048944 0.44178646691106466 0.44178646691106466 0.37429131224409645 0.44178646691106466 0.4111068511533518 0.48473792897186263 0.4356505437595221 0.44178646691106466 0.46019423636569234 0.44178646691106466 0.4479223900626072 0.47860200582032003 0.5399612373357456 0.7117670855789375 0.8774370106705868 0.7915340865489908 0.9142525495798421 4.09266074207889 0.8713010875190442 0.7669903939428205 0.7731263170943632 0.7240389318820226 0.6994952392758523 0.7669903939428205 0.7853981633974483 0.7853981633974483 0.8406214717613314 0.8467573949128739 0.8897088569736719 0.9081166264282996 0.9817477042468103 0.9081166264282996 0.7792622402459057 0.7792622402459057 0.7547185476397354 0.607456392002714 0.4663301595172349 0.4970097752749477 0.4172427743048944 0.3190680038802134 
-51.5 -51.5 -51.5 -51.0 -51.0 -51.5 -51.0 -51.5 -51.0 -51.5 -51.0 -51.5 -51.5 -51.0 -51.0 -51.0 -51.5 -51.0 -51.0 -50.5 -51.0 -50.0 -51.0 -51.5 -51.0 -50.0 -50.5 -51.0 -51.0 -51.0 -51.5 -51.5 -51.5 -51.0 -50.5 -50.5 -50.0 -51.0 -52.0 -52.0 -51.5 -52.0 -52.5 -53.5 -54.0 -54.0 -54.0 
0.9019807032767571 0.8774370106705868 0.859029241215959 0.8835729338221293 0.8897088569736719 0.9019807032767571 0.8835729338221293 0.8897088569736719 0.8406214717613314 0.9326603190344698 0.8344855486097889 0.8283496254582462 0.8283496254582462 0.8528933180644165 0.8713010875190442 0.8406214717613314 0.8651651643675016 0.8651651643675016 0.8774370106705868 0.8958447801252144 1.0492428589137786 1.2517283229146832 1.337631247036279 1.3314953238847365 1.162757437217316 0.9387962421860124 0.9265243958829272 1.0246991663076084 1.086058397823034 1.055378782065321 1.0615147052168636 1.0799224746714913 1.1167380135807468 1.1535535524900022 1.1351457830353744 1.030835089459151 1.0369710126106935 1.1474176293384597 1.2640001692177683 1.282407938672396 1.239456476611598 1.184233168247715 1.141281706186917 1.1228739367322893 1.1965050145508 0.9878836273983529 1.030835089459151 
-54.5 -54.5 -54.5 -54.5 -54.5 -54.5 -54.5 -54.5 -54.5 -54.5 -54.5 -54.5 -54.5 -54.5 -54.5 -54.5 -54.5 -54.0 -54.5 -53.5 -52.5 -51.5 -51.0 -50.5 -49.5 -49.5 -50.5 -51.0 -50.0 -50.0 -50.0 -49.5 -49.5 -50.0 -50.0 -49.5 -49.0 -49.0 -49.5 -49.5 -50.0 -51.5 -52.5 -54.0 -54.5 -55.0 -55.0 
1.423534171157875 1.3744467859455345 1.4173982480063325 1.4358060174609601 1.4051264017032472 1.3989904785517047 1.368310862793992 1.3928545554001621 1.3744467859455345 1.3437671701878218 1.41126232485479 1.337631247036279 1.3499030933393643 1.368310862793992 1.3621749396424494 1.3621749396424494 1.3499030933393643 1.3928545554001621 1.4787574795217582 1.5033011721279284 1.705786636128833 1.7916895602504288 1.7855536370988863 1.6505633277649499 1.5033011721279284 1.3744467859455345 1.3499030933393643 1.380582709097077 1.4296700943094176 1.3499030933393643 1.3928545554001621 1.3928545554001621 1.4051264017032472 1.4480778637640452 1.4603497100671303 1.3621749396424494 1.3867186322486196 1.4603497100671303 1.576932249946439 1.6873788666742053 1.7671458676442586 1.8162332528565992 1.8346410223112268 1.7548740213411735 1.748738098189631 4.755340442445488 1.6014759425526093 
-57.0 -56.5 -57.0 -56.5 -56.5 -57.0 -56.5 -56.5 -56.5 -56.5 -57.0 -57.0 -57.0 -57.0 -56.5 -56.5 -57.0 -57.0 -56.5 -55.5 -54.0 -52.0 -51.0 -49.5 -50.0 -49.5 -50.0 -50.5 -50.0 -50.5 -51.0 -50.5 -51.0 -50.5 -50.5 -49.5 -49.5 -49.5 -49.5 -50.5 -51.0 -51.5 -52.5 -54.5 -55.0 -55.5 -56.0 
1.718058482431918 1.6935147898257479 1.7241944055834606 1.7303303287350031 1.705786636128833 1.6873788666742053 1.718058482431918 1.6935147898257479 1.6935147898257479 1.6751070203711202 1.6935147898257479 1.6996507129772904 1.6260196351587797 1.6873788666742053 1.718058482431918 1.705786636128833 1.7119225592803755 1.761009944492716 1.718058482431918 1.8162332528565992 1.846912868614312 2.018718716857504 1.9634954084936207 1.7119225592803755 1.705786636128833 1.8653206380689396 1.8162332528565992 1.7241944055834606 1.7794177139473437 1.7978254834019713 1.8714565612204823 1.8714565612204823 1.88986433067511 1.8100973297050567 1.7916895602504288 1.8775924843720249 1.8100973297050567 1.7241944055834606 1.6444274046134073 1.7119225592803755 1.8714565612204823 1.945087639038993 2.0371264863121317 2.0923497946760143 2.061670178918302 1.9941750242513334 1.9757672547967058 
-58.0 -57.5 -58.0 -57.5 -57.5 -58.0 -57.5 -57.5 -58.0 -58.0 -57.0 -57.5 -57.5 -57.5 -57.5 -57.0 -57.5 -57.5 -57.0 -57.0 -55.0 -52.5 -51.0 -52.0 -54.5 -53.0 -53.5 -54.0 -54.5 -54.5 -53.0 -53.5 -54.0 -54.0 -53.5 -53.5 -53.5 -53.5 -53.0 -51.5 -51.0 -53.5 -55.5 -56.5 -57.0 -58.0 -58.0 
5.8659425328746915 5.786175531904639 5.780039608753096 5.786175531904639 5.829126993965437 5.786175531904639 5.8045833013592665 5.663457068873787 5.835262917116979 5.786175531904639 5.810719224510809 5.780039608753096 5.773903685601553 5.853670686571607 5.786175531904639 5.822991070813893 5.822991070813893 5.816855147662351 5.780039608753096 5.786175531904639 5.8475347634200645 5.878214379177777 5.853670686571607 5.583690067903734 5.4579036432971115 5.50392306693368 5.436427912266712 5.209398755659637 5.092816215780329 5.252350217720435 5.405748296509 5.332117218690489 5.209398755659637 5.166447293598839 5.246214294568893 5.418020142812084 5.6573211457222445 5.50392306693368 5.497787143782138 5.66959299202533 5.706408530934585 5.8045833013592665 5.798447378207723 5.816855147662351 5.822991070813893 5.841398840268521 5.755495916146925 
-57.5 -57.5 -57.5 -57.5 -57.5 -58.0 -57.5 -57.5 -57.5 -57.5 -57.5 -58.0 -57.5 -57.5 -58.0 -57.5 -57.5 -57.5 -58.0 -57.5 -56.5 -56.0 -54.5 -55.5 -56.5 -55.5 -56.0 -55.5 -57.0 -58.0 -57.5 -58.5 -58.0 -57.0 -56.0 -55.5 -55.5 -56.5 -55.5 -55.0 -55.0 -55.0 -56.0 -56.0 -55.5 -56.0 -56.5 
6.068427996875596 6.117515382087937 3.08636934522591 6.025476534814799 5.994796919057086 6.013204688511713 2.662990647769473 2.988194574801229 2.6691265709210157 5.9518454569962875 5.786175531904639 5.559146375297564 5.577554144752192 5.553010452146021 2.1353012567368124 2.346990605465031 5.5714182216006485 5.344389064993574 5.485515297479052 5.534602682691394 5.700272607783043 5.66959299202533 5.724816300389213 5.6941366846315 5.6941366846315 5.436427912266712 5.356660911296659 5.730952223540755 5.424156065963627 5.2768939103266055 5.344389064993574 5.5100589900852235 5.724816300389213 5.957981380147831 0.2454369260617026 0.17794177139473438 0.3988350048502667 0.06135923151542565 
-77.5 -78.0 -79.0 -78.0 -78.5 -79.0 -79.0 -79.5 -79.0 -77.5 -71.5 -66.0 -61.0 -59.5 -62.5 -64.0 -62.0 -61.5 -62.5 -63.0 -63.0 -63.0 -63.0 -62.5 -63.5 -63.0 -62.0 -64.5 -62.5 -61.0 -61.0 -61.5 -64.0 -66.5 -66.5 -68.5 -67.5 -67.5 
