4.074252972624263 4.061981126321178 4.074252972624263 4.405592822807561 0.760854470791278 3.9361947017145553 4.1601558967458585 3.785864584501762 3.9699422790480394 0.7363107781851077 4.442408361716817 4.086524818927348 3.9515345095934116 3.8963112012295285 0.662679700366597 4.460816131171445 3.6754179677739964 3.5588354278946874 3.2213596545598464 0.6442719309119693 4.06811704947272 3.8963112012295285 3.5956509668039427 3.724505352986337 3.6999616603801666 3.663146121470911 3.6754179677739964 3.988350048502667 3.6017868899554855 3.313398501832985 3.454524734318464 3.399301425954581 3.6815538909255388 3.890175278077986 3.3502140407422405 3.117048960983623 3.1354567304382504 3.160000423044421 
-64.5 -65.0 -64.0 -64.0 -66.0 -66.0 -65.5 -63.5 -64.5 -66.0 -64.5 -65.0 -64.5 -64.5 -67.5 -67.5 -66.0 -66.5 -67.0 -68.5 -69.0 -66.5 -66.5 -67.5 -67.0 -68.5 -68.0 -68.5 -68.5 -64.5 -62.5 -63.0 -63.5 -64.0 -68.0 -68.0 -67.0 -67.0 
2.2948352586769194 2.227340104009951 2.1353012567368124 2.1966604882522383 2.3531265286165737 2.282563412373834 2.000310947402876 2.184388641949153 2.043262409463674 2.325514874434632 2.1230294104337273 2.086213871524472 2.116893487282185 2.141437179888355 2.1475731030398975 2.1659808724945253 2.2396119503130363 1.9819031779482483 2.172116795646068 2.098485717827557 2.3623304133438876 2.3746022596469727 2.2457478734645786 2.6261751088602177 2.6016314162540475 0.07976700097005335 2.8838838812250054 2.8409324191642074 2.748893571891069 2.767301341345697 2.724349879284899 3.11091303783208 3.227495577711389 3.3379421944391554 2.8532042654672924 2.8532042654672924 2.3316507975861747 2.3009711818284617 2.399145952253143 2.4911847995262812 2.466641106920111 2.356194490192345 2.325514874434632 2.3930100291016 
-59.5 -60.0 -60.0 -60.5 -61.0 -59.0 -60.5 -60.0 -60.5 -60.5 -60.0 -60.0 -61.0 -60.0 -60.5 -60.5 -61.0 -62.5 -62.5 -63.0 -62.5 -61.5 -62.0 -65.5 -64.5 -65.5 -63.5 -62.5 -63.5 -63.5 -63.0 -63.0 -63.0 -65.5 -65.5 -65.5 -66.0 -64.0 -63.0 -63.0 -63.5 -64.5 -64.5 -65.0 
1.5462526341887264 1.533980787885641 1.5707963267948966 1.509437095279471 1.564660403643354 4.73693267299086 1.552388557340269 1.5707963267948966 1.5401167110371838 1.509437095279471 1.4726215563702154 1.4726215563702154 1.4910293258248433 1.521708941582556 1.4664856332186729 1.4726215563702154 1.4603497100671303 1.3621749396424494 1.3621749396424494 1.2946797849754812 1.3499030933393643 1.4296700943094176 1.2946797849754812 1.2455923997631406 1.423534171157875 1.3867186322486196 1.227184630308513 1.2333205534600555 1.2578642460662257 1.2578642460662257 1.2026409377023426 1.2210487071569704 1.2762720155208536 1.3130875544301088 1.368310862793992 1.423534171157875 1.380582709097077 1.2701360923693108 1.2701360923693108 1.3130875544301088 1.1903690913992575 1.0799224746714913 0.9265243958829272 0.9572040116406401 1.0062913968529805 
-50.0 -50.5 -50.0 -50.0 -50.0 -50.5 -50.0 -50.0 -50.0 -50.0 -50.0 -50.0 -50.0 -49.5 -50.0 -50.0 -50.0 -49.5 -49.0 -49.0 -50.5 -52.0 -52.0 -52.0 -53.0 -52.0 -51.5 -52.5 -52.5 -53.5 -52.5 -52.5 -52.0 -51.5 -52.0 -53.0 -54.0 -53.0 -51.0 -51.0 -50.5 -49.5 -50.5 -50.5 -50.0 
1.4296700943094176 1.5155730184310134 1.4358060174609601 1.4726215563702154 1.4358060174609601 4.61728217153578 1.4480778637640452 1.4419419406125027 1.4173982480063325 1.4419419406125027 1.3130875544301088 1.4051264017032472 1.337631247036279 1.3560390164909069 1.3437671701878218 1.3989904785517047 1.3867186322486196 1.3928545554001621 1.3008157081270237 1.2578642460662257 1.282407938672396 1.3560390164909069 1.4787574795217582 1.7119225592803755 1.8407769454627694 1.6382914814618648 1.5033011721279284 1.5953400194010667 1.6996507129772904 1.705786636128833 1.6751070203711202 1.6505633277649499 1.6935147898257479 1.6566992509164924 1.533980787885641 1.6566992509164924 1.846912868614312 1.8653206380689396 1.7794177139473437 1.6505633277649499 1.4726215563702154 1.3192234775816514 1.227184630308513 1.2026409377023426 1.2087768608538851 
-51.0 -51.0 -50.5 -51.0 -50.5 -51.0 -51.0 -50.5 -51.0 -51.0 -51.0 -50.5 -51.0 -50.5 -50.5 -50.5 -50.5 -51.0 -51.0 -51.0 -50.5 -50.5 -52.0 -52.0 -50.5 -49.5 -50.5 -51.0 -51.0 -50.5 -50.0 -50.5 -50.5 -50.5 -50.5 -49.5 -50.5 -51.0 -53.0 -53.5 -53.0 -53.5 -53.5 -53.0 -53.5 
1.3989904785517047 1.3928545554001621 1.4051264017032472 1.4542137869155878 1.4818254410975293 1.4173982480063325 1.533980787885641 1.4603497100671303 1.3437671701878218 1.3744467859455345 1.41126232485479 1.4051264017032472 1.4542137869155878 1.380582709097077 1.3867186322486196 1.423534171157875 1.337631247036279 1.3744467859455345 1.4173982480063325 1.6014759425526093 1.7916895602504288 1.9757672547967058 2.1537090261914402 1.9757672547967058 1.8775924843720249 1.8714565612204823 1.9144080232812801 2.012582793705961 1.9941750242513334 1.9819031779482483 1.9696313316451632 2.000310947402876 1.932815792735908 1.8223691760081417 1.9389517158874505 2.067806102069844 2.1782527187976104 2.270291566070749 2.2334760271614935 1.859184714917397 1.8223691760081417 1.6260196351587797 1.5892040962495242 1.4910293258248433 
-57.0 -57.5 -57.0 -57.0 -57.5 -57.5 -57.0 -56.5 -57.0 -56.5 -56.5 -56.5 -56.5 -56.5 -57.0 -57.0 -57.5 -57.0 -56.0 -56.0 -56.0 -58.5 -55.5 -51.0 -51.5 -52.0 -53.5 -53.0 -53.5 -53.5 -53.0 -52.5 -52.5 -52.0 -52.0 -52.5 -54.0 -56.5 -57.0 -58.0 -58.5 -60.5 -61.0 -59.5 
1.7119225592803755 1.7978254834019713 1.7855536370988863 1.761009944492716 1.8315730607354554 1.705786636128833 1.7548740213411735 1.736466251886546 1.7119225592803755 1.7303303287350031 1.736466251886546 1.6444274046134073 1.662835174068035 1.7119225592803755 1.6444274046134073 1.761009944492716 1.521708941582556 1.6566992509164924 1.6382914814618648 1.6996507129772904 1.902136176978195 2.3009711818284617 2.2764274892222915 1.9880391010997909 2.073942025221387 2.2150682577068657 2.2641556429192065 2.184388641949153 2.1966604882522383 2.1905245651006955 2.1905245651006955 2.1046216409791 2.2518837966161214 2.2334760271614935 2.1475731030398975 2.098485717827557 2.1659808724945253 2.405281875404685 2.2334760271614935 1.8960002538266525 1.7916895602504288 1.7916895602504288 1.748738098189631 1.8039614065535141 
-52.0 -52.0 -51.5 -51.5 -52.5 -51.5 -52.0 -52.0 -52.0 -52.0 -51.5 -52.0 -52.0 -51.5 -52.0 -52.0 -52.5 -52.5 -53.0 -54.0 -55.0 -55.0 -52.0 -52.5 -53.5 -54.5 -53.5 -55.0 -54.5 -54.0 -54.0 -54.0 -54.0 -54.5 -53.5 -54.0 -53.0 -53.5 -55.5 -56.0 -57.0 -56.5 -56.5 -56.5 
5.5284667595398505 5.546874528994478 5.565282298449106 5.5100589900852235 5.482447335903282 5.6143696836614465 5.45483568172134 5.522330836388308 5.252350217720435 5.491651220630596 5.534602682691394 5.540738605842936 5.589825991055276 5.577554144752192 5.577554144752192 5.595961914206819 5.583690067903734 5.724816300389213 5.859806609723149 5.884350302329319 5.878214379177777 5.859806609723149 6.062292073724054 5.853670686571607 5.9088939949354895 5.878214379177777 5.915029918087033 5.6941366846315 5.737088146692298 5.767767762450011 5.743224069843841 5.6941366846315 5.773903685601553 5.878214379177777 5.902758071783947 5.835262917116979 6.013204688511713 6.037748381117884 6.031612457966341 5.945709533844745 5.798447378207723 5.743224069843841 5.730952223540755 5.816855147662351 
-59.5 -60.0 -60.5 -60.5 -60.5 -60.0 -60.5 -60.5 -60.0 -60.0 -59.5 -60.5 -60.0 -60.5 -61.0 -60.5 -61.5 -60.5 -61.0 -61.0 -60.5 -60.0 -56.5 -56.0 -57.0 -56.5 -56.5 -56.5 -57.5 -57.5 -57.5 -56.5 -56.0 -55.5 -56.0 -56.5 -56.0 -56.5 -57.0 -57.5 -57.0 -57.5 -57.5 -58.0 
4.9823695990525625 4.994641445355648 4.871922982324796 5.013049214810275 5.019185137961818 4.979301637476791 4.9394181369917645 4.994641445355648 4.994641445355648 5.031456984264903 4.9394181369917645 4.9823695990525625 4.97623367590102 4.92714629068868 4.957825906446392 5.080544369477243 5.049864753719531 5.123495831538041 5.086680292628786 5.141903600992669 5.092816215780329 5.356660911296659 5.632777453116074 5.491651220630596 5.283029833478148 5.45483568172134 5.712544454086128 5.5100589900852235 5.4671075280244255 5.491651220630596 5.620505606812989 5.5714182216006485 5.47937937432751 5.5100589900852235 5.5714182216006485 5.460971604872882 5.418020142812084 5.325981295538946 5.540738605842936 5.418020142812084 5.197126909356553 4.9394181369917645 4.963961829597935 4.896466674930966 4.957825906446392 
-56.5 -56.5 -56.5 -56.5 -56.5 -57.5 -57.0 -56.5 -56.5 -58.0 -57.0 -57.0 -57.0 -56.5 -57.5 -57.5 -57.0 -58.0 -58.0 -60.5 -62.5 -63.0 -61.5 -59.0 -59.5 -60.5 -62.0 -61.5 -62.0 -62.0 -62.5 -63.0 -62.5 -61.5 -62.5 -62.0 -59.5 -59.5 -59.0 -60.0 -61.5 -63.5 -64.5 -65.0 -65.5 
