5.6143696836614465 5.64504929941916 5.743224069843841 5.749359992995383 5.730952223540755 5.737088146692298 5.700272607783043 5.994796919057086 5.878214379177777 2.945243112740431 0.22089323345553233 2.9697868053466014 3.1906800388021335 5.270757987175063 5.184855063053467 4.988505522204105 4.681709364626977 1.012427320004523 
-75.0 -76.0 -76.0 -76.0 -76.5 -75.5 -75.5 -77.5 -70.0 -69.0 -74.5 -71.0 -68.5 -68.0 -69.0 -73.0 -71.0 -79.0 
1.8653206380689396 1.9696313316451632 1.8775924843720249 1.88986433067511 1.9634954084936207 1.932815792735908 2.018718716857504 1.9389517158874505 1.9389517158874505 1.9634954084936207 1.8837284075235674 1.9389517158874505 1.7426021750380885 1.9144080232812801 1.8530487917658545 1.9696313316451632 2.1475731030398975 2.1966604882522383 2.227340104009951 2.0800779483729293 2.1966604882522383 2.650718801466388 2.36846633649543 2.0923497946760143 2.018718716857504 1.902136176978195 1.9634954084936207 1.9266798695843652 2.184388641949153 2.386874105950058 2.435961491162398 2.2886993355253766 2.2027964114037806 2.3071071049800045 2.509592568980909 2.2334760271614935 2.5157284921324514 2.429825568010856 2.337786720737717 2.2027964114037806 2.172116795646068 2.1537090261914402 2.1230294104337273 2.055534255766759 
-64.0 -63.0 -63.0 -63.5 -63.0 -63.0 -63.0 -64.0 -64.0 -63.5 -63.0 -63.0 -62.5 -63.0 -63.5 -63.0 -63.0 -64.0 -63.5 -64.0 -65.5 -67.0 -64.0 -63.5 -62.0 -63.0 -62.0 -63.0 -63.0 -64.5 -66.5 -67.5 -65.5 -63.5 -63.0 -64.0 -63.5 -64.0 -64.0 -64.0 -64.5 -64.5 -64.0 -64.0 
0.9326603190344698 0.9387962421860124 1.000155473701438 0.9878836273983529 0.9940195505498954 0.9878836273983529 0.9694758579437253 1.012427320004523 1.000155473701438 0.9878836273983529 1.0185632431560658 1.0062913968529805 0.9694758579437253 0.9817477042468103 0.9817477042468103 1.000155473701438 1.1044661672776617 1.214912784005428 1.2762720155208536 1.0615147052168636 1.2701360923693108 1.3069516312785663 1.2333205534600555 1.184233168247715 1.2885438618239387 1.2762720155208536 1.3437671701878218 1.184233168247715 1.0921943209745766 1.2333205534600555 1.239456476611598 1.3621749396424494 1.239456476611598 1.1044661672776617 1.2087768608538851 1.3744467859455345 1.3744467859455345 1.3314953238847365 1.2517283229146832 1.1351457830353744 1.0921943209745766 1.0983302441261191 1.1596894756415448 1.141281706186917 
-56.5 -55.5 -56.0 -56.0 -56.0 -56.0 -55.5 -56.0 -56.0 -56.0 -56.0 -56.0 -56.0 -56.0 -56.0 -56.0 -56.0 -55.5 -53.5 -54.0 -55.5 -54.5 -54.5 -54.5 -55.5 -55.5 -56.0 -56.0 -55.0 -55.0 -54.0 -55.5 -55.5 -53.5 -53.0 -54.5 -55.5 -56.0 -57.0 -57.0 -57.5 -57.0 -57.0 -56.5 
1.3989904785517047 1.4051264017032472 1.3989904785517047 1.4358060174609601 1.4480778637640452 1.4296700943094176 1.423534171157875 1.4358060174609601 1.41126232485479 1.4603497100671303 1.4480778637640452 1.4173982480063325 1.4173982480063325 1.3928545554001621 1.3989904785517047 1.4542137869155878 1.5155730184310134 1.533980787885641 1.4296700943094176 1.4296700943094176 1.5033011721279284 1.5155730184310134 1.607611865704152 1.5707963267948966 1.552388557340269 1.5462526341887264 1.552388557340269 1.4971652489763858 1.5830681730979816 1.5830681730979816 1.564660403643354 1.6382914814618648 1.564660403643354 1.4542137869155878 1.4971652489763858 1.5401167110371838 1.5462526341887264 1.5830681730979816 1.5707963267948966 1.5278448647340985 1.564660403643354 1.5401167110371838 1.533980787885641 1.4910293258248433 
-53.0 -52.5 -53.0 -53.0 -53.0 -53.0 -53.0 -53.0 -52.5 -53.0 -53.0 -53.0 -53.0 -53.0 -53.0 -53.0 -52.5 -53.0 -53.0 -52.5 -52.5 -52.0 -52.5 -52.5 -52.5 -52.5 -53.0 -53.0 -53.0 -53.0 -52.5 -52.5 -53.5 -53.0 -53.0 -52.5 -52.5 -52.0 -52.0 -52.5 -52.5 -52.5 -52.5 -52.5 
2.184388641949153 2.1230294104337273 2.116893487282185 2.116893487282185 2.1537090261914402 2.1598449493429825 2.1659808724945253 2.141437179888355 2.141437179888355 2.1537090261914402 2.1353012567368124 2.1598449493429825 2.1782527187976104 2.172116795646068 2.1537090261914402 2.2027964114037806 2.2027964114037806 2.2948352586769194 2.184388641949153 2.2334760271614935 2.141437179888355 2.0923497946760143 2.325514874434632 2.313243028131547 2.2580197197676637 2.3193789512830896 2.282563412373834 2.2764274892222915 2.386874105950058 2.2396119503130363 2.12916533358527 2.1046216409791 2.1966604882522383 2.2764274892222915 2.2334760271614935 2.2089323345553233 2.2764274892222915 2.2764274892222915 2.282563412373834 2.3193789512830896 2.3009711818284617 2.2518837966161214 2.2886993355253766 2.1782527187976104 
-54.0 -53.5 -54.0 -54.0 -54.0 -53.5 -53.5 -53.5 -53.5 -53.0 -53.5 -53.5 -53.5 -53.5 -53.5 -53.0 -52.5 -52.0 -52.5 -51.5 -51.5 -53.0 -55.0 -53.5 -53.5 -54.0 -54.0 -54.5 -54.5 -56.0 -54.0 -52.5 -51.5 -53.0 -53.0 -52.5 -52.5 -52.5 -53.0 -53.0 -53.5 -53.0 -53.5 -53.0 
2.405281875404685 2.386874105950058 2.3746022596469727 2.399145952253143 2.325514874434632 2.3439226438892597 2.386874105950058 2.350058567040802 2.3930100291016 2.3439226438892597 2.386874105950058 2.3746022596469727 2.399145952253143 2.3439226438892597 2.3930100291016 2.3930100291016 2.405281875404685 2.4175537217077703 2.3193789512830896 2.448233337465483 2.435961491162398 2.466641106920111 2.4605051837685683 2.509592568980909 2.4605051837685683 2.429825568010856 2.454369260617026 2.4911847995262812 2.4727770300716534 2.478912953223196 2.4911847995262812 2.399145952253143 2.454369260617026 2.429825568010856 2.405281875404685 2.442097414313941 2.423689644859313 2.405281875404685 2.350058567040802 2.3930100291016 2.399145952253143 2.380738182798515 2.3930100291016 2.386874105950058 
-54.5 -54.5 -54.5 -55.0 -54.5 -54.0 -54.5 -54.5 -54.5 -54.5 -54.0 -54.0 -54.5 -54.5 -54.0 -54.0 -54.0 -54.5 -55.0 -54.0 -55.0 -55.0 -55.0 -55.0 -54.0 -54.0 -54.0 -54.5 -55.5 -55.0 -55.5 -55.0 -54.0 -54.5 -55.0 -55.0 -54.5 -54.0 -54.0 -54.5 -54.0 -54.0 -53.5 -53.5 
5.982525072754001 6.013204688511713 5.841398840268521 6.013204688511713 6.056156150572511 5.902758071783947 6.007068765360171 5.712544454086128 5.945709533844745 5.939573610693203 5.9088939949354895 5.964117303299373 5.957981380147831 5.93343768754166 5.835262917116979 5.878214379177777 5.8659425328746915 5.93343768754166 5.859806609723149 5.755495916146925 5.595961914206819 5.436427912266712 5.6573211457222445 5.921165841238575 5.884350302329319 5.902758071783947 5.964117303299373 6.000932842208628 5.939573610693203 5.872078456026235 5.565282298449106 5.485515297479052 5.522330836388308 5.982525072754001 5.93343768754166 5.896622148632405 5.810719224510809 5.939573610693203 5.93343768754166 5.9518454569962875 5.8659425328746915 5.9518454569962875 5.872078456026235 5.749359992995383 
-62.5 -63.0 -62.5 -62.5 -62.0 -62.0 -62.5 -62.0 -62.5 -62.5 -62.5 -62.0 -62.0 -62.5 -62.0 -61.5 -60.5 -61.0 -61.5 -61.5 -64.0 -63.5 -63.5 -62.0 -63.0 -62.0 -63.0 -64.0 -62.0 -64.0 -62.5 -63.0 -61.5 -61.0 -61.0 -60.0 -60.0 -59.5 -60.5 -60.0 -60.5 -60.0 -60.5 -60.5 
0.25770877236478773 0.30679615757712825 0.15339807878856412 0.3190680038802134 0.2699806186678728 0.25770877236478773 0.23316507975861744 0.25770877236478773 0.17794177139473438 0.2761165418194154 0.11658253987930872 0.1595340019401067 0.3129320807286708 0.2454369260617026 0.28838838812250056 0.22089323345553233 0.0 0.0859029241215959 0.2454369260617026 0.1227184630308513 3.5342917352885173 0.20248546400090464 0.1902136176978195 0.3374757733348411 0.4049709280018093 0.7547185476397354 0.5951845456996288 0.4540583132141498 0.3374757733348411 6.19728238305799 0.3374757733348411 0.5767767762450011 0.2270291566070749 0.05522330836388308 0.018407769454627694 0.07976700097005335 0.44178646691106466 0.14726215563702155 0.28225246497095796 6.209554229361076 0.04295146206079795 
-66.0 -66.5 -67.0 -66.0 -67.5 -67.0 -67.0 -66.5 -66.0 -66.0 -65.5 -66.5 -66.5 -67.0 -66.5 -66.5 -66.0 -66.0 -65.5 -63.5 -66.5 -66.0 -65.5 -66.5 -66.0 -67.5 -68.5 -67.5 -69.0 -66.0 -64.5 -66.0 -67.0 -67.5 -67.5 -68.5 -69.5 -68.5 -68.0 -68.5 -68.5 
