2.650718801466388 2.350058567040802 2.2886993355253766 2.2334760271614935 2.2886993355253766 1.9941750242513334 2.061670178918302 2.454369260617026 2.1475731030398975 2.337786720737717 2.3439226438892597 2.3746022596469727 2.3316507975861747 2.2212041808584084 5.405748296509 2.890019804376548 6.031612457966341 0.04295146206079795 3.0250101137104846 2.9943304979527716 3.031146036862027 6.154330920997192 5.988660995905543 3.1231848841351653 3.08636934522591 3.56497135104623 4.828971520263998 1.1290098598838318 0.12885438618239387 6.252505691421874 
-71.0 -72.0 -71.0 -71.5 -73.0 -71.0 -72.5 -71.5 -72.5 -72.5 -72.0 -73.5 -71.5 -73.5 -82.5 -66.5 -71.0 -75.5 -71.0 -72.0 -72.0 -74.5 -74.0 -68.5 -67.5 -68.5 -67.0 -79.0 -75.5 -75.0 
1.9144080232812801 1.9082721001297376 1.8162332528565992 1.8162332528565992 1.9266798695843652 1.902136176978195 1.846912868614312 1.8960002538266525 1.902136176978195 1.9389517158874505 1.9144080232812801 1.8653206380689396 1.9389517158874505 1.761009944492716 2.0371264863121317 2.2764274892222915 2.1475731030398975 2.098485717827557 2.4727770300716534 2.5586799541932495 2.454369260617026 2.1046216409791 2.030990563160589 1.7671458676442586 1.9266798695843652 1.902136176978195 2.2089323345553233 2.4911847995262812 2.5464081078901644 2.3009711818284617 2.1230294104337273 2.1230294104337273 2.0923497946760143 2.3071071049800045 2.313243028131547 2.1905245651006955 2.116893487282185 1.9389517158874505 2.0923497946760143 1.9880391010997909 2.024854640009046 1.9696313316451632 1.9941750242513334 
-62.0 -62.0 -62.0 -62.5 -62.5 -62.0 -62.5 -62.0 -62.0 -62.5 -61.5 -62.0 -62.0 -62.0 -61.5 -62.0 -62.0 -64.5 -65.0 -64.5 -64.5 -63.0 -62.0 -61.5 -61.0 -61.0 -61.5 -64.0 -65.5 -67.0 -64.5 -64.5 -63.0 -63.5 -63.0 -63.0 -63.5 -62.5 -62.5 -63.0 -63.0 -63.0 -63.0 
1.0737865515199487 1.0369710126106935 1.086058397823034 1.0492428589137786 1.043106935762236 1.0615147052168636 1.0615147052168636 1.043106935762236 1.0737865515199487 1.0676506283684062 1.0676506283684062 1.030835089459151 1.0799224746714913 1.0983302441261191 1.2026409377023426 1.3928545554001621 1.3560390164909069 1.1228739367322893 1.2762720155208536 1.41126232485479 1.227184630308513 1.1535535524900022 1.214912784005428 1.2701360923693108 1.2333205534600555 1.1474176293384597 1.0615147052168636 1.2333205534600555 1.2455923997631406 1.368310862793992 1.184233168247715 1.1290098598838318 1.184233168247715 1.3314953238847365 1.4173982480063325 1.3130875544301088 1.2455923997631406 1.1903690913992575 1.0799224746714913 1.0676506283684062 1.1044661672776617 1.0921943209745766 1.0492428589137786 
-56.0 -56.0 -56.0 -55.5 -56.0 -56.0 -55.5 -56.0 -56.0 -56.0 -55.5 -55.5 -55.5 -56.0 -55.5 -55.5 -53.0 -53.5 -55.5 -54.0 -54.0 -54.5 -55.5 -55.5 -56.0 -56.5 -56.0 -55.0 -54.5 -55.5 -55.5 -54.0 -53.0 -54.0 -56.5 -57.5 -57.5 -57.0 -57.0 -57.0 -57.0 -57.0 -57.0 
1.4787574795217582 1.4664856332186729 1.4542137869155878 1.4480778637640452 1.4480778637640452 1.4664856332186729 1.4603497100671303 1.4603497100671303 1.4910293258248433 1.4726215563702154 1.4726215563702154 1.4542137869155878 1.4971652489763858 1.4787574795217582 1.533980787885641 1.5585244804918115 1.4848934026733007 1.4664856332186729 1.5033011721279284 1.5401167110371838 1.6566992509164924 1.564660403643354 1.5278448647340985 1.4971652489763858 1.4358060174609601 1.4603497100671303 1.4726215563702154 1.5707963267948966 1.4787574795217582 1.564660403643354 1.4726215563702154 1.4971652489763858 1.4603497100671303 1.5155730184310134 1.5953400194010667 1.552388557340269 1.533980787885641 1.5401167110371838 1.5155730184310134 1.4664856332186729 1.4726215563702154 1.4664856332186729 1.4664856332186729 
-53.0 -53.0 -53.0 -53.0 -53.0 -52.5 -53.0 -52.5 -53.0 -52.5 -52.5 -52.5 -52.5 -52.5 -52.5 -52.0 -53.0 -52.5 -52.5 -52.5 -52.5 -52.5 -52.5 -52.5 -52.5 -52.5 -52.5 -53.0 -52.5 -52.5 -53.0 -53.0 -53.0 -53.0 -52.5 -53.0 -53.5 -53.5 -53.0 -53.5 -53.0 -53.0 -53.0 
2.1782527187976104 2.2089323345553233 2.172116795646068 2.1905245651006955 2.172116795646068 2.1782527187976104 2.172116795646068 2.1966604882522383 2.172116795646068 2.1905245651006955 2.1598449493429825 2.1782527187976104 2.1537090261914402 2.172116795646068 2.2150682577068657 2.270291566070749 2.116893487282185 2.184388641949153 2.1475731030398975 2.110757564130642 2.2886993355253766 2.2580197197676637 2.2089323345553233 2.2764274892222915 2.2886993355253766 2.3193789512830896 2.313243028131547 2.2212041808584084 2.110757564130642 2.116893487282185 2.2212041808584084 2.1966604882522383 2.2150682577068657 2.227340104009951 2.2948352586769194 2.3439226438892597 2.3071071049800045 2.2212041808584084 2.2457478734645786 2.2518837966161214 2.2396119503130363 2.2089323345553233 2.2027964114037806 
-53.0 -53.0 -53.5 -53.5 -53.0 -53.0 -53.0 -53.0 -53.0 -53.0 -53.0 -52.5 -52.5 -52.0 -52.0 -51.0 -51.5 -51.0 -51.0 -52.0 -53.5 -52.5 -53.0 -53.5 -54.0 -54.5 -54.0 -54.5 -52.5 -51.5 -51.0 -51.5 -52.5 -52.0 -52.0 -52.5 -53.0 -52.5 -52.5 -53.0 -53.0 -53.0 -52.5 
2.337786720737717 2.36846633649543 2.337786720737717 2.3930100291016 2.380738182798515 2.36846633649543 2.3746022596469727 2.380738182798515 2.399145952253143 2.386874105950058 2.3623304133438876 2.405281875404685 2.386874105950058 2.3746022596469727 2.380738182798515 2.36846633649543 2.313243028131547 2.423689644859313 2.442097414313941 2.435961491162398 2.325514874434632 2.429825568010856 2.386874105950058 2.380738182798515 2.4605051837685683 2.429825568010856 2.497320722677824 2.435961491162398 2.4727770300716534 2.3439226438892597 2.386874105950058 2.448233337465483 2.478912953223196 2.429825568010856 2.466641106920111 2.405281875404685 2.3746022596469727 2.386874105950058 2.411417798556228 2.3930100291016 2.3439226438892597 2.3930100291016 2.380738182798515 
-54.0 -54.0 -54.0 -54.5 -54.0 -54.5 -54.0 -54.0 -54.5 -54.0 -54.0 -54.0 -54.0 -53.5 -53.5 -54.0 -55.0 -54.0 -54.5 -53.5 -54.0 -54.0 -54.0 -53.5 -54.0 -54.5 -54.5 -54.5 -54.5 -54.5 -53.5 -54.0 -55.5 -55.5 -55.5 -55.0 -55.0 -54.5 -54.5 -54.5 -54.5 -54.0 -54.5 
5.780039608753096 5.798447378207723 5.829126993965437 5.9088939949354895 5.872078456026235 5.816855147662351 5.890486225480862 5.884350302329319 5.859806609723149 5.8475347634200645 5.921165841238575 5.884350302329319 5.822991070813893 5.829126993965437 5.822991070813893 5.8659425328746915 5.9088939949354895 5.829126993965437 5.743224069843841 5.589825991055276 6.074563920027139 6.013204688511713 5.835262917116979 6.117515382087937 5.982525072754001 5.853670686571607 5.957981380147831 6.000932842208628 5.47937937432751 5.737088146692298 5.638913376267617 5.915029918087033 5.93343768754166 5.773903685601553 5.7616318392984684 6.031612457966341 5.921165841238575 5.988660995905543 5.9088939949354895 5.982525072754001 5.939573610693203 6.025476534814799 6.019340611663256 
-61.5 -61.5 -62.0 -62.0 -62.5 -61.5 -61.5 -61.5 -61.5 -61.5 -61.0 -61.5 -61.0 -60.5 -60.5 -59.5 -61.0 -61.5 -63.0 -63.0 -62.0 -62.0 -64.0 -64.0 -64.0 -64.0 -63.0 -64.0 -64.0 -62.5 -62.0 -61.5 -61.5 -61.0 -60.0 -60.5 -61.0 -61.0 -61.0 -61.0 -61.5 -61.0 -61.0 
0.28225246497095796 0.17794177139473438 0.14726215563702155 0.15339807878856412 0.0859029241215959 0.23930100291016002 0.35588354278946877 0.03681553890925539 0.2086213871524472 0.1349903093339364 0.06135923151542565 0.15339807878856412 0.09203884727313846 0.0859029241215959 6.2463697682703305 6.191146459906448 0.03681553890925539 6.14819499784565 6.191146459906448 6.227961998815704 0.5338253141842031 0.21475731030398976 0.15339807878856412 0.20248546400090464 0.22089323345553233 0.17794177139473438 0.44178646691106466 0.5092816215780329 0.20248546400090464 0.2945243112740431 6.19728238305799 6.258641614573416 0.4908738521234052 0.32520392703175593 0.19634954084936207 0.2454369260617026 0.11658253987930872 0.09203884727313846 0.1043106935762236 0.07976700097005335 0.16566992509164924 0.2638446955163303 0.14726215563702155 
-67.0 -66.5 -66.5 -67.0 -67.0 -67.0 -67.0 -67.0 -66.5 -67.0 -66.5 -66.5 -66.0 -66.0 -65.0 -65.5 -64.5 -63.5 -65.0 -64.0 -63.5 -63.5 -64.5 -66.5 -66.0 -66.0 -66.0 -67.5 -65.0 -65.5 -65.0 -63.0 -64.5 -65.5 -65.5 -65.5 -65.5 -66.0 -66.0 -66.5 -67.0 -67.5 -66.5 
