2.5586799541932495 5.755495916146925 2.564815877344792 2.705942109830271 2.5464081078901644 2.6261751088602177 2.5709518004963345 2.6568547246179306 2.5280003384355365 2.5464081078901644 2.6384469551633027 2.6016314162540475 2.5832236467994196 2.6568547246179306 2.662990647769473 2.6323110320117604 2.8838838812250054 2.9329712664373457 3.055689729468197 3.018874190558942 2.6875343403756435 2.8716120349219203 3.06182565261974 3.2949907323783574 3.3502140407422405 2.9697868053466014 2.9697868053466014 3.000466421104314 3.160000423044421 3.172272269347506 3.1661363461959633 2.9084275738311756 3.1968159619536762 3.227495577711389 3.11091303783208 3.1784081924990484 3.0127382674073995 2.773437264497239 2.8102528034064944 2.8409324191642074 2.6139032625571326 2.8777479580734626 2.6384469551633027 2.466641106920111 2.6813984172241008 2.662990647769473 2.5586799541932495 
-65.0 -65.5 -65.0 -65.0 -65.0 -64.0 -64.0 -65.0 -65.0 -64.5 -64.0 -64.5 -64.5 -65.5 -65.5 -66.0 -66.0 -65.0 -64.0 -61.5 -61.0 -61.5 -60.5 -62.5 -63.5 -62.5 -63.0 -63.0 -63.0 -63.5 -64.0 -63.5 -63.0 -65.0 -64.5 -62.0 -63.5 -63.5 -62.5 -64.5 -67.0 -66.0 -65.5 -65.0 -65.0 -64.5 -64.0 
2.3316507975861747 2.435961491162398 2.3439226438892597 2.2641556429192065 2.466641106920111 2.5034566458293663 2.3623304133438876 2.36846633649543 2.386874105950058 2.435961491162398 2.405281875404685 2.325514874434632 2.435961491162398 2.4727770300716534 2.429825568010856 2.4175537217077703 2.5464081078901644 2.5464081078901644 2.5280003384355365 2.6998061866787286 2.791845033951867 2.8532042654672924 2.945243112740431 2.705942109830271 2.7550294950426117 2.5832236467994196 2.5280003384355365 2.521864415283994 2.5709518004963345 2.5709518004963345 2.804116880254952 3.000466421104314 3.0495538063166547 3.104777114680538 2.6261751088602177 2.454369260617026 2.4850488763747385 2.380738182798515 2.282563412373834 2.1230294104337273 2.0800779483729293 2.2212041808584084 2.2334760271614935 2.2089323345553233 2.1598449493429825 
-64.0 -63.5 -63.5 -63.5 -62.5 -63.0 -63.5 -63.5 -64.0 -63.5 -63.0 -63.0 -63.5 -63.5 -63.0 -62.0 -61.5 -61.5 -63.0 -63.5 -62.5 -62.0 -62.5 -61.0 -61.0 -62.0 -63.0 -64.0 -63.5 -62.0 -61.0 -62.5 -62.5 -63.5 -64.5 -63.5 -62.5 -62.0 -62.5 -64.0 -64.0 -64.0 -65.0 -64.5 -64.0 
0.37429131224409645 0.29145634969827183 0.30679615757712825 0.34974761963792617 0.3374757733348411 0.35588354278946877 0.37429131224409645 0.3313398501832985 0.3620194659410113 0.32520392703175593 0.3988350048502667 0.4049709280018093 0.3374757733348411 0.4049709280018093 0.4540583132141498 0.4172427743048944 0.4172427743048944 0.5522330836388308 0.760854470791278 0.8344855486097889 0.7853981633974483 0.8835729338221293 0.9694758579437253 0.859029241215959 0.7485826244881929 0.7547185476397354 0.7669903939428205 0.7792622402459057 0.760854470791278 0.8222137023067037 0.8283496254582462 0.8528933180644165 0.8958447801252144 0.8651651643675016 0.9633399347921826 1.0676506283684062 0.9756117810952678 0.8467573949128739 0.8835729338221293 0.8344855486097889 0.6320000846088841 0.5706408530934585 0.5460971604872883 0.4970097752749477 0.4970097752749477 0.4970097752749477 0.48473792897186263 
-53.0 -53.5 -52.5 -52.5 -52.5 -52.5 -52.0 -52.0 -52.0 -51.5 -51.5 -51.5 -51.5 -51.5 -51.5 -51.5 -51.0 -51.0 -51.0 -50.5 -51.0 -51.5 -51.0 -50.0 -50.5 -51.0 -51.5 -51.0 -51.0 -51.0 -51.0 -51.0 -51.0 -50.0 -50.0 -51.0 -52.0 -52.0 -51.0 -51.0 -51.5 -51.5 -51.5 -51.0 -51.0 -51.0 -51.0 
0.8528933180644165 0.8375535101855601 0.8344855486097889 0.8897088569736719 0.8774370106705868 0.8713010875190442 0.8713010875190442 0.8344855486097889 0.8222137023067037 0.7915340865489908 0.8099418560036186 0.8160777791551611 0.8528933180644165 0.8222137023067037 0.8283496254582462 0.859029241215959 0.8528933180644165 0.9019807032767571 1.0062913968529805 1.1596894756415448 1.214912784005428 1.2087768608538851 1.214912784005428 1.012427320004523 0.8897088569736719 0.9940195505498954 1.0246991663076084 1.0369710126106935 1.0062913968529805 1.012427320004523 1.0615147052168636 1.141281706186917 1.1719613219446299 1.0983302441261191 1.0737865515199487 1.2640001692177683 1.3499030933393643 1.3928545554001621 1.325359400733194 1.1780972450961724 1.0676506283684062 0.9756117810952678 0.9633399347921826 0.8713010875190442 0.8467573949128739 0.9019807032767571 0.9265243958829272 
-55.0 -55.0 -55.0 -54.5 -54.5 -55.0 -54.5 -55.0 -54.5 -54.5 -54.5 -54.5 -54.5 -54.5 -54.5 -54.5 -54.5 -53.5 -52.0 -52.0 -51.5 -50.5 -49.5 -49.0 -50.0 -51.0 -50.5 -50.0 -49.5 -50.0 -50.0 -49.5 -50.0 -50.0 -49.0 -49.0 -49.5 -50.5 -51.0 -52.0 -53.0 -53.5 -54.0 -54.0 -54.0 -54.0 -54.0 
1.4664856332186729 1.4787574795217582 1.4664856332186729 1.4358060174609601 1.4603497100671303 1.4603497100671303 1.4664856332186729 1.4480778637640452 1.4419419406125027 1.4480778637640452 1.4358060174609601 1.3989904785517047 1.4848934026733007 1.3744467859455345 1.4480778637640452 1.41126232485479 1.4664856332186729 1.6014759425526093 1.7303303287350031 1.7426021750380885 1.7241944055834606 1.5830681730979816 1.4419419406125027 1.368310862793992 1.3560390164909069 1.3560390164909069 1.380582709097077 1.3499030933393643 1.3499030933393643 1.380582709097077 1.4419419406125027 1.4848934026733007 1.4971652489763858 1.4419419406125027 1.5033011721279284 1.564660403643354 1.7978254834019713 1.8530487917658545 1.9389517158874505 1.8837284075235674 1.8039614065535141 1.6873788666742053 1.6689710972195777 1.6137477888556946 1.5278448647340985 1.5401167110371838 1.5585244804918115 
-57.5 -57.0 -57.0 -57.0 -57.0 -57.5 -57.0 -57.0 -57.5 -57.0 -57.5 -57.5 -57.5 -57.0 -57.0 -56.5 -56.5 -55.0 -53.5 -52.5 -51.0 -49.5 -50.0 -49.5 -50.0 -50.0 -50.0 -50.0 -51.0 -51.0 -50.5 -50.5 -50.5 -49.5 -50.0 -49.5 -49.0 -50.0 -51.5 -53.0 -54.0 -55.5 -56.5 -57.0 -57.0 -57.0 -57.0 
1.7119225592803755 1.7671458676442586 1.6505633277649499 1.7241944055834606 1.718058482431918 1.7303303287350031 1.7855536370988863 1.736466251886546 1.736466251886546 1.705786636128833 1.7119225592803755 1.6505633277649499 1.7119225592803755 1.662835174068035 1.7426021750380885 1.6873788666742053 1.7855536370988863 1.705786636128833 1.846912868614312 1.9266798695843652 1.8775924843720249 1.662835174068035 1.6014759425526093 1.8100973297050567 1.846912868614312 1.7548740213411735 1.6873788666742053 1.7303303287350031 1.8285050991596843 1.8714565612204823 1.8530487917658545 1.8530487917658545 1.846912868614312 1.9082721001297376 1.8960002538266525 1.7671458676442586 1.7978254834019713 1.8960002538266525 1.9880391010997909 1.9634954084936207 1.9144080232812801 1.8223691760081417 1.7855536370988863 1.8039614065535141 1.8162332528565992 1.7855536370988863 1.8346410223112268 
-58.0 -58.5 -58.0 -58.0 -58.0 -58.5 -58.0 -58.0 -58.0 -58.0 -58.0 -58.0 -58.0 -58.0 -57.5 -58.0 -57.0 -56.5 -54.5 -52.5 -51.5 -51.5 -53.5 -54.0 -53.5 -54.0 -54.5 -55.0 -53.5 -53.0 -53.5 -54.5 -53.5 -53.5 -53.0 -52.5 -52.0 -50.5 -51.5 -54.0 -55.0 -56.0 -55.5 -55.5 -56.5 -56.5 -56.5 
5.829126993965437 5.715612415661899 5.798447378207723 5.780039608753096 5.7616318392984684 5.743224069843841 5.786175531904639 5.792311455056181 5.829126993965437 5.798447378207723 5.816855147662351 5.829126993965437 5.767767762450011 5.8045833013592665 5.755495916146925 5.7616318392984684 5.737088146692298 5.816855147662351 5.737088146692298 5.767767762450011 5.7616318392984684 5.602097837358362 5.43029198911517 5.5284667595398505 5.418020142812084 5.203262832508095 5.013049214810275 5.043728830567988 5.203262832508095 5.418020142812084 5.307573526084319 5.129631754689584 5.160311370447297 5.45483568172134 5.608233760509904 5.491651220630596 5.651185222570702 5.810719224510809 5.859806609723149 5.8475347634200645 5.822991070813893 5.822991070813893 5.902758071783947 5.884350302329319 5.859806609723149 5.816855147662351 5.878214379177777 
-57.5 -58.5 -57.5 -57.5 -57.5 -57.5 -57.5 -57.5 -57.5 -57.5 -58.0 -58.0 -57.5 -57.5 -57.5 -58.0 -57.5 -57.0 -57.0 -56.5 -55.5 -55.5 -56.0 -55.5 -55.5 -55.5 -56.0 -57.5 -58.0 -57.5 -57.5 -57.5 -56.5 -55.5 -55.0 -56.5 -55.0 -55.0 -55.0 -55.5 -56.0 -57.0 -56.5 -57.0 -57.0 -57.0 -57.0 
6.068427996875596 6.12365130523948 6.14819499784565 6.129787228391022 2.9575149590435164 5.976389149602458 6.252505691421874 2.9145634969827183 5.957981380147831 6.013204688511713 5.93343768754166 2.8777479580734626 5.829126993965437 5.743224069843841 5.681864838328415 5.5100589900852235 5.5714182216006485 5.381204603902829 5.595961914206819 5.7616318392984684 5.638913376267617 5.252350217720435 5.375068680751287 5.485515297479052 5.460971604872882 5.620505606812989 5.583690067903734 5.5714182216006485 5.399612373357457 5.64504929941916 5.835262917116979 5.307573526084319 5.381204603902829 5.47937937432751 5.553010452146021 5.47937937432751 5.706408530934585 2.386874105950058 2.3746022596469727 2.429825568010856 2.325514874434632 
-71.5 -72.0 -70.0 -72.5 -73.0 -73.5 -72.0 -74.5 -75.0 -75.5 -76.0 -76.0 -72.5 -70.0 -65.5 -62.5 -60.0 -60.0 -61.5 -65.0 -62.0 -61.5 -62.5 -63.5 -63.5 -63.5 -63.5 -63.5 -62.5 -62.0 -65.5 -63.5 -60.5 -61.0 -62.0 -66.5 -71.5 -74.5 -74.0 -73.5 -74.0 
