2.7550294950426117 2.6384469551633027 2.5280003384355365 2.5586799541932495 5.816855147662351 2.2886993355253766 2.6323110320117604 2.3439226438892597 5.982525072754001 5.737088146692298 3.1784081924990484 2.9022916506796332 6.166602767300278 3.2029518851052186 6.270913460876501 3.0066023442558567 2.9329712664373457 5.921165841238575 3.06182565261974 3.043417883165112 3.509748042682347 4.227651051412827 5.080544369477243 5.190990986205009 5.405748296509 0.8099418560036186 0.521553467881118 
-70.0 -70.5 -69.5 -68.0 -71.5 -69.5 -70.0 -70.0 -74.0 -75.0 -70.5 -67.5 -72.0 -71.0 -71.0 -69.5 -70.5 -71.5 -70.5 -68.0 -67.5 -68.5 -68.5 -67.0 -68.0 -78.0 -78.0 
2.043262409463674 1.8100973297050567 1.9941750242513334 1.9266798695843652 1.945087639038993 1.9757672547967058 1.8407769454627694 1.9941750242513334 1.9634954084936207 1.932815792735908 1.8837284075235674 1.9082721001297376 1.9573594853420782 2.073942025221387 2.0064468705544187 2.2580197197676637 2.5157284921324514 2.018718716857504 1.6198837120072371 2.454369260617026 2.5464081078901644 2.313243028131547 2.0493983326152168 1.9634954084936207 2.1046216409791 2.0064468705544187 1.9696313316451632 2.36846633649543 2.435961491162398 2.742757648739526 2.791845033951867 2.705942109830271 2.6691265709210157 2.816388726558037 3.0372819600135696 2.7120780329818137 2.454369260617026 2.337786720737717 2.386874105950058 2.12916533358527 2.043262409463674 2.073942025221387 2.098485717827557 
-62.5 -62.0 -62.5 -62.0 -62.5 -62.5 -62.0 -62.0 -62.5 -61.5 -62.0 -62.5 -62.0 -62.0 -61.5 -62.0 -62.5 -63.5 -65.5 -67.0 -64.0 -63.0 -61.5 -62.0 -62.5 -62.5 -62.0 -62.5 -63.0 -64.5 -65.0 -64.5 -65.0 -64.5 -65.0 -64.0 -62.0 -62.0 -63.5 -63.0 -62.5 -64.0 -62.5 
1.030835089459151 1.0676506283684062 1.0615147052168636 1.0799224746714913 0.9756117810952678 1.0246991663076084 1.0062913968529805 1.0676506283684062 1.043106935762236 1.0492428589137786 1.086058397823034 1.000155473701438 0.9940195505498954 1.030835089459151 1.0185632431560658 1.0062913968529805 1.1535535524900022 1.337631247036279 1.214912784005428 1.0369710126106935 1.3192234775816514 1.3008157081270237 1.1780972450961724 1.2087768608538851 1.2087768608538851 1.214912784005428 1.214912784005428 1.2333205534600555 1.0799224746714913 1.1596894756415448 1.2762720155208536 1.227184630308513 1.3008157081270237 1.0983302441261191 1.1903690913992575 1.3008157081270237 1.3437671701878218 1.3499030933393643 1.2087768608538851 1.227184630308513 1.1167380135807468 1.0492428589137786 1.0246991663076084 1.0615147052168636 
-55.5 -55.5 -55.5 -55.0 -55.0 -55.0 -55.5 -55.0 -55.5 -55.0 -55.0 -55.5 -55.0 -55.0 -55.0 -55.5 -56.0 -55.0 -52.0 -53.5 -55.0 -54.0 -54.0 -55.5 -55.5 -55.5 -55.5 -56.5 -54.5 -54.5 -54.5 -55.5 -55.5 -53.5 -53.5 -53.0 -54.5 -54.5 -55.0 -55.5 -55.0 -55.5 -56.0 -56.5 
1.368310862793992 1.3499030933393643 1.3744467859455345 1.368310862793992 1.368310862793992 1.3867186322486196 1.3560390164909069 1.3437671701878218 1.3560390164909069 1.3499030933393643 1.337631247036279 1.3499030933393643 1.3499030933393643 1.3437671701878218 1.3621749396424494 1.4542137869155878 1.4051264017032472 1.3499030933393643 1.4173982480063325 1.4480778637640452 1.4971652489763858 1.521708941582556 1.4971652489763858 1.4419419406125027 1.41126232485479 1.3867186322486196 1.41126232485479 1.533980787885641 1.5401167110371838 1.4480778637640452 1.552388557340269 1.4542137869155878 1.325359400733194 1.3130875544301088 1.4358060174609601 1.3744467859455345 1.41126232485479 1.4480778637640452 1.4051264017032472 1.3867186322486196 1.3499030933393643 1.3069516312785663 1.3621749396424494 
-52.0 -51.5 -52.0 -52.0 -52.0 -51.5 -51.5 -51.5 -52.0 -52.0 -52.0 -52.0 -51.5 -52.0 -51.5 -52.0 -52.0 -51.5 -51.0 -51.5 -52.0 -52.0 -52.0 -52.0 -52.0 -52.0 -52.0 -51.5 -52.5 -51.5 -51.5 -51.5 -51.5 -51.0 -51.0 -51.5 -51.0 -51.0 -51.0 -51.0 -51.5 -51.5 -51.5 
2.110757564130642 2.0923497946760143 2.12916533358527 2.1046216409791 2.086213871524472 2.1046216409791 2.086213871524472 2.086213871524472 2.116893487282185 2.1659808724945253 2.1046216409791 2.0800779483729293 2.12916533358527 2.1046216409791 2.1598449493429825 2.184388641949153 2.2089323345553233 2.1659808724945253 2.1230294104337273 2.1353012567368124 2.055534255766759 2.2886993355253766 2.2641556429192065 2.2948352586769194 2.2948352586769194 2.3071071049800045 2.325514874434632 2.350058567040802 2.172116795646068 2.055534255766759 2.110757564130642 2.1475731030398975 2.1230294104337273 2.1046216409791 2.1046216409791 2.055534255766759 2.086213871524472 2.098485717827557 2.116893487282185 2.098485717827557 2.043262409463674 2.1475731030398975 2.043262409463674 
-52.5 -52.5 -52.5 -52.0 -52.5 -52.0 -52.0 -52.0 -52.5 -52.5 -52.0 -52.5 -52.5 -52.5 -52.0 -51.5 -51.0 -51.5 -50.5 -50.5 -52.5 -53.5 -53.0 -53.5 -53.5 -53.5 -53.5 -54.0 -54.0 -52.0 -51.0 -50.0 -50.0 -50.5 -50.0 -50.0 -50.0 -50.5 -50.5 -51.0 -51.5 -52.0 -51.5 
2.1966604882522383 2.2027964114037806 2.172116795646068 2.1782527187976104 2.2027964114037806 2.2641556429192065 2.1905245651006955 2.2212041808584084 2.1966604882522383 2.1537090261914402 2.2212041808584084 2.2334760271614935 2.2089323345553233 2.2212041808584084 2.2457478734645786 2.2518837966161214 2.2396119503130363 2.2457478734645786 2.227340104009951 2.2518837966161214 2.227340104009951 2.3746022596469727 2.3439226438892597 2.380738182798515 2.2764274892222915 2.3316507975861747 2.356194490192345 2.3623304133438876 2.3746022596469727 2.3439226438892597 2.350058567040802 2.2580197197676637 2.2580197197676637 2.2764274892222915 2.1537090261914402 2.061670178918302 2.1475731030398975 2.1598449493429825 2.1353012567368124 2.1905245651006955 2.141437179888355 2.1782527187976104 2.184388641949153 2.2212041808584084 
-53.5 -53.5 -54.0 -53.0 -53.5 -53.5 -53.5 -53.5 -53.0 -53.0 -53.5 -53.5 -53.5 -53.5 -53.5 -53.5 -53.5 -54.0 -54.0 -53.5 -54.0 -53.5 -53.5 -53.5 -54.0 -54.0 -54.0 -54.0 -55.0 -54.0 -53.5 -53.5 -52.0 -53.5 -54.0 -53.0 -53.0 -53.0 -52.5 -52.5 -53.0 -53.5 -53.5 -53.5 
5.8045833013592665 5.749359992995383 5.786175531904639 5.66959299202533 5.786175531904639 5.792311455056181 5.945709533844745 5.829126993965437 5.71868037723767 5.8045833013592665 5.7616318392984684 5.743224069843841 5.755495916146925 5.853670686571607 5.712544454086128 5.780039608753096 5.822991070813893 5.835262917116979 5.4671075280244255 5.755495916146925 5.2339424482658075 5.872078456026235 5.921165841238575 5.915029918087033 5.878214379177777 5.9088939949354895 5.915029918087033 5.890486225480862 5.516194913236766 5.540738605842936 5.534602682691394 5.534602682691394 5.724816300389213 5.755495916146925 5.64504929941916 5.792311455056181 5.749359992995383 5.773903685601553 5.835262917116979 5.822991070813893 5.884350302329319 5.786175531904639 5.786175531904639 
-60.5 -60.0 -59.5 -60.0 -60.5 -60.0 -59.5 -59.5 -60.0 -60.5 -59.5 -60.0 -60.0 -60.0 -60.0 -59.5 -59.5 -60.5 -61.5 -60.0 -64.0 -60.5 -62.0 -61.5 -60.5 -61.5 -62.0 -62.5 -63.5 -63.5 -61.0 -59.5 -61.0 -60.5 -60.5 -59.5 -59.5 -59.5 -59.5 -60.5 -60.0 -60.0 -60.0 
6.1420590746941075 0.03681553890925539 6.234097921967246 6.1420590746941075 6.031612457966341 6.117515382087937 6.062292073724054 5.890486225480862 6.191146459906448 6.129787228391022 6.160466844148735 6.0991076126333095 6.17273869045182 6.056156150572511 5.988660995905543 6.252505691421874 0.030679615757712823 5.976389149602458 6.0991076126333095 5.964117303299373 0.03681553890925539 6.154330920997192 0.030679615757712823 6.1420590746941075 0.03681553890925539 0.03681553890925539 6.270913460876501 6.277049384028044 6.154330920997192 6.215690152512618 5.8045833013592665 6.068427996875596 6.178874613603362 6.043884304269426 6.080699843178682 5.964117303299373 6.062292073724054 6.111379458936394 6.129787228391022 0.07976700097005335 6.1850105367549055 0.0 
-65.0 -66.5 -65.0 -65.5 -64.5 -65.5 -63.5 -65.5 -65.5 -65.0 -65.0 -65.0 -66.0 -65.5 -64.0 -63.0 -61.5 -62.0 -63.0 -64.5 -63.0 -63.0 -63.5 -63.5 -65.0 -65.5 -64.5 -64.5 -63.0 -64.0 -60.5 -60.5 -61.0 -61.0 -60.5 -62.5 -62.0 -63.0 -64.0 -64.5 -65.0 -65.5 
