0.34974761963792617 0.23930100291016002 3.1231848841351653 0.37429131224409645 0.30679615757712825 0.4172427743048944 0.30679615757712825 3.706097583531709 0.23316507975861744 3.153864499892878 0.30679615757712825 3.724505352986337 4.479223900626073 1.086058397823034 3.2090878082567613 0.21475731030398976 0.19634954084936207 0.5338253141842031 2.779573187648782 0.06135923151542565 2.9636508821950587 3.153864499892878 1.2762720155208536 4.841243366567084 4.847379289718626 4.693981210930062 4.221515128261284 0.8651651643675016 0.6933593161243098 3.6140587362585705 
-70.5 -70.5 -69.5 -70.5 -70.5 -70.5 -70.5 -70.5 -70.5 -71.0 -70.5 -69.5 -66.5 -66.5 -63.5 -69.0 -69.0 -70.5 -71.0 -72.0 -68.0 -65.0 -68.0 -67.0 -66.0 -70.5 -71.0 -75.0 -76.0 -74.0 
5.816855147662351 2.5954954931025047 2.6016314162540475 2.6384469551633027 2.184388641949153 2.5464081078901644 2.564815877344792 2.718213956133356 2.5157284921324514 2.5832236467994196 2.497320722677824 2.509592568980909 2.6384469551633027 2.6016314162540475 2.650718801466388 2.730485802436441 6.24330180669456 0.30066023442558565 3.043417883165112 2.3316507975861747 2.1353012567368124 5.123495831538041 1.7548740213411735 1.8653206380689396 1.8285050991596843 1.902136176978195 2.442097414313941 2.5893595699509624 2.2396119503130363 2.2764274892222915 2.2212041808584084 2.1905245651006955 2.024854640009046 2.0923497946760143 1.9819031779482483 1.8960002538266525 1.88986433067511 2.043262409463674 1.88986433067511 1.9144080232812801 
-65.5 -66.0 -66.0 -63.5 -65.0 -65.5 -65.5 -65.5 -66.0 -63.5 -65.5 -65.5 -65.5 -64.5 -64.0 -61.5 -65.5 -66.5 -64.5 -62.0 -62.5 -64.0 -64.0 -63.5 -62.0 -62.5 -62.0 -65.5 -64.5 -63.5 -64.0 -63.0 -62.5 -62.5 -62.0 -61.5 -62.0 -62.5 -62.5 -62.5 
1.0799224746714913 1.1167380135807468 1.1106020904292042 1.1106020904292042 1.1290098598838318 1.1474176293384597 1.086058397823034 1.1474176293384597 1.1106020904292042 1.1351457830353744 1.0983302441261191 1.1290098598838318 1.1535535524900022 1.1290098598838318 1.0983302441261191 1.282407938672396 1.3130875544301088 1.1903690913992575 1.0492428589137786 1.2640001692177683 1.2762720155208536 1.1351457830353744 1.0983302441261191 1.227184630308513 1.1658253987930873 1.214912784005428 1.1965050145508 1.1965050145508 1.0799224746714913 1.012427320004523 1.227184630308513 1.227184630308513 1.2026409377023426 1.0615147052168636 1.1535535524900022 1.3314953238847365 1.3560390164909069 1.2640001692177683 1.2640001692177683 1.2210487071569704 1.1106020904292042 1.1719613219446299 1.1167380135807468 1.1167380135807468 1.1167380135807468 
-54.0 -54.0 -54.0 -53.5 -54.0 -53.5 -54.0 -54.0 -54.0 -54.0 -54.0 -54.0 -54.0 -54.0 -53.5 -53.0 -52.5 -52.0 -52.5 -53.5 -52.0 -52.5 -53.5 -53.5 -54.0 -54.5 -54.5 -55.0 -54.5 -53.0 -53.0 -53.5 -54.0 -52.5 -52.0 -52.5 -53.5 -54.0 -54.0 -54.5 -55.0 -55.0 -55.0 -55.0 -55.5 
1.337631247036279 1.3744467859455345 1.3499030933393643 1.3499030933393643 1.3437671701878218 1.337631247036279 1.337631247036279 1.3314953238847365 1.337631247036279 1.3437671701878218 1.3560390164909069 1.3867186322486196 1.3499030933393643 1.3314953238847365 1.337631247036279 1.337631247036279 1.337631247036279 1.3529710549151355 1.325359400733194 1.380582709097077 1.4542137869155878 1.3621749396424494 1.4419419406125027 1.3499030933393643 1.41126232485479 1.423534171157875 1.423534171157875 1.337631247036279 1.4173982480063325 1.4664856332186729 1.4296700943094176 1.368310862793992 1.4603497100671303 1.3499030933393643 1.325359400733194 1.41126232485479 1.4173982480063325 1.4173982480063325 1.4296700943094176 1.3928545554001621 1.368310862793992 1.3192234775816514 1.3499030933393643 1.3744467859455345 1.3499030933393643 
-51.0 -50.5 -51.0 -50.5 -51.0 -51.0 -51.0 -50.5 -50.5 -51.0 -51.0 -51.0 -51.0 -51.0 -51.0 -50.5 -50.5 -52.0 -50.5 -50.5 -51.0 -51.0 -51.0 -51.5 -51.5 -51.5 -51.5 -51.5 -51.5 -52.0 -51.5 -50.5 -51.0 -51.5 -51.5 -51.0 -51.0 -51.5 -51.0 -51.5 -51.5 -51.5 -51.5 -51.5 -52.0 
1.9144080232812801 1.9389517158874505 1.9512235621905356 1.9389517158874505 1.945087639038993 1.932815792735908 1.9389517158874505 1.932815792735908 1.9266798695843652 1.9573594853420782 1.9757672547967058 1.9573594853420782 1.9696313316451632 1.9634954084936207 1.9573594853420782 1.9634954084936207 1.9634954084936207 1.902136176978195 1.8653206380689396 1.7916895602504288 1.7671458676442586 1.7794177139473437 1.9389517158874505 2.018718716857504 2.0371264863121317 2.086213871524472 2.1353012567368124 2.1475731030398975 2.1230294104337273 2.0923497946760143 2.0493983326152168 1.8775924843720249 1.8162332528565992 1.9144080232812801 1.9819031779482483 1.9819031779482483 1.9757672547967058 2.024854640009046 2.116893487282185 2.1659808724945253 2.1046216409791 2.1598449493429825 2.141437179888355 2.141437179888355 2.1353012567368124 2.1598449493429825 
-50.0 -50.0 -50.0 -50.0 -50.5 -50.0 -50.0 -50.0 -50.0 -50.0 -50.0 -50.0 -50.0 -50.0 -50.0 -50.5 -49.5 -49.0 -50.0 -48.5 -49.0 -51.0 -51.0 -51.0 -51.5 -51.5 -52.0 -52.5 -52.0 -52.0 -53.0 -52.0 -50.5 -49.5 -50.5 -50.5 -50.0 -50.0 -50.5 -50.5 -51.0 -51.5 -52.0 -52.0 -52.0 -52.0 
2.110757564130642 2.1046216409791 2.098485717827557 2.141437179888355 2.086213871524472 2.1230294104337273 2.0800779483729293 2.116893487282185 2.110757564130642 2.0923497946760143 2.067806102069844 2.067806102069844 2.1475731030398975 2.1046216409791 2.1046216409791 2.061670178918302 2.116893487282185 2.1046216409791 2.030990563160589 2.067806102069844 2.0923497946760143 2.141437179888355 2.2027964114037806 2.1905245651006955 2.2089323345553233 2.270291566070749 2.2334760271614935 2.2948352586769194 2.282563412373834 2.2212041808584084 2.1598449493429825 2.2518837966161214 2.055534255766759 2.2027964114037806 2.2150682577068657 2.1782527187976104 2.1782527187976104 2.2396119503130363 2.2027964114037806 2.2150682577068657 2.2089323345553233 2.2396119503130363 2.2027964114037806 2.1782527187976104 2.2764274892222915 
-52.5 -52.0 -52.5 -52.5 -52.5 -52.0 -52.5 -52.5 -52.5 -52.0 -52.5 -53.0 -52.5 -52.5 -52.5 -52.5 -53.0 -53.0 -51.5 -52.5 -52.5 -53.0 -52.5 -53.0 -53.0 -53.5 -53.5 -53.5 -54.0 -53.0 -53.0 -53.5 -52.5 -53.0 -53.5 -53.5 -53.5 -53.5 -53.5 -53.5 -54.0 -54.0 -54.0 -54.0 -54.0 
5.890486225480862 5.8045833013592665 5.767767762450011 5.810719224510809 5.822991070813893 5.706408530934585 5.730952223540755 5.798447378207723 5.706408530934585 5.816855147662351 5.688000761479957 5.792311455056181 5.737088146692298 5.829126993965437 5.7616318392984684 5.6573211457222445 5.681864838328415 5.59902987578259 5.485515297479052 5.681864838328415 5.6573211457222445 5.945709533844745 6.037748381117884 5.988660995905543 5.8475347634200645 5.921165841238575 6.007068765360171 6.037748381117884 5.982525072754001 6.117515382087937 5.71868037723767 5.638913376267617 5.626641529964532 5.8045833013592665 5.786175531904639 5.6941366846315 5.724816300389213 5.792311455056181 5.810719224510809 5.7616318392984684 5.792311455056181 5.810719224510809 5.8659425328746915 5.816855147662351 5.786175531904639 
-59.5 -59.5 -60.0 -59.5 -59.0 -60.0 -59.5 -60.5 -59.5 -59.5 -59.5 -59.5 -59.0 -60.5 -59.5 -59.5 -58.5 -60.5 -60.5 -59.5 -60.5 -59.5 -61.0 -60.5 -61.0 -61.0 -61.0 -61.5 -62.0 -61.0 -63.0 -60.5 -60.5 -60.5 -60.0 -59.5 -60.0 -60.0 -60.0 -60.5 -60.5 -61.0 -61.0 -61.0 -61.0 
6.154330920997192 6.135923151542564 6.056156150572511 6.043884304269426 6.092971689481767 6.068427996875596 6.068427996875596 6.1420590746941075 0.030679615757712823 6.037748381117884 6.050020227420969 6.092971689481767 6.0991076126333095 6.074563920027139 6.037748381117884 5.93343768754166 5.988660995905543 5.801515339783495 5.66959299202533 5.9088939949354895 5.8659425328746915 6.1850105367549055 6.105243535784852 6.074563920027139 6.135923151542564 6.178874613603362 6.22182607566416 6.031612457966341 6.086835766330224 0.1043106935762236 5.939573610693203 6.19728238305799 5.853670686571607 6.074563920027139 6.043884304269426 5.810719224510809 5.994796919057086 5.957981380147831 6.14819499784565 5.964117303299373 6.2463697682703305 6.1850105367549055 6.160466844148735 6.025476534814799 6.14819499784565 
-61.0 -62.5 -61.0 -61.0 -62.5 -61.0 -61.5 -61.5 -62.0 -61.5 -61.5 -61.5 -62.0 -62.0 -60.5 -62.0 -60.5 -60.5 -60.0 -60.0 -64.0 -61.0 -61.5 -63.5 -63.0 -63.5 -64.0 -63.0 -62.0 -62.0 -63.5 -62.0 -63.0 -59.5 -62.5 -62.0 -61.5 -64.5 -63.5 -64.5 -65.5 -65.0 -65.5 -65.0 -65.0 
