0.4908738521234052 3.3747577333484107 0.619728238305799 0.4172427743048944 0.4295146206079795 0.4049709280018093 0.3190680038802134 0.7117670855789375 4.890330751779424 0.8835729338221293 3.000466421104314 2.8102528034064944 3.3440781175906977 3.0250101137104846 3.11091303783208 0.23316507975861744 2.816388726558037 2.834796496012665 3.104777114680538 2.9329712664373457 0.8958447801252144 4.620350133111551 5.013049214810275 5.148039524144211 4.779884135051658 0.7731263170943632 0.4724660826687775 0.1595340019401067 
-75.0 -73.5 -74.5 -74.5 -73.5 -73.5 -74.0 -72.5 -66.5 -68.5 -66.5 -70.0 -70.0 -70.0 -70.5 -72.0 -68.0 -65.5 -68.5 -65.0 -68.0 -66.5 -66.0 -69.0 -72.5 -74.5 -75.0 -73.5 
1.9819031779482483 1.9144080232812801 1.9389517158874505 2.2334760271614935 1.564660403643354 1.9819031779482483 1.9941750242513334 1.9696313316451632 1.9757672547967058 1.932815792735908 2.0371264863121317 2.1905245651006955 2.030990563160589 2.098485717827557 1.9819031779482483 2.2580197197676637 2.350058567040802 5.64504929941916 2.5709518004963345 5.939573610693203 2.521864415283994 2.2948352586769194 2.043262409463674 1.9205439464328227 1.9389517158874505 2.0064468705544187 1.9144080232812801 1.9082721001297376 2.0800779483729293 2.270291566070749 2.6813984172241008 6.240233845118788 6.019340611663256 2.5893595699509624 2.5893595699509624 2.6323110320117604 2.5586799541932495 2.2457478734645786 2.2518837966161214 2.172116795646068 2.1659808724945253 2.1230294104337273 2.024854640009046 2.043262409463674 1.9819031779482483 
-63.5 -63.5 -63.5 -63.5 -64.0 -63.5 -63.5 -64.5 -64.0 -64.5 -64.5 -65.0 -65.0 -64.0 -64.0 -63.0 -62.5 -68.5 -67.5 -66.0 -64.5 -63.5 -62.0 -62.5 -63.0 -62.5 -63.0 -61.5 -62.5 -64.0 -65.0 -67.0 -68.0 -65.5 -64.0 -64.0 -63.5 -63.5 -64.0 -63.0 -63.5 -63.5 -63.0 -64.0 -63.5 
1.0983302441261191 1.086058397823034 1.1290098598838318 1.055378782065321 1.1167380135807468 1.1535535524900022 1.086058397823034 1.1474176293384597 1.1044661672776617 1.0676506283684062 1.0615147052168636 1.0799224746714913 1.030835089459151 1.1290098598838318 1.0737865515199487 1.2701360923693108 1.4051264017032472 1.141281706186917 1.1719613219446299 1.030835089459151 1.2087768608538851 1.1351457830353744 1.2087768608538851 1.1903690913992575 1.2026409377023426 1.1780972450961724 1.1474176293384597 1.214912784005428 1.1228739367322893 1.1106020904292042 1.2333205534600555 1.2517283229146832 1.239456476611598 1.1106020904292042 1.1535535524900022 1.2517283229146832 1.3621749396424494 1.3744467859455345 1.2210487071569704 1.0921943209745766 1.1596894756415448 1.1044661672776617 1.1290098598838318 1.1044661672776617 1.1780972450961724 
-55.5 -55.5 -55.0 -55.0 -55.0 -55.0 -54.5 -54.5 -55.0 -55.0 -54.5 -54.5 -55.0 -54.5 -54.0 -53.5 -52.5 -51.5 -53.5 -54.0 -53.0 -53.5 -55.5 -55.0 -55.0 -55.5 -55.5 -55.5 -54.5 -53.5 -53.5 -54.0 -54.5 -53.5 -52.0 -52.5 -53.5 -54.5 -55.0 -55.0 -55.5 -55.5 -55.0 -55.5 -55.5 
1.3499030933393643 1.4051264017032472 1.325359400733194 1.3560390164909069 1.3621749396424494 1.3621749396424494 1.3621749396424494 1.4173982480063325 1.3437671701878218 1.3989904785517047 1.3744467859455345 1.3437671701878218 1.3499030933393643 1.3560390164909069 1.3008157081270237 1.380582709097077 1.3437671701878218 1.3069516312785663 1.3008157081270237 1.3621749396424494 1.4603497100671303 1.5401167110371838 1.4419419406125027 1.4173982480063325 1.4296700943094176 1.4358060174609601 1.4051264017032472 1.4173982480063325 1.5033011721279284 1.552388557340269 1.4480778637640452 1.41126232485479 1.337631247036279 1.41126232485479 1.3069516312785663 1.4051264017032472 1.4419419406125027 1.3989904785517047 1.3008157081270237 1.41126232485479 1.3744467859455345 1.380582709097077 1.3560390164909069 1.368310862793992 1.3621749396424494 
-51.5 -51.5 -51.5 -51.5 -51.0 -51.5 -51.0 -51.5 -51.0 -51.5 -51.0 -51.0 -51.0 -51.0 -51.0 -50.5 -50.5 -51.5 -51.0 -51.0 -51.5 -51.5 -51.0 -51.5 -52.0 -52.0 -51.5 -51.5 -51.5 -52.0 -51.5 -51.0 -51.5 -51.5 -51.5 -51.0 -51.0 -50.5 -51.0 -51.0 -51.5 -51.5 -51.5 -52.0 -51.5 
2.024854640009046 2.0800779483729293 2.098485717827557 2.0800779483729293 2.061670178918302 2.0800779483729293 2.086213871524472 2.073942025221387 2.061670178918302 2.067806102069844 2.043262409463674 2.055534255766759 2.024854640009046 2.018718716857504 2.018718716857504 2.024854640009046 1.9512235621905356 1.8837284075235674 1.88986433067511 1.9573594853420782 2.000310947402876 2.1230294104337273 2.141437179888355 2.1598449493429825 2.1905245651006955 2.2212041808584084 2.1230294104337273 2.1598449493429825 2.1475731030398975 2.1046216409791 1.9205439464328227 1.9144080232812801 1.9389517158874505 2.0064468705544187 2.043262409463674 1.9819031779482483 2.067806102069844 2.1046216409791 2.0800779483729293 2.0493983326152168 2.0923497946760143 2.0800779483729293 2.098485717827557 2.073942025221387 2.110757564130642 
-51.5 -51.5 -51.5 -51.0 -51.0 -51.5 -51.5 -51.0 -51.0 -51.5 -51.0 -51.5 -51.0 -51.0 -51.0 -50.0 -49.5 -49.5 -50.0 -50.5 -52.5 -52.0 -52.5 -53.0 -53.5 -54.0 -53.5 -53.5 -52.5 -53.5 -51.5 -50.5 -50.0 -50.0 -50.5 -50.5 -50.0 -50.5 -50.5 -51.0 -51.5 -51.5 -52.0 -52.0 -52.0 
2.1905245651006955 2.2518837966161214 2.1966604882522383 2.184388641949153 2.2334760271614935 2.172116795646068 2.2089323345553233 2.2150682577068657 2.1966604882522383 2.184388641949153 2.2027964114037806 2.2027964114037806 2.2089323345553233 2.1905245651006955 2.12916533358527 2.184388641949153 2.1537090261914402 2.116893487282185 2.116893487282185 2.1966604882522383 2.2027964114037806 2.1905245651006955 2.2948352586769194 2.350058567040802 2.3193789512830896 2.3009711818284617 2.3009711818284617 2.337786720737717 2.2334760271614935 2.1537090261914402 2.2334760271614935 2.184388641949153 2.098485717827557 2.2150682577068657 2.1598449493429825 2.1475731030398975 2.1966604882522383 2.1966604882522383 2.098485717827557 2.1598449493429825 2.1598449493429825 2.1905245651006955 2.2027964114037806 2.2089323345553233 2.227340104009951 
-53.5 -53.5 -53.5 -53.0 -53.5 -53.5 -53.5 -53.0 -53.5 -53.0 -53.0 -53.0 -53.0 -53.0 -53.0 -53.0 -53.0 -53.5 -53.0 -53.0 -53.0 -53.5 -53.5 -54.0 -54.5 -54.0 -54.0 -53.5 -54.0 -53.5 -53.0 -53.5 -52.5 -52.5 -53.5 -53.5 -53.0 -53.0 -53.0 -53.0 -53.0 -53.0 -53.5 -53.0 -53.5 
5.8475347634200645 5.9088939949354895 5.859806609723149 5.841398840268521 5.798447378207723 5.835262917116979 5.841398840268521 5.896622148632405 5.921165841238575 5.755495916146925 5.8659425328746915 5.829126993965437 5.872078456026235 5.878214379177777 5.835262917116979 5.767767762450011 5.66959299202533 5.71868037723767 5.786175531904639 5.902758071783947 6.12365130523948 5.988660995905543 5.9518454569962875 6.007068765360171 6.031612457966341 5.957981380147831 6.074563920027139 6.129787228391022 5.822991070813893 6.000932842208628 5.620505606812989 5.6573211457222445 5.583690067903734 5.632777453116074 5.6941366846315 5.749359992995383 5.8045833013592665 5.7616318392984684 5.810719224510809 5.890486225480862 5.835262917116979 5.945709533844745 5.915029918087033 5.816855147662351 5.927301764390117 
-61.5 -61.0 -61.0 -61.0 -60.5 -60.5 -60.5 -61.0 -60.5 -60.5 -59.5 -61.0 -60.5 -61.5 -60.5 -60.0 -59.5 -60.5 -60.5 -60.5 -62.0 -60.0 -62.5 -61.0 -61.0 -61.0 -61.5 -62.5 -61.5 -60.5 -62.0 -60.5 -59.5 -60.5 -61.0 -59.5 -59.5 -58.0 -58.5 -59.0 -60.0 -60.0 -60.0 -60.5 -60.5 
6.111379458936394 0.030679615757712823 6.209554229361076 6.191146459906448 6.178874613603362 6.117515382087937 6.166602767300278 6.14819499784565 6.252505691421874 6.22182607566416 6.0991076126333095 0.0 6.1420590746941075 6.191146459906448 6.22182607566416 6.050020227420969 5.970253226450915 6.062292073724054 5.915029918087033 6.043884304269426 0.04908738521234052 6.19728238305799 6.105243535784852 6.19728238305799 0.030679615757712823 0.030679615757712823 6.240233845118788 0.006135923151542565 6.240233845118788 0.030679615757712823 5.9088939949354895 6.166602767300278 5.859806609723149 5.896622148632405 6.0991076126333095 6.092971689481767 6.080699843178682 5.982525072754001 6.135923151542564 6.086835766330224 0.018407769454627694 6.117515382087937 6.215690152512618 6.252505691421874 6.1420590746941075 
-65.0 -65.0 -64.5 -65.0 -64.5 -64.0 -64.0 -64.0 -64.0 -63.5 -64.0 -64.0 -63.5 -64.0 -63.0 -63.0 -61.5 -60.0 -62.5 -60.5 -63.5 -62.0 -64.0 -64.5 -65.0 -65.5 -65.0 -64.5 -62.5 -63.5 -62.0 -61.5 -61.5 -60.0 -61.0 -61.0 -61.5 -61.0 -62.0 -63.5 -64.0 -63.5 -63.0 -64.0 -64.5 
