6.17273869045182 2.9022916506796332 6.135923151542564 3.147728576741336 6.086835766330224 6.074563920027139 2.1659808724945253 2.9084275738311756 2.834796496012665 6.092971689481767 6.013204688511713 6.0991076126333095 2.834796496012665 2.8961557275280905 6.12365130523948 6.083767804754453 0.14112623248547898 0.7976700097005334 4.466952054322987 4.405592822807561 2.988194574801229 3.0495538063166547 0.1227184630308513 0.2454369260617026 0.15339807878856412 2.718213956133356 3.380893656499953 2.84706834231575 0.1902136176978195 3.5895150436524004 4.620350133111551 4.945554060143307 4.933282213840222 5.399612373357457 5.00077736850719 1.3008157081270237 4.325825821837508 1.0062913968529805 0.7792622402459057 
-70.0 -68.5 -70.0 -67.0 -70.0 -70.5 -68.5 -70.0 -68.5 -70.5 -70.5 -70.5 -65.5 -66.5 -70.0 -70.5 -70.5 -71.5 -67.0 -67.5 -64.0 -65.0 -71.0 -72.0 -72.0 -70.0 -70.0 -65.5 -67.0 -67.0 -67.5 -66.0 -64.5 -68.5 -69.5 -74.5 -75.5 -76.0 -76.0 
2.1537090261914402 2.1230294104337273 2.1659808724945253 2.086213871524472 2.270291566070749 2.1475731030398975 2.12916533358527 2.1598449493429825 5.442563835418255 2.1966604882522383 2.012582793705961 2.030990563160589 2.2764274892222915 2.1353012567368124 2.141437179888355 2.2089323345553233 2.2856313739496055 2.4605051837685683 2.380738182798515 2.5280003384355365 2.8102528034064944 2.9820586516496865 3.2336315008629315 2.521864415283994 2.2580197197676637 1.8837284075235674 1.9696313316451632 1.8775924843720249 1.8775924843720249 2.0064468705544187 2.4911847995262812 2.6691265709210157 2.6998061866787286 2.1598449493429825 1.9512235621905356 2.356194490192345 2.6261751088602177 2.5709518004963345 2.1966604882522383 2.184388641949153 2.0923497946760143 2.055534255766759 2.024854640009046 2.000310947402876 
-63.0 -62.0 -63.0 -64.5 -63.5 -64.0 -62.5 -63.0 -64.0 -64.0 -63.5 -63.0 -63.0 -63.5 -62.0 -64.0 -64.5 -62.0 -62.5 -62.0 -65.0 -66.5 -64.5 -63.0 -62.0 -63.0 -63.0 -63.0 -62.5 -62.5 -63.0 -64.5 -64.5 -66.5 -65.5 -64.5 -64.0 -65.0 -64.0 -63.0 -63.0 -62.5 -62.5 -63.0 
1.0246991663076084 1.0737865515199487 1.0737865515199487 1.000155473701438 1.0799224746714913 0.9326603190344698 1.1106020904292042 1.0185632431560658 1.0799224746714913 1.0799224746714913 1.0921943209745766 1.0983302441261191 1.0983302441261191 1.1106020904292042 1.055378782065321 1.0492428589137786 1.064582666792635 1.0799224746714913 1.1780972450961724 1.3437671701878218 1.1535535524900022 1.1351457830353744 1.3499030933393643 1.214912784005428 1.1167380135807468 1.227184630308513 1.2885438618239387 1.3008157081270237 1.3130875544301088 1.1596894756415448 1.2455923997631406 1.3744467859455345 1.325359400733194 1.2026409377023426 1.2087768608538851 1.1965050145508 1.3560390164909069 1.3744467859455345 1.2701360923693108 1.3744467859455345 1.141281706186917 1.227184630308513 1.1228739367322893 1.1719613219446299 
-55.0 -55.0 -54.5 -54.5 -54.5 -54.5 -54.5 -54.5 -55.0 -54.0 -54.0 -54.0 -54.0 -54.0 -54.0 -54.0 -54.5 -53.5 -53.0 -52.0 -51.5 -53.0 -53.5 -52.0 -53.0 -54.5 -54.0 -54.0 -54.5 -54.0 -53.0 -53.5 -53.5 -53.5 -53.5 -51.5 -52.0 -52.0 -53.0 -54.0 -54.0 -54.5 -55.0 -55.0 
1.3314953238847365 1.4173982480063325 1.3437671701878218 1.325359400733194 1.3437671701878218 1.3437671701878218 1.3437671701878218 1.3928545554001621 1.368310862793992 1.368310862793992 1.380582709097077 1.3499030933393643 1.3192234775816514 1.3008157081270237 1.3314953238847365 1.3008157081270237 4.479223900626073 1.368310862793992 1.3314953238847365 1.3989904785517047 1.368310862793992 1.3621749396424494 1.4358060174609601 1.4848934026733007 1.4542137869155878 1.4971652489763858 1.4664856332186729 1.5155730184310134 1.4787574795217582 1.4787574795217582 1.5707963267948966 1.5155730184310134 1.41126232485479 1.509437095279471 1.4296700943094176 1.3928545554001621 1.4358060174609601 1.4173982480063325 1.4358060174609601 1.4603497100671303 1.4480778637640452 1.4848934026733007 1.41126232485479 1.4173982480063325 
-51.5 -51.5 -51.5 -51.0 -51.0 -51.5 -51.5 -51.5 -51.5 -51.0 -51.0 -50.5 -51.0 -51.0 -51.0 -51.0 -51.5 -50.5 -50.5 -50.5 -51.5 -51.0 -51.0 -51.0 -51.0 -50.5 -51.5 -51.5 -51.5 -51.0 -51.5 -51.5 -50.5 -51.0 -51.5 -51.5 -51.0 -51.0 -51.0 -50.5 -50.5 -51.0 -50.5 -51.0 
2.067806102069844 2.0800779483729293 2.061670178918302 2.024854640009046 2.073942025221387 2.030990563160589 2.0064468705544187 2.055534255766759 2.046330371039445 2.0064468705544187 2.0064468705544187 1.9757672547967058 1.945087639038993 2.012582793705961 2.0064468705544187 2.0064468705544187 2.021786678433275 1.9819031779482483 1.9880391010997909 1.9512235621905356 1.8960002538266525 1.8775924843720249 1.8837284075235674 1.9634954084936207 2.067806102069844 2.0800779483729293 2.110757564130642 2.1537090261914402 2.1598449493429825 2.1353012567368124 2.073942025221387 1.8837284075235674 1.9941750242513334 2.024854640009046 2.0064468705544187 2.012582793705961 1.9941750242513334 1.9941750242513334 1.9819031779482483 2.000310947402876 2.061670178918302 2.067806102069844 2.067806102069844 2.0923497946760143 
-51.5 -51.5 -51.5 -51.5 -51.0 -51.0 -51.0 -51.0 -51.5 -50.5 -51.0 -51.0 -50.5 -50.0 -50.5 -50.5 -51.0 -50.5 -49.5 -48.5 -49.0 -49.0 -49.5 -51.5 -51.0 -51.0 -51.5 -51.5 -52.0 -52.0 -53.5 -51.5 -50.0 -49.5 -49.5 -50.5 -50.0 -50.0 -50.0 -50.0 -50.0 -50.5 -51.0 -51.0 
2.1659808724945253 2.1659808724945253 2.12916533358527 2.1353012567368124 2.184388641949153 2.1475731030398975 2.1598449493429825 2.12916533358527 2.1905245651006955 2.0493983326152168 2.116893487282185 2.098485717827557 2.1353012567368124 2.1537090261914402 2.110757564130642 2.055534255766759 2.132233295161041 2.061670178918302 2.0923497946760143 2.110757564130642 2.110757564130642 2.116893487282185 2.1353012567368124 2.12916533358527 2.1905245651006955 2.1659808724945253 2.2027964114037806 2.2457478734645786 2.2396119503130363 2.2580197197676637 2.2027964114037806 2.2580197197676637 2.12916533358527 2.098485717827557 2.1966604882522383 2.1659808724945253 2.1353012567368124 2.1046216409791 2.12916533358527 2.0923497946760143 2.110757564130642 2.12916533358527 2.141437179888355 2.116893487282185 
-53.5 -53.5 -53.0 -53.0 -53.0 -53.0 -52.5 -53.0 -53.5 -52.5 -52.5 -52.5 -53.0 -52.5 -52.5 -52.5 -53.0 -53.0 -52.5 -53.0 -52.5 -52.5 -52.5 -52.0 -52.5 -52.0 -52.5 -52.5 -52.5 -53.0 -53.5 -52.5 -52.5 -51.5 -52.0 -53.0 -53.5 -53.0 -53.0 -52.5 -52.5 -52.5 -52.0 -52.5 
5.884350302329319 5.822991070813893 5.878214379177777 5.792311455056181 5.884350302329319 5.93343768754166 5.810719224510809 5.712544454086128 5.737088146692298 5.730952223540755 5.780039608753096 5.853670686571607 5.681864838328415 5.786175531904639 5.810719224510809 5.798447378207723 5.740156108268069 5.7616318392984684 5.638913376267617 5.638913376267617 5.559146375297564 5.2768939103266055 5.755495916146925 5.841398840268521 5.712544454086128 5.859806609723149 5.994796919057086 5.93343768754166 5.93343768754166 5.841398840268521 5.743224069843841 5.356660911296659 5.651185222570702 5.688000761479957 5.651185222570702 5.71868037723767 5.638913376267617 5.71868037723767 5.743224069843841 5.724816300389213 5.767767762450011 5.786175531904639 5.767767762450011 5.829126993965437 
-60.0 -60.5 -60.5 -60.5 -60.0 -60.0 -60.0 -60.0 -61.0 -60.5 -60.0 -59.5 -60.0 -60.0 -59.5 -59.5 -60.5 -60.0 -58.5 -58.5 -60.0 -61.5 -59.0 -61.0 -61.0 -60.5 -60.5 -60.0 -60.5 -61.0 -61.0 -62.5 -60.0 -60.0 -60.5 -60.0 -59.5 -59.0 -59.0 -58.5 -59.0 -58.0 -59.0 -59.0 
0.07976700097005335 6.013204688511713 6.209554229361076 6.050020227420969 6.092971689481767 6.160466844148735 0.0 6.013204688511713 6.096039651057538 6.154330920997192 6.12365130523948 6.050020227420969 6.19728238305799 6.080699843178682 6.129787228391022 6.2034183062095325 6.019340611663256 0.1227184630308513 5.976389149602458 5.921165841238575 5.798447378207723 5.780039608753096 5.878214379177777 6.111379458936394 6.031612457966341 6.0991076126333095 6.013204688511713 6.086835766330224 6.068427996875596 5.878214379177777 6.234097921967246 5.890486225480862 6.050020227420969 5.712544454086128 5.71868037723767 6.068427996875596 6.025476534814799 6.031612457966341 5.939573610693203 5.890486225480862 6.019340611663256 5.902758071783947 5.970253226450915 2.9329712664373457 
-63.0 -63.5 -63.5 -63.5 -63.0 -63.0 -62.5 -62.0 -63.5 -63.0 -62.5 -62.5 -62.5 -62.5 -62.0 -61.5 -62.5 -61.0 -62.0 -61.0 -60.0 -60.0 -60.0 -61.5 -60.0 -62.5 -62.0 -62.0 -62.5 -61.5 -63.5 -62.0 -62.0 -62.0 -60.0 -60.0 -61.5 -60.5 -62.0 -62.0 -62.0 -63.5 -64.5 -65.0 
