6.270913460876501 0.018407769454627694 0.04295146206079795 0.12885438618239387 0.07976700097005335 0.04295146206079795 6.2463697682703305 0.07976700097005335 0.09203884727313846 0.09817477042468103 6.234097921967246 0.1718058482431918 5.019185137961818 3.6692820446224537 3.9147189706841563 2.9268353432858034 0.2638446955163303 0.0674951546669682 0.28225246497095796 0.0 3.1784081924990484 3.8410878928656453 4.957825906446392 3.0066023442558567 3.8533597391687304 0.25157284921324513 
-71.5 -71.5 -71.5 -71.5 -71.5 -71.0 -71.0 -71.0 -70.5 -70.5 -70.5 -70.5 -67.5 -63.5 -65.5 -69.0 -71.5 -72.0 -71.0 -66.5 -65.5 -66.0 -69.5 -71.0 -69.5 -72.0 
1.7855536370988863 1.8775924843720249 1.9266798695843652 1.8407769454627694 2.012582793705961 2.110757564130642 2.12916533358527 1.9757672547967058 2.0371264863121317 2.172116795646068 2.1782527187976104 5.418020142812084 2.116893487282185 2.2150682577068657 2.061670178918302 2.073942025221387 2.282563412373834 2.3439226438892597 2.497320722677824 2.552544031041707 5.859806609723149 2.742757648739526 2.730485802436441 2.061670178918302 2.030990563160589 1.8100973297050567 1.7794177139473437 1.761009944492716 1.8837284075235674 1.8653206380689396 2.1475731030398975 2.552544031041707 3.043417883165112 2.9268353432858034 2.779573187648782 2.405281875404685 2.791845033951867 2.7120780329818137 2.4605051837685683 2.2150682577068657 2.356194490192345 2.1475731030398975 2.2089323345553233 2.1353012567368124 2.018718716857504 
-63.0 -64.0 -64.0 -62.5 -63.0 -64.0 -64.0 -64.0 -64.0 -65.0 -64.0 -65.0 -64.0 -64.0 -64.5 -63.5 -64.0 -63.5 -64.0 -64.5 -68.0 -67.0 -64.5 -63.5 -62.0 -62.0 -63.0 -63.0 -63.5 -62.5 -62.0 -62.5 -66.5 -65.5 -64.0 -64.5 -64.5 -63.0 -65.0 -64.0 -64.5 -63.5 -64.0 -63.5 -63.5 
1.1780972450961724 1.0983302441261191 1.012427320004523 1.1474176293384597 1.1596894756415448 1.1658253987930873 1.1474176293384597 1.1167380135807468 1.2026409377023426 1.1596894756415448 1.1351457830353744 4.28287435977671 1.141281706186917 1.1290098598838318 1.141281706186917 1.184233168247715 1.1658253987930873 1.3314953238847365 1.423534171157875 1.2517283229146832 1.0615147052168636 1.2455923997631406 1.3989904785517047 1.1106020904292042 1.2087768608538851 1.2333205534600555 1.2762720155208536 1.2210487071569704 1.3008157081270237 1.2210487071569704 1.1290098598838318 1.2210487071569704 1.3192234775816514 1.2885438618239387 1.2640001692177683 1.1044661672776617 1.1474176293384597 1.2946797849754812 1.3314953238847365 1.3130875544301088 1.2762720155208536 1.2885438618239387 1.2517283229146832 1.2087768608538851 1.1903690913992575 
-55.5 -56.0 -55.5 -55.5 -55.0 -55.0 -55.0 -55.0 -55.0 -55.0 -55.0 -55.5 -55.0 -55.0 -54.5 -54.5 -54.5 -54.0 -53.5 -51.5 -52.0 -54.0 -53.5 -53.5 -55.0 -55.5 -55.5 -55.0 -55.5 -55.0 -54.0 -52.5 -53.0 -53.5 -54.0 -52.5 -52.0 -52.0 -53.0 -53.5 -53.5 -54.0 -54.0 -53.5 -53.5 
1.4358060174609601 1.4051264017032472 1.3192234775816514 1.3867186322486196 1.4296700943094176 1.4173982480063325 1.4419419406125027 1.4051264017032472 1.4173982480063325 1.41126232485479 1.4296700943094176 4.558990901596125 1.3928545554001621 1.3928545554001621 1.3989904785517047 1.4051264017032472 1.3867186322486196 1.3867186322486196 1.4358060174609601 1.380582709097077 1.337631247036279 1.380582709097077 1.4358060174609601 1.576932249946439 1.4848934026733007 1.509437095279471 1.533980787885641 1.4664856332186729 1.4542137869155878 1.4664856332186729 1.4910293258248433 1.564660403643354 1.521708941582556 1.4480778637640452 1.4726215563702154 1.4051264017032472 1.3192234775816514 1.3928545554001621 1.4664856332186729 1.4296700943094176 1.3989904785517047 1.3744467859455345 1.4296700943094176 1.3928545554001621 1.41126232485479 
-52.0 -51.5 -51.5 -51.5 -51.5 -51.5 -51.5 -51.5 -51.5 -51.5 -51.5 -51.5 -51.5 -51.0 -51.0 -51.0 -51.0 -51.0 -51.0 -51.5 -51.0 -50.5 -51.5 -52.0 -51.5 -52.0 -52.0 -52.0 -52.0 -51.5 -51.5 -51.5 -51.5 -50.5 -51.0 -52.0 -51.5 -51.0 -50.5 -50.5 -50.5 -50.5 -51.0 -51.0 -51.0 
2.110757564130642 2.1046216409791 2.098485717827557 2.1046216409791 2.12916533358527 2.073942025221387 2.0923497946760143 2.055534255766759 2.043262409463674 1.9819031779482483 2.0923497946760143 2.095417756251786 2.061670178918302 2.0493983326152168 2.0371264863121317 2.0493983326152168 2.055534255766759 2.073942025221387 2.0493983326152168 1.9819031779482483 1.9880391010997909 1.9634954084936207 1.9389517158874505 2.1782527187976104 2.172116795646068 2.1782527187976104 2.2457478734645786 2.2027964114037806 2.184388641949153 2.1659808724945253 2.12916533358527 2.061670178918302 1.9573594853420782 1.88986433067511 1.902136176978195 1.9634954084936207 1.932815792735908 1.9389517158874505 2.0064468705544187 1.9941750242513334 2.0371264863121317 2.0493983326152168 2.061670178918302 2.067806102069844 2.043262409463674 
-52.0 -52.0 -51.5 -51.5 -51.5 -51.5 -51.5 -51.0 -51.5 -51.0 -51.0 -51.5 -51.0 -51.0 -51.0 -51.0 -51.0 -50.0 -49.5 -49.5 -49.5 -50.0 -51.0 -52.0 -52.5 -52.5 -53.0 -53.0 -52.5 -52.5 -52.0 -52.5 -52.0 -50.0 -48.5 -49.0 -49.5 -50.0 -49.5 -49.0 -49.5 -50.0 -50.0 -50.0 -50.5 
2.2212041808584084 2.2089323345553233 2.1659808724945253 2.1966604882522383 2.2089323345553233 2.1966604882522383 2.172116795646068 2.1782527187976104 2.1353012567368124 2.1353012567368124 2.184388641949153 2.172116795646068 2.1598449493429825 2.1475731030398975 2.1598449493429825 2.1475731030398975 2.1230294104337273 2.1475731030398975 2.172116795646068 2.1046216409791 2.1537090261914402 2.12916533358527 2.227340104009951 2.227340104009951 2.1905245651006955 2.3193789512830896 2.282563412373834 2.282563412373834 2.2518837966161214 2.2948352586769194 2.2457478734645786 2.2027964114037806 2.1537090261914402 2.1659808724945253 2.030990563160589 2.2150682577068657 2.141437179888355 2.141437179888355 2.1475731030398975 2.110757564130642 2.1230294104337273 2.1537090261914402 2.172116795646068 2.1905245651006955 2.227340104009951 
-53.0 -53.0 -53.0 -53.0 -53.5 -52.5 -53.0 -52.5 -53.0 -52.5 -53.0 -53.0 -53.0 -53.0 -53.0 -52.5 -53.0 -52.5 -52.5 -53.5 -53.0 -53.0 -52.5 -53.5 -53.5 -53.5 -53.5 -53.5 -53.5 -53.5 -53.5 -53.5 -53.0 -53.0 -52.5 -52.0 -54.0 -53.5 -53.0 -52.5 -52.5 -53.0 -53.0 -53.0 -53.0 
5.9518454569962875 5.902758071783947 5.853670686571607 5.9088939949354895 5.896622148632405 5.8045833013592665 5.976389149602458 5.902758071783947 5.859806609723149 5.8045833013592665 5.9088939949354895 5.816855147662351 5.822991070813893 5.884350302329319 5.816855147662351 5.915029918087033 5.915029918087033 5.7616318392984684 5.780039608753096 5.66959299202533 5.602097837358362 5.749359992995383 5.534602682691394 5.976389149602458 5.872078456026235 5.872078456026235 5.982525072754001 5.9518454569962875 5.970253226450915 5.93343768754166 5.988660995905543 5.835262917116979 5.638913376267617 5.5284667595398505 5.546874528994478 5.706408530934585 5.681864838328415 5.589825991055276 5.6573211457222445 5.66959299202533 5.651185222570702 5.724816300389213 5.786175531904639 5.749359992995383 5.675728915176872 
-60.0 -60.0 -60.0 -60.0 -60.0 -59.0 -59.5 -59.5 -59.5 -59.5 -59.5 -60.5 -59.0 -60.0 -59.5 -59.5 -59.5 -58.5 -58.5 -58.5 -60.0 -60.0 -62.0 -60.0 -61.5 -61.5 -61.0 -60.5 -60.5 -61.0 -61.0 -59.0 -61.5 -60.5 -60.5 -61.0 -60.5 -59.5 -59.0 -58.5 -59.0 -59.5 -59.5 -59.5 -59.5 
0.0 6.234097921967246 6.135923151542564 0.23930100291016002 6.14819499784565 0.0 6.166602767300278 6.14819499784565 6.2034183062095325 6.2034183062095325 6.025476534814799 6.1420590746941075 0.0 6.277049384028044 0.0 6.234097921967246 6.135923151542564 6.0991076126333095 6.14819499784565 5.976389149602458 5.786175531904639 5.93343768754166 5.890486225480862 0.05522330836388308 6.227961998815704 6.1420590746941075 6.252505691421874 6.160466844148735 6.068427996875596 6.191146459906448 6.154330920997192 0.03681553890925539 5.872078456026235 5.988660995905543 5.64504929941916 5.71868037723767 6.000932842208628 6.013204688511713 5.982525072754001 5.970253226450915 6.086835766330224 6.068427996875596 6.258641614573416 6.154330920997192 6.086835766330224 
-64.5 -65.0 -63.0 -63.0 -63.5 -63.0 -63.0 -62.5 -63.5 -62.0 -62.0 -63.0 -62.5 -62.5 -63.0 -62.5 -62.5 -62.0 -61.0 -60.0 -59.5 -61.5 -61.5 -62.0 -61.5 -63.5 -63.5 -64.0 -63.0 -64.0 -62.5 -62.5 -64.0 -62.0 -61.5 -60.5 -61.0 -61.5 -61.5 -63.0 -63.5 -63.5 -63.0 -63.0 -62.5 
