0.07976700097005335 0.02454369260617026 0.11658253987930872 0.04295146206079795 0.1595340019401067 0.0674951546669682 0.0 0.07976700097005335 5.006913291658733 5.252350217720435 6.19728238305799 3.0802334220743677 2.8532042654672924 2.791845033951867 3.067961575771282 6.086835766330224 6.135923151542564 3.2090878082567613 1.6321555583103222 5.368932757599744 5.375068680751287 2.8102528034064944 5.9518454569962875 
-74.0 -74.0 -74.5 -74.0 -74.5 -74.0 -73.5 -72.5 -70.5 -68.5 -71.0 -69.0 -69.0 -68.5 -70.0 -71.5 -70.0 -67.0 -69.0 -66.5 -66.5 -71.5 -72.5 
1.9696313316451632 1.9082721001297376 1.9512235621905356 1.846912868614312 1.8100973297050567 2.000310947402876 2.030990563160589 1.9205439464328227 1.8775924843720249 1.8530487917658545 1.748738098189631 1.8223691760081417 1.8775924843720249 1.8960002538266525 1.8837284075235674 1.8714565612204823 1.7794177139473437 2.086213871524472 2.184388641949153 5.427224027539398 5.356660911296659 2.442097414313941 2.0371264863121317 2.141437179888355 1.9941750242513334 1.8837284075235674 1.8775924843720249 1.9819031779482483 1.9205439464328227 2.1046216409791 2.325514874434632 2.4175537217077703 2.3071071049800045 2.1782527187976104 2.0371264863121317 2.2641556429192065 2.2518837966161214 2.2089323345553233 2.12916533358527 2.172116795646068 2.018718716857504 2.030990563160589 
-63.5 -63.0 -62.5 -62.0 -63.0 -63.0 -62.5 -62.5 -63.5 -62.5 -62.5 -62.5 -62.5 -62.5 -62.0 -62.5 -62.5 -62.5 -61.5 -63.0 -65.0 -67.0 -63.5 -61.5 -60.5 -61.0 -61.0 -61.5 -61.0 -61.5 -63.0 -64.5 -66.0 -64.5 -62.5 -62.5 -62.5 -62.0 -61.0 -61.5 -61.0 -61.0 
1.2026409377023426 1.1780972450961724 1.1903690913992575 1.1780972450961724 1.2210487071569704 1.1780972450961724 1.1596894756415448 1.1719613219446299 1.1903690913992575 1.1719613219446299 1.2210487071569704 1.1903690913992575 1.1596894756415448 1.1474176293384597 1.1474176293384597 1.0615147052168636 1.184233168247715 1.3130875544301088 1.4051264017032472 1.3652429012182206 1.0737865515199487 1.1596894756415448 1.2640001692177683 1.1903690913992575 1.0799224746714913 1.1903690913992575 1.214912784005428 1.1903690913992575 1.1965050145508 1.141281706186917 1.086058397823034 1.1535535524900022 1.3192234775816514 1.3130875544301088 1.2946797849754812 1.184233168247715 1.3008157081270237 1.4419419406125027 1.4726215563702154 1.3989904785517047 1.3744467859455345 1.239456476611598 1.1719613219446299 
-55.5 -55.5 -55.0 -55.0 -55.5 -55.0 -55.0 -55.0 -55.5 -55.0 -55.5 -55.5 -55.0 -55.0 -55.5 -55.5 -55.0 -54.5 -54.5 -53.0 -52.5 -54.5 -54.5 -53.5 -54.5 -56.0 -56.0 -56.5 -56.0 -56.5 -56.0 -54.5 -54.5 -54.5 -54.5 -52.5 -53.0 -54.5 -55.5 -56.0 -56.5 -56.0 -56.5 
1.4664856332186729 1.4419419406125027 1.4726215563702154 1.4603497100671303 1.4419419406125027 1.4358060174609601 1.423534171157875 1.4480778637640452 1.4296700943094176 1.4480778637640452 1.4603497100671303 1.4296700943094176 1.423534171157875 1.4542137869155878 1.4173982480063325 1.4542137869155878 1.380582709097077 1.4664856332186729 1.4296700943094176 4.577398671050753 1.423534171157875 1.3928545554001621 1.4051264017032472 1.576932249946439 1.4971652489763858 1.4419419406125027 1.4480778637640452 1.4603497100671303 1.41126232485479 1.4358060174609601 1.4787574795217582 1.576932249946439 1.4358060174609601 1.5033011721279284 1.5155730184310134 1.3744467859455345 1.380582709097077 1.423534171157875 1.4971652489763858 1.4787574795217582 1.4480778637640452 1.4358060174609601 1.3928545554001621 
-52.0 -52.0 -51.5 -51.5 -51.5 -51.5 -51.5 -51.5 -51.5 -51.5 -51.5 -51.5 -51.5 -51.5 -51.5 -51.5 -51.5 -51.0 -51.5 -52.5 -52.0 -51.0 -51.0 -52.5 -52.0 -52.0 -52.0 -52.5 -52.5 -52.0 -52.0 -52.5 -52.5 -51.0 -52.0 -52.0 -52.0 -52.0 -52.0 -52.0 -52.0 -52.0 -52.0 
2.098485717827557 2.055534255766759 2.141437179888355 2.1475731030398975 2.116893487282185 2.1598449493429825 2.1046216409791 2.1230294104337273 2.1475731030398975 2.1230294104337273 2.1353012567368124 2.1046216409791 2.12916533358527 2.12916533358527 2.1475731030398975 2.1537090261914402 2.116893487282185 2.110757564130642 2.1353012567368124 5.230874486690037 2.0371264863121317 2.1046216409791 2.0493983326152168 2.2212041808584084 2.2089323345553233 2.2457478734645786 2.270291566070749 2.282563412373834 2.270291566070749 2.3071071049800045 2.3316507975861747 2.2948352586769194 2.086213871524472 2.043262409463674 2.1230294104337273 2.1905245651006955 2.1475731030398975 2.12916533358527 2.1966604882522383 2.2886993355253766 2.313243028131547 2.2641556429192065 2.2764274892222915 
-51.5 -51.5 -51.5 -51.5 -51.5 -51.5 -51.5 -51.5 -51.5 -51.5 -51.5 -51.5 -51.5 -52.0 -51.5 -52.0 -51.5 -50.5 -50.0 -51.0 -51.0 -50.0 -50.5 -53.0 -52.5 -53.5 -53.5 -54.0 -54.0 -54.0 -54.0 -54.5 -52.5 -50.5 -50.0 -51.5 -51.5 -50.5 -51.0 -51.5 -52.0 -52.5 -53.5 
2.2212041808584084 2.2027964114037806 2.2089323345553233 2.2212041808584084 2.2212041808584084 2.2150682577068657 2.2150682577068657 2.227340104009951 2.2396119503130363 2.2027964114037806 2.227340104009951 2.1905245651006955 2.1905245651006955 2.184388641949153 2.2457478734645786 2.1659808724945253 2.2027964114037806 2.2027964114037806 2.270291566070749 2.3101750665557756 2.086213871524472 2.227340104009951 2.3009711818284617 2.36846633649543 2.3746022596469727 2.356194490192345 2.3746022596469727 2.3439226438892597 2.380738182798515 2.3930100291016 2.448233337465483 2.3746022596469727 2.282563412373834 2.2396119503130363 2.172116795646068 2.36846633649543 2.3439226438892597 2.3193789512830896 2.350058567040802 2.3439226438892597 2.3439226438892597 2.380738182798515 2.36846633649543 
-53.5 -53.0 -53.5 -53.5 -53.5 -53.5 -53.5 -53.5 -53.5 -53.0 -53.5 -53.5 -53.5 -53.5 -53.5 -53.5 -53.5 -53.0 -54.0 -54.5 -53.5 -53.5 -54.0 -53.5 -53.5 -54.0 -54.0 -54.0 -54.0 -54.0 -54.5 -54.5 -53.5 -54.0 -52.0 -53.5 -55.0 -55.0 -54.5 -54.5 -54.5 -54.5 -55.0 
5.853670686571607 5.743224069843841 5.816855147662351 5.853670686571607 5.780039608753096 5.8045833013592665 5.737088146692298 5.816855147662351 5.749359992995383 5.8045833013592665 5.822991070813893 5.773903685601553 5.8475347634200645 5.737088146692298 5.786175531904639 5.859806609723149 5.786175531904639 5.773903685601553 5.706408530934585 5.568350260024878 6.056156150572511 5.66959299202533 5.816855147662351 5.982525072754001 5.816855147662351 5.93343768754166 6.007068765360171 5.921165841238575 5.927301764390117 5.976389149602458 5.976389149602458 5.773903685601553 5.47937937432751 5.602097837358362 5.681864838328415 5.737088146692298 5.620505606812989 5.737088146692298 5.6941366846315 5.6941366846315 5.755495916146925 5.688000761479957 5.786175531904639 
-60.0 -60.5 -60.0 -59.5 -60.0 -60.0 -59.5 -60.0 -59.5 -59.0 -59.5 -59.5 -59.5 -59.5 -59.5 -60.0 -60.0 -59.0 -59.0 -60.5 -59.5 -61.5 -60.5 -60.5 -61.0 -61.0 -61.0 -61.5 -61.0 -61.5 -61.5 -62.0 -62.0 -60.0 -60.5 -61.0 -60.5 -59.0 -59.5 -58.5 -58.5 -59.5 -60.5 
0.05522330836388308 6.19728238305799 0.0674951546669682 6.074563920027139 6.277049384028044 0.06135923151542565 6.215690152512618 0.01227184630308513 0.0859029241215959 6.270913460876501 6.19728238305799 6.14819499784565 6.227961998815704 6.240233845118788 0.02454369260617026 3.0372819600135696 6.215690152512618 6.209554229361076 6.0469522658451975 6.037748381117884 6.068427996875596 5.982525072754001 0.01227184630308513 6.22182607566416 6.258641614573416 0.018407769454627694 0.02454369260617026 6.19728238305799 6.258641614573416 0.0 0.09817477042468103 6.14819499784565 6.117515382087937 5.822991070813893 6.154330920997192 0.06135923151542565 6.277049384028044 5.988660995905543 6.074563920027139 6.043884304269426 6.14819499784565 6.277049384028044 
-65.0 -65.0 -65.0 -65.0 -63.5 -64.5 -64.5 -64.5 -65.0 -64.0 -63.5 -64.0 -64.0 -64.5 -65.5 -65.0 -63.5 -63.0 -62.5 -61.0 -63.5 -61.0 -63.5 -62.5 -64.0 -63.0 -63.5 -64.0 -63.5 -64.5 -64.5 -65.0 -63.0 -61.5 -61.0 -63.0 -64.0 -65.5 -65.5 -66.0 -66.0 -68.0 
