6.062292073724054 5.93343768754166 2.5157284921324514 2.6016314162540475 6.013204688511713 5.994796919057086 5.982525072754001 0.8651651643675016 1.0676506283684062 3.117048960983623 2.7979809571034093 2.773437264497239 2.8654761117703775 0.04295146206079795 0.22089323345553233 3.442252888015379 2.9820586516496865 0.0859029241215959 6.12365130523948 2.724349879284899 3.031146036862027 2.988194574801229 3.043417883165112 3.6017868899554855 1.1903690913992575 0.7976700097005334 0.3436116964863836 0.16566992509164924 
-73.0 -73.5 -71.0 -71.5 -73.5 -73.0 -73.0 -76.0 -69.0 -67.5 -68.5 -67.0 -71.0 -72.0 -72.0 -70.5 -69.0 -70.5 -69.5 -67.5 -67.0 -65.0 -63.0 -64.5 -70.0 -71.5 -72.0 -72.5 
1.9573594853420782 1.88986433067511 2.030990563160589 1.945087639038993 2.000310947402876 2.030990563160589 1.9880391010997909 2.024854640009046 1.945087639038993 1.9941750242513334 1.9512235621905356 1.9205439464328227 1.9082721001297376 1.9696313316451632 1.9880391010997909 2.0064468705544187 1.9819031779482483 2.043262409463674 2.0493983326152168 1.9634954084936207 2.2948352586769194 2.4911847995262812 2.6691265709210157 2.5157284921324514 2.2641556429192065 1.9144080232812801 1.932815792735908 1.902136176978195 1.932815792735908 1.9512235621905356 2.1598449493429825 2.521864415283994 2.8777479580734626 2.890019804376548 2.767301341345697 2.8286605728611223 5.786175531904639 2.4850488763747385 5.6143696836614465 1.9205439464328227 2.2518837966161214 2.282563412373834 2.227340104009951 
-62.0 -62.5 -62.5 -62.5 -62.5 -62.0 -63.0 -63.0 -62.5 -62.0 -61.0 -61.5 -62.0 -62.5 -62.5 -62.0 -62.0 -61.5 -61.5 -61.5 -64.5 -66.0 -66.5 -64.0 -62.5 -62.0 -62.0 -62.5 -62.0 -61.5 -62.0 -63.0 -62.5 -65.5 -65.5 -66.5 -66.0 -65.0 -65.0 -63.0 -63.5 -63.0 -62.5 
1.1658253987930873 1.141281706186917 0.9572040116406401 1.1474176293384597 1.1290098598838318 1.1596894756415448 1.141281706186917 1.184233168247715 1.1780972450961724 1.1965050145508 1.0921943209745766 1.1780972450961724 1.141281706186917 1.1474176293384597 1.1719613219446299 1.1290098598838318 1.1719613219446299 1.2517283229146832 1.3928545554001621 1.325359400733194 1.0246991663076084 1.086058397823034 1.3314953238847365 1.2026409377023426 1.1106020904292042 1.1474176293384597 1.1290098598838318 1.1780972450961724 1.2087768608538851 1.1535535524900022 1.1290098598838318 1.086058397823034 1.3192234775816514 1.325359400733194 1.2578642460662257 1.1167380135807468 1.086058397823034 1.1965050145508 1.3008157081270237 1.3499030933393643 1.2762720155208536 1.325359400733194 1.2762720155208536 1.2946797849754812 1.2210487071569704 
-56.5 -56.5 -56.5 -56.5 -56.5 -56.5 -56.5 -56.5 -56.5 -56.5 -56.0 -56.5 -56.5 -56.5 -56.5 -56.0 -55.5 -55.0 -55.0 -53.0 -53.0 -55.0 -54.5 -54.0 -55.0 -56.0 -55.5 -55.5 -55.5 -56.0 -54.5 -53.5 -53.5 -54.0 -54.0 -54.0 -52.5 -52.0 -52.0 -52.0 -52.5 -52.5 -53.0 -53.0 -53.5 
1.3621749396424494 1.41126232485479 1.423534171157875 1.4358060174609601 1.4173982480063325 1.4480778637640452 1.4051264017032472 1.4358060174609601 1.3928545554001621 1.4051264017032472 1.4480778637640452 1.3989904785517047 1.3867186322486196 1.4419419406125027 1.423534171157875 1.41126232485479 1.380582709097077 1.4480778637640452 1.4173982480063325 1.4419419406125027 1.4603497100671303 1.4051264017032472 1.4358060174609601 1.564660403643354 1.521708941582556 1.4542137869155878 1.4296700943094176 1.4296700943094176 1.4726215563702154 1.380582709097077 1.521708941582556 1.6014759425526093 1.5155730184310134 1.4480778637640452 1.4542137869155878 1.4296700943094176 1.368310862793992 1.4296700943094176 1.4848934026733007 1.5278448647340985 1.3928545554001621 1.3928545554001621 1.41126232485479 1.4051264017032472 1.368310862793992 
-52.0 -52.0 -52.0 -51.5 -52.0 -52.0 -52.0 -52.0 -52.0 -51.5 -52.0 -51.5 -51.5 -51.5 -51.5 -52.0 -51.5 -51.0 -51.5 -52.5 -51.5 -51.5 -52.0 -52.5 -51.5 -51.5 -52.0 -52.0 -52.0 -51.5 -51.5 -52.0 -52.0 -51.0 -50.5 -51.0 -51.5 -51.5 -52.0 -51.0 -51.0 -50.5 -51.0 -50.5 -50.5 
2.1659808724945253 2.141437179888355 2.1905245651006955 2.2212041808584084 2.1537090261914402 2.2027964114037806 2.227340104009951 2.1966604882522383 2.1905245651006955 2.184388641949153 2.184388641949153 2.1966604882522383 2.184388641949153 2.1782527187976104 2.184388641949153 2.1782527187976104 2.1659808724945253 2.1598449493429825 2.172116795646068 2.1046216409791 2.116893487282185 2.141437179888355 2.086213871524472 2.2396119503130363 2.2886993355253766 2.2396119503130363 2.282563412373834 2.2457478734645786 2.270291566070749 2.1905245651006955 2.2089323345553233 2.141437179888355 2.024854640009046 1.9512235621905356 1.9634954084936207 2.012582793705961 2.012582793705961 2.000310947402876 1.9941750242513334 2.043262409463674 2.000310947402876 2.061670178918302 2.073942025221387 2.0800779483729293 2.086213871524472 
-53.0 -52.5 -52.5 -52.5 -53.0 -52.5 -52.5 -52.5 -52.5 -52.5 -52.5 -52.5 -52.5 -52.0 -52.5 -52.5 -51.5 -51.0 -50.5 -51.0 -51.0 -51.0 -51.5 -54.5 -53.5 -53.5 -53.0 -53.5 -53.5 -53.0 -52.5 -53.0 -52.0 -50.0 -49.5 -49.5 -50.0 -50.0 -50.0 -49.5 -49.5 -49.5 -49.5 -50.0 -50.0 
2.2150682577068657 2.2641556429192065 2.2457478734645786 2.184388641949153 2.2457478734645786 2.2580197197676637 2.2334760271614935 2.2764274892222915 2.2764274892222915 2.2334760271614935 2.2150682577068657 2.2396119503130363 2.1966604882522383 2.2212041808584084 2.227340104009951 2.2580197197676637 2.2027964114037806 2.1966604882522383 2.270291566070749 2.3316507975861747 2.2764274892222915 2.3071071049800045 2.3316507975861747 2.3623304133438876 2.356194490192345 2.356194490192345 2.356194490192345 2.356194490192345 2.356194490192345 2.3439226438892597 2.380738182798515 2.3316507975861747 2.1905245651006955 2.1966604882522383 2.12916533358527 2.141437179888355 2.227340104009951 2.2334760271614935 2.2457478734645786 2.2518837966161214 2.1966604882522383 2.1782527187976104 2.2457478734645786 2.2027964114037806 2.1966604882522383 
-54.0 -54.5 -53.5 -54.0 -54.0 -54.0 -54.0 -54.0 -54.0 -54.0 -54.0 -53.5 -53.5 -54.0 -53.5 -54.0 -54.0 -54.0 -54.5 -53.5 -53.5 -54.0 -54.0 -53.5 -54.0 -54.0 -53.5 -54.0 -54.0 -53.5 -53.5 -54.0 -52.5 -53.0 -52.5 -51.5 -52.5 -53.0 -53.5 -53.0 -53.0 -53.0 -53.0 -53.0 -53.0 
5.890486225480862 5.939573610693203 5.816855147662351 5.915029918087033 5.822991070813893 5.835262917116979 5.878214379177777 5.810719224510809 5.878214379177777 5.859806609723149 5.859806609723149 5.835262917116979 5.93343768754166 5.841398840268521 5.798447378207723 5.872078456026235 5.8045833013592665 5.810719224510809 5.755495916146925 5.749359992995383 5.675728915176872 5.712544454086128 5.5284667595398505 5.9518454569962875 5.945709533844745 5.878214379177777 5.915029918087033 5.902758071783947 5.890486225480862 6.013204688511713 5.9518454569962875 5.970253226450915 5.829126993965437 5.66959299202533 5.6143696836614465 5.540738605842936 5.620505606812989 5.577554144752192 5.583690067903734 5.50392306693368 5.608233760509904 5.638913376267617 5.700272607783043 5.6941366846315 5.724816300389213 
-59.5 -60.0 -60.0 -60.5 -59.5 -59.5 -60.5 -60.5 -60.0 -60.0 -60.5 -60.5 -60.0 -60.0 -60.5 -60.0 -60.5 -59.5 -58.5 -61.0 -62.5 -61.0 -62.0 -62.0 -62.5 -62.0 -61.5 -61.5 -61.5 -61.5 -61.0 -61.5 -63.0 -60.5 -60.5 -61.0 -62.0 -62.0 -60.5 -60.0 -59.5 -59.0 -59.5 -60.0 -59.0 
6.2463697682703305 6.191146459906448 0.0674951546669682 0.11658253987930872 0.018407769454627694 0.07976700097005335 0.0859029241215959 0.03681553890925539 0.0 0.04908738521234052 6.264777537724958 0.07363107781851078 0.1902136176978195 6.22182607566416 0.07976700097005335 0.04295146206079795 3.104777114680538 0.04908738521234052 6.129787228391022 5.927301764390117 6.117515382087937 5.859806609723149 0.03681553890925539 0.1595340019401067 6.050020227420969 6.264777537724958 0.030679615757712823 6.12365130523948 6.227961998815704 0.05522330836388308 0.0 6.031612457966341 5.890486225480862 5.976389149602458 5.712544454086128 5.902758071783947 5.957981380147831 6.209554229361076 6.191146459906448 6.043884304269426 6.025476534814799 5.982525072754001 6.019340611663256 6.050020227420969 
-66.0 -66.5 -65.5 -67.5 -65.5 -66.5 -66.0 -67.0 -66.0 -66.0 -65.5 -66.0 -66.0 -64.5 -65.5 -64.5 -66.0 -63.5 -62.0 -62.5 -63.5 -64.0 -64.5 -63.0 -64.0 -64.5 -64.5 -64.5 -64.5 -62.5 -64.0 -63.5 -61.5 -62.5 -62.0 -60.0 -61.0 -60.5 -61.0 -62.0 -62.5 -62.5 -62.5 -63.0 
