3.160000423044421 3.2888548092268146 6.234097921967246 2.9145634969827183 6.209554229361076 6.264777537724958 6.117515382087937 3.1354567304382504 3.227495577711389 3.074097498922825 1.0737865515199487 4.651029748869264 4.690913249354291 6.264777537724958 2.84706834231575 2.9084275738311756 2.773437264497239 6.209554229361076 2.521864415283994 2.8102528034064944 6.154330920997192 4.430136515413731 5.706408530934585 5.393476450205914 
-71.5 -72.0 -71.5 -72.0 -71.5 -72.0 -71.5 -72.0 -70.5 -70.5 -72.5 -68.5 -69.0 -67.0 -68.5 -68.0 -69.0 -71.0 -70.5 -70.5 -71.0 -70.5 -68.0 -68.5 
2.3316507975861747 2.2948352586769194 2.227340104009951 2.0923497946760143 2.184388641949153 1.88986433067511 2.2396119503130363 2.1046216409791 2.1659808724945253 2.1475731030398975 2.043262409463674 2.1966604882522383 2.0493983326152168 2.055534255766759 2.1966604882522383 2.116893487282185 1.9941750242513334 2.1598449493429825 2.2457478734645786 2.405281875404685 5.424156065963627 2.3930100291016 2.1659808724945253 1.6260196351587797 1.902136176978195 1.7671458676442586 1.7794177139473437 2.000310947402876 2.0493983326152168 2.3623304133438876 2.435961491162398 5.393476450205914 2.116893487282185 1.9082721001297376 5.240078371417351 2.116893487282185 2.3439226438892597 2.055534255766759 2.086213871524472 2.030990563160589 2.043262409463674 1.9266798695843652 
-65.0 -64.5 -63.5 -64.0 -64.5 -64.0 -64.5 -64.0 -63.0 -64.0 -64.0 -63.5 -63.5 -63.5 -63.5 -63.5 -62.5 -63.5 -62.5 -62.0 -64.5 -63.5 -62.0 -61.0 -62.0 -61.5 -61.5 -62.0 -61.0 -63.5 -64.5 -66.0 -63.0 -63.5 -63.0 -62.5 -63.0 -63.0 -62.5 -62.0 -62.0 -61.5 
1.1658253987930873 1.1658253987930873 1.1965050145508 1.141281706186917 1.1228739367322893 1.1658253987930873 1.1596894756415448 1.1290098598838318 1.2026409377023426 1.1290098598838318 1.184233168247715 1.141281706186917 1.1228739367322893 1.0492428589137786 1.1167380135807468 1.1474176293384597 1.0492428589137786 1.1903690913992575 1.368310862793992 1.368310862793992 1.2087768608538851 1.1044661672776617 1.2455923997631406 1.2578642460662257 1.0369710126106935 1.0492428589137786 1.1535535524900022 1.1780972450961724 1.1474176293384597 1.1780972450961724 1.1044661672776617 1.1228739367322893 1.3008157081270237 1.1903690913992575 1.2885438618239387 1.2210487071569704 1.2210487071569704 1.325359400733194 1.4358060174609601 1.3989904785517047 1.2946797849754812 1.2087768608538851 1.0615147052168636 1.0369710126106935 
-54.0 -54.0 -54.5 -54.0 -54.5 -54.0 -54.5 -54.5 -54.5 -55.0 -54.5 -54.5 -55.0 -55.0 -55.0 -55.0 -55.0 -55.0 -54.5 -54.0 -53.0 -53.5 -55.5 -54.0 -55.0 -56.5 -56.0 -56.5 -56.5 -56.0 -55.5 -54.5 -54.5 -54.5 -54.5 -53.5 -53.5 -54.0 -56.0 -57.0 -58.5 -58.5 -58.5 -58.5 
1.368310862793992 1.4480778637640452 1.368310862793992 1.3928545554001621 1.3744467859455345 1.3867186322486196 1.3989904785517047 1.4051264017032472 1.4051264017032472 1.3744467859455345 1.3867186322486196 1.3989904785517047 1.4296700943094176 1.3867186322486196 1.4296700943094176 1.3989904785517047 1.3744467859455345 1.4051264017032472 1.4664856332186729 1.41126232485479 1.4419419406125027 1.368310862793992 1.325359400733194 1.4603497100671303 1.509437095279471 1.3867186322486196 1.4173982480063325 1.4480778637640452 1.4358060174609601 1.4051264017032472 1.4603497100671303 1.5155730184310134 1.4173982480063325 1.4603497100671303 1.41126232485479 1.4051264017032472 1.371378824369763 1.4051264017032472 1.5033011721279284 1.521708941582556 1.4787574795217582 1.4542137869155878 1.4051264017032472 1.3314953238847365 
-50.5 -51.0 -50.5 -51.0 -51.0 -51.0 -51.0 -51.0 -51.0 -51.0 -51.5 -51.5 -51.5 -51.5 -51.5 -51.5 -51.0 -51.5 -51.0 -51.5 -52.5 -51.5 -51.5 -52.5 -52.0 -52.0 -52.5 -52.5 -52.5 -52.0 -52.0 -52.0 -52.0 -51.5 -52.0 -52.5 -52.5 -52.0 -53.0 -53.0 -53.0 -53.0 -53.0 -53.0 
2.086213871524472 2.061670178918302 2.061670178918302 2.061670178918302 2.098485717827557 2.0800779483729293 2.1046216409791 2.086213871524472 2.098485717827557 2.1230294104337273 2.0923497946760143 2.116893487282185 2.1475731030398975 2.110757564130642 2.1659808724945253 2.1353012567368124 2.141437179888355 2.1475731030398975 2.1782527187976104 2.141437179888355 5.230874486690037 2.0800779483729293 2.043262409463674 2.086213871524472 2.2212041808584084 2.2457478734645786 2.270291566070749 2.325514874434632 2.2948352586769194 2.2764274892222915 2.2518837966161214 2.2334760271614935 2.116893487282185 2.098485717827557 2.184388641949153 2.2089323345553233 2.2365439887372647 2.1782527187976104 2.282563412373834 2.313243028131547 2.2948352586769194 2.2948352586769194 2.2457478734645786 2.2089323345553233 
-50.5 -50.5 -50.5 -50.5 -50.5 -50.5 -50.5 -50.5 -50.5 -50.5 -50.5 -51.0 -51.0 -51.0 -51.0 -51.0 -51.0 -51.5 -50.5 -49.5 -51.5 -50.5 -50.5 -53.0 -53.0 -53.5 -54.0 -54.0 -54.5 -54.0 -53.5 -53.5 -52.0 -51.0 -51.0 -51.5 -53.0 -53.0 -52.0 -52.0 -53.0 -53.5 -54.5 -55.5 
2.1782527187976104 2.1905245651006955 2.1782527187976104 2.116893487282185 2.172116795646068 2.2027964114037806 2.1598449493429825 2.1598449493429825 2.1782527187976104 2.2089323345553233 2.1966604882522383 2.184388641949153 2.1905245651006955 2.2457478734645786 2.2580197197676637 2.184388641949153 2.282563412373834 2.2150682577068657 2.282563412373834 2.325514874434632 5.451767720145568 2.1598449493429825 2.2641556429192065 2.313243028131547 2.380738182798515 2.325514874434632 2.356194490192345 2.3316507975861747 2.337786720737717 2.3623304133438876 2.356194490192345 2.356194490192345 2.270291566070749 2.325514874434632 2.141437179888355 2.2457478734645786 5.516194913236766 2.2641556429192065 2.350058567040802 2.356194490192345 2.2948352586769194 2.2764274892222915 2.3071071049800045 2.2580197197676637 
-52.5 -53.0 -53.0 -52.5 -53.0 -53.0 -53.0 -53.0 -52.5 -53.0 -52.5 -52.5 -53.0 -53.0 -53.0 -53.0 -53.5 -54.0 -53.5 -54.0 -54.0 -53.0 -54.0 -54.0 -54.0 -53.5 -54.5 -54.5 -54.5 -54.5 -54.0 -54.5 -53.5 -54.0 -53.0 -53.0 -55.0 -55.5 -55.0 -55.0 -55.0 -55.0 -54.5 -54.5 
5.688000761479957 5.767767762450011 5.810719224510809 5.749359992995383 5.730952223540755 5.730952223540755 5.749359992995383 5.749359992995383 5.71868037723767 5.798447378207723 5.810719224510809 5.773903685601553 5.792311455056181 5.822991070813893 5.749359992995383 5.767767762450011 5.749359992995383 5.749359992995383 5.767767762450011 5.706408530934585 5.595961914206819 5.565282298449106 5.8045833013592665 5.553010452146021 5.982525072754001 6.013204688511713 5.915029918087033 5.93343768754166 5.982525072754001 6.013204688511713 6.019340611663256 5.93343768754166 5.688000761479957 5.712544454086128 5.755495916146925 5.915029918087033 5.743224069843841 5.816855147662351 5.792311455056181 5.810719224510809 5.8475347634200645 5.859806609723149 5.896622148632405 5.927301764390117 
-60.0 -59.5 -59.5 -60.0 -60.0 -60.5 -59.5 -60.0 -59.5 -59.5 -60.0 -59.0 -59.0 -60.0 -60.0 -60.0 -60.0 -59.5 -59.0 -59.5 -61.5 -62.0 -60.0 -64.0 -61.0 -62.0 -61.0 -61.5 -61.0 -61.5 -61.5 -61.0 -62.5 -60.5 -60.0 -60.0 -61.5 -59.5 -58.5 -58.5 -58.5 -58.5 -59.5 -59.5 
6.111379458936394 6.160466844148735 6.209554229361076 6.154330920997192 6.080699843178682 6.0991076126333095 6.111379458936394 6.135923151542564 6.025476534814799 0.2699806186678728 6.1420590746941075 6.166602767300278 6.031612457966341 6.14819499784565 6.12365130523948 6.22182607566416 6.086835766330224 6.135923151542564 6.270913460876501 6.209554229361076 6.0469522658451975 5.8475347634200645 6.025476534814799 0.0674951546669682 6.252505691421874 6.252505691421874 6.111379458936394 6.1850105367549055 6.086835766330224 6.031612457966341 0.07363107781851078 0.07976700097005335 6.178874613603362 6.0991076126333095 6.000932842208628 5.890486225480862 6.22182607566416 0.19634954084936207 0.04295146206079795 5.921165841238575 5.988660995905543 6.111379458936394 6.019340611663256 
-63.5 -63.5 -63.5 -64.0 -64.0 -64.0 -64.0 -63.0 -63.5 -63.0 -64.0 -63.5 -64.5 -64.0 -63.5 -64.5 -65.0 -64.5 -64.5 -63.5 -62.5 -62.0 -62.0 -65.5 -63.5 -65.0 -65.5 -65.0 -65.0 -64.5 -64.5 -64.5 -65.0 -62.0 -64.0 -60.5 -63.5 -64.0 -65.0 -66.0 -65.5 -66.5 -68.0 
