5.841398840268521 5.890486225480862 5.915029918087033 5.8659425328746915 5.982525072754001 2.4605051837685683 5.93343768754166 5.915029918087033 5.970253226450915 2.9636508821950587 0.6810874698212247 5.3627968344482015 5.915029918087033 4.184699589352029 2.9329712664373457 2.5954954931025047 6.031612457966341 2.859340188618835 6.111379458936394 0.06135923151542565 3.141592653589793 5.534602682691394 5.473243451175968 5.743224069843841 
-73.0 -73.0 -73.5 -73.5 -73.0 -71.5 -73.5 -73.0 -73.5 -71.5 -76.5 -70.0 -65.5 -70.0 -71.0 -72.0 -72.5 -72.5 -72.5 -72.0 -68.0 -66.5 -67.0 -72.5 
1.9144080232812801 1.88986433067511 1.859184714917397 1.9082721001297376 1.8837284075235674 1.932815792735908 1.902136176978195 1.8775924843720249 1.9266798695843652 1.9696313316451632 1.8039614065535141 2.000310947402876 1.9512235621905356 1.9880391010997909 2.018718716857504 1.932815792735908 1.9696313316451632 2.086213871524472 2.1905245651006955 2.1230294104337273 2.098485717827557 2.086213871524472 2.2641556429192065 2.3193789512830896 2.1598449493429825 2.055534255766759 1.9082721001297376 1.9512235621905356 1.932815792735908 2.012582793705961 2.12916533358527 2.3746022596469727 2.4850488763747385 2.2764274892222915 2.2457478734645786 1.9880391010997909 2.018718716857504 2.0371264863121317 2.2886993355253766 2.1475731030398975 2.1230294104337273 2.030990563160589 1.8960002538266525 
-62.5 -63.0 -61.5 -63.0 -62.5 -62.5 -63.0 -63.0 -62.5 -63.0 -62.5 -62.5 -63.0 -62.5 -62.5 -62.5 -62.5 -62.5 -62.5 -62.0 -62.5 -65.0 -66.0 -65.0 -63.0 -61.5 -61.5 -62.0 -62.0 -61.5 -62.0 -63.0 -66.0 -65.5 -66.0 -64.0 -63.5 -62.5 -62.5 -62.5 -61.5 -61.5 -62.0 
1.0062913968529805 0.9633399347921826 1.0062913968529805 0.9878836273983529 1.012427320004523 1.000155473701438 1.086058397823034 1.0799224746714913 1.0615147052168636 1.0492428589137786 1.0676506283684062 1.012427320004523 1.0246991663076084 1.1106020904292042 1.0246991663076084 1.0921943209745766 1.0615147052168636 1.3192234775816514 1.3621749396424494 1.368310862793992 1.1535535524900022 1.0676506283684062 1.1780972450961724 1.3069516312785663 1.086058397823034 1.030835089459151 1.0921943209745766 1.0799224746714913 1.086058397823034 1.0983302441261191 1.086058397823034 1.239456476611598 1.3069516312785663 1.3008157081270237 1.2087768608538851 1.0921943209745766 1.1228739367322893 1.3069516312785663 1.380582709097077 1.3744467859455345 1.3560390164909069 1.1965050145508 1.012427320004523 
-58.0 -57.5 -57.5 -57.5 -57.0 -57.5 -57.0 -57.5 -57.5 -57.5 -57.5 -57.0 -57.5 -57.5 -57.0 -57.5 -57.5 -57.0 -57.0 -54.5 -53.0 -54.0 -56.0 -55.5 -55.5 -57.5 -58.0 -58.5 -58.5 -58.0 -57.0 -55.5 -55.5 -56.0 -56.0 -54.5 -53.5 -54.0 -56.0 -58.5 -59.5 -59.5 -59.5 
1.4173982480063325 1.4296700943094176 1.3437671701878218 1.380582709097077 1.423534171157875 1.3560390164909069 1.4173982480063325 1.3928545554001621 1.4296700943094176 1.4664856332186729 1.3867186322486196 1.3867186322486196 1.3867186322486196 1.3989904785517047 1.3867186322486196 1.3989904785517047 1.423534171157875 1.4419419406125027 1.4726215563702154 1.4358060174609601 1.4419419406125027 1.4480778637640452 1.4480778637640452 1.4603497100671303 1.5585244804918115 1.3867186322486196 1.3437671701878218 1.3621749396424494 1.3314953238847365 1.4051264017032472 1.4910293258248433 1.5278448647340985 1.4603497100671303 1.41126232485479 1.4726215563702154 1.4173982480063325 1.4358060174609601 1.380582709097077 1.4848934026733007 1.4296700943094176 1.3928545554001621 1.3437671701878218 1.368310862793992 
-52.5 -52.5 -52.5 -52.5 -52.5 -52.5 -52.5 -52.0 -52.0 -52.5 -52.0 -52.5 -52.0 -52.5 -52.0 -52.5 -52.0 -52.0 -52.0 -52.5 -52.5 -52.0 -52.0 -52.5 -53.0 -52.5 -52.5 -52.5 -53.0 -52.5 -52.5 -53.0 -52.5 -51.5 -52.0 -52.5 -53.0 -53.0 -52.5 -52.5 -52.5 -52.5 -52.5 
2.2212041808584084 2.1966604882522383 2.2089323345553233 2.2396119503130363 2.2089323345553233 2.227340104009951 2.184388641949153 2.2457478734645786 2.2396119503130363 2.282563412373834 2.2212041808584084 2.2150682577068657 2.2150682577068657 2.2027964114037806 2.2212041808584084 2.2150682577068657 2.227340104009951 2.2396119503130363 2.2886993355253766 2.1905245651006955 2.12916533358527 2.227340104009951 2.227340104009951 2.116893487282185 2.2764274892222915 2.3193789512830896 2.313243028131547 2.3439226438892597 2.356194490192345 2.325514874434632 2.325514874434632 2.2764274892222915 2.067806102069844 2.12916533358527 2.172116795646068 2.282563412373834 2.2764274892222915 2.2089323345553233 2.2457478734645786 2.227340104009951 2.313243028131547 2.325514874434632 2.2948352586769194 
-54.0 -53.5 -54.0 -53.5 -53.5 -53.5 -53.5 -53.5 -53.0 -53.0 -53.5 -53.5 -53.5 -53.5 -53.5 -53.5 -53.5 -52.5 -51.5 -51.5 -53.0 -52.0 -52.0 -53.5 -56.0 -56.0 -57.0 -57.5 -57.5 -57.0 -55.5 -55.5 -54.0 -52.0 -51.5 -53.0 -54.0 -54.0 -53.0 -53.5 -53.5 -54.5 -55.0 
2.270291566070749 2.2948352586769194 2.184388641949153 2.2886993355253766 2.2334760271614935 2.2518837966161214 2.282563412373834 2.2641556429192065 2.282563412373834 2.270291566070749 2.2396119503130363 2.2886993355253766 2.2641556429192065 2.2764274892222915 2.2948352586769194 2.3009711818284617 2.2948352586769194 2.2886993355253766 2.3071071049800045 2.350058567040802 2.313243028131547 2.337786720737717 2.3746022596469727 2.380738182798515 2.399145952253143 2.386874105950058 2.356194490192345 2.3930100291016 2.36846633649543 2.380738182798515 2.429825568010856 2.399145952253143 2.3316507975861747 2.386874105950058 2.227340104009951 2.350058567040802 2.36846633649543 2.380738182798515 2.429825568010856 2.2948352586769194 2.2580197197676637 2.2457478734645786 2.2334760271614935 
-54.5 -54.5 -54.5 -54.5 -54.5 -54.5 -54.0 -54.0 -54.0 -54.5 -54.5 -54.0 -54.0 -54.5 -54.5 -54.0 -54.5 -54.0 -54.5 -54.5 -54.0 -54.0 -54.5 -54.5 -55.0 -55.0 -55.0 -55.5 -55.5 -55.0 -55.0 -55.5 -54.5 -54.5 -54.5 -53.5 -54.0 -56.0 -55.5 -55.5 -55.0 -55.0 -55.0 
5.8659425328746915 5.896622148632405 5.859806609723149 5.884350302329319 5.945709533844745 5.884350302329319 5.994796919057086 5.859806609723149 5.773903685601553 5.902758071783947 5.945709533844745 5.878214379177777 5.9088939949354895 5.859806609723149 5.878214379177777 5.8659425328746915 5.890486225480862 5.835262917116979 5.835262917116979 5.773903685601553 5.822991070813893 5.71868037723767 5.810719224510809 5.460971604872882 5.878214379177777 5.853670686571607 5.884350302329319 5.878214379177777 5.841398840268521 5.915029918087033 5.939573610693203 5.724816300389213 5.522330836388308 5.792311455056181 5.743224069843841 5.829126993965437 5.927301764390117 5.780039608753096 5.724816300389213 5.780039608753096 5.810719224510809 5.841398840268521 5.8045833013592665 
-59.5 -60.5 -60.0 -60.0 -60.5 -59.5 -60.5 -60.5 -60.0 -60.0 -60.5 -60.5 -60.0 -60.0 -60.5 -60.0 -60.0 -59.5 -59.0 -60.0 -60.5 -61.5 -61.5 -63.5 -61.0 -63.0 -63.0 -62.0 -63.0 -63.5 -62.0 -63.0 -63.5 -61.0 -61.0 -61.5 -62.0 -62.0 -61.0 -60.0 -59.0 -58.5 -60.5 
6.258641614573416 0.14112623248547898 0.15339807878856412 0.006135923151542565 0.11044661672776616 0.0859029241215959 0.06135923151542565 0.030679615757712823 6.191146459906448 0.05522330836388308 6.215690152512618 0.3313398501832985 0.018407769454627694 0.14112623248547898 6.209554229361076 0.1043106935762236 0.07363107781851078 6.252505691421874 6.240233845118788 0.11044661672776616 6.19728238305799 5.982525072754001 5.939573610693203 6.215690152512618 6.092971689481767 0.44178646691106466 6.252505691421874 0.15339807878856412 6.209554229361076 6.111379458936394 6.025476534814799 0.1902136176978195 6.166602767300278 6.227961998815704 5.8475347634200645 6.215690152512618 0.0674951546669682 3.06182565261974 6.252505691421874 6.031612457966341 5.9518454569962875 6.215690152512618 
-67.0 -68.5 -68.0 -69.0 -67.5 -67.5 -68.0 -67.0 -67.5 -67.0 -67.0 -67.0 -67.0 -67.5 -68.5 -68.0 -67.5 -67.0 -66.0 -67.0 -63.0 -62.5 -62.5 -65.0 -67.0 -66.0 -67.5 -67.5 -68.5 -68.5 -67.5 -65.0 -64.0 -64.5 -63.5 -62.5 -66.0 -68.5 -68.5 -68.0 -68.5 -72.5 
