2.4175537217077703 2.5770877236478773 2.3439226438892597 2.5464081078901644 2.4727770300716534 2.4911847995262812 5.71868037723767 3.3072625786814425 2.5341362615870793 2.5954954931025047 2.675262494072558 2.6323110320117604 2.816388726558037 2.6568547246179306 2.8961557275280905 3.0127382674073995 5.473243451175968 
-70.0 -71.0 -71.0 -70.5 -71.5 -71.5 -73.0 -69.0 -68.5 -69.0 -69.0 -69.0 -69.0 -70.0 -70.5 -69.5 -75.5 
1.9634954084936207 1.9512235621905356 1.9757672547967058 1.9757672547967058 1.932815792735908 2.012582793705961 1.8837284075235674 1.9389517158874505 2.0064468705544187 1.9696313316451632 1.9512235621905356 1.9634954084936207 1.9757672547967058 1.8653206380689396 2.018718716857504 1.9757672547967058 2.024854640009046 2.1046216409791 2.098485717827557 2.067806102069844 1.8346410223112268 1.9880391010997909 2.098485717827557 2.2027964114037806 2.2212041808584084 2.1046216409791 2.098485717827557 2.12916533358527 2.086213871524472 2.098485717827557 2.2334760271614935 2.1537090261914402 2.018718716857504 1.748738098189631 1.932815792735908 2.000310947402876 1.9512235621905356 2.073942025221387 1.932815792735908 1.7794177139473437 1.846912868614312 1.7732817907958012 1.7855536370988863 
-62.0 -62.0 -61.0 -61.5 -62.0 -61.0 -61.5 -62.0 -61.5 -62.0 -61.5 -62.0 -61.0 -62.0 -62.5 -62.0 -62.5 -61.5 -62.5 -60.5 -63.0 -64.0 -65.5 -63.5 -61.5 -60.5 -61.0 -61.0 -60.5 -62.0 -63.5 -65.0 -64.0 -62.5 -61.0 -61.0 -61.0 -61.0 -60.5 -61.5 -61.0 -61.0 -61.5 
0.6994952392758523 0.8835729338221293 0.8467573949128739 0.8283496254582462 0.9694758579437253 0.8835729338221293 0.7731263170943632 0.9142525495798421 0.9387962421860124 0.8344855486097889 0.9019807032767571 0.9142525495798421 0.7363107781851077 0.9878836273983529 0.9326603190344698 0.9203884727313847 1.043106935762236 1.2885438618239387 1.380582709097077 1.214912784005428 1.012427320004523 0.9694758579437253 1.239456476611598 1.0246991663076084 0.8774370106705868 0.7915340865489908 0.9019807032767571 0.8651651643675016 0.7547185476397354 0.9265243958829272 1.0615147052168636 1.184233168247715 1.012427320004523 0.9633399347921826 1.2026409377023426 1.4542137869155878 1.3069516312785663 1.086058397823034 0.9387962421860124 0.8467573949128739 0.8344855486097889 0.8344855486097889 0.8835729338221293 
-59.0 -58.5 -59.0 -59.0 -59.0 -59.0 -59.0 -58.5 -59.0 -59.0 -58.5 -58.5 -58.5 -58.5 -59.0 -58.5 -58.5 -59.0 -58.5 -54.5 -54.0 -56.5 -57.5 -57.5 -58.5 -59.5 -59.0 -59.0 -59.5 -57.5 -57.0 -58.5 -58.0 -55.0 -54.5 -57.0 -60.0 -60.0 -59.5 -59.5 -59.0 -59.0 -59.0 
1.3928545554001621 1.3437671701878218 1.325359400733194 1.3314953238847365 1.3867186322486196 1.2885438618239387 1.3744467859455345 1.3867186322486196 1.3744467859455345 1.3744467859455345 1.3928545554001621 1.3867186322486196 1.4051264017032472 1.337631247036279 1.3989904785517047 1.368310862793992 1.41126232485479 1.4480778637640452 1.3499030933393643 1.2946797849754812 1.3928545554001621 1.3928545554001621 1.3499030933393643 1.423534171157875 1.3192234775816514 1.2640001692177683 1.239456476611598 1.2762720155208536 1.3008157081270237 1.4173982480063325 1.3867186322486196 1.3314953238847365 1.3867186322486196 1.4173982480063325 1.3621749396424494 1.368310862793992 1.325359400733194 1.3499030933393643 1.3130875544301088 1.2701360923693108 1.2885438618239387 1.2946797849754812 1.3314953238847365 
-54.0 -54.0 -53.5 -54.0 -53.5 -53.5 -53.5 -53.5 -53.5 -53.5 -53.0 -53.5 -53.5 -53.5 -53.5 -53.5 -53.5 -53.0 -53.5 -53.5 -53.0 -52.5 -53.0 -53.5 -53.5 -53.0 -53.5 -53.0 -53.0 -53.5 -53.5 -52.5 -53.0 -54.0 -54.0 -54.0 -54.0 -53.5 -53.0 -53.0 -53.5 -53.5 -53.0 
2.429825568010856 2.429825568010856 2.386874105950058 2.337786720737717 2.423689644859313 2.3930100291016 2.3746022596469727 2.405281875404685 2.3746022596469727 2.386874105950058 2.350058567040802 2.386874105950058 2.411417798556228 2.3930100291016 2.3623304133438876 2.36846633649543 2.3746022596469727 2.3746022596469727 2.2334760271614935 2.116893487282185 2.350058567040802 2.227340104009951 2.1537090261914402 2.4850488763747385 2.466641106920111 2.521864415283994 2.552544031041707 2.5157284921324514 2.429825568010856 2.509592568980909 2.1537090261914402 2.0800779483729293 2.3193789512830896 2.3316507975861747 2.2580197197676637 2.2027964114037806 2.2334760271614935 2.313243028131547 2.2948352586769194 2.2518837966161214 2.1905245651006955 2.2334760271614935 2.2457478734645786 
-58.5 -58.0 -58.5 -58.0 -58.0 -57.5 -58.0 -57.0 -57.0 -57.5 -57.0 -57.0 -57.0 -56.5 -57.0 -56.5 -56.0 -55.0 -53.5 -54.5 -55.0 -54.0 -57.0 -60.0 -60.0 -61.5 -62.0 -62.5 -61.0 -60.5 -59.0 -55.0 -55.0 -56.5 -56.5 -54.5 -54.5 -55.0 -56.0 -56.0 -57.0 -57.0 -57.0 
2.2764274892222915 2.2948352586769194 2.2641556429192065 2.3071071049800045 2.3193789512830896 2.3071071049800045 2.313243028131547 2.3193789512830896 2.325514874434632 2.3316507975861747 2.3316507975861747 2.3623304133438876 2.3623304133438876 2.380738182798515 2.3439226438892597 2.3623304133438876 2.3316507975861747 2.337786720737717 2.356194490192345 2.356194490192345 2.380738182798515 2.399145952253143 2.423689644859313 2.399145952253143 2.4175537217077703 2.350058567040802 2.386874105950058 2.356194490192345 2.399145952253143 2.411417798556228 2.3746022596469727 2.442097414313941 2.350058567040802 2.435961491162398 2.399145952253143 2.405281875404685 2.313243028131547 2.2948352586769194 2.1905245651006955 2.2089323345553233 2.2150682577068657 2.1475731030398975 2.2212041808584084 
-56.0 -56.5 -56.0 -56.0 -56.5 -56.5 -56.0 -56.0 -56.0 -55.5 -56.0 -55.5 -55.5 -56.0 -55.5 -55.5 -55.5 -55.5 -56.0 -56.5 -55.5 -55.5 -56.0 -56.0 -57.0 -56.5 -57.0 -56.5 -56.5 -56.5 -56.5 -55.5 -55.5 -56.5 -57.0 -57.0 -57.0 -56.5 -55.0 -55.0 -55.5 -55.5 -55.5 
5.749359992995383 5.810719224510809 5.681864838328415 5.7616318392984684 5.743224069843841 5.675728915176872 5.767767762450011 5.780039608753096 5.773903685601553 5.71868037723767 5.743224069843841 5.71868037723767 5.786175531904639 5.8045833013592665 5.773903685601553 5.822991070813893 5.749359992995383 5.608233760509904 5.737088146692298 5.816855147662351 5.7616318392984684 5.681864838328415 5.460971604872882 5.724816300389213 5.632777453116074 5.595961914206819 5.608233760509904 5.626641529964532 5.780039608753096 5.737088146692298 5.565282298449106 5.632777453116074 5.66959299202533 5.792311455056181 5.5284667595398505 5.5714182216006485 5.743224069843841 5.706408530934585 5.786175531904639 5.737088146692298 5.724816300389213 5.724816300389213 5.663457068873787 
-61.0 -61.0 -61.0 -61.0 -61.0 -61.0 -60.0 -61.0 -61.0 -60.5 -60.5 -61.0 -61.0 -60.5 -61.0 -60.5 -60.5 -58.5 -59.0 -60.5 -62.0 -62.0 -63.0 -62.0 -62.5 -63.0 -62.5 -62.5 -63.0 -62.0 -64.0 -62.0 -61.0 -63.0 -61.0 -60.5 -59.5 -59.5 -60.5 -61.0 -61.0 -61.5 -61.5 
6.025476534814799 6.043884304269426 6.14819499784565 6.215690152512618 0.23316507975861744 6.277049384028044 0.03681553890925539 6.227961998815704 6.17273869045182 0.1718058482431918 5.976389149602458 0.8160777791551611 6.160466844148735 5.822991070813893 5.890486225480862 5.737088146692298 6.043884304269426 0.30679615757712825 6.252505691421874 5.896622148632405 6.050020227420969 0.018407769454627694 5.964117303299373 5.8659425328746915 5.853670686571607 
-75.5 -75.0 -72.5 -74.5 -71.5 -73.5 -73.0 -71.0 -67.0 -67.5 -71.5 -71.0 -70.5 -71.0 -70.5 -70.5 -68.5 -70.0 -74.5 -66.0 -70.5 -67.0 -69.0 -73.0 -73.5 
