6.17273869045182 6.135923151542564 6.111379458936394 4.804427827657828 5.307573526084319 4.700117134081604 3.147728576741336 3.141592653589793 2.6998061866787286 2.9145634969827183 2.748893571891069 2.84706834231575 2.890019804376548 2.8961557275280905 2.6875343403756435 3.0372819600135696 3.3747577333484107 5.982525072754001 5.792311455056181 5.737088146692298 5.681864838328415 
-77.0 -76.5 -76.5 -77.0 -68.0 -71.0 -69.5 -69.5 -69.5 -71.0 -71.5 -69.5 -71.5 -72.5 -71.5 -71.0 -70.5 -68.5 -73.0 -74.5 -74.0 
1.8162332528565992 1.8285050991596843 1.846912868614312 4.997709406931419 1.8223691760081417 1.8223691760081417 1.9205439464328227 1.8530487917658545 1.859184714917397 5.040660868992217 1.8407769454627694 1.9512235621905356 1.9144080232812801 1.7978254834019713 1.718058482431918 2.0800779483729293 1.859184714917397 1.748738098189631 2.073942025221387 2.2212041808584084 2.018718716857504 2.1353012567368124 2.0800779483729293 2.012582793705961 2.0493983326152168 2.067806102069844 2.1046216409791 2.073942025221387 1.9389517158874505 1.8100973297050567 2.012582793705961 2.2641556429192065 2.2212041808584084 1.9512235621905356 1.9082721001297376 1.8775924843720249 1.902136176978195 1.902136176978195 1.902136176978195 1.859184714917397 1.7916895602504288 1.8960002538266525 
-62.5 -62.0 -62.0 -63.0 -62.5 -62.5 -62.5 -63.5 -62.5 -63.5 -62.5 -62.5 -63.0 -62.5 -62.0 -62.0 -61.0 -65.0 -65.0 -65.5 -64.5 -61.5 -61.5 -61.0 -60.5 -61.5 -63.5 -66.0 -65.0 -62.5 -61.0 -62.5 -62.0 -62.0 -61.0 -61.0 -61.0 -61.5 -62.0 -62.0 -61.5 -61.5 
0.9510680884890975 1.030835089459151 0.9756117810952678 0.9970875121256667 0.9878836273983529 0.9633399347921826 0.9940195505498954 0.9878836273983529 0.9265243958829272 0.9694758579437253 0.944932165337555 0.9387962421860124 0.9633399347921826 1.012427320004523 1.214912784005428 1.3560390164909069 1.2578642460662257 1.043106935762236 1.0799224746714913 1.214912784005428 1.1044661672776617 0.9756117810952678 1.1167380135807468 1.030835089459151 0.9878836273983529 0.944932165337555 1.0246991663076084 1.2026409377023426 1.0737865515199487 0.9633399347921826 1.227184630308513 1.227184630308513 1.2885438618239387 1.1780972450961724 0.8283496254582462 0.9203884727313847 0.8713010875190442 0.9081166264282996 0.9817477042468103 0.8897088569736719 0.8835729338221293 0.9510680884890975 
-58.5 -58.0 -58.5 -58.5 -57.5 -57.5 -58.0 -58.0 -58.0 -58.5 -58.0 -58.0 -58.5 -58.5 -58.0 -58.0 -55.0 -54.5 -57.0 -57.0 -57.0 -58.5 -59.0 -59.0 -59.0 -58.5 -57.5 -58.0 -57.5 -55.0 -54.5 -58.0 -59.5 -59.5 -59.5 -59.0 -59.0 -58.0 -58.5 -58.5 -58.5 -58.5 
1.3314953238847365 1.337631247036279 1.3437671701878218 1.3775147475213059 1.3744467859455345 1.368310862793992 1.3499030933393643 1.3437671701878218 1.3621749396424494 4.552854978444583 1.41126232485479 1.380582709097077 1.3499030933393643 1.3560390164909069 1.3744467859455345 1.3499030933393643 1.3437671701878218 1.423534171157875 1.3499030933393643 1.41126232485479 1.4603497100671303 1.4419419406125027 1.380582709097077 1.3499030933393643 1.3744467859455345 1.368310862793992 1.4664856332186729 1.380582709097077 1.4480778637640452 1.4419419406125027 1.3437671701878218 1.380582709097077 1.4358060174609601 1.4480778637640452 1.423534171157875 1.3314953238847365 1.3437671701878218 1.3621749396424494 1.4051264017032472 1.380582709097077 1.3621749396424494 1.380582709097077 
-52.5 -52.5 -52.5 -53.0 -52.5 -52.5 -52.5 -52.5 -52.5 -52.5 -52.0 -52.5 -52.0 -52.5 -52.5 -53.0 -54.0 -53.0 -52.5 -53.0 -53.5 -53.0 -53.0 -53.0 -53.0 -52.5 -53.5 -53.0 -52.5 -53.5 -53.0 -53.0 -53.5 -53.0 -53.5 -53.5 -53.5 -53.0 -53.0 -53.0 -53.0 -53.5 
2.2027964114037806 2.2334760271614935 2.1966604882522383 2.2794954507980627 2.2089323345553233 2.1966604882522383 2.227340104009951 2.1966604882522383 2.2518837966161214 5.411884219660542 2.2212041808584084 2.2334760271614935 2.2150682577068657 2.2518837966161214 2.270291566070749 2.227340104009951 2.1230294104337273 2.2334760271614935 2.1966604882522383 2.1537090261914402 2.3746022596469727 2.3193789512830896 2.3009711818284617 2.337786720737717 2.282563412373834 2.3193789512830896 2.4605051837685683 2.098485717827557 2.1475731030398975 2.270291566070749 2.227340104009951 2.2334760271614935 2.3623304133438876 2.337786720737717 2.2212041808584084 2.1046216409791 2.1905245651006955 2.2212041808584084 2.2457478734645786 2.2886993355253766 2.2457478734645786 2.2580197197676637 
-55.0 -55.0 -54.5 -54.5 -54.5 -53.5 -54.0 -54.0 -54.0 -54.5 -54.5 -54.5 -55.0 -54.5 -54.5 -53.0 -53.5 -54.5 -53.5 -55.0 -58.0 -57.5 -58.0 -58.0 -59.0 -58.5 -59.0 -55.5 -54.5 -55.0 -55.5 -54.0 -54.0 -54.5 -55.5 -56.5 -56.5 -55.5 -55.5 -55.5 -56.0 -56.5 
2.2580197197676637 2.227340104009951 2.2641556429192065 5.439495873842484 2.227340104009951 2.270291566070749 2.282563412373834 2.2886993355253766 2.2641556429192065 2.282563412373834 2.282563412373834 2.2580197197676637 2.227340104009951 2.2396119503130363 2.270291566070749 2.36846633649543 2.313243028131547 2.337786720737717 2.429825568010856 2.36846633649543 2.435961491162398 2.3623304133438876 2.3746022596469727 2.380738182798515 2.3623304133438876 2.3930100291016 2.429825568010856 2.448233337465483 2.325514874434632 2.4605051837685683 2.350058567040802 2.3316507975861747 2.2948352586769194 2.2948352586769194 2.2764274892222915 2.2641556429192065 2.2518837966161214 2.2641556429192065 2.2580197197676637 2.2334760271614935 2.2580197197676637 2.2027964114037806 
-55.0 -54.5 -54.5 -54.5 -54.5 -54.5 -54.5 -54.5 -54.0 -54.5 -54.5 -54.5 -54.5 -55.0 -55.0 -56.5 -55.5 -55.0 -55.5 -56.0 -55.0 -55.5 -55.5 -55.5 -56.0 -55.5 -56.0 -56.0 -56.0 -55.0 -56.0 -56.0 -55.0 -55.5 -55.0 -55.5 -55.5 -55.5 -54.5 -54.5 -55.5 -55.5 
5.816855147662351 5.767767762450011 5.8659425328746915 5.819923109238123 5.945709533844745 6.007068765360171 5.8659425328746915 6.043884304269426 5.8475347634200645 5.970253226450915 5.927301764390117 5.878214379177777 5.841398840268521 5.786175531904639 5.822991070813893 5.921165841238575 5.663457068873787 5.663457068873787 5.393476450205914 6.019340611663256 5.638913376267617 5.8475347634200645 5.93343768754166 5.786175531904639 5.71868037723767 5.921165841238575 5.577554144752192 5.724816300389213 5.829126993965437 5.743224069843841 5.798447378207723 5.712544454086128 5.829126993965437 5.816855147662351 5.724816300389213 5.810719224510809 5.921165841238575 5.8045833013592665 5.773903685601553 5.8475347634200645 5.786175531904639 
-61.5 -61.0 -62.0 -62.5 -61.5 -62.0 -61.5 -61.5 -62.5 -62.0 -61.0 -61.5 -61.5 -60.0 -60.0 -61.5 -62.0 -61.5 -65.0 -61.0 -63.0 -62.5 -63.0 -63.0 -63.0 -62.0 -62.5 -61.0 -61.5 -61.0 -60.0 -59.5 -59.0 -60.0 -61.0 -60.5 -60.0 -60.5 -60.5 -60.0 -61.0 
0.18407769454627693 0.32520392703175593 6.22182607566416 0.09817477042468103 0.20248546400090464 0.30679615757712825 0.1902136176978195 0.28225246497095796 0.14726215563702155 0.03681553890925539 0.5706408530934585 6.050020227420969 0.19634954084936207 3.1661363461959633 6.22182607566416 0.0 0.1349903093339364 0.380427235395639 0.0674951546669682 5.939573610693203 6.12365130523948 6.117515382087937 0.1718058482431918 0.4295146206079795 5.859806609723149 0.07976700097005335 0.006135923151542565 0.30679615757712825 0.02454369260617026 6.068427996875596 6.025476534814799 5.945709533844745 6.019340611663256 5.853670686571607 
-70.0 -66.5 -67.0 -67.5 -67.0 -66.5 -69.0 -68.0 -70.5 -69.0 -69.0 -69.5 -67.0 -67.0 -66.0 -66.5 -69.0 -68.0 -67.5 -68.5 -68.5 -69.5 -68.0 -69.0 -69.5 -68.5 -65.5 -67.5 -69.0 -68.0 -68.5 -69.5 -69.0 -71.5 
