0.14726215563702155 0.1595340019401067 0.14112623248547898 6.270913460876501 0.006135923151542565 0.06135923151542565 6.2034183062095325 0.09203884727313846 4.657165672020807 4.9823695990525625 4.681709364626977 3.5342917352885173 6.2034183062095325 2.988194574801229 3.08636934522591 2.890019804376548 2.8532042654672924 3.2581751934691017 3.5772431973493153 4.466952054322987 5.5284667595398505 5.700272607783043 2.6261751088602177 
-75.5 -74.5 -74.5 -74.0 -74.5 -74.0 -74.0 -74.0 -73.0 -67.5 -68.5 -68.5 -73.5 -72.0 -70.0 -69.0 -72.5 -69.0 -70.0 -70.5 -66.0 -71.5 -71.5 
1.9880391010997909 1.8285050991596843 1.859184714917397 1.9757672547967058 1.7119225592803755 1.9205439464328227 1.8714565612204823 1.8960002538266525 1.6812429435226628 1.9573594853420782 1.8714565612204823 1.7794177139473437 1.7426021750380885 1.761009944492716 1.9634954084936207 1.9696313316451632 2.018718716857504 2.012582793705961 1.9144080232812801 1.7978254834019713 2.1659808724945253 2.073942025221387 2.1046216409791 1.748738098189631 1.859184714917397 1.8960002538266525 1.9634954084936207 2.0371264863121317 1.8653206380689396 1.9512235621905356 1.8162332528565992 1.705786636128833 2.018718716857504 2.2457478734645786 2.1353012567368124 2.086213871524472 1.9389517158874505 1.9696313316451632 1.8837284075235674 1.8285050991596843 1.9757672547967058 1.9389517158874505 1.8960002538266525 
-63.0 -63.5 -62.5 -63.5 -62.0 -62.5 -63.0 -62.5 -62.5 -63.5 -63.5 -64.0 -63.0 -63.0 -62.5 -63.0 -62.5 -62.5 -64.5 -65.5 -67.0 -65.5 -63.5 -60.5 -61.0 -60.5 -61.0 -63.5 -65.0 -65.5 -65.0 -63.5 -62.0 -61.5 -62.0 -61.5 -61.5 -62.5 -61.5 -61.5 -62.0 -62.0 -62.0 
0.9878836273983529 0.944932165337555 1.0246991663076084 1.0676506283684062 0.944932165337555 0.9142525495798421 0.9633399347921826 1.000155473701438 0.9817477042468103 1.000155473701438 0.9633399347921826 1.012427320004523 0.9387962421860124 0.9694758579437253 0.9878836273983529 1.086058397823034 1.3867186322486196 1.4480778637640452 1.1228739367322893 1.0676506283684062 1.2885438618239387 1.2210487071569704 1.1167380135807468 1.0615147052168636 1.0921943209745766 1.086058397823034 1.0921943209745766 1.0492428589137786 1.239456476611598 1.1474176293384597 1.1658253987930873 0.9694758579437253 1.2640001692177683 1.380582709097077 1.2762720155208536 1.2455923997631406 1.1228739367322893 0.9756117810952678 0.9756117810952678 0.8713010875190442 0.9878836273983529 0.7915340865489908 0.9387962421860124 
-58.0 -58.0 -58.0 -57.5 -58.0 -57.5 -57.5 -57.5 -57.0 -57.5 -57.0 -57.0 -57.0 -57.0 -57.0 -57.0 -56.5 -55.5 -53.0 -54.5 -56.0 -55.5 -55.5 -56.5 -57.0 -57.5 -57.5 -56.5 -56.0 -57.0 -57.0 -55.0 -55.0 -57.5 -59.5 -60.5 -59.5 -59.5 -59.0 -59.0 -59.0 -59.0 -59.0 
1.3499030933393643 1.380582709097077 1.368310862793992 1.3744467859455345 1.3437671701878218 1.3744467859455345 1.3560390164909069 1.4051264017032472 1.368310862793992 1.368310862793992 1.3744467859455345 1.4419419406125027 1.380582709097077 1.380582709097077 1.368310862793992 1.3928545554001621 1.4603497100671303 1.4358060174609601 1.4296700943094176 1.3621749396424494 1.3989904785517047 1.4848934026733007 1.5155730184310134 1.4358060174609601 1.3989904785517047 1.3928545554001621 1.4051264017032472 1.4971652489763858 1.4603497100671303 1.3928545554001621 1.4419419406125027 1.3928545554001621 1.3437671701878218 1.4480778637640452 1.3928545554001621 1.3928545554001621 1.3744467859455345 1.3560390164909069 1.3499030933393643 1.3314953238847365 1.3928545554001621 1.3008157081270237 1.3499030933393643 
-52.5 -52.5 -52.5 -52.5 -52.5 -52.5 -52.5 -52.5 -52.0 -52.0 -52.0 -52.0 -52.0 -52.0 -52.0 -52.0 -52.0 -52.5 -53.0 -52.0 -52.0 -52.5 -53.0 -52.5 -52.5 -52.5 -52.5 -53.0 -53.0 -52.0 -52.5 -53.0 -53.5 -53.5 -53.5 -53.5 -53.5 -53.5 -53.5 -53.5 -54.0 -53.5 -53.5 
2.2641556429192065 2.313243028131547 2.2457478734645786 2.2027964114037806 2.2457478734645786 2.2334760271614935 2.2334760271614935 2.2212041808584084 2.2334760271614935 2.2212041808584084 2.2334760271614935 2.2518837966161214 2.313243028131547 2.2334760271614935 2.1966604882522383 2.1966604882522383 2.227340104009951 2.172116795646068 2.172116795646068 2.1659808724945253 2.0923497946760143 2.110757564130642 2.3071071049800045 2.2150682577068657 2.2641556429192065 2.2396119503130363 2.2457478734645786 2.3071071049800045 2.1966604882522383 2.0923497946760143 2.1966604882522383 2.2027964114037806 2.1905245651006955 2.3746022596469727 2.282563412373834 2.350058567040802 2.3071071049800045 2.313243028131547 2.2580197197676637 2.3193789512830896 2.2580197197676637 2.2457478734645786 2.227340104009951 
-54.5 -54.5 -54.5 -53.5 -54.0 -54.0 -54.0 -54.0 -54.0 -54.0 -54.0 -53.5 -54.0 -54.0 -54.0 -53.5 -52.0 -51.5 -52.0 -52.0 -52.0 -55.5 -54.5 -55.0 -54.5 -54.5 -55.0 -56.0 -56.0 -54.0 -53.5 -54.5 -54.5 -53.0 -53.5 -54.0 -55.5 -56.5 -57.0 -57.0 -56.5 -57.0 -57.0 
2.3009711818284617 2.313243028131547 2.2641556429192065 2.2641556429192065 2.2641556429192065 2.2580197197676637 2.2212041808584084 2.325514874434632 2.2580197197676637 2.2886993355253766 2.2641556429192065 2.2641556429192065 2.2457478734645786 2.2457478734645786 2.2457478734645786 2.2886993355253766 2.325514874434632 2.36846633649543 2.399145952253143 2.2641556429192065 2.3071071049800045 2.380738182798515 2.405281875404685 2.3623304133438876 2.3193789512830896 2.356194490192345 2.405281875404685 2.405281875404685 2.3746022596469727 2.356194490192345 2.3071071049800045 2.411417798556228 2.380738182798515 2.3930100291016 2.282563412373834 2.2580197197676637 2.2518837966161214 2.2027964114037806 2.227340104009951 2.2457478734645786 2.2641556429192065 2.2089323345553233 2.2150682577068657 
-55.0 -55.0 -55.0 -55.0 -54.5 -55.0 -54.5 -54.5 -54.5 -54.5 -54.0 -54.0 -54.0 -54.5 -54.0 -54.5 -54.0 -55.0 -54.5 -54.5 -55.0 -54.5 -54.5 -54.5 -54.5 -54.0 -54.5 -55.0 -55.0 -55.5 -55.0 -55.0 -56.5 -56.5 -56.5 -56.0 -55.5 -55.5 -56.0 -55.5 -55.5 -55.5 -56.0 
5.816855147662351 5.902758071783947 5.810719224510809 5.853670686571607 5.755495916146925 5.835262917116979 5.835262917116979 5.798447378207723 5.786175531904639 5.7616318392984684 5.841398840268521 5.8045833013592665 5.841398840268521 5.915029918087033 5.7616318392984684 5.8659425328746915 5.755495916146925 5.767767762450011 5.798447378207723 5.675728915176872 5.853670686571607 5.577554144752192 5.945709533844745 5.890486225480862 5.8659425328746915 5.9088939949354895 5.786175531904639 5.896622148632405 5.632777453116074 5.66959299202533 5.712544454086128 5.8045833013592665 5.743224069843841 5.516194913236766 5.810719224510809 5.822991070813893 5.859806609723149 5.7616318392984684 5.66959299202533 5.700272607783043 5.688000761479957 5.737088146692298 5.835262917116979 
-62.0 -62.0 -62.0 -61.5 -61.5 -61.5 -61.5 -61.5 -61.0 -61.5 -61.0 -61.5 -62.0 -62.0 -62.0 -61.5 -59.5 -60.0 -61.0 -62.5 -61.0 -64.5 -61.0 -63.0 -63.0 -63.0 -62.5 -62.0 -64.0 -62.0 -61.5 -62.0 -61.0 -60.0 -59.5 -59.5 -60.5 -60.0 -61.0 -61.0 -60.5 -61.0 -60.5 
0.23930100291016002 0.42337869745643697 0.18407769454627693 0.1718058482431918 0.2086213871524472 6.270913460876501 0.11658253987930872 0.04908738521234052 0.34974761963792617 0.1349903093339364 0.05522330836388308 0.04295146206079795 0.1043106935762236 0.16566992509164924 0.09203884727313846 0.06135923151542565 6.17273869045182 6.270913460876501 6.22182607566416 6.117515382087937 6.117515382087937 6.105243535784852 0.12885438618239387 6.160466844148735 6.166602767300278 6.1850105367549055 6.043884304269426 0.20248546400090464 6.013204688511713 6.062292073724054 5.988660995905543 6.240233845118788 6.234097921967246 6.215690152512618 6.215690152512618 6.154330920997192 2.8777479580734626 6.000932842208628 5.93343768754166 
-70.0 -70.5 -68.0 -70.0 -70.0 -68.5 -67.5 -68.5 -67.5 -68.0 -68.0 -68.0 -68.0 -67.5 -67.5 -67.0 -66.0 -65.0 -63.5 -66.0 -64.0 -68.0 -65.5 -66.0 -65.0 -67.0 -66.5 -67.5 -69.0 -66.5 -67.5 -65.0 -68.5 -68.0 -70.0 -69.5 -73.0 -70.5 -71.0 
