2.5954954931025047 5.773903685601553 5.706408530934585 5.786175531904639 5.283029833478148 2.9391071895888885 2.6384469551633027 2.6875343403756435 2.84706834231575 2.9268353432858034 2.675262494072558 2.8409324191642074 3.2397674240144743 3.1231848841351653 3.816544200259475 5.66959299202533 5.3627968344482015 5.71868037723767 2.386874105950058 5.700272607783043 5.700272607783043 
-71.5 -73.0 -72.5 -72.5 -70.5 -67.5 -68.0 -70.5 -70.0 -69.5 -69.5 -70.0 -70.5 -69.5 -71.0 -71.5 -78.5 -73.0 -69.0 -70.5 -71.5 
1.902136176978195 1.6996507129772904 1.8346410223112268 1.8346410223112268 1.7978254834019713 1.8346410223112268 1.859184714917397 1.88986433067511 1.8346410223112268 1.8223691760081417 1.846912868614312 1.8837284075235674 1.7978254834019713 1.8407769454627694 1.8285050991596843 1.8039614065535141 2.043262409463674 2.1598449493429825 2.172116795646068 1.9512235621905356 2.1475731030398975 2.1782527187976104 2.1475731030398975 1.9880391010997909 2.043262409463674 1.9941750242513334 1.9941750242513334 2.2518837966161214 2.086213871524472 2.067806102069844 1.705786636128833 1.7732817907958012 2.1353012567368124 2.270291566070749 2.0923497946760143 2.1046216409791 2.030990563160589 1.8960002538266525 1.9266798695843652 1.8837284075235674 2.043262409463674 1.846912868614312 
-63.0 -62.5 -62.5 -62.5 -62.5 -63.0 -63.0 -62.0 -63.0 -63.0 -63.0 -63.5 -63.5 -63.0 -64.0 -63.0 -62.5 -63.0 -63.0 -65.0 -65.0 -64.0 -62.5 -61.0 -61.0 -60.5 -61.0 -64.0 -65.5 -65.0 -63.0 -62.5 -62.5 -62.5 -63.0 -62.0 -61.5 -63.0 -62.0 -62.0 -62.5 -62.0 
0.8835729338221293 0.8160777791551611 0.8283496254582462 0.8897088569736719 0.8651651643675016 0.8774370106705868 0.8283496254582462 0.7976700097005334 0.8283496254582462 0.6933593161243098 0.7547185476397354 0.8528933180644165 0.8283496254582462 0.8897088569736719 0.8651651643675016 0.8713010875190442 1.0246991663076084 1.3437671701878218 1.337631247036279 1.2087768608538851 0.9387962421860124 0.9817477042468103 1.1719613219446299 0.9265243958829272 0.9572040116406401 0.9142525495798421 0.944932165337555 0.9878836273983529 0.9265243958829272 1.043106935762236 1.227184630308513 1.0921943209745766 1.012427320004523 1.1044661672776617 1.2885438618239387 1.337631247036279 1.1474176293384597 0.9940195505498954 0.9694758579437253 0.7915340865489908 0.7792622402459057 0.7363107781851077 0.6872233929727672 0.7301748550335652 
-58.0 -58.5 -58.5 -58.0 -58.0 -58.5 -58.0 -58.5 -58.5 -58.0 -58.5 -58.0 -58.0 -58.5 -58.5 -57.5 -58.0 -59.5 -58.0 -54.5 -55.0 -57.0 -57.0 -57.0 -57.0 -58.5 -58.5 -59.0 -58.5 -57.0 -57.5 -57.5 -55.5 -54.0 -55.0 -57.5 -59.5 -60.5 -60.0 -59.5 -59.0 -59.0 -59.0 -59.0 
1.3437671701878218 1.3928545554001621 1.3499030933393643 1.368310862793992 1.3499030933393643 1.3314953238847365 1.3069516312785663 1.3314953238847365 1.325359400733194 1.3130875544301088 1.3437671701878218 1.3192234775816514 1.3314953238847365 1.3314953238847365 1.3744467859455345 1.2701360923693108 1.41126232485479 1.4787574795217582 1.3499030933393643 1.2946797849754812 1.3560390164909069 1.3560390164909069 1.3867186322486196 1.4173982480063325 1.423534171157875 1.3192234775816514 1.2885438618239387 1.2701360923693108 1.3314953238847365 1.4542137869155878 1.368310862793992 1.4296700943094176 1.3621749396424494 1.325359400733194 1.337631247036279 1.368310862793992 1.337631247036279 1.3560390164909069 1.3499030933393643 1.3314953238847365 1.2946797849754812 1.3069516312785663 1.325359400733194 1.2946797849754812 
-53.5 -53.0 -53.5 -53.5 -53.0 -53.5 -53.0 -53.0 -53.0 -53.0 -53.0 -53.5 -53.5 -53.0 -53.0 -53.0 -53.0 -53.5 -53.0 -53.5 -52.5 -52.5 -52.5 -53.0 -53.5 -53.0 -53.0 -53.0 -53.0 -53.5 -52.5 -52.5 -52.5 -53.5 -53.5 -53.5 -53.5 -53.5 -53.5 -54.0 -54.0 -54.0 -54.0 -54.0 
2.2641556429192065 2.270291566070749 2.2457478734645786 2.2212041808584084 2.2948352586769194 2.2948352586769194 2.3009711818284617 2.2027964114037806 2.2641556429192065 2.2948352586769194 2.2948352586769194 2.2027964114037806 2.172116795646068 2.2396119503130363 2.1966604882522383 2.2334760271614935 2.2457478734645786 2.3193789512830896 2.2334760271614935 2.12916533358527 2.3009711818284617 2.2334760271614935 2.141437179888355 2.386874105950058 2.399145952253143 2.3439226438892597 2.3623304133438876 2.3746022596469727 2.448233337465483 2.380738182798515 2.1537090261914402 2.2580197197676637 2.282563412373834 2.2518837966161214 2.2150682577068657 2.3316507975861747 2.3746022596469727 2.36846633649543 2.399145952253143 2.405281875404685 2.325514874434632 2.2948352586769194 2.411417798556228 2.3746022596469727 
-56.0 -56.0 -56.0 -56.0 -56.5 -56.5 -56.0 -56.0 -56.0 -56.0 -56.0 -56.5 -56.5 -56.0 -56.0 -56.0 -55.5 -53.5 -53.0 -54.0 -54.5 -53.5 -55.5 -59.0 -58.5 -59.5 -59.5 -60.0 -59.0 -59.0 -54.5 -53.5 -54.5 -56.0 -55.0 -54.0 -54.5 -55.5 -56.5 -58.0 -60.0 -59.5 -59.0 -59.0 
2.2212041808584084 2.282563412373834 2.227340104009951 2.282563412373834 2.270291566070749 2.2396119503130363 2.2641556429192065 2.282563412373834 2.2027964114037806 2.2212041808584084 2.1966604882522383 2.282563412373834 2.2518837966161214 2.2518837966161214 2.227340104009951 2.184388641949153 2.2641556429192065 2.313243028131547 2.405281875404685 2.2518837966161214 2.36846633649543 2.442097414313941 2.4175537217077703 2.454369260617026 2.405281875404685 2.3746022596469727 2.337786720737717 2.3746022596469727 2.356194490192345 2.405281875404685 2.411417798556228 2.3746022596469727 2.3623304133438876 2.454369260617026 2.3193789512830896 2.2948352586769194 2.2334760271614935 2.2212041808584084 2.2027964114037806 2.184388641949153 2.2396119503130363 2.184388641949153 
-55.5 -55.5 -55.0 -55.0 -55.5 -55.0 -55.0 -55.5 -55.5 -55.0 -55.5 -55.5 -55.5 -55.5 -54.5 -55.0 -55.0 -55.5 -56.0 -55.5 -55.0 -55.0 -56.0 -56.0 -56.5 -55.5 -56.5 -56.0 -56.0 -55.5 -55.5 -55.5 -55.0 -56.5 -56.5 -57.0 -56.0 -56.0 -57.0 -56.5 -56.0 -56.5 
5.8475347634200645 5.902758071783947 6.007068765360171 5.675728915176872 5.730952223540755 5.792311455056181 5.878214379177777 5.8045833013592665 5.773903685601553 5.921165841238575 5.93343768754166 5.982525072754001 5.859806609723149 5.964117303299373 5.939573610693203 5.9088939949354895 5.822991070813893 5.822991070813893 5.816855147662351 5.964117303299373 5.71868037723767 5.7616318392984684 5.332117218690489 5.829126993965437 5.822991070813893 5.663457068873787 5.688000761479957 5.835262917116979 5.595961914206819 5.71868037723767 5.436427912266712 5.663457068873787 5.651185222570702 5.700272607783043 5.473243451175968 5.516194913236766 5.786175531904639 5.7616318392984684 5.8475347634200645 5.755495916146925 5.66959299202533 5.71868037723767 5.730952223540755 5.743224069843841 
-61.5 -62.0 -61.5 -61.0 -61.0 -61.5 -61.5 -61.5 -61.5 -61.0 -61.5 -61.0 -61.5 -61.5 -62.0 -61.0 -60.5 -59.5 -59.0 -61.0 -62.0 -61.0 -64.0 -62.5 -61.5 -63.5 -63.5 -63.5 -64.0 -63.0 -63.0 -61.0 -62.5 -62.0 -61.0 -60.5 -59.5 -59.5 -60.0 -61.5 -61.5 -61.5 -61.5 -61.5 
0.0674951546669682 0.23316507975861744 6.240233845118788 3.3195344249845276 0.28225246497095796 6.1850105367549055 0.0859029241215959 0.16566992509164924 0.01227184630308513 6.0991076126333095 0.06135923151542565 5.964117303299373 0.1043106935762236 6.166602767300278 2.84706834231575 2.742757648739526 0.11658253987930872 0.380427235395639 5.8045833013592665 6.166602767300278 5.822991070813893 0.15339807878856412 6.215690152512618 5.896622148632405 6.111379458936394 5.93343768754166 5.9088939949354895 5.786175531904639 2.705942109830271 
-72.0 -71.5 -71.0 -72.0 -71.5 -68.5 -68.0 -66.0 -66.0 -65.5 -65.5 -66.0 -70.0 -68.5 -71.0 -71.0 -69.0 -71.0 -67.0 -67.5 -65.5 -67.0 -66.5 -66.5 -69.0 -70.0 -67.5 -74.0 -74.0 
