2.7979809571034093 3.0127382674073995 2.761165418194154 2.8777479580734626 2.8838838812250054 2.6813984172241008 2.730485802436441 2.6016314162540475 2.6445828783148455 2.6261751088602177 2.564815877344792 2.6445828783148455 2.6261751088602177 2.779573187648782 5.93343768754166 2.742757648739526 2.7120780329818137 0.14112623248547898 0.4479223900626072 3.522019888985432 3.5342917352885173 3.761320891895592 3.472932503773092 3.3379421944391554 3.2765829629237295 3.442252888015379 3.4177091954092087 3.141592653589793 3.4177091954092087 0.07363107781851078 3.0802334220743677 0.0 3.1231848841351653 3.2090878082567613 3.3318062712876126 2.9943304979527716 2.8777479580734626 2.730485802436441 2.9268353432858034 2.761165418194154 2.773437264497239 2.724349879284899 2.9084275738311756 2.9084275738311756 
-62.0 -62.0 -62.0 -61.5 -62.0 -62.0 -62.0 -62.5 -63.0 -61.5 -62.5 -62.5 -62.0 -62.0 -63.0 -62.5 -62.5 -64.0 -62.0 -62.5 -64.0 -63.0 -62.0 -61.5 -62.0 -64.5 -63.5 -62.5 -63.0 -66.5 -64.5 -62.0 -62.0 -61.5 -63.0 -64.5 -64.5 -63.0 -63.0 -63.0 -62.5 -62.5 -63.0 -62.0 
2.141437179888355 2.12916533358527 2.1046216409791 2.1353012567368124 2.1598449493429825 2.1046216409791 2.2089323345553233 2.448233337465483 2.1966604882522383 2.1966604882522383 2.12916533358527 2.000310947402876 2.1230294104337273 2.3009711818284617 2.2396119503130363 2.2886993355253766 2.1475731030398975 2.1046216409791 2.3071071049800045 5.822991070813893 5.890486225480862 2.9513790358919736 3.436116964863836 3.6815538909255388 3.2336315008629315 2.497320722677824 2.662990647769473 2.5586799541932495 2.2580197197676637 2.6875343403756435 2.804116880254952 3.2643111166206444 3.2090878082567613 0.2638446955163303 2.9943304979527716 2.7979809571034093 2.767301341345697 2.454369260617026 2.3439226438892597 2.1353012567368124 2.172116795646068 2.116893487282185 2.1598449493429825 2.0493983326152168 2.061670178918302 2.067806102069844 
-62.0 -63.5 -62.5 -63.5 -63.0 -63.5 -63.0 -62.5 -64.0 -63.5 -63.5 -62.0 -63.5 -63.0 -63.5 -64.0 -63.5 -63.0 -61.5 -63.5 -65.0 -65.0 -64.0 -62.0 -60.5 -62.0 -63.0 -62.5 -62.5 -62.0 -60.5 -60.0 -63.5 -65.5 -66.0 -65.0 -64.5 -64.0 -63.5 -64.0 -64.5 -64.5 -64.0 -63.5 -64.0 -63.5 
0.8774370106705868 0.8835729338221293 0.859029241215959 0.8160777791551611 0.7669903939428205 0.6872233929727672 0.6994952392758523 0.6688156235181395 0.6381360077604268 0.6258641614573416 0.619728238305799 0.6381360077604268 0.662679700366597 0.6442719309119693 0.7117670855789375 3.856427700744502 0.7117670855789375 0.7117670855789375 0.7976700097005334 0.8774370106705868 1.012427320004523 0.9940195505498954 1.3008157081270237 1.0676506283684062 1.0676506283684062 0.9817477042468103 0.8835729338221293 0.8651651643675016 0.8406214717613314 0.8467573949128739 0.9142525495798421 1.030835089459151 1.2333205534600555 1.0983302441261191 0.9019807032767571 1.012427320004523 1.0246991663076084 0.8099418560036186 0.6872233929727672 0.6810874698212247 0.7792622402459057 0.7669903939428205 0.7915340865489908 0.7976700097005334 0.8897088569736719 0.8528933180644165 
-49.0 -49.5 -50.0 -50.0 -50.0 -50.5 -50.5 -50.5 -51.0 -51.0 -51.0 -50.5 -51.0 -50.5 -50.5 -51.0 -50.5 -50.5 -50.5 -51.5 -52.0 -53.0 -52.5 -51.0 -52.0 -53.0 -53.5 -53.5 -53.5 -53.5 -52.5 -51.5 -51.0 -53.0 -53.0 -51.0 -51.0 -50.5 -50.5 -50.5 -50.5 -50.5 -50.0 -49.5 -50.0 -49.5 
1.030835089459151 1.030835089459151 1.0062913968529805 0.9387962421860124 0.9387962421860124 0.9387962421860124 0.9203884727313847 0.9142525495798421 0.8713010875190442 0.8835729338221293 0.859029241215959 0.9142525495798421 0.8835729338221293 0.9019807032767571 0.8774370106705868 0.9203884727313847 0.8897088569736719 0.8958447801252144 0.9694758579437253 1.0185632431560658 1.2762720155208536 1.4664856332186729 1.5033011721279284 1.1596894756415448 1.2333205534600555 1.325359400733194 1.1903690913992575 1.141281706186917 1.1596894756415448 1.1658253987930873 1.227184630308513 1.2087768608538851 1.1780972450961724 1.4358060174609601 1.4726215563702154 1.4358060174609601 1.3008157081270237 1.0921943209745766 0.9878836273983529 1.000155473701438 0.8958447801252144 0.9510680884890975 0.9387962421860124 0.9142525495798421 0.9510680884890975 0.9510680884890975 
-51.5 -51.5 -51.5 -52.0 -52.0 -52.0 -52.0 -52.0 -52.0 -52.0 -52.5 -52.5 -52.0 -52.5 -52.0 -52.5 -52.0 -52.0 -52.0 -51.5 -52.5 -51.5 -50.0 -49.5 -50.5 -50.5 -50.5 -50.5 -50.5 -50.0 -50.5 -50.0 -49.5 -50.5 -51.5 -52.5 -52.0 -51.5 -52.0 -52.0 -51.5 -51.5 -51.5 -51.5 -51.0 -51.0 
1.3437671701878218 1.41126232485479 1.3192234775816514 1.3437671701878218 1.325359400733194 1.337631247036279 1.2517283229146832 1.380582709097077 1.2455923997631406 1.3069516312785663 1.3437671701878218 1.2640001692177683 1.3008157081270237 1.3069516312785663 1.1965050145508 1.3652429012182206 1.2517283229146832 1.2762720155208536 1.6014759425526093 1.8775924843720249 1.9634954084936207 1.8530487917658545 1.552388557340269 1.4848934026733007 1.521708941582556 1.5707963267948966 1.4664856332186729 1.4848934026733007 1.4173982480063325 1.3928545554001621 1.3989904785517047 1.3437671701878218 1.368310862793992 1.4971652489763858 1.736466251886546 1.7794177139473437 1.8653206380689396 1.5953400194010667 1.2946797849754812 1.2455923997631406 1.227184630308513 1.214912784005428 1.2026409377023426 1.2455923997631406 1.2762720155208536 1.3008157081270237 
-57.5 -57.5 -57.0 -58.0 -57.5 -57.5 -57.5 -57.0 -57.5 -57.0 -57.5 -57.0 -57.5 -57.5 -57.0 -57.5 -57.0 -57.0 -56.5 -53.5 -51.5 -50.0 -50.0 -51.5 -52.5 -53.5 -54.0 -53.5 -54.0 -53.0 -54.0 -53.0 -51.5 -50.0 -50.0 -50.5 -52.5 -56.0 -57.0 -58.0 -58.0 -57.5 -57.0 -57.0 -57.5 -57.0 
1.4971652489763858 1.533980787885641 1.5892040962495242 1.509437095279471 1.5401167110371838 1.4971652489763858 1.5278448647340985 1.3621749396424494 1.509437095279471 1.509437095279471 1.3560390164909069 1.4726215563702154 1.4910293258248433 1.4787574795217582 1.533980787885641 1.576932249946439 1.4664856332186729 1.509437095279471 1.5830681730979816 1.8346410223112268 2.067806102069844 1.9696313316451632 1.718058482431918 1.9205439464328227 1.9941750242513334 1.859184714917397 2.12916533358527 2.024854640009046 1.9696313316451632 1.9573594853420782 1.8407769454627694 1.9634954084936207 1.8100973297050567 1.8223691760081417 1.932815792735908 2.0493983326152168 2.030990563160589 1.6444274046134073 1.325359400733194 1.5278448647340985 1.533980787885641 1.4848934026733007 1.5462526341887264 1.5155730184310134 1.5401167110371838 1.5830681730979816 
-55.5 -55.5 -56.0 -55.5 -55.5 -56.0 -57.0 -57.0 -57.5 -57.5 -58.0 -58.0 -57.5 -57.5 -57.5 -57.0 -56.5 -56.5 -57.5 -54.5 -53.0 -51.5 -54.0 -55.5 -55.5 -56.0 -55.5 -55.0 -54.5 -55.5 -56.0 -55.0 -55.0 -54.5 -52.5 -52.5 -54.0 -57.0 -57.5 -56.5 -56.0 -56.0 -56.0 -55.5 -55.0 -55.0 
5.43029198911517 5.460971604872882 5.4671075280244255 5.45483568172134 5.595961914206819 5.344389064993574 5.45483568172134 5.50392306693368 5.553010452146021 5.50392306693368 5.460971604872882 5.424156065963627 5.589825991055276 5.5284667595398505 5.497787143782138 5.387340527054372 5.418020142812084 5.497787143782138 5.534602682691394 5.706408530934585 5.706408530934585 5.485515297479052 5.160311370447297 5.424156065963627 5.43029198911517 5.295301679781233 5.5100589900852235 5.448699758569798 5.5100589900852235 5.332117218690489 5.141903600992669 5.203262832508095 5.283029833478148 5.0253210611133605 5.43029198911517 5.620505606812989 5.632777453116074 5.553010452146021 5.3198453723874035 5.2768939103266055 5.5100589900852235 5.289165756629691 5.3627968344482015 5.252350217720435 5.283029833478148 5.283029833478148 
-61.5 -62.0 -61.5 -61.5 -62.0 -61.0 -61.0 -61.5 -60.5 -61.5 -60.5 -61.0 -60.0 -60.5 -60.5 -62.0 -61.5 -61.5 -60.5 -58.5 -58.5 -57.0 -58.0 -58.0 -58.0 -59.0 -60.0 -60.0 -59.5 -60.0 -59.5 -58.5 -57.5 -57.5 -56.5 -57.0 -58.0 -60.0 -61.5 -62.0 -61.0 -61.5 -62.0 -62.0 -61.5 -62.0 
4.528311285838413 4.540583132141498 1.552388557340269 1.662835174068035 1.5953400194010667 1.748738098189631 4.7860200582032 4.73693267299086 4.792155981354743 2.012582793705961 2.3009711818284617 5.743224069843841 5.45483568172134 5.325981295538946 5.620505606812989 5.663457068873787 5.688000761479957 5.945709533844745 5.816855147662351 5.780039608753096 5.835262917116979 5.589825991055276 5.258486140871978 5.460971604872882 5.6143696836614465 5.387340527054372 5.47937937432751 1.4848934026733007 1.5830681730979816 4.8351074434155406 4.767612288748572 4.479223900626073 4.71238898038469 4.73693267299086 
-68.0 -67.0 -74.5 -74.5 -73.0 -72.5 -69.5 -71.5 -70.0 -71.0 -65.0 -61.5 -61.0 -64.5 -64.0 -63.0 -64.0 -63.5 -63.0 -62.5 -61.5 -64.5 -62.0 -60.0 -60.5 -62.5 -70.0 -72.5 -70.0 -68.5 -68.0 -66.5 -66.5 -66.0 
