2.8838838812250054 2.748893571891069 2.6875343403756435 2.6998061866787286 2.761165418194154 2.9268353432858034 2.9759227284981438 2.945243112740431 2.834796496012665 2.730485802436441 2.8777479580734626 2.5954954931025047 2.60776733940559 2.5280003384355365 2.859340188618835 3.3440781175906977 3.77972866135022 3.5281558121369745 3.3747577333484107 3.6815538909255388 3.9638063558964967 3.890175278077986 3.509748042682347 3.399301425954581 3.5281558121369745 3.6201946594101133 3.5833791205008576 3.356349963893783 3.890175278077986 3.80427235395639 3.356349963893783 3.3379421944391554 3.436116964863836 3.859495662320273 3.9944859716542096 3.509748042682347 3.368621810196868 3.147728576741336 3.1231848841351653 2.8961557275280905 2.9759227284981438 3.227495577711389 2.9759227284981438 3.000466421104314 
-63.0 -64.0 -63.5 -64.0 -64.0 -62.5 -64.0 -64.5 -65.0 -64.0 -64.0 -64.0 -64.5 -64.5 -64.0 -64.0 -63.5 -63.5 -66.0 -67.0 -67.0 -63.5 -62.5 -64.0 -64.0 -64.5 -65.0 -64.5 -64.5 -67.5 -67.5 -66.5 -65.5 -61.0 -61.5 -64.5 -64.0 -63.5 -62.5 -63.5 -62.5 -63.5 -63.5 -63.5 
2.0800779483729293 2.0923497946760143 2.3009711818284617 2.116893487282185 2.018718716857504 1.9941750242513334 1.9757672547967058 2.1046216409791 1.945087639038993 2.061670178918302 1.9819031779482483 2.067806102069844 1.8039614065535141 2.0923497946760143 2.055534255766759 2.110757564130642 2.337786720737717 2.411417798556228 2.2886993355253766 2.8838838812250054 3.141592653589793 3.313398501832985 3.067961575771282 2.804116880254952 2.650718801466388 2.742757648739526 2.7550294950426117 2.8654761117703775 3.06182565261974 3.3440781175906977 2.834796496012665 2.5464081078901644 2.1966604882522383 2.043262409463674 2.2089323345553233 2.337786720737717 2.1537090261914402 2.0800779483729293 1.945087639038993 2.000310947402876 1.9266798695843652 1.9819031779482483 2.0371264863121317 
-63.5 -63.5 -63.5 -63.5 -63.5 -63.0 -63.5 -63.5 -63.0 -62.5 -62.0 -63.0 -63.0 -63.5 -63.0 -61.5 -60.5 -62.5 -63.5 -65.0 -64.0 -61.5 -61.5 -62.0 -62.5 -62.5 -62.0 -62.0 -62.0 -63.5 -65.5 -63.5 -62.0 -61.0 -61.5 -62.5 -62.0 -62.5 -63.0 -63.0 -62.0 -63.0 -63.0 
0.7731263170943632 0.7792622402459057 0.7547185476397354 0.7853981633974483 0.7669903939428205 0.7731263170943632 0.803805932852076 0.803805932852076 0.7915340865489908 0.7853981633974483 0.8099418560036186 0.7792622402459057 0.7915340865489908 0.7853981633974483 0.8160777791551611 0.9387962421860124 1.0615147052168636 0.9756117810952678 1.0615147052168636 1.325359400733194 1.1658253987930873 0.9326603190344698 0.9878836273983529 0.9817477042468103 1.0492428589137786 1.0492428589137786 1.012427320004523 1.055378782065321 1.043106935762236 1.0492428589137786 1.325359400733194 1.1351457830353744 0.9878836273983529 1.0676506283684062 1.1351457830353744 0.9817477042468103 0.9203884727313847 0.859029241215959 0.8774370106705868 0.8713010875190442 0.8713010875190442 0.8406214717613314 0.8222137023067037 0.8344855486097889 
-50.0 -50.0 -50.0 -50.0 -50.0 -50.0 -50.0 -50.0 -50.0 -50.0 -49.5 -50.0 -50.0 -49.5 -50.0 -50.0 -52.0 -52.5 -53.0 -53.0 -51.0 -52.0 -53.0 -52.5 -52.5 -53.0 -52.5 -52.5 -52.0 -52.0 -52.0 -53.5 -52.5 -51.0 -50.0 -49.5 -49.0 -49.5 -49.5 -49.0 -49.5 -49.5 -49.5 -50.0 
0.8713010875190442 0.8651651643675016 0.8835729338221293 0.8835729338221293 0.9081166264282996 0.8897088569736719 0.8897088569736719 0.8897088569736719 0.9081166264282996 0.8958447801252144 0.8467573949128739 0.8774370106705868 0.8528933180644165 0.8774370106705868 0.8897088569736719 0.9633399347921826 1.1965050145508 1.3928545554001621 1.5033011721279284 1.533980787885641 1.282407938672396 1.2087768608538851 1.2885438618239387 1.337631247036279 1.368310862793992 1.3437671701878218 1.3560390164909069 1.4173982480063325 1.423534171157875 1.3192234775816514 1.3989904785517047 1.5462526341887264 1.41126232485479 1.2087768608538851 1.1903690913992575 1.0737865515199487 1.0185632431560658 1.012427320004523 0.9817477042468103 0.9756117810952678 0.9326603190344698 0.9142525495798421 0.8835729338221293 0.9756117810952678 
-51.5 -51.0 -51.5 -51.5 -51.5 -51.5 -52.0 -51.5 -52.0 -52.0 -52.0 -52.0 -52.0 -52.0 -51.5 -51.0 -51.0 -52.0 -51.5 -51.0 -49.5 -50.5 -51.0 -50.0 -50.5 -50.5 -50.5 -50.5 -51.0 -50.5 -50.0 -51.5 -52.0 -51.5 -51.0 -51.0 -51.0 -51.0 -51.0 -51.5 -51.5 -52.0 -51.5 -51.5 
1.2210487071569704 1.239456476611598 1.1658253987930873 1.2210487071569704 1.2087768608538851 1.1719613219446299 1.2026409377023426 1.1965050145508 1.1903690913992575 1.1903690913992575 1.1535535524900022 1.1780972450961724 1.1719613219446299 1.2026409377023426 1.3069516312785663 1.5707963267948966 1.9941750242513334 1.9757672547967058 1.9819031779482483 1.6689710972195777 1.4726215563702154 1.5033011721279284 1.6260196351587797 1.6260196351587797 1.6382914814618648 1.6505633277649499 1.6382914814618648 1.718058482431918 1.7426021750380885 1.576932249946439 1.6566992509164924 1.8653206380689396 2.024854640009046 1.9082721001297376 1.846912868614312 1.4910293258248433 1.4296700943094176 1.3437671701878218 1.3437671701878218 1.2885438618239387 1.282407938672396 1.3499030933393643 1.368310862793992 1.3008157081270237 
-57.0 -56.5 -56.5 -57.0 -56.5 -56.5 -56.5 -56.5 -56.5 -56.0 -56.5 -56.5 -56.5 -56.5 -56.5 -56.5 -55.5 -54.0 -51.5 -50.0 -51.5 -52.5 -52.0 -52.0 -52.5 -52.5 -52.5 -52.0 -52.0 -52.0 -51.0 -49.5 -53.0 -54.5 -54.0 -55.0 -56.0 -56.0 -56.5 -56.5 -57.0 -56.5 -57.0 -56.5 
1.4971652489763858 1.4173982480063325 1.5033011721279284 1.4358060174609601 1.4787574795217582 1.380582709097077 1.4664856332186729 1.4051264017032472 1.423534171157875 1.4664856332186729 1.4542137869155878 1.4480778637640452 1.5033011721279284 1.4419419406125027 1.4971652489763858 1.6689710972195777 1.9082721001297376 2.1537090261914402 2.000310947402876 1.846912868614312 1.8039614065535141 1.9819031779482483 1.736466251886546 1.9205439464328227 1.9819031779482483 2.018718716857504 2.043262409463674 1.9696313316451632 1.9819031779482483 2.116893487282185 1.945087639038993 1.9696313316451632 2.1230294104337273 2.110757564130642 1.9512235621905356 1.705786636128833 1.564660403643354 1.576932249946439 1.6198837120072371 1.5707963267948966 1.521708941582556 1.509437095279471 1.533980787885641 1.5585244804918115 
-55.5 -56.0 -56.0 -56.0 -56.0 -56.0 -56.0 -56.0 -55.5 -55.5 -55.5 -55.5 -55.5 -56.0 -56.0 -56.0 -54.5 -53.0 -52.0 -53.0 -54.5 -55.0 -55.5 -55.5 -55.0 -54.5 -55.0 -55.5 -55.0 -55.0 -54.0 -53.0 -52.5 -53.0 -53.5 -54.5 -54.5 -54.5 -54.5 -55.0 -54.5 -55.5 -55.0 -55.5 
5.491651220630596 5.289165756629691 5.424156065963627 5.307573526084319 5.368932757599744 5.313709449235861 5.307573526084319 5.338253141842031 5.325981295538946 5.387340527054372 5.209398755659637 5.295301679781233 5.3627968344482015 5.313709449235861 5.405748296509 5.608233760509904 5.798447378207723 5.8475347634200645 5.688000761479957 5.21553467881118 5.344389064993574 5.325981295538946 5.166447293598839 5.080544369477243 5.21553467881118 5.246214294568893 5.252350217720435 5.049864753719531 5.227806525114265 5.289165756629691 5.4671075280244255 5.4671075280244255 5.884350302329319 5.810719224510809 5.737088146692298 5.442563835418255 5.338253141842031 5.356660911296659 5.448699758569798 5.473243451175968 5.405748296509 5.405748296509 5.491651220630596 5.405748296509 
-63.0 -63.0 -62.5 -62.0 -63.0 -63.0 -62.5 -63.0 -63.0 -62.0 -63.5 -63.5 -63.5 -63.5 -63.0 -61.5 -62.0 -59.5 -56.5 -58.0 -58.0 -58.5 -57.5 -59.5 -60.0 -60.0 -60.0 -59.5 -58.5 -58.0 -57.5 -57.0 -57.0 -61.0 -59.5 -61.0 -61.0 -61.5 -62.5 -61.5 -62.0 -62.0 -61.5 -61.5 
4.657165672020807 1.4480778637640452 4.374913207049849 4.381049130201391 4.534447208989955 4.601942363656923 4.411728745959104 5.006913291658733 4.264466590322082 4.638757902566179 4.663301595172349 4.534447208989955 4.638757902566179 5.258486140871978 5.393476450205914 5.7616318392984684 5.4671075280244255 5.092816215780329 5.853670686571607 5.626641529964532 5.5714182216006485 5.5714182216006485 5.706408530934585 5.681864838328415 5.602097837358362 5.675728915176872 5.5284667595398505 5.792311455056181 5.301437602932776 5.393476450205914 5.773903685601553 5.47937937432751 5.375068680751287 5.338253141842031 5.0682725231741586 4.871922982324796 4.95168998329485 4.828971520263998 4.902602598082509 4.540583132141498 5.031456984264903 4.491495746929157 
-71.5 -72.0 -69.5 -70.5 -69.5 -71.5 -71.0 -69.5 -70.0 -69.0 -69.0 -70.0 -70.5 -67.5 -64.0 -62.5 -61.0 -64.0 -69.0 -63.5 -64.0 -64.0 -64.5 -64.5 -65.5 -65.0 -64.5 -63.5 -67.0 -61.0 -62.0 -61.0 -59.5 -64.0 -65.0 -66.5 -65.5 -66.5 -66.5 -68.5 -67.0 -67.5 
