3.141592653589793 0.006135923151542565 2.767301341345697 3.1661363461959633 3.2704470397721868 3.0802334220743677 3.2949907323783574 3.2520392703175593 3.184544115650591 3.227495577711389 3.2090878082567613 3.6324665057131984 3.6692820446224537 3.2459033471660166 3.3624858870453256 3.129320807286708 3.129320807286708 3.6876898140770815 3.706097583531709 3.5956509668039427 3.4606606574700063 3.3747577333484107 3.6201946594101133 3.7551849687440497 3.9699422790480394 3.2888548092268146 3.442252888015379 3.3870295796514958 3.706097583531709 3.902447124381071 3.749049045592507 3.466796580621549 0.20248546400090464 3.3870295796514958 3.2827188860752723 3.2888548092268146 3.2888548092268146 
-61.5 -63.0 -62.0 -62.5 -61.0 -62.5 -63.5 -61.0 -63.0 -62.0 -61.5 -62.5 -62.5 -62.5 -63.5 -65.5 -68.5 -69.0 -69.0 -69.5 -69.5 -70.5 -69.5 -68.5 -69.5 -69.5 -65.5 -66.0 -66.0 -65.0 -66.5 -63.0 -63.5 -62.5 -63.0 -63.0 -63.0 
1.9266798695843652 2.012582793705961 1.859184714917397 1.859184714917397 1.9757672547967058 1.9205439464328227 2.0493983326152168 1.6812429435226628 1.902136176978195 2.024854640009046 2.000310947402876 1.8960002538266525 1.8285050991596843 2.0371264863121317 2.098485717827557 1.9573594853420782 2.030990563160589 2.2212041808584084 2.2580197197676637 2.356194490192345 2.399145952253143 2.6998061866787286 3.2336315008629315 2.7550294950426117 2.4911847995262812 2.3439226438892597 2.2764274892222915 2.2886993355253766 2.4605051837685683 2.8654761117703775 3.313398501832985 2.521864415283994 2.172116795646068 2.0923497946760143 1.8960002538266525 1.9389517158874505 2.043262409463674 2.024854640009046 2.043262409463674 2.0800779483729293 2.073942025221387 1.9757672547967058 2.086213871524472 1.9880391010997909 
-61.0 -61.5 -61.5 -60.5 -61.0 -61.5 -61.0 -61.5 -62.0 -60.5 -60.5 -62.0 -61.0 -61.0 -61.0 -60.5 -61.0 -63.0 -61.5 -62.5 -66.5 -67.5 -65.5 -64.5 -63.5 -64.5 -62.5 -63.0 -63.0 -64.0 -68.0 -66.0 -63.5 -62.0 -61.0 -60.5 -61.0 -60.0 -60.0 -60.0 -59.0 -60.0 -59.5 -60.0 
1.0799224746714913 1.1044661672776617 1.0983302441261191 1.0492428589137786 1.1044661672776617 1.1719613219446299 1.1106020904292042 1.1351457830353744 1.1474176293384597 1.141281706186917 1.1658253987930873 1.1965050145508 1.214912784005428 1.2517283229146832 1.2578642460662257 1.2455923997631406 1.2946797849754812 1.3130875544301088 1.1719613219446299 1.0799224746714913 1.2946797849754812 1.3621749396424494 1.141281706186917 1.1903690913992575 1.0492428589137786 1.0369710126106935 1.000155473701438 1.0676506283684062 1.0185632431560658 1.1596894756415448 1.214912784005428 1.4173982480063325 1.3192234775816514 1.0615147052168636 1.086058397823034 1.2333205534600555 1.3069516312785663 1.3621749396424494 1.282407938672396 1.2026409377023426 1.239456476611598 1.2701360923693108 1.2517283229146832 1.2762720155208536 
-48.5 -48.5 -48.5 -48.5 -48.5 -48.0 -48.5 -48.0 -48.5 -48.5 -48.5 -48.5 -48.5 -48.5 -48.5 -48.5 -49.0 -50.5 -53.0 -53.0 -56.0 -53.5 -53.5 -54.5 -55.0 -55.0 -55.5 -55.5 -55.0 -54.0 -52.5 -52.5 -54.5 -52.0 -51.0 -51.5 -51.0 -49.0 -48.5 -49.0 -49.0 -49.0 -49.0 -49.0 
1.0921943209745766 1.1290098598838318 1.0737865515199487 1.1167380135807468 1.2210487071569704 1.1167380135807468 1.1106020904292042 1.1290098598838318 1.055378782065321 1.1106020904292042 1.1596894756415448 1.2087768608538851 1.2087768608538851 1.2087768608538851 1.1965050145508 1.2517283229146832 1.2517283229146832 1.2762720155208536 1.2578642460662257 1.423534171157875 1.8653206380689396 1.6566992509164924 1.4480778637640452 1.5830681730979816 1.4848934026733007 1.4848934026733007 1.4848934026733007 1.521708941582556 1.5585244804918115 1.5585244804918115 1.4173982480063325 1.4603497100671303 1.6198837120072371 1.4173982480063325 1.2701360923693108 1.227184630308513 1.239456476611598 1.1290098598838318 1.1596894756415448 1.2946797849754812 1.2333205534600555 1.2026409377023426 1.239456476611598 1.2333205534600555 
-50.0 -50.5 -50.5 -50.5 -50.5 -50.5 -50.5 -50.5 -50.5 -50.5 -50.5 -50.5 -50.5 -50.5 -50.5 -50.0 -50.5 -51.0 -52.0 -53.5 -52.5 -50.5 -52.0 -52.0 -52.0 -51.5 -51.5 -51.5 -51.5 -51.5 -51.5 -50.5 -52.0 -53.0 -52.5 -51.5 -51.5 -50.5 -50.0 -50.0 -50.0 -50.0 -50.0 -50.5 
1.3192234775816514 1.3928545554001621 1.4419419406125027 1.4173982480063325 1.423534171157875 1.368310862793992 1.3130875544301088 1.3499030933393643 1.2946797849754812 1.3499030933393643 1.3560390164909069 1.3560390164909069 1.4358060174609601 1.423534171157875 1.4173982480063325 1.2946797849754812 1.533980787885641 1.6935147898257479 2.110757564130642 2.411417798556228 2.184388641949153 1.9082721001297376 1.88986433067511 1.9389517158874505 1.8653206380689396 1.859184714917397 1.8285050991596843 1.859184714917397 1.8775924843720249 1.9266798695843652 1.8285050991596843 1.88986433067511 2.018718716857504 2.1905245651006955 2.073942025221387 2.061670178918302 2.0064468705544187 1.6812429435226628 1.564660403643354 1.5585244804918115 1.4480778637640452 1.4848934026733007 1.4480778637640452 1.4910293258248433 
-56.5 -56.0 -56.5 -56.5 -56.5 -55.5 -56.0 -56.0 -55.5 -56.0 -55.5 -55.5 -55.5 -56.0 -56.0 -56.0 -56.5 -58.0 -61.0 -59.0 -52.5 -54.5 -55.0 -55.5 -55.5 -56.5 -56.5 -56.0 -54.0 -54.0 -52.5 -51.0 -50.5 -52.5 -56.5 -55.5 -56.0 -56.5 -55.5 -55.5 -55.0 -55.5 -55.5 -56.0 
1.509437095279471 1.5892040962495242 1.5892040962495242 1.5830681730979816 1.6444274046134073 1.5707963267948966 1.6260196351587797 1.6566992509164924 1.6137477888556946 1.6321555583103222 1.6382914814618648 1.662835174068035 1.6444274046134073 1.662835174068035 1.6444274046134073 1.6812429435226628 1.6137477888556946 1.7426021750380885 2.018718716857504 2.399145952253143 2.1353012567368124 2.1537090261914402 2.313243028131547 2.2334760271614935 2.12916533358527 2.2089323345553233 2.2027964114037806 2.2457478734645786 2.1659808724945253 2.2027964114037806 2.282563412373834 2.1353012567368124 2.227340104009951 2.282563412373834 2.3009711818284617 2.1905245651006955 2.0800779483729293 1.7855536370988863 1.7794177139473437 1.846912868614312 1.8039614065535141 1.7794177139473437 1.7241944055834606 1.7303303287350031 
-53.5 -53.5 -54.0 -53.0 -53.5 -53.5 -53.5 -53.5 -53.0 -53.5 -53.0 -53.0 -53.0 -52.5 -53.0 -53.0 -53.0 -54.5 -56.5 -55.0 -54.0 -55.5 -56.0 -55.5 -57.0 -56.5 -56.0 -56.0 -56.5 -55.5 -56.0 -54.5 -54.0 -53.5 -54.0 -54.5 -55.0 -53.5 -52.5 -52.5 -52.5 -52.5 -53.0 -53.0 
5.381204603902829 5.246214294568893 5.289165756629691 5.350524988145116 5.350524988145116 5.313709449235861 5.289165756629691 5.240078371417351 5.184855063053467 5.356660911296659 5.209398755659637 5.227806525114265 5.227806525114265 5.21553467881118 5.258486140871978 5.3627968344482015 5.522330836388308 5.853670686571607 5.872078456026235 5.994796919057086 5.663457068873787 5.712544454086128 5.712544454086128 5.675728915176872 5.497787143782138 5.418020142812084 5.620505606812989 5.5284667595398505 5.393476450205914 5.516194913236766 5.5100589900852235 5.6143696836614465 5.424156065963627 5.767767762450011 5.976389149602458 5.853670686571607 5.8475347634200645 5.712544454086128 5.295301679781233 5.283029833478148 5.2768939103266055 5.3627968344482015 5.442563835418255 5.350524988145116 
-61.0 -61.0 -61.0 -60.5 -60.5 -61.0 -60.5 -60.5 -60.5 -61.0 -61.0 -60.5 -60.0 -60.5 -60.5 -61.0 -60.5 -60.5 -60.5 -57.5 -56.5 -57.5 -57.0 -57.5 -59.5 -61.5 -61.0 -61.0 -60.5 -59.0 -58.5 -57.5 -57.0 -55.5 -58.0 -59.5 -59.5 -59.5 -60.0 -60.0 -61.0 -60.5 -61.0 -60.5 
4.767612288748572 4.73693267299086 4.651029748869264 4.6448938257177215 4.755340442445488 4.749204519293945 4.7307967498393175 4.822835597112456 4.755340442445488 4.73693267299086 4.638757902566179 4.773748211900116 4.651029748869264 4.902602598082509 4.859651136021712 4.743068596142402 4.828971520263998 5.092816215780329 5.411884219660542 5.620505606812989 5.111223985234957 5.098952138931871 5.332117218690489 5.45483568172134 5.485515297479052 5.5100589900852235 5.608233760509904 5.64504929941916 5.338253141842031 5.9088939949354895 5.043728830567988 5.190990986205009 5.66959299202533 5.485515297479052 5.203262832508095 4.779884135051658 4.884194828627882 4.957825906446392 4.97623367590102 4.859651136021712 4.957825906446392 
-62.5 -62.0 -61.5 -61.5 -62.5 -61.5 -61.5 -61.0 -61.5 -61.0 -61.0 -60.5 -60.0 -60.0 -60.0 -60.5 -60.5 -62.5 -65.0 -64.5 -61.0 -67.0 -64.5 -66.5 -67.5 -66.0 -67.5 -68.5 -68.0 -68.0 -68.0 -63.5 -66.0 -62.0 -61.5 -61.5 -60.5 -60.5 -61.5 -62.5 -61.5 
