3.436116964863836 3.000466421104314 0.2454369260617026 3.5588354278946874 3.479068426924634 3.718369429834794 0.4295146206079795 0.46019423636569234 3.5588354278946874 3.6999616603801666 3.6079228131070282 3.736777199289422 0.4970097752749477 3.6386024288647407 3.6140587362585705 0.6135923151542565 3.80427235395639 4.006757817957295 4.460816131171445 3.693825737228624 3.6079228131070282 3.9760782021995817 3.663146121470911 0.803805932852076 3.7122335066832517 3.9453985864418692 3.7551849687440497 3.448388811166921 3.5036121195308043 3.3440781175906977 0.3436116964863836 3.423845118560751 
-63.5 -63.5 -65.0 -64.5 -65.0 -63.5 -65.5 -65.5 -64.5 -64.0 -62.0 -64.5 -67.5 -67.0 -67.0 -69.0 -68.5 -71.5 -71.0 -68.0 -68.0 -67.0 -69.0 -69.0 -66.0 -66.5 -65.5 -63.5 -64.0 -63.0 -64.0 -63.0 
2.073942025221387 2.073942025221387 2.030990563160589 2.184388641949153 2.043262409463674 2.110757564130642 2.2641556429192065 2.282563412373834 2.055534255766759 2.2856313739496055 2.098485717827557 5.45483568172134 2.0493983326152168 2.325514874434632 2.386874105950058 2.448233337465483 2.2641556429192065 2.36846633649543 2.3930100291016 2.435961491162398 2.337786720737717 2.399145952253143 2.6875343403756435 2.509592568980909 2.448233337465483 2.5034566458293663 2.442097414313941 2.705942109830271 2.945243112740431 5.602097837358362 1.8530487917658545 2.1905245651006955 1.7732817907958012 1.9880391010997909 2.1537090261914402 2.2641556429192065 2.2948352586769194 2.1782527187976104 2.2027964114037806 1.9512235621905356 2.1659808724945253 2.2764274892222915 
-60.0 -61.5 -61.5 -61.0 -60.5 -60.5 -60.0 -60.0 -60.5 -60.5 -59.5 -60.5 -58.0 -59.5 -59.5 -61.0 -62.0 -62.0 -62.0 -62.5 -64.5 -65.5 -67.5 -63.5 -62.5 -62.0 -62.5 -63.0 -64.0 -69.5 -67.5 -62.5 -61.5 -60.5 -60.0 -60.5 -61.0 -61.0 -60.5 -60.5 -60.5 -61.0 
1.239456476611598 1.214912784005428 1.2210487071569704 1.2578642460662257 1.2885438618239387 1.3008157081270237 1.3069516312785663 1.3744467859455345 1.3867186322486196 1.4664856332186729 1.3989904785517047 1.3499030933393643 1.4358060174609601 1.423534171157875 1.4051264017032472 1.4051264017032472 1.3928545554001621 1.3499030933393643 1.2701360923693108 1.0983302441261191 1.141281706186917 1.2885438618239387 1.4787574795217582 1.1596894756415448 1.0062913968529805 1.1106020904292042 1.1228739367322893 1.1719613219446299 1.1596894756415448 1.1596894756415448 1.1504855909142309 1.282407938672396 1.2455923997631406 1.0492428589137786 1.1474176293384597 1.3069516312785663 1.3314953238847365 1.2946797849754812 1.2640001692177683 1.2640001692177683 1.2333205534600555 1.2517283229146832 1.282407938672396 
-48.5 -48.5 -48.5 -48.5 -49.0 -49.0 -49.0 -49.0 -50.0 -50.0 -50.0 -49.5 -49.5 -50.0 -49.5 -49.5 -49.5 -50.5 -53.0 -52.5 -53.0 -55.0 -54.0 -52.5 -54.0 -54.0 -53.0 -54.0 -54.0 -53.5 -53.5 -53.5 -56.0 -53.5 -52.0 -53.0 -51.5 -49.5 -49.0 -49.0 -49.0 -49.0 -48.5 
1.1474176293384597 1.227184630308513 1.1658253987930873 1.184233168247715 1.2026409377023426 1.2885438618239387 1.2885438618239387 1.3008157081270237 1.3621749396424494 1.3621749396424494 1.380582709097077 1.3744467859455345 1.368310862793992 1.239456476611598 1.3928545554001621 1.3621749396424494 1.2946797849754812 1.2885438618239387 1.3621749396424494 1.3069516312785663 1.423534171157875 1.7671458676442586 1.662835174068035 1.423534171157875 1.4787574795217582 1.5278448647340985 1.5953400194010667 1.5953400194010667 1.5462526341887264 1.5401167110371838 4.623418094687323 1.5585244804918115 1.576932249946439 1.5462526341887264 1.3192234775816514 1.2946797849754812 1.325359400733194 1.3008157081270237 1.3069516312785663 1.2762720155208536 1.2578642460662257 1.2333205534600555 1.2640001692177683 
-50.5 -50.0 -50.0 -50.0 -49.5 -50.0 -50.0 -50.0 -50.0 -50.5 -50.0 -50.0 -50.0 -50.0 -50.0 -50.0 -50.0 -50.5 -51.5 -52.5 -53.5 -52.5 -51.0 -51.0 -52.5 -52.0 -51.5 -51.5 -51.5 -52.0 -52.0 -51.0 -52.5 -53.5 -53.0 -52.0 -51.5 -50.5 -50.0 -50.0 -50.0 -50.0 -50.0 
1.3867186322486196 1.368310862793992 1.41126232485479 1.4173982480063325 1.3989904785517047 1.4358060174609601 1.4603497100671303 1.521708941582556 1.4480778637640452 1.5800002115222105 1.4848934026733007 1.533980787885641 1.4664856332186729 1.5033011721279284 1.4542137869155878 1.533980787885641 1.5278448647340985 1.6382914814618648 1.902136176978195 1.932815792735908 2.3009711818284617 2.227340104009951 1.9205439464328227 1.9819031779482483 1.8100973297050567 1.88986433067511 1.8775924843720249 1.9266798695843652 1.9266798695843652 1.8714565612204823 1.868388599644711 1.859184714917397 1.902136176978195 2.227340104009951 2.086213871524472 1.9144080232812801 1.7978254834019713 1.6198837120072371 1.4971652489763858 1.4664856332186729 1.3621749396424494 1.5462526341887264 1.5155730184310134 
-55.0 -55.0 -54.5 -55.0 -54.5 -55.0 -54.5 -55.0 -54.5 -55.0 -55.0 -55.0 -55.5 -54.5 -54.5 -55.0 -56.0 -57.0 -58.0 -59.0 -56.5 -52.0 -52.0 -53.5 -54.5 -53.5 -53.5 -53.5 -52.5 -53.5 -53.5 -52.0 -52.5 -55.5 -60.5 -58.5 -58.0 -57.0 -56.0 -56.0 -56.0 -55.5 -56.0 
1.5892040962495242 1.6751070203711202 1.6751070203711202 1.7241944055834606 1.7426021750380885 1.7794177139473437 1.8039614065535141 1.6812429435226628 1.8100973297050567 1.8377089838869982 1.8039614065535141 1.859184714917397 1.859184714917397 1.8530487917658545 1.7855536370988863 1.7671458676442586 1.7548740213411735 1.8285050991596843 2.000310947402876 2.2457478734645786 2.2948352586769194 2.172116795646068 2.12916533358527 2.1475731030398975 2.1782527187976104 2.024854640009046 1.9573594853420782 2.061670178918302 2.061670178918302 2.141437179888355 2.2365439887372647 2.024854640009046 2.1230294104337273 2.270291566070749 2.282563412373834 2.2089323345553233 1.9634954084936207 1.7855536370988863 1.7732817907958012 1.8223691760081417 1.7303303287350031 1.748738098189631 1.6751070203711202 
-52.5 -53.0 -53.0 -52.5 -52.5 -52.5 -52.0 -52.0 -52.5 -52.5 -51.5 -52.0 -52.0 -52.0 -52.0 -52.5 -52.5 -53.5 -55.5 -56.5 -53.5 -53.5 -53.5 -55.0 -55.0 -55.5 -56.0 -56.0 -55.5 -55.0 -56.0 -54.5 -54.0 -54.5 -55.0 -55.0 -55.0 -53.0 -52.5 -52.5 -52.5 -52.5 -53.0 
5.350524988145116 5.393476450205914 5.325981295538946 5.21553467881118 5.264622064023521 5.313709449235861 5.252350217720435 5.283029833478148 5.289165756629691 2.138369218312584 5.21553467881118 5.258486140871978 5.264622064023521 5.240078371417351 5.3198453723874035 5.344389064993574 5.485515297479052 5.651185222570702 5.681864838328415 5.9088939949354895 5.970253226450915 5.651185222570702 5.651185222570702 5.64504929941916 5.749359992995383 5.5100589900852235 5.516194913236766 5.565282298449106 5.559146375297564 5.638913376267617 5.632777453116074 5.688000761479957 5.681864838328415 5.9518454569962875 6.0991076126333095 5.822991070813893 5.675728915176872 5.460971604872882 5.3198453723874035 5.246214294568893 5.325981295538946 5.264622064023521 5.350524988145116 
-61.5 -61.5 -61.0 -61.5 -61.0 -61.5 -61.0 -60.5 -60.5 -61.0 -59.5 -60.5 -59.5 -60.0 -59.5 -60.5 -60.5 -60.5 -61.0 -61.5 -56.5 -56.5 -57.5 -57.5 -57.5 -58.0 -59.5 -59.0 -58.0 -57.5 -58.5 -57.0 -57.5 -56.5 -59.0 -60.0 -59.0 -59.0 -59.0 -59.5 -59.5 -60.0 -60.5 
4.841243366567084 4.914874444385594 4.71238898038469 4.95168998329485 4.994641445355648 4.963961829597935 4.970097752749477 4.945554060143307 5.056000676871073 4.979301637476791 4.994641445355648 4.675573441475434 4.878058905476339 4.804427827657828 4.871922982324796 4.9823695990525625 5.50392306693368 5.350524988145116 5.258486140871978 5.602097837358362 5.589825991055276 5.056000676871073 5.123495831538041 5.534602682691394 5.577554144752192 5.516194913236766 5.5284667595398505 5.485515297479052 5.559146375297564 5.522330836388308 5.764699800874239 5.45483568172134 5.301437602932776 5.589825991055276 5.460971604872882 5.2339424482658075 5.135767677841127 5.031456984264903 4.822835597112456 4.724660826687775 4.97623367590102 4.970097752749477 4.859651136021712 
-62.5 -62.0 -61.5 -61.5 -61.0 -60.5 -60.5 -60.5 -59.0 -60.0 -59.0 -59.0 -59.0 -58.5 -59.5 -59.5 -61.0 -62.5 -63.0 -67.0 -64.5 -61.5 -64.5 -70.5 -65.5 -64.5 -65.0 -65.0 -65.5 -65.0 -68.5 -66.5 -62.0 -65.0 -64.5 -60.0 -60.0 -60.5 -60.0 -60.0 -59.5 -60.0 -59.5 
