3.442252888015379 3.411573272257666 3.3440781175906977 0.17794177139473438 3.368621810196868 3.485204350076177 3.2397674240144743 3.6570101983193686 0.12885438618239387 3.172272269347506 3.368621810196868 0.1718058482431918 3.3195344249845276 3.411573272257666 3.043417883165112 3.834951969714103 3.810408277107933 3.56497135104623 3.442252888015379 3.6201946594101133 4.006757817957295 3.9576704327449543 3.6815538909255388 3.436116964863836 3.6447383520162835 3.54042765844006 3.6324665057131984 4.006757817957295 4.405592822807561 3.3624858870453256 3.509748042682347 3.9392626632903265 3.466796580621549 3.380893656499953 3.859495662320273 3.11091303783208 0.14112623248547898 0.18407769454627693 3.3502140407422405 3.3072625786814425 
-63.0 -63.0 -62.5 -63.5 -61.5 -62.0 -62.5 -63.0 -63.0 -62.0 -62.5 -63.0 -63.0 -63.0 -61.5 -65.5 -65.0 -64.0 -68.0 -69.5 -70.0 -68.0 -66.5 -66.5 -66.5 -66.5 -66.5 -68.0 -71.5 -69.5 -64.5 -67.0 -66.5 -63.5 -62.5 -63.0 -63.0 -63.5 -64.0 -62.5 
5.43029198911517 2.1905245651006955 1.748738098189631 2.086213871524472 2.0923497946760143 2.1230294104337273 2.073942025221387 2.073942025221387 2.024854640009046 2.086213871524472 2.1659808724945253 1.9819031779482483 2.012582793705961 2.0064468705544187 1.8714565612204823 2.0923497946760143 2.030990563160589 2.386874105950058 2.380738182798515 2.337786720737717 2.2457478734645786 2.3930100291016 2.736621725587984 2.9206994201342606 3.2090878082567613 3.160000423044421 2.779573187648782 2.773437264497239 2.6691265709210157 2.730485802436441 2.9145634969827183 3.2643111166206444 2.6384469551633027 2.4850488763747385 2.1475731030398975 2.2334760271614935 2.1659808724945253 2.1353012567368124 2.1537090261914402 2.1046216409791 1.859184714917397 1.932815792735908 2.086213871524472 2.116893487282185 1.932815792735908 
-61.5 -60.5 -60.5 -61.0 -61.0 -61.0 -60.5 -61.0 -61.0 -61.0 -61.0 -61.0 -61.0 -62.0 -60.5 -60.0 -60.0 -61.0 -62.0 -61.5 -62.0 -64.0 -67.0 -66.5 -65.0 -63.0 -62.0 -62.0 -62.5 -62.0 -62.5 -67.0 -65.5 -64.0 -62.0 -61.5 -61.0 -62.0 -61.5 -60.0 -59.5 -59.5 -60.0 -61.0 -61.5 
1.214912784005428 1.1965050145508 1.1658253987930873 1.1658253987930873 1.1474176293384597 1.1228739367322893 1.1596894756415448 1.0921943209745766 1.0921943209745766 1.086058397823034 1.1106020904292042 1.1044661672776617 1.0799224746714913 1.1167380135807468 1.1228739367322893 1.1596894756415448 1.1535535524900022 1.1719613219446299 1.184233168247715 1.184233168247715 1.0676506283684062 1.0676506283684062 1.4848934026733007 1.4358060174609601 1.1228739367322893 1.012427320004523 1.0983302441261191 1.1167380135807468 1.141281706186917 1.0983302441261191 1.0983302441261191 1.2210487071569704 1.4971652489763858 1.380582709097077 1.1535535524900022 1.0799224746714913 1.337631247036279 1.3437671701878218 1.3314953238847365 1.3130875544301088 1.2701360923693108 1.2701360923693108 1.2578642460662257 1.2854759002481673 1.2578642460662257 
-48.5 -49.0 -49.0 -48.5 -48.5 -48.5 -49.0 -48.5 -49.0 -48.5 -48.5 -49.0 -49.0 -48.5 -48.5 -48.5 -48.5 -49.0 -50.0 -51.5 -53.0 -54.0 -55.5 -53.0 -52.5 -54.5 -55.0 -54.0 -54.0 -54.0 -53.5 -52.0 -53.0 -55.0 -52.5 -51.5 -52.5 -51.5 -49.5 -49.0 -49.0 -49.0 -48.5 -49.5 -48.5 
1.2210487071569704 1.239456476611598 1.2210487071569704 1.2210487071569704 1.2026409377023426 1.1596894756415448 1.1780972450961724 1.1780972450961724 1.1780972450961724 1.1903690913992575 1.1474176293384597 1.1228739367322893 1.1535535524900022 1.1474176293384597 1.1780972450961724 1.1535535524900022 1.1780972450961724 1.2026409377023426 1.2087768608538851 1.282407938672396 1.3621749396424494 1.5953400194010667 1.8039614065535141 1.5707963267948966 1.4726215563702154 1.4910293258248433 1.5585244804918115 1.5462526341887264 1.564660403643354 1.552388557340269 1.5401167110371838 1.4480778637640452 1.6382914814618648 1.761009944492716 1.6198837120072371 1.3499030933393643 1.239456476611598 1.282407938672396 1.2946797849754812 1.2455923997631406 1.3008157081270237 1.2333205534600555 1.2517283229146832 4.405592822807561 1.2210487071569704 
-50.5 -50.5 -50.5 -50.0 -50.5 -50.5 -50.5 -50.0 -50.0 -50.5 -50.5 -50.0 -50.0 -50.0 -50.0 -50.5 -50.5 -50.0 -51.0 -51.5 -53.0 -53.0 -51.0 -50.5 -51.0 -51.5 -51.5 -51.5 -51.5 -51.5 -51.5 -51.0 -50.5 -51.5 -53.5 -53.0 -51.5 -51.5 -50.0 -50.0 -50.5 -50.0 -50.0 -50.5 -50.0 
1.3621749396424494 1.3867186322486196 1.3130875544301088 1.3069516312785663 1.3744467859455345 1.325359400733194 1.3560390164909069 1.3621749396424494 1.2455923997631406 1.3499030933393643 1.2762720155208536 1.3008157081270237 1.3130875544301088 1.2517283229146832 1.3437671701878218 1.3008157081270237 1.4419419406125027 1.41126232485479 1.6873788666742053 2.0493983326152168 2.2334760271614935 2.325514874434632 1.9941750242513334 1.8223691760081417 1.8837284075235674 1.8346410223112268 1.9144080232812801 1.8960002538266525 1.8837284075235674 1.9144080232812801 1.9082721001297376 1.8100973297050567 1.9205439464328227 2.0923497946760143 2.3071071049800045 2.116893487282185 2.030990563160589 1.9634954084936207 1.6566992509164924 1.6137477888556946 1.4910293258248433 1.521708941582556 1.4480778637640452 1.5247769031583274 1.5278448647340985 
-56.0 -56.0 -56.5 -56.0 -56.0 -56.5 -56.5 -56.5 -56.5 -56.5 -56.5 -56.5 -56.5 -56.5 -56.5 -56.5 -56.5 -57.5 -58.5 -59.0 -59.0 -57.0 -52.0 -54.0 -54.0 -54.5 -54.0 -53.5 -53.5 -53.0 -53.5 -53.0 -52.0 -51.5 -56.5 -58.5 -56.5 -57.0 -56.0 -56.0 -55.5 -56.5 -55.5 -56.0 -55.0 
1.718058482431918 1.7732817907958012 1.7671458676442586 1.6812429435226628 1.6935147898257479 1.6996507129772904 1.6812429435226628 1.662835174068035 1.6812429435226628 1.6014759425526093 1.6689710972195777 1.6260196351587797 1.6689710972195777 1.6689710972195777 1.6444274046134073 1.6566992509164924 1.7119225592803755 1.6198837120072371 1.8039614065535141 1.9696313316451632 2.184388641949153 2.3009711818284617 2.0800779483729293 2.098485717827557 2.1659808724945253 2.2334760271614935 2.1659808724945253 2.1537090261914402 2.2212041808584084 2.1353012567368124 2.184388641949153 2.1537090261914402 2.110757564130642 2.12916533358527 2.3071071049800045 2.3746022596469727 2.172116795646068 2.000310947402876 1.7794177139473437 1.7303303287350031 1.6996507129772904 1.7978254834019713 1.7732817907958012 1.7640779060684872 1.7119225592803755 
-53.0 -53.0 -53.0 -53.0 -53.0 -52.5 -53.5 -53.0 -53.5 -53.0 -53.5 -53.5 -53.5 -53.5 -53.0 -53.5 -54.0 -54.0 -55.5 -55.5 -55.5 -54.0 -54.0 -55.0 -56.5 -55.5 -56.5 -56.5 -56.0 -56.0 -56.0 -56.0 -53.5 -53.0 -54.0 -54.5 -55.0 -54.5 -53.0 -52.5 -52.0 -52.0 -52.0 -53.5 -52.5 
5.387340527054372 5.006913291658733 5.209398755659637 5.2768939103266055 5.424156065963627 5.3198453723874035 5.325981295538946 5.338253141842031 5.264622064023521 5.405748296509 5.289165756629691 5.289165756629691 5.252350217720435 5.307573526084319 5.166447293598839 5.289165756629691 5.344389064993574 5.497787143782138 5.743224069843841 5.841398840268521 5.970253226450915 5.939573610693203 5.663457068873787 5.620505606812989 5.663457068873787 5.632777453116074 5.45483568172134 5.442563835418255 5.442563835418255 5.387340527054372 5.485515297479052 5.540738605842936 5.64504929941916 5.546874528994478 5.93343768754166 5.970253226450915 5.835262917116979 5.749359992995383 5.381204603902829 5.399612373357457 5.350524988145116 5.289165756629691 5.283029833478148 5.255418179296207 5.289165756629691 
-59.5 -60.5 -60.5 -60.5 -60.5 -60.5 -61.0 -61.0 -60.5 -61.0 -61.0 -61.0 -61.0 -61.0 -60.5 -60.0 -61.0 -60.5 -60.0 -60.5 -59.0 -57.0 -57.0 -57.5 -57.0 -57.5 -59.0 -59.5 -59.5 -59.0 -58.5 -58.0 -57.5 -57.0 -56.0 -58.5 -60.0 -59.5 -59.5 -59.5 -59.0 -59.0 -60.5 -61.5 -60.0 
4.8351074434155406 4.884194828627882 4.853515212870168 4.884194828627882 4.804427827657828 4.804427827657828 4.871922982324796 4.884194828627882 4.871922982324796 4.779884135051658 4.8351074434155406 4.6878452877785195 4.822835597112456 4.822835597112456 4.804427827657828 4.669437518323892 4.847379289718626 4.767612288748572 4.963961829597935 5.135767677841127 5.5100589900852235 5.583690067903734 4.933282213840222 5.056000676871073 5.589825991055276 5.522330836388308 5.313709449235861 5.350524988145116 5.50392306693368 5.460971604872882 5.485515297479052 5.780039608753096 4.884194828627882 5.399612373357457 5.8045833013592665 5.712544454086128 5.313709449235861 5.092816215780329 4.97623367590102 4.914874444385594 4.8351074434155406 4.884194828627882 4.841243366567084 4.819767635536684 4.890330751779424 
-59.0 -59.5 -59.5 -60.0 -60.5 -61.0 -61.0 -60.5 -60.5 -60.5 -60.5 -61.0 -60.5 -60.5 -60.0 -60.5 -61.0 -60.5 -61.5 -61.5 -63.5 -62.5 -61.0 -70.0 -67.0 -64.5 -65.5 -65.5 -66.0 -66.5 -65.0 -67.0 -66.5 -62.0 -65.0 -65.5 -61.0 -61.5 -60.5 -61.0 -60.5 -60.5 -60.0 -61.5 -61.5 
