3.098641191528995 0.1902136176978195 3.393165502803038 3.380893656499953 3.393165502803038 3.6999616603801666 3.3440781175906977 3.3502140407422405 3.497476196379262 3.6263305825616556 3.380893656499953 3.7429131224409646 0.25157284921324513 3.429981041712294 3.5895150436524004 0.3528155812136975 3.816544200259475 3.380893656499953 3.448388811166921 3.497476196379262 3.3747577333484107 3.497476196379262 0.6810874698212247 0.2454369260617026 0.4172427743048944 3.067961575771282 0.1380582709097077 3.3195344249845276 3.724505352986337 3.693825737228624 0.44178646691106466 3.865631585471816 3.3318062712876126 3.2888548092268146 3.1231848841351653 0.1227184630308513 3.2827188860752723 0.23930100291016002 
-62.5 -63.5 -61.0 -62.0 -62.5 -62.0 -62.5 -63.0 -63.0 -62.5 -61.5 -63.0 -63.5 -62.5 -62.0 -65.5 -67.0 -64.5 -65.5 -65.0 -66.0 -68.0 -71.0 -70.0 -69.5 -67.5 -64.5 -64.0 -63.0 -65.0 -67.0 -65.0 -63.5 -64.5 -64.5 -65.5 -64.5 -65.0 
2.086213871524472 2.1046216409791 2.055534255766759 2.024854640009046 1.945087639038993 2.1537090261914402 2.12916533358527 1.7978254834019713 1.8837284075235674 2.0371264863121317 2.098485717827557 1.9634954084936207 1.9819031779482483 1.8837284075235674 2.0493983326152168 5.353592949720888 2.356194490192345 2.2948352586769194 2.2027964114037806 2.7979809571034093 3.018874190558942 3.1354567304382504 2.6261751088602177 2.4850488763747385 2.1966604882522383 2.2764274892222915 2.0800779483729293 2.423689644859313 2.6813984172241008 3.160000423044421 5.967185264875144 2.0800779483729293 1.9205439464328227 1.9819031779482483 2.1598449493429825 1.9082721001297376 2.116893487282185 1.9941750242513334 1.88986433067511 2.0493983326152168 2.067806102069844 2.0371264863121317 
-60.5 -61.0 -60.5 -60.5 -61.0 -60.5 -61.0 -60.5 -60.5 -61.0 -60.5 -61.5 -60.0 -60.5 -60.0 -62.0 -63.0 -62.5 -64.5 -66.5 -66.0 -65.5 -63.5 -63.5 -62.5 -63.0 -62.5 -63.0 -65.0 -65.5 -66.5 -64.0 -62.0 -62.0 -62.5 -61.5 -61.5 -60.5 -61.0 -61.5 -60.5 -61.0 
1.2701360923693108 1.2701360923693108 1.2455923997631406 1.2333205534600555 1.2210487071569704 1.2517283229146832 1.239456476611598 1.1903690913992575 1.3008157081270237 1.2087768608538851 1.2885438618239387 1.239456476611598 1.3069516312785663 1.2578642460662257 1.239456476611598 1.3069516312785663 1.3284273623089653 1.239456476611598 1.1596894756415448 1.0983302441261191 1.4051264017032472 1.3867186322486196 1.2026409377023426 1.141281706186917 1.0185632431560658 1.055378782065321 1.0615147052168636 1.0615147052168636 1.0676506283684062 1.2333205534600555 1.2701360923693108 4.586602555778067 1.3008157081270237 1.1474176293384597 1.3314953238847365 1.3560390164909069 1.2885438618239387 1.2762720155208536 1.1596894756415448 1.2087768608538851 1.227184630308513 1.282407938672396 1.4051264017032472 
-48.5 -48.5 -48.5 -48.5 -48.5 -49.0 -48.5 -48.5 -48.5 -48.5 -48.5 -48.5 -49.0 -48.5 -48.5 -48.5 -50.0 -52.0 -52.5 -53.5 -55.5 -53.5 -53.5 -54.5 -55.0 -55.0 -54.5 -54.5 -54.0 -53.5 -53.5 -54.5 -54.0 -51.5 -51.0 -51.0 -49.0 -49.0 -49.5 -49.5 -49.5 -49.5 -49.5 
1.2640001692177683 1.2517283229146832 1.2087768608538851 1.2701360923693108 1.2640001692177683 1.2210487071569704 1.2087768608538851 1.227184630308513 1.2762720155208536 1.239456476611598 1.184233168247715 1.227184630308513 1.184233168247715 1.2333205534600555 1.2210487071569704 1.3069516312785663 1.2762720155208536 1.2885438618239387 1.325359400733194 1.662835174068035 1.846912868614312 1.6382914814618648 1.4358060174609601 1.533980787885641 1.509437095279471 1.4542137869155878 1.4726215563702154 1.4848934026733007 1.4726215563702154 1.5033011721279284 1.4664856332186729 1.6137477888556946 1.705786636128833 1.3621749396424494 1.2946797849754812 1.2302525918842842 1.2210487071569704 1.184233168247715 1.1719613219446299 1.1351457830353744 1.1474176293384597 1.1780972450961724 1.227184630308513 
-50.5 -50.5 -50.0 -50.0 -50.5 -50.0 -50.5 -50.0 -50.0 -50.0 -50.5 -50.0 -50.0 -50.0 -50.5 -50.5 -51.0 -52.0 -52.5 -53.5 -52.5 -50.5 -51.5 -52.0 -52.0 -51.5 -51.5 -51.5 -51.5 -52.0 -51.5 -51.0 -52.5 -53.5 -52.5 -52.0 -50.0 -50.0 -50.5 -50.5 -50.5 -50.0 -50.0 
1.4542137869155878 1.3499030933393643 1.3989904785517047 1.4051264017032472 1.4480778637640452 1.5401167110371838 1.4542137869155878 1.5462526341887264 1.4051264017032472 1.4787574795217582 1.41126232485479 1.4173982480063325 1.423534171157875 1.4787574795217582 1.3928545554001621 1.337631247036279 1.7027186745530618 1.9757672547967058 2.2150682577068657 2.4175537217077703 2.2518837966161214 1.9266798695843652 1.8960002538266525 1.8162332528565992 1.846912868614312 1.8223691760081417 1.8100973297050567 1.8039614065535141 1.8407769454627694 1.8100973297050567 1.7671458676442586 1.9512235621905356 2.110757564130642 2.172116795646068 2.0371264863121317 1.8499808301900833 1.5585244804918115 1.5155730184310134 1.3437671701878218 1.1965050145508 1.4296700943094176 1.4542137869155878 1.4542137869155878 
-55.0 -55.5 -56.0 -55.5 -56.0 -55.5 -55.5 -55.5 -56.0 -56.0 -55.5 -56.0 -55.5 -55.0 -55.5 -56.0 -58.5 -60.0 -61.5 -56.0 -52.5 -54.0 -54.5 -56.0 -57.0 -57.0 -56.5 -56.0 -55.5 -55.0 -53.0 -53.0 -52.0 -56.5 -55.0 -56.5 -56.0 -56.0 -55.5 -56.0 -55.5 -54.5 -55.0 
1.705786636128833 1.7855536370988863 1.718058482431918 1.6444274046134073 1.6996507129772904 1.748738098189631 1.748738098189631 1.5830681730979816 1.718058482431918 1.6137477888556946 1.6260196351587797 1.6689710972195777 1.7241944055834606 1.7119225592803755 1.6444274046134073 1.7303303287350031 1.6812429435226628 1.945087639038993 2.141437179888355 2.356194490192345 2.098485717827557 2.1905245651006955 2.325514874434632 2.098485717827557 2.116893487282185 2.1966604882522383 2.1475731030398975 2.282563412373834 2.1353012567368124 2.1353012567368124 2.1475731030398975 2.083145909948701 2.141437179888355 2.2457478734645786 2.2334760271614935 2.0156507552817327 1.7303303287350031 1.736466251886546 1.7303303287350031 1.6935147898257479 1.6873788666742053 1.718058482431918 1.7671458676442586 
-53.0 -53.0 -53.0 -53.0 -53.0 -52.5 -52.5 -52.5 -53.0 -52.5 -53.0 -53.0 -53.0 -52.5 -52.5 -53.0 -54.0 -55.5 -57.0 -54.5 -53.5 -55.5 -56.0 -56.5 -57.5 -56.0 -56.0 -56.0 -57.0 -55.5 -55.5 -54.5 -53.5 -54.5 -55.0 -55.0 -54.0 -52.5 -53.0 -53.0 -52.0 -52.5 -51.5 
5.313709449235861 5.221670601962723 5.289165756629691 5.387340527054372 5.258486140871978 5.2768939103266055 5.301437602932776 5.252350217720435 5.344389064993574 5.264622064023521 5.307573526084319 5.258486140871978 5.399612373357457 5.295301679781233 5.344389064993574 5.424156065963627 5.632777453116074 5.798447378207723 6.000932842208628 6.037748381117884 5.700272607783043 5.700272607783043 5.7616318392984684 5.688000761479957 5.553010452146021 5.792311455056181 5.780039608753096 5.810719224510809 5.64504929941916 5.964117303299373 5.675728915176872 5.675728915176872 5.8475347634200645 5.915029918087033 5.829126993965437 5.6665250304495585 5.540738605842936 5.405748296509 5.2339424482658075 5.350524988145116 5.381204603902829 5.313709449235861 5.381204603902829 
-60.5 -60.5 -60.0 -61.0 -61.0 -60.5 -61.0 -60.5 -60.0 -60.5 -60.0 -59.5 -60.0 -60.0 -60.0 -60.5 -61.0 -59.5 -59.0 -56.5 -56.5 -57.0 -56.5 -58.0 -59.0 -60.0 -60.0 -60.0 -59.5 -58.0 -57.0 -58.0 -56.0 -59.0 -59.5 -60.0 -60.0 -60.0 -60.0 -61.0 -60.5 -60.5 -60.5 
4.914874444385594 4.871922982324796 4.81056375080937 4.963961829597935 4.773748211900116 4.859651136021712 4.743068596142402 4.853515212870168 4.841243366567084 4.871922982324796 4.853515212870168 4.681709364626977 4.896466674930966 4.767612288748572 4.792155981354743 4.933282213840222 1.7119225592803755 5.074408446325701 5.638913376267617 5.442563835418255 5.00077736850719 5.123495831538041 5.460971604872882 5.583690067903734 5.841398840268521 5.522330836388308 5.6941366846315 5.577554144752192 5.780039608753096 5.45483568172134 5.675728915176872 4.97623367590102 5.540738605842936 5.878214379177777 5.313709449235861 5.154175447295755 5.1725832167503825 4.878058905476339 4.792155981354743 4.8351074434155406 4.700117134081604 4.908738521234052 4.908738521234052 
-60.5 -60.5 -60.0 -60.0 -60.0 -60.0 -61.0 -60.0 -61.0 -59.5 -59.0 -60.0 -59.5 -59.5 -59.5 -60.0 -62.0 -63.5 -65.0 -62.5 -61.0 -66.5 -66.0 -68.0 -67.5 -66.5 -66.0 -66.5 -68.5 -68.0 -66.0 -65.5 -62.5 -65.0 -62.0 -62.5 -62.0 -61.5 -61.5 -61.0 -60.5 -60.5 -59.5 
