3.393165502803038 3.479068426924634 3.429981041712294 3.4913402732277192 3.436116964863836 0.19634954084936207 0.17487380981896308 3.160000423044421 3.3379421944391554 3.2888548092268146 3.3318062712876126 3.1784081924990484 3.5036121195308043 3.2765829629237295 3.2029518851052186 3.2459033471660166 3.3502140407422405 3.5956509668039427 3.472932503773092 3.2888548092268146 3.6079228131070282 3.6570101983193686 3.6140587362585705 3.227495577711389 3.3440781175906977 3.423845118560751 3.472932503773092 3.479068426924634 3.730641276137879 0.5154175447295755 3.368621810196868 3.448388811166921 3.4913402732277192 0.44178646691106466 3.509748042682347 3.147728576741336 3.074097498922825 3.2397674240144743 3.1784081924990484 3.098641191528995 3.399301425954581 3.552699504743145 
-63.0 -62.0 -63.5 -63.5 -62.5 -64.0 -64.0 -63.0 -63.5 -63.0 -61.0 -63.5 -63.5 -63.5 -63.5 -63.5 -65.0 -65.5 -64.5 -65.5 -64.0 -68.0 -68.5 -68.5 -68.0 -68.0 -67.5 -68.5 -69.5 -71.5 -65.5 -67.0 -64.0 -65.0 -64.5 -64.0 -62.0 -64.0 -63.0 -63.5 -63.5 -63.5 
1.9573594853420782 1.9757672547967058 2.000310947402876 5.325981295538946 5.418020142812084 2.061670178918302 2.270291566070749 2.1598449493429825 2.2212041808584084 2.1353012567368124 2.0923497946760143 2.1905245651006955 2.1475731030398975 2.1598449493429825 2.1966604882522383 2.423689644859313 2.313243028131547 2.5954954931025047 2.84706834231575 3.067961575771282 2.804116880254952 2.5341362615870793 2.4850488763747385 2.3746022596469727 2.4175537217077703 2.4911847995262812 2.8102528034064944 2.9943304979527716 2.552544031041707 2.2089323345553233 1.8407769454627694 2.061670178918302 1.8837284075235674 2.067806102069844 2.098485717827557 1.9634954084936207 1.9941750242513334 2.061670178918302 1.9880391010997909 2.2580197197676637 
-62.5 -63.0 -60.5 -63.0 -63.0 -62.5 -61.5 -62.0 -62.0 -62.0 -62.5 -62.5 -62.5 -62.0 -62.5 -62.5 -62.5 -66.0 -66.5 -66.0 -63.5 -63.0 -63.0 -62.0 -62.0 -62.5 -63.5 -66.5 -64.5 -64.5 -63.0 -62.0 -61.5 -61.5 -61.0 -61.0 -61.5 -62.0 -61.5 -62.0 
1.2578642460662257 1.239456476611598 1.214912784005428 1.214912784005428 1.2333205534600555 1.2087768608538851 1.184233168247715 1.214912784005428 1.239456476611598 1.2455923997631406 1.2455923997631406 1.2333205534600555 1.2087768608538851 1.214912784005428 1.2087768608538851 1.2517283229146832 1.2087768608538851 1.214912784005428 1.2701360923693108 1.1903690913992575 1.0369710126106935 1.3130875544301088 1.4726215563702154 1.1903690913992575 1.0676506283684062 1.0921943209745766 1.1351457830353744 1.0799224746714913 1.1106020904292042 1.0983302441261191 1.1474176293384597 1.1903690913992575 1.3989904785517047 1.1535535524900022 1.030835089459151 1.205708899278114 1.2333205534600555 1.1474176293384597 1.1474176293384597 1.1106020904292042 1.141281706186917 1.1228739367322893 1.1719613219446299 1.1474176293384597 
-48.5 -48.5 -48.0 -48.5 -48.5 -48.5 -48.5 -48.5 -49.0 -48.5 -48.5 -48.5 -48.5 -48.5 -48.5 -48.0 -48.5 -48.5 -49.0 -51.5 -53.0 -55.0 -54.0 -52.5 -54.0 -54.0 -54.0 -54.0 -53.5 -53.5 -53.5 -52.5 -53.5 -54.5 -52.0 -52.0 -51.0 -49.5 -49.0 -49.0 -49.0 -48.5 -48.5 -48.5 
1.2087768608538851 1.1535535524900022 1.1719613219446299 1.184233168247715 1.1719613219446299 1.1658253987930873 1.1780972450961724 1.184233168247715 1.193437052975029 1.1780972450961724 1.1903690913992575 1.1780972450961724 1.1780972450961724 1.1965050145508 1.1903690913992575 1.2026409377023426 1.1903690913992575 1.2210487071569704 1.2026409377023426 1.2762720155208536 1.368310862793992 1.6996507129772904 1.718058482431918 1.380582709097077 1.4848934026733007 1.576932249946439 1.521708941582556 1.5585244804918115 1.607611865704152 1.564660403643354 1.4664856332186729 1.4419419406125027 1.509437095279471 1.6689710972195777 1.4910293258248433 1.3499030933393643 1.2333205534600555 1.1903690913992575 1.1658253987930873 1.141281706186917 1.1596894756415448 1.1535535524900022 1.1965050145508 1.1351457830353744 
-50.0 -50.5 -50.5 -50.0 -50.0 -50.5 -50.0 -50.5 -51.0 -50.5 -50.0 -50.5 -50.0 -50.5 -50.5 -49.5 -50.5 -50.5 -51.0 -51.5 -53.0 -52.5 -50.5 -50.5 -52.0 -51.5 -51.0 -51.0 -51.5 -51.5 -51.5 -51.0 -51.0 -52.0 -53.5 -53.0 -52.0 -51.0 -50.5 -50.5 -50.5 -50.5 -50.5 -50.5 
1.3928545554001621 1.3621749396424494 1.4603497100671303 1.3928545554001621 1.337631247036279 1.41126232485479 1.4051264017032472 1.4173982480063325 1.4327380558851888 1.4726215563702154 1.423534171157875 1.4358060174609601 1.4051264017032472 1.4419419406125027 1.3989904785517047 1.3928545554001621 1.4296700943094176 1.5033011721279284 1.564660403643354 2.0800779483729293 2.3009711818284617 2.2027964114037806 1.7855536370988863 1.8285050991596843 1.8775924843720249 1.8223691760081417 1.8714565612204823 1.8960002538266525 1.8960002538266525 1.8837284075235674 1.8223691760081417 1.7303303287350031 1.7916895602504288 2.0064468705544187 2.1598449493429825 2.141437179888355 1.932815792735908 1.5278448647340985 1.368310862793992 1.41126232485479 1.2333205534600555 1.3130875544301088 1.337631247036279 1.3437671701878218 
-55.0 -55.0 -55.0 -55.0 -54.5 -54.5 -55.0 -55.0 -55.5 -55.0 -55.0 -54.5 -55.0 -55.5 -55.0 -55.0 -55.0 -56.0 -57.5 -58.5 -59.0 -52.5 -52.0 -54.0 -54.0 -55.0 -54.5 -54.5 -54.5 -54.0 -54.5 -52.5 -52.5 -51.5 -56.0 -57.0 -56.5 -57.0 -57.0 -56.5 -56.5 -56.0 -56.0 -56.0 
1.6505633277649499 1.6566992509164924 1.607611865704152 1.6198837120072371 1.662835174068035 1.6137477888556946 1.6505633277649499 1.6198837120072371 1.6689710972195777 1.6751070203711202 1.6505633277649499 1.6505633277649499 1.6751070203711202 1.6751070203711202 1.6996507129772904 1.6935147898257479 1.761009944492716 1.6198837120072371 1.5892040962495242 1.8100973297050567 2.270291566070749 2.1598449493429825 2.012582793705961 2.1966604882522383 2.2027964114037806 2.2027964114037806 2.1782527187976104 2.2150682577068657 2.2027964114037806 2.086213871524472 2.1659808724945253 2.098485717827557 2.073942025221387 2.1046216409791 2.110757564130642 5.387340527054372 1.9880391010997909 1.736466251886546 1.6382914814618648 1.6566992509164924 1.6935147898257479 1.6444274046134073 1.5707963267948966 1.6198837120072371 
-53.0 -53.0 -53.0 -53.0 -53.0 -53.0 -53.0 -52.5 -53.5 -53.0 -53.0 -53.0 -53.5 -53.0 -53.5 -53.5 -53.5 -53.5 -55.0 -56.0 -56.5 -53.5 -54.5 -55.5 -55.5 -57.0 -57.0 -55.5 -56.0 -56.0 -55.5 -56.5 -54.0 -53.5 -54.0 -54.5 -54.0 -54.5 -53.5 -53.0 -53.0 -53.0 -53.0 -53.5 
5.148039524144211 5.141903600992669 5.209398755659637 5.221670601962723 5.227806525114265 5.21553467881118 5.209398755659637 5.141903600992669 5.132699716265355 5.129631754689584 5.062136600022616 5.092816215780329 5.092816215780329 5.160311370447297 5.123495831538041 5.178719139901925 5.111223985234957 5.332117218690489 5.565282298449106 5.945709533844745 6.050020227420969 5.896622148632405 5.5284667595398505 5.792311455056181 5.632777453116074 5.43029198911517 5.47937937432751 5.5100589900852235 5.5284667595398505 5.45483568172134 5.522330836388308 5.64504929941916 5.743224069843841 5.712544454086128 5.994796919057086 5.942641572268974 5.915029918087033 5.602097837358362 5.289165756629691 5.332117218690489 5.270757987175063 5.21553467881118 5.3198453723874035 5.240078371417351 
-60.0 -61.0 -61.0 -60.5 -61.0 -61.0 -60.0 -61.0 -61.5 -61.0 -61.5 -60.5 -60.5 -60.5 -60.0 -61.0 -61.0 -60.5 -60.5 -61.0 -59.0 -55.5 -58.5 -57.5 -58.0 -58.5 -59.5 -60.0 -60.0 -59.0 -59.0 -58.0 -57.5 -57.5 -57.0 -60.0 -60.0 -60.0 -61.0 -60.5 -60.5 -61.5 -60.5 -60.5 
4.614214209960009 4.749204519293945 4.743068596142402 4.700117134081604 4.693981210930062 1.533980787885641 4.651029748869264 4.81056375080937 4.6448938257177215 4.620350133111551 4.503767593232243 4.540583132141498 4.6448938257177215 4.614214209960009 4.651029748869264 4.595806440505381 4.632621979414636 4.663301595172349 4.608078286808466 5.209398755659637 5.841398840268521 5.246214294568893 5.313709449235861 5.688000761479957 2.435961491162398 5.6143696836614465 5.835262917116979 5.141903600992669 5.485515297479052 5.749359992995383 5.418020142812084 5.203262832508095 4.822835597112456 4.700117134081604 4.718524903536232 4.6878452877785195 4.71238898038469 4.724660826687775 4.779884135051658 
-60.5 -60.0 -60.0 -61.0 -61.0 -61.0 -60.5 -61.0 -61.5 -61.0 -61.0 -61.0 -61.0 -61.5 -60.5 -60.0 -61.0 -62.0 -62.5 -64.5 -65.5 -62.5 -66.5 -67.0 -68.5 -65.5 -71.5 -64.5 -63.0 -64.5 -64.0 -61.0 -61.5 -61.5 -61.5 -61.5 -60.5 -61.0 -59.5 
