3.6324665057131984 3.6140587362585705 3.454524734318464 3.5956509668039427 3.3624858870453256 3.54042765844006 3.3318062712876126 3.5588354278946874 3.6570101983193686 3.4606606574700063 3.509748042682347 3.5711072741977725 3.56497135104623 3.4177091954092087 3.5711072741977725 3.423845118560751 3.4177091954092087 3.436116964863836 3.54042765844006 3.4606606574700063 3.2336315008629315 3.018874190558942 5.853670686571607 0.7669903939428205 4.252194744018997 3.8288160465625602 3.736777199289422 3.3440781175906977 3.693825737228624 3.773592738198677 3.792000507653305 3.834951969714103 3.785864584501762 3.2827188860752723 3.2704470397721868 3.3318062712876126 3.4054373491061236 3.5342917352885173 3.466796580621549 3.2581751934691017 3.2213596545598464 
-62.5 -63.5 -63.0 -63.0 -64.0 -63.5 -64.0 -64.5 -64.0 -64.0 -63.5 -63.5 -63.5 -64.0 -64.0 -63.5 -63.5 -63.5 -65.5 -68.0 -66.0 -69.0 -68.5 -72.0 -71.5 -70.0 -70.0 -71.0 -69.5 -71.5 -73.0 -73.0 -72.5 -67.5 -67.5 -64.5 -65.5 -65.0 -62.5 -64.0 -65.0 
2.1046216409791 2.0800779483729293 2.0923497946760143 2.2212041808584084 2.2948352586769194 2.2948352586769194 2.1782527187976104 2.325514874434632 2.2948352586769194 2.227340104009951 2.2396119503130363 2.3316507975861747 2.3193789512830896 2.2580197197676637 2.3623304133438876 2.2641556429192065 2.2396119503130363 2.3009711818284617 2.405281875404685 2.1537090261914402 2.0923497946760143 2.5341362615870793 2.4911847995262812 2.8102528034064944 2.5832236467994196 2.411417798556228 2.380738182798515 2.4175537217077703 2.5034566458293663 2.5709518004963345 2.693670263527186 2.6875343403756435 2.2641556429192065 2.061670178918302 1.9941750242513334 2.067806102069844 2.0800779483729293 2.086213871524472 2.2212041808584084 2.227340104009951 2.1230294104337273 2.018718716857504 
-61.0 -61.5 -61.0 -61.0 -61.5 -61.0 -60.5 -61.0 -61.0 -61.5 -61.5 -60.5 -61.0 -60.5 -60.0 -61.0 -60.5 -60.0 -62.0 -62.0 -63.0 -65.5 -67.0 -65.0 -63.0 -62.0 -62.0 -62.0 -62.5 -63.5 -64.5 -67.0 -65.5 -63.0 -61.5 -61.5 -61.0 -60.5 -59.5 -60.0 -61.0 -60.5 
1.239456476611598 1.239456476611598 1.3008157081270237 1.3069516312785663 1.3560390164909069 1.3621749396424494 1.3499030933393643 1.41126232485479 1.4296700943094176 1.3867186322486196 1.4051264017032472 1.380582709097077 1.3928545554001621 1.380582709097077 1.3744467859455345 1.3437671701878218 1.3744467859455345 1.3437671701878218 1.2701360923693108 1.2578642460662257 1.1167380135807468 1.086058397823034 1.4603497100671303 1.368310862793992 1.0676506283684062 1.1228739367322893 1.1351457830353744 1.0369710126106935 1.0921943209745766 1.0921943209745766 1.086058397823034 1.141281706186917 1.184233168247715 1.41126232485479 1.1167380135807468 1.086058397823034 1.2640001692177683 1.3069516312785663 1.2640001692177683 1.2578642460662257 1.282407938672396 1.282407938672396 1.2762720155208536 
-49.0 -49.0 -49.0 -49.0 -49.0 -49.0 -49.0 -49.5 -49.0 -49.0 -49.0 -49.0 -49.0 -49.5 -49.0 -49.0 -49.0 -49.0 -50.0 -51.5 -52.5 -54.0 -55.0 -53.5 -53.5 -53.5 -53.5 -53.5 -54.0 -54.0 -54.0 -54.0 -53.5 -55.5 -55.0 -52.5 -53.0 -51.5 -50.0 -50.0 -49.5 -49.5 -49.5 
1.1596894756415448 1.2455923997631406 1.1903690913992575 1.2333205534600555 1.2701360923693108 1.282407938672396 1.2946797849754812 1.2946797849754812 1.41126232485479 1.3192234775816514 1.2578642460662257 1.3069516312785663 1.2762720155208536 1.2701360923693108 1.3499030933393643 1.2762720155208536 1.2762720155208536 1.325359400733194 1.2333205534600555 1.2578642460662257 1.3499030933393643 1.6198837120072371 1.7732817907958012 1.533980787885641 1.3928545554001621 1.521708941582556 1.521708941582556 1.533980787885641 1.5033011721279284 1.5033011721279284 1.552388557340269 1.5278448647340985 1.4603497100671303 1.6689710972195777 1.6137477888556946 1.3130875544301088 1.1965050145508 1.2210487071569704 1.282407938672396 1.3069516312785663 1.3314953238847365 1.3008157081270237 1.2885438618239387 
-50.5 -50.5 -50.5 -50.5 -51.0 -50.5 -51.0 -51.0 -50.5 -50.5 -50.5 -50.5 -50.5 -50.5 -51.0 -51.0 -51.0 -50.5 -51.0 -52.0 -53.5 -53.5 -51.5 -51.0 -51.5 -52.0 -51.5 -51.5 -51.5 -51.5 -52.0 -52.5 -52.0 -51.5 -54.5 -54.5 -52.5 -51.0 -50.5 -50.0 -50.0 -50.0 -50.0 
1.282407938672396 1.3192234775816514 1.3008157081270237 1.3437671701878218 1.4664856332186729 1.4296700943094176 1.4051264017032472 1.3989904785517047 1.4358060174609601 1.4664856332186729 1.4419419406125027 1.423534171157875 1.4480778637640452 1.4480778637640452 1.380582709097077 1.3867186322486196 1.5278448647340985 1.4358060174609601 1.5892040962495242 1.736466251886546 2.141437179888355 2.3316507975861747 1.9082721001297376 1.8407769454627694 1.7855536370988863 1.8530487917658545 1.8530487917658545 1.8407769454627694 1.859184714917397 1.859184714917397 1.88986433067511 1.8714565612204823 1.8714565612204823 2.0064468705544187 2.282563412373834 2.3071071049800045 2.0371264863121317 1.7732817907958012 1.5033011721279284 1.5033011721279284 1.3928545554001621 1.3867186322486196 1.41126232485479 
-56.5 -56.5 -56.5 -56.5 -57.0 -56.5 -56.5 -56.5 -56.5 -56.5 -57.0 -57.0 -56.0 -56.5 -57.0 -57.0 -56.5 -57.0 -59.0 -60.0 -62.0 -57.0 -52.5 -53.0 -53.5 -54.0 -53.5 -54.0 -54.0 -54.0 -54.0 -55.0 -55.0 -54.5 -55.5 -63.5 -61.5 -60.0 -58.5 -57.0 -57.0 -56.0 -56.5 
1.576932249946439 1.5892040962495242 1.564660403643354 1.5892040962495242 1.6505633277649499 1.6689710972195777 1.6812429435226628 1.6812429435226628 1.6444274046134073 1.6505633277649499 1.6935147898257479 1.6812429435226628 1.6505633277649499 1.6321555583103222 1.662835174068035 1.6321555583103222 1.6321555583103222 1.6505633277649499 1.5892040962495242 1.7119225592803755 2.3193789512830896 2.1598449493429825 2.043262409463674 2.0800779483729293 2.172116795646068 2.0923497946760143 2.055534255766759 2.1230294104337273 2.1659808724945253 2.141437179888355 2.0800779483729293 2.172116795646068 2.227340104009951 2.116893487282185 2.172116795646068 2.227340104009951 2.0923497946760143 1.88986433067511 1.761009944492716 1.8346410223112268 1.88986433067511 1.8223691760081417 1.7794177139473437 
-54.0 -53.5 -54.0 -54.0 -53.5 -53.5 -53.5 -53.5 -53.5 -53.5 -53.0 -53.0 -53.5 -52.5 -53.0 -53.5 -53.0 -53.5 -54.5 -56.0 -56.5 -53.5 -55.0 -54.5 -55.0 -55.0 -56.5 -56.0 -55.5 -56.5 -55.5 -55.0 -55.5 -55.0 -54.5 -55.5 -56.0 -55.0 -53.5 -52.5 -52.5 -52.5 -52.5 
5.356660911296659 5.442563835418255 5.289165756629691 5.356660911296659 5.301437602932776 5.295301679781233 5.2339424482658075 5.460971604872882 5.289165756629691 5.313709449235861 5.289165756629691 5.21553467881118 5.2768939103266055 5.2768939103266055 5.3198453723874035 5.289165756629691 5.264622064023521 5.381204603902829 5.424156065963627 5.663457068873787 5.957981380147831 6.111379458936394 5.620505606812989 5.724816300389213 5.7616318392984684 5.675728915176872 5.45483568172134 5.559146375297564 5.473243451175968 5.5284667595398505 5.5714182216006485 5.786175531904639 5.755495916146925 5.712544454086128 5.859806609723149 5.970253226450915 5.829126993965437 5.651185222570702 5.368932757599744 5.295301679781233 5.221670601962723 5.283029833478148 5.418020142812084 
-59.5 -60.5 -60.5 -60.0 -60.0 -60.0 -60.5 -60.0 -60.0 -60.0 -60.5 -60.0 -60.0 -60.0 -60.0 -60.0 -60.5 -60.0 -59.5 -60.5 -60.0 -57.0 -58.0 -58.5 -57.0 -57.5 -59.0 -59.5 -60.0 -59.0 -58.5 -57.5 -56.5 -58.0 -56.5 -58.0 -59.5 -59.5 -58.0 -58.5 -59.0 -60.0 -60.0 
4.657165672020807 4.669437518323892 4.632621979414636 4.632621979414636 4.614214209960009 4.528311285838413 4.608078286808466 4.663301595172349 4.614214209960009 4.657165672020807 4.608078286808466 4.534447208989955 4.577398671050753 4.571262747899211 4.601942363656923 4.589670517353839 4.601942363656923 4.546719055293041 4.546719055293041 4.767612288748572 5.6941366846315 5.227806525114265 5.013049214810275 2.521864415283994 5.4671075280244255 5.5714182216006485 5.577554144752192 5.497787143782138 5.405748296509 5.418020142812084 5.4671075280244255 5.5100589900852235 5.00077736850719 5.50392306693368 5.338253141842031 5.006913291658733 5.013049214810275 4.878058905476339 4.804427827657828 4.847379289718626 4.902602598082509 4.828971520263998 
-60.0 -60.5 -59.5 -59.5 -59.5 -59.5 -59.5 -59.0 -60.5 -59.0 -59.0 -59.0 -59.5 -58.5 -59.0 -59.0 -59.0 -60.5 -62.0 -63.5 -65.5 -63.5 -62.0 -70.0 -66.5 -66.5 -66.5 -66.5 -66.5 -66.5 -67.5 -69.5 -62.5 -63.5 -64.5 -61.0 -59.5 -58.5 -59.0 -59.0 -59.0 -60.0 
