3.423845118560751 3.2888548092268146 3.4913402732277192 3.313398501832985 3.356349963893783 3.2397674240144743 3.3011266555298997 3.3624858870453256 3.2888548092268146 3.2765829629237295 3.3747577333484107 3.399301425954581 3.6079228131070282 3.2949907323783574 3.454524734318464 3.2397674240144743 3.3195344249845276 0.7547185476397354 3.215223731408304 3.7122335066832517 0.8099418560036186 4.276738436625168 3.718369429834794 3.5588354278946874 3.356349963893783 3.5956509668039427 3.749049045592507 4.031301510563465 0.32520392703175593 3.6692820446224537 3.730641276137879 3.9453985864418692 3.9453985864418692 3.6386024288647407 3.1906800388021335 3.2090878082567613 3.3379421944391554 3.466796580621549 3.313398501832985 3.227495577711389 
-63.5 -63.0 -63.5 -62.5 -64.0 -63.5 -63.5 -62.0 -63.0 -62.5 -62.5 -63.0 -63.5 -63.0 -63.0 -63.5 -64.5 -69.0 -65.5 -70.5 -72.5 -70.5 -69.5 -68.5 -69.0 -69.0 -71.5 -71.0 -68.5 -66.0 -65.0 -64.5 -66.0 -69.0 -63.5 -65.0 -64.5 -65.0 -64.5 -64.0 
2.055534255766759 2.0371264863121317 2.086213871524472 2.172116795646068 2.0371264863121317 2.073942025221387 2.12916533358527 2.1782527187976104 2.0800779483729293 1.945087639038993 2.1475731030398975 2.1353012567368124 2.1230294104337273 2.2089323345553233 2.1598449493429825 2.1353012567368124 1.8346410223112268 2.1475731030398975 2.2334760271614935 2.030990563160589 2.172116795646068 2.6691265709210157 3.06182565261974 2.675262494072558 2.411417798556228 2.3009711818284617 2.282563412373834 2.2027964114037806 2.405281875404685 2.748893571891069 2.454369260617026 2.466641106920111 1.932815792735908 1.8714565612204823 1.8960002538266525 1.7303303287350031 1.88986433067511 1.8407769454627694 1.9512235621905356 1.9757672547967058 1.88986433067511 1.932815792735908 1.8653206380689396 2.0064468705544187 
-62.0 -61.0 -61.5 -60.5 -61.5 -61.0 -61.0 -61.5 -60.5 -61.5 -61.5 -60.0 -60.0 -61.0 -61.5 -61.5 -61.5 -62.5 -61.0 -62.5 -64.5 -66.5 -66.0 -63.5 -62.5 -62.0 -61.0 -62.0 -62.5 -64.0 -67.5 -65.0 -63.0 -62.0 -60.5 -61.0 -62.0 -61.0 -60.0 -60.5 -61.0 -61.0 -60.5 -61.5 
1.1780972450961724 1.184233168247715 1.1719613219446299 1.1658253987930873 1.1658253987930873 1.141281706186917 1.1903690913992575 1.1474176293384597 1.2026409377023426 1.184233168247715 1.2026409377023426 1.2026409377023426 1.184233168247715 1.2333205534600555 1.2087768608538851 1.214912784005428 1.2701360923693108 1.2210487071569704 1.184233168247715 1.086058397823034 1.1780972450961724 1.4173982480063325 1.0983302441261191 1.086058397823034 1.0983302441261191 1.0983302441261191 1.0799224746714913 1.1167380135807468 1.1535535524900022 1.1965050145508 1.1167380135807468 1.325359400733194 1.2087768608538851 1.0615147052168636 1.1903690913992575 1.368310862793992 4.411728745959104 1.1596894756415448 1.1106020904292042 1.1167380135807468 1.1044661672776617 1.1290098598838318 1.1474176293384597 1.1290098598838318 
-49.0 -49.0 -49.0 -49.0 -49.0 -49.0 -48.5 -48.5 -48.5 -48.5 -49.0 -49.0 -48.5 -49.0 -49.0 -48.5 -49.0 -50.0 -52.5 -52.5 -55.0 -54.0 -52.5 -53.5 -53.0 -53.5 -53.5 -53.0 -52.5 -53.0 -52.5 -54.0 -54.0 -52.5 -51.5 -51.0 -50.5 -49.0 -49.0 -49.0 -48.5 -48.5 -48.5 -48.5 
1.1658253987930873 1.1780972450961724 1.1719613219446299 1.1535535524900022 1.1474176293384597 1.1535535524900022 1.1474176293384597 1.1965050145508 1.1903690913992575 1.1965050145508 1.1780972450961724 1.1965050145508 1.184233168247715 1.2210487071569704 1.2640001692177683 1.2026409377023426 1.1474176293384597 1.214912784005428 1.2455923997631406 1.325359400733194 1.6935147898257479 1.6505633277649499 1.3989904785517047 1.4971652489763858 1.521708941582556 1.4971652489763858 1.4664856332186729 1.509437095279471 1.5462526341887264 1.4971652489763858 1.368310862793992 1.5278448647340985 1.6751070203711202 1.3867186322486196 1.2455923997631406 1.1596894756415448 4.292078244504024 1.1719613219446299 1.184233168247715 1.0799224746714913 1.1044661672776617 1.1228739367322893 1.1106020904292042 1.1290098598838318 
-50.5 -50.0 -50.0 -50.0 -50.0 -50.0 -50.0 -50.0 -50.0 -50.0 -50.0 -50.0 -50.0 -50.0 -50.0 -50.0 -50.5 -51.0 -52.0 -53.0 -52.5 -50.5 -51.0 -51.5 -51.0 -51.0 -51.5 -51.0 -51.0 -51.5 -51.0 -51.0 -52.5 -53.0 -52.5 -52.0 -52.0 -51.0 -50.5 -50.5 -50.5 -50.5 -50.5 -50.0 
1.4051264017032472 1.4603497100671303 1.3928545554001621 1.4296700943094176 1.4051264017032472 1.4358060174609601 1.41126232485479 1.4419419406125027 1.4173982480063325 1.5033011721279284 1.239456476611598 1.3437671701878218 1.4173982480063325 1.41126232485479 1.368310862793992 1.3437671701878218 1.521708941582556 1.6137477888556946 1.9144080232812801 2.1537090261914402 2.1353012567368124 1.8346410223112268 1.7732817907958012 1.8653206380689396 1.8285050991596843 1.8223691760081417 1.7732817907958012 1.7916895602504288 1.8223691760081417 1.7978254834019713 1.7303303287350031 1.8837284075235674 2.0371264863121317 2.0923497946760143 2.0493983326152168 2.000310947402876 4.945554060143307 1.4296700943094176 1.2762720155208536 1.3008157081270237 1.2885438618239387 1.239456476611598 1.2701360923693108 1.282407938672396 
-56.5 -56.5 -56.5 -57.0 -57.0 -57.0 -56.0 -56.5 -56.5 -56.5 -57.0 -56.0 -56.5 -56.5 -56.5 -56.0 -57.5 -57.5 -58.5 -59.5 -52.0 -52.5 -53.0 -53.5 -53.0 -53.0 -53.0 -52.5 -52.0 -53.0 -52.0 -52.0 -51.5 -55.0 -56.5 -55.0 -56.5 -57.0 -56.5 -56.0 -55.5 -55.5 -56.0 -55.5 
1.6812429435226628 1.6935147898257479 1.6873788666742053 1.6689710972195777 1.705786636128833 1.7119225592803755 1.6689710972195777 1.6689710972195777 1.705786636128833 1.6873788666742053 1.6873788666742053 1.7303303287350031 1.718058482431918 1.6812429435226628 1.662835174068035 1.6873788666742053 1.5892040962495242 1.6751070203711202 2.018718716857504 2.2212041808584084 2.12916533358527 2.0371264863121317 2.172116795646068 2.1230294104337273 2.0371264863121317 2.018718716857504 2.116893487282185 2.0800779483729293 2.061670178918302 2.1046216409791 2.1230294104337273 2.061670178918302 2.110757564130642 2.2948352586769194 2.2089323345553233 2.030990563160589 1.7732817907958012 1.662835174068035 1.6751070203711202 1.662835174068035 1.662835174068035 1.6260196351587797 1.6321555583103222 1.6321555583103222 
-53.0 -53.5 -53.0 -53.0 -52.5 -53.5 -53.5 -52.5 -53.0 -53.0 -53.0 -53.0 -53.0 -53.0 -53.0 -53.0 -53.5 -54.5 -55.5 -55.5 -53.5 -54.5 -55.5 -55.0 -55.5 -55.5 -55.5 -55.5 -55.5 -54.5 -55.0 -54.5 -53.5 -54.0 -55.5 -55.0 -55.0 -53.5 -53.0 -53.0 -53.0 -53.0 -53.0 -53.0 
5.209398755659637 5.295301679781233 5.3627968344482015 5.295301679781233 5.2768939103266055 5.2768939103266055 5.221670601962723 5.190990986205009 5.221670601962723 5.270757987175063 5.264622064023521 5.21553467881118 5.289165756629691 5.301437602932776 5.148039524144211 5.368932757599744 5.411884219660542 5.6941366846315 5.835262917116979 6.062292073724054 5.7616318392984684 5.663457068873787 5.706408530934585 5.583690067903734 5.460971604872882 5.424156065963627 5.295301679781233 5.313709449235861 5.399612373357457 5.559146375297564 5.743224069843841 5.675728915176872 5.663457068873787 5.964117303299373 5.970253226450915 5.835262917116979 5.583690067903734 5.387340527054372 5.3198453723874035 5.387340527054372 5.270757987175063 5.344389064993574 5.436427912266712 5.2339424482658075 
-60.5 -60.5 -60.5 -60.5 -61.0 -59.5 -61.5 -61.0 -61.0 -61.5 -61.0 -60.5 -61.0 -60.5 -61.5 -61.5 -61.0 -61.0 -62.0 -60.0 -56.5 -58.0 -57.5 -58.0 -58.5 -59.5 -60.0 -59.5 -58.5 -58.0 -57.5 -58.0 -57.0 -56.5 -59.0 -59.5 -60.5 -60.5 -60.5 -61.5 -62.0 -62.0 -62.5 -62.0 
4.681709364626977 4.73693267299086 4.657165672020807 4.6448938257177215 4.73693267299086 4.6878452877785195 4.700117134081604 4.73693267299086 4.749204519293945 4.773748211900116 4.76147636559703 4.73693267299086 4.571262747899211 4.651029748869264 4.6448938257177215 4.718524903536232 4.724660826687775 4.988505522204105 5.546874528994478 5.792311455056181 5.2339424482658075 5.037592907416445 5.737088146692298 5.749359992995383 5.589825991055276 5.626641529964532 5.620505606812989 5.583690067903734 5.602097837358362 5.724816300389213 5.939573610693203 2.067806102069844 5.45483568172134 5.859806609723149 5.773903685601553 5.405748296509 5.0774764079014725 4.8351074434155406 4.6878452877785195 4.7307967498393175 4.71238898038469 4.706253057233147 4.957825906446392 4.620350133111551 
-61.5 -61.0 -61.0 -61.0 -61.0 -61.5 -62.0 -61.5 -61.5 -61.0 -61.0 -61.0 -60.5 -60.5 -61.0 -60.5 -62.0 -63.5 -64.0 -65.5 -62.0 -67.0 -67.0 -67.5 -66.0 -66.0 -67.0 -66.0 -67.5 -67.5 -68.0 -67.0 -63.0 -64.0 -66.5 -62.5 -63.0 -62.5 -62.0 -62.5 -61.5 -62.5 -62.0 -62.0 
