3.11091303783208 3.368621810196868 3.436116964863836 3.0127382674073995 3.3870295796514958 0.1718058482431918 0.15339807878856412 0.14726215563702155 3.055689729468197 3.429981041712294 3.4054373491061236 3.454524734318464 3.4177091954092087 3.184544115650591 3.2397674240144743 2.9636508821950587 3.877903431774901 3.730641276137879 3.485204350076177 3.2643111166206444 3.411573272257666 3.1968159619536762 0.4970097752749477 3.6201946594101133 3.9760782021995817 4.178563666200486 2.82252464970958 3.2949907323783574 0.3620194659410113 3.313398501832985 3.399301425954581 3.3747577333484107 3.454524734318464 3.1784081924990484 
-60.0 -63.5 -62.5 -62.5 -62.5 -64.0 -64.0 -64.0 -63.0 -63.5 -64.0 -63.5 -64.0 -63.5 -64.5 -66.0 -68.5 -72.0 -71.0 -70.5 -69.5 -68.5 -71.0 -69.0 -71.0 -70.5 -65.5 -63.5 -65.5 -62.5 -62.0 -63.0 -62.5 -63.0 
1.8223691760081417 2.030990563160589 1.9696313316451632 2.086213871524472 2.2089323345553233 1.9573594853420782 2.000310947402876 1.7426021750380885 1.9757672547967058 2.018718716857504 1.6873788666742053 1.9696313316451632 1.9941750242513334 1.9819031779482483 2.1905245651006955 1.9573594853420782 1.8407769454627694 2.141437179888355 2.1353012567368124 2.2886993355253766 2.141437179888355 2.82252464970958 2.9268353432858034 2.5034566458293663 2.227340104009951 2.2089323345553233 2.356194490192345 2.2027964114037806 2.1905245651006955 2.2948352586769194 2.4605051837685683 2.779573187648782 5.485515297479052 2.0493983326152168 1.9512235621905356 2.055534255766759 2.0493983326152168 2.2396119503130363 2.2518837966161214 2.2764274892222915 2.3009711818284617 2.227340104009951 2.2641556429192065 
-62.0 -61.0 -61.5 -61.5 -62.0 -60.5 -61.0 -61.0 -61.5 -61.5 -62.0 -62.0 -61.0 -60.5 -61.5 -62.0 -62.0 -61.0 -62.5 -62.5 -64.0 -64.5 -64.5 -63.0 -63.5 -62.5 -62.5 -62.0 -62.5 -63.5 -63.0 -65.5 -65.0 -64.0 -61.5 -61.0 -60.0 -59.5 -59.5 -59.0 -59.0 -59.5 -59.5 
1.1535535524900022 1.141281706186917 1.1474176293384597 1.1535535524900022 1.1719613219446299 1.1106020904292042 1.1474176293384597 1.1351457830353744 1.1535535524900022 1.141281706186917 1.141281706186917 1.141281706186917 1.1535535524900022 1.1719613219446299 1.1965050145508 1.1965050145508 1.1965050145508 1.1658253987930873 1.1290098598838318 1.1290098598838318 1.0737865515199487 1.000155473701438 1.325359400733194 1.1535535524900022 1.1351457830353744 1.1167380135807468 1.0246991663076084 1.0246991663076084 1.0799224746714913 1.0921943209745766 1.030835089459151 1.0921943209745766 1.1719613219446299 1.4664856332186729 1.4051264017032472 1.0983302441261191 1.2333205534600555 1.2517283229146832 1.2762720155208536 1.3437671701878218 1.2946797849754812 1.3499030933393643 1.4051264017032472 1.4296700943094176 
-48.5 -48.5 -49.0 -48.5 -49.0 -49.0 -49.0 -48.5 -49.0 -49.0 -49.0 -49.0 -49.0 -49.0 -49.0 -49.0 -49.0 -49.0 -50.0 -51.0 -53.5 -55.5 -54.5 -53.5 -54.0 -53.5 -54.0 -54.0 -54.0 -53.5 -53.5 -53.5 -52.0 -52.5 -55.0 -53.5 -53.0 -52.0 -50.0 -49.5 -49.5 -49.5 -49.5 -50.0 
1.184233168247715 1.1474176293384597 1.1780972450961724 1.1903690913992575 1.1780972450961724 1.1719613219446299 1.184233168247715 1.1658253987930873 1.1228739367322893 1.1719613219446299 1.1474176293384597 1.1474176293384597 1.141281706186917 1.1351457830353744 1.1596894756415448 1.2087768608538851 1.1658253987930873 1.1474176293384597 1.1474176293384597 1.1903690913992575 1.3621749396424494 1.6260196351587797 1.662835174068035 1.380582709097077 1.4664856332186729 1.5462526341887264 1.5033011721279284 1.4358060174609601 1.4848934026733007 1.4664856332186729 1.533980787885641 1.4603497100671303 1.4419419406125027 1.6014759425526093 1.7119225592803755 1.5707963267948966 1.3499030933393643 1.2762720155208536 1.282407938672396 1.380582709097077 1.3989904785517047 1.337631247036279 1.337631247036279 1.337631247036279 
-50.5 -50.0 -50.5 -50.5 -50.0 -50.5 -50.0 -50.5 -50.5 -50.5 -50.5 -50.5 -50.5 -50.5 -50.5 -50.5 -50.5 -50.5 -51.0 -51.5 -53.0 -53.0 -51.0 -51.0 -52.5 -52.0 -51.5 -51.5 -51.0 -51.0 -51.5 -51.5 -51.0 -51.0 -51.5 -53.5 -52.5 -51.5 -50.5 -50.5 -50.5 -50.0 -50.0 -50.0 
1.4358060174609601 1.282407938672396 1.2762720155208536 1.3069516312785663 1.325359400733194 1.3192234775816514 1.3560390164909069 1.2640001692177683 1.239456476611598 1.380582709097077 1.2455923997631406 1.3192234775816514 1.2578642460662257 1.1903690913992575 1.3008157081270237 1.337631247036279 1.2885438618239387 1.3928545554001621 1.4848934026733007 1.736466251886546 2.4605051837685683 2.4605051837685683 1.9389517158874505 1.7794177139473437 1.7671458676442586 1.8162332528565992 1.8223691760081417 1.7855536370988863 1.7671458676442586 1.7855536370988863 1.8039614065535141 1.7671458676442586 1.8285050991596843 1.8837284075235674 2.0923497946760143 2.337786720737717 2.1230294104337273 1.8714565612204823 1.5953400194010667 1.4173982480063325 1.4173982480063325 1.4848934026733007 1.4480778637640452 1.5033011721279284 
-57.5 -57.0 -57.0 -57.0 -56.5 -57.0 -57.0 -57.0 -57.5 -57.0 -57.0 -57.0 -56.5 -56.5 -57.0 -55.5 -57.0 -57.5 -60.0 -62.0 -62.0 -58.0 -53.0 -54.5 -54.5 -55.0 -54.5 -54.5 -54.5 -53.0 -53.0 -53.5 -52.5 -52.5 -52.0 -56.5 -58.5 -58.0 -56.5 -56.5 -56.5 -55.5 -55.0 -54.5 
1.6382914814618648 1.662835174068035 1.705786636128833 1.6689710972195777 1.6873788666742053 1.6935147898257479 1.6505633277649499 1.6505633277649499 1.6321555583103222 1.552388557340269 1.6321555583103222 1.6382914814618648 1.6260196351587797 1.6566992509164924 1.6260196351587797 1.662835174068035 1.607611865704152 1.5953400194010667 1.4419419406125027 1.6198837120072371 2.024854640009046 2.172116795646068 1.932815792735908 2.184388641949153 2.1353012567368124 2.073942025221387 2.086213871524472 2.1782527187976104 2.1782527187976104 2.098485717827557 2.061670178918302 2.172116795646068 2.1046216409791 2.086213871524472 2.1598449493429825 2.141437179888355 2.1475731030398975 1.9757672547967058 1.8162332528565992 1.7916895602504288 1.8223691760081417 1.8346410223112268 1.7916895602504288 1.859184714917397 
-53.5 -53.0 -53.5 -53.5 -53.5 -53.0 -53.5 -53.0 -53.5 -53.5 -53.0 -53.0 -53.0 -53.5 -53.5 -53.0 -53.0 -53.5 -55.5 -56.0 -57.0 -54.0 -56.0 -55.5 -55.0 -55.5 -56.5 -56.5 -55.5 -55.5 -55.5 -54.5 -54.5 -52.5 -54.0 -54.0 -53.5 -54.5 -53.0 -52.5 -52.5 -52.0 -52.0 -52.0 
5.338253141842031 5.252350217720435 5.497787143782138 5.332117218690489 5.307573526084319 5.313709449235861 5.240078371417351 5.344389064993574 5.307573526084319 5.350524988145116 5.3198453723874035 5.307573526084319 5.2768939103266055 5.344389064993574 5.197126909356553 5.301437602932776 5.381204603902829 5.418020142812084 5.620505606812989 5.8045833013592665 6.074563920027139 6.117515382087937 5.6941366846315 5.8659425328746915 5.706408530934585 5.6143696836614465 5.45483568172134 5.559146375297564 5.577554144752192 5.522330836388308 5.47937937432751 5.546874528994478 5.755495916146925 5.71868037723767 5.7616318392984684 5.994796919057086 5.902758071783947 5.767767762450011 5.497787143782138 5.375068680751287 5.307573526084319 5.325981295538946 5.283029833478148 5.485515297479052 
-61.5 -61.5 -61.5 -61.0 -60.5 -61.0 -61.5 -61.0 -61.0 -62.0 -60.5 -61.5 -61.0 -60.5 -60.5 -61.0 -60.5 -59.5 -61.5 -61.5 -60.0 -57.5 -58.0 -57.0 -57.0 -58.5 -60.5 -60.5 -60.0 -60.0 -58.5 -58.0 -57.0 -58.0 -56.5 -57.0 -61.0 -59.5 -59.0 -59.0 -59.5 -59.5 -59.0 -59.5 
4.804427827657828 4.7307967498393175 4.657165672020807 4.583534594202296 4.700117134081604 4.755340442445488 4.798291904506286 4.7860200582032 4.792155981354743 4.779884135051658 4.902602598082509 4.755340442445488 4.816699673960914 4.76147636559703 4.853515212870168 4.804427827657828 4.743068596142402 4.779884135051658 4.92714629068868 4.865787059173254 5.620505606812989 5.559146375297564 5.074408446325701 5.338253141842031 5.442563835418255 5.559146375297564 5.47937937432751 5.4671075280244255 5.675728915176872 5.780039608753096 5.688000761479957 5.737088146692298 1.932815792735908 1.9941750242513334 5.792311455056181 5.344389064993574 5.154175447295755 5.0682725231741586 4.878058905476339 4.902602598082509 4.779884135051658 4.97623367590102 4.896466674930966 
-60.5 -61.0 -61.5 -60.5 -59.5 -61.0 -61.5 -60.5 -61.0 -61.0 -61.0 -60.0 -61.0 -61.5 -61.0 -60.5 -60.0 -61.0 -64.0 -64.0 -68.5 -63.5 -63.5 -69.0 -66.0 -69.0 -68.0 -66.5 -66.5 -66.5 -68.5 -66.5 -72.0 -64.0 -66.5 -62.5 -59.5 -60.5 -60.0 -60.0 -59.0 -59.0 -59.5 
