0.4908738521234052 3.792000507653305 3.724505352986337 0.47860200582032003 0.3620194659410113 0.30679615757712825 0.2945243112740431 3.650874275167826 3.6017868899554855 3.6447383520162835 4.025165587411922 3.761320891895592 3.56497135104623 0.7117670855789375 3.3624858870453256 3.3440781175906977 3.2459033471660166 3.822680123411018 4.178563666200486 3.816544200259475 3.816544200259475 3.3747577333484107 3.767456815047135 3.865631585471816 4.000621894805752 3.5711072741977725 2.9943304979527716 3.2949907323783574 0.37429131224409645 6.270913460876501 3.018874190558942 2.9759227284981438 2.8777479580734626 2.9943304979527716 2.9329712664373457 
-64.5 -64.0 -63.0 -64.5 -64.5 -64.5 -64.5 -61.0 -64.0 -63.0 -62.5 -65.5 -66.0 -68.5 -65.5 -68.5 -68.5 -71.0 -71.0 -72.5 -71.5 -71.0 -71.5 -71.0 -72.0 -65.5 -66.0 -65.0 -66.5 -64.5 -63.5 -64.0 -64.5 -64.0 -63.5 
2.0800779483729293 2.0493983326152168 2.073942025221387 2.12916533358527 2.1905245651006955 5.301437602932776 2.030990563160589 2.1659808724945253 2.061670178918302 1.9512235621905356 2.067806102069844 2.024854640009046 2.1598449493429825 1.945087639038993 1.9634954084936207 2.184388641949153 2.12916533358527 2.1782527187976104 2.2396119503130363 2.6261751088602177 2.742757648739526 2.650718801466388 2.429825568010856 2.411417798556228 2.399145952253143 2.4175537217077703 2.325514874434632 2.3623304133438876 2.435961491162398 3.11091303783208 2.36846633649543 2.0923497946760143 2.0493983326152168 2.012582793705961 2.030990563160589 1.9757672547967058 1.932815792735908 1.9696313316451632 1.932815792735908 2.012582793705961 1.9266798695843652 
-61.0 -60.5 -59.0 -60.0 -60.5 -62.0 -60.5 -61.5 -61.0 -60.5 -61.0 -60.5 -61.5 -60.5 -60.5 -61.0 -62.5 -62.0 -65.0 -65.0 -65.5 -64.5 -63.0 -63.5 -62.5 -63.0 -62.5 -62.5 -63.0 -67.5 -64.0 -63.5 -62.5 -61.0 -61.0 -60.5 -60.0 -61.5 -61.0 -62.0 -61.0 
1.2946797849754812 1.3069516312785663 1.2517283229146832 1.2333205534600555 1.2210487071569704 1.1535535524900022 1.2118448224296565 1.1658253987930873 1.184233168247715 1.1474176293384597 1.1780972450961724 1.1965050145508 1.2333205534600555 1.2701360923693108 1.303883669702795 1.2701360923693108 1.2640001692177683 1.2640001692177683 1.2210487071569704 1.0737865515199487 1.0615147052168636 1.3499030933393643 1.1965050145508 1.086058397823034 1.0921943209745766 1.0676506283684062 1.0799224746714913 1.1044661672776617 1.1106020904292042 1.0983302441261191 1.1290098598838318 1.1719613219446299 1.4480778637640452 1.1780972450961724 1.0799224746714913 1.2640001692177683 1.1719613219446299 1.1596894756415448 1.0799224746714913 1.0185632431560658 1.0185632431560658 0.9940195505498954 1.030835089459151 
-49.0 -49.0 -49.0 -49.0 -49.0 -49.0 -49.5 -49.0 -49.0 -49.0 -49.0 -49.0 -49.0 -49.0 -50.0 -49.0 -49.0 -49.5 -51.5 -52.5 -53.5 -54.0 -52.5 -52.5 -53.5 -54.0 -54.5 -54.5 -54.0 -53.5 -53.5 -53.0 -54.0 -54.0 -51.5 -51.5 -50.0 -49.5 -50.0 -50.0 -50.0 -50.0 -50.0 
1.2640001692177683 1.325359400733194 1.239456476611598 1.2087768608538851 1.2333205534600555 1.1965050145508 1.2363885150358267 1.227184630308513 1.141281706186917 1.1903690913992575 1.1965050145508 1.1658253987930873 1.1044661672776617 1.1780972450961724 1.2455923997631406 1.2333205534600555 1.1044661672776617 1.2087768608538851 1.1903690913992575 1.282407938672396 1.5953400194010667 1.7426021750380885 1.4173982480063325 1.4664856332186729 1.4971652489763858 1.5707963267948966 1.5462526341887264 1.5278448647340985 1.5155730184310134 1.552388557340269 1.521708941582556 1.4358060174609601 1.6321555583103222 1.6751070203711202 1.4971652489763858 1.337631247036279 1.2210487071569704 1.141281706186917 1.1351457830353744 1.0737865515199487 1.0615147052168636 1.0492428589137786 1.030835089459151 
-50.0 -50.0 -50.5 -50.5 -50.5 -50.5 -51.0 -50.5 -50.5 -50.5 -50.5 -50.5 -50.5 -50.0 -51.0 -50.5 -50.5 -50.5 -51.5 -53.5 -53.5 -51.5 -51.0 -52.0 -52.5 -52.0 -51.5 -51.5 -51.0 -51.5 -52.0 -51.5 -50.5 -52.5 -53.5 -52.0 -51.0 -50.5 -50.5 -50.5 -50.5 -51.0 -50.5 
1.337631247036279 1.41126232485479 1.423534171157875 1.4051264017032472 1.3744467859455345 1.4910293258248433 1.4296700943094176 1.41126232485479 1.2946797849754812 1.0615147052168636 1.4051264017032472 1.3437671701878218 1.4051264017032472 1.4173982480063325 1.4327380558851888 1.4051264017032472 1.3621749396424494 1.5033011721279284 1.607611865704152 2.043262409463674 2.2641556429192065 1.9941750242513334 1.8837284075235674 1.8346410223112268 1.8346410223112268 1.859184714917397 1.8346410223112268 1.8775924843720249 1.8530487917658545 1.8775924843720249 1.8714565612204823 1.88986433067511 1.945087639038993 2.2396119503130363 2.1905245651006955 2.098485717827557 1.8285050991596843 1.4848934026733007 1.3928545554001621 1.3499030933393643 1.380582709097077 1.3989904785517047 1.3744467859455345 
-57.0 -56.0 -56.0 -56.0 -56.5 -56.5 -57.0 -56.5 -56.5 -56.5 -56.5 -56.5 -57.0 -55.5 -57.0 -56.0 -56.5 -58.0 -59.5 -62.0 -57.5 -53.0 -53.0 -53.0 -53.5 -54.0 -54.0 -54.0 -53.5 -53.0 -53.5 -53.0 -52.5 -53.5 -57.5 -56.5 -56.5 -57.5 -57.5 -57.5 -58.5 -59.5 -59.0 
1.6996507129772904 1.6873788666742053 1.736466251886546 1.6812429435226628 1.7426021750380885 1.6137477888556946 1.714990520856147 1.6444274046134073 1.552388557340269 1.6014759425526093 1.6198837120072371 1.662835174068035 1.705786636128833 1.6505633277649499 1.7241944055834606 1.4726215563702154 1.6566992509164924 1.6014759425526093 1.736466251886546 2.1598449493429825 2.282563412373834 1.9941750242513334 2.1659808724945253 2.172116795646068 2.1537090261914402 2.067806102069844 2.1659808724945253 2.067806102069844 2.1353012567368124 2.073942025221387 2.1659808724945253 2.1782527187976104 2.110757564130642 2.1782527187976104 2.2334760271614935 2.110757564130642 1.8100973297050567 1.6812429435226628 1.6321555583103222 1.6996507129772904 1.6505633277649499 1.6321555583103222 1.6382914814618648 
-53.0 -53.0 -52.5 -52.5 -53.0 -53.0 -54.0 -53.5 -53.0 -53.5 -53.5 -53.5 -53.5 -53.0 -53.5 -53.0 -53.0 -53.5 -55.5 -56.5 -54.5 -55.0 -55.0 -54.5 -54.0 -56.0 -56.5 -55.5 -55.5 -55.5 -54.5 -55.0 -53.5 -54.0 -53.5 -54.0 -54.0 -53.5 -53.0 -54.0 -54.0 -54.0 -54.0 
5.252350217720435 5.313709449235861 5.325981295538946 5.546874528994478 5.332117218690489 5.491651220630596 5.3720007191755155 5.393476450205914 5.534602682691394 5.405748296509 5.47937937432751 5.289165756629691 5.448699758569798 5.356660911296659 5.301437602932776 5.338253141842031 5.411884219660542 5.559146375297564 5.663457068873787 5.896622148632405 6.050020227420969 5.700272607783043 5.755495916146925 5.773903685601553 5.706408530934585 5.5714182216006485 5.559146375297564 5.540738605842936 5.602097837358362 5.6143696836614465 5.681864838328415 5.780039608753096 5.798447378207723 5.9518454569962875 6.025476534814799 5.859806609723149 5.724816300389213 5.411884219660542 5.368932757599744 5.5284667595398505 5.442563835418255 5.553010452146021 5.50392306693368 
-61.0 -61.0 -60.0 -61.5 -61.0 -61.5 -62.0 -61.5 -61.5 -61.5 -60.5 -61.0 -62.5 -62.0 -62.0 -61.5 -61.0 -61.5 -62.0 -60.5 -57.0 -58.5 -57.0 -56.5 -57.0 -58.5 -59.5 -59.0 -59.0 -58.5 -57.5 -56.5 -57.5 -56.5 -58.0 -60.5 -59.0 -60.5 -61.0 -61.0 -61.0 -61.0 -60.5 
4.718524903536232 4.608078286808466 4.724660826687775 4.865787059173254 4.841243366567084 4.7860200582032 1.586136134673753 4.95168998329485 4.743068596142402 4.749204519293945 4.878058905476339 4.865787059173254 4.822835597112456 4.884194828627882 1.6290875967345508 4.865787059173254 4.92714629068868 4.822835597112456 4.988505522204105 5.338253141842031 5.393476450205914 5.098952138931871 5.399612373357457 5.651185222570702 5.485515297479052 5.381204603902829 5.375068680751287 5.3627968344482015 5.540738605842936 5.448699758569798 5.595961914206819 5.915029918087033 5.166447293598839 5.688000761479957 5.700272607783043 5.240078371417351 5.154175447295755 5.00077736850719 4.816699673960914 4.896466674930966 4.853515212870168 4.828971520263998 4.865787059173254 
-60.0 -60.0 -59.5 -60.0 -61.0 -61.0 -62.0 -61.0 -60.5 -62.0 -61.0 -61.0 -60.0 -60.5 -61.0 -60.5 -60.0 -61.0 -63.0 -64.5 -62.5 -61.0 -69.5 -64.5 -65.5 -66.5 -66.0 -65.5 -66.5 -66.0 -66.5 -68.0 -62.5 -63.5 -65.5 -62.0 -61.5 -62.5 -61.5 -63.0 -64.5 -64.0 -63.5 
