3.3072625786814425 2.9268353432858034 3.3011266555298997 0.11044661672776616 3.2397674240144743 0.0859029241215959 3.2888548092268146 3.2949907323783574 3.117048960983623 3.3195344249845276 3.2336315008629315 3.2888548092268146 3.423845118560751 3.411573272257666 3.117048960983623 3.3318062712876126 3.3870295796514958 3.399301425954581 3.8840393549264434 3.718369429834794 3.2520392703175593 3.479068426924634 0.7424467013366504 3.9392626632903265 3.448388811166921 3.399301425954581 3.368621810196868 3.3072625786814425 3.6079228131070282 3.6263305825616556 3.429981041712294 3.3624858870453256 3.2581751934691017 0.06135923151542565 3.2336315008629315 3.2581751934691017 3.313398501832985 3.368621810196868 3.3072625786814425 3.129320807286708 2.816388726558037 
-60.0 -61.5 -61.5 -62.0 -61.5 -62.5 -62.0 -61.0 -61.0 -61.5 -61.5 -62.0 -61.5 -62.0 -61.0 -62.0 -61.5 -62.0 -64.0 -63.0 -65.0 -68.0 -69.0 -67.0 -67.0 -66.0 -66.5 -66.5 -66.5 -67.0 -66.5 -68.0 -66.0 -64.0 -62.0 -63.0 -63.5 -65.0 -65.5 -66.5 -68.0 
2.2886993355253766 2.1905245651006955 2.1598449493429825 2.2457478734645786 2.2334760271614935 1.9144080232812801 5.418020142812084 1.932815792735908 2.0800779483729293 2.1598449493429825 2.0800779483729293 2.1598449493429825 1.902136176978195 1.9941750242513334 2.018718716857504 2.172116795646068 2.2334760271614935 2.1353012567368124 2.024854640009046 2.2764274892222915 2.3009711818284617 2.3193789512830896 2.1537090261914402 2.4850488763747385 2.6200391857086753 1.4419419406125027 2.9943304979527716 2.8532042654672924 2.6139032625571326 2.411417798556228 2.693670263527186 2.5341362615870793 2.791845033951867 2.834796496012665 3.172272269347506 0.17794177139473438 6.17273869045182 2.7120780329818137 2.000310947402876 1.9696313316451632 2.1782527187976104 2.337786720737717 2.1966604882522383 2.1353012567368124 
-62.0 -62.5 -62.0 -61.0 -62.0 -62.0 -63.0 -62.0 -61.5 -61.0 -62.0 -62.0 -61.5 -61.0 -62.0 -61.5 -62.0 -61.5 -61.5 -62.0 -63.0 -62.5 -63.0 -64.5 -66.5 -65.0 -64.5 -62.5 -62.5 -62.0 -63.0 -63.0 -63.0 -63.0 -64.0 -67.5 -67.0 -67.5 -66.5 -66.0 -65.5 -64.0 -64.0 -65.0 
1.030835089459151 1.0676506283684062 1.0921943209745766 1.0799224746714913 1.1106020904292042 1.1167380135807468 1.1351457830353744 1.1106020904292042 1.043106935762236 1.0737865515199487 1.1106020904292042 1.1535535524900022 1.1351457830353744 1.1535535524900022 1.141281706186917 1.1535535524900022 1.1474176293384597 1.1535535524900022 1.1044661672776617 1.1167380135807468 1.1535535524900022 1.1290098598838318 1.0737865515199487 1.000155473701438 1.0492428589137786 1.3867186322486196 1.2026409377023426 1.0737865515199487 1.0246991663076084 1.0737865515199487 1.0369710126106935 1.055378782065321 1.0185632431560658 1.0676506283684062 1.1228739367322893 1.1474176293384597 1.214912784005428 1.325359400733194 1.1719613219446299 0.9756117810952678 1.0492428589137786 1.043106935762236 0.859029241215959 0.6810874698212247 0.6258641614573416 
-48.5 -48.5 -48.5 -48.5 -48.5 -48.5 -49.5 -48.5 -48.5 -48.5 -48.5 -48.5 -48.5 -48.5 -48.5 -48.5 -48.0 -48.5 -48.5 -48.5 -49.5 -51.0 -52.5 -53.0 -54.5 -55.0 -52.5 -53.5 -54.0 -54.0 -54.0 -54.0 -53.5 -53.0 -52.5 -52.5 -52.5 -54.5 -55.0 -52.5 -51.5 -51.0 -51.0 -51.5 -52.0 
1.1290098598838318 1.1106020904292042 1.1044661672776617 1.1351457830353744 1.0983302441261191 1.1596894756415448 1.175029283520401 1.1228739367322893 1.1351457830353744 1.1474176293384597 1.1290098598838318 1.1719613219446299 1.1167380135807468 1.1290098598838318 1.1351457830353744 1.1780972450961724 1.1780972450961724 1.1965050145508 1.1228739367322893 1.1658253987930873 1.1780972450961724 1.2087768608538851 1.2946797849754812 1.4664856332186729 1.6382914814618648 1.7426021750380885 1.4726215563702154 1.380582709097077 1.4664856332186729 1.5278448647340985 1.5155730184310134 1.4910293258248433 1.4910293258248433 1.5155730184310134 1.521708941582556 1.4542137869155878 1.3192234775816514 4.681709364626977 1.7119225592803755 1.6014759425526093 1.5033011721279284 1.4296700943094176 1.2946797849754812 1.1780972450961724 1.1167380135807468 
-50.5 -50.5 -50.5 -50.5 -50.5 -50.5 -51.0 -50.0 -50.5 -50.0 -50.5 -50.5 -50.5 -50.5 -50.5 -50.5 -50.0 -50.5 -50.5 -50.5 -51.0 -51.5 -52.0 -53.5 -52.5 -50.5 -50.0 -51.0 -51.5 -51.5 -51.0 -51.0 -50.5 -51.0 -51.0 -51.0 -50.5 -50.5 -52.0 -53.0 -53.0 -53.0 -53.0 -52.5 -53.0 
1.3499030933393643 1.3928545554001621 1.3560390164909069 1.282407938672396 1.3621749396424494 1.325359400733194 1.4542137869155878 1.3437671701878218 1.4296700943094176 1.337631247036279 1.325359400733194 1.4664856332186729 1.3744467859455345 1.380582709097077 1.3437671701878218 1.3499030933393643 1.4480778637640452 1.3928545554001621 1.3744467859455345 1.5278448647340985 1.533980787885641 1.9880391010997909 2.2641556429192065 2.3930100291016 2.2948352586769194 1.8039614065535141 1.736466251886546 1.7241944055834606 1.7426021750380885 1.8223691760081417 1.8653206380689396 1.8162332528565992 1.7978254834019713 1.7855536370988863 1.7978254834019713 1.6382914814618648 1.6444274046134073 4.973165714325249 1.9941750242513334 2.0800779483729293 2.018718716857504 2.0064468705544187 1.7855536370988863 1.533980787885641 1.4419419406125027 
-56.5 -57.0 -56.5 -56.5 -56.5 -57.0 -57.0 -56.0 -56.0 -56.5 -56.0 -56.0 -56.5 -56.0 -56.0 -56.0 -56.0 -56.0 -55.5 -57.5 -57.5 -58.0 -58.0 -57.0 -54.0 -51.5 -53.0 -54.0 -54.5 -54.5 -54.5 -54.5 -54.0 -52.5 -53.5 -53.5 -53.0 -53.0 -51.5 -53.5 -53.5 -55.0 -57.0 -59.5 -60.5 
1.5278448647340985 1.6014759425526093 1.5953400194010667 1.6321555583103222 1.607611865704152 1.6566992509164924 1.6873788666742053 1.6566992509164924 1.6873788666742053 1.5953400194010667 1.6321555583103222 1.6260196351587797 1.576932249946439 1.662835174068035 1.6321555583103222 1.576932249946439 1.576932249946439 1.6505633277649499 1.6137477888556946 1.5585244804918115 1.5953400194010667 1.88986433067511 2.055534255766759 2.3623304133438876 2.227340104009951 1.9880391010997909 2.0923497946760143 2.1475731030398975 2.086213871524472 2.0800779483729293 2.1598449493429825 2.2212041808584084 2.1659808724945253 2.110757564130642 2.110757564130642 2.1598449493429825 2.110757564130642 2.1046216409791 2.067806102069844 2.2580197197676637 2.350058567040802 2.12916533358527 1.846912868614312 1.4910293258248433 1.5953400194010667 
-53.5 -54.5 -54.0 -53.5 -54.0 -54.0 -54.5 -54.0 -54.0 -54.0 -54.0 -54.0 -53.0 -54.0 -53.5 -53.5 -53.5 -53.5 -53.5 -54.0 -55.0 -55.5 -55.5 -54.5 -54.0 -54.5 -55.5 -56.5 -56.0 -57.5 -57.0 -56.0 -56.5 -56.5 -56.0 -55.5 -56.0 -55.5 -54.5 -54.5 -55.0 -56.5 -58.5 -59.5 -59.0 
5.375068680751287 5.424156065963627 5.368932757599744 5.381204603902829 5.442563835418255 5.381204603902829 5.307573526084319 5.356660911296659 5.3627968344482015 5.307573526084319 5.264622064023521 5.393476450205914 5.393476450205914 5.350524988145116 5.325981295538946 5.2339424482658075 5.240078371417351 5.2768939103266055 5.424156065963627 5.522330836388308 5.638913376267617 5.902758071783947 5.988660995905543 6.050020227420969 5.853670686571607 5.565282298449106 5.706408530934585 5.743224069843841 5.595961914206819 5.534602682691394 5.540738605842936 5.626641529964532 5.534602682691394 5.47937937432751 5.522330836388308 5.583690067903734 5.6143696836614465 5.663457068873787 5.706408530934585 5.988660995905543 5.994796919057086 5.945709533844745 5.767767762450011 5.66959299202533 5.663457068873787 
-61.0 -61.0 -61.0 -61.0 -60.5 -61.5 -61.5 -61.0 -61.0 -61.0 -60.5 -61.0 -61.0 -60.5 -61.0 -60.5 -61.5 -60.5 -60.5 -60.5 -60.5 -60.5 -59.5 -57.0 -55.5 -58.0 -58.0 -58.0 -58.0 -58.5 -60.0 -59.5 -59.5 -58.5 -58.0 -58.5 -57.5 -58.5 -57.5 -57.0 -58.0 -58.5 -59.0 -60.0 -60.0 
4.706253057233147 4.503767593232243 4.945554060143307 4.6878452877785195 4.651029748869264 4.430136515413731 4.647961787293493 4.638757902566179 4.681709364626977 4.779884135051658 4.681709364626977 4.76147636559703 4.681709364626977 4.76147636559703 4.454680208019902 4.693981210930062 4.71238898038469 4.73693267299086 4.847379289718626 4.638757902566179 4.816699673960914 5.252350217720435 5.540738605842936 5.724816300389213 5.418020142812084 5.123495831538041 5.835262917116979 5.589825991055276 5.589825991055276 5.700272607783043 5.700272607783043 5.737088146692298 5.8475347634200645 5.688000761479957 5.595961914206819 5.829126993965437 5.114291946810727 5.473243451175968 2.5280003384355365 5.5714182216006485 4.804427827657828 0.4908738521234052 
-62.5 -62.0 -61.0 -61.5 -61.5 -61.5 -62.5 -62.0 -61.0 -60.5 -61.0 -61.0 -60.5 -61.0 -61.0 -60.0 -60.5 -60.5 -61.0 -61.5 -61.5 -64.0 -64.0 -63.0 -63.0 -64.0 -66.0 -65.5 -66.0 -65.5 -66.0 -67.0 -67.0 -67.0 -65.0 -67.5 -68.5 -63.0 -64.0 -66.5 -69.5 -74.5 
