6.2034183062095325 3.522019888985432 2.8716120349219203 3.153864499892878 6.154330920997192 2.9022916506796332 6.154330920997192 2.9943304979527716 3.043417883165112 3.0802334220743677 3.055689729468197 3.2520392703175593 2.9697868053466014 3.055689729468197 2.761165418194154 3.1354567304382504 3.074097498922825 3.2765829629237295 3.000466421104314 3.2213596545598464 3.4054373491061236 4.190835512503572 3.5342917352885173 3.5956509668039427 0.7976700097005334 4.147884050442774 3.2704470397721868 5.66959299202533 2.552544031041707 0.6135923151542565 0.6135923151542565 0.05522330836388308 3.141592653589793 3.859495662320273 4.828971520263998 5.166447293598839 1.4603497100671303 
-70.5 -69.5 -70.5 -69.0 -71.0 -70.0 -71.0 -71.5 -70.0 -70.5 -70.5 -69.5 -69.5 -70.0 -70.0 -69.5 -69.0 -69.5 -69.5 -69.5 -68.0 -68.5 -66.0 -67.0 -68.0 -67.5 -64.5 -68.5 -70.5 -77.0 -75.5 -69.5 -66.0 -66.0 -68.0 -68.5 -72.0 
2.0279226015848177 1.932815792735908 2.086213871524472 2.0800779483729293 2.1598449493429825 2.2334760271614935 1.9512235621905356 1.9634954084936207 2.1475731030398975 2.043262409463674 2.2212041808584084 1.88986433067511 2.043262409463674 1.9819031779482483 2.116893487282185 1.9634954084936207 1.88986433067511 1.8039614065535141 1.8775924843720249 2.055534255766759 2.110757564130642 2.1475731030398975 1.846912868614312 1.8837284075235674 4.767612288748572 1.4204662095821037 3.4054373491061236 2.705942109830271 2.0493983326152168 2.012582793705961 2.141437179888355 2.110757564130642 1.9819031779482483 1.932815792735908 1.9205439464328227 2.1353012567368124 2.2580197197676637 2.662990647769473 1.761009944492716 1.41126232485479 1.3192234775816514 1.4603497100671303 
-67.5 -67.5 -65.5 -66.5 -67.0 -67.5 -68.0 -66.0 -66.5 -67.5 -66.5 -66.5 -66.0 -66.5 -66.5 -66.5 -66.5 -67.0 -67.5 -66.5 -66.5 -65.0 -68.5 -69.0 -68.0 -69.0 -62.5 -62.5 -63.5 -64.5 -62.0 -60.5 -60.5 -62.0 -63.5 -62.5 -64.0 -63.0 -66.5 -63.0 -64.0 -62.5 
4.080388895775806 0.9633399347921826 0.9633399347921826 0.9081166264282996 1.000155473701438 1.000155473701438 0.9940195505498954 0.9878836273983529 0.9756117810952678 1.000155473701438 1.012427320004523 1.043106935762236 1.0062913968529805 1.0369710126106935 1.0492428589137786 1.000155473701438 1.043106935762236 1.0246991663076084 1.0615147052168636 1.0983302441261191 1.1658253987930873 1.2517283229146832 1.2210487071569704 1.227184630308513 1.2670681307935396 1.2916118233997098 1.2455923997631406 1.1658253987930873 1.3560390164909069 1.2762720155208536 1.2885438618239387 1.2026409377023426 1.2026409377023426 1.2455923997631406 1.1351457830353744 1.1658253987930873 1.1965050145508 1.2517283229146832 1.3928545554001621 1.4358060174609601 1.4542137869155878 1.282407938672396 1.3560390164909069 1.380582709097077 
-50.5 -49.5 -49.5 -49.5 -50.0 -50.0 -49.5 -49.5 -50.0 -50.0 -49.5 -50.0 -50.0 -50.0 -50.0 -50.0 -50.0 -50.0 -50.0 -49.5 -49.0 -49.0 -49.0 -48.5 -49.0 -50.5 -51.5 -53.0 -52.5 -52.5 -53.0 -52.5 -55.5 -56.0 -56.5 -55.5 -54.0 -52.5 -52.5 -52.5 -52.5 -51.0 -50.5 -49.0 
1.0492428589137786 1.0799224746714913 1.0676506283684062 1.043106935762236 1.0369710126106935 1.0615147052168636 1.0737865515199487 1.0492428589137786 1.0676506283684062 1.043106935762236 1.0799224746714913 1.055378782065321 1.0737865515199487 1.0983302441261191 1.055378782065321 1.0615147052168636 1.0921943209745766 1.1106020904292042 1.1167380135807468 1.1106020904292042 1.0921943209745766 1.055378782065321 1.0369710126106935 1.162757437217316 1.3314953238847365 1.3499030933393643 1.1719613219446299 1.3928545554001621 1.5830681730979816 1.4787574795217582 1.4173982480063325 1.4848934026733007 1.4848934026733007 1.4971652489763858 1.5401167110371838 1.576932249946439 1.521708941582556 1.6566992509164924 1.41126232485479 1.282407938672396 1.1044661672776617 1.0799224746714913 
-52.0 -52.0 -52.0 -52.0 -52.0 -52.0 -52.5 -52.0 -52.0 -52.5 -52.5 -52.0 -52.0 -52.0 -52.5 -52.0 -52.0 -52.0 -51.0 -51.0 -50.5 -50.5 -52.0 -52.5 -50.5 -50.0 -51.0 -52.5 -52.0 -51.5 -52.5 -52.5 -52.0 -52.5 -52.0 -51.5 -51.5 -51.0 -51.5 -51.0 -51.0 -51.0 
4.755340442445488 1.6505633277649499 1.6505633277649499 1.6566992509164924 1.662835174068035 1.6689710972195777 1.6566992509164924 1.6689710972195777 1.6505633277649499 1.6260196351587797 1.6812429435226628 1.6751070203711202 1.705786636128833 1.6751070203711202 1.705786636128833 1.6689710972195777 1.6935147898257479 1.6873788666742053 1.6812429435226628 1.6873788666742053 1.6505633277649499 1.6321555583103222 1.4726215563702154 1.4358060174609601 4.623418094687323 1.7333982903107745 2.061670178918302 2.030990563160589 1.7794177139473437 1.945087639038993 2.0064468705544187 2.1475731030398975 2.2027964114037806 2.2027964114037806 2.1659808724945253 2.184388641949153 2.1905245651006955 2.110757564130642 1.9880391010997909 1.9512235621905356 1.9880391010997909 1.9880391010997909 1.8714565612204823 1.5707963267948966 
-51.0 -51.0 -50.5 -50.5 -50.5 -50.5 -51.0 -51.0 -51.0 -51.0 -51.0 -51.0 -51.0 -51.0 -51.0 -51.0 -51.0 -51.0 -51.0 -50.5 -50.5 -49.5 -49.5 -50.0 -51.0 -52.5 -50.5 -49.0 -50.5 -52.0 -52.5 -53.0 -53.0 -53.5 -53.5 -52.5 -52.0 -52.5 -52.0 -51.0 -49.0 -50.5 -52.5 -53.0 
1.696582751401519 1.6996507129772904 1.6751070203711202 1.7241944055834606 1.718058482431918 1.6812429435226628 1.6935147898257479 1.736466251886546 1.7119225592803755 1.6996507129772904 1.718058482431918 1.6935147898257479 1.6873788666742053 1.7119225592803755 1.761009944492716 1.6812429435226628 1.7241944055834606 1.7426021750380885 1.7241944055834606 1.7241944055834606 1.748738098189631 1.705786636128833 1.5892040962495242 1.5953400194010667 1.6045439041283807 1.8100973297050567 2.1598449493429825 2.0371264863121317 2.2089323345553233 2.227340104009951 2.2396119503130363 2.3009711818284617 2.3071071049800045 2.3930100291016 2.380738182798515 2.405281875404685 2.325514874434632 2.1966604882522383 2.3071071049800045 2.184388641949153 2.172116795646068 2.012582793705961 1.9144080232812801 1.6321555583103222 
-57.0 -56.5 -56.5 -56.5 -56.5 -56.5 -57.0 -57.0 -57.0 -57.0 -57.0 -57.5 -57.0 -57.0 -57.0 -57.5 -57.0 -57.5 -57.0 -57.0 -55.5 -54.5 -53.5 -53.5 -54.0 -55.0 -53.5 -53.0 -56.0 -53.5 -54.0 -54.5 -54.5 -54.0 -54.5 -53.5 -55.0 -53.5 -53.0 -54.0 -53.0 -54.0 -54.0 -53.5 
4.374913207049849 4.479223900626073 4.374913207049849 4.417864669110647 4.546719055293041 4.417864669110647 4.295146206079795 4.374913207049849 4.454680208019902 4.381049130201391 4.362641360746763 4.387185053352934 4.417864669110647 4.424000592262189 4.417864669110647 4.4362724385652745 4.454680208019902 4.485359823777615 4.479223900626073 4.417864669110647 4.448544284868359 4.374913207049849 4.368777283898306 4.227651051412827 3.8963112012295285 5.853670686571607 6.025476534814799 5.620505606812989 5.988660995905543 5.681864838328415 0.1043106935762236 6.013204688511713 5.970253226450915 5.988660995905543 6.013204688511713 6.037748381117884 5.927301764390117 5.945709533844745 5.872078456026235 5.829126993965437 6.111379458936394 6.14819499784565 4.0987966652304335 
-62.0 -62.0 -61.0 -61.0 -61.5 -61.5 -61.5 -61.0 -61.5 -60.5 -60.5 -61.0 -60.5 -61.0 -60.5 -61.0 -60.5 -61.0 -61.0 -61.0 -61.0 -61.5 -61.0 -61.5 -64.5 -65.5 -59.0 -61.0 -58.5 -62.5 -60.5 -61.0 -61.5 -61.0 -61.0 -59.5 -59.5 -60.5 -60.0 -58.0 -58.5 -65.0 -68.5 
0.3865631585471816 0.3374757733348411 3.466796580621549 0.2945243112740431 0.07363107781851078 3.3747577333484107 3.3318062712876126 3.5465635815916023 3.2581751934691017 3.9822141253511245 3.8288160465625602 3.2336315008629315 5.013049214810275 5.105088062083414 5.338253141842031 6.02854449639057 5.896622148632405 5.66959299202533 0.1902136176978195 6.215690152512618 0.21475731030398976 0.35588354278946877 6.154330920997192 5.964117303299373 6.191146459906448 6.252505691421874 0.17794177139473438 0.37429131224409645 6.013204688511713 0.2945243112740431 5.4671075280244255 6.092971689481767 5.945709533844745 5.270757987175063 
-76.5 -76.5 -73.0 -76.0 -75.0 -73.5 -72.5 -72.0 -73.0 -72.0 -72.5 -73.0 -65.0 -64.5 -69.0 -64.5 -58.5 -58.0 -64.0 -62.0 -65.5 -65.0 -63.0 -63.0 -63.5 -62.5 -62.5 -65.5 -61.5 -63.0 -63.0 -60.0 -64.0 -68.5 
