0.7240389318820226 0.6810874698212247 0.6381360077604268 0.6565437772150544 0.607456392002714 3.6692820446224537 3.6079228131070282 0.5092816215780329 3.5281558121369745 3.3379421944391554 3.6447383520162835 4.0128937411088375 4.525243324262641 1.0921943209745766 3.706097583531709 3.018874190558942 2.9145634969827183 0.20248546400090464 0.07363107781851078 0.607456392002714 1.0799224746714913 3.3195344249845276 2.9206994201342606 3.454524734318464 3.2949907323783574 3.2949907323783574 3.5895150436524004 3.5588354278946874 
-68.5 -68.5 -68.0 -68.5 -68.0 -67.5 -67.5 -68.0 -67.0 -66.0 -66.5 -65.5 -68.5 -64.5 -61.5 -65.0 -68.5 -72.5 -74.0 -66.5 -69.5 -67.5 -69.5 -69.0 -66.5 -66.5 -67.5 -67.0 
1.5892040962495242 1.6996507129772904 1.7241944055834606 1.7671458676442586 1.8407769454627694 1.7548740213411735 1.6873788666742053 1.8407769454627694 1.6566992509164924 1.4726215563702154 1.7978254834019713 1.8714565612204823 1.6935147898257479 1.5707963267948966 2.1230294104337273 2.018718716857504 1.932815792735908 2.012582793705961 1.761009944492716 0.2086213871524472 3.429981041712294 2.767301341345697 2.478912953223196 2.000310947402876 2.184388641949153 2.1046216409791 2.1046216409791 2.0371264863121317 2.1230294104337273 2.4850488763747385 2.0371264863121317 4.583534594202296 1.3560390164909069 1.5033011721279284 1.576932249946439 1.564660403643354 1.4419419406125027 1.4848934026733007 1.7548740213411735 1.3008157081270237 1.736466251886546 
-63.5 -63.5 -62.0 -63.5 -63.5 -62.5 -63.5 -63.0 -63.5 -63.5 -65.0 -64.5 -63.5 -63.0 -65.0 -64.0 -66.0 -65.5 -63.5 -70.5 -66.0 -63.5 -63.0 -64.0 -61.5 -61.0 -60.5 -62.0 -62.5 -64.0 -68.0 -65.5 -65.0 -64.0 -65.0 -64.0 -64.0 -64.0 -63.0 -64.5 -64.0 
1.3130875544301088 1.325359400733194 1.2946797849754812 1.3192234775816514 1.2087768608538851 1.3130875544301088 1.282407938672396 1.2946797849754812 1.2517283229146832 1.2026409377023426 1.2087768608538851 1.227184630308513 1.2333205534600555 1.2026409377023426 1.2578642460662257 1.2517283229146832 1.2210487071569704 1.184233168247715 1.1535535524900022 4.374913207049849 1.2210487071569704 1.3989904785517047 1.3621749396424494 1.3008157081270237 1.3989904785517047 1.2578642460662257 1.2455923997631406 1.3192234775816514 1.227184630308513 1.2640001692177683 1.282407938672396 1.3867186322486196 1.5278448647340985 1.564660403643354 1.3314953238847365 1.2210487071569704 1.2087768608538851 1.1596894756415448 1.141281706186917 1.1596894756415448 1.1535535524900022 1.1719613219446299 1.2087768608538851 1.1903690913992575 
-50.5 -50.5 -50.5 -50.5 -50.5 -50.5 -50.0 -50.0 -50.0 -50.0 -49.5 -50.0 -50.0 -50.0 -50.0 -50.0 -50.0 -49.5 -48.5 -50.0 -50.5 -51.0 -50.5 -51.5 -52.5 -52.5 -55.0 -55.5 -55.0 -54.0 -53.5 -52.0 -52.0 -52.5 -51.0 -50.0 -49.5 -49.0 -48.5 -48.5 -48.5 -48.5 -49.0 -49.0 
1.2026409377023426 1.1780972450961724 1.2087768608538851 1.184233168247715 1.1719613219446299 1.184233168247715 1.1719613219446299 1.1780972450961724 1.1106020904292042 1.1167380135807468 0.9633399347921826 1.030835089459151 1.0737865515199487 1.086058397823034 1.1351457830353744 1.0737865515199487 1.1290098598838318 1.1290098598838318 0.9326603190344698 1.1382137446111458 1.2333205534600555 1.282407938672396 1.3499030933393643 1.5155730184310134 1.6689710972195777 1.576932249946439 1.6137477888556946 1.4910293258248433 1.4910293258248433 1.5953400194010667 1.576932249946439 1.4971652489763858 1.5707963267948966 1.5033011721279284 1.4971652489763858 1.4358060174609601 1.214912784005428 0.9572040116406401 0.9878836273983529 1.043106935762236 0.944932165337555 0.9878836273983529 1.0921943209745766 1.0921943209745766 
-50.5 -50.5 -50.5 -50.0 -50.0 -50.5 -50.0 -50.0 -50.0 -50.0 -50.0 -50.0 -50.5 -50.0 -50.5 -50.0 -50.0 -50.5 -51.0 -52.5 -51.0 -49.5 -51.0 -51.5 -51.5 -52.0 -52.0 -52.0 -52.0 -52.0 -52.0 -51.0 -51.5 -52.0 -51.5 -53.0 -53.0 -52.5 -52.0 -51.5 -51.0 -51.0 -50.5 -50.5 
1.5892040962495242 1.5401167110371838 1.6137477888556946 1.5953400194010667 1.521708941582556 1.607611865704152 1.5830681730979816 1.533980787885641 1.521708941582556 1.4787574795217582 1.509437095279471 1.533980787885641 1.380582709097077 1.509437095279471 1.521708941582556 1.4358060174609601 1.3314953238847365 1.4542137869155878 1.337631247036279 1.7119225592803755 1.8837284075235674 1.8775924843720249 1.7732817907958012 1.9144080232812801 1.9082721001297376 2.1537090261914402 2.141437179888355 2.1537090261914402 2.2150682577068657 2.2580197197676637 2.110757564130642 1.88986433067511 1.8407769454627694 1.9144080232812801 1.9573594853420782 1.9512235621905356 1.7303303287350031 1.4419419406125027 1.3069516312785663 1.3192234775816514 1.368310862793992 1.3130875544301088 1.380582709097077 1.3560390164909069 
-51.0 -51.5 -51.0 -51.0 -51.0 -51.0 -51.0 -51.0 -51.0 -50.5 -51.0 -50.5 -51.0 -51.0 -51.0 -50.5 -51.0 -51.0 -51.5 -53.0 -50.0 -48.0 -48.5 -50.0 -51.0 -52.0 -51.0 -51.5 -52.0 -51.5 -53.0 -51.0 -48.5 -48.0 -50.0 -51.0 -52.0 -52.5 -51.0 -50.5 -50.0 -50.5 -50.0 -50.0 
1.7916895602504288 1.8346410223112268 1.8039614065535141 1.7978254834019713 1.7426021750380885 1.761009944492716 1.8285050991596843 1.7548740213411735 1.6935147898257479 1.7119225592803755 1.6935147898257479 1.6935147898257479 1.6751070203711202 1.6566992509164924 1.6935147898257479 1.7303303287350031 1.6689710972195777 1.6996507129772904 1.576932249946439 1.7855536370988863 1.9634954084936207 1.9819031779482483 2.1046216409791 2.12916533358527 2.1905245651006955 2.1537090261914402 2.350058567040802 2.282563412373834 2.386874105950058 2.3623304133438876 2.1966604882522383 2.1966604882522383 1.9941750242513334 2.0064468705544187 2.2027964114037806 2.1537090261914402 1.9082721001297376 1.6014759425526093 1.5892040962495242 1.5892040962495242 1.5585244804918115 1.5585244804918115 1.6444274046134073 1.6260196351587797 
-51.5 -51.5 -51.5 -51.5 -51.0 -51.0 -51.5 -51.5 -51.5 -51.5 -52.0 -51.5 -52.0 -51.5 -51.5 -51.5 -51.5 -51.5 -53.5 -55.0 -52.5 -52.5 -54.0 -53.0 -52.0 -54.0 -53.5 -53.5 -53.5 -54.5 -52.5 -53.0 -53.5 -52.0 -52.5 -54.0 -56.0 -56.5 -55.0 -53.5 -53.0 -52.5 -52.5 -51.5 
4.620350133111551 4.442408361716817 4.601942363656923 4.571262747899211 4.411728745959104 4.374913207049849 5.583690067903734 4.97623367590102 4.0987966652304335 4.3503695144436785 4.798291904506286 4.73693267299086 5.092816215780329 4.558990901596125 4.595806440505381 5.988660995905543 5.780039608753096 5.405748296509 5.798447378207723 5.6143696836614465 6.050020227420969 5.829126993965437 5.982525072754001 5.884350302329319 5.994796919057086 6.068427996875596 5.859806609723149 5.393476450205914 5.632777453116074 6.166602767300278 6.105243535784852 5.859806609723149 5.6941366846315 5.135767677841127 4.755340442445488 4.798291904506286 4.669437518323892 4.6448938257177215 4.583534594202296 
-64.0 -64.0 -66.0 -65.0 -64.5 -64.5 -64.5 -66.5 -66.0 -66.5 -64.5 -65.5 -65.5 -64.5 -65.5 -59.0 -56.5 -61.5 -58.5 -61.5 -59.0 -60.0 -61.0 -60.5 -59.0 -59.5 -59.5 -59.5 -56.0 -57.0 -59.0 -62.5 -66.5 -66.0 -65.5 -65.5 -66.0 -65.5 -64.5 
5.344389064993574 5.485515297479052 5.062136600022616 5.178719139901925 2.1353012567368124 5.117359908386499 4.994641445355648 5.411884219660542 4.970097752749477 5.252350217720435 5.203262832508095 5.209398755659637 5.227806525114265 5.2339424482658075 5.6143696836614465 5.258486140871978 5.375068680751287 5.681864838328415 5.878214379177777 5.7616318392984684 5.393476450205914 6.270913460876501 5.9088939949354895 5.878214379177777 0.1718058482431918 6.086835766330224 5.939573610693203 6.007068765360171 6.277049384028044 6.043884304269426 6.019340611663256 5.859806609723149 5.405748296509 5.8045833013592665 6.031612457966341 6.154330920997192 5.148039524144211 4.828971520263998 5.080544369477243 4.81056375080937 5.062136600022616 
-60.5 -60.5 -61.0 -61.0 -61.5 -61.0 -61.0 -61.5 -62.0 -60.5 -61.5 -60.5 -61.0 -60.0 -60.5 -60.5 -61.5 -68.5 -64.5 -58.0 -58.5 -62.5 -60.5 -63.0 -64.0 -61.5 -61.5 -61.5 -62.0 -64.5 -62.0 -65.0 -62.5 -58.0 -60.5 -69.5 -65.0 -64.5 -63.0 -63.0 -61.5 
