3.4606606574700063 3.313398501832985 3.6815538909255388 3.552699504743145 3.650874275167826 0.5645049299419159 3.429981041712294 3.429981041712294 3.859495662320273 3.448388811166921 3.429981041712294 3.184544115650591 0.42337869745643697 3.472932503773092 1.3192234775816514 4.693981210930062 4.147884050442774 3.810408277107933 3.5465635815916023 2.9391071895888885 6.252505691421874 3.4606606574700063 3.423845118560751 0.7363107781851077 1.3560390164909069 0.6933593161243098 3.933126740138784 3.6140587362585705 3.442252888015379 0.662679700366597 0.8344855486097889 0.5829126993965437 3.4606606574700063 
-64.5 -66.5 -67.0 -66.5 -66.5 -67.0 -67.0 -64.5 -66.0 -62.5 -66.5 -65.5 -67.5 -68.0 -68.0 -62.0 -62.5 -61.5 -63.0 -66.5 -72.5 -66.0 -67.5 -66.5 -67.5 -72.0 -69.0 -68.0 -68.5 -69.0 -68.5 -68.5 -67.5 
1.4664856332186729 1.1719613219446299 1.9144080232812801 1.0983302441261191 2.098485717827557 1.8223691760081417 2.1046216409791 1.7978254834019713 1.8530487917658545 1.8100973297050567 1.6751070203711202 3.147728576741336 3.522019888985432 3.5833791205008576 2.5280003384355365 1.5155730184310134 2.12916533358527 2.110757564130642 2.086213871524472 2.12916533358527 2.60776733940559 2.564815877344792 1.4358060174609601 1.509437095279471 1.5155730184310134 1.564660403643354 1.6689710972195777 1.748738098189631 1.7978254834019713 1.88986433067511 1.8714565612204823 5.031456984264903 1.9144080232812801 
-64.5 -65.5 -65.5 -65.5 -66.0 -65.0 -65.5 -65.5 -66.5 -66.5 -65.5 -67.0 -64.0 -62.5 -62.0 -65.5 -62.5 -61.0 -61.5 -62.5 -63.5 -67.0 -62.0 -63.5 -63.5 -61.0 -63.0 -62.5 -63.5 -63.0 -63.5 -64.0 -64.0 
1.2640001692177683 1.2640001692177683 1.2455923997631406 1.2578642460662257 1.1903690913992575 1.214912784005428 1.1474176293384597 1.2210487071569704 1.1290098598838318 1.1290098598838318 1.141281706186917 1.086058397823034 1.086058397823034 1.0799224746714913 1.0615147052168636 1.043106935762236 1.030835089459151 1.043106935762236 1.2210487071569704 1.3130875544301088 1.3314953238847365 1.3008157081270237 1.1903690913992575 1.3130875544301088 1.3130875544301088 1.141281706186917 1.3499030933393643 1.2455923997631406 1.2578642460662257 1.380582709097077 1.368310862793992 1.4358060174609601 1.423534171157875 1.239456476611598 1.2578642460662257 1.282407938672396 1.2762720155208536 1.282407938672396 1.2885438618239387 1.3008157081270237 1.2946797849754812 1.2640001692177683 1.2701360923693108 1.2701360923693108 1.2578642460662257 
-49.5 -49.5 -49.5 -49.5 -49.5 -49.5 -49.5 -49.5 -49.5 -49.5 -49.5 -50.0 -49.5 -49.5 -49.5 -50.0 -49.5 -49.0 -49.5 -50.5 -50.5 -49.0 -49.5 -51.0 -51.0 -53.0 -54.0 -54.0 -52.5 -52.0 -51.0 -51.5 -51.0 -49.5 -49.5 -48.5 -48.0 -48.5 -49.0 -49.0 -49.5 -49.5 -49.5 -49.5 -49.0 
1.1106020904292042 1.1351457830353744 1.1044661672776617 1.1474176293384597 1.1351457830353744 1.1106020904292042 1.1351457830353744 1.086058397823034 1.055378782065321 1.0676506283684062 1.030835089459151 0.9756117810952678 1.043106935762236 1.0737865515199487 1.0615147052168636 1.000155473701438 1.0185632431560658 1.012427320004523 0.9756117810952678 1.0246991663076084 1.141281706186917 1.1965050145508 1.1351457830353744 1.227184630308513 1.5707963267948966 1.5155730184310134 1.5953400194010667 1.5953400194010667 1.5892040962495242 1.5707963267948966 1.5155730184310134 1.4787574795217582 1.4480778637640452 1.3192234775816514 1.1351457830353744 1.1965050145508 1.0369710126106935 0.9940195505498954 1.0615147052168636 1.0246991663076084 1.1044661672776617 1.1106020904292042 1.086058397823034 1.1351457830353744 1.086058397823034 1.086058397823034 
-50.0 -50.0 -50.0 -50.0 -49.5 -50.0 -50.0 -50.0 -50.5 -50.0 -50.5 -50.0 -50.5 -50.0 -50.0 -50.5 -50.5 -50.5 -52.0 -51.5 -50.5 -49.0 -49.0 -50.0 -50.5 -50.5 -51.0 -51.0 -51.0 -51.0 -51.0 -50.5 -51.5 -51.0 -51.0 -51.0 -51.0 -50.0 -50.0 -50.0 -49.5 -50.0 -50.0 -50.0 -49.5 -50.0 
1.4726215563702154 1.4480778637640452 1.4358060174609601 1.4787574795217582 1.4603497100671303 1.4480778637640452 1.368310862793992 1.4173982480063325 1.3744467859455345 1.3560390164909069 1.325359400733194 1.337631247036279 1.239456476611598 1.2455923997631406 1.1596894756415448 1.1535535524900022 1.1719613219446299 1.1290098598838318 1.4051264017032472 1.7241944055834606 1.6505633277649499 1.4603497100671303 1.6382914814618648 1.6812429435226628 2.012582793705961 1.9880391010997909 2.030990563160589 2.043262409463674 2.0800779483729293 1.945087639038993 1.7732817907958012 1.6935147898257479 1.8162332528565992 1.8407769454627694 1.8039614065535141 1.552388557340269 1.3621749396424494 1.3744467859455345 1.41126232485479 1.3989904785517047 1.3499030933393643 1.3928545554001621 1.380582709097077 1.3744467859455345 1.3867186322486196 
-50.5 -51.0 -51.0 -51.0 -51.0 -50.5 -50.5 -50.5 -50.5 -50.5 -51.0 -50.5 -50.5 -50.5 -50.5 -50.5 -50.5 -51.0 -52.5 -49.5 -48.0 -49.5 -50.0 -51.0 -50.5 -50.5 -50.5 -50.5 -50.0 -51.0 -50.0 -49.0 -47.5 -49.0 -50.5 -52.5 -51.0 -50.0 -50.0 -50.0 -50.0 -50.0 -50.0 -50.0 -50.5 
1.7241944055834606 1.6812429435226628 1.7119225592803755 1.662835174068035 1.6689710972195777 1.607611865704152 1.6751070203711202 1.5953400194010667 1.6014759425526093 1.6137477888556946 1.5953400194010667 1.5707963267948966 1.607611865704152 1.552388557340269 1.5585244804918115 1.4051264017032472 1.4603497100671303 1.3621749396424494 1.7671458676442586 1.9819031779482483 1.705786636128833 1.9144080232812801 1.9634954084936207 2.024854640009046 2.12916533358527 2.2457478734645786 2.2764274892222915 2.1966604882522383 2.2396119503130363 2.0800779483729293 2.1598449493429825 1.88986433067511 2.000310947402876 2.018718716857504 1.7855536370988863 1.5462526341887264 1.564660403643354 1.6198837120072371 1.705786636128833 1.6505633277649499 1.6198837120072371 1.6751070203711202 1.6996507129772904 1.6382914814618648 1.662835174068035 
-51.0 -51.5 -51.5 -51.5 -51.5 -51.5 -51.5 -52.0 -51.5 -51.5 -52.0 -52.0 -52.0 -52.5 -52.0 -52.5 -52.5 -54.0 -54.0 -52.0 -53.5 -53.5 -52.0 -51.5 -53.0 -52.5 -52.0 -52.5 -53.0 -51.5 -52.5 -53.0 -51.5 -52.5 -53.0 -53.5 -53.0 -51.5 -51.0 -51.0 -51.0 -51.0 -51.0 -51.0 -51.0 
4.2092432819582 4.657165672020807 4.460816131171445 4.700117134081604 4.614214209960009 4.669437518323892 4.626486056263094 4.675573441475434 4.71238898038469 4.608078286808466 4.767612288748572 4.7307967498393175 4.76147636559703 4.3933209765044765 4.405592822807561 5.6573211457222445 5.313709449235861 5.258486140871978 5.638913376267617 5.45483568172134 5.970253226450915 5.792311455056181 5.890486225480862 5.902758071783947 5.890486225480862 5.872078456026235 5.66959299202533 5.3198453723874035 5.651185222570702 5.957981380147831 5.964117303299373 5.780039608753096 4.6878452877785195 4.724660826687775 4.706253057233147 4.743068596142402 4.540583132141498 4.503767593232243 4.583534594202296 4.411728745959104 4.368777283898306 
-65.5 -63.5 -62.0 -64.0 -64.5 -65.0 -65.0 -64.5 -63.0 -65.5 -62.0 -65.0 -65.0 -64.5 -66.0 -59.5 -58.0 -61.0 -57.5 -59.5 -59.0 -59.5 -59.5 -60.0 -58.5 -59.0 -59.5 -58.0 -55.5 -56.0 -59.0 -64.0 -67.5 -65.5 -65.0 -64.5 -63.5 -64.0 -64.0 -64.0 -65.0 
5.166447293598839 5.2768939103266055 5.135767677841127 5.160311370447297 5.123495831538041 5.197126909356553 5.160311370447297 5.2768939103266055 5.117359908386499 5.258486140871978 5.019185137961818 5.117359908386499 1.9082721001297376 4.749204519293945 5.049864753719531 5.092816215780329 6.227961998815704 5.663457068873787 5.227806525114265 6.013204688511713 5.982525072754001 5.8475347634200645 0.02454369260617026 5.927301764390117 5.859806609723149 5.878214379177777 6.080699843178682 5.982525072754001 5.822991070813893 5.602097837358362 5.706408530934585 5.853670686571607 5.00077736850719 5.092816215780329 5.092816215780329 5.056000676871073 5.098952138931871 5.197126909356553 5.154175447295755 5.148039524144211 5.117359908386499 
-60.5 -60.5 -60.5 -61.0 -61.5 -60.5 -60.5 -61.5 -61.0 -60.0 -61.0 -59.5 -62.0 -62.0 -61.0 -67.0 -61.0 -57.5 -59.5 -65.5 -60.5 -62.5 -63.5 -59.0 -60.5 -60.0 -61.5 -63.0 -60.5 -59.0 -61.0 -67.0 -65.0 -61.5 -59.5 -59.5 -60.0 -60.0 -61.0 -60.0 -59.0 
