0.6013204688511713 3.3195344249845276 0.5522330836388308 0.4970097752749477 0.5338253141842031 0.4172427743048944 0.4540583132141498 0.380427235395639 0.37429131224409645 3.380893656499953 0.380427235395639 0.39269908169872414 3.2827188860752723 3.423845118560751 4.344233591292136 4.01902966426038 3.6079228131070282 5.700272607783043 5.712544454086128 2.859340188618835 2.890019804376548 4.565126824747668 5.00077736850719 0.37429131224409645 0.9265243958829272 0.4970097752749477 
-68.5 -66.5 -68.0 -67.0 -66.5 -67.0 -66.5 -66.0 -66.0 -63.0 -66.0 -66.5 -65.0 -64.5 -66.5 -62.5 -63.5 -67.5 -74.0 -70.5 -71.0 -68.5 -77.5 -75.0 -74.5 -74.5 
1.736466251886546 1.8653206380689396 1.7426021750380885 1.8100973297050567 1.7548740213411735 1.859184714917397 1.9634954084936207 2.061670178918302 5.221670601962723 3.2643111166206444 2.564815877344792 1.9573594853420782 1.9082721001297376 2.282563412373834 2.073942025221387 2.067806102069844 2.024854640009046 2.0371264863121317 2.018718716857504 2.399145952253143 2.12916533358527 1.607611865704152 1.500233210552157 1.4787574795217582 1.6382914814618648 1.718058482431918 1.6321555583103222 1.7855536370988863 1.5462526341887264 1.7241944055834606 
-63.5 -65.0 -64.5 -64.5 -65.5 -65.0 -66.0 -63.5 -68.5 -64.5 -62.5 -62.5 -64.5 -63.5 -61.0 -60.5 -61.0 -62.0 -63.0 -64.5 -64.5 -61.5 -62.0 -61.5 -61.0 -61.0 -59.5 -60.0 -59.5 -59.5 
1.2701360923693108 1.2333205534600555 1.2333205534600555 1.227184630308513 1.1658253987930873 1.1596894756415448 1.1474176293384597 1.1474176293384597 1.0615147052168636 1.0921943209745766 1.0246991663076084 1.0737865515199487 1.0246991663076084 0.9940195505498954 1.0369710126106935 0.8774370106705868 1.030835089459151 1.012427320004523 0.9878836273983529 1.0246991663076084 0.9756117810952678 1.012427320004523 1.0492428589137786 1.175029283520401 1.3314953238847365 1.380582709097077 1.3621749396424494 1.3130875544301088 1.3621749396424494 1.2026409377023426 1.1780972450961724 1.227184630308513 1.1719613219446299 1.1780972450961724 1.1474176293384597 1.227184630308513 1.423534171157875 1.5155730184310134 1.325359400733194 1.3314953238847365 1.3867186322486196 1.4358060174609601 1.4910293258248433 1.4787574795217582 1.4848934026733007 1.509437095279471 1.509437095279471 
-50.0 -50.0 -50.0 -50.0 -50.0 -49.5 -50.0 -50.0 -50.0 -50.0 -49.5 -49.5 -49.5 -49.5 -49.5 -50.0 -50.0 -50.0 -49.5 -50.0 -50.0 -49.5 -49.0 -50.5 -51.0 -52.0 -51.0 -52.0 -53.5 -53.0 -55.5 -56.5 -57.0 -57.0 -54.5 -54.0 -53.5 -54.0 -52.0 -51.5 -51.0 -50.0 -50.0 -50.5 -51.0 -52.0 -51.5 
1.141281706186917 1.2026409377023426 1.1474176293384597 1.0983302441261191 1.1167380135807468 1.0983302441261191 1.043106935762236 1.012427320004523 1.043106935762236 1.012427320004523 0.9572040116406401 1.0185632431560658 0.9756117810952678 0.9633399347921826 0.9572040116406401 0.9940195505498954 0.9572040116406401 0.9387962421860124 0.9633399347921826 0.9756117810952678 0.9817477042468103 1.0062913968529805 0.9142525495798421 1.380582709097077 1.4419419406125027 1.3744467859455345 1.1965050145508 1.3560390164909069 1.6689710972195777 1.4603497100671303 1.5033011721279284 1.4910293258248433 1.4480778637640452 1.509437095279471 1.6505633277649499 1.5707963267948966 1.6505633277649499 1.5830681730979816 1.3560390164909069 1.2670681307935396 1.0737865515199487 1.030835089459151 1.1106020904292042 1.2210487071569704 1.1596894756415448 1.184233168247715 1.239456476611598 
-50.0 -50.0 -50.0 -50.0 -50.0 -50.0 -50.0 -50.0 -50.0 -50.0 -50.5 -50.5 -50.5 -50.5 -50.5 -50.5 -50.5 -50.0 -50.5 -50.5 -50.5 -51.5 -52.5 -53.0 -51.5 -49.5 -50.5 -51.5 -51.5 -52.0 -52.5 -52.5 -53.0 -52.5 -52.0 -52.5 -51.0 -52.0 -51.5 -52.5 -52.0 -51.5 -51.0 -50.0 -51.0 -50.5 -50.5 
1.4051264017032472 1.4787574795217582 1.4173982480063325 1.4051264017032472 1.3560390164909069 1.3499030933393643 1.3008157081270237 1.2578642460662257 1.3130875544301088 1.1290098598838318 1.2087768608538851 1.239456476611598 1.1719613219446299 1.214912784005428 1.2210487071569704 1.2087768608538851 1.1658253987930873 1.214912784005428 1.227184630308513 1.1780972450961724 1.184233168247715 1.2087768608538851 1.2762720155208536 1.714990520856147 1.945087639038993 1.9144080232812801 1.7916895602504288 2.000310947402876 2.024854640009046 2.184388641949153 2.2764274892222915 2.3439226438892597 2.0800779483729293 2.2518837966161214 2.3746022596469727 2.2027964114037806 2.012582793705961 2.055534255766759 2.067806102069844 2.138369218312584 1.945087639038993 1.6566992509164924 1.6505633277649499 1.736466251886546 1.7241944055834606 1.7548740213411735 1.7794177139473437 
-51.0 -51.0 -50.5 -51.0 -51.0 -51.0 -51.0 -51.0 -51.5 -51.0 -51.0 -51.0 -51.5 -51.0 -51.5 -51.0 -51.5 -51.5 -51.5 -51.5 -51.0 -51.0 -52.0 -52.0 -49.0 -48.5 -49.5 -51.5 -52.0 -53.0 -53.0 -54.0 -55.0 -54.0 -54.0 -54.5 -52.5 -49.5 -49.0 -52.0 -52.5 -53.0 -51.5 -50.0 -49.5 -50.0 -49.5 
1.6873788666742053 1.662835174068035 1.6812429435226628 1.6751070203711202 1.736466251886546 1.6505633277649499 1.6260196351587797 1.533980787885641 1.5033011721279284 1.5462526341887264 1.521708941582556 1.4971652489763858 1.5462526341887264 1.5033011721279284 1.4971652489763858 1.4726215563702154 1.4787574795217582 1.509437095279471 1.4910293258248433 1.4664856332186729 1.552388557340269 1.5953400194010667 1.5707963267948966 2.0586022173425302 2.1475731030398975 2.073942025221387 2.2886993355253766 2.2212041808584084 2.313243028131547 2.3316507975861747 2.356194490192345 2.36846633649543 2.435961491162398 2.4911847995262812 2.380738182798515 2.3746022596469727 2.3193789512830896 2.0800779483729293 2.282563412373834 5.439495873842484 1.8837284075235674 1.7548740213411735 1.7426021750380885 1.88986433067511 1.88986433067511 1.8960002538266525 1.902136176978195 
-51.0 -51.5 -51.5 -51.5 -51.5 -51.5 -51.5 -52.0 -52.5 -52.0 -52.5 -52.0 -52.5 -52.5 -52.5 -53.0 -52.5 -52.5 -52.0 -52.5 -53.0 -53.5 -55.5 -55.0 -52.5 -53.5 -55.5 -52.5 -53.5 -54.0 -54.5 -54.5 -54.5 -55.0 -54.5 -53.5 -55.0 -53.0 -52.5 -54.0 -54.5 -53.5 -52.0 -51.0 -50.5 -51.0 -50.5 
4.565126824747668 5.080544369477243 4.583534594202296 4.779884135051658 4.509903516383785 4.81056375080937 4.620350133111551 4.417864669110647 4.620350133111551 4.1601558967458585 4.528311285838413 4.773748211900116 4.853515212870168 4.681709364626977 4.755340442445488 4.8351074434155406 5.982525072754001 5.853670686571607 5.608233760509904 6.068427996875596 5.816855147662351 6.129787228391022 5.939573610693203 5.878214379177777 5.9518454569962875 5.798447378207723 6.074563920027139 6.037748381117884 5.8475347634200645 5.5714182216006485 6.209554229361076 6.17273869045182 0.02454369260617026 5.1725832167503825 4.442408361716817 4.448544284868359 4.534447208989955 4.608078286808466 4.424000592262189 
-65.0 -65.0 -65.5 -64.0 -64.0 -64.5 -64.5 -65.5 -66.0 -65.5 -65.0 -66.0 -65.5 -65.0 -65.0 -67.5 -59.5 -57.0 -62.5 -58.5 -60.5 -61.0 -60.5 -62.0 -62.0 -61.5 -59.5 -61.0 -60.5 -57.0 -56.0 -59.0 -62.0 -72.5 -66.0 -65.5 -63.5 -64.0 -63.5 
5.148039524144211 5.240078371417351 5.197126909356553 5.037592907416445 5.240078371417351 5.148039524144211 5.209398755659637 5.209398755659637 5.043728830567988 4.767612288748572 5.037592907416445 5.154175447295755 4.853515212870168 5.0253210611133605 4.681709364626977 5.0253210611133605 4.914874444385594 4.92714629068868 4.97623367590102 5.197126909356553 5.780039608753096 5.45483568172134 6.166602767300278 6.17273869045182 6.1420590746941075 0.17794177139473438 6.240233845118788 5.93343768754166 6.105243535784852 6.191146459906448 0.5460971604872883 6.068427996875596 6.160466844148735 2.4850488763747385 5.553010452146021 6.0040008037843995 6.013204688511713 4.994641445355648 5.553010452146021 5.332117218690489 5.4671075280244255 5.252350217720435 
-60.5 -60.5 -60.0 -60.0 -60.0 -60.0 -60.5 -60.0 -60.5 -61.0 -61.0 -61.0 -62.0 -61.0 -61.5 -61.5 -61.5 -61.0 -61.5 -62.5 -57.0 -59.0 -64.5 -62.5 -64.5 -65.0 -62.0 -63.5 -65.0 -63.5 -65.5 -65.5 -62.5 -65.5 -60.0 -61.5 -64.5 -63.0 -61.0 -60.0 -59.5 -59.5 
