0.9203884727313847 0.9265243958829272 0.9019807032767571 3.9944859716542096 3.773592738198677 0.9633399347921826 0.9019807032767571 1.012427320004523 1.1044661672776617 1.0369710126106935 0.8467573949128739 1.0246991663076084 0.5767767762450011 5.019185137961818 4.473087977474529 3.479068426924634 5.872078456026235 2.6323110320117604 0.04908738521234052 3.988350048502667 5.700272607783043 
-73.5 -73.5 -73.0 -73.5 -71.5 -74.0 -73.0 -72.5 -72.5 -73.0 -73.0 -73.0 -72.5 -68.0 -66.0 -68.0 -66.5 -66.0 -70.5 -70.5 -73.0 
1.8100973297050567 1.705786636128833 1.8162332528565992 1.748738098189631 1.8162332528565992 1.6566992509164924 1.6751070203711202 1.6873788666742053 1.6689710972195777 1.7241944055834606 1.662835174068035 1.662835174068035 1.6382914814618648 1.6873788666742053 1.2333205534600555 1.6751070203711202 1.4358060174609601 1.6444274046134073 1.8100973297050567 1.6260196351587797 1.5401167110371838 1.7241944055834606 1.5953400194010667 1.4726215563702154 1.5830681730979816 1.8530487917658545 2.2641556429192065 2.675262494072558 2.3623304133438876 1.7426021750380885 2.2396119503130363 2.386874105950058 2.4605051837685683 2.2027964114037806 1.932815792735908 1.9880391010997909 1.8960002538266525 1.3192234775816514 1.5707963267948966 1.8285050991596843 1.9144080232812801 1.8039614065535141 2.000310947402876 1.9573594853420782 1.932815792735908 
-60.5 -60.5 -61.0 -60.5 -61.0 -61.5 -61.0 -61.0 -61.0 -61.5 -61.0 -62.0 -60.5 -62.0 -62.0 -61.0 -61.5 -62.0 -61.0 -61.5 -60.5 -62.0 -63.0 -62.0 -63.0 -62.5 -66.0 -67.0 -65.0 -61.5 -61.5 -60.0 -60.5 -61.0 -62.5 -65.0 -63.5 -60.0 -58.5 -59.0 -60.0 -60.0 -58.5 -59.0 -59.0 
1.552388557340269 1.564660403643354 1.552388557340269 1.5892040962495242 1.5585244804918115 1.533980787885641 1.4419419406125027 1.4726215563702154 1.4848934026733007 1.4787574795217582 1.4480778637640452 1.4971652489763858 1.4419419406125027 1.4603497100671303 1.423534171157875 1.4480778637640452 1.4664856332186729 1.4480778637640452 1.4480778637640452 1.368310862793992 1.3621749396424494 1.337631247036279 1.3867186322486196 1.4910293258248433 1.4419419406125027 1.2885438618239387 1.4603497100671303 1.4419419406125027 1.2210487071569704 1.2701360923693108 1.1719613219446299 1.1535535524900022 1.1290098598838318 1.086058397823034 1.1474176293384597 1.2578642460662257 1.6444274046134073 1.3192234775816514 1.3314953238847365 1.5462526341887264 1.5462526341887264 1.6751070203711202 1.7119225592803755 1.6198837120072371 1.5707963267948966 
-53.0 -53.0 -53.0 -52.5 -52.5 -52.5 -52.5 -52.5 -53.0 -52.0 -52.5 -52.5 -52.5 -52.5 -52.5 -52.5 -52.5 -52.0 -52.5 -52.0 -51.5 -51.5 -51.0 -50.0 -51.5 -53.0 -53.5 -52.0 -53.0 -54.0 -56.0 -57.0 -57.5 -57.0 -55.0 -54.5 -54.5 -52.5 -52.5 -53.0 -52.5 -51.0 -52.0 -52.5 -54.0 
1.4051264017032472 1.337631247036279 1.3437671701878218 1.3867186322486196 1.380582709097077 1.3192234775816514 1.3437671701878218 1.3314953238847365 1.3499030933393643 1.3008157081270237 1.3008157081270237 1.3008157081270237 1.2885438618239387 1.282407938672396 1.3192234775816514 1.3744467859455345 1.337631247036279 1.2885438618239387 1.4296700943094176 1.2701360923693108 1.3560390164909069 1.3069516312785663 1.1658253987930873 1.1290098598838318 1.1965050145508 1.3437671701878218 1.6137477888556946 1.3989904785517047 1.41126232485479 1.564660403643354 1.5033011721279284 1.423534171157875 1.4542137869155878 1.521708941582556 1.564660403643354 1.5401167110371838 1.6996507129772904 1.4787574795217582 1.2517283229146832 1.2210487071569704 1.1351457830353744 1.141281706186917 1.282407938672396 1.3008157081270237 1.2333205534600555 
-51.0 -51.0 -50.5 -51.0 -51.0 -51.0 -51.0 -50.5 -51.0 -51.0 -51.0 -50.5 -50.5 -51.0 -50.5 -50.5 -50.5 -51.0 -50.5 -50.5 -50.5 -50.5 -51.5 -51.0 -51.5 -51.0 -50.5 -50.0 -53.0 -52.5 -53.0 -53.5 -53.5 -53.5 -53.5 -52.5 -51.5 -52.0 -52.0 -51.0 -51.0 -50.0 -50.5 -51.0 -51.0 
1.9266798695843652 1.8837284075235674 1.88986433067511 1.8775924843720249 1.846912868614312 1.846912868614312 1.8100973297050567 1.8162332528565992 1.8039614065535141 1.7855536370988863 1.7732817907958012 1.6321555583103222 1.7426021750380885 1.8100973297050567 1.705786636128833 1.705786636128833 1.705786636128833 1.6812429435226628 1.6137477888556946 1.521708941582556 1.4848934026733007 1.4173982480063325 1.4296700943094176 1.4787574795217582 1.8775924843720249 2.0923497946760143 2.012582793705961 1.88986433067511 2.061670178918302 2.2212041808584084 2.2027964114037806 2.1230294104337273 2.2334760271614935 2.2457478734645786 2.2948352586769194 2.172116795646068 2.073942025221387 2.086213871524472 2.0493983326152168 2.1353012567368124 1.9634954084936207 1.8100973297050567 1.859184714917397 1.8714565612204823 1.945087639038993 
-50.5 -50.5 -50.5 -50.5 -50.5 -50.5 -50.5 -50.5 -50.5 -50.5 -50.5 -50.5 -50.5 -50.0 -50.5 -50.5 -50.5 -50.0 -50.0 -50.0 -49.5 -49.5 -50.0 -51.5 -53.0 -52.0 -48.5 -51.0 -51.5 -54.5 -53.5 -54.0 -54.5 -54.5 -55.0 -53.0 -50.5 -50.5 -53.5 -54.0 -54.0 -51.5 -50.0 -50.0 -50.0 
2.067806102069844 2.0371264863121317 2.012582793705961 2.030990563160589 2.030990563160589 1.9696313316451632 1.9819031779482483 1.9573594853420782 2.018718716857504 1.9389517158874505 1.9389517158874505 1.9512235621905356 1.9205439464328227 1.902136176978195 1.8775924843720249 1.9082721001297376 1.8960002538266525 1.8960002538266525 1.8285050991596843 1.8346410223112268 1.7303303287350031 1.6996507129772904 1.7426021750380885 1.7241944055834606 1.945087639038993 2.1537090261914402 2.0800779483729293 2.270291566070749 2.325514874434632 2.2457478734645786 2.4911847995262812 2.3930100291016 2.411417798556228 2.435961491162398 2.3746022596469727 2.5034566458293663 2.2396119503130363 2.3316507975861747 2.3316507975861747 2.0064468705544187 1.9144080232812801 1.902136176978195 1.9512235621905356 2.043262409463674 2.1353012567368124 
-50.5 -50.5 -50.5 -50.0 -50.5 -50.5 -51.0 -51.0 -50.5 -50.5 -50.5 -50.0 -50.5 -50.5 -50.0 -50.5 -50.0 -49.5 -49.5 -50.0 -50.0 -50.0 -51.5 -52.5 -53.0 -53.0 -54.0 -54.5 -55.0 -54.0 -55.0 -54.5 -54.5 -55.5 -55.0 -54.5 -54.5 -52.5 -53.5 -54.0 -53.0 -51.0 -50.5 -50.0 -50.0 
4.466952054322987 4.006757817957295 4.601942363656923 4.522175362686871 4.595806440505381 4.601942363656923 4.620350133111551 4.411728745959104 4.638757902566179 4.479223900626073 4.405592822807561 4.246058820867455 4.632621979414636 4.626486056263094 4.675573441475434 4.718524903536232 4.76147636559703 4.76147636559703 4.76147636559703 4.95168998329485 5.0253210611133605 4.76147636559703 4.061981126321178 6.129787228391022 5.773903685601553 5.9088939949354895 5.945709533844745 6.068427996875596 6.062292073724054 5.945709533844745 6.013204688511713 6.074563920027139 6.129787228391022 5.93343768754166 5.460971604872882 0.018407769454627694 0.04908738521234052 0.04295146206079795 4.227651051412827 4.651029748869264 4.841243366567084 
-64.0 -63.0 -63.5 -62.5 -63.0 -62.5 -64.5 -63.0 -63.5 -63.5 -64.5 -64.0 -64.0 -63.0 -63.5 -63.0 -62.5 -62.5 -61.5 -62.5 -61.5 -62.5 -64.5 -61.0 -57.0 -62.5 -59.5 -60.5 -60.5 -61.0 -62.0 -61.0 -60.5 -62.0 -60.5 -57.0 -58.5 -63.0 -64.0 -63.0 -63.0 
5.632777453116074 5.3627968344482015 5.2339424482658075 5.338253141842031 5.2768939103266055 5.497787143782138 5.3198453723874035 5.307573526084319 5.50392306693368 5.436427912266712 5.43029198911517 5.43029198911517 5.3198453723874035 5.436427912266712 5.3627968344482015 5.356660911296659 5.442563835418255 5.399612373357457 5.381204603902829 5.356660911296659 5.3198453723874035 5.368932757599744 5.50392306693368 2.5586799541932495 6.17273869045182 6.074563920027139 5.516194913236766 0.4479223900626072 0.11044661672776616 0.30066023442558565 6.1850105367549055 6.209554229361076 6.129787228391022 0.12885438618239387 0.2086213871524472 6.050020227420969 6.22182607566416 5.939573610693203 5.902758071783947 5.154175447295755 5.098952138931871 5.565282298449106 5.755495916146925 
-60.0 -59.5 -60.0 -59.5 -60.0 -59.5 -60.0 -59.5 -59.0 -59.0 -59.5 -59.0 -59.0 -58.5 -58.5 -58.5 -57.5 -57.5 -57.5 -58.0 -58.0 -58.0 -60.0 -66.5 -62.5 -60.5 -60.0 -68.0 -64.5 -67.0 -63.5 -63.5 -64.0 -64.5 -69.0 -63.5 -60.5 -63.5 -63.0 -61.5 -60.0 -58.5 -58.5 
