0.8222137023067037 0.8835729338221293 5.436427912266712 5.589825991055276 4.368777283898306 6.17273869045182 2.5832236467994196 2.6445828783148455 0.944932165337555 1.5462526341887264 4.718524903536232 4.6878452877785195 
-76.0 -75.5 -74.5 -67.5 -64.0 -70.5 -70.0 -69.5 -71.0 -75.5 -77.0 -76.5 
2.012582793705961 1.9634954084936207 1.8530487917658545 1.945087639038993 1.8714565612204823 1.9941750242513334 1.8775924843720249 1.88986433067511 5.0682725231741586 1.8039614065535141 1.6873788666742053 1.6996507129772904 1.8714565612204823 1.7794177139473437 1.7671458676442586 1.6444274046134073 5.019185137961818 1.8162332528565992 1.7119225592803755 1.662835174068035 1.5953400194010667 1.8714565612204823 2.36846633649543 2.141437179888355 2.141437179888355 2.1475731030398975 2.141437179888355 2.0371264863121317 2.0800779483729293 2.325514874434632 2.1659808724945253 1.8285050991596843 1.7241944055834606 1.6935147898257479 1.8837284075235674 1.8100973297050567 1.88986433067511 1.8346410223112268 1.8285050991596843 1.9266798695843652 1.945087639038993 1.9144080232812801 1.8837284075235674 1.9573594853420782 
-60.5 -60.5 -60.0 -60.0 -61.0 -61.0 -60.5 -61.5 -61.5 -61.5 -60.5 -61.0 -61.0 -60.0 -60.5 -60.5 -61.5 -60.5 -61.5 -61.0 -63.0 -61.5 -63.5 -65.5 -62.5 -62.0 -60.5 -60.0 -60.0 -61.0 -65.0 -65.5 -60.5 -58.5 -59.5 -61.0 -60.5 -59.0 -59.0 -59.5 -59.5 -59.5 -60.0 -60.0 
1.4910293258248433 1.5585244804918115 1.5155730184310134 1.576932249946439 1.41126232485479 1.4787574795217582 1.4910293258248433 1.607611865704152 1.5155730184310134 1.4664856332186729 1.4173982480063325 1.4296700943094176 1.4419419406125027 1.4051264017032472 1.5033011721279284 1.3744467859455345 1.5401167110371838 1.4419419406125027 1.4358060174609601 1.4173982480063325 1.4051264017032472 1.2578642460662257 1.325359400733194 1.4051264017032472 1.2026409377023426 1.0737865515199487 1.000155473701438 1.0369710126106935 1.0921943209745766 1.1535535524900022 1.2455923997631406 1.5585244804918115 1.3437671701878218 1.3192234775816514 1.521708941582556 1.6689710972195777 1.662835174068035 1.6689710972195777 1.6566992509164924 1.5830681730979816 1.552388557340269 1.5830681730979816 1.564660403643354 1.6812429435226628 
-56.5 -56.0 -55.5 -55.0 -55.0 -55.0 -54.5 -54.5 -54.5 -53.5 -54.0 -53.5 -53.5 -53.5 -53.0 -53.0 -53.0 -53.5 -52.5 -51.0 -51.0 -52.0 -54.0 -55.0 -56.0 -55.5 -57.5 -57.5 -57.5 -56.0 -54.0 -54.0 -53.0 -52.0 -53.5 -52.5 -51.0 -52.0 -54.0 -55.0 -55.5 -55.5 -55.5 -56.0 
1.4480778637640452 1.4480778637640452 1.4480778637640452 1.4971652489763858 1.533980787885641 1.4173982480063325 1.4419419406125027 1.4419419406125027 4.571262747899211 1.41126232485479 1.3928545554001621 1.3867186322486196 1.380582709097077 1.2946797849754812 1.3560390164909069 1.3069516312785663 1.3437671701878218 1.227184630308513 1.1106020904292042 1.1780972450961724 1.2640001692177683 1.4480778637640452 1.41126232485479 1.4787574795217582 1.4787574795217582 1.3744467859455345 1.3192234775816514 1.3928545554001621 1.5953400194010667 1.4296700943094176 1.6566992509164924 1.4787574795217582 1.325359400733194 1.2087768608538851 1.2333205534600555 1.2701360923693108 1.325359400733194 1.3928545554001621 1.4910293258248433 1.4787574795217582 1.4664856332186729 1.4664856332186729 1.4296700943094176 
-52.0 -52.0 -52.0 -51.5 -51.5 -51.5 -51.5 -51.5 -51.5 -51.0 -51.0 -51.0 -51.0 -50.5 -51.0 -51.0 -51.0 -51.5 -52.0 -51.5 -51.0 -51.5 -52.0 -53.5 -54.0 -53.0 -53.5 -53.0 -53.5 -52.5 -51.5 -53.0 -51.5 -51.0 -50.5 -50.5 -50.5 -51.0 -51.5 -51.5 -51.5 -51.5 -52.0 
1.9389517158874505 1.9819031779482483 1.9512235621905356 1.9266798695843652 1.8775924843720249 1.8837284075235674 1.88986433067511 1.846912868614312 1.761009944492716 1.7241944055834606 1.6935147898257479 1.6198837120072371 1.6444274046134073 1.6198837120072371 1.6382914814618648 1.6137477888556946 1.6137477888556946 1.552388557340269 1.8653206380689396 2.1598449493429825 2.110757564130642 2.1353012567368124 2.1905245651006955 2.442097414313941 2.1659808724945253 2.270291566070749 2.2027964114037806 2.325514874434632 2.1230294104337273 2.0371264863121317 2.270291566070749 2.3439226438892597 2.141437179888355 1.932815792735908 1.7303303287350031 1.8039614065535141 1.932815792735908 1.88986433067511 1.932815792735908 1.9144080232812801 1.945087639038993 1.9512235621905356 
-51.0 -50.5 -50.5 -50.5 -50.5 -50.0 -50.0 -50.5 -49.5 -49.5 -50.0 -50.0 -49.5 -49.5 -50.0 -50.0 -50.5 -51.5 -54.0 -52.5 -49.5 -53.0 -57.0 -56.5 -56.0 -56.5 -55.5 -54.5 -54.5 -52.0 -50.5 -53.0 -54.5 -54.5 -52.0 -50.5 -50.0 -50.0 -50.0 -50.0 -50.0 -50.5 
2.1598449493429825 2.172116795646068 2.1966604882522383 2.1353012567368124 2.098485717827557 2.0800779483729293 2.116893487282185 2.043262409463674 2.000310947402876 2.000310947402876 1.9696313316451632 1.9266798695843652 1.9266798695843652 1.8714565612204823 1.8775924843720249 1.8530487917658545 1.902136176978195 1.8039614065535141 1.8162332528565992 1.7732817907958012 1.945087639038993 2.1598449493429825 2.2150682577068657 2.411417798556228 2.5034566458293663 2.399145952253143 2.3930100291016 2.3930100291016 2.3746022596469727 2.3746022596469727 2.4727770300716534 2.2580197197676637 2.3071071049800045 2.405281875404685 2.086213871524472 1.8653206380689396 1.846912868614312 2.024854640009046 2.12916533358527 2.172116795646068 2.1782527187976104 2.1659808724945253 2.2027964114037806 2.1537090261914402 
-51.0 -51.0 -50.5 -50.5 -50.5 -50.5 -50.0 -50.0 -50.0 -50.0 -50.0 -49.5 -50.0 -50.0 -49.5 -49.5 -50.0 -50.0 -50.0 -51.5 -52.5 -53.0 -54.5 -56.5 -54.5 -56.5 -57.0 -56.5 -55.5 -55.5 -54.5 -56.0 -51.5 -52.5 -55.0 -53.0 -51.0 -50.5 -50.5 -50.0 -51.0 -50.5 -51.0 -50.5 
4.779884135051658 5.013049214810275 5.148039524144211 4.92714629068868 4.963961829597935 4.963961829597935 4.884194828627882 4.822835597112456 5.129631754689584 5.160311370447297 5.117359908386499 5.092816215780329 5.332117218690489 5.166447293598839 4.994641445355648 5.111223985234957 5.092816215780329 5.780039608753096 4.76147636559703 6.154330920997192 5.786175531904639 5.773903685601553 5.786175531904639 6.12365130523948 5.902758071783947 5.829126993965437 6.056156150572511 6.007068765360171 5.816855147662351 5.553010452146021 6.037748381117884 0.14726215563702155 0.018407769454627694 6.252505691421874 4.417864669110647 4.546719055293041 4.970097752749477 5.019185137961818 5.00077736850719 4.970097752749477 5.240078371417351 5.111223985234957 
-61.5 -61.5 -62.0 -61.5 -61.5 -62.0 -61.0 -62.0 -61.5 -61.5 -61.0 -60.5 -60.5 -61.0 -61.0 -60.0 -61.5 -62.0 -64.5 -60.5 -59.5 -62.0 -63.5 -61.5 -62.5 -63.0 -62.0 -60.5 -62.5 -60.5 -56.0 -57.5 -63.0 -64.0 -65.5 -62.5 -62.0 -63.0 -62.0 -62.0 -62.0 -61.0 
5.565282298449106 5.681864838328415 5.632777453116074 5.546874528994478 5.424156065963627 5.602097837358362 5.516194913236766 5.577554144752192 5.473243451175968 5.5714182216006485 5.399612373357457 5.516194913236766 5.442563835418255 5.405748296509 5.5284667595398505 5.50392306693368 5.491651220630596 5.448699758569798 2.3009711818284617 5.626641529964532 5.93343768754166 6.178874613603362 5.706408530934585 0.760854470791278 0.7424467013366504 0.1227184630308513 6.111379458936394 0.0674951546669682 5.773903685601553 6.007068765360171 6.2463697682703305 6.22182607566416 2.1353012567368124 5.141903600992669 5.258486140871978 5.6143696836614465 5.534602682691394 5.64504929941916 5.626641529964532 5.602097837358362 5.559146375297564 
-58.5 -58.5 -59.0 -59.0 -58.5 -58.0 -58.0 -56.5 -58.5 -57.5 -58.0 -58.0 -58.0 -58.0 -58.0 -57.0 -57.0 -58.5 -59.5 -60.5 -62.0 -61.0 -66.0 -66.5 -68.5 -65.5 -64.5 -65.5 -65.5 -63.5 -62.0 -64.5 -66.0 -61.0 -60.0 -59.0 -58.0 -58.5 -59.0 -58.0 -59.0 
