1.1596894756415448 4.246058820867455 4.344233591292136 1.0062913968529805 1.043106935762236 1.055378782065321 1.030835089459151 1.0676506283684062 1.0492428589137786 5.086680292628786 4.7307967498393175 4.313553975534423 6.092971689481767 2.6384469551633027 2.5586799541932495 2.6813984172241008 6.043884304269426 2.761165418194154 1.0737865515199487 0.7915340865489908 0.5338253141842031 
-72.0 -72.0 -71.5 -72.5 -72.5 -72.0 -71.0 -72.0 -72.0 -70.0 -65.5 -65.5 -68.0 -67.5 -69.5 -69.0 -70.5 -70.0 -69.0 -73.5 -74.0 
1.9880391010997909 1.9144080232812801 1.718058482431918 1.8653206380689396 1.761009944492716 1.846912868614312 1.7855536370988863 1.6873788666742053 1.7794177139473437 1.8530487917658545 1.8223691760081417 1.8100973297050567 1.761009944492716 1.8100973297050567 1.7916895602504288 1.7794177139473437 1.8653206380689396 1.902136176978195 1.7794177139473437 1.3560390164909069 1.5707963267948966 1.7671458676442586 2.2886993355253766 2.1598449493429825 2.1966604882522383 2.3930100291016 2.4175537217077703 2.386874105950058 2.435961491162398 2.411417798556228 2.0923497946760143 1.7303303287350031 1.6812429435226628 1.9573594853420782 1.9573594853420782 1.846912868614312 1.9205439464328227 1.8837284075235674 1.9819031779482483 2.1598449493429825 1.9082721001297376 1.902136176978195 1.9082721001297376 1.8775924843720249 
-61.5 -61.0 -61.5 -61.0 -61.0 -60.5 -61.5 -61.5 -60.5 -61.5 -61.5 -61.5 -61.0 -61.5 -62.5 -61.5 -61.0 -62.0 -62.5 -63.0 -62.0 -62.5 -64.0 -65.0 -63.0 -62.0 -61.0 -60.0 -60.5 -62.5 -65.0 -63.0 -60.0 -59.0 -60.0 -61.0 -60.5 -59.5 -61.0 -60.5 -60.5 -60.0 -59.5 -61.0 
1.5585244804918115 1.521708941582556 1.5585244804918115 1.564660403643354 1.5401167110371838 1.533980787885641 1.509437095279471 1.5462526341887264 1.5401167110371838 1.521708941582556 1.5155730184310134 1.4848934026733007 1.521708941582556 1.509437095279471 1.4848934026733007 1.5155730184310134 1.564660403643354 1.5278448647340985 1.5401167110371838 1.564660403643354 1.4542137869155878 1.4358060174609601 1.4726215563702154 1.2455923997631406 1.3499030933393643 1.086058397823034 1.043106935762236 0.8958447801252144 1.0185632431560658 1.141281706186917 1.282407938672396 1.7241944055834606 1.3069516312785663 1.4971652489763858 1.6505633277649499 1.662835174068035 1.6382914814618648 1.5707963267948966 4.718524903536232 1.6014759425526093 1.552388557340269 1.5707963267948966 1.6382914814618648 1.4971652489763858 
-53.0 -53.0 -53.0 -52.5 -52.5 -52.5 -52.5 -52.5 -52.5 -52.5 -52.0 -52.5 -53.0 -52.5 -52.5 -53.0 -53.0 -52.5 -51.5 -51.0 -53.5 -53.5 -54.0 -55.0 -57.0 -58.0 -58.5 -59.0 -59.5 -57.5 -56.0 -57.5 -54.5 -54.5 -54.0 -51.5 -51.5 -53.5 -54.5 -54.5 -54.0 -54.5 -54.0 -53.5 
1.4173982480063325 1.41126232485479 1.423534171157875 1.4296700943094176 1.3989904785517047 1.3499030933393643 1.3192234775816514 1.368310862793992 1.3130875544301088 1.3130875544301088 1.325359400733194 1.380582709097077 1.3621749396424494 1.3314953238847365 1.368310862793992 1.3989904785517047 1.337631247036279 1.2455923997631406 1.2455923997631406 1.1351457830353744 1.3437671701878218 1.4910293258248433 1.41126232485479 1.4480778637640452 1.5462526341887264 1.4542137869155878 1.3867186322486196 1.2885438618239387 1.380582709097077 1.3560390164909069 1.423534171157875 1.761009944492716 1.509437095279471 1.2701360923693108 1.2333205534600555 1.1965050145508 1.2026409377023426 1.325359400733194 1.3867186322486196 1.41126232485479 1.3314953238847365 1.4173982480063325 1.4910293258248433 1.3069516312785663 
-51.0 -50.5 -50.5 -50.5 -50.5 -50.5 -50.5 -50.5 -50.5 -50.5 -50.5 -50.5 -50.5 -50.5 -50.5 -50.0 -51.0 -51.0 -51.0 -51.5 -51.5 -51.0 -51.5 -53.0 -54.0 -54.0 -53.5 -54.0 -54.0 -55.0 -53.5 -53.0 -53.5 -52.5 -52.0 -50.5 -50.5 -51.0 -51.5 -51.0 -51.0 -51.0 -51.0 -51.0 
1.8714565612204823 1.8653206380689396 1.8162332528565992 1.8100973297050567 1.7978254834019713 1.8407769454627694 1.7671458676442586 1.7855536370988863 1.7548740213411735 1.7732817907958012 1.8100973297050567 1.718058482431918 1.7855536370988863 1.748738098189631 1.7548740213411735 1.705786636128833 1.7671458676442586 1.6996507129772904 1.6198837120072371 1.7671458676442586 2.1537090261914402 2.2948352586769194 2.000310947402876 2.141437179888355 2.227340104009951 2.3316507975861747 2.350058567040802 2.270291566070749 2.270291566070749 2.337786720737717 2.024854640009046 2.12916533358527 2.3623304133438876 2.356194490192345 2.0493983326152168 1.761009944492716 1.8530487917658545 1.8223691760081417 1.9389517158874505 1.9266798695843652 1.9205439464328227 1.8837284075235674 1.88986433067511 1.8653206380689396 
-50.5 -50.5 -50.0 -50.0 -50.5 -50.5 -50.0 -50.0 -50.0 -49.5 -50.0 -50.0 -50.0 -50.0 -50.0 -50.0 -50.0 -49.5 -50.0 -53.0 -53.5 -51.0 -50.5 -53.5 -56.5 -55.5 -56.5 -57.0 -57.0 -57.0 -55.0 -51.5 -52.0 -56.5 -55.5 -52.5 -50.5 -49.5 -50.0 -49.5 -49.5 -49.5 -50.0 -50.0 
2.0493983326152168 2.043262409463674 1.9819031779482483 1.9819031779482483 2.024854640009046 1.9819031779482483 1.9389517158874505 1.9757672547967058 1.9941750242513334 1.932815792735908 1.9389517158874505 1.9389517158874505 1.9757672547967058 1.902136176978195 1.9696313316451632 1.9512235621905356 1.9880391010997909 1.932815792735908 1.7426021750380885 1.9082721001297376 2.1905245651006955 2.1537090261914402 2.3930100291016 2.448233337465483 2.4175537217077703 2.429825568010856 2.4605051837685683 2.411417798556228 2.4605051837685683 2.3193789512830896 2.435961491162398 2.141437179888355 2.442097414313941 2.429825568010856 1.932815792735908 1.846912868614312 1.902136176978195 2.0064468705544187 2.083145909948701 2.0923497946760143 2.086213871524472 2.086213871524472 2.0493983326152168 2.043262409463674 
-50.5 -50.0 -50.0 -50.0 -50.5 -50.0 -50.5 -50.0 -50.0 -50.0 -50.0 -50.0 -50.0 -50.0 -50.5 -50.5 -50.5 -50.0 -51.0 -52.5 -54.0 -53.5 -55.5 -56.0 -54.0 -56.5 -56.5 -56.5 -56.5 -55.5 -56.5 -54.5 -52.5 -56.0 -54.5 -52.0 -51.0 -50.0 -50.5 -49.5 -49.5 -49.5 -49.5 -49.5 
4.73693267299086 4.847379289718626 4.95168998329485 4.847379289718626 4.749204519293945 4.76147636559703 4.7860200582032 4.71238898038469 4.865787059173254 4.749204519293945 4.4976316700806995 4.743068596142402 5.3627968344482015 4.890330751779424 4.914874444385594 4.92714629068868 5.325981295538946 4.828971520263998 5.706408530934585 6.031612457966341 5.45483568172134 5.982525072754001 6.068427996875596 6.074563920027139 5.945709533844745 5.994796919057086 5.957981380147831 6.000932842208628 5.810719224510809 5.436427912266712 0.09203884727313846 0.1349903093339364 0.07363107781851078 4.246058820867455 4.675573441475434 5.344389064993574 4.9823695990525625 5.240078371417351 5.221670601962723 5.184855063053467 4.963961829597935 5.0253210611133605 
-61.5 -62.5 -61.5 -61.5 -61.5 -62.0 -61.5 -61.5 -62.0 -61.5 -62.0 -60.5 -62.0 -61.5 -61.0 -61.5 -62.0 -62.0 -68.0 -59.0 -62.0 -60.0 -63.0 -61.0 -62.5 -62.5 -62.0 -63.5 -62.0 -60.0 -56.0 -61.5 -64.5 -68.5 -66.5 -62.5 -63.0 -60.0 -61.5 -60.5 -61.5 -62.0 
5.485515297479052 5.411884219660542 5.4671075280244255 5.442563835418255 5.381204603902829 5.387340527054372 5.338253141842031 5.3198453723874035 5.393476450205914 5.264622064023521 5.344389064993574 5.350524988145116 5.381204603902829 5.559146375297564 5.43029198911517 5.313709449235861 5.356660911296659 5.387340527054372 2.184388641949153 6.007068765360171 6.252505691421874 5.896622148632405 0.6381360077604268 0.3313398501832985 6.086835766330224 0.14112623248547898 6.092971689481767 0.006135923151542565 0.04295146206079795 5.945709533844745 0.01227184630308513 0.006135923151542565 5.663457068873787 5.190990986205009 5.516194913236766 2.334718759161946 5.418020142812084 5.5714182216006485 5.350524988145116 5.491651220630596 5.3198453723874035 
-58.5 -58.5 -58.0 -58.5 -58.5 -58.5 -58.5 -58.0 -58.0 -58.5 -58.0 -58.5 -58.0 -59.0 -58.0 -57.5 -58.0 -58.5 -62.5 -64.5 -61.5 -60.5 -70.0 -65.0 -69.0 -65.5 -65.0 -64.5 -66.0 -68.5 -67.0 -63.5 -67.5 -61.5 -58.5 -58.5 -58.0 -57.5 -58.5 -58.5 -58.0 
