0.9081166264282996 0.9203884727313847 0.7792622402459057 0.7117670855789375 0.8467573949128739 0.6933593161243098 4.681709364626977 5.301437602932776 1.3437671701878218 6.264777537724958 3.2888548092268146 3.2336315008629315 0.23316507975861744 5.2768939103266055 5.8045833013592665 5.589825991055276 5.841398840268521 
-68.5 -68.5 -68.5 -69.0 -69.0 -72.0 -67.5 -70.5 -69.0 -73.5 -66.0 -67.5 -68.5 -71.0 -71.0 -72.5 -73.0 
4.95168998329485 1.8653206380689396 1.705786636128833 4.933282213840222 1.7426021750380885 1.7241944055834606 1.6996507129772904 1.8346410223112268 1.662835174068035 1.6014759425526093 4.847379289718626 4.92714629068868 1.718058482431918 4.921010367537137 2.6016314162540475 5.8659425328746915 2.3316507975861747 1.8775924843720249 2.1353012567368124 2.1230294104337273 2.2027964114037806 2.2764274892222915 2.36846633649543 2.2089323345553233 2.061670178918302 1.6260196351587797 1.576932249946439 1.8039614065535141 1.859184714917397 1.8039614065535141 1.9696313316451632 1.8100973297050567 2.086213871524472 1.9082721001297376 1.945087639038993 1.9144080232812801 
-65.5 -65.5 -66.0 -65.5 -66.0 -64.0 -64.5 -64.0 -62.5 -60.0 -62.5 -62.5 -64.0 -65.0 -62.0 -69.5 -63.5 -62.0 -60.5 -60.0 -61.0 -61.0 -63.5 -65.0 -63.5 -60.5 -58.5 -61.0 -62.0 -61.5 -62.0 -60.5 -61.0 -60.5 -60.5 -60.5 
1.3928545554001621 1.325359400733194 1.3437671701878218 1.2946797849754812 1.3069516312785663 1.3499030933393643 1.3437671701878218 1.2946797849754812 1.3008157081270237 1.368310862793992 1.380582709097077 1.337631247036279 1.1658253987930873 1.368310862793992 1.380582709097077 1.3437671701878218 1.4051264017032472 1.3989904785517047 1.4480778637640452 1.3499030933393643 1.1106020904292042 1.4419419406125027 1.4910293258248433 1.2333205534600555 1.325359400733194 1.227184630308513 1.2026409377023426 1.214912784005428 1.214912784005428 1.3008157081270237 1.4664856332186729 1.4787574795217582 1.607611865704152 1.4603497100671303 1.4910293258248433 1.6382914814618648 1.6260196351587797 1.5278448647340985 1.5585244804918115 1.3928545554001621 1.4726215563702154 1.4051264017032472 1.3989904785517047 1.4480778637640452 
-51.0 -50.5 -50.5 -50.5 -50.5 -50.5 -51.0 -50.5 -51.0 -51.0 -51.5 -51.5 -51.5 -52.0 -52.0 -52.0 -52.5 -51.0 -50.0 -51.0 -52.5 -54.0 -53.0 -52.5 -54.5 -53.0 -54.0 -55.0 -55.0 -53.5 -54.0 -53.5 -54.0 -52.5 -52.0 -52.5 -51.5 -51.5 -52.0 -53.0 -54.0 -55.0 -55.0 -55.5 
1.1658253987930873 1.184233168247715 1.1965050145508 1.1780972450961724 1.0246991663076084 1.1596894756415448 1.1106020904292042 1.2087768608538851 1.055378782065321 1.1903690913992575 1.1351457830353744 1.2640001692177683 1.3069516312785663 1.2333205534600555 1.2701360923693108 1.2026409377023426 1.2517283229146832 1.2026409377023426 1.0921943209745766 1.2087768608538851 1.282407938672396 1.5707963267948966 1.4419419406125027 1.4542137869155878 1.6444274046134073 1.5953400194010667 1.5585244804918115 1.5585244804918115 1.4480778637640452 1.6873788666742053 1.607611865704152 1.6321555583103222 1.6444274046134073 1.4787574795217582 1.2640001692177683 1.1965050145508 1.1596894756415448 1.1596894756415448 1.2210487071569704 1.1965050145508 1.2578642460662257 1.3192234775816514 1.337631247036279 1.3989904785517047 
-50.0 -50.0 -50.0 -50.5 -50.0 -50.5 -50.5 -50.5 -50.5 -50.0 -50.5 -51.0 -51.0 -50.5 -51.0 -51.0 -51.0 -51.0 -51.0 -50.5 -50.0 -50.5 -50.0 -52.5 -52.5 -52.5 -52.0 -52.5 -52.0 -52.5 -52.5 -51.5 -52.5 -52.0 -51.5 -51.5 -51.0 -51.0 -50.5 -50.5 -51.0 -51.5 -52.0 -52.0 
1.423534171157875 1.3437671701878218 1.337631247036279 1.282407938672396 1.2333205534600555 1.239456476611598 1.227184630308513 1.184233168247715 1.214912784005428 1.2210487071569704 1.3008157081270237 1.3008157081270237 1.2455923997631406 1.325359400733194 1.282407938672396 1.3437671701878218 1.2517283229146832 1.2762720155208536 1.3560390164909069 1.7855536370988863 1.9573594853420782 1.8039614065535141 1.7119225592803755 2.000310947402876 2.0493983326152168 2.2027964114037806 2.1905245651006955 2.1230294104337273 2.2027964114037806 2.2886993355253766 2.110757564130642 2.0371264863121317 2.043262409463674 2.067806102069844 1.9880391010997909 1.9082721001297376 1.6566992509164924 1.5830681730979816 1.7303303287350031 1.7732817907958012 1.7916895602504288 1.7978254834019713 1.8653206380689396 1.932815792735908 
-50.5 -50.0 -50.5 -50.0 -50.0 -50.5 -50.0 -50.0 -50.0 -50.0 -50.0 -49.5 -49.5 -49.5 -49.5 -49.5 -49.5 -49.5 -50.5 -52.0 -51.5 -48.0 -50.5 -52.0 -53.0 -52.5 -51.5 -51.0 -51.5 -52.5 -52.5 -51.5 -50.0 -50.0 -52.0 -52.0 -51.0 -49.0 -48.0 -48.5 -49.0 -49.0 -49.5 -49.0 
1.718058482431918 1.7119225592803755 1.718058482431918 1.6444274046134073 1.607611865704152 1.576932249946439 1.5401167110371838 1.5830681730979816 1.5462526341887264 1.521708941582556 1.5462526341887264 1.6137477888556946 1.3437671701878218 1.5155730184310134 1.6444274046134073 1.5892040962495242 1.6382914814618648 1.607611865704152 1.6321555583103222 1.8100973297050567 2.030990563160589 2.018718716857504 2.1905245651006955 2.337786720737717 2.2764274892222915 2.3071071049800045 2.36846633649543 2.454369260617026 2.4175537217077703 2.356194490192345 2.423689644859313 2.350058567040802 2.2212041808584084 2.184388641949153 2.2457478734645786 1.8837284075235674 1.7241944055834606 1.6260196351587797 1.8530487917658545 1.6260196351587797 1.8837284075235674 1.9144080232812801 1.9757672547967058 2.024854640009046 
-50.5 -50.5 -51.0 -50.5 -50.5 -51.0 -51.5 -51.5 -51.0 -51.0 -51.0 -51.0 -51.0 -51.0 -50.5 -50.0 -50.5 -50.5 -51.5 -51.5 -51.5 -53.5 -53.0 -54.5 -52.5 -54.0 -54.0 -53.5 -53.5 -53.5 -52.5 -55.0 -53.5 -52.0 -53.0 -52.5 -51.5 -50.5 -49.5 -49.0 -49.0 -49.0 -49.5 -49.5 
4.743068596142402 4.693981210930062 5.013049214810275 4.9823695990525625 4.534447208989955 4.902602598082509 4.7307967498393175 4.921010367537137 4.509903516383785 4.657165672020807 4.681709364626977 4.693981210930062 5.258486140871978 4.878058905476339 4.743068596142402 4.8351074434155406 4.749204519293945 4.289010282928253 5.332117218690489 5.859806609723149 5.43029198911517 5.841398840268521 5.5100589900852235 5.798447378207723 6.013204688511713 6.068427996875596 6.105243535784852 6.074563920027139 6.074563920027139 5.859806609723149 5.798447378207723 5.5714182216006485 6.2034183062095325 6.252505691421874 5.988660995905543 4.276738436625168 4.76147636559703 5.190990986205009 5.350524988145116 5.283029833478148 5.45483568172134 5.190990986205009 
-62.0 -62.5 -62.5 -61.0 -62.0 -62.5 -61.5 -62.0 -61.5 -61.5 -61.5 -60.5 -61.0 -60.5 -59.5 -60.5 -59.0 -63.5 -64.0 -61.0 -58.5 -63.5 -60.5 -62.5 -60.0 -59.5 -60.0 -59.0 -59.5 -61.0 -59.5 -59.0 -57.0 -60.0 -63.0 -66.5 -62.5 -61.0 -60.5 -61.0 -60.0 -59.5 
5.448699758569798 5.283029833478148 5.240078371417351 5.270757987175063 5.301437602932776 5.21553467881118 5.405748296509 5.221670601962723 5.1725832167503825 5.184855063053467 5.184855063053467 5.246214294568893 5.203262832508095 2.067806102069844 5.092816215780329 5.154175447295755 5.313709449235861 5.841398840268521 6.013204688511713 5.577554144752192 3.792000507653305 6.111379458936394 0.2761165418194154 0.0674951546669682 0.0 6.209554229361076 0.11044661672776616 5.9518454569962875 0.07976700097005335 2.466641106920111 5.6573211457222445 6.1420590746941075 5.810719224510809 5.111223985234957 5.2768939103266055 5.4671075280244255 5.289165756629691 5.47937937432751 5.283029833478148 5.485515297479052 5.559146375297564 
-59.0 -57.5 -58.0 -58.0 -59.0 -58.5 -58.5 -58.0 -58.0 -58.0 -57.5 -57.5 -56.0 -58.0 -56.5 -57.5 -60.0 -59.5 -60.5 -61.5 -66.0 -64.0 -63.5 -63.0 -61.5 -62.5 -64.5 -62.5 -62.5 -65.5 -60.0 -59.5 -62.0 -64.0 -61.5 -59.0 -58.0 -57.5 -57.5 -58.0 -57.0 
