1.030835089459151 4.448544284868359 1.1228739367322893 1.1351457830353744 1.086058397823034 0.9081166264282996 0.9265243958829272 1.030835089459151 4.97623367590102 5.21553467881118 5.878214379177777 4.97623367590102 1.3928545554001621 0.04295146206079795 2.945243112740431 5.344389064993574 6.264777537724958 0.07976700097005335 
-73.0 -71.5 -72.5 -73.0 -74.0 -73.5 -73.5 -72.0 -69.5 -74.0 -78.0 -72.5 -72.0 -72.5 -73.5 -65.0 -74.0 -76.5 
1.8837284075235674 1.9880391010997909 1.761009944492716 1.736466251886546 1.859184714917397 1.6198837120072371 1.6751070203711202 1.718058482431918 1.6812429435226628 1.662835174068035 1.7303303287350031 1.748738098189631 1.6505633277649499 1.6444274046134073 1.7548740213411735 1.1167380135807468 1.6382914814618648 1.6873788666742053 1.6812429435226628 1.6382914814618648 1.662835174068035 1.5033011721279284 1.576932249946439 2.1905245651006955 1.736466251886546 1.9082721001297376 2.172116795646068 2.2886993355253766 2.0493983326152168 2.1598449493429825 2.2396119503130363 2.313243028131547 2.0923497946760143 1.8346410223112268 2.0064468705544187 2.067806102069844 1.9634954084936207 1.8775924843720249 1.9205439464328227 1.736466251886546 1.8960002538266525 1.6321555583103222 1.8960002538266525 1.8960002538266525 1.9205439464328227 
-62.0 -61.5 -61.5 -61.5 -62.0 -61.0 -61.0 -60.5 -61.5 -61.0 -61.5 -61.5 -61.0 -61.5 -62.0 -61.5 -61.5 -61.5 -63.0 -62.0 -63.0 -64.5 -63.0 -62.0 -64.0 -68.0 -65.5 -62.0 -59.5 -61.0 -60.5 -62.0 -64.0 -62.5 -62.5 -60.0 -59.0 -60.5 -60.0 -59.5 -58.5 -59.5 -59.5 -61.0 -60.5 
1.564660403643354 1.564660403643354 1.5892040962495242 1.5155730184310134 1.552388557340269 1.5155730184310134 1.521708941582556 1.4971652489763858 1.4848934026733007 1.4664856332186729 1.4664856332186729 1.4296700943094176 1.4296700943094176 1.4358060174609601 1.4173982480063325 1.3867186322486196 1.521708941582556 1.423534171157875 1.4419419406125027 1.4296700943094176 1.3867186322486196 1.4726215563702154 1.337631247036279 1.1474176293384597 1.337631247036279 1.521708941582556 1.227184630308513 1.1903690913992575 1.3008157081270237 1.1351457830353744 1.184233168247715 1.2455923997631406 1.239456476611598 1.509437095279471 1.4664856332186729 1.4173982480063325 1.4603497100671303 1.6996507129772904 1.846912868614312 1.7303303287350031 1.6689710972195777 1.5585244804918115 1.3744467859455345 1.5155730184310134 1.5033011721279284 
-53.0 -53.5 -53.0 -53.0 -53.0 -53.0 -53.0 -53.0 -53.0 -53.0 -53.0 -53.0 -53.0 -53.5 -53.5 -53.0 -53.5 -52.5 -52.0 -52.0 -51.5 -50.5 -52.5 -53.0 -54.0 -53.5 -52.5 -55.0 -55.0 -55.5 -56.5 -55.5 -55.5 -56.0 -54.0 -54.0 -55.0 -53.5 -51.5 -52.0 -53.0 -54.5 -55.5 -55.5 -55.0 
1.423534171157875 1.3867186322486196 1.3989904785517047 1.423534171157875 1.4542137869155878 1.4296700943094176 1.4173982480063325 1.3989904785517047 1.4173982480063325 1.380582709097077 1.368310862793992 1.3437671701878218 1.3744467859455345 1.3437671701878218 1.3499030933393643 1.3499030933393643 1.4051264017032472 1.3928545554001621 1.337631247036279 1.3069516312785663 1.2333205534600555 1.0185632431560658 1.2701360923693108 1.4664856332186729 1.6014759425526093 1.5401167110371838 1.3069516312785663 1.576932249946439 1.576932249946439 1.5830681730979816 1.533980787885641 1.5278448647340985 1.4971652489763858 1.607611865704152 1.4542137869155878 1.4848934026733007 1.368310862793992 1.3314953238847365 1.3130875544301088 1.3314953238847365 1.4542137869155878 1.4542137869155878 1.4542137869155878 1.4358060174609601 1.4787574795217582 
-50.5 -50.5 -50.0 -50.5 -50.5 -50.5 -50.5 -50.5 -50.0 -50.5 -50.5 -50.5 -50.5 -50.5 -50.5 -50.5 -50.5 -50.5 -51.0 -50.5 -51.0 -51.0 -51.5 -50.5 -51.5 -50.5 -52.5 -53.0 -53.0 -53.0 -53.0 -53.5 -53.0 -53.0 -52.0 -52.0 -51.5 -51.0 -50.0 -50.5 -51.0 -51.0 -51.5 -52.0 -51.5 
1.8775924843720249 1.8100973297050567 1.8407769454627694 1.7916895602504288 1.8039614065535141 1.7978254834019713 1.8100973297050567 1.7671458676442586 1.761009944492716 1.8285050991596843 1.761009944492716 1.7426021750380885 1.6566992509164924 1.761009944492716 1.6812429435226628 1.7119225592803755 1.6505633277649499 1.5401167110371838 1.576932249946439 1.4910293258248433 1.9205439464328227 2.0923497946760143 2.1046216409791 1.8775924843720249 2.0371264863121317 2.1046216409791 2.2948352586769194 2.2641556429192065 2.270291566070749 2.3930100291016 2.2027964114037806 2.098485717827557 2.1475731030398975 2.3439226438892597 2.073942025221387 2.012582793705961 1.945087639038993 1.8960002538266525 1.945087639038993 1.9634954084936207 1.8960002538266525 1.9880391010997909 1.932815792735908 
-50.0 -50.0 -50.0 -50.0 -50.0 -50.0 -49.5 -50.0 -49.5 -50.0 -49.5 -50.0 -50.0 -50.0 -49.5 -50.0 -50.0 -50.0 -49.5 -51.0 -53.0 -51.5 -49.0 -50.5 -53.0 -53.0 -54.0 -53.0 -53.0 -54.0 -55.0 -52.0 -51.5 -54.5 -55.5 -54.0 -51.5 -49.5 -49.5 -50.0 -50.0 -50.5 -50.5 
2.012582793705961 1.9941750242513334 2.018718716857504 1.9634954084936207 2.043262409463674 1.9880391010997909 1.945087639038993 1.9634954084936207 2.0064468705544187 1.945087639038993 1.9696313316451632 1.9205439464328227 1.945087639038993 1.945087639038993 1.945087639038993 1.88986433067511 1.8960002538266525 1.8223691760081417 1.7794177139473437 4.902602598082509 1.662835174068035 1.6751070203711202 1.9082721001297376 2.116893487282185 2.172116795646068 2.282563412373834 2.3193789512830896 2.411417798556228 2.3009711818284617 2.423689644859313 2.429825568010856 2.3623304133438876 2.6016314162540475 2.282563412373834 2.386874105950058 2.3930100291016 2.2396119503130363 2.024854640009046 1.9880391010997909 1.88986433067511 2.1353012567368124 2.141437179888355 2.116893487282185 2.141437179888355 2.0493983326152168 
-50.0 -49.5 -50.0 -49.5 -50.0 -50.0 -49.5 -49.5 -50.0 -50.0 -50.0 -50.0 -50.0 -50.0 -50.0 -50.0 -49.5 -49.5 -49.5 -50.5 -50.5 -51.5 -52.0 -52.0 -53.0 -53.5 -55.0 -53.5 -54.5 -55.0 -55.0 -54.5 -55.0 -54.0 -53.0 -53.5 -54.0 -52.5 -50.5 -50.5 -50.0 -50.0 -50.0 -50.0 -50.5 
4.878058905476339 4.841243366567084 4.638757902566179 4.620350133111551 4.804427827657828 4.9394181369917645 4.773748211900116 4.608078286808466 4.779884135051658 4.767612288748572 4.81056375080937 4.73693267299086 4.853515212870168 4.473087977474529 4.994641445355648 5.154175447295755 4.988505522204105 4.988505522204105 4.92714629068868 4.743068596142402 4.319689898685965 3.865631585471816 5.663457068873787 5.810719224510809 5.927301764390117 6.105243535784852 6.025476534814799 6.14819499784565 6.117515382087937 6.043884304269426 5.681864838328415 5.602097837358362 5.8045833013592665 6.240233845118788 6.037748381117884 4.6878452877785195 4.565126824747668 4.841243366567084 5.037592907416445 4.970097752749477 4.792155981354743 
-62.0 -62.0 -62.5 -62.0 -62.0 -62.5 -61.5 -62.0 -61.0 -62.0 -61.5 -61.5 -61.5 -62.5 -61.0 -61.5 -61.0 -60.5 -61.5 -61.5 -62.5 -66.0 -58.0 -64.0 -62.0 -60.5 -60.5 -60.5 -60.0 -60.5 -61.0 -60.0 -56.0 -58.5 -65.0 -67.5 -60.0 -62.5 -62.5 -62.0 -62.0 
5.301437602932776 5.424156065963627 5.338253141842031 5.411884219660542 5.553010452146021 5.405748296509 5.3198453723874035 5.43029198911517 5.350524988145116 5.332117218690489 5.270757987175063 5.5284667595398505 5.411884219660542 5.368932757599744 5.387340527054372 5.50392306693368 5.411884219660542 5.436427912266712 5.442563835418255 5.270757987175063 5.240078371417351 5.5714182216006485 6.14819499784565 6.258641614573416 5.773903685601553 4.196971435655114 0.4356505437595221 5.939573610693203 0.11658253987930872 0.23930100291016002 6.111379458936394 5.902758071783947 6.264777537724958 6.252505691421874 2.313243028131547 5.00077736850719 5.086680292628786 5.350524988145116 5.589825991055276 5.712544454086128 5.589825991055276 5.559146375297564 
-58.5 -58.5 -59.0 -59.0 -59.0 -58.5 -58.0 -58.5 -58.5 -58.0 -58.5 -59.0 -58.5 -57.5 -58.0 -57.5 -57.5 -57.5 -57.0 -58.0 -59.0 -62.0 -61.5 -61.5 -61.0 -73.5 -65.5 -65.5 -65.0 -65.5 -67.0 -64.0 -65.0 -63.0 -64.0 -60.5 -59.5 -60.0 -57.5 -59.0 -57.5 -58.5 
