4.4362724385652745 1.239456476611598 1.337631247036279 4.430136515413731 1.4726215563702154 1.552388557340269 1.4051264017032472 1.533980787885641 4.516039439535327 4.81056375080937 5.890486225480862 2.4911847995262812 2.5464081078901644 2.773437264497239 2.6568547246179306 2.5770877236478773 1.214912784005428 5.589825991055276 5.859806609723149 4.779884135051658 0.01227184630308513 
-70.5 -70.5 -70.5 -71.0 -71.0 -71.5 -71.0 -70.5 -71.5 -68.5 -68.5 -65.5 -68.0 -70.0 -67.0 -68.0 -67.5 -67.0 -72.0 -73.5 -73.0 
1.662835174068035 1.6137477888556946 1.7241944055834606 1.5953400194010667 1.4848934026733007 1.6382914814618648 1.8775924843720249 1.88986433067511 1.552388557340269 1.6198837120072371 1.533980787885641 1.705786636128833 1.6260196351587797 1.5830681730979816 1.6321555583103222 1.576932249946439 1.736466251886546 1.662835174068035 1.6689710972195777 1.718058482431918 1.6812429435226628 2.018718716857504 2.3071071049800045 1.9696313316451632 2.012582793705961 2.172116795646068 2.2396119503130363 2.411417798556228 2.405281875404685 2.2886993355253766 2.3623304133438876 2.098485717827557 1.7855536370988863 1.8223691760081417 1.5155730184310134 1.4664856332186729 1.1474176293384597 1.6505633277649499 1.705786636128833 1.7426021750380885 1.6873788666742053 1.8162332528565992 1.6382914814618648 
-62.5 -62.5 -62.0 -62.0 -62.0 -62.0 -62.0 -62.5 -61.5 -62.5 -61.5 -62.0 -61.5 -61.5 -62.0 -62.0 -62.5 -61.5 -61.0 -63.5 -62.5 -62.5 -61.5 -64.5 -65.5 -61.5 -61.5 -61.0 -60.0 -60.5 -62.5 -65.5 -62.0 -61.5 -60.5 -61.5 -62.0 -59.5 -60.5 -60.0 -60.5 -61.5 -61.0 
1.4787574795217582 1.564660403643354 1.3744467859455345 1.5401167110371838 1.5278448647340985 1.552388557340269 1.5278448647340985 1.4848934026733007 1.5155730184310134 1.533980787885641 1.4419419406125027 1.4726215563702154 1.509437095279471 1.4419419406125027 1.5278448647340985 1.4726215563702154 1.337631247036279 1.4358060174609601 1.6321555583103222 1.6505633277649499 1.2455923997631406 1.0921943209745766 1.3437671701878218 1.2026409377023426 1.1903690913992575 1.043106935762236 0.8897088569736719 1.043106935762236 1.0185632431560658 1.184233168247715 1.5707963267948966 1.5278448647340985 1.337631247036279 1.3744467859455345 1.5033011721279284 1.552388557340269 1.576932249946439 1.533980787885641 1.4726215563702154 1.4419419406125027 1.423534171157875 1.3867186322486196 
-54.0 -54.0 -54.0 -54.0 -53.5 -54.0 -54.5 -54.5 -55.0 -54.5 -54.5 -54.5 -55.0 -54.5 -55.5 -55.0 -55.5 -54.5 -53.5 -51.5 -52.5 -53.5 -54.0 -54.0 -55.5 -56.5 -59.0 -59.0 -58.0 -57.0 -55.5 -56.0 -53.5 -52.0 -52.0 -51.0 -51.5 -51.5 -52.0 -52.0 -51.5 -51.5 
1.41126232485479 1.3989904785517047 1.4051264017032472 1.4296700943094176 1.4848934026733007 1.5155730184310134 1.4726215563702154 1.4848934026733007 1.4971652489763858 1.41126232485479 1.3744467859455345 1.41126232485479 1.423534171157875 1.4051264017032472 1.4173982480063325 1.4419419406125027 1.4358060174609601 1.41126232485479 1.3867186322486196 1.214912784005428 1.3437671701878218 1.4542137869155878 1.761009944492716 1.3560390164909069 1.4603497100671303 1.3989904785517047 1.3560390164909069 1.3560390164909069 1.4971652489763858 1.3989904785517047 1.5462526341887264 1.5830681730979816 1.5033011721279284 1.2210487071569704 1.2701360923693108 1.141281706186917 1.1719613219446299 1.2640001692177683 1.282407938672396 1.2885438618239387 1.227184630308513 1.2087768608538851 
-50.5 -50.0 -51.0 -51.0 -51.0 -51.0 -51.0 -51.0 -51.0 -51.0 -51.0 -51.0 -51.0 -51.0 -51.0 -51.0 -51.5 -50.5 -51.5 -50.5 -51.5 -51.5 -51.0 -52.5 -54.0 -54.0 -54.0 -54.0 -54.0 -54.5 -52.5 -53.0 -52.5 -52.0 -52.0 -51.0 -51.0 -51.0 -51.0 -50.5 -51.0 -50.5 
1.8039614065535141 1.7794177139473437 1.8346410223112268 1.8162332528565992 1.8530487917658545 1.8653206380689396 1.859184714917397 1.7978254834019713 1.7916895602504288 1.736466251886546 1.7426021750380885 1.705786636128833 1.7426021750380885 1.7119225592803755 1.736466251886546 1.7119225592803755 1.718058482431918 1.5892040962495242 1.5707963267948966 1.6566992509164924 1.9573594853420782 2.067806102069844 2.030990563160589 2.0923497946760143 2.282563412373834 2.3623304133438876 2.356194490192345 2.356194490192345 2.3930100291016 2.3071071049800045 2.043262409463674 2.110757564130642 2.1905245651006955 2.2027964114037806 2.067806102069844 1.7671458676442586 1.662835174068035 1.6505633277649499 1.6505633277649499 1.6566992509164924 1.5585244804918115 1.6198837120072371 
-51.0 -51.0 -51.0 -51.0 -50.5 -50.5 -50.5 -50.5 -50.5 -50.5 -50.5 -50.5 -50.5 -50.5 -50.5 -50.5 -50.5 -50.0 -50.0 -50.5 -53.0 -53.0 -49.0 -53.5 -56.0 -56.0 -57.5 -58.0 -57.0 -57.0 -53.5 -50.0 -51.0 -53.5 -53.0 -53.0 -51.0 -50.0 -49.5 -49.5 -49.5 -49.5 
1.9389517158874505 2.0371264863121317 2.024854640009046 2.030990563160589 2.0493983326152168 2.0923497946760143 2.067806102069844 2.018718716857504 2.073942025221387 2.0493983326152168 1.9941750242513334 2.0064468705544187 2.000310947402876 1.9880391010997909 2.024854640009046 1.9880391010997909 1.9082721001297376 1.9757672547967058 1.902136176978195 1.8837284075235674 1.932815792735908 2.2948352586769194 2.3439226438892597 2.435961491162398 2.386874105950058 2.448233337465483 2.4850488763747385 2.509592568980909 2.509592568980909 2.380738182798515 2.448233337465483 2.2212041808584084 2.4727770300716534 2.270291566070749 1.932815792735908 1.7732817907958012 1.8530487917658545 1.7978254834019713 1.8407769454627694 1.859184714917397 1.6873788666742053 1.8100973297050567 
-50.5 -50.5 -50.5 -50.0 -50.0 -50.5 -50.0 -50.5 -50.0 -50.5 -50.0 -50.0 -50.5 -50.0 -50.5 -50.5 -49.5 -50.0 -50.5 -51.0 -52.5 -52.5 -53.5 -56.0 -54.0 -56.5 -57.0 -56.5 -57.0 -54.5 -56.0 -53.0 -52.0 -54.5 -54.5 -52.5 -51.0 -50.5 -50.0 -50.0 -50.0 -50.0 
5.148039524144211 5.031456984264903 4.878058905476339 4.902602598082509 5.0682725231741586 4.963961829597935 5.289165756629691 5.135767677841127 5.252350217720435 5.313709449235861 5.086680292628786 5.092816215780329 5.178719139901925 5.491651220630596 5.252350217720435 5.098952138931871 5.47937937432751 4.9823695990525625 4.896466674930966 4.313553975534423 5.098952138931871 5.945709533844745 5.411884219660542 5.902758071783947 5.786175531904639 6.043884304269426 5.890486225480862 5.878214379177777 5.767767762450011 5.964117303299373 5.632777453116074 5.460971604872882 6.154330920997192 0.0 6.050020227420969 5.056000676871073 4.491495746929157 4.4362724385652745 4.516039439535327 4.718524903536232 4.473087977474529 4.638757902566179 
-61.0 -61.0 -60.5 -61.0 -60.5 -60.0 -61.0 -61.0 -60.5 -60.5 -61.0 -61.0 -60.0 -60.5 -60.5 -60.5 -60.0 -60.0 -60.0 -62.5 -65.5 -63.0 -59.5 -57.5 -63.5 -61.0 -62.0 -62.0 -61.5 -63.0 -63.0 -58.5 -57.5 -62.0 -63.0 -68.5 -65.5 -63.5 -65.0 -64.0 -65.0 -62.5 
5.546874528994478 5.6573211457222445 5.595961914206819 5.546874528994478 5.64504929941916 5.5714182216006485 5.5714182216006485 5.565282298449106 5.66959299202533 5.626641529964532 5.602097837358362 5.589825991055276 5.546874528994478 5.8045833013592665 5.638913376267617 5.460971604872882 5.810719224510809 5.264622064023521 5.43029198911517 5.595961914206819 0.0674951546669682 0.12885438618239387 5.565282298449106 0.25157284921324513 0.2638446955163303 0.22089323345553233 0.23930100291016002 6.037748381117884 6.264777537724958 2.5341362615870793 5.957981380147831 6.209554229361076 5.878214379177777 5.50392306693368 5.062136600022616 5.283029833478148 5.289165756629691 5.313709449235861 5.221670601962723 5.252350217720435 
-58.0 -58.5 -58.0 -58.5 -58.0 -57.5 -59.0 -58.5 -59.0 -58.0 -58.0 -58.5 -58.5 -59.0 -58.5 -58.5 -58.5 -57.5 -58.5 -60.5 -61.0 -62.0 -60.0 -64.5 -66.0 -65.5 -67.5 -66.5 -66.5 -66.5 -61.5 -62.5 -63.5 -63.0 -61.5 -60.0 -59.0 -58.0 -58.5 -58.5 
