0.5890486225480862 3.5833791205008576 0.5890486225480862 3.902447124381071 0.6565437772150544 0.6381360077604268 0.5951845456996288 0.4970097752749477 0.5338253141842031 0.5276893910326605 0.619728238305799 5.829126993965437 2.773437264497239 0.6258641614573416 5.749359992995383 
-69.5 -69.0 -70.0 -69.5 -70.0 -70.0 -71.0 -70.5 -70.0 -70.5 -70.0 -70.5 -68.5 -70.0 -73.0 
1.7916895602504288 1.88986433067511 1.9144080232812801 1.9512235621905356 1.5707963267948966 1.6689710972195777 1.8960002538266525 1.8837284075235674 1.8162332528565992 1.6260196351587797 1.662835174068035 1.8837284075235674 1.7855536370988863 1.5953400194010667 1.6014759425526093 1.5892040962495242 1.748738098189631 4.7860200582032 4.92714629068868 5.074408446325701 5.098952138931871 2.5832236467994196 6.080699843178682 6.0991076126333095 2.043262409463674 1.7671458676442586 1.9512235621905356 1.9941750242513334 2.141437179888355 2.2027964114037806 2.1353012567368124 2.141437179888355 2.0064468705544187 2.116893487282185 1.761009944492716 1.5892040962495242 1.6873788666742053 1.7303303287350031 
-64.0 -63.5 -63.5 -63.5 -63.0 -62.5 -64.0 -64.0 -64.0 -63.5 -63.5 -63.0 -63.5 -63.0 -61.5 -65.0 -64.0 -64.5 -64.5 -64.5 -64.0 -63.5 -70.0 -73.0 -64.0 -61.0 -60.5 -60.0 -60.0 -60.5 -61.0 -63.0 -64.5 -62.5 -59.5 -62.0 -62.5 -60.5 
1.3192234775816514 1.3069516312785663 1.3314953238847365 1.3744467859455345 1.282407938672396 1.325359400733194 1.3499030933393643 1.3560390164909069 1.282407938672396 1.141281706186917 1.2885438618239387 1.3437671701878218 1.3130875544301088 1.2885438618239387 1.1535535524900022 1.3008157081270237 1.337631247036279 1.3069516312785663 1.282407938672396 1.2762720155208536 1.2762720155208536 1.2517283229146832 1.184233168247715 1.239456476611598 1.2517283229146832 1.2517283229146832 1.2762720155208536 1.0369710126106935 0.9756117810952678 1.4787574795217582 1.533980787885641 1.2026409377023426 1.2517283229146832 1.2885438618239387 1.1106020904292042 1.3744467859455345 1.337631247036279 1.227184630308513 1.2333205534600555 1.3192234775816514 1.564660403643354 1.5892040962495242 1.4971652489763858 1.5033011721279284 1.3314953238847365 1.3069516312785663 
-50.5 -50.5 -50.5 -50.5 -50.5 -50.5 -50.5 -50.5 -50.5 -51.0 -50.5 -51.0 -51.0 -51.0 -51.0 -51.0 -50.5 -50.5 -50.5 -51.0 -50.5 -50.5 -50.5 -50.5 -50.5 -50.0 -49.0 -51.5 -52.5 -54.0 -52.0 -50.5 -52.5 -52.5 -54.0 -55.0 -55.5 -54.5 -53.5 -53.0 -52.0 -51.5 -52.0 -52.0 -50.0 -50.5 
1.1965050145508 1.2087768608538851 1.1658253987930873 1.2210487071569704 1.2333205534600555 1.239456476611598 1.1351457830353744 1.2333205534600555 1.184233168247715 1.1903690913992575 1.1780972450961724 1.2087768608538851 1.2087768608538851 1.1780972450961724 1.184233168247715 1.141281706186917 1.214912784005428 1.2026409377023426 1.1719613219446299 1.1658253987930873 1.2087768608538851 1.1596894756415448 1.1535535524900022 1.1474176293384597 1.2701360923693108 0.8160777791551611 0.9633399347921826 1.086058397823034 1.214912784005428 1.552388557340269 1.380582709097077 1.3130875544301088 1.607611865704152 1.662835174068035 1.5892040962495242 1.4603497100671303 1.5830681730979816 1.5892040962495242 1.6996507129772904 1.576932249946439 1.6382914814618648 1.5585244804918115 1.380582709097077 1.2701360923693108 1.1106020904292042 1.1228739367322893 
-50.5 -50.0 -49.5 -50.0 -50.0 -50.0 -50.0 -50.0 -50.0 -50.5 -50.0 -50.0 -50.5 -50.5 -50.0 -50.5 -50.0 -50.5 -50.5 -50.5 -50.5 -51.0 -51.5 -51.5 -51.5 -52.0 -51.0 -50.5 -50.0 -51.0 -49.5 -52.0 -52.5 -51.5 -52.0 -52.0 -52.5 -52.5 -52.5 -53.0 -51.5 -51.0 -51.0 -51.5 -52.0 -51.0 
1.5033011721279284 1.533980787885641 1.5585244804918115 1.5278448647340985 1.5830681730979816 1.4910293258248433 1.5278448647340985 1.5033011721279284 1.509437095279471 1.368310862793992 1.4664856332186729 1.5155730184310134 1.4910293258248433 1.5278448647340985 1.4848934026733007 1.5278448647340985 1.41126232485479 1.368310862793992 1.2455923997631406 1.2333205534600555 1.0185632431560658 1.0062913968529805 1.0737865515199487 1.012427320004523 0.9387962421860124 1.012427320004523 1.141281706186917 1.736466251886546 1.7426021750380885 1.6812429435226628 1.5278448647340985 1.8653206380689396 1.9205439464328227 2.098485717827557 2.024854640009046 2.2027964114037806 2.2150682577068657 2.2457478734645786 2.3071071049800045 2.043262409463674 1.9757672547967058 1.9266798695843652 1.9144080232812801 1.8714565612204823 1.380582709097077 1.4296700943094176 
-50.5 -50.0 -50.5 -50.5 -50.5 -50.5 -51.0 -50.5 -50.5 -50.5 -50.5 -50.5 -51.0 -51.0 -50.5 -51.0 -50.5 -50.0 -50.0 -49.5 -49.5 -49.5 -50.0 -49.5 -50.0 -50.5 -51.5 -51.5 -51.0 -48.0 -50.5 -51.5 -50.5 -51.0 -50.0 -50.5 -51.0 -51.5 -52.0 -52.5 -50.5 -48.5 -50.5 -52.0 -50.0 -49.0 
1.7303303287350031 1.8285050991596843 1.7548740213411735 1.8346410223112268 1.7732817907958012 1.718058482431918 1.748738098189631 1.718058482431918 1.7241944055834606 1.7426021750380885 1.607611865704152 1.607611865704152 1.6996507129772904 1.6996507129772904 1.7548740213411735 1.7241944055834606 1.6444274046134073 1.6382914814618648 1.552388557340269 1.5033011721279284 1.4726215563702154 1.4051264017032472 1.3621749396424494 1.4542137869155878 1.3928545554001621 1.3560390164909069 1.423534171157875 1.7978254834019713 1.9266798695843652 1.8775924843720249 2.043262409463674 2.184388641949153 2.141437179888355 2.2580197197676637 2.3623304133438876 2.386874105950058 2.466641106920111 2.429825568010856 2.356194490192345 2.350058567040802 2.1966604882522383 2.043262409463674 1.7732817907958012 1.564660403643354 1.5155730184310134 
-51.0 -50.5 -50.5 -51.0 -51.0 -51.0 -51.0 -51.0 -50.5 -51.0 -51.0 -51.0 -50.5 -51.0 -51.0 -50.5 -50.5 -51.0 -51.0 -51.5 -51.5 -51.5 -52.0 -52.0 -52.0 -53.0 -52.5 -52.5 -51.5 -53.0 -53.0 -53.5 -52.0 -53.0 -53.0 -52.5 -52.5 -53.5 -53.5 -52.5 -53.5 -51.5 -52.0 -51.5 -49.5 
4.81056375080937 4.755340442445488 4.651029748869264 4.798291904506286 4.558990901596125 4.442408361716817 4.540583132141498 4.902602598082509 4.565126824747668 4.779884135051658 4.792155981354743 4.693981210930062 4.614214209960009 4.804427827657828 4.798291904506286 4.804427827657828 4.700117134081604 4.7860200582032 4.970097752749477 4.448544284868359 4.693981210930062 4.3074180523828804 4.184699589352029 4.552854978444583 4.1417481272912315 5.338253141842031 5.66959299202533 5.583690067903734 5.884350302329319 5.8475347634200645 5.730952223540755 6.074563920027139 6.000932842208628 6.019340611663256 6.080699843178682 6.117515382087937 6.031612457966341 5.957981380147831 5.546874528994478 5.767767762450011 6.12365130523948 6.154330920997192 4.822835597112456 5.0253210611133605 
-63.0 -62.5 -63.0 -62.0 -62.0 -63.0 -62.5 -62.0 -63.0 -62.0 -63.0 -63.0 -62.5 -63.0 -63.0 -62.0 -63.0 -62.0 -62.5 -62.0 -61.0 -61.5 -61.5 -62.5 -69.0 -68.0 -65.5 -59.0 -63.5 -61.0 -61.5 -60.0 -60.0 -60.0 -60.5 -61.5 -60.5 -63.0 -61.0 -56.5 -56.0 -61.5 -65.0 -62.5 
5.203262832508095 5.203262832508095 5.240078371417351 5.2339424482658075 5.21553467881118 5.240078371417351 5.197126909356553 5.240078371417351 5.209398755659637 5.258486140871978 5.313709449235861 5.203262832508095 5.264622064023521 5.516194913236766 5.246214294568893 5.295301679781233 5.006913291658733 5.0682725231741586 2.061670178918302 2.0493983326152168 5.154175447295755 5.1725832167503825 1.859184714917397 4.914874444385594 4.97623367590102 5.135767677841127 5.393476450205914 5.902758071783947 5.859806609723149 5.620505606812989 6.037748381117884 0.16566992509164924 6.191146459906448 6.17273869045182 6.1850105367549055 6.17273869045182 0.03681553890925539 6.074563920027139 0.25157284921324513 5.436427912266712 6.007068765360171 5.681864838328415 5.117359908386499 5.1725832167503825 
-60.0 -60.0 -59.5 -59.5 -59.0 -60.0 -60.0 -60.0 -59.5 -60.0 -60.0 -60.0 -59.5 -59.5 -59.5 -58.5 -59.5 -59.5 -59.5 -60.0 -59.5 -60.0 -60.5 -59.5 -60.0 -62.0 -63.0 -59.0 -59.0 -60.0 -61.0 -63.0 -60.0 -60.0 -60.0 -61.5 -64.0 -63.0 -66.0 -61.0 -57.5 -60.5 -62.0 -57.0 
