3.043417883165112 2.945243112740431 3.055689729468197 3.098641191528995 3.11091303783208 3.104777114680538 3.1906800388021335 3.399301425954581 3.1354567304382504 3.1661363461959633 3.104777114680538 3.1354567304382504 3.0127382674073995 2.9513790358919736 3.0495538063166547 2.8102528034064944 2.9084275738311756 3.393165502803038 3.706097583531709 3.399301425954581 3.5036121195308043 3.6324665057131984 3.718369429834794 3.5036121195308043 3.3624858870453256 3.2397674240144743 3.0372819600135696 3.3379421944391554 3.3624858870453256 3.466796580621549 3.5281558121369745 3.5281558121369745 3.3379421944391554 3.2090878082567613 3.215223731408304 3.3624858870453256 3.1968159619536762 2.9391071895888885 3.0372819600135696 3.031146036862027 3.055689729468197 3.0127382674073995 2.9575149590435164 
-62.5 -62.0 -62.5 -62.0 -62.5 -62.5 -62.5 -62.0 -62.5 -62.0 -62.5 -62.5 -62.0 -62.0 -62.0 -62.0 -63.0 -64.0 -62.5 -62.5 -62.5 -64.5 -66.0 -65.0 -64.0 -64.5 -65.0 -64.5 -65.0 -67.0 -67.0 -67.5 -64.5 -65.0 -63.5 -63.0 -64.0 -64.0 -63.5 -62.5 -63.5 -63.5 -64.0 
2.2212041808584084 2.110757564130642 2.172116795646068 2.1905245651006955 2.086213871524472 2.1966604882522383 2.141437179888355 2.1353012567368124 2.098485717827557 2.2212041808584084 2.1659808724945253 2.2027964114037806 2.1966604882522383 2.018718716857504 2.1905245651006955 2.110757564130642 2.098485717827557 2.2396119503130363 2.6813984172241008 2.5157284921324514 3.2090878082567613 3.055689729468197 3.3072625786814425 3.104777114680538 3.0066023442558567 2.6875343403756435 2.6813984172241008 2.5832236467994196 2.761165418194154 2.761165418194154 3.08636934522591 3.423845118560751 3.06182565261974 2.6261751088602177 2.2212041808584084 2.1598449493429825 2.061670178918302 2.0371264863121317 2.172116795646068 1.9573594853420782 2.1230294104337273 1.9389517158874505 2.086213871524472 
-63.0 -63.0 -60.5 -63.5 -63.0 -63.0 -63.5 -63.0 -62.5 -63.5 -63.0 -63.0 -64.0 -63.0 -63.5 -64.5 -64.0 -64.0 -63.5 -64.0 -66.0 -63.5 -63.0 -62.0 -62.0 -62.5 -62.5 -62.5 -62.0 -62.5 -62.5 -66.0 -65.5 -66.0 -64.5 -63.5 -62.5 -61.5 -61.0 -62.0 -62.0 -62.0 -61.0 
1.0369710126106935 1.0369710126106935 1.0615147052168636 1.030835089459151 1.012427320004523 1.0492428589137786 1.043106935762236 0.9878836273983529 0.9756117810952678 0.9694758579437253 0.9694758579437253 0.9387962421860124 0.9387962421860124 0.9572040116406401 0.8897088569736719 0.8467573949128739 0.8713010875190442 0.9019807032767571 1.030835089459151 0.944932165337555 1.2640001692177683 1.1780972450961724 1.086058397823034 1.0062913968529805 0.9387962421860124 0.944932165337555 1.000155473701438 1.055378782065321 0.9817477042468103 1.0246991663076084 1.0799224746714913 1.1780972450961724 1.4542137869155878 1.1719613219446299 1.012427320004523 1.086058397823034 1.0799224746714913 1.0369710126106935 1.030835089459151 1.055378782065321 1.0799224746714913 1.086058397823034 1.1044661672776617 
-49.0 -49.0 -48.5 -49.0 -49.0 -49.0 -48.5 -49.0 -49.0 -49.0 -49.0 -49.0 -49.0 -49.5 -49.0 -49.5 -50.0 -51.0 -52.0 -53.5 -53.0 -51.5 -51.0 -52.0 -52.0 -53.0 -52.5 -52.5 -52.5 -52.5 -52.0 -51.5 -53.5 -54.0 -52.0 -51.5 -51.0 -49.5 -49.5 -49.5 -49.5 -49.5 -50.0 
1.043106935762236 1.0737865515199487 1.0799224746714913 1.012427320004523 1.0737865515199487 1.0369710126106935 1.0246991663076084 1.000155473701438 1.0185632431560658 0.9756117810952678 0.9817477042468103 0.8222137023067037 0.9817477042468103 0.944932165337555 0.9572040116406401 0.9326603190344698 0.9756117810952678 1.0615147052168636 1.1903690913992575 1.4542137869155878 1.5462526341887264 1.3192234775816514 1.1780972450961724 1.1780972450961724 1.2762720155208536 1.2762720155208536 1.2762720155208536 1.2640001692177683 1.3560390164909069 1.3744467859455345 1.337631247036279 1.2640001692177683 1.5707963267948966 1.5953400194010667 1.5278448647340985 1.2701360923693108 1.1596894756415448 1.0492428589137786 1.012427320004523 1.1106020904292042 1.030835089459151 1.0676506283684062 0.9326603190344698 
-51.0 -51.0 -51.0 -51.0 -51.0 -50.5 -51.0 -51.0 -51.0 -51.0 -51.5 -51.0 -51.5 -51.0 -51.5 -51.5 -52.0 -51.5 -52.5 -52.5 -51.5 -49.5 -50.0 -50.5 -50.5 -50.0 -50.5 -50.5 -50.5 -50.5 -51.0 -50.0 -51.0 -52.5 -53.5 -53.0 -51.5 -51.0 -50.5 -50.5 -50.5 -50.5 -50.5 
1.509437095279471 1.4726215563702154 1.4910293258248433 1.4480778637640452 1.4848934026733007 1.4173982480063325 1.3192234775816514 1.4296700943094176 1.4419419406125027 1.4173982480063325 1.4296700943094176 1.4603497100671303 1.533980787885641 1.3744467859455345 1.4358060174609601 1.4358060174609601 1.4603497100671303 1.7671458676442586 2.0493983326152168 1.9757672547967058 1.7671458676442586 1.509437095279471 1.4603497100671303 1.4542137869155878 1.5953400194010667 1.5892040962495242 1.5830681730979816 1.6444274046134073 1.6444274046134073 1.6751070203711202 1.6014759425526093 1.6382914814618648 1.7978254834019713 2.1475731030398975 2.2089323345553233 2.184388641949153 2.012582793705961 1.6812429435226628 1.552388557340269 1.4603497100671303 1.4787574795217582 1.4910293258248433 1.4664856332186729 
-56.0 -56.5 -56.0 -56.0 -56.0 -55.5 -56.0 -56.0 -56.0 -56.0 -56.0 -56.0 -56.0 -56.0 -56.5 -56.5 -57.0 -57.0 -54.5 -52.5 -49.5 -50.5 -51.0 -52.0 -52.0 -52.0 -52.5 -52.5 -52.5 -52.0 -52.5 -51.5 -50.5 -50.5 -54.0 -55.5 -56.5 -57.0 -57.0 -57.0 -56.5 -56.5 -57.0 
1.6137477888556946 1.5707963267948966 1.6444274046134073 1.6444274046134073 1.6382914814618648 1.6321555583103222 1.6382914814618648 1.6382914814618648 1.6137477888556946 1.6014759425526093 1.5892040962495242 1.576932249946439 1.6014759425526093 1.576932249946439 1.607611865704152 1.5707963267948966 1.5033011721279284 1.6996507129772904 2.024854640009046 2.098485717827557 1.7855536370988863 1.7732817907958012 1.9144080232812801 1.9266798695843652 1.8407769454627694 1.9880391010997909 2.0493983326152168 2.024854640009046 1.9696313316451632 1.932815792735908 2.073942025221387 2.086213871524472 1.9880391010997909 2.1475731030398975 2.227340104009951 2.1353012567368124 1.9880391010997909 1.6996507129772904 1.6689710972195777 1.7303303287350031 1.7303303287350031 1.7119225592803755 1.736466251886546 
-53.5 -54.0 -53.5 -54.5 -54.0 -54.0 -54.0 -54.0 -54.5 -54.0 -54.5 -54.0 -54.5 -54.5 -55.0 -55.5 -56.5 -56.5 -55.5 -52.5 -52.5 -55.0 -55.5 -54.5 -55.5 -56.0 -54.5 -54.5 -56.0 -56.0 -54.5 -55.0 -54.0 -53.0 -53.5 -54.0 -54.5 -54.5 -53.5 -53.5 -53.0 -53.0 -53.5 
5.301437602932776 5.264622064023521 5.246214294568893 5.295301679781233 5.2768939103266055 5.203262832508095 5.3198453723874035 5.240078371417351 5.209398755659637 5.301437602932776 5.283029833478148 5.3198453723874035 5.283029833478148 5.135767677841127 5.221670601962723 5.393476450205914 5.5714182216006485 5.792311455056181 5.706408530934585 5.878214379177777 5.534602682691394 5.3198453723874035 5.381204603902829 5.3198453723874035 5.098952138931871 5.0253210611133605 5.283029833478148 5.154175447295755 5.111223985234957 5.074408446325701 5.264622064023521 5.5284667595398505 5.460971604872882 5.730952223540755 5.921165841238575 5.773903685601553 5.64504929941916 5.368932757599744 5.289165756629691 5.178719139901925 5.313709449235861 5.197126909356553 5.246214294568893 
-61.0 -62.0 -62.0 -61.0 -61.5 -60.5 -62.0 -62.5 -61.5 -62.0 -61.5 -62.5 -62.0 -62.0 -62.5 -63.0 -62.5 -63.0 -63.0 -58.5 -57.0 -58.5 -58.5 -58.5 -58.0 -61.0 -61.0 -60.5 -60.5 -58.5 -58.5 -58.0 -59.0 -56.5 -58.5 -61.5 -62.0 -62.0 -62.0 -61.5 -61.5 -61.5 -62.0 
4.608078286808466 4.632621979414636 4.798291904506286 4.681709364626977 4.620350133111551 4.921010367537137 4.81056375080937 4.755340442445488 4.675573441475434 4.724660826687775 4.822835597112456 4.589670517353839 4.859651136021712 4.681709364626977 4.81056375080937 4.552854978444583 4.97623367590102 5.037592907416445 5.706408530934585 5.835262917116979 5.424156065963627 5.577554144752192 5.724816300389213 5.982525072754001 5.829126993965437 5.835262917116979 5.798447378207723 5.841398840268521 6.0991076126333095 5.988660995905543 5.786175531904639 6.111379458936394 5.307573526084319 5.675728915176872 5.8659425328746915 5.448699758569798 5.301437602932776 4.767612288748572 4.792155981354743 4.767612288748572 4.7307967498393175 4.921010367537137 4.804427827657828 
-63.5 -63.0 -64.5 -63.5 -64.0 -64.0 -63.5 -64.5 -64.0 -63.5 -65.0 -64.5 -64.5 -65.0 -65.0 -66.0 -69.5 -67.0 -64.5 -61.0 -61.5 -67.5 -67.0 -63.5 -63.0 -63.0 -63.5 -65.0 -64.0 -65.0 -64.5 -69.0 -63.5 -62.5 -65.0 -63.5 -63.5 -65.0 -63.5 -63.0 -62.5 -64.0 -63.5 
