3.074097498922825 3.018874190558942 2.834796496012665 3.055689729468197 3.0127382674073995 3.2459033471660166 3.000466421104314 2.9943304979527716 2.9145634969827183 3.2643111166206444 2.9636508821950587 3.043417883165112 3.1354567304382504 3.2213596545598464 3.117048960983623 3.129320807286708 3.172272269347506 3.522019888985432 3.773592738198677 3.522019888985432 3.3624858870453256 3.6017868899554855 3.497476196379262 3.724505352986337 3.6140587362585705 3.5895150436524004 3.3502140407422405 3.56497135104623 0.6013204688511713 3.5281558121369745 3.2336315008629315 3.2213596545598464 3.2029518851052186 3.472932503773092 3.816544200259475 3.6570101983193686 3.2581751934691017 2.9268353432858034 2.9391071895888885 2.742757648739526 6.270913460876501 3.32567034813607 
-61.5 -63.5 -62.5 -63.0 -62.5 -62.5 -62.5 -62.5 -63.0 -63.0 -62.0 -62.5 -62.5 -63.0 -63.0 -62.0 -63.5 -64.5 -63.5 -64.0 -66.0 -66.0 -67.0 -66.5 -68.0 -68.5 -68.0 -68.5 -69.0 -67.5 -66.0 -63.5 -62.5 -62.0 -61.5 -64.0 -64.0 -65.0 -63.5 -64.5 -65.0 -64.0 
2.2764274892222915 2.1782527187976104 2.1659808724945253 2.227340104009951 2.2457478734645786 2.1966604882522383 2.184388641949153 2.1659808724945253 2.2212041808584084 2.2027964114037806 2.1537090261914402 2.2212041808584084 2.0923497946760143 2.2886993355253766 2.2212041808584084 2.3071071049800045 2.282563412373834 2.337786720737717 2.3193789512830896 2.454369260617026 2.497320722677824 2.9636508821950587 3.3440781175906977 3.0802334220743677 2.767301341345697 2.282563412373834 2.3623304133438876 2.3071071049800045 2.466641106920111 2.7550294950426117 3.3379421944391554 3.4177091954092087 2.9943304979527716 2.5034566458293663 2.184388641949153 1.8837284075235674 2.325514874434632 2.024854640009046 1.9757672547967058 1.9880391010997909 2.0371264863121317 2.055534255766759 2.184388641949153 
-63.5 -62.5 -63.0 -63.0 -62.5 -63.0 -62.5 -62.5 -61.5 -62.5 -63.5 -62.5 -62.5 -61.5 -62.5 -63.5 -62.5 -62.0 -62.0 -63.0 -65.0 -66.0 -65.5 -63.0 -63.5 -64.5 -64.0 -63.5 -63.5 -63.0 -63.0 -66.5 -66.5 -67.0 -64.5 -63.5 -63.5 -63.0 -63.0 -63.5 -63.5 -64.5 -64.0 
1.043106935762236 1.0615147052168636 1.043106935762236 1.043106935762236 1.0737865515199487 1.043106935762236 1.055378782065321 1.055378782065321 1.0737865515199487 1.0799224746714913 1.0921943209745766 1.0799224746714913 1.0615147052168636 1.1290098598838318 1.1228739367322893 1.1044661672776617 1.141281706186917 1.1780972450961724 1.184233168247715 1.0062913968529805 1.2946797849754812 1.4296700943094176 1.227184630308513 1.1351457830353744 1.0737865515199487 0.9572040116406401 1.043106935762236 1.0737865515199487 1.0062913968529805 1.030835089459151 1.227184630308513 1.239456476611598 1.423534171157875 1.239456476611598 1.043106935762236 1.0983302441261191 1.0492428589137786 0.9633399347921826 0.8774370106705868 0.8713010875190442 0.8713010875190442 0.859029241215959 0.9142525495798421 
-48.5 -48.5 -48.5 -48.5 -48.5 -48.5 -48.5 -48.0 -48.5 -48.5 -48.5 -48.5 -48.5 -48.5 -49.0 -49.0 -49.0 -50.0 -52.0 -52.5 -53.5 -53.5 -51.5 -52.5 -54.0 -54.0 -54.5 -54.0 -54.0 -53.0 -52.5 -52.0 -54.0 -53.5 -51.5 -51.0 -50.5 -50.0 -50.0 -50.0 -50.0 -49.5 -49.5 
1.0246991663076084 1.0062913968529805 0.9878836273983529 1.0369710126106935 0.9817477042468103 1.012427320004523 1.0246991663076084 1.0246991663076084 1.0062913968529805 1.030835089459151 1.043106935762236 1.0492428589137786 1.030835089459151 1.0676506283684062 1.0799224746714913 1.0983302441261191 1.1106020904292042 1.141281706186917 1.1903690913992575 1.380582709097077 1.5707963267948966 1.5953400194010667 1.3499030933393643 1.41126232485479 1.5462526341887264 1.4603497100671303 1.4051264017032472 1.4051264017032472 1.4910293258248433 1.4603497100671303 1.4542137869155878 1.3069516312785663 1.6198837120072371 1.662835174068035 1.3989904785517047 1.2578642460662257 1.1658253987930873 1.0185632431560658 0.9878836273983529 0.9510680884890975 0.9326603190344698 0.8958447801252144 0.9326603190344698 
-50.5 -50.5 -51.0 -51.0 -50.5 -50.5 -51.0 -50.5 -50.5 -50.5 -50.5 -50.5 -50.5 -51.0 -50.5 -50.5 -51.0 -51.0 -51.5 -53.5 -53.0 -50.5 -50.5 -51.5 -52.0 -51.5 -51.5 -51.0 -51.0 -51.5 -51.0 -50.0 -50.5 -52.5 -53.0 -52.5 -52.0 -51.5 -52.0 -52.0 -52.0 -52.5 -52.0 
1.4542137869155878 1.509437095279471 1.4848934026733007 1.4358060174609601 1.4664856332186729 1.4787574795217582 1.5155730184310134 1.5033011721279284 1.5278448647340985 1.5155730184310134 1.5155730184310134 1.4848934026733007 1.5155730184310134 1.4910293258248433 1.5155730184310134 1.5278448647340985 1.6014759425526093 1.6996507129772904 2.0800779483729293 2.1475731030398975 2.1537090261914402 1.8837284075235674 1.8653206380689396 1.8039614065535141 1.8837284075235674 1.7855536370988863 1.7671458676442586 1.7426021750380885 1.7916895602504288 1.748738098189631 1.7548740213411735 1.748738098189631 1.8223691760081417 2.0371264863121317 2.2027964114037806 2.141437179888355 1.902136176978195 1.662835174068035 1.368310862793992 1.3437671701878218 1.2333205534600555 1.2946797849754812 1.3069516312785663 
-56.0 -56.5 -56.0 -55.0 -55.5 -55.5 -55.5 -55.5 -56.0 -55.5 -56.0 -55.5 -55.5 -55.5 -56.0 -56.5 -57.0 -57.0 -56.0 -55.5 -50.5 -50.5 -52.0 -52.5 -53.5 -54.0 -55.0 -54.5 -54.0 -53.0 -52.5 -51.5 -50.5 -51.0 -54.0 -54.0 -56.5 -57.5 -57.5 -58.0 -58.0 -57.5 -57.5 
1.5585244804918115 1.5830681730979816 1.5892040962495242 1.4664856332186729 1.4480778637640452 1.6382914814618648 1.6260196351587797 1.6198837120072371 1.607611865704152 1.6566992509164924 1.6198837120072371 1.6382914814618648 1.6689710972195777 1.662835174068035 1.6444274046134073 1.6198837120072371 1.6014759425526093 1.6935147898257479 2.030990563160589 2.325514874434632 2.110757564130642 2.018718716857504 2.141437179888355 2.2027964114037806 2.086213871524472 2.116893487282185 2.1659808724945253 2.0923497946760143 2.1537090261914402 2.061670178918302 2.1782527187976104 2.1475731030398975 2.012582793705961 2.110757564130642 2.1782527187976104 2.110757564130642 1.7978254834019713 1.5892040962495242 1.5707963267948966 1.5401167110371838 1.4971652489763858 1.5155730184310134 1.521708941582556 
-54.5 -54.5 -54.5 -54.5 -54.0 -54.0 -54.0 -54.0 -54.5 -54.0 -53.5 -54.0 -53.5 -54.0 -54.0 -54.0 -54.5 -55.0 -55.5 -54.0 -52.0 -53.5 -55.0 -55.0 -56.0 -57.0 -56.0 -55.0 -56.0 -56.5 -55.0 -55.5 -55.0 -53.5 -53.5 -54.0 -55.5 -56.0 -55.5 -55.0 -56.0 -55.5 -55.5 
5.092816215780329 5.013049214810275 5.080544369477243 5.105088062083414 5.160311370447297 5.123495831538041 5.117359908386499 5.148039524144211 5.111223985234957 5.013049214810275 5.105088062083414 4.945554060143307 4.95168998329485 5.1725832167503825 5.160311370447297 5.080544369477243 5.344389064993574 5.43029198911517 5.626641529964532 6.019340611663256 5.700272607783043 5.50392306693368 5.675728915176872 5.64504929941916 5.491651220630596 5.50392306693368 5.737088146692298 5.6941366846315 5.546874528994478 5.411884219660542 5.5100589900852235 5.608233760509904 5.4671075280244255 5.681864838328415 5.976389149602458 6.000932842208628 5.773903685601553 5.6573211457222445 5.43029198911517 5.264622064023521 5.5100589900852235 5.5100589900852235 5.5714182216006485 
-62.0 -61.5 -62.0 -61.5 -62.5 -62.0 -61.5 -62.0 -61.5 -62.0 -61.5 -61.5 -61.0 -61.5 -60.5 -61.5 -62.5 -62.5 -63.0 -60.0 -56.5 -58.5 -57.5 -57.5 -58.5 -61.0 -61.0 -61.5 -61.0 -60.0 -58.0 -58.0 -58.5 -56.5 -57.0 -59.0 -60.5 -61.5 -61.5 -61.5 -62.0 -62.5 -63.0 
4.552854978444583 4.571262747899211 4.534447208989955 4.626486056263094 4.546719055293041 4.620350133111551 4.620350133111551 4.558990901596125 4.620350133111551 4.589670517353839 4.657165672020807 4.540583132141498 4.552854978444583 4.638757902566179 4.632621979414636 4.583534594202296 4.693981210930062 5.301437602932776 5.534602682691394 5.896622148632405 5.4671075280244255 2.2334760271614935 6.074563920027139 5.964117303299373 5.970253226450915 6.062292073724054 5.957981380147831 6.007068765360171 5.994796919057086 5.976389149602458 5.872078456026235 6.105243535784852 5.45483568172134 5.442563835418255 5.663457068873787 5.553010452146021 5.117359908386499 4.92714629068868 4.638757902566179 4.448544284868359 4.466952054322987 4.454680208019902 4.430136515413731 
-64.5 -65.0 -64.5 -64.0 -65.0 -64.0 -63.5 -64.0 -63.0 -63.5 -62.5 -62.5 -63.0 -62.5 -61.0 -62.5 -63.0 -64.5 -63.5 -62.0 -61.0 -67.0 -67.5 -66.0 -66.0 -65.5 -66.5 -66.0 -66.5 -67.0 -65.5 -69.0 -63.0 -62.5 -64.0 -63.0 -64.5 -66.5 -67.0 -66.5 -68.0 -67.0 -65.0 
