2.705942109830271 2.7857091108003242 2.8654761117703775 2.9022916506796332 2.8286605728611223 2.662990647769473 2.773437264497239 2.804116880254952 2.773437264497239 2.736621725587984 2.662990647769473 2.748893571891069 5.994796919057086 2.748893571891069 2.859340188618835 2.9943304979527716 2.7550294950426117 3.184544115650591 3.6079228131070282 3.6754179677739964 3.472932503773092 4.552854978444583 0.8222137023067037 4.031301510563465 4.037437433715008 3.5895150436524004 3.497476196379262 3.5342917352885173 3.5833791205008576 3.6263305825616556 3.5956509668039427 3.8717675086233583 4.06811704947272 0.19634954084936207 3.141592653589793 3.1661363461959633 3.448388811166921 3.5711072741977725 3.2581751934691017 3.074097498922825 2.9391071895888885 3.129320807286708 3.0066023442558567 2.9820586516496865 2.9820586516496865 
-63.5 -63.0 -64.0 -65.0 -64.0 -64.5 -64.0 -64.0 -64.5 -64.5 -64.5 -64.5 -65.0 -64.0 -64.5 -64.5 -64.5 -65.0 -64.0 -62.0 -63.5 -66.0 -66.5 -65.5 -64.0 -62.5 -63.5 -63.0 -63.0 -64.0 -63.0 -65.0 -68.0 -68.0 -67.0 -64.0 -61.5 -63.0 -65.0 -64.5 -64.5 -63.5 -63.5 -64.0 -63.5 
2.2886993355253766 2.2948352586769194 2.429825568010856 2.3009711818284617 2.1966604882522383 2.3009711818284617 2.2886993355253766 2.3071071049800045 2.350058567040802 2.2027964114037806 2.3009711818284617 2.3009711818284617 2.2764274892222915 2.337786720737717 2.2886993355253766 2.337786720737717 2.2580197197676637 2.3071071049800045 2.4175537217077703 2.6323110320117604 2.6445828783148455 2.6691265709210157 3.2827188860752723 3.3318062712876126 3.442252888015379 3.485204350076177 3.067961575771282 3.0925052683774528 2.9575149590435164 2.9268353432858034 3.043417883165112 3.1784081924990484 3.1968159619536762 3.472932503773092 3.031146036862027 2.9329712664373457 2.423689644859313 2.0064468705544187 1.9573594853420782 2.0371264863121317 2.282563412373834 2.086213871524472 2.086213871524472 2.061670178918302 2.1966604882522383 2.1475731030398975 2.12916533358527 
-63.5 -63.5 -63.0 -63.0 -63.5 -63.0 -63.0 -63.5 -63.5 -63.0 -63.5 -63.5 -63.0 -63.5 -63.5 -63.5 -64.0 -63.0 -63.0 -62.0 -62.0 -63.5 -65.5 -63.0 -63.0 -61.5 -60.5 -61.5 -62.5 -61.5 -62.5 -61.5 -62.0 -63.5 -66.0 -66.5 -64.0 -63.5 -63.5 -63.0 -62.5 -62.0 -62.5 -63.0 -63.0 -63.5 -62.5 
0.5706408530934585 0.5706408530934585 0.5829126993965437 0.6013204688511713 0.5645049299419159 0.5767767762450011 0.5399612373357456 0.5645049299419159 0.5583690067903734 0.521553467881118 0.5645049299419159 0.5706408530934585 0.5706408530934585 0.5706408530934585 0.6135923151542565 0.607456392002714 0.5951845456996288 0.6749515466696822 0.7547185476397354 1.0062913968529805 1.030835089459151 0.9817477042468103 1.2885438618239387 1.3437671701878218 1.0737865515199487 0.9203884727313847 0.9633399347921826 0.9326603190344698 1.000155473701438 0.9572040116406401 1.000155473701438 0.9940195505498954 0.9878836273983529 1.055378782065321 1.3069516312785663 1.3437671701878218 1.2087768608538851 0.9940195505498954 1.0921943209745766 1.1290098598838318 1.0062913968529805 0.944932165337555 0.9203884727313847 0.9203884727313847 0.8774370106705868 0.8651651643675016 0.8467573949128739 
-51.5 -52.0 -51.5 -52.0 -52.0 -52.0 -52.0 -52.0 -51.5 -51.5 -52.0 -51.5 -51.5 -52.0 -51.5 -51.5 -51.5 -51.5 -51.5 -52.0 -53.0 -53.5 -53.5 -51.5 -50.5 -51.5 -53.0 -53.5 -53.5 -53.5 -53.0 -53.0 -53.0 -51.0 -51.5 -54.0 -54.0 -52.0 -51.0 -50.0 -49.5 -49.5 -49.5 -49.0 -49.0 -49.5 -49.5 
0.9265243958829272 0.944932165337555 0.9387962421860124 0.9633399347921826 0.9756117810952678 0.9572040116406401 0.9265243958829272 0.9510680884890975 0.9142525495798421 0.9203884727313847 0.9265243958829272 0.9203884727313847 0.9142525495798421 0.8897088569736719 0.9081166264282996 0.944932165337555 0.9510680884890975 0.944932165337555 0.9694758579437253 1.0921943209745766 1.3867186322486196 1.4971652489763858 1.6137477888556946 1.3499030933393643 1.2333205534600555 1.2087768608538851 1.368310862793992 1.3130875544301088 1.3437671701878218 1.3499030933393643 1.3499030933393643 1.3867186322486196 1.3130875544301088 1.2517283229146832 1.3314953238847365 1.533980787885641 1.6321555583103222 1.5155730184310134 1.3008157081270237 1.214912784005428 1.0983302441261191 1.0921943209745766 1.000155473701438 1.000155473701438 0.9633399347921826 0.9633399347921826 0.9633399347921826 
-53.5 -53.5 -53.0 -53.0 -53.5 -53.5 -54.0 -53.5 -53.5 -53.5 -53.5 -53.5 -53.5 -53.5 -53.5 -53.0 -53.0 -53.5 -53.0 -52.0 -52.5 -52.5 -51.5 -50.0 -49.5 -50.5 -51.5 -51.0 -51.0 -51.0 -50.5 -51.0 -51.0 -50.5 -50.0 -50.5 -51.0 -52.5 -53.0 -52.0 -51.5 -51.5 -51.0 -51.5 -51.5 -51.5 -52.0 
1.4542137869155878 1.4726215563702154 1.4971652489763858 1.509437095279471 1.4542137869155878 1.4419419406125027 1.4971652489763858 1.521708941582556 1.4603497100671303 1.3928545554001621 1.4664856332186729 1.4603497100671303 1.4296700943094176 1.4726215563702154 1.4664856332186729 1.4787574795217582 1.4787574795217582 1.4848934026733007 1.5953400194010667 1.9205439464328227 2.0493983326152168 1.9757672547967058 1.8100973297050567 1.5401167110371838 1.4971652489763858 1.5707963267948966 1.6812429435226628 1.705786636128833 1.6505633277649499 1.6505633277649499 1.6566992509164924 1.607611865704152 1.6505633277649499 1.576932249946439 1.6382914814618648 1.8285050991596843 1.9512235621905356 2.086213871524472 2.055534255766759 1.9389517158874505 1.7671458676442586 1.3989904785517047 1.3499030933393643 1.3437671701878218 1.3499030933393643 1.3069516312785663 1.3008157081270237 
-58.0 -57.5 -57.5 -58.0 -57.5 -58.0 -58.0 -58.0 -58.0 -57.5 -57.5 -58.0 -58.0 -58.0 -58.0 -58.0 -57.5 -57.5 -57.0 -55.5 -53.5 -51.5 -49.5 -50.5 -51.5 -51.5 -52.0 -51.5 -52.0 -52.0 -52.0 -51.5 -52.0 -51.0 -51.0 -50.0 -50.0 -53.5 -55.0 -55.0 -56.0 -56.5 -56.5 -56.0 -56.0 -56.5 -56.5 
1.5953400194010667 1.5953400194010667 1.5462526341887264 1.576932249946439 1.6321555583103222 1.564660403643354 1.6014759425526093 1.5707963267948966 1.564660403643354 1.5707963267948966 1.533980787885641 1.4848934026733007 1.5830681730979816 1.564660403643354 1.6198837120072371 1.5155730184310134 1.5278448647340985 1.533980787885641 1.5155730184310134 1.7794177139473437 2.030990563160589 1.9880391010997909 1.8039614065535141 1.7916895602504288 1.846912868614312 2.000310947402876 1.9389517158874505 1.9819031779482483 1.932815792735908 1.9696313316451632 1.9757672547967058 1.9941750242513334 1.9941750242513334 1.9757672547967058 1.945087639038993 1.9880391010997909 1.9573594853420782 2.1475731030398975 2.1598449493429825 1.9205439464328227 1.6812429435226628 1.607611865704152 1.5585244804918115 1.5830681730979816 1.5155730184310134 1.576932249946439 1.576932249946439 
-59.0 -59.5 -59.0 -59.5 -59.5 -59.5 -59.5 -59.5 -59.5 -59.5 -59.5 -59.0 -59.0 -59.0 -58.5 -58.5 -58.5 -58.5 -58.5 -57.0 -54.5 -52.5 -52.5 -54.5 -55.5 -55.5 -55.5 -56.0 -55.5 -55.5 -55.5 -56.0 -55.5 -56.0 -54.5 -54.0 -53.0 -53.5 -54.5 -55.0 -55.5 -55.5 -55.0 -55.0 -55.5 -56.0 -56.0 
5.534602682691394 5.620505606812989 5.540738605842936 5.6941366846315 5.4671075280244255 5.5284667595398505 5.5714182216006485 5.516194913236766 5.565282298449106 5.473243451175968 5.5714182216006485 5.45483568172134 5.522330836388308 5.516194913236766 5.448699758569798 5.491651220630596 5.418020142812084 5.5284667595398505 5.638913376267617 5.71868037723767 5.835262917116979 5.755495916146925 5.375068680751287 5.252350217720435 5.436427912266712 5.473243451175968 5.338253141842031 5.148039524144211 5.246214294568893 5.325981295538946 5.21553467881118 5.080544369477243 5.252350217720435 5.411884219660542 5.497787143782138 5.448699758569798 5.64504929941916 6.031612457966341 5.915029918087033 5.730952223540755 5.6143696836614465 5.491651220630596 5.424156065963627 5.3627968344482015 5.325981295538946 5.295301679781233 5.289165756629691 
-60.5 -60.5 -60.0 -60.5 -60.5 -60.5 -60.5 -60.0 -60.5 -60.5 -60.5 -60.5 -60.0 -60.5 -61.0 -60.0 -60.5 -60.5 -60.5 -61.0 -60.5 -57.0 -56.5 -58.5 -58.0 -58.0 -58.0 -59.0 -59.5 -60.0 -59.5 -58.5 -58.0 -58.5 -58.0 -57.5 -56.5 -57.5 -60.0 -60.5 -60.0 -60.5 -61.5 -61.5 -61.0 -61.5 -61.5 
1.3499030933393643 1.6014759425526093 1.9205439464328227 5.344389064993574 5.755495916146925 5.651185222570702 5.338253141842031 5.405748296509 5.988660995905543 5.706408530934585 5.681864838328415 5.681864838328415 5.780039608753096 5.835262917116979 5.8045833013592665 5.7616318392984684 5.706408530934585 6.062292073724054 5.994796919057086 5.190990986205009 5.491651220630596 5.688000761479957 5.577554144752192 5.209398755659637 4.884194828627882 4.595806440505381 4.718524903536232 4.675573441475434 4.773748211900116 4.706253057233147 4.651029748869264 
-79.5 -77.0 -73.0 -67.0 -62.5 -60.5 -61.0 -64.0 -67.5 -62.5 -63.5 -64.0 -64.0 -65.0 -62.5 -63.5 -64.0 -64.5 -67.5 -61.0 -61.5 -63.0 -63.0 -63.0 -64.0 -64.5 -64.5 -64.5 -65.0 -66.5 -68.0 
