2.7550294950426117 2.9206994201342606 6.111379458936394 2.9145634969827183 2.730485802436441 2.8102528034064944 2.705942109830271 6.074563920027139 6.074563920027139 2.834796496012665 2.834796496012665 2.834796496012665 2.767301341345697 2.6691265709210157 2.8654761117703775 2.791845033951867 2.82252464970958 2.7857091108003242 2.9513790358919736 0.21475731030398976 3.485204350076177 3.650874275167826 3.3502140407422405 3.4054373491061236 3.5465635815916023 3.847223816017188 3.9453985864418692 3.706097583531709 3.522019888985432 3.3440781175906977 3.2336315008629315 3.32567034813607 3.5588354278946874 3.80427235395639 4.0987966652304335 3.693825737228624 3.2336315008629315 3.067961575771282 3.11091303783208 3.399301425954581 3.2643111166206444 2.9759227284981438 3.018874190558942 2.9145634969827183 2.7550294950426117 2.6998061866787286 2.8286605728611223 
-62.0 -62.5 -63.5 -63.0 -62.0 -62.0 -62.0 -63.5 -63.5 -61.5 -62.5 -62.5 -62.5 -62.5 -63.0 -62.0 -62.5 -62.5 -63.0 -64.5 -63.5 -62.5 -64.0 -67.5 -67.0 -66.0 -63.5 -62.0 -62.5 -62.5 -63.5 -63.5 -62.5 -62.0 -66.5 -68.5 -65.0 -66.0 -63.5 -62.5 -64.0 -64.5 -65.0 -64.5 -64.5 -64.0 -64.0 
2.2948352586769194 2.2457478734645786 5.470175489600196 1.9757672547967058 2.2886993355253766 2.030990563160589 2.1659808724945253 2.2672236044949776 5.485515297479052 2.1782527187976104 2.1966604882522383 2.282563412373834 2.1966604882522383 2.1659808724945253 2.2641556429192065 2.2150682577068657 2.2089323345553233 2.1966604882522383 2.2948352586769194 2.3316507975861747 2.5586799541932495 2.662990647769473 2.6813984172241008 2.9145634969827183 3.1968159619536762 3.4606606574700063 3.56497135104623 3.3440781175906977 3.153864499892878 3.000466421104314 3.018874190558942 3.0372819600135696 3.153864499892878 3.32567034813607 3.6386024288647407 3.2520392703175593 3.0802334220743677 2.8286605728611223 2.411417798556228 2.2948352586769194 2.4911847995262812 2.5402721847386216 2.5402721847386216 2.2641556429192065 2.2764274892222915 2.3930100291016 2.356194490192345 
-63.5 -63.0 -64.5 -63.5 -62.5 -63.5 -62.5 -64.5 -64.0 -63.5 -63.5 -63.5 -63.5 -63.5 -63.5 -63.5 -63.0 -63.5 -63.0 -62.0 -61.5 -61.5 -63.5 -65.5 -65.0 -63.5 -61.5 -60.5 -61.5 -62.0 -62.5 -63.0 -62.0 -61.0 -63.0 -66.0 -66.0 -66.5 -65.0 -63.5 -63.5 -62.0 -63.5 -65.0 -63.5 -64.0 -64.0 
0.7792622402459057 0.7669903939428205 3.8932432396537573 0.6994952392758523 0.7424467013366504 0.7669903939428205 0.7547185476397354 0.7301748550335652 0.7332428166093364 0.7731263170943632 0.760854470791278 0.7731263170943632 0.7792622402459057 0.7731263170943632 0.7669903939428205 0.7976700097005334 0.8099418560036186 0.8099418560036186 0.8283496254582462 0.8774370106705868 1.012427320004523 1.012427320004523 0.9387962421860124 1.1965050145508 1.4051264017032472 1.1474176293384597 0.8958447801252144 0.9756117810952678 1.043106935762236 1.0676506283684062 1.0615147052168636 1.055378782065321 1.043106935762236 1.055378782065321 1.055378782065321 1.239456476611598 1.4358060174609601 1.2026409377023426 1.086058397823034 1.1044661672776617 0.9878836273983529 0.8344855486097889 0.705631162427395 0.6810874698212247 0.662679700366597 0.5951845456996288 0.5706408530934585 
-50.0 -50.5 -50.5 -50.5 -50.0 -50.0 -50.0 -50.5 -50.5 -50.0 -50.0 -50.0 -50.0 -50.0 -50.0 -50.0 -50.0 -50.0 -50.0 -50.0 -51.0 -52.5 -53.5 -54.0 -52.5 -50.5 -52.0 -53.0 -53.0 -53.5 -53.0 -53.0 -53.5 -52.5 -51.0 -51.0 -54.0 -54.5 -52.0 -51.0 -50.5 -51.0 -50.5 -51.0 -50.5 -50.5 -50.5 
0.9387962421860124 0.9142525495798421 0.9203884727313847 0.9326603190344698 0.9326603190344698 0.9265243958829272 0.9387962421860124 0.9081166264282996 4.037437433715008 0.9019807032767571 0.9142525495798421 0.9081166264282996 0.8958447801252144 0.9081166264282996 0.8897088569736719 0.9510680884890975 0.9019807032767571 0.9203884727313847 0.9142525495798421 0.9633399347921826 1.0676506283684062 1.2517283229146832 1.4971652489763858 1.6260196351587797 1.5278448647340985 1.2640001692177683 1.2333205534600555 1.325359400733194 1.4419419406125027 1.4296700943094176 1.3928545554001621 1.3867186322486196 1.3928545554001621 1.4051264017032472 1.2517283229146832 1.3314953238847365 1.5892040962495242 1.6321555583103222 1.509437095279471 1.3314953238847365 1.1719613219446299 1.086058397823034 1.0246991663076084 1.012427320004523 1.0185632431560658 1.0062913968529805 0.9694758579437253 
-52.5 -53.0 -53.0 -52.5 -52.5 -52.5 -52.0 -53.0 -53.0 -52.5 -52.5 -52.5 -52.5 -52.5 -52.5 -52.0 -52.5 -52.5 -52.5 -52.0 -51.5 -52.0 -52.5 -51.0 -50.0 -49.5 -50.5 -51.0 -51.5 -50.5 -50.5 -51.0 -51.0 -50.5 -50.0 -49.5 -50.5 -51.0 -52.5 -52.0 -52.0 -52.0 -52.5 -52.5 -53.0 -53.0 -53.5 
1.2885438618239387 1.2701360923693108 4.433204476989503 1.2578642460662257 1.2455923997631406 1.2578642460662257 1.2455923997631406 4.417864669110647 1.2854759002481673 1.214912784005428 1.2701360923693108 1.2946797849754812 1.2640001692177683 1.184233168247715 1.2640001692177683 1.2578642460662257 1.2578642460662257 1.3069516312785663 1.3499030933393643 1.4542137869155878 1.902136176978195 2.043262409463674 2.030990563160589 1.8960002538266525 1.6505633277649499 1.5892040962495242 1.6321555583103222 1.6566992509164924 1.7978254834019713 1.761009944492716 1.7794177139473437 1.7548740213411735 1.7794177139473437 1.718058482431918 1.576932249946439 1.6137477888556946 1.6751070203711202 2.030990563160589 2.1475731030398975 2.141437179888355 1.945087639038993 1.736466251886546 1.552388557340269 1.521708941582556 1.380582709097077 1.3008157081270237 1.3437671701878218 
-56.0 -56.5 -57.0 -56.5 -56.5 -56.5 -56.5 -57.0 -57.0 -56.5 -56.5 -56.5 -56.5 -57.0 -56.5 -56.5 -56.5 -56.5 -56.5 -56.5 -55.5 -55.0 -53.0 -49.5 -50.5 -52.0 -52.0 -52.0 -52.5 -52.0 -52.5 -52.5 -52.0 -52.0 -52.0 -51.5 -50.5 -50.5 -53.5 -53.5 -54.5 -55.5 -56.5 -56.5 -56.5 -56.0 -56.0 
1.4848934026733007 1.4971652489763858 1.5247769031583274 1.4910293258248433 1.5585244804918115 1.4848934026733007 1.5033011721279284 1.5370487494614125 1.5370487494614125 1.533980787885641 1.4419419406125027 1.4787574795217582 1.4664856332186729 1.4910293258248433 1.4848934026733007 1.533980787885641 1.4664856332186729 1.4971652489763858 1.4664856332186729 1.5707963267948966 1.6873788666742053 2.0064468705544187 2.110757564130642 1.9696313316451632 1.8530487917658545 1.945087639038993 2.018718716857504 2.067806102069844 2.055534255766759 2.061670178918302 2.043262409463674 2.000310947402876 2.061670178918302 2.055534255766759 1.9696313316451632 1.9205439464328227 2.000310947402876 1.9880391010997909 2.073942025221387 2.1046216409791 1.8960002538266525 1.662835174068035 1.6198837120072371 1.6382914814618648 1.5707963267948966 1.521708941582556 1.509437095279471 
-56.5 -56.0 -57.0 -56.5 -57.0 -57.5 -57.0 -57.0 -57.0 -56.5 -57.0 -56.5 -56.0 -56.5 -56.5 -56.0 -56.5 -56.0 -56.5 -56.5 -56.5 -54.5 -53.0 -53.0 -55.0 -55.5 -56.5 -55.5 -56.0 -56.0 -56.0 -56.0 -56.0 -55.5 -57.0 -55.5 -54.5 -54.0 -53.5 -53.5 -55.5 -57.5 -58.5 -57.5 -59.0 -59.0 -59.5 
5.737088146692298 5.589825991055276 5.3627968344482015 5.448699758569798 5.497787143782138 5.448699758569798 5.418020142812084 5.347457026569345 5.329049257114717 5.227806525114265 5.399612373357457 5.368932757599744 5.565282298449106 5.344389064993574 5.565282298449106 5.301437602932776 5.491651220630596 5.283029833478148 5.283029833478148 5.448699758569798 5.6143696836614465 5.816855147662351 5.816855147662351 5.5100589900852235 5.221670601962723 5.491651220630596 5.301437602932776 5.381204603902829 5.295301679781233 5.2768939103266055 5.405748296509 5.442563835418255 5.313709449235861 5.381204603902829 5.405748296509 5.553010452146021 5.375068680751287 5.577554144752192 5.927301764390117 5.786175531904639 5.681864838328415 5.620505606812989 5.399612373357457 5.5100589900852235 5.5714182216006485 5.5284667595398505 5.45483568172134 
-61.5 -60.5 -62.5 -61.0 -61.5 -61.0 -61.5 -62.0 -62.0 -61.5 -62.0 -62.0 -61.5 -61.0 -61.5 -62.0 -61.5 -61.5 -61.5 -61.5 -61.5 -61.0 -57.0 -56.0 -58.0 -57.5 -57.5 -57.5 -58.0 -59.0 -59.0 -60.0 -59.0 -59.0 -58.0 -58.0 -59.0 -56.0 -57.5 -59.0 -58.5 -59.0 -60.0 -59.5 -60.0 -60.5 -60.5 
1.41126232485479 1.41126232485479 1.4603497100671303 1.5401167110371838 1.4787574795217582 1.3928545554001621 1.4756895179459868 1.4971652489763858 4.638757902566179 1.4296700943094176 1.4296700943094176 1.4664856332186729 1.4603497100671303 1.5033011721279284 5.534602682691394 5.626641529964532 5.209398755659637 5.190990986205009 5.93343768754166 5.829126993965437 5.559146375297564 5.522330836388308 5.534602682691394 5.792311455056181 5.620505606812989 5.638913376267617 5.602097837358362 6.086835766330224 2.141437179888355 5.43029198911517 5.6573211457222445 5.258486140871978 5.080544369477243 4.755340442445488 4.509903516383785 1.4419419406125027 2.2150682577068657 
-70.0 -70.0 -69.5 -69.5 -70.0 -69.5 -69.5 -68.5 -65.5 -68.0 -68.5 -68.5 -68.5 -69.5 -62.5 -61.0 -60.0 -62.5 -68.0 -63.5 -62.0 -63.5 -64.0 -64.0 -64.5 -64.0 -62.5 -66.5 -68.5 -62.5 -63.5 -63.0 -64.5 -69.5 -71.0 -75.5 -80.0 
