2.988194574801229 3.08636934522591 3.0925052683774528 2.9820586516496865 2.9820586516496865 2.945243112740431 2.9022916506796332 2.9943304979527716 2.9697868053466014 3.11091303783208 2.988194574801229 2.9513790358919736 2.9943304979527716 2.9084275738311756 2.9513790358919736 3.2704470397721868 3.000466421104314 2.945243112740431 3.3624858870453256 4.074252972624263 3.5833791205008576 3.56497135104623 3.32567034813607 0.7485826244881929 3.9515345095934116 3.834951969714103 3.4606606574700063 3.393165502803038 3.6447383520162835 3.5342917352885173 4.074252972624263 3.6386024288647407 3.2213596545598464 3.2213596545598464 3.0925052683774528 3.429981041712294 3.466796580621549 3.098641191528995 3.018874190558942 2.9268353432858034 2.816388726558037 2.9513790358919736 2.9820586516496865 2.779573187648782 
-63.5 -63.0 -62.5 -63.5 -63.0 -63.5 -63.5 -63.5 -64.0 -64.0 -63.5 -63.5 -63.5 -64.0 -63.0 -62.5 -62.0 -63.5 -64.0 -61.5 -61.0 -63.0 -64.5 -67.0 -65.0 -64.0 -64.5 -64.5 -65.0 -65.0 -67.0 -68.0 -64.5 -65.0 -64.0 -63.5 -64.5 -66.0 -65.5 -65.0 -63.5 -62.5 -62.5 -63.0 
2.2396119503130363 2.3071071049800045 2.116893487282185 2.172116795646068 2.2089323345553233 2.5402721847386216 2.2580197197676637 2.1782527187976104 2.3009711818284617 2.282563412373834 2.3930100291016 2.386874105950058 2.4175537217077703 2.423689644859313 2.2948352586769194 2.356194490192345 2.4911847995262812 2.3439226438892597 2.2457478734645786 2.5464081078901644 2.466641106920111 2.650718801466388 2.6261751088602177 3.0925052683774528 3.3870295796514958 3.5711072741977725 3.043417883165112 2.9513790358919736 2.82252464970958 2.8286605728611223 2.988194574801229 3.2090878082567613 3.4606606574700063 3.0066023442558567 2.4175537217077703 2.086213871524472 2.2457478734645786 2.3071071049800045 2.1475731030398975 2.1659808724945253 2.141437179888355 2.024854640009046 2.110757564130642 2.2518837966161214 2.141437179888355 
-63.5 -63.5 -64.5 -64.0 -64.5 -63.5 -63.5 -64.0 -64.0 -64.0 -64.0 -64.5 -64.0 -63.5 -63.5 -63.5 -64.5 -64.5 -63.5 -62.5 -61.5 -62.5 -63.5 -65.0 -64.5 -61.5 -61.5 -61.5 -62.5 -62.5 -63.0 -63.0 -64.5 -66.0 -66.5 -64.5 -64.0 -62.5 -62.5 -63.0 -64.0 -64.0 -64.0 -63.5 -64.0 
0.7976700097005334 0.7792622402459057 0.8283496254582462 0.803805932852076 0.8283496254582462 0.7915340865489908 0.7731263170943632 0.7301748550335652 0.7547185476397354 0.7669903939428205 0.7363107781851077 0.7669903939428205 0.7240389318820226 0.7424467013366504 0.7731263170943632 0.7915340865489908 0.7853981633974483 0.7853981633974483 0.8835729338221293 1.0737865515199487 1.0185632431560658 1.0737865515199487 1.3437671701878218 1.2087768608538851 1.0062913968529805 1.0246991663076084 0.9633399347921826 0.9756117810952678 0.9817477042468103 1.012427320004523 1.0737865515199487 1.0615147052168636 1.325359400733194 1.0983302441261191 1.012427320004523 1.1167380135807468 1.1044661672776617 0.9081166264282996 0.8099418560036186 0.7669903939428205 0.7976700097005334 0.7669903939428205 0.705631162427395 0.6994952392758523 
-50.5 -50.0 -50.0 -50.0 -50.0 -50.0 -50.5 -50.0 -50.5 -50.5 -50.0 -50.5 -50.0 -50.5 -50.0 -50.0 -50.0 -50.0 -50.0 -51.5 -52.5 -53.0 -53.5 -51.0 -51.5 -52.5 -53.0 -53.0 -53.0 -53.0 -52.0 -51.5 -52.0 -53.5 -52.0 -51.0 -50.5 -50.0 -50.0 -50.0 -50.0 -50.0 -50.0 -50.5 
0.9203884727313847 0.8958447801252144 0.9203884727313847 0.9142525495798421 0.9510680884890975 0.9142525495798421 0.9326603190344698 0.8835729338221293 0.8835729338221293 0.8835729338221293 0.8651651643675016 0.8835729338221293 0.8897088569736719 0.8958447801252144 0.944932165337555 0.9081166264282996 0.8713010875190442 0.9633399347921826 0.9817477042468103 1.227184630308513 1.3867186322486196 1.5278448647340985 1.564660403643354 1.2762720155208536 1.2026409377023426 1.3008157081270237 1.3621749396424494 1.3744467859455345 1.3744467859455345 1.3867186322486196 1.337631247036279 1.3008157081270237 1.380582709097077 1.5953400194010667 1.5462526341887264 1.3989904785517047 1.2578642460662257 1.043106935762236 0.9142525495798421 0.8774370106705868 0.8222137023067037 0.9142525495798421 0.8897088569736719 0.8897088569736719 
-52.0 -52.0 -52.0 -51.5 -52.0 -52.0 -52.0 -52.5 -52.5 -52.5 -52.5 -52.5 -52.5 -52.5 -52.0 -52.5 -52.0 -52.5 -51.5 -51.5 -52.5 -52.0 -50.5 -49.5 -50.0 -51.0 -51.5 -50.5 -51.0 -51.0 -51.5 -50.5 -50.0 -51.0 -52.5 -52.5 -52.0 -52.0 -52.0 -52.0 -52.5 -52.0 -52.0 -52.5 
1.3621749396424494 1.2762720155208536 1.368310862793992 1.3314953238847365 1.3621749396424494 1.3621749396424494 1.337631247036279 1.227184630308513 1.3192234775816514 1.2455923997631406 1.2578642460662257 1.3314953238847365 1.3192234775816514 1.3130875544301088 1.2578642460662257 1.4051264017032472 1.3008157081270237 1.3499030933393643 1.423534171157875 1.5830681730979816 2.024854640009046 2.018718716857504 1.9512235621905356 1.7241944055834606 1.5830681730979816 1.576932249946439 1.6996507129772904 1.7303303287350031 1.761009944492716 1.7671458676442586 1.7548740213411735 1.6689710972195777 1.6137477888556946 1.6812429435226628 1.8837284075235674 1.9941750242513334 2.024854640009046 2.012582793705961 1.6812429435226628 1.4419419406125027 1.3744467859455345 1.3621749396424494 1.337631247036279 1.3130875544301088 1.3130875544301088 
-56.5 -57.0 -57.0 -56.5 -56.5 -56.5 -56.5 -56.5 -56.0 -56.0 -56.5 -56.0 -56.5 -56.0 -56.0 -56.0 -56.5 -56.0 -56.0 -56.5 -54.5 -53.5 -50.5 -49.5 -51.5 -51.5 -52.0 -52.0 -52.5 -52.0 -51.5 -52.0 -51.5 -51.0 -50.0 -52.0 -52.5 -53.5 -55.0 -55.5 -56.0 -55.5 -55.0 -55.5 -55.0 
1.533980787885641 1.533980787885641 1.533980787885641 1.552388557340269 1.5462526341887264 1.5401167110371838 1.4787574795217582 1.4787574795217582 1.4296700943094176 1.4419419406125027 1.4787574795217582 1.509437095279471 1.4726215563702154 1.4726215563702154 1.4848934026733007 1.533980787885641 1.4787574795217582 1.4910293258248433 1.4848934026733007 1.8775924843720249 2.141437179888355 2.024854640009046 1.7916895602504288 1.8960002538266525 1.9696313316451632 2.012582793705961 1.945087639038993 1.9082721001297376 2.012582793705961 1.9757672547967058 1.9941750242513334 1.9573594853420782 1.9205439464328227 1.932815792735908 2.0371264863121317 2.1046216409791 1.932815792735908 1.6321555583103222 1.4848934026733007 1.4480778637640452 1.5033011721279284 1.4787574795217582 1.4603497100671303 1.4542137869155878 
-56.0 -56.0 -56.0 -56.0 -55.5 -56.0 -55.5 -56.5 -56.5 -56.5 -56.5 -56.5 -57.0 -56.5 -56.5 -56.5 -56.5 -57.0 -57.5 -55.5 -54.0 -52.5 -54.0 -55.0 -56.0 -54.5 -55.5 -55.5 -55.0 -55.5 -55.0 -56.0 -54.5 -53.5 -53.0 -53.5 -55.0 -56.5 -56.5 -56.0 -55.5 -55.5 -56.0 -56.5 
5.43029198911517 5.368932757599744 5.43029198911517 5.338253141842031 5.270757987175063 5.393476450205914 5.295301679781233 5.289165756629691 5.313709449235861 5.289165756629691 5.252350217720435 5.240078371417351 5.301437602932776 5.283029833478148 5.325981295538946 5.338253141842031 5.289165756629691 5.387340527054372 5.6573211457222445 5.859806609723149 5.915029918087033 5.798447378207723 5.418020142812084 5.688000761479957 5.4671075280244255 5.393476450205914 5.197126909356553 5.307573526084319 5.368932757599744 5.190990986205009 5.344389064993574 5.516194913236766 5.583690067903734 5.546874528994478 5.816855147662351 5.8475347634200645 5.767767762450011 5.64504929941916 5.497787143782138 5.307573526084319 5.491651220630596 5.332117218690489 5.270757987175063 5.2339424482658075 
-61.5 -60.5 -62.0 -61.0 -61.5 -61.5 -62.0 -61.5 -62.5 -62.0 -61.5 -62.5 -61.5 -61.0 -61.0 -61.0 -61.5 -61.0 -61.0 -60.0 -58.0 -56.0 -57.5 -57.5 -58.0 -58.5 -59.0 -59.5 -59.5 -59.0 -58.0 -58.0 -58.0 -56.0 -56.5 -59.0 -59.5 -61.0 -60.5 -61.0 -61.5 -61.5 -61.5 -61.5 
4.620350133111551 4.804427827657828 4.779884135051658 4.675573441475434 4.767612288748572 4.7860200582032 4.540583132141498 4.601942363656923 4.577398671050753 4.534447208989955 4.522175362686871 4.693981210930062 4.528311285838413 4.516039439535327 4.516039439535327 4.565126824747668 4.6448938257177215 4.773748211900116 5.473243451175968 5.7616318392984684 5.411884219660542 5.2768939103266055 5.8475347634200645 5.835262917116979 5.792311455056181 5.792311455056181 5.964117303299373 5.896622148632405 5.798447378207723 5.822991070813893 5.939573610693203 2.1782527187976104 5.43029198911517 5.706408530934585 5.5284667595398505 5.3198453723874035 4.896466674930966 4.945554060143307 4.675573441475434 4.804427827657828 4.595806440505381 4.700117134081604 4.890330751779424 
-68.0 -66.0 -67.0 -66.5 -67.5 -67.0 -69.5 -70.0 -71.0 -70.5 -71.0 -71.0 -69.0 -68.5 -69.5 -67.5 -68.5 -69.0 -63.0 -60.5 -60.0 -62.0 -67.5 -64.0 -63.0 -65.0 -65.0 -63.5 -64.5 -63.5 -64.5 -65.0 -61.0 -62.5 -62.0 -64.0 -67.0 -70.0 -68.5 -68.5 -68.0 -68.5 -68.0 
