2.761165418194154 2.791845033951867 2.779573187648782 2.7979809571034093 2.767301341345697 2.767301341345697 2.779573187648782 2.7550294950426117 2.7550294950426117 2.748893571891069 2.6568547246179306 2.650718801466388 2.705942109830271 2.761165418194154 2.6875343403756435 2.773437264497239 2.7979809571034093 2.7550294950426117 2.9145634969827183 3.2213596545598464 3.399301425954581 3.2520392703175593 3.3195344249845276 0.5460971604872883 3.6324665057131984 3.4177091954092087 3.2213596545598464 3.3502140407422405 3.3318062712876126 3.393165502803038 3.4054373491061236 3.423845118560751 3.5711072741977725 3.1661363461959633 3.2213596545598464 3.3870295796514958 3.147728576741336 3.018874190558942 2.9084275738311756 2.9268353432858034 2.9697868053466014 3.160000423044421 2.9206994201342606 2.9575149590435164 
-62.0 -61.5 -61.0 -62.0 -62.5 -62.0 -62.0 -62.0 -62.5 -63.0 -62.5 -63.0 -62.5 -62.5 -63.0 -62.5 -62.5 -62.5 -62.0 -62.5 -60.0 -62.0 -62.5 -65.5 -65.0 -63.5 -64.0 -64.0 -63.5 -64.5 -64.0 -64.0 -67.0 -66.0 -63.0 -62.5 -64.5 -65.5 -65.0 -64.5 -63.5 -63.5 -62.5 -62.5 
2.411417798556228 2.564815877344792 2.380738182798515 2.5280003384355365 2.2886993355253766 2.4911847995262812 2.478912953223196 2.405281875404685 2.435961491162398 2.3071071049800045 2.497320722677824 2.3930100291016 2.405281875404685 2.423689644859313 2.4911847995262812 2.3623304133438876 2.399145952253143 2.448233337465483 2.4605051837685683 2.718213956133356 2.6875343403756435 3.018874190558942 3.147728576741336 3.380893656499953 3.0925052683774528 2.82252464970958 2.7979809571034093 2.7857091108003242 2.8409324191642074 2.9329712664373457 3.184544115650591 3.411573272257666 3.227495577711389 5.688000761479957 2.1475731030398975 2.043262409463674 2.2334760271614935 2.2886993355253766 2.1782527187976104 2.2518837966161214 2.3316507975861747 2.2948352586769194 2.2641556429192065 2.2212041808584084 
-63.5 -63.0 -63.5 -63.5 -64.0 -64.0 -63.5 -63.5 -63.5 -64.0 -63.5 -64.5 -63.5 -64.0 -64.0 -63.5 -63.0 -62.0 -62.0 -61.5 -63.5 -63.5 -61.5 -62.0 -60.5 -61.5 -61.5 -62.0 -61.5 -61.0 -62.0 -62.5 -65.5 -67.5 -64.5 -64.5 -63.5 -64.0 -65.0 -65.5 -64.0 -65.0 -64.5 -64.0 
0.5276893910326605 0.5460971604872883 0.5338253141842031 0.5583690067903734 0.521553467881118 0.5399612373357456 0.521553467881118 0.5154175447295755 0.5092816215780329 0.4663301595172349 0.4908738521234052 0.4908738521234052 0.4970097752749477 0.521553467881118 0.5276893910326605 0.5460971604872883 0.5645049299419159 0.5583690067903734 0.5767767762450011 0.7363107781851077 1.000155473701438 0.9326603190344698 1.1535535524900022 1.1903690913992575 1.0185632431560658 0.9878836273983529 0.9694758579437253 0.8774370106705868 0.9756117810952678 0.9510680884890975 0.9265243958829272 1.0185632431560658 1.0676506283684062 1.2455923997631406 1.2026409377023426 1.1228739367322893 1.0492428589137786 1.1658253987930873 1.012427320004523 0.8099418560036186 0.760854470791278 0.7731263170943632 0.7731263170943632 0.7976700097005334 0.803805932852076 0.8406214717613314 
-51.5 -51.5 -51.0 -51.0 -51.0 -51.0 -51.0 -51.0 -51.5 -51.5 -51.5 -51.5 -51.5 -51.0 -51.5 -51.5 -51.0 -51.0 -51.5 -52.5 -52.5 -54.0 -54.0 -51.5 -51.5 -52.5 -53.0 -53.5 -53.5 -53.5 -53.0 -52.5 -52.0 -52.0 -54.0 -53.0 -51.0 -50.5 -50.0 -50.5 -50.5 -50.5 -50.5 -50.0 -50.0 -50.0 
0.9019807032767571 0.8958447801252144 0.9019807032767571 0.9203884727313847 0.8774370106705868 0.9265243958829272 0.8774370106705868 0.9142525495798421 0.8467573949128739 0.8835729338221293 0.8528933180644165 0.8774370106705868 0.8651651643675016 0.9326603190344698 0.8897088569736719 0.9019807032767571 0.9019807032767571 0.9142525495798421 0.9265243958829272 1.0492428589137786 1.2701360923693108 1.4419419406125027 1.4480778637640452 1.2640001692177683 1.1658253987930873 1.2455923997631406 1.2517283229146832 1.2946797849754812 1.2946797849754812 1.325359400733194 1.3867186322486196 1.3621749396424494 1.2701360923693108 1.2762720155208536 1.5401167110371838 1.5830681730979816 1.4296700943094176 1.282407938672396 1.1106020904292042 1.012427320004523 1.000155473701438 0.9878836273983529 0.9633399347921826 0.9510680884890975 0.9326603190344698 0.9510680884890975 
-53.0 -53.0 -53.0 -53.0 -53.0 -53.0 -53.0 -53.5 -53.0 -53.5 -53.5 -53.0 -53.5 -53.5 -53.0 -53.0 -53.0 -53.0 -53.0 -52.5 -52.5 -51.5 -50.5 -49.5 -50.0 -51.0 -51.0 -50.5 -51.0 -51.0 -51.0 -51.0 -51.0 -50.5 -51.0 -52.5 -53.0 -52.5 -52.0 -52.5 -52.5 -52.0 -52.5 -53.0 -52.5 -52.0 
1.3499030933393643 1.3130875544301088 1.3314953238847365 1.2762720155208536 1.3560390164909069 1.3314953238847365 1.2946797849754812 1.423534171157875 1.380582709097077 1.2885438618239387 1.3621749396424494 1.3130875544301088 1.282407938672396 1.2946797849754812 1.3069516312785663 1.3314953238847365 1.325359400733194 1.325359400733194 1.509437095279471 1.7548740213411735 1.8653206380689396 1.8223691760081417 1.6566992509164924 1.4603497100671303 1.4848934026733007 1.4971652489763858 1.607611865704152 1.6137477888556946 1.6996507129772904 1.6873788666742053 1.6812429435226628 1.6505633277649499 1.564660403643354 1.6198837120072371 1.7671458676442586 1.9757672547967058 1.9144080232812801 1.9819031779482483 1.736466251886546 1.4480778637640452 1.282407938672396 1.3069516312785663 1.2885438618239387 1.2885438618239387 1.3069516312785663 1.3437671701878218 
-57.0 -56.5 -56.5 -56.5 -57.0 -56.5 -57.0 -57.0 -57.5 -57.5 -56.5 -57.0 -57.0 -57.0 -56.5 -57.0 -57.0 -56.5 -56.5 -54.5 -52.0 -51.5 -49.5 -51.5 -52.0 -53.0 -53.5 -53.0 -52.5 -52.5 -52.5 -53.0 -52.5 -52.0 -51.0 -51.5 -53.5 -53.5 -56.0 -57.0 -57.5 -57.5 -56.5 -56.0 -55.5 -55.0 
1.5033011721279284 1.4787574795217582 1.5278448647340985 1.4848934026733007 1.5462526341887264 1.4173982480063325 1.5462526341887264 1.5155730184310134 1.4848934026733007 1.5401167110371838 1.4603497100671303 1.5033011721279284 1.5033011721279284 1.4726215563702154 1.423534171157875 1.4910293258248433 1.4542137869155878 1.509437095279471 1.4603497100671303 1.6014759425526093 1.902136176978195 1.8653206380689396 1.6444274046134073 1.846912868614312 1.902136176978195 1.9634954084936207 1.9573594853420782 1.9757672547967058 2.030990563160589 1.9941750242513334 1.9266798695843652 1.9696313316451632 2.067806102069844 1.8960002538266525 1.9512235621905356 2.0371264863121317 2.227340104009951 2.1598449493429825 1.7916895602504288 1.509437095279471 1.5462526341887264 1.521708941582556 1.5155730184310134 1.5155730184310134 1.5278448647340985 1.552388557340269 
-59.0 -58.5 -58.0 -58.0 -58.5 -58.0 -58.0 -58.5 -58.5 -59.0 -59.0 -59.5 -59.0 -58.5 -59.0 -59.0 -59.0 -59.0 -59.5 -58.0 -55.0 -53.0 -54.0 -56.5 -56.5 -55.5 -56.0 -56.5 -56.0 -55.5 -56.5 -55.5 -56.0 -55.5 -54.5 -53.5 -53.5 -54.5 -57.0 -58.0 -57.5 -57.5 -58.0 -57.0 -57.0 -56.0 
5.45483568172134 5.4671075280244255 5.534602682691394 5.540738605842936 5.460971604872882 5.522330836388308 5.589825991055276 5.583690067903734 5.553010452146021 5.540738605842936 5.516194913236766 5.448699758569798 5.460971604872882 5.5100589900852235 5.393476450205914 5.534602682691394 5.45483568172134 5.3627968344482015 5.5100589900852235 5.651185222570702 5.675728915176872 5.724816300389213 5.442563835418255 5.332117218690489 5.332117218690489 5.227806525114265 5.117359908386499 5.141903600992669 5.283029833478148 5.307573526084319 5.221670601962723 5.141903600992669 5.411884219660542 5.608233760509904 5.47937937432751 5.8045833013592665 6.043884304269426 5.8045833013592665 5.976389149602458 5.553010452146021 5.577554144752192 5.497787143782138 5.516194913236766 5.485515297479052 5.375068680751287 5.350524988145116 
-61.5 -61.0 -61.5 -61.0 -61.0 -61.0 -60.5 -60.0 -60.0 -60.0 -60.5 -60.5 -60.5 -60.5 -60.5 -60.5 -60.5 -60.5 -60.0 -60.0 -58.0 -57.0 -57.0 -58.0 -57.0 -58.5 -59.0 -60.0 -60.5 -60.5 -59.0 -59.5 -59.0 -58.0 -57.5 -57.0 -58.0 -59.5 -59.5 -61.5 -61.0 -60.5 -61.5 -61.5 -61.5 -62.5 
4.878058905476339 5.160311370447297 4.792155981354743 2.061670178918302 5.062136600022616 1.6935147898257479 4.896466674930966 4.767612288748572 4.970097752749477 2.380738182798515 5.4671075280244255 5.632777453116074 5.50392306693368 5.246214294568893 5.700272607783043 5.8659425328746915 5.559146375297564 5.780039608753096 6.105243535784852 5.988660995905543 5.945709533844745 5.8659425328746915 5.626641529964532 5.970253226450915 5.602097837358362 5.332117218690489 1.2026409377023426 1.5953400194010667 
-73.5 -72.0 -72.5 -75.0 -74.0 -75.0 -72.5 -73.5 -73.0 -70.5 -66.0 -62.0 -59.0 -61.0 -66.0 -63.5 -62.5 -66.0 -65.0 -65.0 -64.5 -65.0 -64.0 -64.5 -64.0 -69.0 -72.0 -74.0 
