3.2581751934691017 3.2827188860752723 3.3379421944391554 3.380893656499953 3.2336315008629315 3.1354567304382504 3.11091303783208 2.9943304979527716 3.215223731408304 2.9206994201342606 3.08636934522591 2.9513790358919736 2.988194574801229 2.9206994201342606 3.074097498922825 3.043417883165112 2.9022916506796332 3.0802334220743677 3.153864499892878 3.8963112012295285 3.4606606574700063 3.2397674240144743 3.6079228131070282 3.411573272257666 3.650874275167826 3.6999616603801666 3.5465635815916023 3.442252888015379 3.436116964863836 3.0372819600135696 3.129320807286708 3.454524734318464 3.56497135104623 3.9208548938356986 3.368621810196868 2.9022916506796332 2.8409324191642074 2.662990647769473 6.111379458936394 
-62.5 -62.5 -63.5 -62.0 -63.0 -62.0 -62.5 -62.5 -63.0 -62.0 -62.5 -62.0 -62.5 -63.0 -61.5 -63.5 -62.5 -63.0 -61.5 -62.5 -63.0 -65.0 -68.0 -67.5 -66.0 -66.5 -67.0 -67.5 -69.5 -64.0 -63.0 -62.0 -62.5 -64.0 -65.5 -66.5 -65.5 -66.5 -66.0 
2.086213871524472 1.9512235621905356 5.325981295538946 2.116893487282185 2.0800779483729293 1.9819031779482483 2.1046216409791 1.9757672547967058 2.1966604882522383 2.3316507975861747 2.086213871524472 2.1966604882522383 2.024854640009046 2.1598449493429825 2.2457478734645786 2.337786720737717 2.2457478734645786 2.1659808724945253 2.337786720737717 2.1782527187976104 2.356194490192345 3.0925052683774528 3.215223731408304 3.0925052683774528 2.7550294950426117 2.6261751088602177 2.6384469551633027 2.662990647769473 2.6691265709210157 3.031146036862027 3.3195344249845276 3.3624858870453256 5.964117303299373 2.313243028131547 2.012582793705961 1.7426021750380885 2.2027964114037806 1.9819031779482483 1.88986433067511 1.8346410223112268 1.736466251886546 1.6935147898257479 
-63.0 -63.0 -64.0 -63.0 -63.0 -64.0 -63.5 -64.0 -64.5 -64.0 -63.5 -64.0 -64.0 -64.5 -64.5 -63.5 -64.5 -64.0 -63.0 -63.5 -65.5 -66.0 -65.0 -64.0 -62.5 -62.5 -63.0 -62.0 -62.0 -63.5 -66.5 -67.5 -67.5 -65.5 -64.5 -63.0 -63.5 -61.5 -64.0 -64.5 -64.5 -64.0 
1.1351457830353744 1.1290098598838318 1.1228739367322893 1.141281706186917 1.086058397823034 1.1167380135807468 1.0676506283684062 1.012427320004523 1.0369710126106935 0.9817477042468103 0.9694758579437253 0.9081166264282996 0.8958447801252144 0.8713010875190442 0.8774370106705868 0.8835729338221293 0.8713010875190442 0.8651651643675016 0.803805932852076 0.9265243958829272 0.8835729338221293 0.9387962421860124 1.0369710126106935 0.9817477042468103 0.8835729338221293 1.0246991663076084 1.1167380135807468 1.000155473701438 0.9633399347921826 0.9142525495798421 0.9081166264282996 0.9265243958829272 0.9633399347921826 0.9203884727313847 1.012427320004523 1.1228739367322893 1.1903690913992575 1.214912784005428 1.214912784005428 1.0615147052168636 1.141281706186917 1.0615147052168636 0.8467573949128739 0.7547185476397354 0.7301748550335652 0.705631162427395 0.705631162427395 
-48.5 -48.5 -48.5 -48.5 -48.5 -48.5 -48.5 -48.5 -49.0 -49.0 -49.0 -49.0 -49.0 -49.5 -49.5 -49.5 -49.5 -49.5 -49.5 -49.5 -49.5 -50.0 -51.0 -51.5 -52.5 -53.5 -52.5 -51.5 -52.0 -51.0 -52.0 -52.5 -52.5 -52.0 -51.5 -52.0 -52.0 -53.0 -51.5 -50.5 -50.5 -50.0 -49.5 -50.5 -50.5 -50.5 -50.5 
1.1106020904292042 1.1106020904292042 1.0983302441261191 1.0921943209745766 1.055378782065321 1.055378782065321 1.0615147052168636 1.030835089459151 1.0062913968529805 0.9694758579437253 0.9510680884890975 0.9756117810952678 0.9081166264282996 0.9142525495798421 0.9019807032767571 0.9510680884890975 0.944932165337555 0.9203884727313847 0.9510680884890975 0.9510680884890975 0.9019807032767571 0.9510680884890975 1.030835089459151 1.0369710126106935 1.1290098598838318 1.3008157081270237 1.3314953238847365 1.1228739367322893 1.2026409377023426 1.2640001692177683 1.3621749396424494 1.3499030933393643 1.3867186322486196 1.3867186322486196 1.3621749396424494 1.337631247036279 1.2885438618239387 1.4603497100671303 1.4726215563702154 1.282407938672396 1.2210487071569704 1.184233168247715 0.9756117810952678 0.9633399347921826 0.9203884727313847 0.8651651643675016 0.7669903939428205 
-51.0 -51.0 -51.0 -51.0 -51.0 -51.0 -51.0 -51.5 -51.5 -51.5 -52.0 -51.5 -52.0 -52.0 -52.0 -52.5 -52.5 -52.0 -51.5 -52.0 -52.0 -51.5 -51.0 -52.0 -53.0 -52.5 -50.5 -50.0 -51.0 -51.0 -51.0 -50.5 -51.0 -51.0 -50.5 -51.0 -50.0 -51.5 -52.5 -52.0 -52.0 -52.0 -52.0 -52.0 -52.5 -53.0 -52.5 
1.423534171157875 1.41126232485479 1.4419419406125027 1.4480778637640452 1.4848934026733007 1.4051264017032472 1.4051264017032472 1.3744467859455345 1.325359400733194 1.368310862793992 1.3867186322486196 1.282407938672396 1.3130875544301088 1.2762720155208536 1.2333205534600555 1.2701360923693108 1.239456476611598 1.1719613219446299 1.2333205534600555 1.2701360923693108 1.030835089459151 1.41126232485479 1.6198837120072371 1.6689710972195777 1.6751070203711202 1.5401167110371838 1.4419419406125027 1.3437671701878218 1.423534171157875 1.552388557340269 1.5892040962495242 1.6137477888556946 1.5830681730979816 1.5830681730979816 1.552388557340269 1.4664856332186729 1.521708941582556 1.7303303287350031 1.8775924843720249 1.9144080232812801 1.9573594853420782 1.8162332528565992 1.4051264017032472 1.368310862793992 1.2640001692177683 1.1106020904292042 1.3130875544301088 
-54.0 -54.0 -54.0 -53.5 -54.0 -53.5 -54.0 -53.5 -53.5 -53.5 -54.0 -54.0 -54.0 -53.5 -54.0 -54.0 -53.5 -54.0 -54.5 -54.0 -54.5 -55.5 -53.5 -53.5 -53.0 -51.0 -50.0 -50.5 -51.5 -52.0 -52.0 -52.0 -52.0 -52.0 -52.5 -52.0 -51.0 -50.5 -50.5 -51.5 -52.0 -54.0 -56.0 -56.0 -56.5 -57.0 -57.0 
1.6260196351587797 1.576932249946439 1.6014759425526093 1.6137477888556946 1.6014759425526093 1.6260196351587797 1.5830681730979816 1.5155730184310134 1.521708941582556 1.4971652489763858 1.5033011721279284 1.4296700943094176 1.4296700943094176 1.423534171157875 1.4296700943094176 1.4542137869155878 1.4419419406125027 1.4051264017032472 1.4726215563702154 1.509437095279471 1.3928545554001621 1.5033011721279284 1.7671458676442586 1.945087639038993 1.9082721001297376 1.7855536370988863 1.7119225592803755 1.8346410223112268 1.9757672547967058 1.8775924843720249 1.902136176978195 1.9819031779482483 1.9082721001297376 1.9266798695843652 1.8714565612204823 1.9573594853420782 1.9880391010997909 1.8960002538266525 2.055534255766759 2.116893487282185 2.110757564130642 1.8162332528565992 1.4787574795217582 1.5278448647340985 1.4419419406125027 1.3744467859455345 1.368310862793992 
-53.0 -53.5 -53.5 -53.5 -53.5 -53.5 -54.0 -54.5 -54.5 -55.0 -55.0 -55.0 -55.0 -55.5 -55.5 -55.5 -55.5 -55.5 -55.5 -55.5 -56.0 -56.5 -55.5 -54.0 -53.0 -53.0 -55.5 -56.0 -55.0 -55.5 -55.5 -55.0 -55.0 -55.5 -54.5 -55.0 -55.5 -54.5 -53.5 -53.0 -53.5 -55.0 -56.0 -55.0 -56.0 -56.0 -56.5 
5.123495831538041 5.062136600022616 5.190990986205009 5.197126909356553 5.037592907416445 5.148039524144211 5.197126909356553 4.988505522204105 5.086680292628786 4.97623367590102 5.062136600022616 5.049864753719531 4.933282213840222 4.97623367590102 4.896466674930966 5.190990986205009 5.141903600992669 5.1725832167503825 5.270757987175063 5.325981295538946 5.651185222570702 5.442563835418255 5.0682725231741586 5.258486140871978 5.129631754689584 5.258486140871978 5.031456984264903 5.227806525114265 5.2768939103266055 5.0682725231741586 5.0682725231741586 5.117359908386499 5.381204603902829 5.117359908386499 5.491651220630596 5.792311455056181 5.822991070813893 5.780039608753096 5.473243451175968 5.491651220630596 5.5284667595398505 5.485515297479052 5.356660911296659 
-62.5 -62.0 -62.0 -60.5 -61.0 -62.5 -62.5 -62.5 -62.0 -63.0 -61.5 -63.0 -63.0 -63.5 -63.0 -64.0 -62.5 -62.0 -64.5 -64.0 -59.0 -57.0 -58.5 -57.5 -59.0 -58.5 -59.0 -59.5 -60.0 -59.5 -58.5 -58.5 -57.5 -57.5 -56.5 -57.0 -59.5 -61.0 -61.5 -61.5 -62.0 -62.0 -63.0 
4.81056375080937 4.608078286808466 4.724660826687775 4.822835597112456 4.871922982324796 4.700117134081604 4.743068596142402 4.632621979414636 4.693981210930062 1.4542137869155878 1.5155730184310134 1.521708941582556 1.4971652489763858 1.5830681730979816 1.4848934026733007 1.7119225592803755 1.761009944492716 1.9512235621905356 1.8714565612204823 2.5341362615870793 5.64504929941916 5.810719224510809 5.5284667595398505 5.111223985234957 5.798447378207723 5.749359992995383 5.632777453116074 5.730952223540755 5.810719224510809 5.724816300389213 5.700272607783043 5.810719224510809 5.957981380147831 5.522330836388308 6.111379458936394 2.4605051837685683 5.4671075280244255 5.663457068873787 5.786175531904639 5.3627968344482015 4.614214209960009 4.491495746929157 1.5892040962495242 
-61.5 -63.0 -62.5 -62.0 -64.5 -63.0 -64.5 -64.0 -65.5 -66.5 -68.0 -68.5 -69.0 -69.0 -70.0 -69.0 -68.0 -68.0 -72.0 -69.5 -63.0 -61.0 -60.5 -62.5 -65.0 -64.5 -63.0 -65.0 -63.0 -63.5 -63.0 -63.5 -65.0 -63.5 -66.5 -64.5 -63.0 -61.0 -61.0 -65.5 -70.0 -68.5 -72.5 
