2.5402721847386216 2.411417798556228 2.662990647769473 2.4850488763747385 2.6384469551633027 2.5832236467994196 2.6384469551633027 2.5832236467994196 2.5954954931025047 2.748893571891069 2.454369260617026 2.6323110320117604 2.5586799541932495 5.9518454569962875 6.013204688511713 2.9759227284981438 2.8409324191642074 3.018874190558942 2.859340188618835 3.160000423044421 3.399301425954581 3.436116964863836 3.2949907323783574 3.172272269347506 3.11091303783208 3.067961575771282 3.0802334220743677 2.9391071895888885 3.067961575771282 3.4606606574700063 3.3195344249845276 3.215223731408304 3.2397674240144743 2.9391071895888885 2.9329712664373457 6.264777537724958 6.12365130523948 2.8286605728611223 2.564815877344792 2.4911847995262812 2.442097414313941 2.5586799541932495 2.6384469551633027 2.4605051837685683 2.5770877236478773 
-64.5 -64.0 -64.0 -64.5 -64.5 -65.0 -65.0 -64.5 -64.0 -65.0 -64.5 -64.5 -64.5 -66.0 -66.5 -63.5 -63.0 -61.5 -62.0 -63.0 -62.0 -63.0 -63.0 -62.5 -62.5 -63.5 -63.0 -63.5 -63.0 -63.5 -64.5 -63.5 -64.5 -64.0 -61.5 -63.5 -66.0 -66.5 -66.0 -66.0 -66.0 -65.5 -65.5 -66.0 -65.5 
2.12916533358527 2.000310947402876 2.018718716857504 2.067806102069844 2.1659808724945253 2.2089323345553233 2.0800779483729293 5.43029198911517 1.8714565612204823 1.9941750242513334 1.9634954084936207 1.9696313316451632 1.9819031779482483 2.030990563160589 2.086213871524472 2.141437179888355 1.8162332528565992 1.9941750242513334 2.386874105950058 2.552544031041707 2.356194490192345 2.411417798556228 2.6998061866787286 2.9084275738311756 3.129320807286708 2.9697868053466014 2.8532042654672924 2.5893595699509624 2.2948352586769194 2.3930100291016 2.3193789512830896 2.6875343403756435 3.000466421104314 2.9513790358919736 2.6445828783148455 2.5157284921324514 2.1353012567368124 2.067806102069844 2.1966604882522383 2.3746022596469727 2.1046216409791 1.945087639038993 1.9266798695843652 1.9880391010997909 2.061670178918302 2.350058567040802 2.1230294104337273 2.1475731030398975 
-63.5 -64.0 -64.0 -64.0 -63.5 -63.5 -64.0 -64.5 -64.5 -64.5 -64.0 -64.0 -64.5 -64.5 -64.5 -64.5 -64.5 -63.5 -62.5 -62.0 -62.5 -64.0 -66.0 -63.5 -63.0 -62.0 -60.5 -61.5 -62.0 -62.5 -62.0 -61.5 -62.0 -64.0 -65.0 -65.5 -64.5 -64.0 -61.0 -61.0 -64.5 -65.5 -66.0 -66.0 -65.5 -66.0 -64.0 -65.0 
0.3988350048502667 0.3865631585471816 0.36815538909255385 0.4111068511533518 0.4479223900626072 0.4295146206079795 0.44178646691106466 0.4540583132141498 0.4295146206079795 0.44178646691106466 0.4540583132141498 0.47860200582032003 0.4908738521234052 0.48473792897186263 0.5031456984264903 0.48473792897186263 0.5154175447295755 0.5706408530934585 0.7731263170943632 0.8528933180644165 0.944932165337555 0.8958447801252144 1.043106935762236 1.012427320004523 0.8406214717613314 0.7915340865489908 0.7915340865489908 0.8283496254582462 0.8222137023067037 0.803805932852076 0.8713010875190442 0.8467573949128739 0.859029241215959 1.0799224746714913 1.1780972450961724 1.141281706186917 0.9572040116406401 0.944932165337555 0.9572040116406401 0.9019807032767571 0.705631162427395 0.607456392002714 0.5583690067903734 0.48473792897186263 0.4908738521234052 0.44178646691106466 0.46019423636569234 0.4049709280018093 
-52.0 -52.0 -51.5 -51.5 -51.5 -51.5 -51.5 -51.0 -51.0 -51.0 -51.0 -51.0 -50.5 -51.0 -51.0 -51.0 -50.5 -50.5 -50.5 -50.0 -50.0 -51.0 -51.5 -49.5 -49.5 -50.5 -51.0 -51.5 -51.0 -51.0 -51.5 -51.5 -50.5 -49.5 -50.5 -51.0 -51.5 -51.0 -50.0 -50.0 -51.0 -50.5 -51.0 -51.0 -51.0 -51.0 -51.0 -51.5 
0.8222137023067037 0.8344855486097889 0.8528933180644165 0.8528933180644165 0.8651651643675016 0.8528933180644165 0.8283496254582462 0.8528933180644165 0.8099418560036186 0.8528933180644165 0.8528933180644165 0.8467573949128739 0.8651651643675016 0.8713010875190442 0.8835729338221293 0.8528933180644165 0.8958447801252144 0.8958447801252144 1.0062913968529805 1.1658253987930873 1.239456476611598 1.423534171157875 1.3867186322486196 1.1596894756415448 0.9940195505498954 1.0246991663076084 1.1351457830353744 1.214912784005428 1.1903690913992575 1.1658253987930873 1.184233168247715 1.214912784005428 1.0921943209745766 1.086058397823034 1.2762720155208536 1.3621749396424494 1.4051264017032472 1.380582709097077 1.214912784005428 1.0799224746714913 0.9203884727313847 0.9081166264282996 0.8406214717613314 0.8222137023067037 0.7731263170943632 0.7976700097005334 0.7485826244881929 0.8283496254582462 
-54.5 -54.5 -54.5 -54.0 -54.5 -54.0 -54.0 -54.0 -54.0 -54.0 -54.0 -54.0 -54.0 -54.0 -54.0 -54.0 -54.0 -53.5 -53.0 -52.0 -52.0 -51.5 -50.0 -48.5 -50.0 -50.5 -51.0 -50.0 -49.5 -49.5 -49.5 -50.0 -50.5 -49.0 -49.0 -49.5 -50.5 -51.5 -51.5 -52.0 -53.0 -53.5 -54.0 -54.0 -54.0 -54.5 -54.5 -54.5 
1.4971652489763858 1.4726215563702154 1.423534171157875 1.4910293258248433 1.423534171157875 1.5155730184310134 1.4603497100671303 1.3928545554001621 1.3989904785517047 1.423534171157875 1.3989904785517047 1.3560390164909069 1.3744467859455345 1.380582709097077 1.4051264017032472 1.3621749396424494 1.4542137869155878 1.4603497100671303 1.6505633277649499 1.7855536370988863 1.8714565612204823 1.8653206380689396 1.6198837120072371 1.5033011721279284 1.5033011721279284 1.4910293258248433 1.5033011721279284 1.4787574795217582 1.4787574795217582 1.4603497100671303 1.4726215563702154 1.533980787885641 1.4848934026733007 1.521708941582556 1.5830681730979816 1.6689710972195777 1.8653206380689396 1.932815792735908 1.8837284075235674 1.8285050991596843 1.7794177139473437 1.705786636128833 1.5953400194010667 1.4910293258248433 1.4480778637640452 1.4480778637640452 1.4910293258248433 1.4603497100671303 
-58.0 -58.0 -58.5 -58.0 -58.5 -58.0 -58.5 -58.0 -58.5 -58.5 -58.0 -58.0 -58.0 -58.5 -58.0 -58.0 -58.0 -56.5 -55.5 -53.5 -52.5 -51.0 -49.0 -50.0 -50.0 -50.0 -50.0 -51.0 -51.0 -51.5 -51.0 -50.5 -50.0 -50.0 -50.0 -49.0 -50.0 -51.5 -53.0 -54.0 -55.0 -55.5 -56.5 -56.5 -56.5 -56.0 -57.0 -57.0 
1.718058482431918 1.7426021750380885 1.736466251886546 1.7671458676442586 1.761009944492716 1.736466251886546 1.7303303287350031 1.662835174068035 1.705786636128833 1.7119225592803755 1.7303303287350031 1.718058482431918 1.7303303287350031 1.705786636128833 1.705786636128833 1.7426021750380885 1.7241944055834606 1.7855536370988863 1.8960002538266525 1.9696313316451632 2.0371264863121317 1.9941750242513334 1.748738098189631 1.8100973297050567 1.9573594853420782 1.9205439464328227 1.8407769454627694 1.8100973297050567 1.8530487917658545 1.8775924843720249 1.8285050991596843 1.846912868614312 1.9082721001297376 1.8653206380689396 1.8285050991596843 1.7855536370988863 1.88986433067511 1.945087639038993 1.9266798695843652 1.859184714917397 1.8285050991596843 1.8223691760081417 1.718058482431918 1.6935147898257479 1.6996507129772904 1.736466251886546 1.7426021750380885 1.7426021750380885 
-57.0 -56.5 -56.5 -56.5 -56.5 -56.5 -56.0 -56.5 -56.0 -56.5 -56.0 -56.0 -55.5 -56.0 -55.5 -55.5 -56.0 -55.5 -55.5 -53.5 -51.5 -51.0 -52.5 -53.5 -52.5 -52.5 -53.5 -53.5 -53.5 -53.5 -53.5 -53.5 -52.5 -52.5 -52.0 -51.5 -50.5 -50.5 -52.0 -53.0 -54.5 -54.5 -54.5 -54.5 -55.5 -56.0 -55.5 -56.0 
5.884350302329319 5.872078456026235 5.859806609723149 5.829126993965437 5.890486225480862 5.853670686571607 5.853670686571607 5.841398840268521 5.859806609723149 5.822991070813893 5.878214379177777 5.853670686571607 5.902758071783947 5.859806609723149 5.8659425328746915 5.896622148632405 5.853670686571607 5.841398840268521 5.982525072754001 6.019340611663256 5.921165841238575 5.8475347634200645 5.638913376267617 5.583690067903734 5.553010452146021 5.534602682691394 5.264622064023521 5.178719139901925 5.356660911296659 5.338253141842031 5.295301679781233 5.2768939103266055 5.546874528994478 5.688000761479957 5.651185222570702 5.663457068873787 5.816855147662351 5.939573610693203 6.043884304269426 5.822991070813893 5.970253226450915 5.921165841238575 5.896622148632405 5.9088939949354895 5.872078456026235 5.835262917116979 5.915029918087033 5.767767762450011 
-57.5 -58.0 -57.5 -57.5 -57.5 -57.5 -57.5 -57.5 -57.5 -57.5 -57.5 -57.5 -57.5 -58.0 -57.5 -57.5 -57.5 -57.0 -56.0 -56.0 -55.5 -54.5 -55.0 -55.5 -55.0 -55.0 -55.5 -56.5 -57.5 -57.5 -57.5 -56.5 -55.5 -55.0 -56.0 -55.0 -54.5 -54.5 -55.5 -56.0 -56.5 -57.0 -57.5 -57.0 -57.0 -57.5 -57.5 -57.5 
5.9088939949354895 5.878214379177777 5.595961914206819 2.3746022596469727 2.3071071049800045 2.1598449493429825 2.0493983326152168 1.8653206380689396 1.902136176978195 1.9144080232812801 1.9573594853420782 5.638913376267617 5.688000761479957 5.424156065963627 5.595961914206819 5.675728915176872 5.626641529964532 5.516194913236766 5.559146375297564 5.565282298449106 5.724816300389213 5.6143696836614465 5.595961914206819 5.632777453116074 5.749359992995383 5.436427912266712 5.4671075280244255 5.6573211457222445 5.681864838328415 5.485515297479052 5.473243451175968 5.780039608753096 2.184388641949153 5.8045833013592665 5.8045833013592665 2.6261751088602177 
-75.5 -75.5 -76.0 -76.5 -76.0 -76.5 -75.5 -75.0 -74.5 -75.0 -75.0 -61.0 -59.0 -60.5 -64.5 -62.5 -62.0 -62.0 -63.0 -63.5 -63.5 -63.5 -63.0 -62.0 -64.5 -63.0 -60.0 -60.5 -61.5 -61.0 -62.5 -68.5 -73.5 -71.5 -73.0 -73.0 
