3.356349963893783 3.153864499892878 3.067961575771282 3.0925052683774528 3.104777114680538 3.3440781175906977 3.2581751934691017 3.2765829629237295 3.172272269347506 3.215223731408304 3.0925052683774528 3.2090878082567613 3.3072625786814425 3.3011266555298997 3.2213596545598464 3.2888548092268146 3.227495577711389 3.2090878082567613 3.4177091954092087 4.061981126321178 3.6692820446224537 3.6447383520162835 0.5522330836388308 3.5588354278946874 3.865631585471816 3.988350048502667 3.767456815047135 3.6447383520162835 0.4295146206079795 3.479068426924634 3.454524734318464 3.5772431973493153 3.6876898140770815 3.5895150436524004 3.718369429834794 3.877903431774901 3.11091303783208 3.3624858870453256 3.3870295796514958 3.454524734318464 3.5036121195308043 2.791845033951867 2.9022916506796332 
-63.0 -63.0 -63.0 -63.0 -63.0 -63.0 -63.0 -63.0 -63.5 -63.0 -63.0 -63.0 -63.0 -64.0 -62.5 -62.5 -63.0 -63.5 -64.0 -66.0 -65.0 -64.5 -68.0 -66.0 -67.5 -68.0 -67.5 -69.0 -69.5 -68.5 -67.5 -69.0 -66.5 -67.0 -67.5 -67.0 -63.5 -62.5 -63.5 -62.0 -64.5 -65.0 -64.0 
2.1966604882522383 2.1537090261914402 2.12916533358527 2.1598449493429825 2.1353012567368124 2.1905245651006955 2.061670178918302 2.116893487282185 2.012582793705961 2.172116795646068 2.1905245651006955 5.3198453723874035 2.067806102069844 2.141437179888355 2.1782527187976104 2.1230294104337273 2.073942025221387 2.110757564130642 2.1598449493429825 2.1782527187976104 2.5770877236478773 2.399145952253143 3.0372819600135696 3.055689729468197 2.6568547246179306 2.399145952253143 2.399145952253143 2.3930100291016 2.478912953223196 2.4850488763747385 2.693670263527186 3.08636934522591 3.5281558121369745 3.6447383520162835 3.2827188860752723 5.9518454569962875 2.521864415283994 2.2334760271614935 2.1046216409791 2.2641556429192065 2.141437179888355 2.1659808724945253 1.846912868614312 2.086213871524472 
-63.0 -64.0 -64.0 -64.0 -63.0 -64.0 -65.0 -63.5 -64.0 -64.0 -62.5 -64.0 -64.0 -63.5 -63.5 -64.0 -63.5 -62.5 -63.5 -62.5 -63.0 -63.5 -64.5 -64.5 -63.5 -64.5 -63.5 -63.5 -63.5 -64.0 -65.0 -64.5 -64.5 -67.0 -67.0 -68.5 -66.5 -66.0 -65.0 -63.5 -63.5 -64.5 -64.5 -64.5 
1.0062913968529805 1.000155473701438 0.9387962421860124 0.9878836273983529 1.000155473701438 0.9817477042468103 1.030835089459151 1.000155473701438 0.9940195505498954 1.0185632431560658 1.030835089459151 1.0369710126106935 1.0492428589137786 1.0492428589137786 1.0799224746714913 1.0921943209745766 1.1044661672776617 1.0799224746714913 1.0615147052168636 1.1167380135807468 1.1658253987930873 1.0615147052168636 1.2762720155208536 1.4419419406125027 1.2455923997631406 1.0246991663076084 1.0615147052168636 1.0737865515199487 1.0676506283684062 1.1044661672776617 1.0676506283684062 1.030835089459151 1.0062913968529805 1.0615147052168636 1.1044661672776617 1.1903690913992575 1.380582709097077 1.3008157081270237 1.0492428589137786 1.0799224746714913 1.043106935762236 0.8651651643675016 0.7731263170943632 0.7792622402459057 0.7731263170943632 0.7915340865489908 
-48.5 -48.5 -49.0 -48.5 -48.5 -48.5 -48.5 -48.5 -48.5 -48.5 -48.5 -48.5 -48.5 -48.5 -48.5 -48.5 -48.5 -48.5 -48.5 -49.5 -51.5 -52.5 -54.0 -53.0 -51.5 -51.5 -52.5 -52.5 -53.0 -53.5 -53.0 -53.0 -52.5 -52.0 -52.0 -51.0 -52.5 -53.0 -51.5 -50.5 -50.5 -50.0 -50.0 -50.0 -50.0 -50.0 
1.0246991663076084 1.0492428589137786 1.012427320004523 1.0492428589137786 1.0185632431560658 1.0492428589137786 1.0737865515199487 1.0369710126106935 1.030835089459151 1.030835089459151 1.030835089459151 1.086058397823034 1.0246991663076084 1.0369710126106935 1.0799224746714913 1.0246991663076084 1.0676506283684062 1.0676506283684062 1.0799224746714913 1.1290098598838318 1.2455923997631406 1.423534171157875 1.6873788666742053 1.6137477888556946 1.3928545554001621 1.3560390164909069 1.423534171157875 1.4787574795217582 1.4419419406125027 1.4542137869155878 1.4910293258248433 1.4664856332186729 1.4051264017032472 1.3989904785517047 1.380582709097077 1.3192234775816514 1.4971652489763858 1.6260196351587797 1.6137477888556946 1.3621749396424494 1.184233168247715 0.9817477042468103 0.9510680884890975 0.9019807032767571 0.8897088569736719 0.8958447801252144 
-51.0 -51.5 -51.0 -51.5 -51.5 -51.5 -51.0 -51.0 -51.0 -51.0 -51.0 -51.0 -51.0 -51.0 -51.0 -51.0 -51.0 -51.0 -51.0 -51.5 -52.0 -53.0 -52.0 -51.0 -50.0 -51.0 -51.5 -50.5 -51.0 -51.0 -50.5 -51.0 -50.5 -51.0 -50.5 -50.0 -50.0 -51.0 -52.5 -52.5 -52.0 -52.5 -52.0 -52.5 -52.5 -53.0 
1.3008157081270237 1.2701360923693108 1.2455923997631406 1.2640001692177683 1.3069516312785663 1.3314953238847365 1.2885438618239387 1.3192234775816514 1.3499030933393643 1.325359400733194 1.3008157081270237 1.3130875544301088 1.3008157081270237 1.3499030933393643 1.3560390164909069 1.3621749396424494 1.3008157081270237 1.368310862793992 1.4603497100671303 1.5401167110371838 1.9941750242513334 2.0923497946760143 2.061670178918302 1.7794177139473437 1.7241944055834606 1.7119225592803755 1.736466251886546 1.761009944492716 1.748738098189631 1.7426021750380885 1.748738098189631 1.7303303287350031 1.8039614065535141 1.7241944055834606 1.6812429435226628 1.6505633277649499 1.7241944055834606 1.9389517158874505 2.043262409463674 1.9819031779482483 1.8346410223112268 1.4480778637640452 1.227184630308513 1.1106020904292042 1.086058397823034 1.0737865515199487 
-55.0 -55.5 -56.0 -55.5 -55.5 -55.5 -55.5 -55.5 -55.5 -56.0 -55.5 -55.5 -55.5 -55.5 -56.0 -55.5 -55.5 -56.0 -56.0 -57.5 -56.5 -55.5 -51.0 -50.0 -52.0 -52.0 -52.0 -52.5 -53.0 -53.5 -53.5 -52.5 -52.0 -53.0 -53.0 -51.5 -51.0 -50.0 -53.0 -54.5 -55.5 -57.0 -57.0 -57.0 -56.5 -56.5 
1.4664856332186729 1.5707963267948966 1.5462526341887264 1.5462526341887264 1.5707963267948966 1.5830681730979816 1.5585244804918115 1.576932249946439 1.552388557340269 1.5401167110371838 1.5585244804918115 1.509437095279471 1.576932249946439 1.5892040962495242 1.576932249946439 1.5953400194010667 1.5892040962495242 1.576932249946439 1.5278448647340985 1.607611865704152 1.9144080232812801 2.2334760271614935 2.067806102069844 1.8530487917658545 2.0064468705544187 2.1046216409791 1.9573594853420782 1.9757672547967058 2.061670178918302 2.1230294104337273 2.110757564130642 2.043262409463674 2.030990563160589 2.024854640009046 2.1353012567368124 2.0493983326152168 1.9941750242513334 1.932815792735908 2.1475731030398975 2.116893487282185 1.8837284075235674 1.4542137869155878 1.4910293258248433 1.4603497100671303 1.3621749396424494 1.368310862793992 
-55.5 -55.5 -55.5 -55.5 -56.0 -54.5 -55.5 -55.0 -55.0 -55.0 -54.5 -54.5 -54.0 -54.0 -54.5 -54.0 -54.5 -54.5 -55.5 -56.0 -56.0 -54.5 -52.5 -54.0 -54.5 -54.5 -54.5 -56.0 -56.0 -55.0 -55.5 -55.5 -56.0 -55.5 -55.5 -55.5 -54.5 -54.5 -53.0 -53.5 -55.0 -57.0 -56.0 -55.0 -55.5 -55.5 
5.246214294568893 5.2768939103266055 5.313709449235861 5.270757987175063 5.399612373357457 5.307573526084319 5.264622064023521 5.246214294568893 5.295301679781233 5.2768939103266055 5.301437602932776 5.2768939103266055 5.283029833478148 5.264622064023521 5.295301679781233 5.338253141842031 5.313709449235861 5.301437602932776 5.485515297479052 5.749359992995383 5.712544454086128 5.988660995905543 5.780039608753096 5.325981295538946 5.638913376267617 5.6143696836614465 5.589825991055276 5.387340527054372 5.534602682691394 5.71868037723767 5.4671075280244255 5.332117218690489 5.227806525114265 5.436427912266712 5.485515297479052 5.546874528994478 5.448699758569798 5.338253141842031 5.8659425328746915 5.798447378207723 5.620505606812989 5.559146375297564 5.2339424482658075 5.043728830567988 5.3627968344482015 5.21553467881118 
-61.0 -60.5 -61.0 -61.0 -60.5 -61.0 -60.5 -60.5 -61.0 -61.5 -61.0 -60.5 -60.5 -60.0 -60.5 -60.5 -61.0 -60.5 -61.0 -60.5 -61.0 -59.5 -54.0 -57.5 -58.5 -57.5 -57.5 -58.0 -60.5 -60.0 -60.0 -60.0 -58.5 -58.5 -58.0 -57.5 -58.5 -57.0 -57.0 -60.5 -61.5 -61.5 -61.5 -62.0 -62.5 -62.0 
4.626486056263094 4.669437518323892 4.6448938257177215 4.473087977474529 4.7860200582032 5.0253210611133605 4.871922982324796 4.816699673960914 4.724660826687775 4.6878452877785195 4.601942363656923 4.749204519293945 4.706253057233147 4.724660826687775 4.6878452877785195 4.718524903536232 4.706253057233147 4.822835597112456 4.743068596142402 5.651185222570702 6.007068765360171 5.47937937432751 5.829126993965437 5.681864838328415 5.534602682691394 5.651185222570702 5.700272607783043 5.632777453116074 5.6573211457222445 5.651185222570702 5.816855147662351 5.651185222570702 5.8475347634200645 5.2768939103266055 5.2339424482658075 5.859806609723149 5.675728915176872 5.332117218690489 1.3621749396424494 1.380582709097077 4.313553975534423 4.485359823777615 
-63.5 -65.5 -65.0 -65.5 -64.5 -64.5 -64.0 -64.0 -63.5 -63.5 -63.0 -63.0 -63.0 -63.0 -63.5 -63.0 -63.5 -65.0 -66.0 -65.5 -62.0 -69.0 -66.0 -66.0 -65.0 -65.5 -65.5 -66.0 -66.0 -65.5 -65.5 -65.0 -66.5 -65.5 -62.0 -62.0 -63.5 -65.5 -71.5 -69.0 -67.0 -67.5 
