3.6386024288647407 3.32567034813607 3.5036121195308043 3.5281558121369745 0.4908738521234052 3.5711072741977725 3.5036121195308043 0.5031456984264903 0.5031456984264903 3.436116964863836 3.6754179677739964 3.706097583531709 4.111068511533518 4.319689898685965 4.338097668140593 4.417864669110647 3.9085830475326135 3.160000423044421 5.859806609723149 0.8467573949128739 6.264777537724958 3.2029518851052186 4.196971435655114 6.000932842208628 
-66.5 -65.0 -65.0 -64.5 -66.0 -65.5 -65.5 -66.5 -67.0 -64.5 -67.0 -64.0 -66.0 -67.5 -66.5 -64.0 -64.0 -66.5 -74.0 -76.0 -75.5 -67.5 -66.0 -72.5 
5.553010452146021 5.651185222570702 5.6143696836614465 5.399612373357457 5.154175447295755 5.160311370447297 5.522330836388308 2.9022916506796332 2.018718716857504 2.110757564130642 2.350058567040802 2.411417798556228 2.3746022596469727 2.1230294104337273 2.227340104009951 2.423689644859313 2.356194490192345 1.7916895602504288 1.6751070203711202 1.6198837120072371 1.736466251886546 1.521708941582556 1.8285050991596843 1.9205439464328227 2.0064468705544187 2.0493983326152168 1.8162332528565992 
-70.0 -70.5 -71.0 -71.0 -70.0 -69.5 -73.5 -63.0 -63.0 -62.0 -61.0 -59.5 -61.5 -61.0 -61.5 -63.0 -63.0 -61.0 -60.0 -61.0 -61.5 -60.0 -60.0 -60.5 -61.0 -60.0 -60.5 
1.1044661672776617 1.043106935762236 1.0492428589137786 1.055378782065321 0.9081166264282996 1.1351457830353744 1.0615147052168636 1.0615147052168636 1.0185632431560658 1.0615147052168636 1.0246991663076084 1.0921943209745766 1.0062913968529805 1.1351457830353744 1.1167380135807468 1.030835089459151 1.000155473701438 1.0983302441261191 1.0737865515199487 1.030835089459151 1.033903051034922 1.1290098598838318 1.368310862793992 1.2946797849754812 1.2333205534600555 1.3008157081270237 1.282407938672396 1.239456476611598 1.3069516312785663 1.1903690913992575 1.2517283229146832 1.521708941582556 1.380582709097077 1.533980787885641 1.5033011721279284 1.423534171157875 1.5155730184310134 1.2946797849754812 1.2210487071569704 1.2455923997631406 1.3192234775816514 1.3437671701878218 1.3928545554001621 1.4726215563702154 
-50.5 -50.5 -50.5 -50.5 -50.5 -50.5 -50.5 -50.5 -50.5 -50.5 -50.0 -50.5 -50.5 -50.5 -50.5 -50.5 -50.5 -50.5 -50.5 -49.5 -50.5 -51.5 -51.5 -50.0 -50.5 -51.5 -52.5 -54.5 -55.0 -54.5 -53.5 -53.5 -52.5 -52.0 -51.5 -52.0 -52.5 -51.5 -51.5 -52.0 -52.5 -53.0 -53.5 -53.5 
1.055378782065321 1.055378782065321 0.9940195505498954 0.9817477042468103 1.0492428589137786 1.030835089459151 1.1044661672776617 1.1044661672776617 1.0737865515199487 1.012427320004523 0.9940195505498954 0.9694758579437253 0.9878836273983529 1.0246991663076084 1.012427320004523 1.0615147052168636 1.000155473701438 1.141281706186917 1.000155473701438 0.8897088569736719 0.923456434307156 1.0799224746714913 1.227184630308513 1.1719613219446299 1.3192234775816514 1.6321555583103222 1.4787574795217582 1.5401167110371838 1.6014759425526093 1.5707963267948966 1.6198837120072371 1.705786636128833 1.552388557340269 1.4296700943094176 1.4419419406125027 1.3314953238847365 1.184233168247715 0.9878836273983529 0.9510680884890975 0.9817477042468103 1.043106935762236 1.086058397823034 1.0921943209745766 1.141281706186917 
-50.5 -50.5 -50.5 -50.5 -51.0 -50.5 -51.0 -50.5 -50.5 -50.5 -51.0 -50.5 -50.5 -51.0 -51.0 -51.0 -51.0 -51.0 -51.5 -52.5 -53.5 -50.5 -49.5 -49.0 -51.5 -51.0 -51.5 -52.0 -52.5 -52.0 -52.5 -52.0 -51.5 -51.5 -51.0 -52.0 -52.5 -53.0 -53.0 -52.5 -52.0 -52.0 -51.5 -52.0 
1.3069516312785663 1.3008157081270237 1.227184630308513 1.214912784005428 1.2210487071569704 1.2762720155208536 1.214912784005428 1.2210487071569704 1.3069516312785663 1.2087768608538851 1.184233168247715 1.214912784005428 1.2026409377023426 1.2578642460662257 1.2333205534600555 1.184233168247715 1.184233168247715 1.1351457830353744 1.1535535524900022 1.0737865515199487 1.1013982057018903 1.6382914814618648 1.5953400194010667 1.4542137869155878 1.8530487917658545 1.9819031779482483 2.1353012567368124 2.1598449493429825 2.1782527187976104 2.1598449493429825 2.2396119503130363 2.172116795646068 2.0371264863121317 2.000310947402876 2.043262409463674 2.018718716857504 1.7548740213411735 1.4848934026733007 1.552388557340269 1.6566992509164924 1.6689710972195777 1.6505633277649499 1.736466251886546 1.8223691760081417 
-51.0 -50.5 -51.0 -51.0 -51.0 -51.0 -51.0 -51.0 -50.5 -50.5 -50.0 -50.5 -50.5 -50.5 -50.5 -50.5 -50.5 -50.5 -51.0 -51.5 -53.5 -49.5 -48.0 -49.5 -49.0 -50.5 -50.5 -51.0 -51.0 -51.5 -52.0 -52.0 -50.5 -49.0 -49.0 -51.0 -52.0 -51.5 -50.5 -50.0 -49.0 -49.5 -49.5 -49.0 
1.5892040962495242 1.6014759425526093 1.5401167110371838 1.5462526341887264 1.6444274046134073 1.5585244804918115 1.5278448647340985 1.5462526341887264 1.5462526341887264 1.5585244804918115 1.5585244804918115 1.5155730184310134 1.4971652489763858 1.5401167110371838 1.5462526341887264 1.3744467859455345 1.533980787885641 1.4971652489763858 1.5462526341887264 1.4726215563702154 1.5462526341887264 1.7916895602504288 1.564660403643354 2.018718716857504 2.030990563160589 2.1537090261914402 2.2518837966161214 2.356194490192345 2.3623304133438876 2.405281875404685 2.356194490192345 2.386874105950058 2.313243028131547 2.1230294104337273 1.9819031779482483 2.030990563160589 1.88986433067511 1.736466251886546 1.8407769454627694 1.8407769454627694 1.88986433067511 1.88986433067511 1.8530487917658545 1.88986433067511 
-52.0 -52.5 -52.5 -52.5 -53.0 -52.5 -52.5 -52.5 -52.5 -52.5 -52.5 -52.5 -53.0 -53.0 -53.0 -53.0 -53.0 -52.5 -53.0 -54.0 -55.0 -52.0 -53.5 -54.0 -52.5 -52.5 -53.5 -53.0 -52.5 -53.5 -54.0 -53.0 -54.0 -53.5 -53.0 -53.0 -54.0 -54.5 -53.5 -52.0 -51.5 -51.5 -51.0 -51.0 
5.190990986205009 4.595806440505381 4.743068596142402 4.595806440505381 4.663301595172349 4.301282129231338 4.454680208019902 4.387185053352934 4.28287435977671 4.534447208989955 4.608078286808466 4.718524903536232 4.589670517353839 4.871922982324796 4.638757902566179 4.356505437595221 0.3129320807286708 5.577554144752192 5.491651220630596 5.411884219660542 5.700272607783043 5.589825991055276 5.945709533844745 6.007068765360171 5.93343768754166 5.927301764390117 6.050020227420969 6.013204688511713 5.755495916146925 5.792311455056181 5.688000761479957 6.2034183062095325 6.234097921967246 5.8475347634200645 0.521553467881118 3.834951969714103 4.344233591292136 4.221515128261284 4.325825821837508 4.289010282928253 4.3933209765044765 
-65.5 -63.0 -65.5 -63.0 -65.0 -64.5 -64.5 -65.0 -65.0 -64.0 -63.5 -64.5 -62.5 -64.0 -64.0 -65.5 -67.0 -67.0 -64.5 -58.5 -64.5 -60.0 -60.0 -60.0 -60.5 -61.0 -59.5 -60.0 -61.0 -59.0 -59.0 -57.0 -62.0 -70.0 -69.5 -67.0 -65.5 -65.5 -63.0 -63.5 -63.5 
5.3198453723874035 5.197126909356553 5.436427912266712 5.442563835418255 5.356660911296659 5.399612373357457 5.368932757599744 5.3198453723874035 5.375068680751287 5.148039524144211 4.9823695990525625 5.313709449235861 5.387340527054372 5.325981295538946 5.301437602932776 5.3627968344482015 5.240078371417351 5.338253141842031 5.221670601962723 5.3627968344482015 5.780039608753096 5.737088146692298 5.252350217720435 6.277049384028044 5.8659425328746915 6.154330920997192 0.02454369260617026 6.031612457966341 5.945709533844745 6.1850105367549055 0.1349903093339364 5.902758071783947 6.160466844148735 5.442563835418255 5.755495916146925 6.037748381117884 2.313243028131547 5.436427912266712 5.3198453723874035 5.473243451175968 5.405748296509 5.460971604872882 
-62.0 -62.0 -61.5 -60.0 -61.5 -60.0 -62.0 -61.0 -61.0 -62.0 -61.5 -61.5 -62.5 -61.0 -61.5 -61.5 -62.5 -61.0 -61.0 -62.0 -63.5 -57.0 -59.0 -63.5 -60.0 -62.5 -61.0 -59.0 -60.5 -62.0 -63.5 -63.0 -63.0 -64.5 -59.0 -58.5 -64.0 -61.5 -60.0 -60.5 -59.5 -58.5 
