0.8406214717613314 3.9699422790480394 0.8897088569736719 4.01902966426038 0.8528933180644165 0.7731263170943632 0.7853981633974483 0.7792622402459057 0.8528933180644165 0.7792622402459057 0.760854470791278 0.8467573949128739 1.0492428589137786 4.252194744018997 1.4603497100671303 4.528311285838413 1.4051264017032472 0.8344855486097889 3.5711072741977725 2.761165418194154 6.031612457966341 5.915029918087033 3.1354567304382504 3.5588354278946874 3.6140587362585705 4.331961744989051 5.098952138931871 1.509437095279471 0.9387962421860124 0.760854470791278 
-69.0 -67.0 -69.0 -67.5 -68.5 -69.0 -69.0 -69.0 -68.5 -69.5 -68.5 -68.0 -67.0 -67.0 -67.0 -68.5 -68.0 -68.0 -66.0 -67.5 -75.0 -71.5 -67.5 -69.0 -65.5 -64.0 -68.0 -73.0 -71.0 -69.0 
2.0923497946760143 2.521864415283994 5.47937937432751 5.485515297479052 2.2457478734645786 2.5402721847386216 5.681864838328415 5.626641529964532 5.589825991055276 5.786175531904639 5.632777453116074 5.626641529964532 2.779573187648782 3.11091303783208 0.4970097752749477 2.6384469551633027 2.1230294104337273 2.2089323345553233 2.2089323345553233 2.110757564130642 2.3193789512830896 2.5893595699509624 2.1537090261914402 1.8346410223112268 1.5155730184310134 1.5892040962495242 1.6260196351587797 1.6751070203711202 1.7241944055834606 1.7548740213411735 1.9757672547967058 2.1475731030398975 1.902136176978195 1.9512235621905356 2.043262409463674 2.043262409463674 
-67.5 -68.0 -67.0 -68.0 -63.0 -67.0 -68.0 -68.0 -69.0 -68.0 -69.0 -68.5 -65.0 -61.0 -65.0 -62.5 -63.0 -62.0 -61.5 -61.5 -63.5 -66.0 -63.5 -60.5 -59.5 -61.0 -63.0 -61.5 -62.5 -62.5 -62.5 -63.0 -63.5 -63.0 -64.0 -63.0 
1.2640001692177683 1.2517283229146832 1.2026409377023426 1.1903690913992575 1.1719613219446299 1.1719613219446299 1.2026409377023426 1.2087768608538851 1.1965050145508 1.141281706186917 1.0799224746714913 1.1290098598838318 1.1167380135807468 1.1228739367322893 1.086058397823034 1.086058397823034 1.086058397823034 1.1167380135807468 1.043106935762236 1.0615147052168636 1.012427320004523 1.2517283229146832 1.4480778637640452 1.325359400733194 1.2333205534600555 1.3130875544301088 1.2026409377023426 1.1780972450961724 1.1106020904292042 1.1596894756415448 1.3621749396424494 1.4910293258248433 1.5462526341887264 1.4173982480063325 1.3130875544301088 1.3867186322486196 1.3867186322486196 1.325359400733194 1.2762720155208536 1.337631247036279 1.3560390164909069 1.2578642460662257 1.3437671701878218 1.2517283229146832 1.184233168247715 1.2640001692177683 
-50.5 -50.5 -50.5 -50.5 -50.5 -50.5 -50.5 -50.5 -50.5 -50.5 -50.5 -50.5 -50.5 -50.0 -50.5 -50.0 -50.0 -50.5 -51.0 -50.5 -52.5 -52.0 -51.0 -50.0 -51.5 -52.5 -53.0 -54.0 -54.5 -54.0 -53.5 -52.5 -52.5 -52.0 -51.5 -51.0 -49.5 -49.0 -50.0 -50.5 -50.5 -50.5 -50.5 -50.0 -50.5 -50.0 
1.1535535524900022 1.1228739367322893 1.1474176293384597 1.0921943209745766 1.1290098598838318 1.086058397823034 1.030835089459151 1.0737865515199487 1.055378782065321 0.9081166264282996 1.0676506283684062 1.0492428589137786 1.086058397823034 1.0246991663076084 1.000155473701438 1.0246991663076084 1.012427320004523 1.0185632431560658 0.8344855486097889 0.7547185476397354 0.9817477042468103 1.086058397823034 1.3130875544301088 1.2701360923693108 1.509437095279471 1.6198837120072371 1.6137477888556946 1.607611865704152 1.6137477888556946 1.6137477888556946 1.576932249946439 1.5707963267948966 1.41126232485479 1.3867186322486196 1.1780972450961724 1.1535535524900022 1.0492428589137786 1.0246991663076084 1.0921943209745766 1.1719613219446299 1.1658253987930873 1.1474176293384597 1.1535535524900022 1.1167380135807468 1.1167380135807468 1.1167380135807468 
-50.0 -49.5 -49.5 -49.5 -50.0 -50.0 -50.0 -50.0 -50.0 -50.0 -50.0 -50.0 -50.0 -50.0 -50.0 -50.5 -50.0 -50.5 -52.5 -52.5 -51.0 -50.0 -49.5 -50.0 -51.5 -51.5 -52.0 -52.5 -52.5 -52.0 -52.5 -51.5 -51.5 -50.5 -50.0 -51.0 -51.5 -51.5 -51.0 -51.0 -51.0 -51.0 -51.0 -50.5 -50.5 -51.0 
1.380582709097077 1.4051264017032472 1.2087768608538851 1.3008157081270237 1.337631247036279 1.2946797849754812 1.2640001692177683 1.2640001692177683 1.2946797849754812 1.2333205534600555 1.214912784005428 1.1596894756415448 1.214912784005428 1.1596894756415448 1.1474176293384597 1.141281706186917 1.0983302441261191 1.0799224746714913 1.009359358428752 1.000155473701438 1.6935147898257479 1.6137477888556946 1.4664856332186729 1.6137477888556946 1.7855536370988863 1.9205439464328227 2.110757564130642 2.2027964114037806 2.2396119503130363 2.325514874434632 2.024854640009046 1.9880391010997909 1.7978254834019713 1.8653206380689396 1.846912868614312 1.8714565612204823 1.5033011721279284 1.4296700943094176 1.4480778637640452 1.3621749396424494 1.4787574795217582 1.4358060174609601 1.368310862793992 1.423534171157875 1.4480778637640452 1.3867186322486196 
-50.0 -50.5 -50.5 -50.0 -50.5 -50.0 -50.5 -50.0 -50.0 -50.0 -50.0 -50.5 -50.0 -50.5 -50.5 -50.0 -50.5 -51.0 -52.5 -53.0 -51.5 -49.5 -48.0 -50.5 -49.5 -51.0 -51.0 -51.5 -52.0 -52.5 -52.0 -50.0 -48.0 -49.5 -50.5 -51.0 -52.0 -51.0 -50.0 -50.0 -50.0 -49.5 -49.5 -50.0 -50.0 -50.0 
1.6321555583103222 1.6812429435226628 1.718058482431918 1.6382914814618648 1.6137477888556946 1.5892040962495242 1.5585244804918115 1.552388557340269 1.5401167110371838 1.5401167110371838 1.5707963267948966 1.4971652489763858 1.4664856332186729 1.521708941582556 1.4603497100671303 1.3928545554001621 1.4051264017032472 1.4296700943094176 1.389786593824391 1.4173982480063325 1.7548740213411735 1.9082721001297376 1.8407769454627694 1.859184714917397 2.184388641949153 2.2027964114037806 2.227340104009951 2.380738182798515 2.423689644859313 2.325514874434632 2.4175537217077703 2.2764274892222915 2.061670178918302 2.043262409463674 1.9757672547967058 1.8714565612204823 1.6873788666742053 1.6873788666742053 1.6505633277649499 1.718058482431918 1.6812429435226628 1.533980787885641 1.6444274046134073 1.7303303287350031 1.6812429435226628 1.6382914814618648 
-51.0 -50.5 -51.0 -51.0 -51.5 -51.5 -51.0 -51.5 -51.0 -51.5 -52.0 -51.5 -51.5 -51.5 -51.5 -52.0 -52.0 -52.5 -54.0 -53.5 -52.5 -51.5 -53.0 -52.5 -53.0 -51.5 -54.0 -54.5 -55.0 -55.0 -53.0 -54.5 -51.5 -52.0 -53.0 -53.0 -53.5 -52.5 -52.0 -51.5 -51.0 -51.5 -52.0 -51.5 -51.5 -51.5 
4.387185053352934 4.552854978444583 4.749204519293945 4.577398671050753 4.491495746929157 4.325825821837508 4.540583132141498 4.522175362686871 4.9823695990525625 4.466952054322987 4.221515128261284 4.239922897715912 4.3933209765044765 4.957825906446392 0.26691265709210155 5.755495916146925 5.289165756629691 5.626641529964532 5.589825991055276 5.8475347634200645 5.915029918087033 6.037748381117884 6.12365130523948 6.019340611663256 5.8475347634200645 5.6941366846315 5.491651220630596 6.080699843178682 5.9518454569962875 5.681864838328415 4.147884050442774 3.877903431774901 4.405592822807561 4.516039439535327 4.479223900626073 4.460816131171445 4.104932588381976 4.424000592262189 4.031301510563465 
-64.0 -63.5 -63.5 -63.0 -62.5 -63.5 -63.5 -62.0 -63.5 -63.5 -62.5 -63.5 -63.5 -63.5 -66.5 -60.5 -59.5 -61.5 -61.5 -61.0 -59.5 -61.5 -60.5 -60.0 -61.5 -60.0 -58.5 -56.0 -61.5 -63.0 -71.5 -66.5 -66.5 -64.5 -63.5 -63.0 -64.0 -65.5 -65.5 
5.301437602932776 5.332117218690489 5.2768939103266055 5.1725832167503825 5.209398755659637 5.1725832167503825 5.074408446325701 5.086680292628786 5.184855063053467 5.246214294568893 5.190990986205009 5.197126909356553 5.00077736850719 5.197126909356553 4.988505522204105 4.902602598082509 5.092816215780329 5.092816215780329 5.304505564508547 2.5954954931025047 5.6941366846315 5.516194913236766 5.252350217720435 0.2699806186678728 5.970253226450915 5.822991070813893 0.19634954084936207 0.18407769454627693 0.07363107781851078 0.17794177139473438 6.000932842208628 0.018407769454627694 5.2768939103266055 5.6573211457222445 5.915029918087033 5.964117303299373 5.356660911296659 5.098952138931871 5.252350217720435 5.344389064993574 5.00077736850719 5.227806525114265 5.178719139901925 5.148039524144211 5.00077736850719 5.252350217720435 
-59.5 -59.0 -58.5 -59.0 -59.0 -59.5 -58.5 -59.5 -59.5 -59.0 -59.0 -59.0 -59.5 -59.0 -59.5 -60.5 -59.5 -61.0 -63.0 -62.0 -59.0 -57.5 -63.0 -63.5 -59.5 -62.0 -62.5 -62.5 -63.0 -64.5 -62.0 -61.0 -61.5 -58.5 -59.0 -61.0 -65.0 -64.0 -62.0 -60.5 -60.0 -60.0 -60.0 -59.5 -60.0 -59.0 
