3.6876898140770815 3.3870295796514958 3.56497135104623 3.522019888985432 3.522019888985432 3.454524734318464 3.6386024288647407 0.5338253141842031 0.6872233929727672 0.6504078540635119 0.6320000846088841 0.5951845456996288 3.5833791205008576 3.9638063558964967 4.589670517353839 4.7307967498393175 1.2333205534600555 3.472932503773092 6.092971689481767 3.356349963893783 3.5772431973493153 3.5833791205008576 4.473087977474529 4.957825906446392 5.939573610693203 5.283029833478148 
-67.0 -66.5 -65.0 -64.5 -66.0 -62.0 -67.5 -67.0 -68.0 -68.0 -68.0 -68.0 -66.0 -63.5 -64.5 -66.0 -66.0 -67.0 -70.5 -66.0 -67.5 -66.5 -66.0 -66.5 -64.0 -69.0 
2.6139032625571326 6.14819499784565 6.1420590746941075 5.8475347634200645 5.822991070813893 2.9759227284981438 3.0802334220743677 3.749049045592507 3.3502140407422405 2.2641556429192065 2.2212041808584084 2.405281875404685 2.3623304133438876 2.350058567040802 2.350058567040802 2.521864415283994 2.36846633649543 1.7241944055834606 1.5707963267948966 1.8653206380689396 5.040660868992217 1.8837284075235674 1.846912868614312 2.386874105950058 2.000310947402876 1.9573594853420782 5.037592907416445 
-69.5 -70.0 -71.0 -72.5 -74.0 -66.5 -62.0 -65.5 -65.0 -61.0 -62.5 -61.0 -59.0 -59.5 -61.5 -65.5 -64.5 -61.0 -60.0 -62.0 -64.0 -64.0 -63.5 -62.5 -63.5 -62.5 -63.5 
1.0246991663076084 1.0246991663076084 1.0246991663076084 1.012427320004523 0.9940195505498954 0.9572040116406401 0.9756117810952678 0.9633399347921826 0.9081166264282996 0.9633399347921826 0.8897088569736719 0.8774370106705868 0.9142525495798421 0.9510680884890975 0.9081166264282996 0.9387962421860124 0.9694758579437253 0.9694758579437253 1.000155473701438 0.9940195505498954 0.9940195505498954 0.9940195505498954 1.3069516312785663 1.2732040539450822 1.1780972450961724 1.325359400733194 1.3130875544301088 1.2946797849754812 1.2578642460662257 1.3008157081270237 1.4542137869155878 1.4603497100671303 1.3130875544301088 1.4296700943094176 1.2640001692177683 1.4603497100671303 4.525243324262641 1.325359400733194 1.2762720155208536 1.2517283229146832 1.3437671701878218 1.282407938672396 1.3069516312785663 1.3867186322486196 
-50.0 -50.0 -50.0 -50.0 -50.0 -50.0 -50.0 -50.0 -50.0 -50.5 -50.5 -50.0 -50.5 -50.5 -50.5 -50.5 -50.5 -50.0 -50.5 -50.5 -50.5 -52.0 -52.5 -50.0 -50.0 -51.0 -52.5 -54.0 -54.5 -55.0 -53.0 -51.5 -51.0 -50.5 -51.0 -50.5 -50.0 -49.5 -49.5 -49.5 -50.0 -51.0 -50.5 -51.0 
1.0185632431560658 1.030835089459151 0.9633399347921826 1.0062913968529805 0.859029241215959 0.9878836273983529 0.944932165337555 0.9940195505498954 0.9387962421860124 0.8774370106705868 0.9111845880040709 0.8713010875190442 0.9265243958829272 0.9510680884890975 0.9265243958829272 0.9817477042468103 0.944932165337555 0.9265243958829272 1.012427320004523 0.7363107781851077 0.8897088569736719 0.9633399347921826 1.1106020904292042 1.1596894756415448 1.239456476611598 1.6260196351587797 1.576932249946439 1.5585244804918115 1.564660403643354 1.6751070203711202 1.662835174068035 1.564660403643354 1.4051264017032472 1.2701360923693108 1.1106020904292042 1.0737865515199487 1.000155473701438 0.9817477042468103 1.0492428589137786 1.1044661672776617 1.214912784005428 1.1965050145508 1.1965050145508 1.2333205534600555 
-50.5 -50.5 -50.5 -51.0 -50.5 -50.5 -50.5 -51.0 -51.0 -51.0 -51.5 -51.0 -51.0 -51.0 -51.0 -51.0 -51.0 -51.0 -52.0 -53.0 -52.5 -50.5 -50.0 -49.5 -50.0 -51.0 -51.5 -51.5 -52.0 -52.0 -52.0 -51.0 -50.5 -50.0 -50.5 -50.5 -51.5 -51.5 -51.5 -51.0 -51.0 -51.0 -51.0 -50.5 
1.1903690913992575 1.1903690913992575 1.0246991663076084 1.141281706186917 1.1719613219446299 1.086058397823034 1.086058397823034 1.043106935762236 0.8897088569736719 0.9387962421860124 0.8406214717613314 0.9387962421860124 0.8897088569736719 0.8897088569736719 0.8958447801252144 0.8651651643675016 0.8651651643675016 0.8958447801252144 0.8713010875190442 0.7731263170943632 1.012427320004523 1.4603497100671303 1.380582709097077 1.1903690913992575 1.5892040962495242 1.761009944492716 1.9880391010997909 2.067806102069844 2.1230294104337273 2.172116795646068 2.172116795646068 1.9144080232812801 1.6996507129772904 1.6812429435226628 1.5953400194010667 1.4358060174609601 1.227184630308513 1.1658253987930873 1.2333205534600555 1.3130875544301088 1.1780972450961724 1.3744467859455345 1.3130875544301088 1.3928545554001621 
-50.5 -51.0 -51.0 -51.0 -51.0 -51.0 -51.5 -51.5 -51.0 -51.5 -52.5 -52.0 -52.0 -52.0 -52.0 -52.0 -52.0 -51.5 -52.0 -53.5 -53.5 -52.0 -48.5 -50.0 -50.0 -50.0 -49.0 -49.5 -50.0 -50.5 -50.5 -50.0 -48.5 -48.0 -51.0 -51.0 -50.5 -49.0 -49.0 -49.0 -49.0 -49.5 -49.0 -49.5 
1.5155730184310134 1.5033011721279284 1.564660403643354 1.509437095279471 1.4848934026733007 1.4419419406125027 1.4358060174609601 1.509437095279471 1.3621749396424494 1.3867186322486196 1.3775147475213059 1.3621749396424494 1.3069516312785663 1.2946797849754812 1.3314953238847365 1.3744467859455345 1.3069516312785663 1.0799224746714913 1.368310862793992 1.3008157081270237 1.423534171157875 1.6321555583103222 1.607611865704152 1.88986433067511 1.9819031779482483 2.0371264863121317 2.1966604882522383 2.3193789512830896 2.350058567040802 2.405281875404685 2.2150682577068657 2.1475731030398975 1.932815792735908 1.859184714917397 1.8285050991596843 1.5155730184310134 1.4511458253398166 1.4358060174609601 1.5033011721279284 1.4910293258248433 1.5462526341887264 1.5707963267948966 1.6751070203711202 1.7119225592803755 
-52.5 -52.5 -53.0 -52.5 -53.0 -52.5 -52.5 -53.0 -53.0 -53.5 -53.5 -53.5 -53.5 -53.5 -53.5 -53.0 -53.0 -53.0 -53.5 -54.5 -54.5 -53.5 -55.0 -54.0 -53.5 -51.0 -53.5 -53.0 -53.0 -53.0 -53.0 -54.0 -52.5 -52.0 -52.5 -53.5 -54.0 -53.5 -52.0 -51.5 -51.5 -51.0 -51.0 -51.0 
4.374913207049849 4.227651051412827 4.430136515413731 4.28287435977671 4.338097668140593 4.399456899656019 3.5465635815916023 3.792000507653305 4.135612204139688 4.111068511533518 4.154019973594316 4.196971435655114 4.0558452031696355 0.03681553890925539 5.460971604872882 4.779884135051658 4.8351074434155406 5.534602682691394 5.8475347634200645 5.945709533844745 5.994796919057086 6.086835766330224 6.0991076126333095 5.939573610693203 5.553010452146021 5.460971604872882 5.700272607783043 5.93343768754166 4.123340357836604 4.411728745959104 4.516039439535327 4.896466674930966 
-64.0 -65.0 -64.0 -64.0 -65.0 -64.5 -64.5 -65.5 -65.5 -65.5 -64.5 -63.0 -65.5 -66.0 -65.5 -59.5 -65.0 -60.0 -58.0 -59.5 -59.0 -61.0 -59.5 -60.5 -59.0 -58.0 -55.5 -60.0 -68.0 -65.0 -65.5 -65.0 
5.221670601962723 5.252350217720435 4.988505522204105 4.994641445355648 5.289165756629691 5.1725832167503825 5.190990986205009 4.902602598082509 5.148039524144211 5.270757987175063 1.932815792735908 5.418020142812084 5.166447293598839 5.2339424482658075 5.092816215780329 5.4671075280244255 2.1782527187976104 5.730952223540755 5.540738605842936 5.344389064993574 0.018407769454627694 5.841398840268521 6.092971689481767 6.050020227420969 6.037748381117884 6.080699843178682 6.080699843178682 5.688000761479957 6.056156150572511 2.12916533358527 5.516194913236766 5.767767762450011 5.66959299202533 2.0064468705544187 1.9880391010997909 2.024854640009046 5.0682725231741586 5.037592907416445 5.240078371417351 5.203262832508095 5.221670601962723 
-60.5 -60.5 -61.0 -61.5 -61.0 -61.0 -62.0 -62.0 -61.5 -61.0 -62.0 -61.5 -62.0 -60.5 -61.0 -61.0 -65.5 -62.0 -57.5 -59.5 -66.5 -59.0 -61.5 -60.5 -58.5 -59.0 -60.0 -62.0 -60.5 -61.0 -58.5 -57.5 -60.5 -66.5 -65.0 -62.5 -61.0 -60.0 -59.0 -59.0 -59.5 
