3.5833791205008576 0.521553467881118 3.6386024288647407 0.5645049299419159 0.6504078540635119 3.3502140407422405 0.48473792897186263 3.3379421944391554 0.27304858024364415 2.705942109830271 0.4724660826687775 0.5829126993965437 3.758252930319821 0.6872233929727672 1.012427320004523 3.5956509668039427 6.105243535784852 4.01902966426038 4.1172044346850605 4.700117134081604 5.626641529964532 
-64.0 -68.0 -64.5 -68.0 -68.0 -66.5 -68.0 -67.0 -67.5 -66.0 -67.5 -67.5 -67.0 -66.5 -65.5 -69.0 -69.5 -68.5 -66.0 -65.0 -68.5 
5.737088146692298 5.66959299202533 5.743224069843841 5.810719224510809 5.841398840268521 6.12365130523948 6.05308818899674 2.9391071895888885 3.5036121195308043 0.7424467013366504 3.380893656499953 2.1537090261914402 1.9696313316451632 2.0923497946760143 2.1782527187976104 2.0923497946760143 2.061670178918302 2.3439226438892597 2.454369260617026 5.338253141842031 1.9819031779482483 1.8162332528565992 2.061670178918302 1.7916895602504288 2.6998061866787286 1.7855536370988863 1.7978254834019713 1.7794177139473437 1.8714565612204823 1.4971652489763858 5.086680292628786 1.8960002538266525 
-69.5 -70.0 -70.0 -71.0 -70.5 -69.5 -69.5 -61.0 -62.0 -68.0 -65.0 -62.0 -61.5 -61.5 -61.0 -61.5 -61.5 -63.0 -64.5 -63.0 -61.5 -61.0 -62.0 -61.5 -62.0 -62.0 -61.5 -62.0 -59.5 -61.0 -62.0 -60.5 
1.043106935762236 1.0676506283684062 1.1106020904292042 1.0246991663076084 1.0062913968529805 1.0062913968529805 1.0062913968529805 1.0185632431560658 0.9387962421860124 0.9694758579437253 0.9203884727313847 0.9081166264282996 0.9050486648525283 0.8713010875190442 0.9326603190344698 0.8897088569736719 0.8958447801252144 0.8099418560036186 0.8713010875190442 0.8406214717613314 0.8222137023067037 0.8222137023067037 1.214912784005428 1.2517283229146832 1.1780972450961724 1.1535535524900022 1.325359400733194 1.2640001692177683 1.2640001692177683 1.2885438618239387 1.2640001692177683 1.3192234775816514 1.3314953238847365 1.4848934026733007 1.5155730184310134 1.3192234775816514 1.4603497100671303 1.564660403643354 1.4603497100671303 1.4296700943094176 1.3989904785517047 1.3437671701878218 1.423534171157875 1.4173982480063325 1.4542137869155878 1.4971652489763858 1.5278448647340985 
-49.5 -50.0 -50.0 -50.0 -50.0 -50.0 -50.0 -50.0 -50.0 -50.0 -50.0 -50.0 -50.5 -50.0 -50.5 -50.0 -50.5 -50.5 -51.0 -51.0 -53.0 -53.5 -52.0 -51.0 -49.0 -50.0 -52.0 -52.5 -53.0 -54.0 -54.0 -53.0 -52.5 -51.0 -51.0 -50.5 -51.5 -52.0 -51.0 -51.0 -52.0 -52.0 -52.0 -52.0 -52.5 -52.0 -52.0 
1.012427320004523 1.030835089459151 1.0799224746714913 1.0369710126106935 0.9756117810952678 1.0062913968529805 0.9817477042468103 0.944932165337555 0.9633399347921826 0.9387962421860124 0.9387962421860124 0.9081166264282996 0.859029241215959 0.8835729338221293 0.8835729338221293 0.9633399347921826 0.8713010875190442 0.8897088569736719 0.8099418560036186 0.607456392002714 0.7792622402459057 0.7669903939428205 1.1106020904292042 1.1658253987930873 1.0921943209745766 1.423534171157875 1.6137477888556946 1.5953400194010667 1.5462526341887264 1.5401167110371838 1.5830681730979816 1.6566992509164924 1.5707963267948966 1.4848934026733007 1.3499030933393643 1.239456476611598 1.1535535524900022 1.214912784005428 1.1290098598838318 1.055378782065321 1.1596894756415448 1.1290098598838318 1.2026409377023426 1.239456476611598 1.214912784005428 1.2333205534600555 1.282407938672396 
-50.5 -50.5 -50.5 -50.5 -50.5 -50.5 -51.0 -50.5 -51.0 -51.0 -51.0 -51.0 -51.5 -51.0 -51.5 -51.5 -51.5 -51.5 -53.0 -54.0 -52.5 -51.5 -50.0 -48.5 -49.5 -51.0 -51.0 -51.0 -51.5 -52.0 -52.0 -51.5 -52.0 -51.0 -50.5 -50.5 -50.0 -50.5 -51.0 -51.5 -51.5 -51.5 -51.5 -51.0 -51.5 -51.5 -51.0 
1.1044661672776617 1.0737865515199487 1.1106020904292042 1.055378782065321 1.0676506283684062 1.0492428589137786 1.0062913968529805 0.9572040116406401 0.9633399347921826 0.803805932852076 0.9019807032767571 0.9019807032767571 0.8498253564886452 0.9019807032767571 0.8713010875190442 0.9572040116406401 0.7547185476397354 0.7179030087304801 0.6013204688511713 0.705631162427395 1.214912784005428 1.1780972450961724 1.2087768608538851 1.1290098598838318 1.521708941582556 1.6812429435226628 1.902136176978195 2.018718716857504 2.067806102069844 2.0923497946760143 2.0923497946760143 2.12916533358527 1.9144080232812801 1.8162332528565992 1.6689710972195777 1.7303303287350031 1.736466251886546 1.576932249946439 1.3499030933393643 1.3069516312785663 1.3437671701878218 1.3621749396424494 1.2640001692177683 1.4787574795217582 1.4358060174609601 1.4848934026733007 1.4848934026733007 
-50.5 -51.0 -51.0 -51.0 -51.0 -51.0 -51.0 -51.5 -51.5 -51.5 -51.5 -51.5 -52.0 -52.0 -52.0 -52.5 -52.5 -52.0 -54.0 -55.5 -53.0 -51.0 -48.0 -48.5 -51.0 -49.5 -50.0 -50.0 -50.0 -50.5 -50.5 -50.5 -50.0 -49.0 -48.0 -49.0 -51.5 -52.0 -51.0 -49.5 -49.0 -49.0 -49.0 -49.5 -49.5 -49.5 -49.5 
1.5155730184310134 1.533980787885641 1.4603497100671303 1.4480778637640452 1.4419419406125027 1.3867186322486196 1.423534171157875 1.3560390164909069 1.3130875544301088 1.423534171157875 1.3621749396424494 1.3499030933393643 1.337631247036279 1.380582709097077 1.4173982480063325 1.2946797849754812 1.2854759002481673 1.282407938672396 1.2333205534600555 4.565126824747668 1.5401167110371838 1.3621749396424494 1.6444274046134073 1.88986433067511 2.0800779483729293 2.024854640009046 2.141437179888355 2.227340104009951 2.3071071049800045 2.098485717827557 2.2334760271614935 2.172116795646068 2.018718716857504 1.9819031779482483 1.9082721001297376 1.8346410223112268 1.6689710972195777 1.5401167110371838 1.6014759425526093 1.6935147898257479 1.6751070203711202 1.748738098189631 1.6996507129772904 1.736466251886546 1.761009944492716 1.8100973297050567 
-52.0 -52.0 -52.5 -52.5 -52.5 -52.5 -52.5 -53.0 -53.0 -53.0 -53.5 -53.0 -53.5 -53.0 -53.0 -54.0 -54.0 -53.5 -54.0 -55.0 -53.5 -55.0 -55.0 -53.5 -52.0 -51.5 -53.0 -53.0 -53.0 -53.5 -52.5 -53.0 -53.0 -52.0 -51.5 -52.0 -52.5 -51.5 -51.0 -51.0 -50.5 -50.0 -50.5 -50.0 -50.5 -50.5 
4.1417481272912315 4.0558452031696355 4.215379205109742 4.417864669110647 3.9699422790480394 4.344233591292136 4.289010282928253 4.215379205109742 4.430136515413731 4.104932588381976 4.25833066717054 4.3933209765044765 4.1601558967458585 3.9147189706841563 6.22182607566416 5.160311370447297 4.847379289718626 5.442563835418255 5.810719224510809 6.080699843178682 5.859806609723149 6.0991076126333095 5.988660995905543 6.000932842208628 5.6941366846315 5.6573211457222445 5.283029833478148 5.71868037723767 5.829126993965437 4.632621979414636 4.558990901596125 4.651029748869264 
-65.0 -64.5 -64.5 -63.5 -64.5 -65.0 -64.5 -63.5 -64.5 -64.5 -64.0 -64.5 -64.0 -64.0 -67.5 -60.0 -58.0 -61.0 -59.5 -60.0 -60.0 -59.0 -60.5 -60.0 -61.5 -60.0 -58.5 -56.0 -62.5 -66.0 -65.0 -64.0 
5.160311370447297 5.1725832167503825 5.197126909356553 5.043728830567988 5.092816215780329 5.2339424482658075 5.154175447295755 5.0682725231741586 5.148039524144211 5.21553467881118 5.062136600022616 4.97623367590102 1.9144080232812801 5.178719139901925 5.111223985234957 5.460971604872882 5.013049214810275 5.129631754689584 5.098952138931871 5.559146375297564 5.50392306693368 5.350524988145116 5.227806525114265 5.988660995905543 0.06135923151542565 5.976389149602458 6.007068765360171 6.160466844148735 6.14819499784565 6.086835766330224 6.227961998815704 6.12365130523948 6.050020227420969 0.30066023442558565 5.148039524144211 5.651185222570702 5.651185222570702 5.675728915176872 5.368932757599744 5.031456984264903 5.154175447295755 5.141903600992669 2.141437179888355 5.270757987175063 5.246214294568893 5.270757987175063 5.2339424482658075 
-60.5 -61.5 -60.0 -61.0 -61.0 -61.0 -61.5 -61.0 -60.5 -62.0 -61.0 -61.5 -62.0 -60.5 -60.5 -61.5 -62.0 -61.0 -62.5 -61.5 -57.5 -58.0 -58.0 -68.0 -62.0 -59.5 -60.5 -61.5 -60.0 -60.5 -61.5 -60.5 -60.0 -64.5 -63.0 -57.5 -57.5 -59.0 -60.0 -61.0 -58.5 -58.0 -58.5 -58.0 -58.5 -59.0 -58.5 
