3.313398501832985 3.5956509668039427 3.472932503773092 3.706097583531709 3.466796580621549 3.9147189706841563 3.6140587362585705 3.9760782021995817 3.6815538909255388 3.497476196379262 3.8410878928656453 3.9392626632903265 0.6504078540635119 3.6876898140770815 3.693825737228624 3.6692820446224537 4.399456899656019 4.1172044346850605 3.816544200259475 0.5767767762450011 0.2638446955163303 4.828971520263998 1.055378782065321 
-62.5 -62.5 -60.5 -61.5 -62.5 -62.5 -62.0 -62.5 -63.5 -63.0 -62.5 -64.0 -64.5 -63.0 -62.0 -63.0 -65.5 -65.0 -68.5 -75.0 -73.5 -63.0 -71.0 
3.3624858870453256 3.429981041712294 3.454524734318464 3.485204350076177 3.393165502803038 3.0127382674073995 4.04357335686655 3.393165502803038 3.4054373491061236 3.6201946594101133 0.32520392703175593 0.4479223900626072 0.4479223900626072 3.153864499892878 2.9329712664373457 5.927301764390117 0.6688156235181395 3.141592653589793 2.3623304133438876 1.8530487917658545 2.012582793705961 1.88986433067511 1.9941750242513334 2.061670178918302 2.313243028131547 2.509592568980909 5.21553467881118 1.9512235621905356 1.6321555583103222 1.9696313316451632 2.0064468705544187 1.4542137869155878 1.8346410223112268 4.963961829597935 1.7978254834019713 1.7671458676442586 1.8346410223112268 1.7426021750380885 
-64.0 -62.5 -62.5 -62.5 -63.0 -63.5 -63.5 -64.5 -65.0 -62.0 -66.5 -67.0 -68.0 -67.0 -64.0 -62.5 -64.5 -65.0 -64.0 -63.0 -61.5 -61.0 -61.0 -61.0 -62.0 -66.0 -66.5 -60.0 -61.0 -62.5 -64.0 -64.0 -63.0 -62.5 -62.0 -62.0 -61.5 -61.5 
0.8222137023067037 0.6872233929727672 0.7853981633974483 0.7731263170943632 0.7485826244881929 0.7363107781851077 0.6810874698212247 0.705631162427395 0.7915340865489908 0.7547185476397354 0.6994952392758523 0.8099418560036186 0.8651651643675016 0.8344855486097889 0.944932165337555 0.9326603190344698 1.012427320004523 0.9817477042468103 0.9081166264282996 0.7853981633974483 0.7669903939428205 0.8467573949128739 1.1290098598838318 1.214912784005428 1.1596894756415448 1.2455923997631406 1.227184630308513 1.3008157081270237 1.4296700943094176 1.368310862793992 1.282407938672396 1.2701360923693108 1.3867186322486196 1.5401167110371838 1.3621749396424494 1.3314953238847365 1.4051264017032472 4.623418094687323 1.3744467859455345 1.2640001692177683 1.3008157081270237 1.2701360923693108 1.2946797849754812 1.3560390164909069 1.4542137869155878 1.4358060174609601 
-50.5 -50.5 -50.5 -51.0 -50.5 -51.0 -51.0 -51.0 -51.0 -51.5 -51.0 -51.0 -51.0 -50.5 -51.0 -51.0 -50.5 -50.5 -50.5 -50.5 -52.0 -52.5 -51.5 -50.5 -51.0 -52.0 -52.5 -53.5 -54.0 -54.0 -53.5 -52.0 -51.0 -51.5 -50.5 -50.0 -50.5 -50.5 -50.0 -50.5 -51.0 -51.0 -51.0 -51.0 -51.0 -51.5 
0.8099418560036186 0.9203884727313847 0.8344855486097889 0.8344855486097889 0.7485826244881929 0.760854470791278 0.7792622402459057 0.8160777791551611 0.8897088569736719 0.8897088569736719 0.8528933180644165 0.8835729338221293 0.8713010875190442 0.9081166264282996 0.9694758579437253 0.9694758579437253 0.8222137023067037 1.0185632431560658 0.8222137023067037 0.6013204688511713 0.7424467013366504 0.662679700366597 1.043106935762236 1.1535535524900022 1.4419419406125027 1.4542137869155878 1.552388557340269 1.552388557340269 1.552388557340269 1.552388557340269 1.5953400194010667 1.6137477888556946 1.509437095279471 1.5892040962495242 1.1474176293384597 1.1290098598838318 1.1228739367322893 1.162757437217316 1.1044661672776617 1.1290098598838318 1.0615147052168636 1.1474176293384597 1.1903690913992575 1.184233168247715 1.2578642460662257 1.2640001692177683 
-51.5 -51.5 -52.0 -52.5 -52.0 -52.0 -52.5 -53.0 -53.0 -52.5 -52.5 -52.0 -52.5 -52.5 -52.0 -52.0 -52.0 -52.5 -53.0 -53.5 -52.0 -50.5 -50.0 -50.5 -51.0 -51.0 -51.0 -51.5 -51.5 -51.5 -51.5 -51.5 -50.5 -50.5 -50.5 -50.5 -50.5 -52.0 -52.5 -52.5 -52.0 -51.0 -51.5 -51.0 -51.0 -51.0 
0.944932165337555 0.9326603190344698 0.4724660826687775 0.5092816215780329 0.7424467013366504 0.8099418560036186 0.607456392002714 0.6381360077604268 0.4356505437595221 0.4724660826687775 0.18407769454627693 0.3865631585471816 0.6013204688511713 0.5031456984264903 0.5031456984264903 0.5706408530934585 0.4970097752749477 0.5522330836388308 0.5951845456996288 0.4724660826687775 1.1780972450961724 1.227184630308513 1.1596894756415448 1.3069516312785663 1.6689710972195777 1.8530487917658545 1.9941750242513334 2.030990563160589 2.073942025221387 2.098485717827557 2.0800779483729293 2.030990563160589 1.8223691760081417 1.7548740213411735 1.7548740213411735 1.7119225592803755 1.6198837120072371 4.651029748869264 1.1965050145508 1.1903690913992575 1.2210487071569704 1.239456476611598 1.3928545554001621 1.2762720155208536 1.4296700943094176 1.5462526341887264 
-53.5 -53.5 -54.5 -54.5 -55.0 -55.0 -54.5 -55.0 -55.0 -55.0 -55.0 -55.5 -55.0 -55.0 -54.5 -54.5 -54.0 -55.0 -54.5 -55.0 -53.0 -50.5 -49.0 -51.0 -51.0 -51.0 -49.5 -50.0 -50.5 -50.0 -50.0 -50.5 -50.0 -49.0 -48.0 -50.0 -50.5 -52.0 -51.0 -50.0 -49.5 -49.5 -49.5 -49.5 -49.5 -50.0 
1.4419419406125027 1.337631247036279 1.2762720155208536 1.3744467859455345 1.325359400733194 1.2701360923693108 1.2885438618239387 1.2640001692177683 1.227184630308513 1.2762720155208536 1.1903690913992575 1.2762720155208536 1.2885438618239387 1.2578642460662257 1.2640001692177683 1.3192234775816514 1.3560390164909069 1.2517283229146832 1.2762720155208536 1.214912784005428 1.5462526341887264 1.6996507129772904 1.7671458676442586 1.8223691760081417 2.0923497946760143 2.067806102069844 2.2027964114037806 2.2886993355253766 2.325514874434632 2.3316507975861747 2.282563412373834 2.172116795646068 2.2089323345553233 1.9757672547967058 1.9389517158874505 1.9266798695843652 1.7916895602504288 1.6382914814618648 1.4726215563702154 1.5953400194010667 1.5585244804918115 1.6137477888556946 1.662835174068035 1.6566992509164924 1.748738098189631 1.7794177139473437 
-54.5 -54.5 -55.0 -54.5 -55.5 -56.0 -55.5 -56.0 -56.0 -56.5 -56.0 -56.5 -55.5 -55.5 -55.0 -54.5 -55.0 -54.0 -55.5 -56.0 -54.0 -53.0 -54.0 -53.0 -52.5 -52.0 -53.5 -52.5 -53.0 -52.5 -53.5 -52.0 -53.5 -53.0 -51.5 -51.5 -52.5 -53.0 -53.5 -53.5 -52.0 -51.5 -51.5 -51.0 -50.5 -50.5 
3.9147189706841563 0.48473792897186263 3.6017868899554855 0.42337869745643697 5.399612373357457 4.516039439535327 5.688000761479957 5.559146375297564 5.890486225480862 5.939573610693203 5.994796919057086 5.939573610693203 5.9518454569962875 5.970253226450915 5.982525072754001 5.64504929941916 5.252350217720435 5.559146375297564 5.829126993965437 5.822991070813893 5.816855147662351 4.7307967498393175 4.767612288748572 
-69.0 -69.5 -68.5 -68.0 -62.5 -61.5 -63.0 -62.0 -60.5 -60.5 -61.5 -59.5 -61.0 -59.5 -60.5 -60.5 -60.0 -57.5 -56.0 -62.0 -66.0 -64.5 -62.0 
2.018718716857504 2.0064468705544187 1.9941750242513334 2.0371264863121317 2.067806102069844 2.098485717827557 2.0371264863121317 2.0493983326152168 2.073942025221387 5.105088062083414 2.0064468705544187 5.092816215780329 1.9696313316451632 5.283029833478148 5.258486140871978 5.43029198911517 5.295301679781233 0.0674951546669682 6.105243535784852 6.117515382087937 0.05522330836388308 6.178874613603362 5.927301764390117 5.970253226450915 0.02454369260617026 6.258641614573416 6.056156150572511 2.767301341345697 2.442097414313941 5.681864838328415 5.559146375297564 2.12916533358527 4.970097752749477 5.148039524144211 5.123495831538041 5.270757987175063 5.178719139901925 5.209398755659637 5.307573526084319 
-63.5 -63.5 -63.5 -64.0 -64.0 -64.0 -64.0 -63.5 -63.5 -62.0 -63.0 -62.0 -62.5 -62.5 -58.0 -57.0 -61.5 -63.0 -59.0 -63.0 -61.5 -60.0 -60.0 -59.5 -60.5 -63.0 -61.5 -65.5 -58.0 -59.0 -60.5 -65.5 -64.5 -61.0 -60.5 -57.5 -58.5 -58.5 -57.5 
