0.5460971604872883 0.6258641614573416 3.816544200259475 4.71238898038469 1.368310862793992 0.030679615757712823 0.02454369260617026 0.5154175447295755 0.5460971604872883 0.17794177139473438 3.792000507653305 4.601942363656923 0.9326603190344698 0.7179030087304801 0.6994952392758523 0.8958447801252144 
-67.5 -67.5 -66.5 -66.5 -66.5 -69.0 -72.5 -73.0 -73.0 -70.5 -63.0 -63.5 -71.5 -71.0 -69.5 -69.0 
2.8716120349219203 2.8532042654672924 2.564815877344792 1.3867186322486196 2.0800779483729293 2.116893487282185 2.184388641949153 2.2396119503130363 2.4850488763747385 2.2886993355253766 1.9144080232812801 1.8346410223112268 1.859184714917397 5.056000676871073 1.7303303287350031 1.7855536370988863 1.662835174068035 1.6014759425526093 1.7794177139473437 
-65.5 -64.0 -63.0 -62.0 -61.0 -60.5 -59.5 -61.5 -62.0 -66.5 -62.0 -61.0 -61.5 -64.0 -63.0 -61.5 -62.5 -62.0 -64.0 
0.6933593161243098 0.8651651643675016 0.6872233929727672 0.8897088569736719 0.8774370106705868 0.9019807032767571 0.8958447801252144 0.8099418560036186 0.9572040116406401 0.9756117810952678 0.9326603190344698 0.9142525495798421 0.9510680884890975 1.0737865515199487 0.9878836273983529 1.0062913968529805 1.1044661672776617 1.0615147052168636 1.0369710126106935 0.9940195505498954 1.030835089459151 0.9633399347921826 1.1719613219446299 1.2885438618239387 1.2026409377023426 1.282407938672396 1.2762720155208536 1.2210487071569704 1.2946797849754812 1.2578642460662257 1.2517283229146832 1.3560390164909069 1.5033011721279284 1.4726215563702154 1.3744467859455345 1.3560390164909069 1.3314953238847365 1.3437671701878218 1.2946797849754812 1.2210487071569704 1.2578642460662257 1.2333205534600555 1.3192234775816514 1.282407938672396 1.2578642460662257 1.3008157081270237 
-50.0 -49.5 -50.0 -50.0 -50.0 -50.5 -50.5 -50.0 -50.0 -50.0 -50.5 -50.5 -50.5 -50.5 -50.5 -50.0 -50.5 -50.5 -50.5 -49.5 -49.5 -51.5 -51.5 -49.5 -49.5 -51.0 -51.5 -52.5 -54.5 -54.0 -53.0 -52.0 -50.5 -51.0 -49.5 -50.5 -51.0 -50.0 -50.0 -50.0 -50.5 -50.5 -50.0 -50.0 -49.5 -49.5 
0.6258641614573416 0.8222137023067037 0.8774370106705868 0.859029241215959 0.8897088569736719 0.8835729338221293 0.9326603190344698 0.9878836273983529 0.7853981633974483 0.8774370106705868 0.9572040116406401 0.9203884727313847 0.944932165337555 1.012427320004523 1.030835089459151 0.7240389318820226 1.043106935762236 0.9633399347921826 0.6810874698212247 0.8344855486097889 0.8651651643675016 1.030835089459151 1.0615147052168636 1.2455923997631406 1.5953400194010667 1.607611865704152 1.5892040962495242 1.509437095279471 1.5830681730979816 1.662835174068035 1.607611865704152 1.4787574795217582 1.4664856332186729 1.2333205534600555 1.0246991663076084 1.012427320004523 0.9019807032767571 1.0492428589137786 1.1351457830353744 1.086058397823034 1.141281706186917 1.1228739367322893 1.1044661672776617 1.1290098598838318 1.0676506283684062 
-52.0 -51.5 -52.0 -51.5 -51.5 -51.5 -52.0 -51.5 -52.0 -51.5 -51.5 -51.5 -51.5 -51.5 -51.5 -51.5 -51.0 -51.5 -53.0 -52.5 -51.0 -51.0 -49.0 -50.0 -51.0 -51.5 -51.0 -51.5 -52.0 -52.0 -52.0 -50.5 -51.5 -50.5 -50.5 -51.0 -52.0 -51.5 -51.5 -51.0 -51.0 -51.0 -51.0 -51.0 -50.5 
0.7669903939428205 0.7363107781851077 0.6442719309119693 0.7363107781851077 0.7792622402459057 0.6258641614573416 0.705631162427395 0.8222137023067037 0.7424467013366504 0.5829126993965437 0.8528933180644165 0.8406214717613314 0.6565437772150544 0.7363107781851077 0.803805932852076 0.8344855486097889 0.8958447801252144 0.803805932852076 0.7363107781851077 0.6810874698212247 0.9817477042468103 1.4296700943094176 1.3744467859455345 1.2333205534600555 1.564660403643354 1.662835174068035 1.88986433067511 1.945087639038993 2.030990563160589 2.024854640009046 2.0371264863121317 1.932815792735908 1.6751070203711202 1.6321555583103222 1.6260196351587797 1.6014759425526093 1.2578642460662257 0.9940195505498954 0.9633399347921826 1.0246991663076084 1.1228739367322893 1.0799224746714913 1.0615147052168636 1.0921943209745766 1.1228739367322893 1.2087768608538851 
-52.5 -52.0 -52.0 -52.0 -52.5 -52.5 -52.5 -52.5 -52.0 -52.0 -52.0 -52.0 -51.5 -52.0 -51.0 -51.0 -51.5 -51.5 -51.5 -52.5 -53.5 -51.5 -49.0 -49.0 -50.5 -49.5 -50.0 -49.0 -50.0 -50.0 -50.0 -50.0 -49.0 -47.5 -50.0 -51.0 -51.5 -51.5 -50.0 -49.5 -49.5 -49.0 -49.5 -50.0 -50.0 -50.5 
1.043106935762236 1.2517283229146832 1.1903690913992575 1.1965050145508 1.2087768608538851 1.1903690913992575 1.2333205534600555 1.3008157081270237 1.2210487071569704 1.2640001692177683 1.2885438618239387 1.282407938672396 1.3437671701878218 1.3437671701878218 1.368310862793992 1.3314953238847365 1.2578642460662257 1.3008157081270237 1.337631247036279 1.3314953238847365 1.3499030933393643 1.6198837120072371 1.6566992509164924 1.8039614065535141 1.88986433067511 2.1046216409791 2.061670178918302 2.1966604882522383 2.2518837966161214 2.337786720737717 2.141437179888355 2.1046216409791 1.932815792735908 1.8714565612204823 1.9512235621905356 1.7671458676442586 1.4787574795217582 1.368310862793992 1.4664856332186729 1.4726215563702154 1.4051264017032472 1.4664856332186729 1.533980787885641 1.5462526341887264 1.521708941582556 1.5892040962495242 
-54.0 -54.0 -54.0 -54.0 -54.0 -54.0 -53.5 -54.0 -54.0 -53.5 -53.5 -53.0 -53.5 -53.0 -53.5 -53.5 -53.0 -53.0 -53.5 -54.5 -54.0 -53.0 -53.0 -53.5 -53.5 -51.5 -52.5 -53.0 -53.0 -53.5 -52.5 -51.5 -53.5 -51.0 -51.5 -52.0 -53.5 -53.5 -52.5 -52.0 -52.0 -51.5 -52.0 -52.0 -52.0 -52.0 
4.049709280018092 4.368777283898306 4.04357335686655 4.006757817957295 3.5588354278946874 4.111068511533518 4.196971435655114 4.086524818927348 3.890175278077986 3.6263305825616556 3.6815538909255388 4.227651051412827 3.7429131224409646 6.258641614573416 5.221670601962723 5.448699758569798 5.381204603902829 5.896622148632405 6.086835766330224 6.025476534814799 6.019340611663256 5.976389149602458 5.878214379177777 5.473243451175968 5.289165756629691 5.780039608753096 5.859806609723149 4.749204519293945 4.424000592262189 4.221515128261284 
-65.0 -66.5 -67.0 -67.0 -66.0 -65.5 -66.0 -65.5 -64.5 -64.0 -64.0 -65.0 -64.5 -65.5 -75.5 -62.5 -61.5 -59.5 -60.0 -60.5 -60.0 -58.5 -61.5 -60.0 -58.0 -55.5 -61.5 -65.5 -65.0 -63.5 
5.424156065963627 4.6448938257177215 5.049864753719531 1.8346410223112268 1.9144080232812801 1.88986433067511 1.9389517158874505 5.166447293598839 1.945087639038993 5.0253210611133605 4.97623367590102 1.8775924843720249 4.921010367537137 5.043728830567988 1.9389517158874505 5.6573211457222445 5.264622064023521 5.724816300389213 6.22182607566416 6.154330920997192 6.0991076126333095 6.1420590746941075 6.270913460876501 5.8475347634200645 5.902758071783947 4.994641445355648 5.663457068873787 5.712544454086128 5.491651220630596 5.190990986205009 4.988505522204105 4.865787059173254 5.105088062083414 5.049864753719531 1.9512235621905356 5.080544369477243 5.043728830567988 5.00077736850719 
-64.0 -65.5 -62.5 -64.5 -64.5 -63.5 -63.0 -61.5 -60.5 -60.5 -61.0 -62.0 -60.5 -60.5 -62.5 -58.0 -58.5 -59.0 -60.0 -60.0 -59.5 -59.0 -61.0 -61.0 -60.0 -62.0 -58.0 -58.0 -61.5 -66.5 -62.0 -59.5 -60.0 -58.5 -61.0 -59.0 -60.0 -62.5 
