3.454524734318464 3.4913402732277192 3.1968159619536762 3.3072625786814425 0.6504078540635119 0.6688156235181395 0.6933593161243098 0.7547185476397354 0.8406214717613314 4.595806440505381 4.589670517353839 1.3928545554001621 3.2090878082567613 5.724816300389213 0.7792622402459057 0.8651651643675016 0.6810874698212247 6.062292073724054 3.3318062712876126 3.313398501832985 4.080388895775806 4.405592822807561 5.405748296509 4.859651136021712 4.074252972624263 0.8283496254582462 
-65.0 -63.5 -66.5 -66.5 -68.0 -68.0 -68.5 -68.5 -68.0 -65.0 -64.5 -65.0 -68.0 -72.5 -76.5 -73.0 -75.0 -70.0 -65.5 -63.5 -62.0 -65.0 -67.0 -68.0 -71.0 -70.5 
5.2768939103266055 5.264622064023521 5.141903600992669 5.227806525114265 5.166447293598839 5.221670601962723 5.368932757599744 2.945243112740431 3.6447383520162835 3.4606606574700063 2.9391071895888885 1.9696313316451632 1.9266798695843652 2.1353012567368124 2.2641556429192065 1.7794177139473437 2.1537090261914402 2.1046216409791 2.705942109830271 2.779573187648782 1.509437095279471 1.6566992509164924 1.8223691760081417 1.7119225592803755 1.6444274046134073 1.8714565612204823 1.9389517158874505 1.8960002538266525 1.8285050991596843 
-71.0 -71.5 -69.5 -68.5 -67.5 -67.0 -66.5 -64.5 -63.5 -64.0 -64.5 -62.5 -63.0 -62.0 -61.0 -60.5 -62.0 -62.0 -62.5 -64.5 -64.5 -65.5 -65.0 -65.0 -64.0 -63.5 -63.0 -64.0 -65.0 
0.859029241215959 0.9142525495798421 0.9265243958829272 0.944932165337555 0.944932165337555 0.9633399347921826 0.944932165337555 0.9694758579437253 1.012427320004523 0.9019807032767571 0.9940195505498954 0.9694758579437253 0.9694758579437253 1.012427320004523 1.012427320004523 0.9878836273983529 1.0369710126106935 1.0676506283684062 0.7976700097005334 1.0921943209745766 1.1351457830353744 1.0737865515199487 1.0185632431560658 1.0615147052168636 1.1474176293384597 1.2517283229146832 1.325359400733194 1.2333205534600555 1.1596894756415448 1.3130875544301088 1.2455923997631406 1.2885438618239387 1.4173982480063325 1.3744467859455345 1.3008157081270237 1.2885438618239387 1.3989904785517047 1.3744467859455345 1.4173982480063325 1.3928545554001621 1.3130875544301088 1.2701360923693108 1.1228739367322893 1.086058397823034 1.1290098598838318 1.1351457830353744 1.1044661672776617 1.0492428589137786 1.0676506283684062 
-49.5 -50.0 -49.5 -50.0 -49.5 -49.5 -49.5 -50.0 -49.5 -49.5 -49.5 -50.0 -49.5 -49.5 -50.0 -50.0 -50.0 -50.0 -50.0 -50.0 -50.5 -50.0 -50.0 -49.5 -50.5 -51.0 -50.0 -50.0 -51.0 -51.0 -51.5 -52.5 -53.5 -53.5 -52.5 -51.5 -51.0 -50.0 -50.5 -50.5 -50.5 -50.0 -50.0 -50.0 -50.0 -49.5 -49.5 -49.5 -49.5 
0.9326603190344698 0.9878836273983529 0.9510680884890975 0.8344855486097889 1.043106935762236 1.0185632431560658 0.944932165337555 1.0062913968529805 0.8099418560036186 0.9019807032767571 0.9387962421860124 0.944932165337555 0.9940195505498954 0.9878836273983529 1.0921943209745766 1.0799224746714913 1.0062913968529805 0.9878836273983529 1.0369710126106935 1.055378782065321 0.9572040116406401 1.0062913968529805 0.9019807032767571 0.9510680884890975 0.9081166264282996 1.1167380135807468 1.1719613219446299 1.1596894756415448 1.3314953238847365 1.564660403643354 1.5585244804918115 1.4603497100671303 1.576932249946439 1.4910293258248433 1.5707963267948966 1.6137477888556946 1.5585244804918115 1.533980787885641 1.41126232485479 1.2455923997631406 1.3130875544301088 1.184233168247715 1.0246991663076084 0.9756117810952678 1.0492428589137786 1.043106935762236 1.0492428589137786 1.0921943209745766 1.1167380135807468 
-52.0 -52.0 -51.5 -51.5 -51.5 -51.5 -51.5 -51.0 -51.5 -51.5 -51.5 -51.5 -51.5 -51.5 -51.5 -51.5 -52.0 -51.5 -51.5 -52.0 -52.0 -52.5 -52.5 -51.5 -50.5 -50.0 -49.5 -50.0 -51.5 -51.0 -50.5 -51.5 -51.5 -51.5 -51.0 -51.5 -51.5 -50.5 -51.0 -50.5 -50.5 -51.5 -53.0 -53.5 -52.5 -52.0 -51.5 -51.5 -52.0 
0.9265243958829272 0.9756117810952678 0.859029241215959 1.030835089459151 0.9817477042468103 1.000155473701438 1.0246991663076084 0.9694758579437253 0.9081166264282996 0.9878836273983529 0.9633399347921826 0.9081166264282996 0.9142525495798421 0.9817477042468103 0.8774370106705868 0.8958447801252144 0.8958447801252144 0.9387962421860124 0.9081166264282996 0.9203884727313847 0.7669903939428205 0.5092816215780329 0.4663301595172349 0.9510680884890975 1.337631247036279 1.3989904785517047 1.2762720155208536 1.3989904785517047 1.662835174068035 1.761009944492716 1.8837284075235674 1.9082721001297376 1.9573594853420782 1.9512235621905356 1.9634954084936207 1.9880391010997909 1.7855536370988863 1.6751070203711202 1.5830681730979816 1.5462526341887264 1.6198837120072371 1.509437095279471 1.1474176293384597 0.9265243958829272 0.944932165337555 0.9940195505498954 1.0369710126106935 0.9572040116406401 1.000155473701438 
-51.5 -52.0 -52.0 -51.5 -51.5 -51.5 -51.5 -51.5 -51.5 -51.5 -51.0 -51.0 -51.0 -51.0 -51.0 -51.0 -50.5 -50.5 -50.5 -50.5 -51.0 -51.5 -52.5 -52.0 -50.0 -48.5 -49.5 -51.5 -50.0 -50.5 -49.5 -49.0 -49.5 -49.5 -49.0 -49.5 -50.0 -49.5 -49.5 -48.0 -50.0 -50.5 -52.5 -52.0 -51.0 -51.0 -50.5 -50.5 -50.5 
1.1658253987930873 1.337631247036279 1.3744467859455345 1.337631247036279 1.3314953238847365 1.3499030933393643 1.368310862793992 1.3192234775816514 1.2885438618239387 1.214912784005428 1.282407938672396 1.2455923997631406 1.41126232485479 1.3192234775816514 1.380582709097077 1.1596894756415448 1.2333205534600555 1.2087768608538851 1.1965050145508 1.1965050145508 1.184233168247715 1.184233168247715 1.1535535524900022 1.337631247036279 1.423534171157875 1.6137477888556946 1.8162332528565992 1.7916895602504288 1.9819031779482483 1.945087639038993 2.110757564130642 2.1659808724945253 2.1537090261914402 2.2518837966161214 2.2334760271614935 2.055534255766759 2.086213871524472 2.061670178918302 1.8775924843720249 1.8653206380689396 1.859184714917397 1.718058482431918 1.3867186322486196 1.368310862793992 1.4296700943094176 1.4664856332186729 1.4664856332186729 1.4358060174609601 1.4051264017032472 
-54.0 -54.0 -54.0 -53.5 -54.0 -53.5 -53.5 -53.5 -54.0 -53.5 -53.5 -53.5 -53.5 -53.5 -53.5 -53.0 -53.5 -53.0 -53.0 -53.0 -53.5 -55.0 -55.5 -54.5 -53.0 -53.0 -54.0 -52.5 -52.5 -51.5 -52.5 -52.0 -52.0 -52.0 -52.5 -52.0 -51.5 -52.5 -53.0 -52.0 -52.0 -53.0 -55.5 -55.5 -54.0 -53.0 -54.0 -53.5 -53.5 
4.430136515413731 4.325825821837508 4.338097668140593 4.485359823777615 4.221515128261284 4.178563666200486 4.301282129231338 4.135612204139688 3.792000507653305 2.8838838812250054 5.663457068873787 5.497787143782138 5.675728915176872 5.743224069843841 5.8475347634200645 5.9518454569962875 5.841398840268521 5.884350302329319 5.8045833013592665 5.878214379177777 5.927301764390117 5.638913376267617 5.737088146692298 5.356660911296659 5.730952223540755 5.835262917116979 5.632777453116074 5.730952223540755 4.565126824747668 4.147884050442774 
-66.0 -68.0 -64.0 -66.5 -64.0 -64.5 -63.5 -65.5 -64.0 -64.0 -63.0 -59.0 -64.5 -60.5 -61.5 -59.5 -60.5 -59.5 -60.5 -59.0 -59.0 -60.5 -60.0 -59.5 -57.0 -56.5 -61.0 -70.0 -69.0 -67.5 
2.1046216409791 1.9696313316451632 1.9144080232812801 1.945087639038993 1.9082721001297376 4.871922982324796 1.846912868614312 1.8162332528565992 4.92714629068868 1.8407769454627694 4.871922982324796 5.129631754689584 1.761009944492716 4.595806440505381 1.761009944492716 1.6137477888556946 2.2641556429192065 5.5284667595398505 5.197126909356553 5.945709533844745 6.037748381117884 6.178874613603362 6.007068765360171 5.915029918087033 5.884350302329319 6.037748381117884 6.160466844148735 5.730952223540755 5.822991070813893 5.565282298449106 5.2339424482658075 5.534602682691394 5.559146375297564 5.810719224510809 5.780039608753096 5.246214294568893 4.92714629068868 5.154175447295755 5.111223985234957 4.963961829597935 
-67.5 -66.5 -66.5 -66.0 -65.5 -64.5 -65.0 -64.5 -63.0 -63.5 -63.0 -63.5 -63.5 -63.0 -63.0 -67.5 -62.0 -57.5 -57.0 -58.5 -60.0 -59.5 -59.0 -59.0 -57.5 -59.0 -61.0 -59.0 -59.5 -66.0 -59.5 -57.5 -59.0 -64.5 -66.5 -64.5 -63.5 -63.0 -64.0 -64.5 
