0.5890486225480862 3.3011266555298997 0.607456392002714 4.086524818927348 0.48473792897186263 0.5706408530934585 0.6258641614573416 3.5588354278946874 0.5767767762450011 0.5583690067903734 0.5951845456996288 3.5281558121369745 4.743068596142402 4.921010367537137 4.773748211900116 0.9387962421860124 2.8777479580734626 5.3198453723874035 5.902758071783947 2.804116880254952 5.9518454569962875 6.2034183062095325 1.337631247036279 5.006913291658733 5.47937937432751 5.031456984264903 
-68.0 -67.0 -67.0 -65.5 -66.5 -67.0 -67.5 -66.0 -67.5 -67.5 -68.0 -66.5 -67.0 -66.5 -66.0 -70.0 -74.0 -77.0 -77.5 -73.5 -74.0 -76.5 -66.5 -68.0 -71.5 -72.5 
6.050020227420969 6.062292073724054 0.05522330836388308 2.2150682577068657 1.902136176978195 1.8653206380689396 1.9757672547967058 1.9880391010997909 1.9880391010997909 2.1782527187976104 2.2457478734645786 2.0493983326152168 1.9819031779482483 1.6751070203711202 1.736466251886546 1.6873788666742053 1.662835174068035 
-72.5 -72.0 -67.0 -64.5 -64.0 -61.0 -61.0 -60.0 -59.5 -61.0 -62.5 -65.5 -62.0 -60.5 -59.5 -62.5 -64.5 
1.0246991663076084 0.9940195505498954 0.9265243958829272 1.000155473701438 1.000155473701438 0.9817477042468103 1.0799224746714913 0.9878836273983529 1.043106935762236 0.9817477042468103 1.1106020904292042 1.1228739367322893 1.086058397823034 1.0615147052168636 1.0921943209745766 1.1228739367322893 1.1228739367322893 1.0983302441261191 1.1044661672776617 1.1596894756415448 1.1228739367322893 1.1167380135807468 1.1474176293384597 0.9756117810952678 1.141281706186917 1.1228739367322893 1.1044661672776617 1.1719613219446299 1.0799224746714913 1.4480778637640452 1.337631247036279 1.1719613219446299 1.2517283229146832 1.1106020904292042 1.1351457830353744 1.1965050145508 1.0921943209745766 1.1474176293384597 1.1106020904292042 1.4848934026733007 1.6198837120072371 1.380582709097077 1.3069516312785663 1.423534171157875 1.3621749396424494 
-50.0 -50.0 -49.5 -49.5 -49.5 -49.5 -49.5 -49.5 -49.5 -50.0 -49.5 -49.5 -49.5 -50.0 -49.5 -49.5 -50.0 -49.5 -50.0 -50.0 -50.0 -50.0 -50.0 -49.5 -49.5 -49.5 -50.0 -52.5 -52.5 -52.0 -52.0 -53.0 -53.5 -54.5 -57.0 -57.5 -57.5 -56.0 -55.0 -53.5 -54.5 -51.5 -51.0 -51.0 -49.5 
1.012427320004523 0.8897088569736719 0.9142525495798421 1.030835089459151 0.9817477042468103 0.9326603190344698 0.9756117810952678 0.944932165337555 1.0062913968529805 0.944932165337555 0.9878836273983529 0.9694758579437253 0.9387962421860124 0.8528933180644165 0.9633399347921826 1.055378782065321 1.0246991663076084 1.012427320004523 0.9940195505498954 1.1044661672776617 1.1596894756415448 1.1351457830353744 1.1044661672776617 1.0676506283684062 1.0492428589137786 0.9326603190344698 0.9817477042468103 1.055378782065321 1.2701360923693108 1.2701360923693108 1.3867186322486196 1.4848934026733007 1.5707963267948966 1.5830681730979816 1.509437095279471 1.4603497100671303 1.5278448647340985 1.6444274046134073 1.6321555583103222 1.6137477888556946 1.7548740213411735 1.4358060174609601 1.184233168247715 1.0799224746714913 1.086058397823034 
-51.0 -51.0 -50.5 -51.0 -51.0 -51.0 -51.0 -50.5 -51.0 -51.0 -50.5 -50.5 -50.5 -51.0 -51.0 -51.0 -51.0 -51.0 -51.0 -51.0 -51.0 -51.0 -51.0 -51.5 -52.0 -52.0 -51.0 -50.0 -49.5 -50.0 -52.0 -53.0 -52.5 -52.5 -52.5 -53.0 -53.0 -53.0 -53.5 -51.5 -52.0 -52.0 -51.0 -50.5 -51.0 
0.9387962421860124 1.030835089459151 1.1044661672776617 0.9694758579437253 0.9940195505498954 0.9265243958829272 0.8774370106705868 0.9756117810952678 0.9694758579437253 1.000155473701438 0.9142525495798421 1.0062913968529805 0.8713010875190442 1.0062913968529805 1.012427320004523 1.0737865515199487 1.0492428589137786 1.0185632431560658 0.9817477042468103 0.9633399347921826 0.9878836273983529 0.8528933180644165 0.8651651643675016 0.8713010875190442 0.8160777791551611 0.9510680884890975 1.4419419406125027 1.6505633277649499 1.705786636128833 1.6444274046134073 1.7794177139473437 1.9512235621905356 2.0923497946760143 2.2580197197676637 2.2396119503130363 2.282563412373834 2.2948352586769194 2.3930100291016 2.350058567040802 1.9634954084936207 1.9941750242513334 2.012582793705961 1.9634954084936207 1.6382914814618648 1.3069516312785663 
-51.5 -51.0 -51.5 -51.5 -51.5 -51.5 -51.5 -51.5 -51.5 -51.5 -51.5 -51.5 -51.0 -51.0 -51.0 -50.5 -50.5 -50.5 -50.5 -50.5 -51.0 -50.5 -50.0 -51.0 -50.5 -52.0 -52.0 -50.5 -49.5 -50.0 -52.5 -53.0 -54.5 -53.0 -53.0 -54.0 -54.5 -53.5 -54.5 -53.0 -49.0 -49.5 -51.5 -51.5 -51.0 
1.41126232485479 1.368310862793992 1.3130875544301088 1.3192234775816514 1.3621749396424494 1.3621749396424494 1.3621749396424494 1.325359400733194 1.3867186322486196 1.3192234775816514 1.3928545554001621 1.337631247036279 1.3744467859455345 1.1780972450961724 1.41126232485479 1.3621749396424494 1.3989904785517047 1.380582709097077 1.3314953238847365 1.2701360923693108 1.0799224746714913 1.2210487071569704 1.2946797849754812 1.3130875544301088 1.2885438618239387 1.3499030933393643 1.5892040962495242 1.859184714917397 1.8960002538266525 2.110757564130642 2.1966604882522383 2.337786720737717 2.282563412373834 2.36846633649543 2.5034566458293663 2.497320722677824 2.5464081078901644 2.466641106920111 2.4850488763747385 2.4911847995262812 2.1966604882522383 2.2580197197676637 2.067806102069844 1.7241944055834606 1.5155730184310134 
-52.5 -52.5 -52.5 -53.0 -52.5 -53.0 -53.0 -53.0 -53.0 -52.5 -52.5 -52.5 -52.5 -52.5 -52.5 -52.5 -52.5 -52.5 -52.5 -52.5 -52.5 -52.5 -52.5 -52.5 -53.0 -54.0 -53.0 -52.5 -52.5 -54.0 -55.0 -54.5 -54.0 -56.0 -55.0 -55.0 -55.0 -56.0 -54.0 -56.0 -53.0 -52.0 -53.0 -53.0 -53.0 
1.227184630308513 4.362641360746763 4.313553975534423 4.368777283898306 4.356505437595221 4.374913207049849 4.1417481272912315 4.166291819897402 4.331961744989051 4.546719055293041 4.338097668140593 4.374913207049849 4.123340357836604 4.374913207049849 4.252194744018997 4.000621894805752 4.338097668140593 4.362641360746763 4.319689898685965 4.196971435655114 3.693825737228624 3.454524734318464 3.5158839658338894 5.006913291658733 5.976389149602458 5.8045833013592665 5.332117218690489 5.93343768754166 5.829126993965437 6.013204688511713 6.043884304269426 6.12365130523948 5.957981380147831 6.160466844148735 5.927301764390117 5.896622148632405 5.5100589900852235 6.025476534814799 6.191146459906448 5.982525072754001 4.749204519293945 
-66.0 -65.5 -64.5 -65.5 -65.0 -65.5 -64.5 -62.0 -64.0 -65.0 -63.0 -62.5 -65.0 -62.0 -62.5 -64.0 -64.5 -64.5 -61.5 -65.0 -63.5 -63.5 -67.0 -69.5 -62.5 -59.5 -63.0 -62.5 -63.0 -63.5 -62.0 -63.5 -64.5 -63.0 -62.0 -62.0 -64.0 -56.0 -58.5 -63.0 -69.5 
5.227806525114265 4.908738521234052 5.117359908386499 4.822835597112456 1.945087639038993 1.932815792735908 5.105088062083414 1.9205439464328227 1.8530487917658545 4.97623367590102 4.921010367537137 4.902602598082509 5.006913291658733 5.049864753719531 5.043728830567988 4.908738521234052 4.81056375080937 5.092816215780329 5.338253141842031 5.491651220630596 5.724816300389213 5.810719224510809 5.602097837358362 0.23930100291016002 0.607456392002714 0.09817477042468103 0.6565437772150544 0.3988350048502667 0.02454369260617026 0.0859029241215959 0.12885438618239387 6.12365130523948 6.191146459906448 0.2454369260617026 5.700272607783043 5.780039608753096 6.007068765360171 5.632777453116074 2.018718716857504 
-62.5 -61.5 -61.0 -62.5 -63.5 -63.5 -61.5 -63.0 -62.5 -60.5 -61.5 -61.5 -59.5 -59.5 -59.0 -60.5 -61.0 -61.5 -64.0 -63.0 -59.0 -57.5 -57.5 -69.0 -63.0 -65.0 -68.5 -64.0 -64.0 -64.0 -64.5 -66.0 -68.0 -68.5 -65.5 -61.5 -59.5 -61.5 -65.0 
