6.1942144214822195 3.043417883165112 3.1906800388021335 0.04295146206079795 3.5342917352885173 2.890019804376548 2.9022916506796332 3.2581751934691017 3.2643111166206444 3.1354567304382504 0.0674951546669682 2.9697868053466014 3.0372819600135696 3.3072625786814425 0.006135923151542565 2.8409324191642074 3.1906800388021335 3.129320807286708 3.1968159619536762 3.184544115650591 3.356349963893783 3.3624858870453256 3.2643111166206444 3.522019888985432 4.111068511533518 3.822680123411018 3.6876898140770815 4.049709280018092 3.785864584501762 3.693825737228624 3.3440781175906977 3.2581751934691017 3.153864499892878 3.5036121195308043 3.129320807286708 3.227495577711389 3.472932503773092 3.859495662320273 4.09266074207889 3.1661363461959633 0.48473792897186263 0.06135923151542565 2.9636508821950587 2.9636508821950587 
-68.5 -69.0 -68.5 -68.5 -68.5 -68.0 -68.0 -68.0 -68.5 -68.5 -69.0 -66.0 -67.5 -68.0 -68.5 -68.0 -68.0 -69.0 -67.0 -66.5 -67.5 -68.0 -67.5 -66.5 -65.0 -64.0 -64.5 -65.0 -64.0 -62.5 -62.0 -63.0 -63.5 -63.5 -63.5 -64.0 -63.0 -65.0 -66.5 -64.5 -67.5 -67.0 -64.0 -63.5 
2.6016314162540475 2.6384469551633027 2.564815877344792 2.724349879284899 2.662990647769473 2.662990647769473 2.5402721847386216 2.5586799541932495 2.5586799541932495 2.6261751088602177 2.5586799541932495 2.2948352586769194 2.5954954931025047 2.6200391857086753 2.5893595699509624 2.6261751088602177 2.705942109830271 2.552544031041707 2.442097414313941 2.5832236467994196 2.5034566458293663 2.521864415283994 2.5770877236478773 2.8102528034064944 2.6813984172241008 2.6813984172241008 3.08636934522591 3.141592653589793 3.172272269347506 3.074097498922825 2.8532042654672924 3.018874190558942 2.761165418194154 2.816388726558037 2.82252464970958 2.9206994201342606 2.988194574801229 3.5342917352885173 2.2457478734645786 2.2518837966161214 2.3623304133438876 2.141437179888355 2.030990563160589 
-63.5 -63.0 -62.5 -63.5 -63.5 -63.5 -63.0 -63.0 -63.0 -62.0 -63.0 -63.0 -63.0 -63.5 -62.5 -63.5 -62.0 -63.0 -63.0 -63.0 -63.0 -63.0 -62.0 -61.5 -61.5 -61.5 -63.0 -62.0 -62.0 -61.5 -61.5 -63.0 -63.0 -62.5 -63.0 -62.5 -63.5 -65.0 -63.0 -61.5 -61.5 -61.0 -61.0 
0.607456392002714 0.6810874698212247 0.6810874698212247 0.6135923151542565 0.6933593161243098 0.7117670855789375 0.6994952392758523 0.6565437772150544 0.6933593161243098 0.662679700366597 0.6933593161243098 0.6872233929727672 0.705631162427395 0.6320000846088841 0.662679700366597 0.6442719309119693 0.7179030087304801 0.6688156235181395 0.6810874698212247 0.6933593161243098 0.6442719309119693 0.7179030087304801 0.7179030087304801 0.9203884727313847 0.9878836273983529 0.9387962421860124 1.3314953238847365 1.1228739367322893 0.8958447801252144 0.8958447801252144 0.9572040116406401 0.859029241215959 0.8713010875190442 0.7792622402459057 0.9019807032767571 0.859029241215959 0.9019807032767571 1.1596894756415448 1.3130875544301088 1.030835089459151 0.9203884727313847 1.0737865515199487 1.030835089459151 0.9817477042468103 0.9572040116406401 
-51.0 -51.0 -51.0 -51.0 -51.0 -51.0 -51.0 -51.0 -51.0 -51.0 -51.0 -50.5 -51.0 -51.0 -51.0 -51.0 -51.0 -51.0 -51.0 -51.0 -51.0 -51.0 -52.0 -53.5 -55.0 -56.0 -54.0 -52.0 -53.0 -55.5 -53.5 -53.0 -53.0 -53.0 -53.5 -54.5 -53.0 -51.0 -54.0 -54.0 -53.5 -52.5 -51.5 -50.0 -50.0 
0.7117670855789375 0.6994952392758523 0.760854470791278 0.6565437772150544 0.7179030087304801 0.760854470791278 0.7240389318820226 0.7547185476397354 0.7669903939428205 0.7301748550335652 0.7363107781851077 0.6504078540635119 0.7485826244881929 0.7240389318820226 0.7669903939428205 0.6994952392758523 0.7179030087304801 0.7669903939428205 0.7485826244881929 0.7547185476397354 0.7117670855789375 0.7301748550335652 0.6749515466696822 0.9633399347921826 1.0983302441261191 1.3560390164909069 1.4358060174609601 1.2455923997631406 1.1474176293384597 1.1535535524900022 1.227184630308513 1.1535535524900022 1.141281706186917 1.2087768608538851 1.2087768608538851 1.2578642460662257 1.1658253987930873 1.282407938672396 1.4603497100671303 1.4664856332186729 1.3069516312785663 1.1719613219446299 1.012427320004523 0.9510680884890975 0.9019807032767571 
-51.0 -51.5 -51.5 -51.5 -51.5 -51.5 -51.0 -51.0 -51.0 -51.5 -51.5 -51.5 -51.5 -51.5 -51.0 -51.5 -51.5 -51.5 -51.5 -51.0 -51.5 -51.5 -52.0 -51.5 -52.5 -52.0 -51.0 -50.5 -50.0 -51.5 -50.5 -50.5 -50.5 -51.0 -50.5 -50.5 -50.5 -50.5 -51.0 -52.0 -52.5 -51.5 -51.5 -50.5 -50.5 
1.0921943209745766 1.0921943209745766 1.1719613219446299 1.1167380135807468 1.0983302441261191 1.1780972450961724 1.0983302441261191 1.2087768608538851 1.1106020904292042 1.1351457830353744 1.1965050145508 0.8835729338221293 1.1965050145508 1.1290098598838318 1.1290098598838318 1.1474176293384597 1.1044661672776617 1.1167380135807468 1.1719613219446299 1.0983302441261191 1.2210487071569704 1.1106020904292042 1.227184630308513 1.6751070203711202 1.9941750242513334 1.8714565612204823 1.6260196351587797 1.3437671701878218 1.380582709097077 1.4542137869155878 1.3989904785517047 1.4664856332186729 1.3989904785517047 1.4173982480063325 1.4603497100671303 1.4726215563702154 1.4419419406125027 1.4726215563702154 1.6505633277649499 1.9757672547967058 1.9757672547967058 1.9696313316451632 1.736466251886546 1.3867186322486196 1.337631247036279 
-55.5 -55.0 -55.5 -55.5 -55.0 -55.5 -55.5 -55.5 -55.5 -55.5 -55.5 -55.5 -55.0 -55.5 -55.5 -55.5 -55.5 -56.0 -55.5 -55.5 -55.5 -56.0 -57.0 -56.0 -53.5 -52.0 -50.0 -51.5 -52.0 -52.0 -52.5 -52.5 -52.5 -52.0 -52.0 -52.0 -52.5 -52.0 -49.0 -50.5 -54.0 -55.0 -56.0 -56.5 -56.0 
1.3069516312785663 1.380582709097077 1.3499030933393643 1.380582709097077 1.3621749396424494 1.380582709097077 1.3621749396424494 1.4051264017032472 1.3928545554001621 1.3867186322486196 1.368310862793992 1.41126232485479 1.3867186322486196 1.4848934026733007 1.4173982480063325 1.3928545554001621 1.3314953238847365 1.325359400733194 1.3744467859455345 1.4173982480063325 1.423534171157875 1.3867186322486196 1.3989904785517047 1.7303303287350031 2.0493983326152168 1.9941750242513334 1.761009944492716 1.7916895602504288 1.8530487917658545 1.9757672547967058 1.9205439464328227 1.9512235621905356 1.88986433067511 1.932815792735908 1.88986433067511 1.9082721001297376 1.9819031779482483 1.7548740213411735 1.8960002538266525 1.9819031779482483 2.0800779483729293 2.012582793705961 1.761009944492716 1.6137477888556946 1.6444274046134073 
-54.0 -54.0 -54.0 -54.0 -54.0 -54.0 -54.0 -54.0 -54.0 -54.0 -54.0 -54.0 -54.0 -54.0 -54.0 -54.5 -54.5 -54.5 -54.0 -54.0 -54.5 -54.5 -55.5 -54.5 -53.5 -52.0 -53.5 -55.0 -56.5 -56.5 -56.5 -56.0 -55.0 -56.0 -56.0 -56.5 -56.0 -55.5 -53.0 -52.5 -52.5 -53.0 -54.5 -54.0 -53.5 
4.675573441475434 4.491495746929157 4.558990901596125 4.614214209960009 4.614214209960009 4.620350133111551 4.608078286808466 4.479223900626073 4.491495746929157 4.675573441475434 4.657165672020807 4.577398671050753 4.552854978444583 4.601942363656923 4.552854978444583 4.522175362686871 4.632621979414636 4.601942363656923 4.583534594202296 4.589670517353839 4.595806440505381 4.6878452877785195 4.81056375080937 4.9823695990525625 5.71868037723767 5.700272607783043 5.301437602932776 5.141903600992669 5.356660911296659 4.878058905476339 4.945554060143307 5.074408446325701 5.227806525114265 5.190990986205009 5.197126909356553 4.884194828627882 5.258486140871978 5.368932757599744 5.21553467881118 5.620505606812989 5.853670686571607 5.356660911296659 5.47937937432751 5.135767677841127 4.859651136021712 
-64.0 -63.5 -64.5 -63.0 -63.5 -64.0 -63.5 -64.0 -64.0 -62.5 -63.5 -63.5 -64.0 -64.0 -64.5 -64.0 -64.0 -64.0 -65.0 -63.5 -64.0 -65.0 -65.5 -65.0 -64.5 -60.0 -58.5 -60.0 -60.5 -60.5 -61.0 -62.0 -62.0 -61.5 -61.0 -60.5 -60.0 -60.0 -59.0 -58.5 -62.5 -63.5 -62.5 -61.5 -62.0 
4.405592822807561 4.430136515413731 4.700117134081604 4.381049130201391 4.97623367590102 4.417864669110647 4.3933209765044765 1.4664856332186729 4.546719055293041 4.356505437595221 1.4051264017032472 3.1784081924990484 4.04357335686655 1.3989904785517047 4.632621979414636 4.7307967498393175 4.558990901596125 1.4603497100671303 5.6941366846315 5.45483568172134 5.632777453116074 5.651185222570702 5.393476450205914 6.129787228391022 5.5714182216006485 5.786175531904639 5.921165841238575 5.884350302329319 5.8475347634200645 5.816855147662351 5.798447378207723 6.234097921967246 2.024854640009046 2.2641556429192065 5.651185222570702 5.964117303299373 5.565282298449106 5.442563835418255 4.97623367590102 4.884194828627882 
-71.0 -70.5 -69.0 -67.5 -69.5 -67.0 -69.5 -69.5 -69.0 -69.0 -69.5 -69.5 -68.5 -70.0 -70.0 -69.5 -67.5 -71.0 -70.0 -66.0 -63.0 -60.5 -64.0 -68.0 -63.0 -66.0 -65.5 -65.0 -65.0 -66.5 -65.0 -66.5 -71.0 -63.5 -63.0 -64.0 -62.5 -64.0 -65.0 -66.5 
