3.160000423044421 3.11091303783208 3.129320807286708 3.067961575771282 3.2029518851052186 3.0127382674073995 3.147728576741336 2.988194574801229 3.117048960983623 3.2397674240144743 6.1850105367549055 3.0127382674073995 3.2090878082567613 3.0127382674073995 2.9329712664373457 3.06182565261974 2.9206994201342606 3.3502140407422405 3.5772431973493153 4.227651051412827 3.6754179677739964 3.8717675086233583 3.380893656499953 3.890175278077986 3.5281558121369745 3.6324665057131984 3.761320891895592 3.6815538909255388 3.5588354278946874 3.3440781175906977 3.380893656499953 3.4913402732277192 3.5711072741977725 3.147728576741336 2.9329712664373457 3.0250101137104846 2.9084275738311756 2.9084275738311756 2.9943304979527716 
-63.5 -63.0 -64.0 -64.5 -63.5 -63.0 -63.5 -64.0 -63.5 -64.5 -64.0 -64.0 -62.5 -65.0 -63.5 -65.0 -67.0 -72.5 -68.0 -67.0 -68.0 -69.0 -70.5 -70.0 -70.5 -68.5 -66.0 -66.5 -67.0 -68.0 -65.0 -63.5 -65.0 -65.0 -64.0 -63.0 -63.0 -63.5 -62.5 
2.2764274892222915 2.313243028131547 2.3009711818284617 2.227340104009951 2.2334760271614935 2.3009711818284617 2.2886993355253766 2.2948352586769194 2.2886993355253766 2.2580197197676637 2.3193789512830896 2.2764274892222915 5.442563835418255 2.2457478734645786 2.2518837966161214 2.350058567040802 2.1353012567368124 2.184388641949153 2.405281875404685 2.5586799541932495 2.6998061866787286 2.779573187648782 3.0372819600135696 2.9575149590435164 2.675262494072558 2.5954954931025047 2.36846633649543 2.448233337465483 2.435961491162398 2.5402721847386216 2.859340188618835 3.1906800388021335 3.0250101137104846 2.705942109830271 2.2641556429192065 2.3193789512830896 2.325514874434632 2.2457478734645786 2.061670178918302 2.1353012567368124 2.055534255766759 2.116893487282185 2.172116795646068 
-61.0 -63.0 -62.5 -61.5 -62.5 -62.0 -63.0 -62.5 -62.0 -62.5 -62.5 -62.0 -63.0 -62.5 -62.5 -62.5 -62.5 -62.0 -62.5 -62.5 -62.5 -62.5 -64.5 -62.5 -63.5 -65.0 -65.0 -64.5 -65.0 -65.0 -63.0 -63.5 -65.5 -65.0 -64.0 -62.5 -62.0 -62.5 -63.5 -63.0 -63.0 -62.5 -63.0 
1.086058397823034 1.0676506283684062 1.1044661672776617 1.0676506283684062 1.0983302441261191 1.0737865515199487 1.0983302441261191 1.055378782065321 1.0799224746714913 1.030835089459151 1.055378782065321 1.012427320004523 1.030835089459151 1.0369710126106935 1.0492428589137786 0.9756117810952678 0.9940195505498954 1.000155473701438 1.030835089459151 1.0676506283684062 0.944932165337555 0.9265243958829272 1.4787574795217582 1.055378782065321 1.0369710126106935 1.1228739367322893 0.9940195505498954 1.0246991663076084 1.0676506283684062 1.030835089459151 1.0676506283684062 1.055378782065321 1.2455923997631406 1.2333205534600555 0.9510680884890975 1.0185632431560658 1.030835089459151 0.9203884727313847 0.8774370106705868 0.8651651643675016 0.8344855486097889 0.8528933180644165 0.9142525495798421 
-49.0 -49.0 -49.0 -49.0 -49.0 -49.0 -49.0 -49.5 -49.0 -49.5 -49.0 -49.5 -49.5 -49.5 -49.5 -49.5 -49.5 -50.0 -51.5 -54.0 -55.0 -56.0 -54.5 -52.5 -54.5 -55.0 -55.0 -55.0 -55.0 -54.5 -54.5 -53.0 -52.0 -54.5 -53.0 -52.5 -51.5 -50.5 -50.0 -50.0 -50.0 -49.5 -49.5 
1.0737865515199487 1.0737865515199487 1.0983302441261191 1.0185632431560658 1.0062913968529805 1.0615147052168636 1.055378782065321 1.1044661672776617 1.0799224746714913 1.1228739367322893 1.086058397823034 1.0799224746714913 1.1290098598838318 1.055378782065321 1.0676506283684062 1.0185632431560658 1.0185632431560658 1.0799224746714913 1.0615147052168636 1.141281706186917 1.1658253987930873 1.368310862793992 1.5707963267948966 1.325359400733194 1.4480778637640452 1.4358060174609601 1.3314953238847365 1.337631247036279 1.325359400733194 1.3744467859455345 1.4480778637640452 1.3989904785517047 1.380582709097077 1.6321555583103222 1.4419419406125027 1.2455923997631406 1.1658253987930873 1.000155473701438 0.859029241215959 0.8406214717613314 0.8651651643675016 0.8651651643675016 0.8406214717613314 
-49.5 -49.5 -49.5 -49.5 -49.5 -49.5 -49.5 -49.5 -49.5 -49.5 -49.5 -49.5 -49.5 -49.5 -49.5 -49.5 -49.5 -50.0 -50.0 -51.0 -52.5 -53.0 -51.5 -51.5 -52.0 -51.5 -51.0 -52.0 -51.5 -51.5 -51.5 -51.5 -50.5 -52.5 -53.0 -52.5 -51.5 -51.5 -51.5 -51.5 -51.5 -51.0 -50.5 
1.4480778637640452 1.4051264017032472 1.4173982480063325 1.4358060174609601 1.4726215563702154 1.4603497100671303 1.4603497100671303 1.4296700943094176 1.4358060174609601 1.3744467859455345 1.521708941582556 1.423534171157875 1.4787574795217582 1.4971652489763858 1.4358060174609601 1.3989904785517047 1.380582709097077 1.5462526341887264 1.6935147898257479 1.9634954084936207 2.073942025221387 2.2150682577068657 1.945087639038993 1.8775924843720249 1.8100973297050567 1.8653206380689396 1.8530487917658545 1.7794177139473437 1.7732817907958012 1.761009944492716 1.8530487917658545 1.7978254834019713 1.7303303287350031 2.061670178918302 2.184388641949153 2.1230294104337273 1.9205439464328227 1.748738098189631 1.4971652489763858 1.41126232485479 1.2517283229146832 1.2640001692177683 1.2578642460662257 
-55.0 -55.5 -55.0 -55.0 -55.0 -55.0 -55.5 -55.5 -55.5 -55.5 -55.5 -55.5 -55.5 -55.0 -55.0 -55.0 -55.5 -56.5 -56.5 -56.5 -56.5 -54.5 -50.0 -52.0 -52.0 -53.0 -53.5 -54.0 -54.0 -54.0 -52.5 -52.5 -51.5 -50.0 -53.5 -54.5 -56.0 -57.0 -57.0 -56.0 -55.5 -55.5 -54.5 
1.7303303287350031 1.7303303287350031 1.748738098189631 1.7548740213411735 1.748738098189631 1.748738098189631 1.7548740213411735 1.8039614065535141 1.7671458676442586 1.7548740213411735 1.748738098189631 1.7732817907958012 1.7426021750380885 1.7548740213411735 1.761009944492716 1.7241944055834606 1.6812429435226628 1.6689710972195777 1.6935147898257479 1.9144080232812801 2.086213871524472 2.2764274892222915 2.018718716857504 2.1659808724945253 2.1046216409791 2.024854640009046 2.1537090261914402 2.172116795646068 2.1598449493429825 2.2641556429192065 1.9634954084936207 2.184388641949153 2.043262409463674 2.055534255766759 2.1659808724945253 2.086213871524472 1.8960002538266525 1.6260196351587797 1.5155730184310134 1.552388557340269 1.5585244804918115 1.533980787885641 1.5585244804918115 
-53.0 -52.0 -53.0 -52.5 -52.5 -53.0 -52.5 -53.0 -52.5 -53.0 -53.0 -53.0 -52.5 -53.0 -52.5 -53.0 -53.0 -53.5 -54.5 -55.0 -55.5 -54.0 -53.0 -54.5 -54.5 -56.5 -56.5 -54.5 -55.0 -56.5 -56.5 -55.5 -54.5 -53.0 -53.0 -54.0 -54.5 -55.5 -55.0 -54.5 -54.5 -54.0 -54.0 
5.043728830567988 4.933282213840222 5.098952138931871 4.97623367590102 4.822835597112456 4.970097752749477 5.092816215780329 4.9394181369917645 4.933282213840222 4.92714629068868 5.080544369477243 5.111223985234957 5.037592907416445 4.988505522204105 4.970097752749477 4.884194828627882 5.154175447295755 5.006913291658733 5.344389064993574 5.203262832508095 5.436427912266712 5.798447378207723 5.436427912266712 5.626641529964532 5.602097837358362 5.325981295538946 5.307573526084319 5.6941366846315 5.712544454086128 5.313709449235861 5.338253141842031 5.50392306693368 5.43029198911517 5.608233760509904 5.927301764390117 5.767767762450011 5.681864838328415 5.516194913236766 5.246214294568893 5.049864753719531 5.006913291658733 5.056000676871073 4.847379289718626 
-61.5 -61.5 -61.0 -60.5 -61.5 -61.5 -61.5 -61.0 -62.0 -61.5 -62.0 -62.0 -62.0 -61.5 -62.5 -61.5 -62.5 -62.5 -63.5 -63.0 -65.5 -59.0 -59.5 -60.0 -58.5 -60.0 -62.0 -61.0 -61.0 -62.5 -59.5 -59.5 -59.0 -57.5 -58.5 -63.0 -64.0 -63.5 -64.0 -63.0 -63.5 -63.5 -63.0 
4.957825906446392 4.718524903536232 4.878058905476339 4.921010367537137 4.914874444385594 4.921010367537137 4.908738521234052 4.9394181369917645 4.755340442445488 4.773748211900116 4.878058905476339 5.006913291658733 4.97623367590102 4.743068596142402 4.97623367590102 4.822835597112456 4.994641445355648 4.9823695990525625 2.2150682577068657 5.9088939949354895 0.018407769454627694 6.068427996875596 5.970253226450915 6.154330920997192 6.191146459906448 5.964117303299373 6.007068765360171 5.976389149602458 6.086835766330224 2.024854640009046 5.497787143782138 5.970253226450915 5.773903685601553 5.47937937432751 2.2027964114037806 1.705786636128833 1.7119225592803755 4.878058905476339 4.822835597112456 
-63.0 -63.0 -62.5 -61.5 -63.0 -63.0 -63.5 -63.0 -63.5 -63.5 -63.0 -63.5 -63.5 -64.0 -63.0 -64.0 -64.0 -64.0 -67.0 -64.0 -70.0 -66.5 -65.0 -66.5 -66.5 -65.5 -67.0 -66.5 -67.0 -67.5 -63.0 -64.0 -63.5 -65.5 -70.5 -69.0 -68.0 -66.0 -65.5 
