3.2704470397721868 3.2520392703175593 3.0127382674073995 3.067961575771282 3.497476196379262 3.117048960983623 3.0925052683774528 3.117048960983623 3.2397674240144743 3.497476196379262 3.1784081924990484 3.141592653589793 3.2336315008629315 3.1661363461959633 3.1231848841351653 3.117048960983623 3.0066023442558567 2.945243112740431 3.1231848841351653 3.902447124381071 4.2031073588066565 4.516039439535327 3.6876898140770815 3.54042765844006 3.822680123411018 3.6999616603801666 3.448388811166921 3.4606606574700063 3.4606606574700063 0.34974761963792617 3.6079228131070282 3.77972866135022 3.80427235395639 3.650874275167826 0.0674951546669682 3.3011266555298997 3.3011266555298997 2.8532042654672924 2.748893571891069 3.153864499892878 2.9636508821950587 
-63.0 -62.5 -63.0 -64.0 -63.5 -64.0 -63.5 -61.5 -63.5 -63.0 -63.5 -63.5 -62.5 -62.5 -63.5 -63.5 -63.5 -64.0 -64.5 -70.0 -69.0 -64.0 -65.5 -69.0 -69.5 -70.0 -69.0 -67.5 -68.0 -67.5 -65.0 -64.0 -66.5 -65.5 -67.5 -65.0 -66.5 -65.0 -62.0 -63.0 -62.0 
2.172116795646068 2.227340104009951 2.1966604882522383 2.356194490192345 2.2641556429192065 2.2457478734645786 2.2212041808584084 2.399145952253143 2.1966604882522383 2.2948352586769194 2.3193789512830896 2.0923497946760143 2.3746022596469727 2.12916533358527 2.724349879284899 2.282563412373834 2.2580197197676637 2.466641106920111 2.1475731030398975 2.2150682577068657 2.227340104009951 2.6323110320117604 2.8532042654672924 2.6568547246179306 2.9697868053466014 2.7550294950426117 2.773437264497239 2.767301341345697 2.718213956133356 2.521864415283994 2.509592568980909 2.564815877344792 2.650718801466388 2.890019804376548 3.0495538063166547 3.2888548092268146 3.0802334220743677 2.859340188618835 2.3746022596469727 2.356194490192345 2.1353012567368124 2.067806102069844 1.8223691760081417 5.350524988145116 
-62.5 -62.5 -62.0 -61.5 -62.0 -63.5 -62.0 -62.5 -62.0 -61.0 -62.5 -62.0 -62.0 -63.0 -62.5 -62.5 -62.5 -62.0 -63.0 -63.0 -63.5 -61.5 -61.5 -61.5 -62.0 -61.5 -64.0 -65.5 -62.5 -65.0 -64.0 -62.0 -64.0 -63.5 -63.0 -63.5 -65.0 -63.5 -65.0 -63.5 -61.5 -61.5 -61.5 -63.0 
1.043106935762236 0.9940195505498954 1.0492428589137786 1.0615147052168636 1.0983302441261191 1.086058397823034 1.1044661672776617 1.055378782065321 1.0737865515199487 1.030835089459151 1.0492428589137786 1.012427320004523 1.012427320004523 1.0369710126106935 1.0492428589137786 1.000155473701438 1.0185632431560658 0.9817477042468103 0.8897088569736719 0.9510680884890975 1.0737865515199487 1.1965050145508 1.3560390164909069 1.1535535524900022 0.9756117810952678 1.0615147052168636 1.0737865515199487 1.0062913968529805 0.8713010875190442 0.9203884727313847 0.9756117810952678 0.9756117810952678 0.9756117810952678 1.0062913968529805 1.0799224746714913 1.3867186322486196 1.380582709097077 0.9878836273983529 1.086058397823034 1.0246991663076084 0.8528933180644165 0.9142525495798421 0.9510680884890975 1.030835089459151 
-49.0 -49.0 -49.0 -49.0 -49.0 -49.0 -49.0 -49.0 -49.0 -49.0 -49.0 -49.0 -49.0 -49.0 -49.0 -49.0 -49.0 -49.0 -49.5 -51.0 -53.0 -55.0 -54.0 -51.5 -53.0 -54.0 -54.0 -53.5 -54.0 -53.5 -53.5 -54.0 -54.0 -53.5 -51.5 -52.5 -54.0 -53.5 -52.5 -51.5 -50.0 -50.5 -50.0 -50.0 
1.030835089459151 1.000155473701438 1.0737865515199487 1.043106935762236 1.1044661672776617 1.0676506283684062 1.1167380135807468 1.086058397823034 1.0615147052168636 1.030835089459151 1.0369710126106935 1.0615147052168636 1.012427320004523 0.9081166264282996 1.0492428589137786 1.055378782065321 0.9756117810952678 0.9817477042468103 0.9142525495798421 0.8958447801252144 1.0062913968529805 1.086058397823034 1.3744467859455345 1.2640001692177683 1.282407938672396 1.380582709097077 1.3069516312785663 1.227184630308513 1.2701360923693108 1.3008157081270237 1.2210487071569704 1.239456476611598 1.3192234775816514 1.3069516312785663 1.239456476611598 1.3621749396424494 1.4419419406125027 1.4664856332186729 1.227184630308513 0.9940195505498954 0.8528933180644165 0.8835729338221293 0.8528933180644165 0.9510680884890975 
-50.0 -49.5 -49.5 -49.5 -49.5 -49.5 -49.5 -49.5 -49.5 -49.5 -50.0 -50.0 -50.0 -50.0 -49.5 -49.5 -50.0 -50.5 -50.5 -51.0 -51.0 -51.5 -52.0 -51.0 -52.0 -51.0 -51.0 -51.0 -51.5 -51.0 -51.0 -50.5 -51.0 -51.0 -50.5 -50.0 -51.0 -52.5 -52.5 -51.5 -51.0 -51.0 -51.0 -50.5 
1.3621749396424494 1.3437671701878218 1.4296700943094176 1.4358060174609601 1.4296700943094176 1.41126232485479 1.4480778637640452 1.4419419406125027 1.4051264017032472 1.3867186322486196 1.423534171157875 1.3560390164909069 1.337631247036279 1.380582709097077 1.337631247036279 1.3560390164909069 1.3314953238847365 1.3437671701878218 1.3069516312785663 1.3989904785517047 1.6505633277649499 2.0493983326152168 1.8653206380689396 1.6812429435226628 1.7119225592803755 1.5830681730979816 1.6566992509164924 1.6444274046134073 1.4542137869155878 1.5953400194010667 1.5033011721279284 1.552388557340269 1.5585244804918115 1.6505633277649499 1.6137477888556946 1.6137477888556946 1.8346410223112268 2.086213871524472 2.098485717827557 1.8100973297050567 1.5462526341887264 1.3314953238847365 1.2701360923693108 1.2885438618239387 
-54.5 -54.0 -54.0 -54.0 -54.5 -54.0 -54.0 -54.5 -54.5 -54.0 -54.5 -54.0 -54.5 -54.5 -54.5 -55.0 -54.5 -54.5 -54.5 -56.0 -56.5 -54.5 -51.0 -51.0 -51.5 -52.0 -52.5 -53.0 -53.0 -53.0 -53.0 -52.5 -52.0 -52.5 -51.0 -51.0 -49.0 -54.0 -54.5 -56.5 -57.0 -56.5 -55.0 -54.0 
1.748738098189631 1.8346410223112268 1.7978254834019713 1.7855536370988863 1.761009944492716 1.7916895602504288 1.8039614065535141 1.7855536370988863 1.8039614065535141 1.8039614065535141 1.7794177139473437 1.7732817907958012 1.7241944055834606 1.7241944055834606 1.7241944055834606 1.6689710972195777 1.6812429435226628 1.6812429435226628 1.5830681730979816 1.4603497100671303 1.5033011721279284 1.7855536370988863 2.043262409463674 1.9082721001297376 2.061670178918302 1.9941750242513334 1.8714565612204823 2.024854640009046 2.018718716857504 2.018718716857504 2.024854640009046 1.9634954084936207 1.8530487917658545 1.9512235621905356 1.9573594853420782 1.8960002538266525 1.8100973297050567 2.024854640009046 2.018718716857504 1.7303303287350031 1.5830681730979816 1.552388557340269 1.6382914814618648 1.6689710972195777 
-52.5 -52.5 -53.0 -52.5 -52.5 -52.0 -52.5 -52.5 -52.5 -52.5 -53.0 -53.0 -52.5 -53.0 -52.5 -53.0 -53.0 -53.0 -53.5 -55.0 -55.0 -57.5 -52.5 -54.5 -54.0 -54.5 -56.5 -56.0 -54.5 -55.0 -55.0 -56.0 -56.0 -54.5 -55.0 -53.0 -53.0 -52.5 -53.0 -54.5 -55.0 -53.0 -53.0 -53.0 
4.963961829597935 5.111223985234957 5.037592907416445 4.970097752749477 4.945554060143307 4.908738521234052 4.779884135051658 4.970097752749477 5.019185137961818 4.841243366567084 5.0253210611133605 5.006913291658733 5.049864753719531 5.00077736850719 4.957825906446392 4.822835597112456 4.865787059173254 4.896466674930966 4.853515212870168 4.896466674930966 5.190990986205009 5.166447293598839 5.47937937432751 5.755495916146925 5.460971604872882 5.473243451175968 5.393476450205914 5.21553467881118 5.190990986205009 5.45483568172134 5.47937937432751 5.203262832508095 5.031456984264903 5.086680292628786 5.307573526084319 5.344389064993574 5.387340527054372 5.301437602932776 5.878214379177777 5.638913376267617 5.301437602932776 5.129631754689584 5.135767677841127 4.988505522204105 4.988505522204105 
-61.5 -62.5 -61.0 -61.0 -61.0 -62.0 -61.5 -61.5 -62.5 -61.5 -61.0 -62.0 -62.0 -62.0 -62.5 -62.0 -62.0 -62.0 -62.5 -62.5 -63.0 -63.0 -66.5 -58.0 -59.5 -57.5 -59.0 -60.0 -61.5 -62.5 -61.5 -62.0 -61.0 -59.0 -59.0 -59.0 -60.0 -58.0 -59.0 -64.0 -63.5 -62.5 -63.0 -62.5 -62.5 
4.988505522204105 5.080544369477243 5.049864753719531 5.006913291658733 4.902602598082509 5.00077736850719 5.117359908386499 5.056000676871073 5.006913291658733 5.154175447295755 5.006913291658733 5.019185137961818 4.994641445355648 5.00077736850719 4.994641445355648 4.92714629068868 5.013049214810275 5.240078371417351 1.9757672547967058 2.2027964114037806 0.16566992509164924 5.7616318392984684 6.074563920027139 0.14112623248547898 5.786175531904639 6.062292073724054 5.970253226450915 5.93343768754166 5.957981380147831 5.884350302329319 5.9518454569962875 5.964117303299373 5.964117303299373 6.117515382087937 2.116893487282185 5.93343768754166 5.516194913236766 5.411884219660542 4.239922897715912 5.0682725231741586 5.184855063053467 5.289165756629691 
-63.5 -63.0 -64.0 -62.5 -62.0 -62.0 -62.5 -63.0 -62.5 -62.5 -63.5 -63.5 -62.5 -63.5 -63.5 -64.5 -62.5 -64.0 -68.0 -72.0 -76.5 -59.0 -73.5 -67.0 -66.0 -67.5 -66.0 -65.5 -64.5 -63.5 -65.0 -66.0 -64.0 -67.0 -64.5 -64.0 -64.5 -64.5 -67.0 -64.0 -63.0 -64.5 
