2.9268353432858034 3.147728576741336 6.2463697682703305 2.7857091108003242 6.227961998815704 3.08636934522591 2.945243112740431 6.240233845118788 2.9697868053466014 6.191146459906448 2.9575149590435164 6.2034183062095325 2.834796496012665 6.215690152512618 2.7550294950426117 2.6568547246179306 4.215379205109742 3.785864584501762 3.313398501832985 0.662679700366597 3.9208548938356986 3.472932503773092 3.80427235395639 0.7117670855789375 0.02454369260617026 3.227495577711389 2.8102528034064944 2.7979809571034093 2.779573187648782 2.791845033951867 2.761165418194154 2.7857091108003242 2.773437264497239 
-64.5 -63.5 -64.5 -62.5 -64.5 -63.5 -62.0 -64.5 -63.5 -64.0 -64.0 -64.5 -63.5 -64.5 -63.0 -63.5 -65.0 -66.5 -67.5 -71.0 -65.5 -64.0 -67.0 -71.0 -68.0 -66.0 -65.0 -65.5 -64.0 -64.5 -64.5 -65.0 -64.5 
2.1537090261914402 2.2886993355253766 2.184388641949153 2.055534255766759 2.270291566070749 2.086213871524472 2.073942025221387 2.227340104009951 1.88986433067511 2.282563412373834 2.1598449493429825 2.12916533358527 2.055534255766759 1.9266798695843652 2.2089323345553233 2.098485717827557 1.902136176978195 2.12916533358527 2.098485717827557 2.1537090261914402 2.6384469551633027 2.5954954931025047 2.9022916506796332 2.816388726558037 2.564815877344792 2.466641106920111 2.2641556429192065 2.356194490192345 2.2457478734645786 2.442097414313941 2.411417798556228 2.2518837966161214 2.5586799541932495 2.742757648739526 3.074097498922825 2.82252464970958 2.1353012567368124 2.141437179888355 2.0064468705544187 1.9082721001297376 1.8960002538266525 1.9634954084936207 2.116893487282185 2.1353012567368124 2.1537090261914402 
-61.5 -63.0 -63.5 -62.5 -63.0 -61.5 -62.0 -62.5 -62.5 -62.5 -62.0 -62.5 -62.5 -63.0 -63.5 -61.5 -63.0 -62.5 -62.5 -62.0 -63.5 -62.0 -63.5 -62.5 -63.0 -64.0 -64.0 -63.5 -63.5 -64.0 -64.5 -63.5 -64.0 -64.0 -63.5 -65.5 -63.0 -63.0 -61.5 -61.5 -61.0 -61.0 -62.0 -62.5 -61.5 
1.1044661672776617 1.1106020904292042 1.086058397823034 1.0615147052168636 4.2123112435339705 1.0492428589137786 1.0676506283684062 1.0246991663076084 1.0676506283684062 1.0062913968529805 1.0676506283684062 1.0246991663076084 0.9878836273983529 1.043106935762236 4.147884050442774 1.043106935762236 0.9940195505498954 0.9756117810952678 0.9878836273983529 1.0615147052168636 1.1474176293384597 1.086058397823034 1.4296700943094176 1.2885438618239387 1.0246991663076084 1.055378782065321 1.1044661672776617 1.0799224746714913 1.0492428589137786 1.043106935762236 1.043106935762236 1.0369710126106935 1.0799224746714913 1.0615147052168636 1.0246991663076084 1.2210487071569704 1.4296700943094176 1.0799224746714913 1.000155473701438 1.0921943209745766 0.9756117810952678 0.9326603190344698 0.9019807032767571 0.9510680884890975 0.9510680884890975 0.9510680884890975 0.944932165337555 
-49.0 -49.0 -49.5 -49.0 -49.5 -49.0 -49.0 -49.0 -49.5 -49.0 -49.0 -49.0 -49.0 -49.0 -50.0 -49.0 -49.5 -49.5 -50.5 -51.5 -55.0 -56.0 -54.0 -52.0 -53.5 -54.5 -55.0 -54.0 -54.0 -54.5 -54.0 -54.0 -54.5 -54.0 -52.0 -50.5 -53.5 -54.5 -53.0 -52.0 -51.0 -50.5 -50.5 -50.5 -50.5 -50.0 -50.5 
1.0246991663076084 1.0185632431560658 1.0154952815802945 1.0185632431560658 4.154019973594316 1.0185632431560658 1.000155473701438 0.9633399347921826 0.9326603190344698 0.8835729338221293 0.944932165337555 0.9326603190344698 0.9326603190344698 0.9572040116406401 0.944932165337555 0.9633399347921826 0.9203884727313847 0.9203884727313847 0.9203884727313847 0.9940195505498954 1.1596894756415448 1.227184630308513 1.533980787885641 1.3621749396424494 1.4664856332186729 1.4603497100671303 1.368310862793992 1.2946797849754812 1.3008157081270237 1.337631247036279 1.3560390164909069 1.3314953238847365 1.3069516312785663 1.3744467859455345 1.2885438618239387 1.3008157081270237 1.4848934026733007 1.4910293258248433 1.325359400733194 1.0921943209745766 0.944932165337555 0.8774370106705868 0.8897088569736719 0.9081166264282996 0.9510680884890975 0.9019807032767571 0.9756117810952678 
-50.0 -50.0 -50.5 -50.0 -50.5 -50.0 -50.0 -50.5 -50.0 -50.5 -50.0 -50.5 -50.5 -50.5 -51.0 -50.5 -50.5 -50.5 -50.5 -51.0 -52.0 -52.5 -52.0 -51.5 -52.0 -51.5 -51.0 -50.5 -51.0 -51.5 -51.5 -51.5 -51.0 -51.0 -51.0 -50.5 -51.0 -52.0 -52.5 -51.5 -51.0 -50.5 -50.5 -50.5 -50.5 -50.0 -50.0 
1.3867186322486196 1.4358060174609601 4.586602555778067 1.4296700943094176 1.4173982480063325 1.4051264017032472 1.3437671701878218 1.3437671701878218 1.3499030933393643 1.3314953238847365 1.368310862793992 1.3192234775816514 1.368310862793992 1.325359400733194 4.512971477959557 1.3314953238847365 1.3130875544301088 1.3989904785517047 1.4603497100671303 1.748738098189631 2.098485717827557 2.2027964114037806 1.9696313316451632 1.8653206380689396 1.846912868614312 1.7855536370988863 1.7855536370988863 1.7303303287350031 1.6996507129772904 1.6873788666742053 1.6382914814618648 1.6014759425526093 1.705786636128833 1.7119225592803755 1.6505633277649499 1.6260196351587797 1.6444274046134073 1.9880391010997909 2.098485717827557 2.024854640009046 1.5155730184310134 1.4296700943094176 1.3499030933393643 1.3989904785517047 1.337631247036279 1.368310862793992 1.325359400733194 
-54.5 -54.5 -55.0 -55.0 -55.5 -54.5 -54.0 -54.5 -54.5 -55.0 -54.5 -54.5 -54.5 -55.0 -55.5 -54.5 -55.5 -55.0 -55.5 -57.0 -58.0 -56.0 -51.0 -52.0 -52.0 -52.0 -53.0 -53.0 -53.5 -53.5 -53.0 -53.0 -52.5 -52.0 -51.5 -51.5 -50.0 -50.5 -54.5 -54.5 -57.0 -56.5 -56.0 -55.5 -55.0 -55.0 -55.5 
1.6505633277649499 1.6505633277649499 1.6812429435226628 1.662835174068035 1.696582751401519 1.6321555583103222 1.6260196351587797 1.6444274046134073 1.5401167110371838 1.6014759425526093 1.5892040962495242 1.6505633277649499 1.607611865704152 1.5892040962495242 4.764544327172802 1.552388557340269 1.5585244804918115 1.521708941582556 1.3989904785517047 1.576932249946439 1.8377089838869982 1.9819031779482483 2.0923497946760143 2.030990563160589 2.110757564130642 2.116893487282185 2.0371264863121317 2.073942025221387 2.073942025221387 2.1230294104337273 2.043262409463674 2.0371264863121317 1.9634954084936207 2.012582793705961 1.9941750242513334 1.859184714917397 1.9389517158874505 2.043262409463674 2.073942025221387 1.9819031779482483 1.6566992509164924 1.6137477888556946 1.6689710972195777 1.6812429435226628 1.718058482431918 1.6812429435226628 1.7303303287350031 
-53.0 -53.0 -53.5 -53.0 -53.5 -53.0 -53.0 -53.0 -53.5 -53.0 -52.5 -53.5 -53.5 -53.0 -53.5 -53.0 -53.5 -53.5 -54.0 -54.0 -55.5 -56.5 -53.0 -54.0 -55.0 -54.5 -55.5 -56.5 -56.0 -55.0 -54.5 -55.0 -56.0 -56.0 -55.0 -53.0 -53.0 -52.5 -53.0 -53.0 -54.5 -54.0 -53.5 -53.5 -53.5 -53.5 -54.0 
5.006913291658733 5.0682725231741586 4.954757944870621 5.117359908386499 4.979301637476791 4.9823695990525625 4.97623367590102 5.092816215780329 5.154175447295755 5.019185137961818 4.957825906446392 5.049864753719531 5.019185137961818 5.031456984264903 5.019185137961818 5.031456984264903 5.246214294568893 5.160311370447297 5.190990986205009 5.258486140871978 5.375068680751287 5.976389149602458 5.841398840268521 5.675728915176872 5.681864838328415 5.681864838328415 5.534602682691394 5.473243451175968 5.399612373357457 5.516194913236766 5.577554144752192 5.356660911296659 5.295301679781233 5.375068680751287 5.411884219660542 5.424156065963627 5.246214294568893 5.6573211457222445 5.957981380147831 5.411884219660542 5.264622064023521 5.013049214810275 4.878058905476339 5.080544369477243 5.013049214810275 4.890330751779424 4.963961829597935 
-61.0 -61.0 -62.5 -61.5 -62.5 -61.5 -62.0 -62.0 -63.0 -62.0 -63.0 -62.0 -61.5 -62.0 -63.0 -62.5 -62.5 -62.5 -62.5 -63.5 -64.5 -63.5 -57.0 -59.0 -57.5 -58.5 -59.5 -60.5 -62.0 -61.5 -60.0 -61.5 -59.5 -59.0 -59.0 -57.5 -60.0 -57.5 -62.0 -62.5 -63.0 -63.0 -62.0 -62.0 -61.5 -62.0 -61.5 
4.933282213840222 4.9823695990525625 1.662835174068035 4.847379289718626 4.8443113281428545 5.006913291658733 4.8351074434155406 4.828971520263998 5.056000676871073 5.246214294568893 4.914874444385594 4.994641445355648 4.994641445355648 4.957825906446392 1.7027186745530618 5.098952138931871 4.743068596142402 4.896466674930966 1.7978254834019713 2.018718716857504 2.1138255257064134 6.0991076126333095 5.270757987175063 5.939573610693203 6.074563920027139 6.086835766330224 6.031612457966341 5.988660995905543 5.994796919057086 5.976389149602458 0.25157284921324513 1.9634954084936207 5.921165841238575 6.007068765360171 5.497787143782138 5.460971604872882 4.92714629068868 5.148039524144211 5.197126909356553 4.908738521234052 5.037592907416445 5.160311370447297 
-63.0 -63.5 -64.0 -63.0 -64.0 -63.5 -63.5 -63.5 -64.5 -62.0 -63.5 -62.5 -63.0 -65.0 -65.0 -63.0 -63.5 -63.5 -67.5 -67.5 -69.5 -67.5 -61.5 -66.0 -66.0 -66.5 -66.0 -65.0 -66.5 -64.5 -68.0 -69.5 -62.5 -65.5 -63.5 -66.5 -66.5 -65.5 -64.0 -66.0 -66.5 -65.0 
