2.84706834231575 2.9759227284981438 2.9391071895888885 2.859340188618835 2.804116880254952 2.6998061866787286 2.9084275738311756 2.9759227284981438 2.82252464970958 2.791845033951867 2.8532042654672924 2.8532042654672924 2.9268353432858034 3.018874190558942 2.9513790358919736 2.859340188618835 2.890019804376548 2.8654761117703775 4.0128937411088375 3.7551849687440497 3.6815538909255388 3.117048960983623 0.16566992509164924 3.074097498922825 3.129320807286708 3.2397674240144743 3.0495538063166547 2.9943304979527716 3.522019888985432 3.6815538909255388 3.399301425954581 3.104777114680538 2.9636508821950587 3.2949907323783574 3.074097498922825 2.761165418194154 2.834796496012665 
-64.5 -63.0 -65.5 -65.0 -65.0 -64.0 -64.5 -65.0 -64.0 -64.0 -64.0 -65.0 -64.5 -64.5 -64.5 -64.5 -64.5 -65.5 -64.5 -65.5 -64.5 -65.0 -67.0 -66.0 -66.0 -65.5 -65.5 -64.5 -64.0 -66.0 -66.5 -66.5 -64.0 -64.0 -64.5 -64.0 -63.5 
2.2089323345553233 2.1230294104337273 2.116893487282185 2.098485717827557 2.073942025221387 2.116893487282185 2.2886993355253766 1.9941750242513334 2.098485717827557 2.2089323345553233 2.1046216409791 2.1782527187976104 2.184388641949153 2.0493983326152168 2.1353012567368124 2.073942025221387 2.1537090261914402 2.2150682577068657 2.1353012567368124 2.4727770300716534 2.6445828783148455 2.9697868053466014 3.0372819600135696 2.8838838812250054 2.736621725587984 2.675262494072558 5.850602724995835 2.497320722677824 2.380738182798515 2.405281875404685 2.435961491162398 2.6016314162540475 2.84706834231575 3.3747577333484107 3.0372819600135696 2.9084275738311756 2.399145952253143 2.1966604882522383 2.043262409463674 2.024854640009046 2.024854640009046 2.030990563160589 
-63.0 -62.5 -62.5 -62.5 -62.5 -63.0 -63.0 -62.5 -62.0 -62.0 -62.0 -62.5 -61.5 -62.5 -62.0 -62.5 -62.5 -62.5 -61.0 -61.5 -60.5 -64.0 -62.5 -62.5 -62.5 -63.0 -64.0 -63.0 -63.0 -62.5 -61.5 -62.0 -62.5 -64.0 -65.5 -63.5 -64.5 -63.0 -61.5 -60.5 -61.0 -61.5 
0.7669903939428205 0.7731263170943632 0.8099418560036186 0.7853981633974483 0.8099418560036186 0.8344855486097889 0.8283496254582462 0.803805932852076 0.8222137023067037 0.7853981633974483 0.7915340865489908 0.7424467013366504 0.760854470791278 0.7547185476397354 0.760854470791278 0.7731263170943632 0.7976700097005334 0.803805932852076 0.7117670855789375 0.8406214717613314 1.0062913968529805 0.944932165337555 1.214912784005428 1.2210487071569704 0.9940195505498954 1.000155473701438 0.9694758579437253 0.9970875121256667 0.9326603190344698 0.9756117810952678 1.0185632431560658 1.030835089459151 0.9940195505498954 0.944932165337555 0.9878836273983529 1.337631247036279 1.4726215563702154 1.0676506283684062 1.0983302441261191 1.1228739367322893 0.9694758579437253 0.9387962421860124 0.944932165337555 
-51.0 -51.0 -51.0 -51.5 -51.5 -51.5 -51.5 -51.0 -51.0 -51.5 -51.0 -51.0 -51.0 -51.5 -51.0 -51.5 -51.0 -51.5 -51.5 -52.5 -55.5 -57.0 -55.0 -52.0 -52.5 -54.5 -55.0 -54.5 -54.0 -53.5 -53.5 -54.0 -54.0 -55.0 -53.0 -52.0 -54.0 -55.0 -53.0 -52.0 -51.5 -51.0 -50.5 
0.7240389318820226 0.7915340865489908 0.7915340865489908 0.8099418560036186 0.7792622402459057 0.7853981633974483 0.803805932852076 0.803805932852076 0.803805932852076 0.7792622402459057 0.8099418560036186 0.7915340865489908 0.7669903939428205 0.7915340865489908 0.7731263170943632 0.7669903939428205 0.7669903939428205 0.8160777791551611 0.8099418560036186 0.859029241215959 1.0615147052168636 1.1965050145508 1.5033011721279284 1.337631247036279 1.2578642460662257 1.2946797849754812 1.3008157081270237 1.2885438618239387 1.227184630308513 1.2087768608538851 1.2640001692177683 1.3314953238847365 1.337631247036279 1.3192234775816514 1.282407938672396 1.3928545554001621 1.5278448647340985 1.5585244804918115 1.3744467859455345 1.1965050145508 1.0246991663076084 0.9817477042468103 0.8835729338221293 
-52.0 -52.0 -52.0 -51.5 -51.5 -51.5 -51.5 -51.5 -51.5 -52.0 -52.0 -51.5 -52.0 -52.0 -51.5 -52.0 -51.5 -51.5 -51.5 -51.5 -52.0 -52.5 -51.5 -50.5 -51.0 -51.0 -50.5 -51.0 -50.5 -51.0 -50.5 -51.0 -50.5 -51.0 -51.0 -50.5 -51.0 -52.0 -53.0 -52.5 -51.5 -51.0 -50.5 
1.3560390164909069 1.3069516312785663 1.3499030933393643 1.3130875544301088 1.4173982480063325 1.337631247036279 1.3192234775816514 1.3008157081270237 1.3989904785517047 1.3008157081270237 1.3928545554001621 1.3008157081270237 1.2762720155208536 1.2762720155208536 1.2701360923693108 1.2885438618239387 1.2517283229146832 1.2946797849754812 1.4848934026733007 1.6751070203711202 2.141437179888355 2.2089323345553233 1.846912868614312 1.6689710972195777 1.6382914814618648 1.6014759425526093 1.607611865704152 1.6597672124922638 1.533980787885641 1.6505633277649499 1.705786636128833 1.6689710972195777 1.6751070203711202 1.718058482431918 1.662835174068035 1.7241944055834606 1.8223691760081417 2.1537090261914402 2.270291566070749 2.1537090261914402 1.8100973297050567 1.6137477888556946 1.533980787885641 
-58.0 -58.0 -58.0 -58.0 -58.0 -58.5 -58.0 -58.0 -58.0 -58.0 -58.0 -58.0 -58.0 -58.0 -58.0 -58.0 -58.0 -58.0 -58.0 -58.0 -56.5 -54.5 -50.0 -51.0 -52.0 -52.5 -53.0 -53.5 -53.0 -53.0 -53.0 -53.0 -53.0 -53.0 -52.5 -52.0 -50.5 -51.5 -56.0 -56.5 -59.0 -58.5 -58.5 
1.4787574795217582 1.4480778637640452 1.4664856332186729 1.4848934026733007 1.4419419406125027 1.5033011721279284 1.4910293258248433 1.4726215563702154 1.2578642460662257 1.4480778637640452 1.4480778637640452 1.4603497100671303 1.509437095279471 1.3069516312785663 1.4419419406125027 1.4419419406125027 1.4296700943094176 1.4419419406125027 1.4358060174609601 1.423534171157875 1.7732817907958012 2.098485717827557 2.061670178918302 1.8100973297050567 2.055534255766759 2.030990563160589 1.9512235621905356 2.043262409463674 2.0493983326152168 2.110757564130642 2.0923497946760143 2.0493983326152168 2.1046216409791 2.073942025221387 2.141437179888355 2.0064468705544187 2.055534255766759 2.1046216409791 2.067806102069844 1.8960002538266525 1.5830681730979816 1.5462526341887264 1.6198837120072371 
-56.0 -56.0 -55.5 -56.0 -55.5 -56.0 -56.0 -55.5 -56.0 -56.0 -56.0 -55.5 -56.0 -56.0 -56.0 -55.5 -56.0 -56.0 -56.5 -57.0 -57.0 -56.5 -53.0 -55.0 -56.0 -56.0 -56.0 -58.0 -56.5 -55.5 -55.0 -56.0 -56.5 -55.5 -56.5 -55.0 -54.0 -54.5 -54.5 -54.5 -55.0 -55.0 -54.0 
5.086680292628786 5.209398755659637 5.325981295538946 5.197126909356553 5.21553467881118 4.859651136021712 5.332117218690489 5.264622064023521 5.356660911296659 5.246214294568893 5.135767677841127 5.209398755659637 5.209398755659637 5.264622064023521 5.092816215780329 5.043728830567988 5.203262832508095 5.405748296509 5.313709449235861 5.546874528994478 5.688000761479957 5.663457068873787 5.485515297479052 5.6143696836614465 5.50392306693368 5.246214294568893 5.0958841773561 5.190990986205009 5.2768939103266055 5.258486140871978 5.313709449235861 5.105088062083414 5.178719139901925 5.64504929941916 5.583690067903734 5.411884219660542 5.71868037723767 5.957981380147831 5.743224069843841 5.5714182216006485 5.418020142812084 5.289165756629691 
-64.0 -64.0 -63.5 -64.0 -64.0 -63.5 -63.5 -63.0 -64.0 -64.0 -63.5 -64.0 -63.5 -63.5 -63.5 -63.5 -64.0 -64.0 -64.0 -64.5 -62.5 -57.5 -60.0 -59.5 -59.0 -60.0 -62.5 -61.0 -61.5 -61.0 -61.5 -60.5 -60.0 -59.5 -59.0 -59.0 -57.5 -60.5 -61.5 -62.0 -62.0 -62.0 
4.847379289718626 4.743068596142402 4.583534594202296 1.509437095279471 4.491495746929157 4.675573441475434 5.006913291658733 4.847379289718626 4.534447208989955 4.681709364626977 4.95168998329485 4.319689898685965 4.565126824747668 4.111068511533518 1.5892040962495242 5.927301764390117 6.0991076126333095 5.448699758569798 3.000466421104314 6.037748381117884 5.829126993965437 5.632777453116074 5.816855147662351 6.007068765360171 5.878214379177777 5.939573610693203 5.755495916146925 5.957981380147831 5.706408530934585 6.092971689481767 1.718058482431918 4.914874444385594 5.602097837358362 5.583690067903734 5.154175447295755 4.743068596142402 4.681709364626977 4.651029748869264 
-70.0 -69.5 -70.0 -70.5 -70.0 -67.0 -68.0 -68.5 -69.5 -67.0 -69.0 -69.5 -70.0 -69.0 -73.5 -75.0 -66.0 -62.0 -79.0 -67.5 -64.5 -66.5 -68.5 -68.0 -65.5 -66.0 -67.0 -67.0 -66.0 -66.5 -76.5 -65.5 -64.0 -66.0 -64.0 -65.0 -64.5 -64.5 
