3.11091303783208 3.147728576741336 3.1784081924990484 3.098641191528995 3.129320807286708 3.184544115650591 2.9820586516496865 3.485204350076177 2.945243112740431 3.018874190558942 3.098641191528995 3.06182565261974 3.160000423044421 3.1231848841351653 3.06182565261974 3.074097498922825 3.0372819600135696 3.2213596545598464 3.3318062712876126 3.5465635815916023 3.706097583531709 3.6324665057131984 3.8410878928656453 4.037437433715008 3.6263305825616556 3.3747577333484107 3.4606606574700063 3.429981041712294 3.368621810196868 3.2213596545598464 3.3318062712876126 3.117048960983623 3.5711072741977725 3.8717675086233583 3.2397674240144743 3.043417883165112 3.1968159619536762 3.724505352986337 3.454524734318464 2.9084275738311756 2.859340188618835 2.890019804376548 3.147728576741336 3.031146036862027 
-62.5 -62.0 -62.5 -62.5 -62.0 -62.5 -62.5 -63.5 -63.0 -63.0 -63.0 -62.0 -62.5 -63.5 -60.5 -63.0 -62.0 -64.0 -66.0 -66.5 -65.0 -66.0 -66.0 -65.5 -65.0 -66.5 -65.5 -65.0 -65.5 -65.0 -65.0 -64.5 -65.0 -67.5 -65.5 -65.5 -63.5 -63.0 -64.0 -63.5 -62.0 -61.5 -63.0 -62.5 
2.423689644859313 2.399145952253143 2.423689644859313 2.405281875404685 2.3009711818284617 2.227340104009951 2.36846633649543 2.36846633649543 2.313243028131547 2.3439226438892597 2.8102528034064944 2.3009711818284617 5.4671075280244255 2.3746022596469727 2.270291566070749 2.1475731030398975 2.313243028131547 2.478912953223196 2.791845033951867 2.859340188618835 2.6875343403756435 3.2581751934691017 3.1968159619536762 3.147728576741336 2.7857091108003242 2.7550294950426117 2.736621725587984 2.7550294950426117 2.693670263527186 2.730485802436441 2.7979809571034093 3.215223731408304 3.6815538909255388 3.2765829629237295 2.6813984172241008 2.2886993355253766 2.521864415283994 2.2641556429192065 2.0371264863121317 2.098485717827557 1.9634954084936207 2.030990563160589 2.1230294104337273 
-63.0 -63.0 -63.0 -63.0 -62.5 -62.0 -63.0 -63.0 -62.5 -63.0 -62.5 -62.5 -63.0 -62.5 -63.0 -63.0 -63.5 -63.0 -62.0 -62.0 -63.0 -63.5 -62.5 -61.5 -62.0 -63.0 -63.0 -63.0 -62.0 -62.5 -62.0 -62.0 -64.0 -65.5 -66.5 -64.5 -62.0 -61.0 -62.0 -62.0 -60.5 -62.5 -62.0 
1.0615147052168636 1.043106935762236 1.0062913968529805 1.0062913968529805 1.0185632431560658 0.9694758579437253 0.9387962421860124 1.0185632431560658 0.9940195505498954 0.9510680884890975 0.9510680884890975 0.9756117810952678 0.9817477042468103 0.9694758579437253 0.9572040116406401 0.9817477042468103 0.9572040116406401 0.944932165337555 0.9694758579437253 1.043106935762236 1.012427320004523 1.1658253987930873 1.4051264017032472 1.0983302441261191 1.0062913968529805 1.0676506283684062 1.0185632431560658 0.9326603190344698 0.9510680884890975 0.9510680884890975 0.9142525495798421 0.9694758579437253 1.030835089459151 1.1719613219446299 1.380582709097077 1.1474176293384597 0.9142525495798421 1.000155473701438 0.9817477042468103 0.9142525495798421 0.9019807032767571 0.8774370106705868 0.8958447801252144 0.8835729338221293 
-48.5 -49.0 -49.0 -49.0 -49.0 -49.0 -49.0 -49.0 -49.5 -49.0 -49.0 -49.5 -49.0 -49.5 -49.0 -49.5 -49.0 -49.5 -51.0 -53.0 -55.0 -56.5 -54.0 -52.0 -53.0 -54.5 -54.0 -53.5 -53.5 -54.0 -54.0 -54.0 -53.5 -51.5 -52.5 -54.5 -52.5 -52.0 -51.5 -50.5 -50.5 -50.5 -50.0 -50.0 
0.9817477042468103 0.8528933180644165 0.9265243958829272 0.9633399347921826 0.9203884727313847 0.8958447801252144 0.9203884727313847 0.9203884727313847 0.9326603190344698 0.8897088569736719 0.9510680884890975 0.8528933180644165 0.9203884727313847 0.8958447801252144 0.9203884727313847 0.9265243958829272 0.8958447801252144 0.8835729338221293 0.9019807032767571 1.0921943209745766 1.2087768608538851 1.576932249946439 1.533980787885641 1.239456476611598 1.282407938672396 1.3130875544301088 1.2946797849754812 1.2087768608538851 1.2026409377023426 1.2517283229146832 1.2333205534600555 1.3130875544301088 1.337631247036279 1.2026409377023426 1.4358060174609601 1.5401167110371838 1.368310862793992 1.1719613219446299 1.0676506283684062 0.9326603190344698 0.859029241215959 0.8528933180644165 0.8651651643675016 0.8528933180644165 
-50.0 -50.5 -50.0 -50.5 -50.5 -50.5 -50.5 -50.5 -50.5 -50.5 -50.5 -50.0 -50.5 -50.0 -50.0 -50.5 -50.5 -50.5 -51.5 -51.5 -52.0 -52.5 -50.5 -50.0 -50.5 -51.0 -51.0 -50.5 -51.0 -50.5 -50.5 -50.5 -51.0 -50.5 -50.0 -52.0 -52.5 -52.0 -51.5 -51.0 -51.0 -51.0 -51.0 -51.0 
1.4358060174609601 1.4726215563702154 1.380582709097077 1.3928545554001621 1.4971652489763858 1.4971652489763858 1.3499030933393643 1.3928545554001621 1.3989904785517047 1.4726215563702154 1.4051264017032472 1.4051264017032472 1.3621749396424494 1.4173982480063325 1.3744467859455345 1.2885438618239387 1.4542137869155878 1.4603497100671303 1.533980787885641 1.9696313316451632 2.172116795646068 2.1353012567368124 1.8407769454627694 1.6505633277649499 1.6321555583103222 1.6444274046134073 1.6137477888556946 1.6444274046134073 1.6260196351587797 1.6505633277649499 1.6382914814618648 1.662835174068035 1.6996507129772904 1.6260196351587797 1.5953400194010667 1.932815792735908 2.0800779483729293 2.000310947402876 1.859184714917397 1.533980787885641 1.5953400194010667 1.6198837120072371 1.3744467859455345 1.3744467859455345 
-55.5 -55.5 -55.5 -55.5 -55.5 -55.5 -55.5 -55.5 -56.0 -55.5 -55.5 -55.5 -55.0 -55.0 -55.0 -55.5 -55.0 -55.5 -56.5 -56.5 -56.5 -52.0 -50.0 -52.5 -53.0 -53.5 -53.0 -53.5 -53.5 -54.0 -53.5 -53.5 -53.5 -52.0 -51.0 -49.5 -53.5 -53.5 -55.5 -56.5 -57.0 -57.5 -56.5 -56.5 
1.6260196351587797 1.6812429435226628 1.5953400194010667 1.6260196351587797 1.6566992509164924 1.6137477888556946 1.5953400194010667 1.6198837120072371 1.5953400194010667 1.5953400194010667 1.552388557340269 1.607611865704152 1.5278448647340985 1.5953400194010667 1.607611865704152 1.6321555583103222 1.5585244804918115 1.4971652489763858 1.509437095279471 1.6566992509164924 1.932815792735908 2.1046216409791 1.8530487917658545 2.141437179888355 2.12916533358527 1.9880391010997909 1.9941750242513334 2.067806102069844 2.110757564130642 2.0800779483729293 2.098485717827557 2.0493983326152168 2.116893487282185 1.9941750242513334 1.945087639038993 2.018718716857504 2.098485717827557 2.0371264863121317 1.8653206380689396 1.6382914814618648 1.718058482431918 1.6935147898257479 1.6812429435226628 1.6014759425526093 
-53.5 -53.5 -54.0 -53.5 -53.5 -54.0 -53.5 -54.0 -54.0 -54.0 -54.0 -53.5 -54.0 -54.0 -54.0 -54.0 -54.5 -54.5 -56.0 -56.5 -57.5 -53.5 -54.0 -55.5 -55.5 -56.0 -57.5 -57.0 -55.5 -56.0 -56.5 -57.0 -55.5 -56.0 -54.0 -53.5 -53.5 -53.5 -54.5 -55.5 -54.5 -54.0 -54.5 -55.0 
5.062136600022616 5.043728830567988 5.074408446325701 5.123495831538041 5.049864753719531 5.037592907416445 5.006913291658733 5.0253210611133605 5.123495831538041 4.988505522204105 5.086680292628786 5.013049214810275 4.963961829597935 5.043728830567988 5.037592907416445 4.988505522204105 5.013049214810275 5.0682725231741586 5.178719139901925 5.448699758569798 5.546874528994478 5.896622148632405 5.5284667595398505 5.565282298449106 5.559146375297564 5.2768939103266055 5.123495831538041 5.166447293598839 5.3198453723874035 5.411884219660542 5.283029833478148 5.0682725231741586 5.313709449235861 5.45483568172134 5.197126909356553 5.47937937432751 5.71868037723767 5.448699758569798 5.442563835418255 5.21553467881118 5.252350217720435 5.270757987175063 5.184855063053467 5.031456984264903 
-61.5 -61.5 -62.0 -62.5 -62.0 -62.5 -63.0 -62.0 -62.5 -61.5 -62.5 -61.5 -62.5 -62.5 -62.0 -62.0 -62.5 -63.0 -62.5 -64.5 -65.5 -57.5 -58.0 -60.0 -59.0 -60.0 -61.0 -62.0 -62.0 -62.0 -62.0 -61.0 -59.5 -58.5 -60.5 -58.0 -60.0 -63.5 -62.0 -62.5 -61.5 -62.0 -63.0 -62.5 
4.706253057233147 4.681709364626977 4.589670517353839 4.706253057233147 4.792155981354743 4.700117134081604 4.675573441475434 4.73693267299086 4.743068596142402 4.755340442445488 4.743068596142402 4.994641445355648 5.056000676871073 4.700117134081604 4.743068596142402 4.614214209960009 4.595806440505381 4.700117134081604 4.571262747899211 4.798291904506286 6.22182607566416 5.675728915176872 4.841243366567084 0.20248546400090464 5.829126993965437 5.730952223540755 5.822991070813893 5.945709533844745 5.902758071783947 5.915029918087033 5.835262917116979 5.945709533844745 5.743224069843841 6.209554229361076 5.080544369477243 5.350524988145116 5.64504929941916 5.381204603902829 5.325981295538946 5.350524988145116 4.945554060143307 4.878058905476339 4.871922982324796 4.878058905476339 
-62.5 -64.0 -64.5 -63.0 -63.5 -64.5 -64.0 -63.0 -64.5 -65.0 -64.0 -64.0 -64.0 -64.5 -64.5 -64.5 -62.5 -65.5 -67.5 -69.0 -69.5 -62.5 -67.0 -70.5 -65.5 -66.5 -65.5 -65.0 -65.0 -66.0 -66.5 -68.0 -66.5 -73.0 -66.5 -64.0 -64.0 -63.0 -62.5 -66.5 -64.5 -65.0 -66.5 -66.5 
