3.0495538063166547 2.8838838812250054 3.018874190558942 2.859340188618835 2.9084275738311756 2.8654761117703775 2.82252464970958 2.9943304979527716 2.988194574801229 3.0802334220743677 2.9084275738311756 3.141592653589793 3.098641191528995 3.06182565261974 0.030679615757712823 3.055689729468197 3.1968159619536762 0.4663301595172349 0.5491651220630596 3.3870295796514958 0.9265243958829272 4.031301510563465 3.773592738198677 3.6876898140770815 3.3502140407422405 3.018874190558942 2.9943304979527716 3.067961575771282 3.098641191528995 3.0066023442558567 3.6324665057131984 3.9147189706841563 3.6815538909255388 3.3011266555298997 3.160000423044421 3.4606606574700063 3.1784081924990484 2.779573187648782 2.804116880254952 2.730485802436441 2.742757648739526 2.8409324191642074 
-63.0 -62.0 -63.5 -64.0 -63.5 -63.0 -64.5 -64.0 -65.0 -63.0 -63.0 -63.0 -63.5 -63.5 -64.0 -63.0 -64.5 -66.5 -65.5 -66.0 -70.5 -69.0 -66.5 -64.5 -63.5 -64.0 -64.5 -64.0 -62.5 -61.5 -63.5 -65.5 -66.0 -65.0 -64.0 -63.0 -63.5 -65.5 -64.0 -64.5 -62.5 -63.0 
2.337786720737717 2.1353012567368124 2.2027964114037806 2.1659808724945253 2.282563412373834 2.098485717827557 2.2886993355253766 2.3193789512830896 2.3193789512830896 2.141437179888355 2.2334760271614935 2.3193789512830896 2.172116795646068 2.1905245651006955 2.2886993355253766 2.2027964114037806 2.086213871524472 2.172116795646068 2.172116795646068 5.758563877722697 2.466641106920111 2.7857091108003242 2.9268353432858034 2.9820586516496865 2.9329712664373457 3.031146036862027 2.736621725587984 2.6875343403756435 2.6875343403756435 2.736621725587984 2.8409324191642074 3.0372819600135696 3.399301425954581 3.1354567304382504 2.411417798556228 2.4605051837685683 2.1782527187976104 2.2948352586769194 2.110757564130642 2.043262409463674 1.945087639038993 2.018718716857504 2.0064468705544187 
-63.5 -63.5 -63.5 -62.5 -64.0 -63.0 -63.0 -64.0 -64.0 -62.5 -62.5 -62.0 -63.0 -63.0 -62.5 -63.0 -62.5 -63.0 -61.5 -62.0 -61.5 -64.5 -63.5 -63.5 -63.0 -63.5 -62.5 -62.0 -62.0 -61.5 -62.0 -62.0 -64.0 -65.0 -64.5 -64.0 -63.5 -63.0 -62.5 -63.0 -63.0 -63.0 -63.0 
0.7731263170943632 0.7301748550335652 0.6872233929727672 0.6933593161243098 0.7117670855789375 0.7117670855789375 0.6872233929727672 0.7179030087304801 0.7853981633974483 0.7731263170943632 0.8406214717613314 0.8897088569736719 0.9142525495798421 0.9326603190344698 0.9694758579437253 0.9756117810952678 0.9510680884890975 0.9142525495798421 0.9940195505498954 1.043106935762236 0.8958447801252144 1.3560390164909069 1.368310862793992 1.000155473701438 0.944932165337555 1.1044661672776617 1.030835089459151 0.9142525495798421 0.944932165337555 0.9142525495798421 0.8651651643675016 0.8222137023067037 0.9326603190344698 1.325359400733194 1.1903690913992575 1.0062913968529805 1.030835089459151 1.030835089459151 0.8958447801252144 0.7301748550335652 0.7240389318820226 0.7240389318820226 0.7424467013366504 
-51.0 -51.0 -51.5 -51.5 -51.5 -51.0 -51.0 -51.0 -50.5 -50.5 -50.5 -50.0 -50.0 -50.0 -49.5 -49.5 -50.0 -50.0 -51.0 -54.5 -55.5 -55.0 -53.0 -53.0 -55.0 -55.5 -54.5 -54.5 -54.5 -54.5 -55.5 -54.5 -52.0 -51.5 -53.5 -53.5 -52.5 -51.5 -52.0 -52.0 -51.5 -51.5 -51.0 
0.7792622402459057 0.7853981633974483 0.7853981633974483 0.7915340865489908 0.7915340865489908 0.7853981633974483 0.7976700097005334 0.7117670855789375 0.8222137023067037 0.8283496254582462 0.8713010875190442 0.8897088569736719 0.9510680884890975 1.000155473701438 0.9572040116406401 0.8344855486097889 0.9387962421860124 0.9633399347921826 1.030835089459151 4.319689898685965 1.337631247036279 1.576932249946439 1.4480778637640452 1.2640001692177683 1.3499030933393643 1.3499030933393643 1.3069516312785663 1.2885438618239387 1.2517283229146832 1.2517283229146832 1.2640001692177683 1.1719613219446299 1.1658253987930873 1.2701360923693108 1.3989904785517047 1.3499030933393643 1.2578642460662257 1.1044661672776617 0.9633399347921826 0.8958447801252144 0.8713010875190442 0.8528933180644165 0.7669903939428205 
-51.5 -52.0 -52.5 -52.5 -52.5 -52.5 -52.5 -52.0 -52.0 -51.5 -51.5 -51.0 -51.0 -51.0 -50.5 -50.5 -50.5 -51.0 -51.0 -52.0 -52.5 -52.0 -50.5 -51.0 -50.5 -50.5 -50.5 -50.5 -51.0 -50.5 -50.5 -51.0 -50.0 -50.0 -51.0 -52.0 -52.5 -52.5 -52.0 -52.0 -52.0 -51.5 -52.0 
1.3069516312785663 1.2210487071569704 1.3499030933393643 1.3314953238847365 1.2210487071569704 1.2517283229146832 1.3008157081270237 1.2701360923693108 1.2885438618239387 1.2578642460662257 1.3069516312785663 1.3989904785517047 1.368310862793992 1.325359400733194 1.3437671701878218 1.368310862793992 1.423534171157875 1.4296700943094176 1.7855536370988863 2.119961448857956 2.055534255766759 1.9389517158874505 1.6198837120072371 1.7119225592803755 1.6444274046134073 1.7303303287350031 1.718058482431918 1.607611865704152 1.5462526341887264 1.5155730184310134 1.521708941582556 1.4848934026733007 1.380582709097077 1.4358060174609601 1.6505633277649499 1.9696313316451632 2.000310947402876 1.9941750242513334 1.8285050991596843 1.6321555583103222 1.576932249946439 1.5033011721279284 1.4358060174609601 
-57.5 -57.5 -57.5 -57.5 -57.5 -57.5 -57.5 -57.5 -57.0 -57.0 -56.5 -57.0 -56.5 -56.0 -56.5 -56.0 -56.5 -57.5 -57.5 -56.5 -55.0 -50.5 -51.0 -52.5 -53.0 -54.0 -54.0 -53.5 -53.5 -53.0 -53.0 -53.0 -52.0 -51.0 -49.5 -52.0 -52.5 -54.0 -55.5 -57.5 -58.0 -58.0 -58.0 
1.5401167110371838 1.4173982480063325 1.4910293258248433 1.509437095279471 1.509437095279471 1.4419419406125027 1.4664856332186729 1.5585244804918115 1.5278448647340985 1.564660403643354 1.564660403643354 1.5278448647340985 1.521708941582556 1.509437095279471 1.5707963267948966 1.5892040962495242 1.5953400194010667 1.576932249946439 1.6137477888556946 2.0279226015848177 2.116893487282185 2.067806102069844 1.902136176978195 2.0371264863121317 2.1353012567368124 2.110757564130642 2.1046216409791 2.098485717827557 2.061670178918302 1.9941750242513334 1.9144080232812801 1.945087639038993 1.9696313316451632 1.8162332528565992 1.9634954084936207 1.9634954084936207 1.9512235621905356 1.8346410223112268 1.718058482431918 1.5401167110371838 1.564660403643354 1.552388557340269 1.521708941582556 
-56.5 -56.5 -57.0 -57.0 -57.0 -56.5 -57.0 -56.5 -56.5 -56.0 -55.5 -55.5 -54.5 -54.5 -54.5 -54.5 -55.0 -55.5 -56.0 -56.0 -54.5 -53.0 -53.5 -55.5 -57.0 -56.5 -57.0 -56.5 -56.0 -56.5 -56.5 -56.5 -56.5 -54.5 -53.5 -53.0 -53.0 -54.0 -56.0 -57.0 -56.5 -56.0 -56.5 
5.283029833478148 5.289165756629691 5.301437602932776 5.221670601962723 5.375068680751287 5.344389064993574 5.221670601962723 5.393476450205914 5.546874528994478 5.270757987175063 5.2768939103266055 5.160311370447297 5.184855063053467 5.184855063053467 5.098952138931871 5.21553467881118 5.166447293598839 5.436427912266712 5.47937937432751 5.408816258084771 5.767767762450011 5.497787143782138 5.062136600022616 5.546874528994478 5.368932757599744 5.307573526084319 5.221670601962723 5.307573526084319 5.197126909356553 5.074408446325701 4.902602598082509 4.988505522204105 5.123495831538041 4.933282213840222 5.013049214810275 5.706408530934585 5.675728915176872 5.64504929941916 5.399612373357457 5.442563835418255 5.491651220630596 5.344389064993574 5.350524988145116 
-63.0 -63.0 -63.0 -63.0 -63.5 -63.0 -63.5 -63.5 -63.0 -63.0 -63.5 -63.0 -63.5 -62.5 -64.0 -61.5 -63.0 -63.5 -63.0 -65.0 -61.5 -57.5 -60.5 -59.5 -59.0 -60.0 -61.0 -61.5 -62.0 -61.0 -60.5 -59.5 -59.5 -59.5 -57.5 -59.0 -61.5 -62.5 -61.5 -61.5 -62.0 -62.0 -62.0 
4.896466674930966 1.7303303287350031 1.7916895602504288 4.914874444385594 1.662835174068035 4.651029748869264 4.773748211900116 4.7860200582032 4.792155981354743 4.779884135051658 4.81056375080937 4.632621979414636 4.614214209960009 4.7860200582032 4.743068596142402 5.123495831538041 5.780039608753096 5.872078456026235 5.221670601962723 5.816855147662351 5.411884219660542 5.737088146692298 5.853670686571607 5.878214379177777 5.835262917116979 5.516194913236766 5.8045833013592665 0.06135923151542565 2.024854640009046 5.743224069843841 5.516194913236766 5.295301679781233 5.117359908386499 4.779884135051658 4.896466674930966 4.908738521234052 4.865787059173254 
-70.0 -72.0 -72.5 -70.5 -73.0 -69.5 -69.0 -66.5 -66.0 -65.5 -66.0 -64.5 -65.5 -65.0 -65.0 -66.0 -65.0 -62.5 -62.0 -65.5 -65.5 -68.0 -66.5 -67.0 -66.0 -64.0 -63.5 -72.5 -66.0 -62.5 -63.5 -64.5 -67.0 -68.5 -67.0 -69.5 -69.5 
