3.3195344249845276 0.09203884727313846 0.12885438618239387 3.098641191528995 3.466796580621549 3.2949907323783574 3.2704470397721868 3.5281558121369745 3.5036121195308043 3.4177091954092087 0.14726215563702155 3.2336315008629315 3.2704470397721868 3.141592653589793 3.7429131224409646 3.6692820446224537 3.6324665057131984 4.06811704947272 4.25833066717054 3.8410878928656453 3.5465635815916023 3.3502140407422405 3.2397674240144743 3.2029518851052186 3.104777114680538 3.067961575771282 3.442252888015379 3.9392626632903265 0.8897088569736719 3.6201946594101133 0.14112623248547898 3.1906800388021335 3.479068426924634 3.1968159619536762 2.9943304979527716 
-61.5 -62.0 -62.5 -62.0 -61.0 -61.5 -63.5 -63.0 -63.0 -62.5 -64.5 -63.5 -62.5 -63.0 -64.5 -64.0 -65.5 -65.5 -64.0 -63.0 -62.5 -62.0 -62.0 -63.0 -62.0 -61.5 -60.5 -62.5 -67.5 -68.5 -65.5 -62.0 -62.0 -63.0 -65.0 
2.0064468705544187 2.227340104009951 2.043262409463674 2.3930100291016 5.448699758569798 2.2212041808584084 1.9757672547967058 5.424156065963627 5.43029198911517 2.1966604882522383 1.9205439464328227 2.098485717827557 2.086213871524472 2.1905245651006955 2.227340104009951 2.1659808724945253 1.6444274046134073 2.0493983326152168 2.0800779483729293 2.098485717827557 2.356194490192345 2.705942109830271 2.8654761117703775 3.0372819600135696 3.098641191528995 3.1968159619536762 3.2090878082567613 3.031146036862027 3.2090878082567613 2.9391071895888885 2.84706834231575 2.816388726558037 2.834796496012665 3.031146036862027 3.2090878082567613 3.436116964863836 3.018874190558942 2.061670178918302 
-61.5 -62.5 -62.0 -61.5 -63.5 -62.0 -62.5 -63.5 -63.5 -62.5 -62.0 -62.0 -62.0 -61.5 -62.5 -63.0 -62.5 -62.0 -62.5 -61.0 -62.0 -62.0 -62.0 -62.5 -63.5 -62.5 -61.0 -62.0 -62.0 -62.0 -61.0 -61.5 -61.0 -61.0 -62.5 -63.0 -64.5 -64.0 
1.0185632431560658 1.0615147052168636 1.0799224746714913 1.0921943209745766 1.0737865515199487 1.0737865515199487 1.0799224746714913 1.1106020904292042 1.0921943209745766 1.086058397823034 1.1167380135807468 1.0799224746714913 1.1044661672776617 1.1290098598838318 1.1474176293384597 1.1228739367322893 1.141281706186917 1.0737865515199487 1.0369710126106935 1.0369710126106935 1.0737865515199487 1.055378782065321 1.030835089459151 1.0246991663076084 1.0737865515199487 1.1228739367322893 0.9878836273983529 1.3867186322486196 1.2578642460662257 1.030835089459151 1.0921943209745766 1.1044661672776617 1.0737865515199487 1.0369710126106935 1.0492428589137786 1.0799224746714913 1.0737865515199487 1.0062913968529805 1.2455923997631406 1.4910293258248433 1.2701360923693108 1.1044661672776617 1.0615147052168636 0.6688156235181395 0.7179030087304801 
-49.0 -49.0 -49.0 -49.5 -49.0 -49.0 -49.5 -49.0 -49.5 -49.5 -49.5 -49.0 -49.0 -49.0 -49.0 -49.5 -49.5 -49.0 -49.0 -49.0 -49.5 -49.5 -49.5 -50.5 -52.0 -54.5 -56.0 -53.0 -52.0 -53.5 -55.5 -54.5 -54.0 -54.0 -54.0 -54.5 -55.5 -53.0 -51.5 -53.0 -55.5 -55.0 -53.0 -54.0 -54.5 
1.141281706186917 1.1044661672776617 1.0983302441261191 1.1474176293384597 1.1167380135807468 1.0615147052168636 1.1474176293384597 1.1228739367322893 1.1106020904292042 1.1290098598838318 1.141281706186917 1.0921943209745766 1.0799224746714913 1.0737865515199487 1.1167380135807468 1.1044661672776617 1.086058397823034 1.1106020904292042 1.0921943209745766 1.0185632431560658 1.0676506283684062 1.0921943209745766 1.0921943209745766 1.055378782065321 1.184233168247715 1.3008157081270237 1.6260196351587797 1.564660403643354 1.4173982480063325 1.4542137869155878 1.4787574795217582 1.423534171157875 1.368310862793992 1.3130875544301088 1.3069516312785663 1.3499030933393643 1.3314953238847365 1.3008157081270237 1.3621749396424494 1.3989904785517047 1.41126232485479 1.4051264017032472 1.1903690913992575 0.9878836273983529 0.9265243958829272 
-51.0 -51.0 -50.5 -50.5 -50.5 -50.5 -50.0 -50.5 -50.5 -50.0 -50.5 -50.5 -50.0 -50.5 -50.5 -50.5 -50.5 -50.5 -50.5 -50.5 -50.5 -51.0 -50.5 -51.0 -51.5 -52.5 -52.0 -50.5 -50.5 -51.0 -51.0 -51.0 -50.5 -50.5 -50.5 -50.5 -50.0 -50.0 -50.0 -50.5 -50.5 -51.0 -51.5 -52.0 -53.0 
1.2946797849754812 1.4726215563702154 1.3928545554001621 1.2946797849754812 1.3621749396424494 1.3314953238847365 1.3560390164909069 1.3621749396424494 1.3008157081270237 1.3314953238847365 1.214912784005428 1.3621749396424494 1.4419419406125027 1.2885438618239387 1.3069516312785663 1.2701360923693108 1.3130875544301088 1.2946797849754812 1.3928545554001621 1.282407938672396 1.2946797849754812 1.3928545554001621 1.41126232485479 1.4480778637640452 1.8530487917658545 2.325514874434632 2.2641556429192065 1.8714565612204823 1.761009944492716 1.748738098189631 1.7426021750380885 1.761009944492716 1.748738098189631 1.705786636128833 1.6935147898257479 1.6689710972195777 1.6321555583103222 1.607611865704152 1.5830681730979816 1.607611865704152 1.902136176978195 2.0493983326152168 2.073942025221387 1.9696313316451632 1.8223691760081417 
-57.5 -57.5 -57.0 -57.5 -57.5 -57.5 -57.5 -57.5 -57.5 -57.0 -57.0 -57.0 -57.5 -57.5 -57.0 -57.5 -57.5 -57.5 -57.5 -57.5 -57.0 -56.5 -57.5 -58.0 -58.0 -56.5 -54.0 -50.5 -52.5 -52.5 -53.0 -53.5 -53.0 -53.0 -53.0 -53.5 -53.0 -53.0 -52.5 -51.0 -50.5 -52.0 -53.5 -55.0 -56.5 
1.5278448647340985 1.6198837120072371 1.552388557340269 1.607611865704152 1.6321555583103222 1.576932249946439 1.576932249946439 1.564660403643354 1.607611865704152 1.5462526341887264 1.6137477888556946 1.564660403643354 1.4726215563702154 1.5830681730979816 1.576932249946439 1.5830681730979816 1.509437095279471 1.5278448647340985 1.4787574795217582 1.5830681730979816 1.552388557340269 1.5155730184310134 1.4664856332186729 1.5033011721279284 1.6873788666742053 2.0493983326152168 2.2396119503130363 1.9573594853420782 2.0371264863121317 2.1659808724945253 2.12916533358527 2.1230294104337273 2.1353012567368124 2.1598449493429825 2.1537090261914402 2.172116795646068 2.12916533358527 2.110757564130642 1.8837284075235674 1.9573594853420782 1.9634954084936207 1.9144080232812801 1.8162332528565992 1.8653206380689396 1.7916895602504288 
-54.5 -54.5 -54.0 -53.5 -54.0 -53.5 -54.0 -54.0 -54.0 -54.0 -54.0 -54.0 -54.0 -54.0 -53.5 -54.0 -54.0 -54.0 -54.0 -54.0 -54.0 -54.0 -54.5 -55.0 -56.0 -56.5 -54.5 -54.5 -54.5 -56.5 -56.0 -56.5 -56.0 -56.0 -56.0 -56.5 -55.5 -56.0 -55.5 -54.0 -53.5 -53.0 -53.0 -54.0 -57.0 
5.4671075280244255 5.43029198911517 5.45483568172134 5.405748296509 5.436427912266712 5.5284667595398505 5.3198453723874035 5.448699758569798 5.264622064023521 5.393476450205914 5.473243451175968 5.460971604872882 5.344389064993574 5.553010452146021 5.45483568172134 5.4671075280244255 5.418020142812084 5.3198453723874035 5.448699758569798 5.436427912266712 5.21553467881118 5.448699758569798 5.2768939103266055 5.50392306693368 5.64504929941916 5.835262917116979 5.8475347634200645 5.589825991055276 5.632777453116074 5.589825991055276 5.485515297479052 5.356660911296659 5.295301679781233 5.375068680751287 5.411884219660542 5.424156065963627 5.393476450205914 5.608233760509904 5.559146375297564 5.240078371417351 5.6941366846315 5.957981380147831 5.755495916146925 5.737088146692298 5.620505606812989 
-60.0 -60.5 -60.5 -60.5 -60.5 -61.0 -60.5 -60.0 -59.5 -60.0 -60.5 -61.0 -61.0 -61.0 -60.5 -61.5 -61.5 -61.0 -61.0 -61.0 -61.0 -62.0 -61.5 -61.0 -60.5 -60.0 -56.5 -57.5 -57.0 -57.0 -58.5 -59.0 -59.5 -60.0 -60.0 -60.0 -59.0 -59.0 -58.5 -58.5 -57.0 -58.0 -59.5 -60.0 -59.0 
4.804427827657828 4.816699673960914 4.878058905476339 4.871922982324796 4.767612288748572 4.657165672020807 4.865787059173254 4.755340442445488 4.902602598082509 4.7860200582032 4.865787059173254 4.945554060143307 4.847379289718626 4.73693267299086 4.865787059173254 4.9394181369917645 4.865787059173254 4.8351074434155406 4.822835597112456 4.651029748869264 4.828971520263998 4.71238898038469 4.816699673960914 4.792155981354743 5.056000676871073 5.4671075280244255 5.534602682691394 4.890330751779424 5.123495831538041 5.565282298449106 5.405748296509 5.411884219660542 5.43029198911517 5.608233760509904 5.608233760509904 5.332117218690489 5.522330836388308 5.712544454086128 5.589825991055276 5.062136600022616 5.473243451175968 2.337786720737717 5.252350217720435 5.301437602932776 5.160311370447297 
-60.5 -60.5 -60.5 -60.5 -60.0 -60.5 -60.0 -60.0 -60.5 -60.0 -59.5 -60.5 -60.0 -60.0 -59.5 -60.0 -60.0 -60.0 -60.0 -60.5 -60.5 -60.5 -61.0 -60.5 -61.5 -63.0 -60.0 -61.0 -68.0 -63.5 -63.5 -64.0 -65.0 -64.5 -65.5 -64.5 -63.0 -63.0 -68.0 -65.5 -60.5 -62.5 -61.5 -63.0 -64.5 
