2.6568547246179306 2.60776733940559 2.724349879284899 2.5954954931025047 2.6384469551633027 2.6200391857086753 2.6200391857086753 2.6813984172241008 2.6016314162540475 2.6200391857086753 2.60776733940559 2.5709518004963345 2.6139032625571326 2.6813984172241008 2.6016314162540475 2.7120780329818137 2.6568547246179306 2.552544031041707 2.564815877344792 2.3439226438892597 2.767301341345697 3.055689729468197 3.2520392703175593 3.117048960983623 3.466796580621549 3.6447383520162835 3.5895150436524004 3.2643111166206444 2.9268353432858034 3.141592653589793 3.227495577711389 3.32567034813607 3.215223731408304 3.466796580621549 0.521553467881118 3.184544115650591 3.2029518851052186 3.4054373491061236 3.399301425954581 6.117515382087937 2.773437264497239 5.792311455056181 2.509592568980909 2.779573187648782 
-62.0 -63.5 -62.0 -62.0 -62.5 -63.0 -62.5 -64.0 -63.0 -64.0 -63.0 -63.5 -63.5 -63.0 -63.5 -63.5 -62.5 -63.0 -63.0 -63.0 -64.5 -63.5 -60.5 -61.5 -65.0 -65.0 -62.0 -61.0 -61.0 -62.5 -62.5 -62.5 -62.0 -63.0 -68.5 -63.5 -64.5 -62.5 -62.5 -65.5 -63.5 -64.5 -62.5 -63.0 
2.313243028131547 2.423689644859313 2.442097414313941 2.454369260617026 2.478912953223196 2.3009711818284617 2.466641106920111 2.270291566070749 2.3623304133438876 2.5034566458293663 2.2457478734645786 2.497320722677824 2.1353012567368124 2.1966604882522383 2.4850488763747385 2.3930100291016 2.2764274892222915 2.509592568980909 2.521864415283994 2.4850488763747385 2.3439226438892597 2.5034566458293663 2.662990647769473 2.4605051837685683 0.02454369260617026 3.3747577333484107 3.098641191528995 2.9575149590435164 2.6445828783148455 2.6384469551633027 2.6813984172241008 2.6813984172241008 2.7979809571034093 2.8654761117703775 3.7429131224409646 0.1227184630308513 3.1968159619536762 3.0127382674073995 2.2150682577068657 2.3623304133438876 5.381204603902829 5.3198453723874035 1.9266798695843652 5.190990986205009 2.018718716857504 1.705786636128833 
-64.0 -63.0 -63.0 -63.0 -63.5 -63.5 -63.5 -63.5 -63.5 -64.0 -63.5 -64.0 -64.0 -64.0 -64.5 -63.0 -64.0 -63.5 -64.0 -64.5 -64.0 -63.0 -62.0 -63.0 -64.0 -61.0 -59.0 -58.5 -59.5 -60.5 -60.5 -61.5 -61.0 -60.5 -63.5 -66.5 -63.5 -65.5 -64.5 -63.5 -63.5 -64.0 -63.5 -64.5 -62.5 -62.5 
0.4356505437595221 0.380427235395639 0.39269908169872414 0.3436116964863836 0.4049709280018093 0.2761165418194154 0.42337869745643697 0.3190680038802134 0.34974761963792617 0.2638446955163303 0.3313398501832985 0.3374757733348411 0.3620194659410113 0.25770877236478773 0.28225246497095796 0.28225246497095796 0.3436116964863836 0.32520392703175593 0.39269908169872414 0.3988350048502667 0.4540583132141498 0.7363107781851077 1.0185632431560658 0.9756117810952678 1.141281706186917 1.2578642460662257 1.1719613219446299 0.8222137023067037 0.8160777791551611 0.7731263170943632 0.705631162427395 0.7179030087304801 0.7240389318820226 0.8222137023067037 0.859029241215959 0.8958447801252144 1.141281706186917 1.3069516312785663 1.1658253987930873 1.000155473701438 0.9878836273983529 0.803805932852076 0.5522330836388308 0.5154175447295755 0.5706408530934585 0.5583690067903734 0.5338253141842031 
-54.0 -54.5 -54.5 -54.5 -54.5 -54.5 -55.0 -54.5 -55.0 -55.5 -55.0 -55.0 -55.0 -55.0 -55.0 -55.0 -55.0 -55.0 -55.0 -54.5 -54.5 -54.5 -54.0 -55.0 -55.5 -52.0 -51.5 -53.0 -55.0 -54.0 -54.0 -54.0 -54.0 -53.5 -53.0 -51.5 -51.0 -54.0 -55.0 -53.0 -51.5 -52.0 -52.0 -52.0 -53.0 -52.0 -52.0 
0.9756117810952678 0.9326603190344698 0.9878836273983529 0.944932165337555 0.9572040116406401 0.9142525495798421 1.012427320004523 0.9756117810952678 1.000155473701438 1.012427320004523 0.9326603190344698 0.9142525495798421 0.944932165337555 0.9878836273983529 1.030835089459151 0.9265243958829272 0.9265243958829272 0.9265243958829272 1.030835089459151 1.0369710126106935 1.0369710126106935 1.086058397823034 1.1658253987930873 1.368310862793992 1.4419419406125027 1.2640001692177683 1.1228739367322893 1.0492428589137786 1.1535535524900022 1.141281706186917 1.1167380135807468 1.1106020904292042 1.0983302441261191 1.2578642460662257 1.2455923997631406 1.0615147052168636 1.1167380135807468 1.4787574795217582 1.5707963267948966 1.4419419406125027 1.227184630308513 1.0615147052168636 0.9265243958829272 0.8467573949128739 0.9142525495798421 0.859029241215959 0.8406214717613314 
-53.5 -53.5 -53.5 -53.5 -53.5 -54.0 -53.5 -53.5 -54.0 -54.0 -54.0 -54.0 -54.0 -53.5 -54.0 -53.5 -53.5 -53.5 -54.0 -53.5 -53.5 -53.0 -51.5 -51.5 -50.5 -49.5 -49.5 -51.0 -51.0 -50.5 -50.0 -50.0 -50.5 -50.0 -51.0 -51.0 -49.5 -50.5 -51.5 -52.0 -52.0 -52.0 -53.0 -53.0 -53.5 -52.5 -53.0 
1.4664856332186729 1.4664856332186729 1.4787574795217582 1.3437671701878218 1.41126232485479 1.423534171157875 1.3744467859455345 1.4419419406125027 1.5585244804918115 1.3744467859455345 1.3621749396424494 1.368310862793992 1.3989904785517047 1.3130875544301088 1.3867186322486196 1.3560390164909069 1.4787574795217582 1.3499030933393643 1.4173982480063325 1.3867186322486196 1.4787574795217582 1.662835174068035 1.859184714917397 1.7671458676442586 1.5585244804918115 1.2885438618239387 1.1780972450961724 1.1965050145508 1.2885438618239387 1.2517283229146832 1.1596894756415448 1.214912784005428 1.227184630308513 1.3437671701878218 1.3437671701878218 1.2701360923693108 1.2578642460662257 1.564660403643354 1.8039614065535141 2.000310947402876 1.9819031779482483 1.8162332528565992 1.4542137869155878 1.380582709097077 1.3744467859455345 1.2210487071569704 1.2762720155208536 
-59.0 -58.5 -59.0 -59.0 -59.0 -58.5 -59.0 -59.0 -59.0 -58.5 -59.5 -59.5 -59.0 -59.0 -59.0 -59.0 -59.5 -59.5 -59.0 -59.0 -58.0 -55.0 -52.5 -51.5 -50.5 -50.5 -52.0 -52.5 -53.0 -52.5 -52.5 -52.5 -52.5 -52.5 -52.0 -52.0 -52.0 -50.5 -50.5 -52.5 -53.0 -55.0 -57.0 -57.5 -59.5 -58.5 -59.0 
1.6751070203711202 1.7732817907958012 1.6566992509164924 1.7241944055834606 1.718058482431918 1.662835174068035 1.6996507129772904 1.662835174068035 1.705786636128833 1.8162332528565992 1.7119225592803755 1.6996507129772904 1.7119225592803755 1.6689710972195777 1.7671458676442586 1.718058482431918 1.7732817907958012 1.718058482431918 1.6873788666742053 1.6382914814618648 1.761009944492716 1.846912868614312 1.88986433067511 1.9266798695843652 1.8039614065535141 1.5953400194010667 1.7671458676442586 1.7978254834019713 1.8100973297050567 1.509437095279471 1.8285050991596843 1.9082721001297376 1.8407769454627694 1.7732817907958012 1.7916895602504288 1.9082721001297376 1.7794177139473437 1.718058482431918 2.030990563160589 2.012582793705961 1.9266798695843652 1.7426021750380885 1.5585244804918115 1.5155730184310134 4.709321018808918 1.4664856332186729 1.4603497100671303 
-61.5 -60.5 -60.5 -61.0 -60.5 -61.5 -61.0 -61.0 -61.5 -61.0 -61.5 -61.5 -61.5 -61.5 -62.0 -62.0 -63.0 -62.0 -62.5 -62.0 -62.0 -59.0 -56.5 -53.5 -53.5 -57.0 -57.5 -56.5 -56.0 -58.0 -57.5 -57.0 -57.5 -57.5 -56.5 -56.5 -56.0 -55.5 -54.0 -53.5 -54.0 -56.5 -57.5 -57.5 -58.0 -58.0 -57.5 
5.602097837358362 5.632777453116074 5.64504929941916 5.638913376267617 5.675728915176872 5.565282298449106 5.632777453116074 5.577554144752192 5.595961914206819 5.559146375297564 5.583690067903734 5.5284667595398505 5.546874528994478 5.497787143782138 5.516194913236766 5.5714182216006485 5.540738605842936 5.663457068873787 5.6573211457222445 5.5714182216006485 5.540738605842936 5.602097837358362 5.534602682691394 5.595961914206819 5.258486140871978 4.95168998329485 5.135767677841127 5.258486140871978 4.945554060143307 4.822835597112456 4.430136515413731 4.503767593232243 4.558990901596125 4.589670517353839 4.767612288748572 5.203262832508095 5.289165756629691 4.878058905476339 5.264622064023521 5.700272607783043 5.663457068873787 5.375068680751287 5.436427912266712 5.448699758569798 5.494719182206366 5.485515297479052 5.4671075280244255 
-58.5 -58.5 -58.0 -58.5 -59.0 -59.0 -59.0 -58.5 -58.5 -58.5 -58.5 -58.5 -58.5 -58.5 -58.5 -58.0 -58.0 -58.5 -58.0 -58.0 -58.0 -58.5 -59.5 -58.0 -56.5 -59.0 -59.5 -58.0 -57.5 -60.0 -61.5 -61.5 -61.0 -60.0 -59.0 -58.5 -59.0 -58.5 -56.5 -57.0 -59.5 -60.0 -60.5 -60.5 -61.0 -60.5 -60.5 
2.5954954931025047 2.509592568980909 2.4727770300716534 2.497320722677824 2.454369260617026 5.313709449235861 5.47937937432751 5.559146375297564 5.141903600992669 4.871922982324796 5.5100589900852235 6.080699843178682 5.485515297479052 5.473243451175968 5.589825991055276 5.6573211457222445 5.442563835418255 5.540738605842936 5.381204603902829 2.804116880254952 1.932815792735908 5.325981295538946 5.485515297479052 5.252350217720435 5.166447293598839 4.933282213840222 5.117359908386499 5.062136600022616 
-71.5 -72.0 -72.0 -72.0 -70.5 -67.0 -62.0 -60.0 -59.5 -65.0 -69.5 -62.5 -62.5 -64.0 -65.5 -65.5 -65.0 -65.5 -65.0 -68.5 -69.5 -63.0 -64.0 -64.5 -65.0 -70.5 -69.5 -68.5 
