2.8961557275280905 2.9513790358919736 2.9022916506796332 3.11091303783208 2.9206994201342606 2.9513790358919736 3.1231848841351653 3.06182565261974 3.0925052683774528 3.0127382674073995 3.11091303783208 3.0127382674073995 0.018407769454627694 3.3195344249845276 3.0925052683774528 3.313398501832985 3.6079228131070282 4.031301510563465 4.246058820867455 4.2092432819582 4.09266074207889 3.706097583531709 3.448388811166921 0.4111068511533518 4.049709280018092 1.2578642460662257 4.448544284868359 3.3011266555298997 3.356349963893783 3.472932503773092 3.5465635815916023 3.043417883165112 3.067961575771282 3.0372819600135696 3.1906800388021335 
-61.5 -62.0 -63.0 -61.5 -62.0 -61.5 -61.5 -62.0 -62.0 -62.0 -62.0 -61.5 -63.5 -62.5 -64.0 -66.5 -69.0 -67.5 -70.0 -68.0 -67.0 -66.0 -67.0 -69.0 -67.0 -70.5 -68.0 -64.5 -64.0 -65.5 -64.0 -63.0 -64.0 -63.5 -63.0 
5.442563835418255 1.9573594853420782 2.2334760271614935 2.1966604882522383 2.055534255766759 2.3193789512830896 2.1046216409791 2.061670178918302 2.282563412373834 2.1966604882522383 2.282563412373834 2.055534255766759 2.2089323345553233 2.2886993355253766 1.9941750242513334 2.2641556429192065 2.110757564130642 2.5770877236478773 2.650718801466388 2.730485802436441 2.9145634969827183 2.7979809571034093 2.9145634969827183 2.4175537217077703 2.4175537217077703 2.3193789512830896 2.2641556429192065 2.227340104009951 2.5832236467994196 3.2949907323783574 2.890019804376548 2.055534255766759 2.2150682577068657 2.2396119503130363 2.116893487282185 2.116893487282185 2.2334760271614935 1.9144080232812801 1.7916895602504288 1.8714565612204823 1.9941750242513334 
-64.0 -62.0 -62.5 -63.5 -62.0 -62.5 -63.0 -63.0 -62.5 -63.0 -62.5 -63.0 -62.5 -63.5 -62.0 -63.0 -62.0 -62.5 -62.5 -63.0 -66.0 -64.5 -64.0 -63.0 -62.0 -62.5 -62.0 -62.0 -63.0 -64.0 -67.0 -63.5 -63.0 -62.5 -62.5 -62.5 -62.0 -61.5 -62.0 -62.5 -62.0 
0.8651651643675016 0.8713010875190442 0.8835729338221293 0.9081166264282996 0.9633399347921826 1.000155473701438 1.0062913968529805 0.9878836273983529 1.012427320004523 1.0492428589137786 1.0369710126106935 1.055378782065321 1.0185632431560658 1.055378782065321 1.1106020904292042 1.0983302441261191 1.0799224746714913 1.0983302441261191 1.0921943209745766 1.1658253987930873 1.0983302441261191 1.086058397823034 1.4542137869155878 1.3621749396424494 1.0492428589137786 1.0799224746714913 1.1167380135807468 1.1106020904292042 1.2087768608538851 1.1535535524900022 1.1290098598838318 1.1044661672776617 1.337631247036279 1.5155730184310134 1.2640001692177683 1.1044661672776617 1.227184630308513 1.2026409377023426 1.055378782065321 0.9326603190344698 0.9265243958829272 0.944932165337555 0.8958447801252144 
-50.5 -50.0 -50.0 -50.0 -49.5 -49.5 -49.5 -49.5 -49.5 -49.5 -49.0 -49.5 -49.5 -49.5 -49.5 -49.5 -49.0 -49.5 -50.5 -53.5 -54.5 -55.5 -55.5 -52.0 -52.0 -54.0 -54.0 -54.0 -54.0 -54.5 -54.5 -53.5 -52.5 -54.5 -55.0 -54.0 -53.5 -51.5 -51.0 -50.5 -50.0 -50.0 -50.0 
0.8528933180644165 0.9019807032767571 0.9265243958829272 0.9326603190344698 0.9878836273983529 0.9633399347921826 0.9510680884890975 0.9633399347921826 1.000155473701438 0.9510680884890975 1.000155473701438 1.000155473701438 0.9940195505498954 0.9694758579437253 1.0062913968529805 1.030835089459151 1.055378782065321 1.0492428589137786 1.055378782065321 1.214912784005428 1.2885438618239387 1.6014759425526093 1.6873788666742053 1.4542137869155878 1.423534171157875 1.4848934026733007 1.5155730184310134 1.4910293258248433 1.5033011721279284 1.4787574795217582 1.5278448647340985 1.4726215563702154 1.5401167110371838 1.6382914814618648 1.6321555583103222 1.3744467859455345 1.325359400733194 1.2087768608538851 1.1167380135807468 1.0369710126106935 0.9633399347921826 0.9694758579437253 0.9326603190344698 
-51.5 -51.5 -51.5 -51.0 -51.0 -51.0 -51.0 -50.5 -50.5 -50.5 -50.5 -50.5 -50.5 -50.5 -50.5 -50.5 -50.5 -50.5 -51.0 -51.0 -52.0 -52.5 -50.5 -50.0 -51.0 -51.0 -51.0 -51.0 -51.0 -51.5 -51.5 -51.5 -51.0 -51.5 -52.0 -53.0 -52.5 -51.5 -51.0 -50.5 -51.0 -51.0 -51.0 
1.3928545554001621 1.380582709097077 1.3499030933393643 1.4542137869155878 1.4480778637640452 1.3314953238847365 1.4173982480063325 1.3867186322486196 1.4603497100671303 1.5401167110371838 1.41126232485479 1.3867186322486196 1.4173982480063325 1.3008157081270237 1.380582709097077 1.3437671701878218 1.41126232485479 1.368310862793992 1.6444274046134073 1.8407769454627694 2.086213871524472 2.2886993355253766 2.061670178918302 1.8162332528565992 1.8775924843720249 1.7732817907958012 1.846912868614312 1.8039614065535141 1.7794177139473437 1.8162332528565992 1.8775924843720249 1.846912868614312 1.8714565612204823 1.9941750242513334 2.1659808724945253 2.3009711818284617 2.1905245651006955 1.8346410223112268 1.6996507129772904 1.227184630308513 1.2455923997631406 1.1290098598838318 1.2762720155208536 
-57.0 -57.0 -57.0 -57.5 -57.0 -57.0 -56.5 -57.0 -56.5 -57.5 -57.0 -56.5 -57.0 -57.0 -57.0 -56.5 -57.0 -57.5 -58.0 -59.0 -59.5 -54.0 -51.0 -52.0 -52.0 -53.0 -52.5 -52.5 -52.5 -53.0 -53.0 -53.5 -53.0 -52.0 -54.0 -59.5 -59.0 -59.5 -59.5 -59.0 -58.5 -57.5 -58.0 
1.533980787885641 1.423534171157875 1.5462526341887264 1.5278448647340985 1.533980787885641 1.5462526341887264 1.6014759425526093 1.533980787885641 1.6198837120072371 1.5892040962495242 1.5033011721279284 1.6260196351587797 1.564660403643354 1.576932249946439 1.5401167110371838 1.5953400194010667 1.5033011721279284 1.5462526341887264 1.5462526341887264 1.8407769454627694 2.067806102069844 2.184388641949153 2.067806102069844 2.110757564130642 2.1475731030398975 2.0923497946760143 2.012582793705961 2.116893487282185 2.0923497946760143 2.073942025221387 2.0923497946760143 2.2027964114037806 2.086213871524472 2.1598449493429825 2.2089323345553233 2.2089323345553233 2.141437179888355 1.9634954084936207 1.7303303287350031 1.5155730184310134 1.521708941582556 1.5401167110371838 1.521708941582556 
-55.5 -55.0 -55.5 -54.5 -55.0 -55.0 -54.5 -54.5 -54.0 -54.5 -54.5 -54.5 -55.0 -54.0 -54.5 -54.0 -54.0 -54.5 -54.5 -55.5 -56.0 -53.0 -53.0 -54.0 -54.5 -54.0 -55.0 -55.0 -55.5 -55.5 -55.5 -55.5 -54.0 -54.0 -54.5 -55.0 -54.0 -54.0 -54.5 -54.5 -54.5 -54.5 -55.0 
5.522330836388308 5.5284667595398505 5.460971604872882 5.522330836388308 5.497787143782138 5.448699758569798 5.485515297479052 5.50392306693368 5.43029198911517 5.350524988145116 5.522330836388308 5.50392306693368 5.5100589900852235 5.497787143782138 5.45483568172134 5.50392306693368 5.497787143782138 5.546874528994478 5.651185222570702 5.608233760509904 5.773903685601553 5.915029918087033 5.540738605842936 5.589825991055276 5.64504929941916 5.730952223540755 5.553010452146021 5.534602682691394 5.6143696836614465 5.522330836388308 5.638913376267617 5.675728915176872 5.712544454086128 5.583690067903734 5.853670686571607 5.982525072754001 5.829126993965437 5.71868037723767 5.565282298449106 5.553010452146021 5.491651220630596 5.5284667595398505 5.534602682691394 
-59.5 -60.0 -59.5 -59.5 -60.0 -59.5 -60.0 -60.0 -60.0 -59.5 -60.0 -59.5 -60.0 -59.5 -60.0 -60.0 -60.0 -59.5 -60.5 -62.0 -61.5 -56.5 -56.5 -56.5 -56.5 -56.5 -57.5 -58.0 -58.5 -58.0 -58.0 -57.0 -57.0 -57.0 -56.5 -59.5 -61.0 -60.5 -60.5 -61.0 -61.0 -61.0 -61.0 
4.914874444385594 4.841243366567084 4.933282213840222 4.828971520263998 4.7307967498393175 4.81056375080937 4.8351074434155406 4.528311285838413 4.816699673960914 4.933282213840222 4.884194828627882 4.81056375080937 4.792155981354743 5.056000676871073 4.773748211900116 4.95168998329485 4.878058905476339 4.798291904506286 5.074408446325701 5.178719139901925 5.485515297479052 5.485515297479052 4.994641445355648 5.178719139901925 5.712544454086128 5.565282298449106 5.4671075280244255 5.4671075280244255 5.546874528994478 5.368932757599744 5.589825991055276 5.700272607783043 5.21553467881118 5.1725832167503825 5.534602682691394 5.3198453723874035 5.227806525114265 5.1725832167503825 5.074408446325701 5.013049214810275 4.902602598082509 4.749204519293945 4.97623367590102 
-63.5 -64.0 -62.0 -61.5 -61.5 -61.5 -60.5 -62.0 -61.5 -61.0 -61.0 -60.5 -61.5 -61.5 -60.5 -60.5 -60.5 -61.5 -61.5 -62.5 -64.5 -61.5 -59.5 -67.5 -67.0 -63.5 -63.5 -63.0 -63.5 -64.0 -63.5 -67.0 -66.0 -63.0 -62.5 -62.0 -60.5 -59.5 -60.0 -61.0 -61.5 -61.5 -63.0 
