3.2336315008629315 3.5281558121369745 3.3072625786814425 0.1043106935762236 3.0802334220743677 3.3072625786814425 0.07363107781851078 3.2029518851052186 0.0030679615757712823 3.2397674240144743 0.03681553890925539 0.0 0.04295146206079795 3.0372819600135696 3.2765829629237295 0.04908738521234052 3.509748042682347 3.6079228131070282 3.586447082076629 4.037437433715008 4.086524818927348 3.724505352986337 3.847223816017188 3.718369429834794 3.6570101983193686 0.6810874698212247 4.1172044346850605 4.227651051412827 3.7981364308048478 0.25157284921324513 0.07976700097005335 3.2581751934691017 3.5036121195308043 3.4913402732277192 3.141592653589793 6.14819499784565 3.160000423044421 2.9759227284981438 
-62.5 -62.5 -63.5 -63.5 -63.0 -62.5 -63.5 -62.5 -63.5 -62.5 -63.0 -63.0 -63.0 -63.0 -62.5 -63.5 -65.0 -65.0 -66.5 -67.5 -66.5 -64.5 -63.5 -65.0 -65.5 -64.5 -65.0 -68.5 -69.5 -69.5 -66.0 -64.0 -65.5 -66.5 -63.5 -63.5 -62.5 -62.5 
5.368932757599744 2.0371264863121317 2.1782527187976104 2.110757564130642 2.055534255766759 2.1782527187976104 2.1905245651006955 5.350524988145116 1.9634954084936207 5.332117218690489 2.024854640009046 1.8285050991596843 1.932815792735908 2.1475731030398975 1.945087639038993 2.313243028131547 5.313709449235861 2.2580197197676637 2.386874105950058 2.2580197197676637 5.786175531904639 2.834796496012665 3.129320807286708 3.0925052683774528 3.11091303783208 3.2029518851052186 3.0250101137104846 3.0372819600135696 2.8532042654672924 2.859340188618835 6.160466844148735 3.0495538063166547 2.9391071895888885 2.4911847995262812 2.3316507975861747 2.2764274892222915 2.4850488763747385 2.466641106920111 2.2641556429192065 2.1782527187976104 1.9266798695843652 1.8100973297050567 2.067806102069844 
-63.5 -63.0 -62.5 -62.5 -62.5 -62.5 -62.5 -64.0 -62.5 -64.0 -62.5 -62.5 -63.5 -63.5 -62.5 -63.0 -64.0 -64.0 -62.5 -62.5 -63.5 -63.0 -64.5 -64.5 -64.0 -62.5 -62.5 -62.5 -62.5 -62.5 -63.0 -63.0 -65.0 -66.5 -63.5 -61.5 -62.5 -62.0 -62.5 -61.5 -61.0 -62.5 -62.0 
1.0983302441261191 1.1228739367322893 1.141281706186917 1.055378782065321 1.0799224746714913 1.0983302441261191 1.1228739367322893 1.1106020904292042 1.000155473701438 1.086058397823034 1.043106935762236 1.0615147052168636 1.030835089459151 1.0246991663076084 0.9940195505498954 0.9817477042468103 0.9940195505498954 1.0246991663076084 1.0062913968529805 4.206175320382428 1.0737865515199487 1.1167380135807468 1.064582666792635 1.030835089459151 1.3867186322486196 1.4419419406125027 1.141281706186917 1.0492428589137786 1.1290098598838318 1.227184630308513 1.2087768608538851 1.1965050145508 4.3074180523828804 1.0676506283684062 1.1658253987930873 1.4296700943094176 1.3928545554001621 1.1474176293384597 1.3069516312785663 1.380582709097077 1.2762720155208536 1.1351457830353744 1.0983302441261191 1.0062913968529805 1.0062913968529805 
-49.5 -49.5 -49.5 -49.5 -49.5 -49.5 -49.5 -50.0 -49.5 -49.5 -49.5 -50.5 -50.0 -49.5 -50.0 -50.0 -49.5 -49.5 -49.5 -51.0 -51.0 -53.0 -56.0 -56.0 -56.5 -54.0 -52.0 -54.0 -54.5 -53.5 -53.5 -53.0 -54.0 -52.5 -51.5 -52.5 -55.5 -54.0 -52.5 -53.0 -52.0 -51.0 -50.5 -50.5 -50.5 
1.0737865515199487 1.1290098598838318 1.0921943209745766 1.1535535524900022 1.0676506283684062 1.0921943209745766 1.1044661672776617 1.0799224746714913 1.055378782065321 1.0921943209745766 1.0369710126106935 1.1075341288534328 1.0676506283684062 1.0737865515199487 1.030835089459151 1.055378782065321 1.0246991663076084 1.000155473701438 1.0369710126106935 1.0737865515199487 1.1106020904292042 1.2026409377023426 1.4081943632790186 1.576932249946439 1.718058482431918 1.6198837120072371 1.4664856332186729 1.564660403643354 1.6260196351587797 1.552388557340269 1.5033011721279284 1.5155730184310134 1.533980787885641 1.4542137869155878 1.4296700943094176 1.5585244804918115 1.6444274046134073 1.5953400194010667 1.4848934026733007 1.4848934026733007 1.325359400733194 1.1535535524900022 1.0369710126106935 1.0676506283684062 1.012427320004523 
-50.5 -50.5 -50.0 -50.5 -50.5 -50.5 -50.5 -50.5 -50.5 -50.5 -50.5 -51.5 -51.0 -51.0 -50.5 -51.0 -50.5 -50.5 -50.5 -51.5 -51.0 -51.5 -53.0 -53.0 -51.0 -50.0 -51.0 -51.5 -51.5 -51.0 -51.0 -51.0 -51.0 -51.0 -50.5 -51.0 -50.5 -53.0 -52.5 -52.0 -51.0 -50.5 -51.0 -51.0 -50.5 
1.1535535524900022 1.2210487071569704 0.9142525495798421 1.325359400733194 1.3744467859455345 1.2578642460662257 1.2578642460662257 1.3499030933393643 1.3069516312785663 1.227184630308513 1.2333205534600555 1.3314953238847365 1.2333205534600555 1.282407938672396 1.325359400733194 1.2762720155208536 1.2517283229146832 1.337631247036279 1.380582709097077 1.5370487494614125 1.607611865704152 1.9880391010997909 5.583690067903734 2.399145952253143 2.098485717827557 1.8346410223112268 1.88986433067511 1.88986433067511 1.9205439464328227 1.88986433067511 1.8346410223112268 1.8162332528565992 1.892932292250881 1.7855536370988863 1.7548740213411735 1.8223691760081417 2.055534255766759 2.086213871524472 2.0064468705544187 1.9880391010997909 1.8407769454627694 1.4971652489763858 1.2762720155208536 1.1965050145508 1.2333205534600555 
-58.0 -58.0 -58.5 -58.0 -58.0 -58.5 -58.5 -59.0 -58.5 -59.0 -59.0 -59.5 -58.5 -58.5 -58.5 -58.5 -58.5 -58.5 -58.5 -60.0 -60.0 -60.5 -60.0 -56.0 -52.0 -52.5 -53.0 -53.0 -53.0 -52.5 -52.0 -52.0 -52.5 -52.0 -52.5 -51.5 -52.0 -57.5 -59.0 -58.0 -59.0 -60.0 -60.5 -60.5 -59.5 
1.7426021750380885 1.607611865704152 1.718058482431918 1.564660403643354 1.6444274046134073 1.533980787885641 1.5401167110371838 1.6996507129772904 1.5892040962495242 1.6260196351587797 1.6137477888556946 1.6505633277649499 1.576932249946439 1.6137477888556946 1.6505633277649499 1.6198837120072371 1.6137477888556946 1.5707963267948966 1.607611865704152 1.6198837120072371 1.6382914814618648 1.6996507129772904 5.230874486690037 2.3071071049800045 2.0493983326152168 2.116893487282185 2.227340104009951 2.2886993355253766 2.110757564130642 2.1475731030398975 1.9573594853420782 2.0923497946760143 2.0708740636456158 2.030990563160589 2.0923497946760143 2.055534255766759 2.172116795646068 2.2886993355253766 2.2948352586769194 2.2580197197676637 1.8775924843720249 1.748738098189631 1.6689710972195777 1.6873788666742053 1.6198837120072371 
-53.0 -53.0 -53.5 -53.5 -54.0 -53.5 -54.0 -53.5 -53.5 -53.5 -53.5 -54.5 -54.0 -54.0 -53.5 -54.5 -54.5 -54.5 -54.0 -55.0 -55.0 -55.0 -56.5 -54.5 -54.0 -54.5 -55.5 -55.5 -55.5 -56.0 -55.5 -55.0 -55.5 -55.0 -55.0 -53.0 -54.0 -54.0 -53.5 -53.5 -54.0 -53.5 -53.5 -53.5 -54.0 
5.381204603902829 5.50392306693368 5.473243451175968 5.368932757599744 5.289165756629691 5.522330836388308 5.405748296509 5.442563835418255 5.45483568172134 5.497787143782138 5.3627968344482015 5.4579036432971115 5.418020142812084 5.5714182216006485 5.485515297479052 5.47937937432751 5.497787143782138 5.522330836388308 5.608233760509904 5.568350260024878 5.546874528994478 5.712544454086128 5.918097879662803 6.135923151542564 5.780039608753096 5.675728915176872 5.681864838328415 5.663457068873787 5.626641529964532 5.565282298449106 5.546874528994478 5.43029198911517 5.485515297479052 5.577554144752192 5.565282298449106 5.608233760509904 5.749359992995383 5.976389149602458 5.773903685601553 5.835262917116979 5.915029918087033 5.712544454086128 5.602097837358362 5.632777453116074 5.583690067903734 
-61.5 -62.0 -61.0 -61.0 -61.0 -61.0 -61.5 -60.5 -60.5 -60.5 -60.5 -61.5 -61.0 -59.5 -60.5 -60.0 -60.0 -60.5 -60.5 -62.0 -61.5 -62.0 -62.5 -58.0 -55.5 -57.5 -56.5 -56.5 -57.0 -57.5 -58.0 -57.5 -57.5 -57.0 -57.5 -56.5 -56.0 -58.0 -60.5 -60.5 -59.5 -59.5 -60.0 -59.5 -60.0 
4.890330751779424 4.896466674930966 4.804427827657828 4.933282213840222 4.847379289718626 4.878058905476339 4.71238898038469 4.957825906446392 4.755340442445488 4.921010367537137 4.8351074434155406 4.795223942930514 4.847379289718626 5.00077736850719 4.822835597112456 4.822835597112456 4.81056375080937 4.706253057233147 4.9394181369917645 4.853515212870168 5.013049214810275 5.184855063053467 2.2150682577068657 5.700272607783043 5.148039524144211 4.97623367590102 5.5714182216006485 5.540738605842936 5.448699758569798 5.436427912266712 5.381204603902829 5.681864838328415 5.473243451175968 5.583690067903734 5.577554144752192 5.184855063053467 5.190990986205009 5.9088939949354895 5.313709449235861 5.43029198911517 5.227806525114265 5.129631754689584 5.006913291658733 5.117359908386499 4.970097752749477 
-60.0 -59.5 -59.5 -60.0 -60.0 -60.0 -60.0 -60.0 -60.0 -60.5 -60.0 -61.0 -60.5 -60.0 -59.5 -60.0 -60.0 -61.0 -61.0 -62.0 -62.0 -61.5 -63.5 -62.0 -59.5 -61.5 -64.0 -62.0 -61.5 -62.5 -63.0 -63.5 -63.5 -62.0 -66.5 -64.5 -61.5 -61.0 -59.5 -58.5 -59.5 -60.0 -60.0 -60.0 -60.5 
