3.1661363461959633 3.2888548092268146 3.215223731408304 3.2336315008629315 2.9943304979527716 3.2704470397721868 3.3502140407422405 3.0925052683774528 3.2213596545598464 3.098641191528995 3.3072625786814425 3.184544115650591 3.2765829629237295 3.2704470397721868 3.2520392703175593 3.2336315008629315 3.2029518851052186 3.06182565261974 3.429981041712294 4.276738436625168 3.6815538909255388 3.423845118560751 3.693825737228624 4.006757817957295 0.6504078540635119 3.736777199289422 3.761320891895592 0.37429131224409645 3.3502140407422405 0.16566992509164924 0.619728238305799 3.153864499892878 3.3440781175906977 3.479068426924634 3.8288160465625602 3.3502140407422405 3.141592653589793 2.859340188618835 2.9513790358919736 3.06182565261974 2.9329712664373457 3.129320807286708 
-62.5 -62.5 -61.5 -63.0 -63.5 -63.0 -63.0 -63.5 -63.0 -63.5 -63.0 -63.5 -63.5 -64.0 -63.0 -63.0 -64.0 -65.0 -66.0 -69.0 -64.5 -65.5 -66.0 -65.5 -67.5 -66.0 -68.0 -68.0 -66.0 -67.5 -68.0 -64.0 -64.5 -63.0 -62.5 -64.5 -64.0 -63.0 -64.0 -63.5 -65.5 -63.5 
2.1230294104337273 2.141437179888355 2.116893487282185 2.1230294104337273 2.2212041808584084 2.1353012567368124 2.2764274892222915 2.172116795646068 2.350058567040802 2.2580197197676637 2.12916533358527 2.098485717827557 1.9757672547967058 2.2457478734645786 2.1966604882522383 2.0923497946760143 2.2580197197676637 2.061670178918302 2.227340104009951 2.5586799541932495 2.60776733940559 2.5464081078901644 2.724349879284899 0.018407769454627694 2.8102528034064944 2.564815877344792 2.1353012567368124 1.902136176978195 2.380738182798515 2.3623304133438876 3.1231848841351653 0.11658253987930872 2.380738182798515 2.1475731030398975 2.030990563160589 2.12916533358527 1.9880391010997909 1.6996507129772904 1.8960002538266525 1.9634954084936207 2.055534255766759 1.9696313316451632 
-64.0 -61.5 -63.5 -63.0 -63.5 -64.0 -63.0 -63.5 -62.0 -62.5 -63.5 -62.5 -63.0 -63.0 -63.5 -63.5 -63.0 -63.5 -63.5 -62.0 -62.0 -64.0 -66.0 -67.0 -63.5 -63.0 -62.5 -62.0 -62.5 -61.5 -62.5 -67.5 -65.0 -62.5 -62.0 -61.0 -61.0 -62.5 -62.5 -62.5 -62.5 -62.0 
1.1228739367322893 1.0983302441261191 1.1351457830353744 1.1167380135807468 1.1658253987930873 1.0921943209745766 1.1044661672776617 1.1535535524900022 1.184233168247715 1.239456476611598 1.1903690913992575 1.2087768608538851 1.1474176293384597 1.1474176293384597 1.214912784005428 1.2026409377023426 1.227184630308513 1.2026409377023426 1.2333205534600555 1.325359400733194 1.1596894756415448 1.2762720155208536 1.5033011721279284 1.3314953238847365 1.1596894756415448 1.1474176293384597 1.055378782065321 0.9817477042468103 0.9878836273983529 4.154019973594316 1.0246991663076084 1.0676506283684062 1.184233168247715 1.4787574795217582 1.3192234775816514 1.1290098598838318 1.2762720155208536 1.1780972450961724 1.0492428589137786 1.0369710126106935 1.0185632431560658 0.9633399347921826 1.0185632431560658 1.1106020904292042 
-49.0 -49.0 -49.0 -49.0 -49.0 -49.5 -49.0 -49.0 -49.0 -49.0 -49.0 -49.0 -49.0 -49.0 -49.0 -49.0 -49.0 -49.0 -50.0 -53.5 -53.0 -53.5 -54.5 -53.0 -52.5 -54.0 -54.0 -54.0 -53.5 -53.5 -52.5 -53.0 -52.0 -52.5 -54.5 -52.5 -51.0 -50.5 -50.0 -50.5 -50.0 -50.0 -50.0 -49.5 
1.1167380135807468 1.1290098598838318 1.141281706186917 1.1167380135807468 1.1535535524900022 1.1167380135807468 1.1290098598838318 1.1167380135807468 1.1351457830353744 1.1719613219446299 1.0983302441261191 1.1658253987930873 1.1719613219446299 1.141281706186917 1.1719613219446299 1.1535535524900022 1.1596894756415448 1.1780972450961724 1.1535535524900022 1.3069516312785663 1.3560390164909069 1.6566992509164924 1.8100973297050567 1.533980787885641 1.3989904785517047 1.4542137869155878 1.4542137869155878 1.368310862793992 1.3867186322486196 1.4143302864305611 1.423534171157875 1.3437671701878218 1.282407938672396 1.552388557340269 1.6935147898257479 1.4787574795217582 1.3314953238847365 1.1780972450961724 1.086058397823034 1.055378782065321 1.0737865515199487 1.0369710126106935 1.0492428589137786 1.0983302441261191 
-50.5 -50.5 -50.5 -50.5 -50.5 -50.5 -50.5 -50.0 -50.5 -50.0 -50.0 -50.5 -50.0 -50.0 -50.5 -49.5 -50.5 -50.5 -50.5 -51.0 -52.5 -53.0 -51.5 -50.0 -50.5 -51.0 -51.0 -51.0 -50.5 -50.5 -50.5 -50.5 -50.0 -50.0 -51.0 -53.0 -52.0 -51.0 -50.5 -50.5 -50.5 -50.5 -50.5 -50.0 
1.368310862793992 1.3744467859455345 1.3867186322486196 1.423534171157875 1.380582709097077 1.380582709097077 1.380582709097077 1.3744467859455345 1.3499030933393643 1.4173982480063325 1.4358060174609601 1.368310862793992 1.4051264017032472 1.3989904785517047 1.4173982480063325 1.380582709097077 1.4480778637640452 1.4726215563702154 1.576932249946439 1.846912868614312 2.1475731030398975 2.2886993355253766 2.086213871524472 1.8407769454627694 1.7855536370988863 1.8346410223112268 1.7303303287350031 1.6935147898257479 1.6260196351587797 1.6689710972195777 1.6566992509164924 1.564660403643354 1.6321555583103222 1.7978254834019713 2.0493983326152168 2.325514874434632 2.061670178918302 1.846912868614312 1.4173982480063325 1.3069516312785663 1.1965050145508 1.3130875544301088 1.3008157081270237 1.2701360923693108 
-57.5 -57.0 -57.5 -57.5 -57.5 -57.5 -57.5 -56.5 -56.5 -56.5 -56.5 -56.0 -57.0 -57.0 -57.0 -56.5 -57.0 -56.5 -57.5 -58.0 -59.5 -53.5 -51.5 -52.5 -53.0 -53.5 -53.5 -54.0 -53.5 -53.5 -52.5 -53.0 -52.0 -51.0 -50.5 -55.5 -56.5 -58.0 -58.5 -58.5 -58.5 -57.5 -58.0 -57.0 
1.5953400194010667 1.6505633277649499 1.6873788666742053 1.6566992509164924 1.6689710972195777 1.6689710972195777 1.6751070203711202 1.7303303287350031 1.705786636128833 1.7241944055834606 1.718058482431918 1.7241944055834606 1.7119225592803755 1.6873788666742053 1.7241944055834606 1.7241944055834606 1.6751070203711202 1.6751070203711202 1.6260196351587797 1.8714565612204823 2.2886993355253766 2.3193789512830896 2.043262409463674 2.1353012567368124 2.2396119503130363 2.0923497946760143 2.012582793705961 2.067806102069844 2.0371264863121317 2.1046216409791 1.945087639038993 1.9819031779482483 2.1230294104337273 2.018718716857504 2.1230294104337273 2.325514874434632 2.110757564130642 1.88986433067511 1.6689710972195777 1.6321555583103222 1.662835174068035 1.6873788666742053 1.6505633277649499 1.6505633277649499 
-54.0 -54.0 -54.0 -53.5 -54.0 -54.0 -54.0 -53.5 -53.5 -53.5 -53.5 -53.0 -53.5 -53.0 -53.0 -53.0 -53.0 -53.5 -54.5 -55.5 -56.0 -53.0 -53.5 -55.0 -55.0 -55.0 -56.5 -56.0 -55.5 -56.0 -56.0 -55.0 -55.5 -54.5 -54.0 -54.5 -54.0 -54.5 -54.0 -53.5 -53.5 -54.0 -54.0 -53.0 
5.442563835418255 5.491651220630596 5.473243451175968 5.5100589900852235 5.47937937432751 5.436427912266712 5.534602682691394 5.424156065963627 5.399612373357457 5.411884219660542 5.338253141842031 5.424156065963627 5.473243451175968 5.442563835418255 5.460971604872882 5.393476450205914 5.460971604872882 5.4671075280244255 5.681864838328415 5.792311455056181 6.019340611663256 5.994796919057086 5.743224069843841 5.712544454086128 5.706408530934585 5.6573211457222445 5.47937937432751 5.534602682691394 5.577554144752192 5.329049257114717 5.3627968344482015 5.424156065963627 5.675728915176872 5.516194913236766 5.608233760509904 6.031612457966341 5.890486225480862 5.6573211457222445 5.6143696836614465 5.5714182216006485 5.583690067903734 5.5100589900852235 5.283029833478148 5.534602682691394 
-60.0 -60.0 -60.5 -61.0 -60.5 -60.0 -60.5 -60.5 -59.5 -60.5 -60.0 -60.0 -60.0 -60.0 -60.0 -60.5 -60.0 -60.5 -60.0 -60.5 -59.0 -56.0 -55.5 -56.0 -56.0 -57.0 -58.5 -60.0 -60.0 -60.0 -58.5 -58.0 -57.5 -57.5 -56.0 -57.0 -59.5 -59.0 -59.5 -59.5 -60.0 -60.0 -60.5 -60.5 
4.804427827657828 4.767612288748572 4.767612288748572 4.76147636559703 4.822835597112456 4.828971520263998 4.828971520263998 4.8351074434155406 4.7860200582032 4.798291904506286 4.921010367537137 4.773748211900116 4.902602598082509 4.847379289718626 4.92714629068868 4.822835597112456 4.933282213840222 4.859651136021712 4.841243366567084 4.853515212870168 5.227806525114265 5.681864838328415 5.448699758569798 5.141903600992669 5.381204603902829 5.577554144752192 5.5284667595398505 5.595961914206819 5.724816300389213 5.651185222570702 5.626641529964532 5.632777453116074 5.6143696836614465 5.64504929941916 5.062136600022616 5.1725832167503825 5.700272607783043 5.325981295538946 5.148039524144211 4.865787059173254 4.945554060143307 5.031456984264903 5.00077736850719 4.97623367590102 4.945554060143307 
-59.5 -60.5 -60.5 -60.5 -60.5 -60.0 -60.0 -60.5 -59.0 -59.5 -59.5 -59.5 -59.0 -59.5 -59.5 -59.0 -59.5 -59.5 -60.0 -61.5 -62.0 -62.5 -60.0 -60.0 -65.0 -63.0 -64.5 -65.0 -64.0 -64.0 -65.0 -66.0 -65.5 -65.5 -65.0 -60.5 -62.0 -59.5 -60.5 -60.5 -60.5 -59.5 -61.5 -61.5 -60.0 
