3.117048960983623 3.1906800388021335 3.172272269347506 2.945243112740431 3.147728576741336 3.2397674240144743 3.06182565261974 3.129320807286708 3.184544115650591 3.160000423044421 3.3502140407422405 3.2213596545598464 3.098641191528995 3.2090878082567613 3.117048960983623 3.2581751934691017 4.086524818927348 3.773592738198677 3.56497135104623 2.9636508821950587 2.8409324191642074 2.8102528034064944 2.761165418194154 2.9084275738311756 3.184544115650591 3.3379421944391554 3.5342917352885173 3.4054373491061236 2.9575149590435164 6.129787228391022 2.7979809571034093 2.804116880254952 2.730485802436441 2.8286605728611223 3.227495577711389 1.337631247036279 0.9265243958829272 0.1718058482431918 3.1354567304382504 6.2463697682703305 
-66.0 -66.0 -65.5 -66.0 -66.5 -65.5 -65.5 -66.0 -65.5 -66.0 -65.5 -65.5 -64.0 -65.5 -65.5 -66.0 -66.0 -65.0 -61.5 -60.0 -60.5 -66.0 -66.0 -68.5 -70.0 -68.5 -70.0 -71.0 -70.5 -72.0 -68.5 -67.5 -64.5 -65.0 -64.5 -70.0 -74.0 -73.5 -69.0 -69.5 
1.325359400733194 1.4971652489763858 1.368310862793992 1.552388557340269 1.3867186322486196 1.3314953238847365 1.2885438618239387 1.5462526341887264 1.6137477888556946 1.662835174068035 1.7426021750380885 1.6935147898257479 1.6751070203711202 1.9266798695843652 1.9819031779482483 1.5033011721279284 3.2397674240144743 2.4850488763747385 2.061670178918302 1.8775924843720249 1.88986433067511 1.7916895602504288 1.6566992509164924 2.12916533358527 2.5954954931025047 2.5770877236478773 4.3933209765044765 1.2087768608538851 1.2578642460662257 1.368310862793992 1.4910293258248433 1.3192234775816514 1.509437095279471 1.141281706186917 1.4480778637640452 
-62.5 -63.0 -63.5 -62.5 -62.5 -64.0 -64.0 -63.5 -64.0 -64.5 -64.0 -64.0 -64.0 -66.0 -65.5 -65.0 -64.5 -63.0 -64.0 -63.0 -61.0 -61.0 -62.5 -61.0 -63.5 -64.5 -66.5 -64.0 -64.0 -63.0 -62.0 -63.0 -62.5 -63.5 -63.0 
1.1290098598838318 1.0921943209745766 1.086058397823034 1.0615147052168636 1.0921943209745766 1.086058397823034 1.0492428589137786 1.0676506283684062 1.0062913968529805 1.0185632431560658 1.0185632431560658 0.9878836273983529 1.0062913968529805 0.9756117810952678 0.944932165337555 0.8467573949128739 0.6688156235181395 0.7179030087304801 0.7117670855789375 0.7731263170943632 0.9081166264282996 1.0369710126106935 1.0737865515199487 0.9633399347921826 0.9572040116406401 1.0185632431560658 1.0369710126106935 1.0921943209745766 1.0246991663076084 1.0246991663076084 1.1290098598838318 1.184233168247715 1.1474176293384597 0.9019807032767571 0.8651651643675016 1.0062913968529805 0.8897088569736719 0.7976700097005334 0.8835729338221293 0.9265243958829272 0.8835729338221293 0.9142525495798421 0.9203884727313847 0.9203884727313847 0.9510680884890975 
-49.0 -48.5 -48.5 -48.5 -49.0 -48.5 -48.5 -48.5 -48.5 -48.5 -48.5 -48.5 -48.5 -48.5 -49.0 -49.0 -49.0 -49.0 -49.5 -52.0 -51.5 -50.5 -49.5 -49.5 -50.0 -51.5 -51.5 -51.5 -51.0 -50.5 -49.5 -50.0 -51.5 -51.5 -49.0 -49.0 -49.5 -49.0 -48.5 -49.0 -48.5 -49.0 -49.0 -49.0 -49.0 
1.1106020904292042 1.055378782065321 1.0615147052168636 1.0983302441261191 1.043106935762236 1.0369710126106935 1.043106935762236 1.0492428589137786 1.0615147052168636 1.0676506283684062 1.0799224746714913 1.0492428589137786 1.0492428589137786 1.012427320004523 1.0062913968529805 0.8835729338221293 0.8344855486097889 0.9572040116406401 1.184233168247715 1.1535535524900022 1.239456476611598 1.2578642460662257 1.2087768608538851 1.337631247036279 1.3867186322486196 1.380582709097077 1.4173982480063325 1.4358060174609601 1.5462526341887264 1.5401167110371838 1.3437671701878218 1.325359400733194 1.4051264017032472 1.3192234775816514 1.2517283229146832 1.2210487071569704 1.1474176293384597 1.000155473701438 0.9694758579437253 1.0185632431560658 1.043106935762236 1.0369710126106935 1.0185632431560658 1.043106935762236 1.043106935762236 
-50.0 -49.5 -50.0 -50.0 -50.0 -50.0 -50.0 -50.5 -50.0 -50.0 -50.0 -50.0 -50.0 -50.0 -50.5 -51.0 -52.0 -52.0 -51.0 -51.0 -51.0 -49.0 -49.0 -50.0 -50.0 -50.0 -50.0 -50.0 -50.5 -50.5 -50.0 -48.5 -51.0 -51.0 -51.0 -52.0 -52.5 -52.0 -51.5 -50.5 -51.0 -51.0 -51.0 -50.5 -50.5 
1.5401167110371838 1.5401167110371838 1.564660403643354 1.5462526341887264 1.5155730184310134 1.5033011721279284 1.5278448647340985 1.4419419406125027 1.3989904785517047 1.4173982480063325 1.423534171157875 1.4358060174609601 1.3499030933393643 1.3130875544301088 1.2455923997631406 1.1351457830353744 1.055378782065321 1.4542137869155878 1.576932249946439 1.4848934026733007 1.4419419406125027 1.3621749396424494 1.41126232485479 1.509437095279471 1.6873788666742053 1.8100973297050567 1.8407769454627694 1.8530487917658545 1.8285050991596843 1.7426021750380885 1.6812429435226628 1.4910293258248433 1.6935147898257479 1.6382914814618648 1.576932249946439 1.5401167110371838 1.3192234775816514 1.1167380135807468 1.1167380135807468 1.1658253987930873 1.1658253987930873 1.2210487071569704 1.141281706186917 1.2026409377023426 1.2026409377023426 
-50.0 -50.0 -50.0 -50.5 -50.0 -50.0 -50.0 -49.5 -50.0 -49.5 -50.0 -49.5 -49.5 -49.5 -50.0 -50.5 -51.5 -51.5 -50.0 -48.0 -48.0 -48.5 -48.5 -50.5 -49.5 -49.0 -48.5 -49.0 -50.0 -50.5 -49.5 -49.0 -46.5 -48.0 -49.0 -50.0 -51.0 -51.0 -50.0 -49.5 -49.5 -49.5 -49.5 -50.0 -49.5 
1.9082721001297376 1.8775924843720249 1.8653206380689396 1.8653206380689396 1.8346410223112268 1.846912868614312 1.8346410223112268 1.8162332528565992 1.7916895602504288 1.7794177139473437 1.761009944492716 1.7732817907958012 1.7671458676442586 1.7426021750380885 1.6873788666742053 1.6260196351587797 1.4051264017032472 1.7426021750380885 1.9573594853420782 1.8960002538266525 1.9082721001297376 1.9389517158874505 1.9389517158874505 2.0064468705544187 2.0923497946760143 2.1659808724945253 2.2027964114037806 2.2580197197676637 2.270291566070749 2.116893487282185 2.030990563160589 2.086213871524472 1.8653206380689396 2.043262409463674 1.9880391010997909 1.9205439464328227 1.736466251886546 1.5155730184310134 1.5462526341887264 1.662835174068035 1.6505633277649499 1.6996507129772904 1.6505633277649499 1.6873788666742053 1.6873788666742053 
-51.0 -51.0 -51.0 -51.0 -51.0 -51.0 -51.0 -51.0 -51.0 -51.0 -51.0 -51.0 -51.0 -51.5 -51.0 -52.5 -54.5 -55.0 -52.5 -51.5 -52.0 -52.0 -51.5 -51.5 -52.0 -51.5 -51.0 -51.5 -52.0 -52.0 -51.0 -52.0 -50.0 -50.0 -51.0 -53.0 -55.0 -54.0 -53.0 -51.5 -51.5 -51.0 -51.5 -51.0 -51.0 
5.092816215780329 4.773748211900116 4.657165672020807 4.816699673960914 4.700117134081604 4.700117134081604 4.577398671050753 4.7860200582032 4.7307967498393175 4.749204519293945 4.651029748869264 4.601942363656923 4.6878452877785195 4.571262747899211 4.95168998329485 4.675573441475434 5.786175531904639 5.651185222570702 5.0682725231741586 5.442563835418255 5.313709449235861 5.307573526084319 5.6573211457222445 5.651185222570702 5.712544454086128 5.835262917116979 5.749359992995383 5.638913376267617 5.632777453116074 5.577554144752192 5.270757987175063 5.829126993965437 5.9518454569962875 5.798447378207723 5.516194913236766 5.405748296509 4.816699673960914 4.957825906446392 4.7307967498393175 5.00077736850719 4.890330751779424 4.755340442445488 5.00077736850719 
-65.5 -64.5 -64.5 -65.0 -64.5 -65.0 -65.0 -64.5 -64.0 -64.5 -64.5 -64.5 -64.5 -64.5 -64.5 -66.0 -57.5 -56.0 -57.0 -58.5 -58.5 -59.5 -57.5 -59.0 -58.5 -59.0 -58.0 -58.0 -57.0 -59.0 -55.5 -55.5 -56.5 -58.5 -61.0 -64.5 -65.5 -63.5 -63.5 -63.5 -63.0 -64.5 -64.0 
5.178719139901925 5.307573526084319 5.209398755659637 5.313709449235861 5.178719139901925 5.246214294568893 5.080544369477243 5.313709449235861 5.258486140871978 5.184855063053467 5.21553467881118 4.988505522204105 5.240078371417351 5.203262832508095 5.056000676871073 5.3627968344482015 3.4054373491061236 6.191146459906448 5.841398840268521 5.442563835418255 0.25157284921324513 5.706408530934585 5.8659425328746915 0.4295146206079795 0.01227184630308513 5.93343768754166 5.976389149602458 6.0991076126333095 0.006135923151542565 0.23316507975861744 0.04295146206079795 5.8475347634200645 2.337786720737717 5.688000761479957 6.019340611663256 5.184855063053467 5.086680292628786 5.381204603902829 5.080544369477243 2.116893487282185 5.135767677841127 5.184855063053467 
-64.5 -63.5 -65.0 -64.5 -64.5 -64.5 -65.5 -65.5 -64.5 -64.5 -65.0 -63.5 -64.5 -63.5 -64.0 -67.0 -71.0 -65.0 -61.0 -62.0 -62.5 -60.5 -67.0 -61.5 -61.0 -61.0 -60.5 -62.0 -62.5 -63.0 -68.0 -61.0 -62.5 -59.5 -61.0 -67.5 -64.5 -63.0 -64.0 -64.5 -64.0 -64.0 
