2.435961491162398 5.47937937432751 5.565282298449106 5.540738605842936 5.516194913236766 5.540738605842936 5.436427912266712 2.411417798556228 5.534602682691394 2.5034566458293663 5.71868037723767 5.8475347634200645 2.788777072376096 1.4848934026733007 3.497476196379262 2.116893487282185 2.2150682577068657 3.2520392703175593 3.3011266555298997 3.497476196379262 0.7915340865489908 6.1850105367549055 2.5709518004963345 2.5770877236478773 3.0495538063166547 3.1784081924990484 2.748893571891069 2.9513790358919736 2.8777479580734626 
-68.5 -69.5 -69.5 -69.0 -69.0 -69.0 -69.0 -67.0 -69.0 -66.5 -69.0 -69.5 -70.5 -66.5 -61.0 -64.5 -69.5 -69.5 -69.0 -68.5 -73.5 -74.0 -66.5 -63.5 -62.0 -62.5 -67.5 -67.0 -66.5 
1.6597672124922638 1.3867186322486196 1.5401167110371838 1.3928545554001621 4.819767635536684 1.5155730184310134 1.748738098189631 1.576932249946439 1.533980787885641 1.5462526341887264 1.6014759425526093 1.6751070203711202 1.6014759425526093 1.6137477888556946 1.7119225592803755 1.6014759425526093 1.5892040962495242 1.6198837120072371 1.6873788666742053 1.5155730184310134 1.8100973297050567 2.564815877344792 2.184388641949153 2.12916533358527 1.9757672547967058 1.9941750242513334 2.1475731030398975 2.282563412373834 2.110757564130642 2.5280003384355365 3.393165502803038 3.4913402732277192 0.23316507975861744 5.4671075280244255 1.3314953238847365 1.2333205534600555 1.2333205534600555 
-65.5 -65.0 -64.0 -62.5 -65.0 -65.5 -64.0 -64.0 -65.0 -62.5 -64.0 -64.0 -64.0 -64.5 -64.5 -64.5 -63.5 -63.5 -64.5 -63.0 -65.0 -63.5 -63.0 -63.0 -60.0 -60.5 -62.0 -63.0 -63.5 -62.0 -63.5 -64.5 -76.5 -77.5 -65.0 -65.5 -64.5 
4.0558452031696355 0.8897088569736719 0.8774370106705868 0.9081166264282996 4.037437433715008 0.8835729338221293 0.9019807032767571 0.8958447801252144 0.9142525495798421 0.9203884727313847 0.944932165337555 0.9142525495798421 0.9142525495798421 0.9142525495798421 0.9203884727313847 0.9940195505498954 0.9510680884890975 1.0185632431560658 1.1075341288534328 1.3314953238847365 1.214912784005428 1.030835089459151 1.1474176293384597 1.282407938672396 1.0615147052168636 1.0615147052168636 1.2087768608538851 1.2026409377023426 1.214912784005428 1.1228739367322893 1.1351457830353744 1.282407938672396 1.3130875544301088 1.3008157081270237 1.0185632431560658 0.9572040116406401 1.0246991663076084 0.9633399347921826 0.8897088569736719 0.8958447801252144 0.9572040116406401 
-50.0 -49.5 -49.5 -49.5 -50.0 -49.0 -49.5 -49.0 -49.5 -49.5 -49.0 -49.5 -49.5 -49.0 -49.0 -49.0 -49.0 -48.5 -49.0 -49.0 -49.5 -51.5 -53.5 -53.5 -52.5 -55.0 -54.5 -54.5 -54.5 -53.5 -51.5 -51.0 -52.0 -53.0 -53.0 -50.5 -49.0 -48.5 -48.5 -48.5 -48.5 
0.7547185476397354 0.8222137023067037 0.7731263170943632 0.7731263170943632 0.7577865092155067 0.7792622402459057 0.760854470791278 0.7179030087304801 0.7669903939428205 0.7792622402459057 0.760854470791278 0.7424467013366504 0.7117670855789375 0.7669903939428205 0.7363107781851077 0.7976700097005334 0.8099418560036186 0.7731263170943632 0.8498253564886452 0.9633399347921826 1.1965050145508 1.380582709097077 1.4787574795217582 1.2946797849754812 1.3437671701878218 1.3989904785517047 1.3928545554001621 1.4664856332186729 1.4971652489763858 1.4726215563702154 1.4419419406125027 1.4848934026733007 1.3314953238847365 1.6260196351587797 1.6260196351587797 1.521708941582556 1.325359400733194 1.1228739367322893 0.9326603190344698 0.9326603190344698 0.944932165337555 
-52.0 -51.0 -51.5 -51.5 -52.0 -52.0 -52.0 -51.5 -51.5 -51.5 -51.5 -51.5 -51.5 -51.5 -51.5 -51.0 -51.5 -50.5 -51.0 -50.5 -53.0 -53.0 -52.0 -51.5 -51.5 -52.5 -51.5 -51.5 -51.0 -51.5 -50.5 -51.0 -50.0 -50.5 -52.5 -53.0 -52.5 -52.5 -52.0 -52.0 -51.5 
1.5401167110371838 1.5278448647340985 1.4787574795217582 1.41126232485479 1.4879613642490719 1.4787574795217582 1.4787574795217582 1.521708941582556 1.4664856332186729 1.4542137869155878 1.4848934026733007 1.4971652489763858 1.5033011721279284 1.4787574795217582 1.4726215563702154 1.509437095279471 1.4910293258248433 1.4664856332186729 4.64182586414195 1.6812429435226628 2.1046216409791 2.1782527187976104 1.8960002538266525 1.9082721001297376 2.2334760271614935 2.2212041808584084 2.1966604882522383 2.1475731030398975 2.1537090261914402 2.1353012567368124 2.061670178918302 1.945087639038993 1.7978254834019713 1.7978254834019713 2.055534255766759 2.0064468705544187 1.846912868614312 1.5830681730979816 1.3069516312785663 1.184233168247715 1.2517283229146832 
-51.0 -51.0 -51.0 -51.0 -51.5 -51.0 -51.0 -51.0 -51.0 -51.0 -51.0 -51.0 -51.0 -51.0 -51.0 -51.0 -50.5 -50.5 -51.5 -51.5 -52.0 -50.0 -51.5 -53.0 -55.0 -53.5 -53.5 -52.0 -51.5 -51.5 -51.5 -52.5 -50.5 -50.0 -48.5 -50.0 -53.5 -55.5 -55.0 -54.0 -53.5 
1.576932249946439 1.4910293258248433 1.5462526341887264 1.5462526341887264 1.5677283652191252 1.564660403643354 1.5155730184310134 1.5033011721279284 1.552388557340269 1.4542137869155878 1.5155730184310134 1.509437095279471 1.552388557340269 1.564660403643354 1.5462526341887264 1.5278448647340985 1.5401167110371838 1.4542137869155878 1.5585244804918115 1.705786636128833 2.435961491162398 2.466641106920111 2.2334760271614935 2.325514874434632 2.435961491162398 2.337786720737717 2.325514874434632 2.3009711818284617 2.3009711818284617 2.2457478734645786 2.1475731030398975 2.141437179888355 2.184388641949153 2.098485717827557 2.2212041808584084 2.1905245651006955 1.9941750242513334 1.7426021750380885 1.662835174068035 1.6505633277649499 1.6873788666742053 
-53.0 -52.5 -52.5 -53.0 -53.0 -53.0 -52.5 -52.5 -53.0 -53.0 -53.0 -52.5 -53.0 -53.0 -52.5 -52.5 -52.5 -52.5 -53.5 -54.5 -56.5 -55.0 -56.0 -55.5 -55.5 -55.5 -55.0 -54.5 -54.0 -53.5 -54.0 -53.5 -53.0 -53.5 -52.5 -54.5 -56.0 -57.5 -57.0 -55.0 -54.5 
4.1601558967458585 4.491495746929157 4.074252972624263 4.270602513473625 4.08959278050312 4.123340357836604 4.2031073588066565 4.006757817957295 4.190835512503572 4.3503695144436785 4.362641360746763 4.23378697456437 4.25833066717054 4.368777283898306 4.356505437595221 4.28287435977671 4.442408361716817 4.301282129231338 4.328893783413279 6.105243535784852 5.853670686571607 5.344389064993574 6.050020227420969 5.853670686571607 5.853670686571607 5.970253226450915 5.93343768754166 5.921165841238575 5.8659425328746915 5.872078456026235 5.730952223540755 5.546874528994478 5.638913376267617 6.1850105367549055 6.166602767300278 5.884350302329319 0.09203884727313846 5.2768939103266055 5.565282298449106 
-63.0 -62.5 -62.5 -61.5 -63.0 -63.0 -62.0 -62.5 -62.0 -62.0 -62.5 -62.0 -61.5 -62.0 -61.5 -62.0 -60.5 -61.5 -66.0 -59.5 -61.0 -63.0 -61.5 -61.0 -61.0 -60.5 -60.5 -60.0 -59.0 -61.0 -60.5 -60.5 -58.5 -57.0 -61.0 -62.5 -65.0 -68.0 -67.0 
1.543184672612955 4.76147636559703 4.767612288748572 4.8351074434155406 1.55545651891604 4.6878452877785195 4.681709364626977 4.657165672020807 4.73693267299086 4.718524903536232 4.755340442445488 4.890330751779424 4.718524903536232 4.767612288748572 4.8351074434155406 4.847379289718626 5.006913291658733 4.583534594202296 4.571262747899211 2.7550294950426117 5.982525072754001 5.700272607783043 6.092971689481767 6.000932842208628 0.34974761963792617 6.209554229361076 6.17273869045182 6.166602767300278 6.062292073724054 5.970253226450915 0.01227184630308513 0.02454369260617026 5.755495916146925 6.013204688511713 5.743224069843841 5.957981380147831 6.062292073724054 
-65.0 -64.0 -65.5 -65.0 -65.5 -63.5 -63.5 -65.0 -64.0 -63.0 -64.0 -64.5 -64.5 -62.5 -64.5 -63.5 -64.5 -63.5 -66.0 -64.5 -61.0 -62.0 -64.0 -68.5 -66.0 -63.5 -65.0 -64.5 -63.0 -62.5 -61.5 -65.0 -63.0 -61.5 -61.0 -61.5 -65.5 
