2.988194574801229 2.9268353432858034 2.6016314162540475 2.791845033951867 2.816388726558037 2.8102528034064944 2.8777479580734626 2.6323110320117604 2.890019804376548 3.018874190558942 2.9513790358919736 2.945243112740431 2.9575149590435164 2.7979809571034093 0.1227184630308513 4.460816131171445 3.9822141253511245 3.141592653589793 5.945709533844745 0.7731263170943632 0.3190680038802134 3.0066023442558567 3.4054373491061236 0.9326603190344698 6.111379458936394 3.0372819600135696 6.105243535784852 6.086835766330224 
-66.0 -66.5 -64.5 -65.0 -65.5 -65.0 -65.5 -65.0 -66.5 -63.5 -64.5 -64.5 -65.5 -63.5 -67.5 -64.0 -61.5 -61.0 -69.0 -75.0 -75.0 -64.0 -64.0 -71.5 -72.5 -69.5 -72.0 -72.5 
1.2946797849754812 1.4051264017032472 1.2517283229146832 1.521708941582556 1.3621749396424494 1.1658253987930873 1.4726215563702154 1.3989904785517047 1.1903690913992575 1.4051264017032472 1.533980787885641 1.227184630308513 1.3989904785517047 1.423534171157875 1.4296700943094176 1.423534171157875 2.1782527187976104 1.9757672547967058 1.8653206380689396 1.8653206380689396 1.902136176978195 1.8530487917658545 2.5034566458293663 6.231029960391474 4.792155981354743 1.5892040962495242 1.368310862793992 1.1535535524900022 1.0921943209745766 1.227184630308513 1.2517283229146832 1.1228739367322893 1.1903690913992575 1.4051264017032472 
-64.0 -65.0 -65.0 -64.5 -65.5 -64.5 -65.0 -63.0 -65.0 -64.5 -64.0 -65.0 -63.0 -64.5 -65.0 -66.0 -63.5 -63.0 -61.0 -61.0 -62.0 -63.0 -62.5 -65.5 -73.0 -66.5 -64.0 -63.5 -63.5 -64.0 -65.5 -65.5 -64.5 -67.0 
0.9756117810952678 0.9510680884890975 0.9817477042468103 0.9203884727313847 0.9265243958829272 0.9633399347921826 0.9694758579437253 0.9817477042468103 0.9572040116406401 0.944932165337555 0.9878836273983529 0.9817477042468103 0.9694758579437253 0.9633399347921826 1.0185632431560658 1.141281706186917 1.0799224746714913 1.1965050145508 1.2455923997631406 1.4542137869155878 1.1719613219446299 1.0921943209745766 1.2087768608538851 1.1167380135807468 1.1719613219446299 1.1658253987930873 1.325359400733194 1.346835131763593 1.4173982480063325 1.1351457830353744 1.214912784005428 0.9694758579437253 0.9572040116406401 0.9387962421860124 0.9572040116406401 0.9265243958829272 0.9203884727313847 0.8835729338221293 0.8897088569736719 
-48.5 -48.5 -48.5 -49.0 -49.0 -48.5 -48.5 -48.5 -48.5 -48.5 -48.5 -48.5 -48.5 -48.0 -48.0 -48.0 -48.5 -52.0 -52.5 -53.0 -52.0 -55.0 -55.5 -55.5 -55.0 -52.0 -51.5 -52.5 -52.0 -50.5 -49.5 -48.5 -48.5 -48.0 -48.5 -48.5 -48.5 -48.5 -49.0 
0.9081166264282996 0.9081166264282996 0.9019807032767571 0.9387962421860124 0.8222137023067037 0.944932165337555 0.9203884727313847 0.9019807032767571 0.8958447801252144 0.8651651643675016 0.8099418560036186 0.8774370106705868 0.8958447801252144 0.8713010875190442 0.8835729338221293 1.1535535524900022 1.41126232485479 1.5585244804918115 1.4542137869155878 1.4664856332186729 1.4848934026733007 1.4910293258248433 1.533980787885641 1.4603497100671303 1.4910293258248433 1.5155730184310134 1.6014759425526093 4.534447208989955 1.7855536370988863 1.6751070203711202 1.3069516312785663 0.9878836273983529 0.9265243958829272 0.9326603190344698 0.9203884727313847 0.9510680884890975 0.8897088569736719 1.0185632431560658 1.1044661672776617 
-51.5 -51.5 -51.5 -52.0 -51.5 -51.0 -51.5 -51.5 -51.5 -51.5 -51.0 -51.0 -51.5 -51.0 -51.5 -52.0 -53.0 -52.5 -51.0 -51.5 -51.5 -52.0 -52.0 -52.0 -51.5 -51.5 -51.0 -50.0 -50.0 -53.5 -52.5 -51.5 -51.5 -51.5 -51.5 -51.5 -51.5 -52.0 -51.0 
1.2946797849754812 1.282407938672396 1.1290098598838318 1.3008157081270237 1.2455923997631406 1.325359400733194 1.282407938672396 1.2762720155208536 1.2762720155208536 1.2762720155208536 1.325359400733194 1.3130875544301088 1.3314953238847365 1.337631247036279 1.3008157081270237 1.7732817907958012 2.0493983326152168 1.9512235621905356 1.859184714917397 1.9696313316451632 2.1659808724945253 2.2518837966161214 2.1537090261914402 2.2334760271614935 2.1475731030398975 2.172116795646068 2.0064468705544187 1.9573594853420782 1.9082721001297376 2.098485717827557 1.9880391010997909 1.4787574795217582 1.2701360923693108 1.1903690913992575 1.239456476611598 1.2640001692177683 1.2885438618239387 1.2885438618239387 1.3130875544301088 
-53.0 -53.0 -53.5 -53.0 -53.0 -53.5 -53.5 -53.0 -53.0 -53.0 -53.0 -53.0 -52.5 -53.5 -54.0 -52.0 -50.5 -48.5 -50.5 -50.5 -54.5 -53.0 -53.5 -53.5 -53.0 -53.0 -53.0 -51.5 -48.5 -50.0 -53.0 -55.0 -55.0 -53.0 -52.5 -53.5 -53.5 -53.5 -54.0 
1.6566992509164924 1.6137477888556946 1.662835174068035 1.6382914814618648 1.6444274046134073 1.6382914814618648 1.6505633277649499 1.662835174068035 1.6198837120072371 1.5953400194010667 1.576932249946439 1.6321555583103222 1.6873788666742053 1.552388557340269 1.509437095279471 2.073942025221387 2.3439226438892597 2.110757564130642 2.270291566070749 2.1475731030398975 2.399145952253143 2.2580197197676637 2.2764274892222915 2.2580197197676637 2.2396119503130363 2.1475731030398975 2.1782527187976104 2.2334760271614935 1.9880391010997909 2.2641556429192065 2.0493983326152168 1.6260196351587797 1.5033011721279284 1.7241944055834606 1.6873788666742053 1.5953400194010667 1.6566992509164924 1.7671458676442586 1.8346410223112268 
-55.0 -55.0 -54.5 -55.0 -55.0 -55.0 -54.5 -54.5 -54.5 -54.5 -54.5 -54.0 -54.5 -55.5 -56.0 -55.0 -54.5 -53.0 -53.5 -53.5 -54.5 -54.0 -54.5 -54.0 -54.5 -54.5 -54.0 -53.0 -53.5 -53.0 -54.5 -55.5 -55.0 -54.0 -53.0 -54.0 -54.0 -54.0 -53.5 
4.73693267299086 4.853515212870168 4.921010367537137 4.914874444385594 4.700117134081604 4.601942363656923 4.681709364626977 4.773748211900116 4.7307967498393175 4.571262747899211 4.663301595172349 4.595806440505381 4.608078286808466 4.749204519293945 5.332117218690489 5.964117303299373 6.080699843178682 5.6143696836614465 5.970253226450915 5.264622064023521 5.970253226450915 5.939573610693203 5.994796919057086 6.062292073724054 5.982525072754001 5.9088939949354895 5.8659425328746915 5.789243493480409 5.264622064023521 6.264777537724958 6.227961998815704 5.945709533844745 5.663457068873787 5.154175447295755 5.197126909356553 5.203262832508095 5.344389064993574 5.117359908386499 4.921010367537137 
-70.0 -68.5 -68.5 -68.0 -68.5 -67.0 -68.0 -67.0 -67.0 -66.5 -68.0 -65.0 -67.0 -66.5 -66.0 -61.5 -58.5 -58.5 -58.5 -61.5 -60.0 -61.0 -60.5 -61.0 -60.5 -59.5 -59.0 -61.0 -59.0 -57.0 -59.5 -63.5 -65.0 -67.5 -66.5 -66.0 -64.5 -66.5 -67.0 
1.932815792735908 1.859184714917397 5.148039524144211 5.098952138931871 1.88986433067511 5.203262832508095 4.9823695990525625 4.890330751779424 5.154175447295755 5.0253210611133605 5.798447378207723 5.902758071783947 6.264777537724958 6.166602767300278 5.841398840268521 0.030679615757712823 6.178874613603362 6.17273869045182 6.178874613603362 6.117515382087937 0.28225246497095796 6.043884304269426 6.010136726935942 5.8659425328746915 5.853670686571607 5.939573610693203 2.7979809571034093 2.3071071049800045 5.424156065963627 5.424156065963627 5.516194913236766 
-71.0 -70.0 -69.0 -68.5 -69.0 -68.0 -68.0 -67.5 -68.0 -67.5 -62.5 -59.5 -63.0 -59.0 -69.0 -63.5 -62.0 -63.0 -65.0 -63.5 -63.0 -67.0 -64.5 -64.5 -60.5 -63.5 -75.5 -73.5 -68.5 -68.0 -69.0 
