6.160466844148735 6.105243535784852 2.730485802436441 2.730485802436441 6.031612457966341 2.6875343403756435 2.7979809571034093 2.8716120349219203 2.6261751088602177 2.3930100291016 2.748893571891069 2.742757648739526 2.8654761117703775 2.411417798556228 3.56497135104623 2.9145634969827183 2.448233337465483 0.006135923151542565 0.4663301595172349 0.2699806186678728 0.07976700097005335 0.1349903093339364 0.2086213871524472 2.6568547246179306 3.153864499892878 3.650874275167826 4.638757902566179 
-67.5 -67.0 -65.0 -66.0 -66.0 -65.5 -66.0 -64.0 -66.0 -66.5 -66.0 -66.5 -65.0 -65.0 -61.5 -59.0 -62.5 -71.0 -71.5 -69.5 -70.0 -70.0 -70.0 -66.0 -62.0 -63.0 -65.5 
1.4664856332186729 1.736466251886546 1.509437095279471 1.6014759425526093 1.7211264440076894 1.552388557340269 1.5033011721279284 1.6996507129772904 1.4296700943094176 1.4664856332186729 1.5953400194010667 1.7119225592803755 1.533980787885641 4.724660826687775 1.6260196351587797 1.4726215563702154 1.4419419406125027 0.3436116964863836 3.031146036862027 2.693670263527186 2.423689644859313 2.3071071049800045 2.1537090261914402 2.0371264863121317 2.086213871524472 2.2396119503130363 2.5034566458293663 2.356194490192345 4.448544284868359 4.6448938257177215 1.607611865704152 1.1535535524900022 1.2087768608538851 1.141281706186917 1.2087768608538851 1.0983302441261191 1.0492428589137786 1.141281706186917 1.282407938672396 
-66.0 -65.0 -65.5 -67.5 -68.0 -67.5 -65.5 -67.5 -66.5 -67.5 -65.5 -66.0 -66.0 -67.5 -67.0 -67.0 -67.0 -66.5 -64.0 -64.5 -63.0 -62.0 -60.5 -60.5 -60.0 -63.0 -63.0 -65.0 -72.0 -66.5 -64.5 -63.5 -63.5 -62.5 -64.0 -64.0 -64.0 -65.5 -64.5 
0.9019807032767571 0.8713010875190442 0.8283496254582462 0.8344855486097889 0.8283496254582462 0.8222137023067037 0.8283496254582462 0.859029241215959 0.859029241215959 0.8283496254582462 0.7731263170943632 0.8160777791551611 0.8222137023067037 0.8222137023067037 0.7915340865489908 0.7915340865489908 0.8406214717613314 1.086058397823034 1.086058397823034 0.9633399347921826 1.1719613219446299 1.3008157081270237 1.1719613219446299 1.1965050145508 1.2762720155208536 1.3314953238847365 1.2885438618239387 1.227184630308513 1.3621749396424494 1.4296700943094176 1.239456476611598 1.214912784005428 1.380582709097077 1.325359400733194 1.1474176293384597 1.086058397823034 1.055378782065321 0.9940195505498954 1.000155473701438 0.9940195505498954 0.9694758579437253 0.9940195505498954 
-49.5 -49.5 -49.0 -49.5 -50.0 -49.5 -49.5 -49.5 -49.5 -49.5 -49.5 -49.5 -49.5 -49.5 -49.5 -49.5 -49.0 -48.0 -48.5 -50.5 -52.0 -50.0 -51.0 -52.5 -53.5 -54.0 -53.5 -52.0 -51.0 -52.5 -51.0 -49.5 -48.5 -49.0 -49.0 -49.0 -49.5 -49.5 -50.0 -50.0 -49.5 -49.5 
0.9081166264282996 0.9326603190344698 0.8774370106705868 0.9756117810952678 0.9387962421860124 0.8774370106705868 0.9326603190344698 0.9572040116406401 0.9694758579437253 0.9756117810952678 0.9081166264282996 0.9387962421860124 0.9019807032767571 0.9265243958829272 0.9572040116406401 0.9081166264282996 0.9572040116406401 1.214912784005428 1.4173982480063325 1.325359400733194 1.4173982480063325 1.509437095279471 1.423534171157875 1.5830681730979816 1.564660403643354 1.5707963267948966 1.6014759425526093 1.5830681730979816 1.5585244804918115 1.4664856332186729 1.6198837120072371 1.5033011721279284 1.4664856332186729 1.2517283229146832 1.0676506283684062 0.9694758579437253 1.012427320004523 1.0185632431560658 0.9817477042468103 0.9694758579437253 1.055378782065321 0.9940195505498954 
-52.0 -52.0 -52.0 -52.0 -52.5 -52.0 -52.0 -52.0 -52.0 -52.0 -52.0 -52.0 -52.0 -52.0 -52.0 -52.5 -52.5 -51.5 -51.5 -51.5 -51.0 -50.5 -51.0 -51.0 -51.0 -51.0 -51.0 -51.5 -51.0 -51.0 -51.5 -51.5 -53.0 -52.0 -52.0 -51.5 -52.0 -52.5 -52.5 -52.0 -52.0 -52.0 
1.2210487071569704 1.1719613219446299 1.1780972450961724 1.1719613219446299 1.1719613219446299 1.1474176293384597 1.1167380135807468 1.1290098598838318 1.1290098598838318 1.141281706186917 1.1596894756415448 1.1474176293384597 1.1535535524900022 1.0983302441261191 1.1474176293384597 1.1044661672776617 1.3621749396424494 1.718058482431918 1.7732817907958012 1.7548740213411735 1.7241944055834606 1.7303303287350031 2.0493983326152168 2.1537090261914402 2.1537090261914402 2.1659808724945253 2.116893487282185 2.110757564130642 1.9634954084936207 1.8714565612204823 1.9819031779482483 2.0493983326152168 2.024854640009046 1.7671458676442586 1.4848934026733007 1.2762720155208536 1.3069516312785663 1.239456476611598 1.214912784005428 1.239456476611598 1.227184630308513 1.239456476611598 
-53.5 -53.5 -53.5 -54.0 -55.0 -54.0 -54.0 -53.5 -54.0 -54.0 -54.0 -54.0 -54.0 -54.0 -54.0 -54.0 -55.0 -50.0 -48.0 -48.5 -49.0 -51.0 -50.5 -50.5 -51.0 -51.0 -51.5 -51.0 -52.0 -50.0 -48.0 -48.5 -50.0 -52.5 -54.5 -54.5 -54.0 -53.5 -54.5 -55.0 -54.5 -54.0 
1.6382914814618648 1.6689710972195777 1.564660403643354 1.6198837120072371 1.6413594430376361 1.6505633277649499 1.5830681730979816 1.552388557340269 1.6014759425526093 1.6198837120072371 1.6751070203711202 1.5830681730979816 1.5401167110371838 1.552388557340269 1.6689710972195777 1.6014759425526093 1.5462526341887264 1.9880391010997909 2.000310947402876 2.110757564130642 2.073942025221387 2.024854640009046 2.1475731030398975 2.2089323345553233 2.2764274892222915 2.325514874434632 2.2089323345553233 2.227340104009951 2.1598449493429825 2.1353012567368124 2.1046216409791 2.3009711818284617 2.356194490192345 1.9144080232812801 1.6935147898257479 1.7119225592803755 1.7119225592803755 1.6996507129772904 1.6935147898257479 1.5707963267948966 1.6751070203711202 1.7119225592803755 
-55.0 -55.0 -55.5 -55.5 -56.0 -56.0 -55.5 -55.5 -55.5 -56.0 -56.0 -56.0 -55.5 -56.5 -56.0 -56.5 -57.5 -53.5 -53.5 -54.0 -52.0 -53.0 -52.5 -53.0 -53.5 -53.5 -53.5 -52.5 -53.0 -52.0 -53.5 -53.0 -54.5 -56.0 -55.5 -55.0 -54.5 -54.5 -54.5 -55.5 -54.5 -54.0 
5.387340527054372 5.485515297479052 5.3198453723874035 5.325981295538946 5.338253141842031 5.375068680751287 5.338253141842031 5.338253141842031 5.264622064023521 6.166602767300278 6.056156150572511 5.841398840268521 5.792311455056181 5.546874528994478 5.240078371417351 5.3627968344482015 5.988660995905543 5.6941366846315 5.853670686571607 5.841398840268521 5.853670686571607 5.872078456026235 5.6941366846315 5.5100589900852235 5.47937937432751 5.921165841238575 6.019340611663256 6.007068765360171 5.915029918087033 5.405748296509 5.154175447295755 5.246214294568893 5.651185222570702 5.688000761479957 
-67.5 -67.0 -65.5 -67.0 -69.0 -66.5 -65.5 -68.5 -69.0 -67.5 -62.5 -58.5 -56.0 -59.0 -59.0 -61.0 -58.5 -58.5 -60.0 -59.5 -59.0 -58.5 -60.5 -59.0 -59.5 -56.0 -57.0 -60.5 -65.0 -67.0 -67.5 -66.0 -66.0 -67.0 
2.497320722677824 5.6941366846315 2.4911847995262812 2.564815877344792 2.5402721847386216 2.5770877236478773 6.2034183062095325 6.031612457966341 5.491651220630596 5.43029198911517 5.884350302329319 5.497787143782138 6.043884304269426 6.074563920027139 5.9088939949354895 6.007068765360171 6.043884304269426 5.994796919057086 6.258641614573416 6.050020227420969 5.712544454086128 5.878214379177777 5.5714182216006485 5.8045833013592665 6.0991076126333095 2.116893487282185 2.043262409463674 5.190990986205009 2.2212041808584084 
-72.0 -72.0 -71.5 -72.5 -73.0 -72.5 -73.5 -65.0 -60.5 -58.0 -62.0 -61.0 -63.5 -61.0 -61.0 -61.5 -61.5 -61.5 -61.5 -66.0 -61.0 -63.5 -58.0 -59.0 -65.0 -72.0 -70.5 -68.5 -71.0 
