5.890486225480862 2.2886993355253766 5.730952223540755 2.3746022596469727 5.829126993965437 5.816855147662351 5.773903685601553 2.399145952253143 2.454369260617026 2.4605051837685683 2.3071071049800045 2.3071071049800045 2.3930100291016 4.031301510563465 2.9636508821950587 5.565282298449106 6.019340611663256 0.2454369260617026 3.147728576741336 3.067961575771282 2.3009711818284617 6.252505691421874 3.2336315008629315 1.2701360923693108 2.779573187648782 2.521864415283994 2.693670263527186 5.872078456026235 5.945709533844745 5.878214379177777 
-69.5 -65.5 -69.0 -66.0 -69.5 -69.5 -69.0 -65.0 -67.5 -68.0 -68.0 -68.0 -67.5 -62.5 -62.5 -68.5 -73.0 -71.0 -68.0 -67.5 -67.0 -63.5 -60.5 -73.5 -71.0 -68.5 -68.0 -68.0 -67.5 -67.5 
1.3744467859455345 1.3314953238847365 1.3008157081270237 1.3621749396424494 0.8897088569736719 1.3192234775816514 1.2885438618239387 1.2885438618239387 1.3008157081270237 1.3192234775816514 1.4603497100671303 1.2701360923693108 1.3621749396424494 1.1596894756415448 1.4358060174609601 1.3008157081270237 2.4911847995262812 2.2396119503130363 1.7119225592803755 2.3316507975861747 2.0923497946760143 2.043262409463674 1.9205439464328227 2.061670178918302 2.5157284921324514 5.829126993965437 5.638913376267617 1.6198837120072371 1.2578642460662257 1.5278448647340985 1.0676506283684062 1.1596894756415448 1.1351457830353744 1.368310862793992 1.3928545554001621 1.282407938672396 1.380582709097077 1.3560390164909069 
-63.5 -65.5 -65.0 -65.0 -64.5 -65.5 -65.0 -63.5 -65.5 -64.0 -64.0 -63.0 -64.0 -63.5 -63.5 -66.5 -63.5 -63.5 -63.0 -60.5 -60.0 -60.5 -60.0 -62.0 -63.0 -66.5 -74.0 -66.0 -64.5 -65.5 -64.5 -63.5 -62.5 -63.0 -62.0 -62.0 -61.5 -62.0 
1.0062913968529805 0.9878836273983529 0.9572040116406401 0.9756117810952678 0.9878836273983529 0.9878836273983529 0.9817477042468103 0.9326603190344698 0.9756117810952678 0.9940195505498954 1.030835089459151 1.000155473701438 0.9940195505498954 1.012427320004523 1.043106935762236 1.2578642460662257 1.2210487071569704 1.1596894756415448 1.337631247036279 1.2517283229146832 1.184233168247715 1.2210487071569704 1.2885438618239387 1.1780972450961724 1.239456476611598 1.184233168247715 1.3989904785517047 1.3314953238847365 1.3069516312785663 1.2333205534600555 1.282407938672396 1.2762720155208536 4.292078244504024 0.9756117810952678 1.0246991663076084 1.055378782065321 1.141281706186917 1.1474176293384597 1.1719613219446299 1.141281706186917 1.2026409377023426 
-48.5 -48.5 -49.0 -48.5 -48.5 -48.5 -49.0 -49.0 -48.5 -48.5 -48.5 -49.0 -48.5 -48.5 -48.0 -48.0 -49.0 -51.0 -52.5 -51.0 -52.0 -54.0 -54.0 -54.0 -53.5 -52.5 -51.5 -52.0 -51.0 -50.0 -48.5 -48.5 -50.0 -49.0 -49.0 -48.5 -48.5 -48.5 -48.5 -48.5 -48.5 
0.9817477042468103 0.9940195505498954 1.0369710126106935 1.012427320004523 1.0492428589137786 0.9387962421860124 1.000155473701438 1.0062913968529805 0.9572040116406401 0.9940195505498954 0.9817477042468103 0.9694758579437253 0.944932165337555 0.9387962421860124 1.0369710126106935 1.3744467859455345 1.380582709097077 1.4910293258248433 1.4480778637640452 1.509437095279471 1.509437095279471 1.5707963267948966 1.5585244804918115 1.4726215563702154 1.576932249946439 1.5278448647340985 1.4910293258248433 1.368310862793992 1.6260196351587797 1.4664856332186729 1.4848934026733007 1.3867186322486196 1.2885438618239387 1.1106020904292042 0.9694758579437253 1.000155473701438 1.0369710126106935 1.0983302441261191 1.0246991663076084 1.0737865515199487 1.055378782065321 
-52.0 -51.5 -51.5 -52.0 -52.0 -52.0 -51.5 -52.0 -51.5 -52.0 -52.0 -51.5 -51.5 -52.0 -51.5 -52.5 -52.0 -51.5 -51.5 -51.0 -51.5 -51.0 -51.5 -51.5 -51.5 -51.5 -51.0 -50.5 -50.5 -52.5 -53.0 -53.0 -53.0 -52.0 -52.0 -52.0 -51.5 -51.0 -51.0 -51.0 -51.0 
1.2762720155208536 1.227184630308513 1.227184630308513 1.2517283229146832 1.2517283229146832 1.2455923997631406 1.2762720155208536 1.2701360923693108 1.239456476611598 1.2946797849754812 1.3008157081270237 1.2640001692177683 1.2517283229146832 1.239456476611598 1.4358060174609601 1.902136176978195 1.9819031779482483 1.8530487917658545 1.8407769454627694 2.024854640009046 2.1475731030398975 2.141437179888355 2.1966604882522383 2.1475731030398975 2.1353012567368124 2.12916533358527 1.9266798695843652 1.8346410223112268 1.7732817907958012 1.9512235621905356 1.9389517158874505 1.8285050991596843 4.819767635536684 1.3499030933393643 1.239456476611598 1.3314953238847365 1.4173982480063325 1.41126232485479 1.423534171157875 1.4542137869155878 1.4173982480063325 
-53.5 -53.0 -53.0 -53.0 -53.5 -53.0 -53.5 -53.0 -53.0 -53.0 -53.0 -53.0 -53.0 -53.5 -54.0 -49.5 -48.0 -48.5 -49.5 -52.0 -51.0 -51.0 -51.0 -51.0 -51.5 -51.5 -52.0 -49.5 -49.5 -47.5 -49.5 -50.5 -54.0 -55.0 -54.0 -53.0 -52.5 -52.0 -52.0 -52.0 -52.5 
1.6566992509164924 1.6689710972195777 1.6996507129772904 1.7119225592803755 1.718058482431918 1.6935147898257479 1.6812429435226628 1.662835174068035 1.7119225592803755 1.6873788666742053 1.6996507129772904 1.6812429435226628 1.6812429435226628 1.6137477888556946 1.6689710972195777 2.2027964114037806 2.2334760271614935 2.098485717827557 2.2580197197676637 2.2212041808584084 2.2518837966161214 2.3193789512830896 2.282563412373834 2.2948352586769194 2.3009711818284617 2.2518837966161214 2.12916533358527 2.1782527187976104 2.018718716857504 2.172116795646068 2.184388641949153 2.012582793705961 1.8622526764931684 1.607611865704152 1.6566992509164924 1.7303303287350031 1.7548740213411735 1.7794177139473437 1.7303303287350031 1.7978254834019713 1.761009944492716 
-55.0 -55.0 -54.5 -55.0 -54.5 -55.0 -54.5 -54.5 -54.0 -54.5 -54.5 -54.5 -54.5 -55.0 -56.5 -54.0 -53.0 -54.0 -52.0 -54.0 -53.5 -53.5 -53.5 -53.5 -53.5 -54.0 -53.5 -53.0 -54.0 -51.5 -54.0 -55.0 -57.5 -56.5 -55.0 -53.5 -53.5 -53.5 -53.5 -53.0 -53.0 
5.841398840268521 5.516194913236766 5.209398755659637 5.325981295538946 5.577554144752192 5.21553467881118 5.246214294568893 5.399612373357457 5.203262832508095 5.252350217720435 5.111223985234957 5.602097837358362 5.792311455056181 5.988660995905543 5.970253226450915 5.418020142812084 5.442563835418255 5.902758071783947 5.853670686571607 5.878214379177777 5.957981380147831 5.9088939949354895 5.9518454569962875 5.93343768754166 5.663457068873787 5.608233760509904 5.442563835418255 5.798447378207723 6.166602767300278 6.062292073724054 6.07763188160291 5.988660995905543 5.424156065963627 5.338253141842031 4.963961829597935 4.957825906446392 4.988505522204105 4.970097752749477 4.71238898038469 
-66.5 -65.0 -65.5 -65.5 -66.5 -66.0 -66.5 -65.5 -67.0 -66.5 -67.0 -67.0 -63.0 -59.0 -56.5 -60.5 -60.0 -60.5 -59.0 -59.0 -59.5 -59.0 -59.5 -59.0 -62.0 -59.0 -59.0 -56.0 -56.0 -58.5 -61.0 -64.5 -67.5 -66.5 -65.0 -67.0 -64.5 -64.5 -66.0 
2.270291566070749 5.651185222570702 5.448699758569798 2.2580197197676637 2.3071071049800045 5.700272607783043 5.994796919057086 2.184388641949153 2.270291566070749 5.313709449235861 2.816388726558037 5.780039608753096 5.675728915176872 6.227961998815704 5.730952223540755 6.209554229361076 5.945709533844745 5.988660995905543 6.007068765360171 5.915029918087033 5.970253226450915 5.872078456026235 5.8475347634200645 5.93343768754166 5.546874528994478 5.8045833013592665 5.93343768754166 5.991728957481315 5.098952138931871 5.246214294568893 5.0682725231741586 5.240078371417351 5.062136600022616 5.074408446325701 
-69.5 -67.0 -67.5 -69.5 -69.0 -68.0 -68.5 -68.5 -68.5 -68.0 -68.5 -60.0 -59.0 -63.0 -61.0 -62.0 -61.0 -61.5 -62.5 -61.0 -61.0 -66.0 -60.5 -63.0 -58.5 -58.5 -62.5 -69.0 -65.5 -66.0 -65.0 -64.0 -64.5 -64.5 
