2.761165418194154 2.6384469551633027 2.6200391857086753 2.6568547246179306 2.5402721847386216 2.767301341345697 2.5954954931025047 2.8716120349219203 2.5402721847386216 2.5770877236478773 2.552544031041707 2.5770877236478773 2.5586799541932495 2.564815877344792 2.5402721847386216 4.706253057233147 5.111223985234957 4.083456857351576 3.2643111166206444 2.521864415283994 6.031612457966341 6.105243535784852 2.9943304979527716 5.565282298449106 2.5402721847386216 2.675262494072558 3.1968159619536762 3.466796580621549 1.8653206380689396 2.4175537217077703 2.478912953223196 2.6200391857086753 2.6139032625571326 2.6998061866787286 2.5034566458293663 
-66.5 -68.0 -65.5 -67.0 -67.0 -68.5 -68.0 -66.5 -65.5 -67.0 -68.0 -66.0 -67.5 -65.5 -66.5 -71.5 -63.5 -63.0 -61.5 -68.0 -69.5 -68.5 -66.5 -71.5 -66.5 -63.0 -63.5 -65.0 -69.0 -68.5 -66.0 -66.0 -66.0 -67.0 -66.5 
1.227184630308513 1.3560390164909069 1.380582709097077 1.4664856332186729 1.423534171157875 1.325359400733194 1.368310862793992 1.3560390164909069 1.4726215563702154 1.3621749396424494 1.214912784005428 1.0062913968529805 1.2885438618239387 1.2946797849754812 1.423534171157875 1.41126232485479 1.3437671701878218 5.663457068873787 2.1659808724945253 2.061670178918302 2.1475731030398975 2.1659808724945253 2.2212041808584084 2.1782527187976104 2.1537090261914402 2.1598449493429825 2.12916533358527 2.030990563160589 2.2150682577068657 1.521708941582556 1.5830681730979816 1.6137477888556946 1.4787574795217582 1.3499030933393643 1.380582709097077 1.3069516312785663 1.3989904785517047 1.4173982480063325 1.3621749396424494 1.2885438618239387 1.239456476611598 
-64.0 -65.0 -65.0 -65.0 -65.0 -65.5 -64.0 -65.0 -64.5 -64.5 -64.0 -63.5 -63.5 -63.0 -63.0 -63.5 -62.5 -70.0 -64.0 -64.0 -62.0 -60.0 -59.5 -60.0 -59.5 -62.0 -62.0 -63.5 -65.0 -63.0 -64.5 -62.5 -62.0 -62.0 -61.5 -61.0 -60.5 -60.5 -60.5 -61.0 -61.0 
1.012427320004523 1.0185632431560658 1.0246991663076084 1.0185632431560658 1.0185632431560658 1.000155473701438 1.012427320004523 1.012427320004523 1.0185632431560658 1.0062913968529805 1.012427320004523 1.0492428589137786 1.043106935762236 1.012427320004523 1.0676506283684062 1.2087768608538851 1.4848934026733007 1.3100195928543377 1.0062913968529805 1.2210487071569704 1.1780972450961724 1.1965050145508 1.1719613219446299 1.227184630308513 1.2087768608538851 1.1780972450961724 1.1658253987930873 1.227184630308513 1.41126232485479 1.2578642460662257 1.1658253987930873 1.1965050145508 1.239456476611598 1.1658253987930873 1.0921943209745766 1.086058397823034 1.1903690913992575 1.1780972450961724 1.1658253987930873 1.184233168247715 1.141281706186917 1.141281706186917 
-49.0 -49.0 -48.5 -49.0 -48.5 -49.0 -49.0 -49.0 -49.0 -49.0 -49.0 -48.5 -49.0 -49.0 -48.0 -48.5 -50.5 -50.0 -51.5 -54.0 -52.0 -53.0 -54.5 -54.5 -54.5 -54.5 -53.0 -52.0 -52.5 -53.0 -51.0 -50.0 -49.0 -49.0 -48.0 -48.0 -48.0 -48.0 -48.5 -48.0 -48.0 -48.0 
1.000155473701438 1.0615147052168636 1.0246991663076084 0.9756117810952678 1.043106935762236 1.0062913968529805 1.012427320004523 1.012427320004523 1.000155473701438 1.000155473701438 0.9633399347921826 0.9694758579437253 1.0246991663076084 0.9878836273983529 0.9756117810952678 1.0492428589137786 1.2640001692177683 1.3100195928543377 1.1903690913992575 1.423534171157875 1.4971652489763858 1.5033011721279284 1.576932249946439 1.4971652489763858 1.509437095279471 1.6444274046134073 1.5892040962495242 1.552388557340269 1.4848934026733007 1.6260196351587797 1.5033011721279284 1.576932249946439 1.521708941582556 1.2578642460662257 1.0615147052168636 0.9326603190344698 0.9756117810952678 1.0185632431560658 1.0492428589137786 1.0185632431560658 1.0062913968529805 1.000155473701438 
-51.0 -51.5 -51.5 -51.5 -51.5 -51.5 -52.0 -51.5 -51.5 -52.0 -51.5 -51.5 -51.5 -51.0 -52.0 -51.5 -52.0 -50.5 -51.0 -52.0 -51.5 -52.5 -52.0 -52.0 -52.5 -52.0 -52.0 -51.5 -51.5 -51.5 -52.5 -52.5 -53.5 -53.0 -52.0 -51.5 -51.0 -51.0 -51.0 -51.0 -51.5 -51.5 
1.2946797849754812 1.2946797849754812 1.3192234775816514 1.3314953238847365 1.282407938672396 1.3867186322486196 1.3560390164909069 1.325359400733194 1.3867186322486196 1.325359400733194 1.3192234775816514 1.368310862793992 1.3192234775816514 1.325359400733194 1.337631247036279 1.607611865704152 1.9696313316451632 1.9266798695843652 1.8407769454627694 1.9205439464328227 2.110757564130642 2.2580197197676637 2.2518837966161214 2.270291566070749 2.2886993355253766 2.184388641949153 2.184388641949153 2.1475731030398975 1.9389517158874505 1.9389517158874505 2.061670178918302 2.116893487282185 2.055534255766759 1.8653206380689396 1.5462526341887264 1.423534171157875 1.3867186322486196 1.4480778637640452 1.4603497100671303 1.4358060174609601 1.4296700943094176 1.4542137869155878 
-53.5 -53.0 -53.0 -53.0 -53.5 -53.0 -53.5 -53.5 -53.0 -52.5 -53.0 -53.0 -53.0 -53.0 -53.5 -53.5 -49.5 -49.0 -49.5 -49.0 -52.5 -52.5 -52.5 -52.5 -52.5 -52.5 -52.0 -53.0 -51.0 -49.5 -48.5 -49.5 -52.0 -53.5 -55.5 -54.0 -53.0 -52.5 -52.5 -52.5 -53.0 -53.5 
1.7303303287350031 1.761009944492716 1.7426021750380885 1.7241944055834606 1.7426021750380885 1.7303303287350031 1.7671458676442586 1.7548740213411735 1.761009944492716 1.761009944492716 1.705786636128833 1.7548740213411735 1.7916895602504288 1.7119225592803755 1.6689710972195777 1.8285050991596843 2.2334760271614935 2.110757564130642 2.350058567040802 2.184388641949153 2.36846633649543 2.3193789512830896 2.2948352586769194 2.36846633649543 2.36846633649543 2.337786720737717 2.350058567040802 2.337786720737717 2.2027964114037806 2.2518837966161214 2.325514874434632 2.313243028131547 2.2150682577068657 2.012582793705961 1.7855536370988863 1.705786636128833 1.6751070203711202 1.761009944492716 1.846912868614312 1.761009944492716 1.7548740213411735 1.7916895602504288 
-54.5 -54.5 -54.5 -54.0 -54.5 -54.5 -54.5 -54.5 -54.5 -54.5 -54.5 -54.5 -54.0 -54.5 -55.0 -56.0 -53.5 -55.5 -54.5 -52.0 -53.5 -53.5 -54.5 -54.0 -54.0 -54.0 -54.0 -54.0 -52.5 -54.0 -53.0 -53.5 -55.0 -56.5 -57.0 -55.0 -53.5 -53.0 -53.0 -53.0 -53.5 -54.0 
4.914874444385594 5.031456984264903 5.043728830567988 5.1725832167503825 5.0253210611133605 4.957825906446392 5.006913291658733 4.908738521234052 4.301282129231338 4.871922982324796 5.006913291658733 4.896466674930966 4.890330751779424 4.589670517353839 5.424156065963627 5.994796919057086 6.12365130523948 5.749359992995383 5.853670686571607 5.497787143782138 5.902758071783947 5.890486225480862 5.822991070813893 5.902758071783947 5.964117303299373 5.878214379177777 5.841398840268521 5.890486225480862 5.332117218690489 5.50392306693368 5.829126993965437 6.166602767300278 6.234097921967246 0.04908738521234052 6.080699843178682 5.350524988145116 4.957825906446392 4.970097752749477 4.884194828627882 4.994641445355648 5.2339424482658075 
-66.5 -66.0 -67.0 -66.0 -65.5 -68.0 -68.0 -67.0 -68.5 -67.5 -67.5 -67.5 -68.5 -68.0 -71.5 -66.0 -59.5 -59.0 -60.0 -60.5 -59.5 -59.0 -59.0 -60.0 -60.0 -60.0 -59.5 -60.0 -62.0 -60.0 -57.0 -56.0 -58.0 -60.0 -65.5 -67.0 -67.0 -66.5 -64.0 -64.5 -65.5 
2.086213871524472 5.0682725231741586 5.197126909356553 5.3198453723874035 5.043728830567988 5.356660911296659 4.957825906446392 5.258486140871978 4.914874444385594 4.865787059173254 2.055534255766759 5.890486225480862 5.595961914206819 0.14112623248547898 6.105243535784852 5.896622148632405 5.945709533844745 5.9088939949354895 6.043884304269426 6.105243535784852 0.1718058482431918 5.71868037723767 6.0991076126333095 5.688000761479957 5.829126993965437 5.822991070813893 5.031456984264903 5.006913291658733 2.024854640009046 
-69.5 -67.0 -69.0 -69.5 -69.0 -68.0 -69.0 -67.0 -68.0 -68.0 -69.5 -60.0 -63.5 -64.5 -63.5 -63.5 -62.0 -63.0 -62.5 -63.0 -66.5 -61.5 -63.0 -61.0 -60.5 -63.0 -65.5 -65.0 -68.5 
