2.5770877236478773 2.705942109830271 5.829126993965437 2.5402721847386216 2.6323110320117604 2.6568547246179306 2.6875343403756435 2.521864415283994 2.521864415283994 1.1535535524900022 4.577398671050753 4.25833066717054 3.9453985864418692 3.448388811166921 3.08636934522591 2.816388726558037 2.1905245651006955 6.270913460876501 0.14112623248547898 5.688000761479957 2.411417798556228 2.5832236467994196 2.7550294950426117 3.0127382674073995 3.4606606574700063 0.803805932852076 5.841398840268521 2.8409324191642074 5.706408530934585 2.325514874434632 2.3316507975861747 2.386874105950058 2.411417798556228 
-67.0 -67.0 -69.0 -67.5 -65.5 -67.0 -68.0 -67.0 -67.5 -73.5 -66.5 -65.0 -65.0 -62.0 -64.0 -64.0 -68.5 -69.5 -70.0 -72.0 -69.0 -65.0 -63.0 -64.5 -63.5 -73.5 -68.5 -67.0 -68.5 -68.0 -68.5 -67.5 -68.0 
1.3130875544301088 1.2640001692177683 1.509437095279471 1.337631247036279 1.380582709097077 1.4296700943094176 1.3069516312785663 1.3744467859455345 1.3130875544301088 1.3621749396424494 1.368310862793992 1.41126232485479 1.4603497100671303 1.2701360923693108 1.576932249946439 1.859184714917397 2.423689644859313 2.282563412373834 2.1230294104337273 2.0064468705544187 1.9819031779482483 1.9819031779482483 1.9266798695843652 1.9880391010997909 1.8960002538266525 2.018718716857504 2.0493983326152168 2.3930100291016 2.693670263527186 4.792155981354743 1.6260196351587797 1.3130875544301088 1.1903690913992575 1.380582709097077 1.3989904785517047 1.227184630308513 1.3069516312785663 1.3008157081270237 1.3192234775816514 1.2640001692177683 
-63.0 -62.5 -63.0 -63.0 -63.0 -63.0 -63.0 -62.0 -62.0 -62.0 -62.5 -63.5 -63.0 -62.0 -65.0 -66.0 -66.5 -63.5 -63.0 -62.5 -61.5 -60.5 -60.5 -60.0 -60.5 -60.0 -61.5 -62.5 -64.5 -69.5 -64.0 -65.5 -64.0 -63.0 -62.5 -63.0 -62.5 -62.5 -62.5 -62.0 
1.0983302441261191 1.086058397823034 1.086058397823034 1.1106020904292042 1.1351457830353744 1.141281706186917 1.1474176293384597 1.1228739367322893 1.1474176293384597 1.0921943209745766 1.1658253987930873 1.2087768608538851 1.3314953238847365 1.2762720155208536 1.2517283229146832 1.1780972450961724 1.2701360923693108 1.282407938672396 1.3192234775816514 1.1965050145508 1.184233168247715 1.2578642460662257 1.2455923997631406 1.1106020904292042 1.2455923997631406 1.239456476611598 1.1535535524900022 1.3192234775816514 1.3989904785517047 1.3192234775816514 1.0676506283684062 1.1167380135807468 1.055378782065321 1.000155473701438 1.000155473701438 1.030835089459151 1.0676506283684062 1.1167380135807468 1.0676506283684062 1.0921943209745766 1.0921943209745766 1.0615147052168636 1.0492428589137786 1.0492428589137786 
-48.5 -48.5 -48.5 -48.5 -48.5 -48.5 -48.5 -48.0 -48.0 -48.0 -48.0 -48.5 -49.0 -49.0 -49.5 -50.5 -52.0 -52.5 -52.0 -52.0 -54.0 -54.5 -54.5 -55.0 -54.5 -54.5 -52.0 -51.5 -51.5 -52.5 -51.0 -49.5 -49.0 -49.0 -48.5 -48.0 -48.5 -48.5 -48.5 -48.5 -48.5 -48.5 -48.5 -48.0 
1.0246991663076084 1.0676506283684062 0.9510680884890975 1.0246991663076084 1.0246991663076084 1.0246991663076084 0.9878836273983529 0.9817477042468103 0.9878836273983529 0.9142525495798421 0.9633399347921826 1.055378782065321 1.184233168247715 1.3867186322486196 1.4296700943094176 1.3499030933393643 1.41126232485479 1.423534171157875 1.5585244804918115 1.509437095279471 1.5033011721279284 1.509437095279471 1.5155730184310134 1.509437095279471 1.509437095279471 1.521708941582556 1.533980787885641 1.4787574795217582 1.5401167110371838 1.7732817907958012 1.6505633277649499 1.6137477888556946 1.2578642460662257 1.0983302441261191 1.030835089459151 1.0062913968529805 1.0799224746714913 1.0983302441261191 0.9878836273983529 0.9817477042468103 0.9694758579437253 0.9633399347921826 0.9633399347921826 0.9940195505498954 
-51.0 -51.5 -51.5 -51.0 -51.5 -51.5 -51.5 -51.5 -51.0 -51.5 -51.5 -51.5 -52.5 -53.0 -52.0 -51.5 -51.5 -51.5 -51.5 -51.5 -51.5 -52.0 -52.5 -52.0 -52.0 -51.5 -51.5 -51.5 -49.5 -51.5 -52.0 -52.5 -52.0 -52.0 -52.0 -51.5 -52.0 -52.0 -51.5 -52.0 -52.0 -52.0 -52.0 -52.0 
1.3560390164909069 1.3928545554001621 1.3069516312785663 1.3437671701878218 1.3744467859455345 1.3744467859455345 1.368310862793992 1.368310862793992 1.368310862793992 1.3928545554001621 1.4787574795217582 1.7426021750380885 2.098485717827557 2.0923497946760143 2.086213871524472 1.9757672547967058 1.859184714917397 1.88986433067511 2.067806102069844 2.1046216409791 2.2396119503130363 2.172116795646068 2.2764274892222915 2.2150682577068657 2.1966604882522383 2.067806102069844 2.0923497946760143 1.8960002538266525 1.761009944492716 1.9205439464328227 2.012582793705961 2.024854640009046 1.8407769454627694 1.521708941582556 1.2762720155208536 1.1903690913992575 1.3192234775816514 1.368310862793992 1.325359400733194 1.282407938672396 1.3130875544301088 1.3437671701878218 1.3621749396424494 1.282407938672396 
-53.0 -53.5 -53.0 -53.0 -52.5 -52.5 -52.5 -53.0 -53.5 -53.5 -55.0 -54.5 -51.0 -50.5 -48.5 -48.5 -49.5 -50.0 -52.5 -52.5 -52.0 -52.5 -52.5 -52.0 -51.5 -51.0 -51.5 -51.0 -50.5 -48.0 -48.0 -49.5 -51.5 -54.5 -54.5 -52.5 -51.5 -51.5 -52.0 -52.0 -52.5 -52.5 -53.0 -53.0 
1.748738098189631 1.7855536370988863 1.7548740213411735 1.7548740213411735 1.7548740213411735 1.7794177139473437 1.736466251886546 1.7671458676442586 1.6566992509164924 1.7426021750380885 1.736466251886546 1.932815792735908 2.1966604882522383 2.356194490192345 2.313243028131547 2.2396119503130363 2.2089323345553233 2.2212041808584084 2.2212041808584084 2.2150682577068657 2.3439226438892597 2.350058567040802 2.356194490192345 2.2518837966161214 2.2580197197676637 2.2457478734645786 2.2027964114037806 2.1046216409791 2.1905245651006955 2.0800779483729293 2.2580197197676637 2.1659808724945253 1.9696313316451632 1.7303303287350031 1.6260196351587797 1.6873788666742053 1.7732817907958012 1.7855536370988863 1.718058482431918 1.761009944492716 1.7303303287350031 1.6935147898257479 1.761009944492716 1.736466251886546 
-54.5 -54.0 -53.5 -53.5 -54.0 -53.5 -53.5 -53.5 -54.0 -55.0 -55.5 -56.5 -55.5 -54.0 -53.0 -53.0 -54.0 -52.0 -52.5 -54.0 -54.0 -54.0 -53.5 -53.5 -53.5 -53.0 -53.5 -52.0 -53.0 -51.5 -51.0 -52.5 -55.0 -56.5 -55.0 -54.0 -53.0 -53.5 -54.0 -53.5 -54.0 -54.5 -54.0 -54.0 
5.037592907416445 4.718524903536232 5.246214294568893 5.031456984264903 4.878058905476339 4.9823695990525625 4.798291904506286 4.804427827657828 4.847379289718626 6.037748381117884 6.12365130523948 6.074563920027139 5.884350302329319 5.387340527054372 5.6573211457222445 5.66959299202533 5.6941366846315 6.043884304269426 5.9088939949354895 5.945709533844745 5.970253226450915 6.080699843178682 5.945709533844745 5.976389149602458 5.884350302329319 5.798447378207723 5.64504929941916 5.307573526084319 5.841398840268521 6.0991076126333095 6.117515382087937 6.135923151542564 5.976389149602458 4.485359823777615 4.878058905476339 4.8351074434155406 5.013049214810275 
-66.0 -67.0 -66.0 -65.5 -66.0 -65.0 -67.0 -68.0 -68.5 -64.0 -60.5 -58.0 -56.5 -60.0 -61.5 -60.0 -62.0 -60.5 -60.5 -60.5 -61.0 -59.5 -59.5 -59.5 -59.0 -61.5 -60.5 -57.5 -56.0 -57.0 -59.5 -61.0 -66.0 -68.5 -69.5 -69.5 -69.0 
5.2768939103266055 2.12916533358527 2.141437179888355 5.559146375297564 5.375068680751287 2.1230294104337273 5.957981380147831 5.798447378207723 5.632777453116074 5.773903685601553 6.264777537724958 5.896622148632405 6.080699843178682 6.1850105367549055 5.927301764390117 6.037748381117884 6.135923151542564 6.043884304269426 6.160466844148735 5.853670686571607 0.01227184630308513 5.7616318392984684 6.209554229361076 5.2339424482658075 5.602097837358362 5.939573610693203 5.872078456026235 5.399612373357457 2.2457478734645786 5.565282298449106 5.375068680751287 5.344389064993574 5.332117218690489 5.252350217720435 
-69.5 -69.0 -68.0 -67.0 -65.0 -68.0 -63.0 -60.0 -59.5 -63.0 -61.5 -62.0 -65.0 -62.5 -62.5 -64.0 -63.5 -62.5 -63.0 -61.0 -62.0 -64.0 -61.5 -62.0 -58.5 -61.0 -63.5 -65.5 -67.5 -68.0 -66.0 -67.5 -69.5 -67.5 
