2.8286605728611223 2.5341362615870793 6.031612457966341 6.000932842208628 2.8777479580734626 2.6568547246179306 2.675262494072558 2.7550294950426117 6.037748381117884 2.6691265709210157 2.5464081078901644 2.6691265709210157 6.105243535784852 2.736621725587984 2.9943304979527716 2.5034566458293663 4.424000592262189 1.2333205534600555 0.8651651643675016 3.497476196379262 2.742757648739526 5.522330836388308 5.859806609723149 6.17273869045182 6.22182607566416 2.4911847995262812 2.8716120349219203 3.06182565261974 4.8351074434155406 2.5709518004963345 2.675262494072558 2.5954954931025047 2.675262494072558 
-66.5 -67.0 -68.0 -67.5 -67.5 -65.5 -65.0 -66.5 -67.5 -66.0 -65.5 -66.5 -67.0 -66.5 -66.0 -66.5 -70.0 -65.5 -64.0 -62.0 -62.5 -71.0 -71.0 -68.5 -68.5 -68.5 -63.0 -67.5 -70.0 -66.5 -65.0 -65.0 -65.0 
4.522175362686871 1.4358060174609601 1.41126232485479 1.4787574795217582 1.337631247036279 1.282407938672396 1.5033011721279284 1.4296700943094176 1.41126232485479 1.4419419406125027 1.3928545554001621 1.4296700943094176 1.3744467859455345 1.41126232485479 4.638757902566179 1.3437671701878218 1.607611865704152 1.4787574795217582 1.1780972450961724 1.3130875544301088 1.3989904785517047 2.055534255766759 2.1353012567368124 2.172116795646068 2.0800779483729293 2.1046216409791 2.2641556429192065 1.9512235621905356 2.227340104009951 2.282563412373834 2.2641556429192065 2.1659808724945253 1.9880391010997909 2.024854640009046 1.7794177139473437 1.7794177139473437 1.6137477888556946 1.7794177139473437 1.6260196351587797 1.5462526341887264 1.5892040962495242 1.5278448647340985 
-64.5 -63.5 -63.5 -64.5 -63.5 -64.0 -65.0 -64.0 -63.5 -65.5 -63.0 -65.0 -65.5 -64.0 -65.5 -64.5 -65.0 -65.0 -65.5 -65.5 -67.0 -66.0 -62.5 -63.5 -63.0 -61.5 -60.0 -60.0 -59.0 -60.0 -62.0 -62.5 -62.5 -62.5 -61.0 -61.0 -62.0 -61.5 -61.0 -60.5 -60.5 -59.5 
1.0737865515199487 1.0492428589137786 1.0921943209745766 1.0615147052168636 1.012427320004523 1.0185632431560658 1.055378782065321 1.055378782065321 1.0185632431560658 1.0369710126106935 1.055378782065321 1.000155473701438 0.9081166264282996 1.012427320004523 1.000155473701438 1.0062913968529805 1.030835089459151 0.9940195505498954 0.9878836273983529 1.1351457830353744 1.3314953238847365 1.368310862793992 1.184233168247715 1.0799224746714913 1.4358060174609601 1.1719613219446299 1.2026409377023426 1.2333205534600555 1.2333205534600555 1.2640001692177683 1.2517283229146832 1.2333205534600555 1.380582709097077 1.4358060174609601 1.2701360923693108 1.2455923997631406 1.2701360923693108 1.2762720155208536 1.1903690913992575 1.1474176293384597 1.1780972450961724 1.227184630308513 1.2578642460662257 
-48.5 -48.5 -48.5 -48.5 -48.5 -48.5 -48.5 -48.0 -48.5 -48.5 -48.5 -48.5 -48.5 -48.5 -48.5 -48.5 -48.5 -48.5 -48.5 -48.5 -48.5 -49.5 -49.5 -52.5 -53.0 -52.0 -53.0 -55.0 -55.0 -55.5 -55.0 -54.0 -53.0 -53.5 -52.5 -51.0 -50.0 -50.5 -50.0 -49.5 -49.0 -49.5 -49.0 
1.055378782065321 1.0185632431560658 1.0246991663076084 1.0492428589137786 1.0062913968529805 1.0246991663076084 0.9940195505498954 1.0185632431560658 1.000155473701438 0.9387962421860124 0.9817477042468103 0.9817477042468103 1.012427320004523 0.9817477042468103 1.0062913968529805 1.0062913968529805 1.0185632431560658 1.0246991663076084 0.8713010875190442 1.1474176293384597 1.4173982480063325 1.41126232485479 1.141281706186917 1.4051264017032472 1.533980787885641 1.5155730184310134 1.4971652489763858 1.4848934026733007 1.5278448647340985 1.5033011721279284 1.5830681730979816 1.576932249946439 1.509437095279471 1.5278448647340985 1.6935147898257479 1.6260196351587797 1.6198837120072371 1.4173982480063325 1.214912784005428 0.9940195505498954 0.9572040116406401 0.9878836273983529 1.0062913968529805 
-51.5 -51.5 -51.5 -51.5 -51.5 -51.0 -51.5 -51.5 -51.5 -51.5 -51.5 -51.5 -51.5 -51.5 -51.5 -51.5 -51.5 -51.5 -52.5 -52.0 -52.0 -50.5 -50.5 -51.5 -52.0 -51.5 -52.0 -52.5 -52.0 -52.5 -52.5 -52.5 -52.5 -51.0 -52.0 -53.5 -54.0 -54.5 -53.5 -53.0 -52.5 -52.5 -52.0 
1.2885438618239387 1.2762720155208536 1.2701360923693108 1.2762720155208536 1.282407938672396 1.2885438618239387 1.214912784005428 1.239456476611598 1.227184630308513 1.2701360923693108 1.1780972450961724 1.227184630308513 1.214912784005428 1.2885438618239387 1.2455923997631406 1.2087768608538851 1.2210487071569704 1.1965050145508 1.2210487071569704 1.552388557340269 1.88986433067511 1.8837284075235674 1.88986433067511 1.9082721001297376 1.902136176978195 2.098485717827557 2.1905245651006955 2.2457478734645786 2.3071071049800045 2.282563412373834 2.2334760271614935 2.2150682577068657 2.098485717827557 2.000310947402876 2.061670178918302 2.282563412373834 2.172116795646068 1.9205439464328227 1.6873788666742053 1.3499030933393643 1.423534171157875 1.4726215563702154 1.4848934026733007 
-52.5 -52.5 -52.5 -52.0 -52.0 -52.5 -53.0 -53.0 -52.5 -52.5 -52.5 -52.5 -52.5 -52.5 -52.5 -52.5 -52.5 -53.0 -53.5 -53.5 -49.5 -48.0 -49.0 -50.0 -50.5 -53.0 -51.5 -52.5 -53.0 -53.0 -53.0 -52.5 -53.0 -50.5 -49.5 -51.0 -53.0 -55.0 -56.5 -55.5 -53.5 -53.5 -52.5 
1.718058482431918 1.736466251886546 1.736466251886546 1.736466251886546 1.7303303287350031 1.718058482431918 1.7241944055834606 1.7241944055834606 1.6873788666742053 1.6689710972195777 1.662835174068035 1.6996507129772904 1.6812429435226628 1.6689710972195777 1.6689710972195777 1.718058482431918 1.736466251886546 1.662835174068035 1.6260196351587797 1.8285050991596843 2.2334760271614935 2.1353012567368124 2.110757564130642 2.2457478734645786 2.1659808724945253 2.2886993355253766 2.350058567040802 2.3009711818284617 2.337786720737717 2.356194490192345 2.3930100291016 2.350058567040802 2.2886993355253766 2.356194490192345 2.2150682577068657 2.509592568980909 2.5402721847386216 2.2212041808584084 1.8346410223112268 1.736466251886546 1.7732817907958012 1.8223691760081417 1.8039614065535141 
-53.5 -53.5 -53.5 -53.5 -53.5 -53.5 -54.0 -53.5 -53.5 -53.5 -53.5 -54.0 -54.0 -54.0 -54.0 -54.0 -54.0 -54.5 -55.5 -56.0 -54.0 -53.5 -54.5 -53.5 -53.0 -53.5 -53.5 -54.0 -54.0 -54.0 -54.0 -54.0 -54.0 -53.0 -53.0 -52.5 -55.0 -58.0 -58.5 -57.0 -55.0 -54.0 -54.0 
4.853515212870168 5.105088062083414 4.9394181369917645 4.914874444385594 4.841243366567084 4.908738521234052 5.037592907416445 4.890330751779424 4.95168998329485 5.21553467881118 4.884194828627882 5.227806525114265 5.013049214810275 4.859651136021712 5.915029918087033 5.835262917116979 5.994796919057086 5.651185222570702 5.921165841238575 5.381204603902829 5.957981380147831 5.927301764390117 6.074563920027139 6.019340611663256 6.050020227420969 5.939573610693203 5.982525072754001 5.706408530934585 5.93343768754166 5.626641529964532 0.11044661672776616 0.1595340019401067 6.2463697682703305 6.166602767300278 4.779884135051658 
-65.0 -66.5 -67.0 -67.5 -66.5 -65.0 -67.0 -67.0 -67.0 -66.5 -67.0 -65.5 -66.5 -67.5 -64.0 -60.5 -57.0 -59.0 -57.5 -60.5 -59.5 -58.5 -59.5 -59.0 -60.0 -59.5 -59.0 -61.0 -58.5 -58.0 -56.5 -57.0 -60.5 -62.5 -68.0 
5.540738605842936 5.565282298449106 5.3198453723874035 5.50392306693368 5.2768939103266055 5.393476450205914 5.405748296509 5.442563835418255 5.485515297479052 5.602097837358362 5.66959299202533 5.332117218690489 2.3316507975861747 5.583690067903734 5.485515297479052 2.423689644859313 0.02454369260617026 6.043884304269426 5.743224069843841 5.540738605842936 6.1420590746941075 5.896622148632405 5.540738605842936 0.1718058482431918 5.970253226450915 5.890486225480862 5.872078456026235 5.8659425328746915 5.816855147662351 6.111379458936394 5.485515297479052 5.816855147662351 5.737088146692298 5.749359992995383 6.043884304269426 4.957825906446392 4.97623367590102 
-65.5 -65.0 -66.5 -66.0 -64.5 -65.0 -67.0 -66.0 -65.0 -65.0 -67.0 -66.0 -67.5 -67.5 -66.0 -70.5 -74.5 -66.0 -60.5 -59.5 -68.0 -60.5 -66.0 -65.0 -62.0 -62.5 -63.0 -63.0 -62.5 -62.0 -65.0 -60.5 -64.0 -59.5 -61.0 -64.5 -65.0 
