2.5464081078901644 2.5954954931025047 2.4727770300716534 2.82252464970958 2.478912953223196 2.693670263527186 2.748893571891069 2.60776733940559 2.6384469551633027 5.890486225480862 5.8475347634200645 2.5893595699509624 2.748893571891069 5.927301764390117 5.915029918087033 2.675262494072558 2.6998061866787286 2.5464081078901644 2.564815877344792 5.516194913236766 5.160311370447297 4.104932588381976 3.000466421104314 2.552544031041707 2.350058567040802 2.5341362615870793 2.816388726558037 3.055689729468197 2.791845033951867 2.705942109830271 2.6261751088602177 5.546874528994478 2.405281875404685 3.018874190558942 2.9636508821950587 
-68.0 -67.5 -66.5 -66.5 -66.0 -67.5 -66.0 -65.5 -66.0 -67.0 -67.0 -66.5 -66.0 -67.0 -66.5 -66.0 -66.0 -66.0 -66.0 -71.5 -67.5 -64.0 -65.5 -67.5 -69.0 -68.5 -67.0 -67.0 -67.0 -67.5 -69.0 -67.0 -65.0 -61.0 -67.0 
1.3621749396424494 1.2026409377023426 1.2087768608538851 1.3621749396424494 1.0615147052168636 1.325359400733194 1.4296700943094176 1.3989904785517047 1.3928545554001621 1.4358060174609601 1.4787574795217582 1.3867186322486196 1.4419419406125027 1.3744467859455345 1.368310862793992 1.4603497100671303 1.4726215563702154 1.4542137869155878 1.2946797849754812 1.521708941582556 1.4419419406125027 1.8223691760081417 2.061670178918302 1.9819031779482483 2.110757564130642 2.270291566070749 2.4605051837685683 2.442097414313941 2.5770877236478773 2.405281875404685 2.1659808724945253 2.380738182798515 2.073942025221387 1.859184714917397 1.4971652489763858 1.3130875544301088 1.0492428589137786 1.2333205534600555 1.368310862793992 1.3621749396424494 
-62.5 -61.5 -61.5 -61.0 -61.0 -61.0 -61.5 -61.0 -61.0 -60.5 -61.0 -61.0 -60.5 -60.5 -60.0 -61.0 -59.0 -60.5 -61.0 -61.5 -60.0 -63.0 -63.0 -63.0 -62.5 -61.0 -59.5 -59.5 -59.5 -60.0 -61.0 -62.0 -63.5 -64.5 -62.5 -61.0 -60.0 -60.5 -60.5 -60.5 
1.1780972450961724 1.1474176293384597 1.184233168247715 1.1658253987930873 1.1903690913992575 1.184233168247715 1.184233168247715 1.1965050145508 1.1780972450961724 1.1719613219446299 1.1780972450961724 1.1596894756415448 1.1965050145508 1.2210487071569704 1.1535535524900022 1.1903690913992575 1.1903690913992575 1.184233168247715 1.2087768608538851 1.4173982480063325 1.4910293258248433 1.1780972450961724 1.086058397823034 1.227184630308513 0.9940195505498954 0.9878836273983529 1.0185632431560658 1.0799224746714913 1.0615147052168636 1.1044661672776617 1.0983302441261191 1.3621749396424494 1.4480778637640452 1.1596894756415448 1.3130875544301088 1.4480778637640452 1.4910293258248433 1.2333205534600555 1.141281706186917 1.1351457830353744 1.1658253987930873 1.0983302441261191 
-49.0 -48.5 -48.5 -48.5 -49.0 -48.5 -49.0 -49.0 -48.5 -48.5 -49.0 -49.0 -49.0 -48.5 -49.0 -49.0 -49.0 -49.0 -48.5 -49.5 -51.0 -51.5 -53.5 -55.0 -54.0 -56.5 -56.5 -57.0 -56.5 -56.5 -54.5 -53.0 -54.0 -52.5 -50.5 -49.5 -49.5 -48.0 -48.0 -48.0 -48.0 -48.5 
1.0246991663076084 0.9940195505498954 0.944932165337555 1.012427320004523 1.000155473701438 1.000155473701438 1.000155473701438 0.944932165337555 0.9633399347921826 0.9756117810952678 0.9572040116406401 0.9940195505498954 1.0062913968529805 0.9756117810952678 0.9817477042468103 0.9878836273983529 0.9756117810952678 0.9326603190344698 0.8713010875190442 1.000155473701438 1.1044661672776617 1.2578642460662257 1.337631247036279 1.4542137869155878 1.4051264017032472 1.4419419406125027 1.368310862793992 1.368310862793992 1.41126232485479 1.552388557340269 1.552388557340269 1.5892040962495242 1.5155730184310134 1.6996507129772904 1.3867186322486196 1.4480778637640452 1.3314953238847365 1.0369710126106935 0.9878836273983529 0.9510680884890975 1.0799224746714913 1.0799224746714913 
-51.5 -51.0 -51.0 -51.0 -51.0 -51.5 -51.5 -51.0 -51.5 -51.5 -51.0 -51.5 -51.5 -51.0 -51.0 -51.5 -51.5 -51.5 -51.0 -51.5 -53.0 -51.5 -51.5 -53.0 -52.5 -53.0 -53.0 -53.0 -53.5 -53.5 -53.5 -52.5 -51.5 -52.5 -53.0 -53.5 -52.5 -51.5 -51.5 -51.5 -51.0 -51.5 
1.4848934026733007 1.4542137869155878 1.4910293258248433 1.4542137869155878 1.4480778637640452 1.4910293258248433 1.4051264017032472 1.5155730184310134 1.5401167110371838 1.5033011721279284 1.5401167110371838 1.5155730184310134 1.4910293258248433 1.5033011721279284 1.509437095279471 1.521708941582556 1.533980787885641 1.5033011721279284 1.509437095279471 1.7426021750380885 2.2089323345553233 2.141437179888355 2.043262409463674 2.030990563160589 2.313243028131547 2.3746022596469727 2.435961491162398 2.3746022596469727 2.3930100291016 2.405281875404685 2.356194490192345 2.0800779483729293 2.0064468705544187 2.073942025221387 2.0800779483729293 2.110757564130642 2.012582793705961 1.4603497100671303 1.3437671701878218 1.337631247036279 1.325359400733194 1.3314953238847365 
-52.0 -52.5 -52.5 -52.5 -52.0 -52.5 -52.0 -52.0 -52.0 -52.0 -52.0 -52.0 -52.0 -52.0 -51.5 -52.5 -52.5 -52.5 -53.0 -53.5 -53.0 -50.5 -52.0 -53.0 -55.5 -55.0 -55.5 -56.0 -55.0 -54.5 -54.0 -53.5 -51.0 -49.0 -49.0 -51.0 -51.5 -54.5 -53.5 -52.5 -52.5 -52.5 
1.7732817907958012 1.7671458676442586 1.7855536370988863 1.7303303287350031 1.7978254834019713 1.7978254834019713 1.7794177139473437 1.7855536370988863 1.736466251886546 1.7794177139473437 1.7732817907958012 1.718058482431918 1.7855536370988863 1.7916895602504288 1.7732817907958012 1.7916895602504288 1.8162332528565992 1.7548740213411735 1.6873788666742053 1.88986433067511 2.3930100291016 2.1598449493429825 2.478912953223196 2.3316507975861747 2.4605051837685683 2.3930100291016 2.466641106920111 2.478912953223196 2.478912953223196 2.4727770300716534 2.497320722677824 2.380738182798515 2.36846633649543 2.2764274892222915 2.3623304133438876 2.2396119503130363 2.110757564130642 1.6996507129772904 1.6996507129772904 1.7732817907958012 1.846912868614312 1.718058482431918 
-53.5 -53.0 -53.0 -53.5 -53.5 -53.0 -53.0 -53.5 -53.0 -53.0 -53.0 -53.0 -53.0 -53.0 -53.0 -53.5 -53.5 -54.0 -54.0 -55.5 -57.0 -56.0 -55.5 -54.5 -55.0 -55.5 -56.0 -55.5 -55.5 -55.5 -54.5 -54.0 -53.0 -54.0 -53.5 -55.0 -54.5 -54.5 -54.0 -53.0 -53.0 -53.0 
4.6448938257177215 4.595806440505381 4.356505437595221 4.509903516383785 4.448544284868359 4.601942363656923 4.448544284868359 4.509903516383785 4.4362724385652745 4.454680208019902 4.522175362686871 4.430136515413731 4.442408361716817 4.503767593232243 4.509903516383785 4.620350133111551 4.491495746929157 4.325825821837508 5.786175531904639 6.160466844148735 5.712544454086128 5.822991070813893 5.424156065963627 5.939573610693203 5.8045833013592665 5.786175531904639 5.773903685601553 5.786175531904639 5.8475347634200645 5.902758071783947 5.66959299202533 5.712544454086128 5.583690067903734 6.025476534814799 6.129787228391022 6.1850105367549055 5.964117303299373 5.47937937432751 5.074408446325701 5.190990986205009 
-65.0 -66.0 -65.5 -64.5 -65.5 -66.0 -65.0 -65.5 -65.0 -65.5 -64.5 -64.5 -64.0 -65.0 -63.5 -64.5 -65.5 -65.5 -66.0 -62.0 -60.5 -61.0 -63.0 -61.0 -61.0 -61.0 -62.5 -61.5 -60.5 -59.5 -62.0 -60.0 -59.0 -57.0 -57.5 -59.5 -65.5 -67.5 -66.5 -68.5 
5.2339424482658075 5.154175447295755 5.1725832167503825 5.019185137961818 5.074408446325701 5.111223985234957 5.135767677841127 5.080544369477243 5.086680292628786 5.049864753719531 5.056000676871073 5.154175447295755 5.00077736850719 5.105088062083414 4.921010367537137 5.056000676871073 5.129631754689584 4.95168998329485 0.06135923151542565 5.706408530934585 0.09817477042468103 6.12365130523948 6.007068765360171 6.0991076126333095 6.0991076126333095 6.043884304269426 6.234097921967246 5.602097837358362 5.553010452146021 5.927301764390117 5.798447378207723 5.945709533844745 5.737088146692298 5.0253210611133605 4.914874444385594 
-66.5 -65.5 -66.0 -64.5 -64.0 -65.5 -64.0 -64.0 -65.0 -64.0 -63.0 -63.5 -64.0 -63.5 -64.5 -64.0 -63.0 -65.0 -63.5 -66.0 -66.5 -66.0 -67.5 -66.0 -66.0 -64.5 -65.5 -65.0 -62.5 -65.0 -60.0 -61.5 -62.5 -67.5 -65.0 
