2.2518837966161214 5.970253226450915 2.650718801466388 5.945709533844745 2.8102528034064944 6.068427996875596 2.816388726558037 6.111379458936394 2.7979809571034093 2.767301341345697 2.724349879284899 5.976389149602458 6.043884304269426 2.82252464970958 2.7979809571034093 5.154175447295755 3.663146121470911 2.9943304979527716 2.60776733940559 2.4605051837685683 2.9084275738311756 3.117048960983623 5.755495916146925 3.0250101137104846 3.399301425954581 5.424156065963627 2.9329712664373457 2.736621725587984 2.6016314162540475 
-68.0 -70.0 -67.5 -70.0 -66.5 -69.0 -68.0 -68.5 -67.5 -68.5 -67.5 -68.5 -68.5 -65.0 -66.5 -66.0 -63.5 -64.0 -65.5 -67.0 -68.5 -71.0 -69.0 -67.0 -63.5 -69.5 -67.0 -68.0 -69.0 
1.2517283229146832 1.4051264017032472 1.1596894756415448 1.1719613219446299 1.1903690913992575 1.2762720155208536 1.214912784005428 1.227184630308513 1.227184630308513 1.3560390164909069 1.184233168247715 1.000155473701438 1.2517283229146832 1.2087768608538851 1.3192234775816514 1.3621749396424494 0.7485826244881929 1.3130875544301088 1.3499030933393643 1.2946797849754812 1.4910293258248433 1.4542137869155878 2.184388641949153 2.2764274892222915 2.0800779483729293 2.227340104009951 2.3439226438892597 2.3746022596469727 2.4175537217077703 2.4605051837685683 2.399145952253143 2.3623304133438876 2.030990563160589 1.9634954084936207 1.5278448647340985 1.4726215563702154 1.509437095279471 1.5462526341887264 1.5707963267948966 1.576932249946439 1.4419419406125027 1.5892040962495242 1.5707963267948966 
-64.5 -63.5 -63.5 -63.0 -63.0 -62.5 -62.5 -62.0 -61.5 -61.5 -61.5 -62.0 -62.0 -61.5 -61.5 -62.5 -62.5 -62.0 -62.0 -63.5 -62.5 -62.0 -65.5 -62.5 -63.5 -62.5 -60.5 -60.0 -60.0 -61.5 -62.5 -63.0 -63.0 -62.5 -60.0 -60.0 -60.5 -61.5 -60.5 -60.0 -59.5 -59.5 -59.5 
0.9694758579437253 0.9817477042468103 1.0062913968529805 1.0737865515199487 1.0615147052168636 1.0799224746714913 1.086058397823034 1.1474176293384597 1.141281706186917 1.1351457830353744 1.0983302441261191 1.1106020904292042 1.086058397823034 1.086058397823034 1.0921943209745766 1.0983302441261191 1.1044661672776617 1.0921943209745766 1.1228739367322893 1.1903690913992575 1.4173982480063325 1.3621749396424494 1.1474176293384597 1.0921943209745766 1.3008157081270237 1.1228739367322893 1.012427320004523 1.0246991663076084 0.9817477042468103 0.9817477042468103 1.055378782065321 1.3130875544301088 1.337631247036279 1.1596894756415448 1.2210487071569704 1.3621749396424494 1.4726215563702154 1.3499030933393643 1.3192234775816514 1.325359400733194 1.325359400733194 1.3989904785517047 1.3560390164909069 
-48.5 -48.5 -48.5 -48.5 -48.5 -48.5 -49.0 -48.5 -49.0 -48.5 -48.5 -49.0 -49.0 -48.5 -49.0 -48.5 -49.0 -48.5 -48.5 -48.5 -49.5 -50.5 -51.5 -52.5 -55.0 -54.0 -56.0 -57.0 -57.0 -57.0 -55.5 -55.5 -55.5 -54.0 -51.5 -51.0 -50.5 -49.5 -48.5 -48.5 -49.0 -49.0 -49.0 
0.9756117810952678 0.9940195505498954 1.000155473701438 1.0185632431560658 1.0615147052168636 1.043106935762236 1.000155473701438 1.0185632431560658 1.0062913968529805 0.9940195505498954 1.012427320004523 1.0246991663076084 0.9633399347921826 1.012427320004523 1.012427320004523 1.012427320004523 1.012427320004523 0.9756117810952678 0.9387962421860124 0.9878836273983529 1.3130875544301088 1.4358060174609601 1.282407938672396 1.3192234775816514 1.4910293258248433 1.4971652489763858 1.423534171157875 1.4664856332186729 1.3928545554001621 1.4173982480063325 1.423534171157875 1.5401167110371838 1.4726215563702154 1.5585244804918115 1.325359400733194 1.3621749396424494 1.227184630308513 1.0369710126106935 0.9510680884890975 0.944932165337555 1.0185632431560658 1.0369710126106935 1.012427320004523 
-52.0 -52.0 -52.0 -52.0 -52.0 -51.5 -51.5 -51.5 -51.5 -51.5 -51.5 -51.5 -51.5 -51.5 -51.5 -51.5 -51.5 -51.5 -52.0 -51.5 -52.5 -52.5 -51.0 -51.5 -53.0 -52.5 -53.5 -53.0 -53.5 -53.5 -53.5 -53.5 -52.5 -53.5 -53.0 -54.0 -53.0 -52.0 -51.5 -51.5 -51.0 -51.0 -51.0 
1.2640001692177683 1.1474176293384597 1.2333205534600555 1.282407938672396 1.3130875544301088 1.2946797849754812 1.3192234775816514 1.3621749396424494 1.2333205534600555 1.3867186322486196 1.380582709097077 1.3621749396424494 1.3314953238847365 1.3621749396424494 1.3314953238847365 1.3437671701878218 1.368310862793992 1.3314953238847365 1.368310862793992 1.4603497100671303 2.0493983326152168 2.110757564130642 2.0493983326152168 2.012582793705961 2.055534255766759 2.350058567040802 2.380738182798515 2.454369260617026 2.429825568010856 2.4175537217077703 2.399145952253143 2.2027964114037806 2.086213871524472 2.1782527187976104 2.1782527187976104 2.325514874434632 1.9512235621905356 1.6321555583103222 1.4296700943094176 1.41126232485479 1.521708941582556 1.5707963267948966 1.5830681730979816 
-54.0 -54.0 -54.0 -54.0 -54.0 -54.0 -54.0 -54.0 -54.0 -54.0 -54.0 -54.0 -54.0 -53.5 -53.5 -53.5 -53.5 -53.0 -53.5 -55.0 -51.0 -49.5 -48.5 -50.5 -52.0 -55.0 -55.5 -56.0 -56.5 -57.0 -56.0 -56.0 -52.0 -51.0 -51.0 -53.0 -54.0 -55.5 -54.5 -53.0 -52.0 -52.0 -52.0 
1.6751070203711202 1.6444274046134073 1.6566992509164924 1.6751070203711202 1.705786636128833 1.7119225592803755 1.6812429435226628 1.6751070203711202 1.6935147898257479 1.6689710972195777 1.718058482431918 1.705786636128833 1.736466251886546 1.6996507129772904 1.705786636128833 1.7119225592803755 1.7241944055834606 1.736466251886546 1.6812429435226628 1.7241944055834606 2.2457478734645786 2.2089323345553233 2.184388641949153 2.454369260617026 2.337786720737717 2.442097414313941 2.3746022596469727 2.356194490192345 2.399145952253143 2.386874105950058 2.4727770300716534 2.3746022596469727 2.4850488763747385 2.282563412373834 2.386874105950058 2.3439226438892597 2.172116795646068 1.8162332528565992 1.7732817907958012 1.6996507129772904 1.7548740213411735 1.7855536370988863 1.7671458676442586 
-55.5 -55.0 -55.0 -55.0 -54.5 -54.5 -54.0 -54.5 -54.5 -54.0 -54.5 -54.5 -54.0 -54.0 -54.0 -54.0 -53.5 -54.0 -55.0 -55.0 -55.0 -53.5 -55.5 -54.5 -53.5 -55.0 -56.0 -56.0 -56.5 -55.5 -55.5 -55.5 -55.0 -57.0 -55.0 -55.0 -56.0 -56.0 -55.0 -53.5 -52.5 -52.5 -52.5 
5.375068680751287 5.301437602932776 5.307573526084319 4.988505522204105 5.203262832508095 5.123495831538041 5.117359908386499 5.3198453723874035 5.056000676871073 4.9394181369917645 5.019185137961818 5.976389149602458 6.209554229361076 6.135923151542564 5.638913376267617 5.957981380147831 5.289165756629691 5.964117303299373 5.927301764390117 5.915029918087033 5.945709533844745 5.927301764390117 5.957981380147831 5.6941366846315 5.688000761479957 5.6143696836614465 6.166602767300278 0.05522330836388308 6.234097921967246 6.068427996875596 4.878058905476339 4.362641360746763 4.6448938257177215 4.651029748869264 
-69.0 -67.0 -69.0 -66.5 -68.0 -68.0 -67.5 -67.5 -67.5 -68.5 -70.0 -65.5 -61.0 -57.5 -60.5 -60.5 -66.5 -61.0 -61.5 -61.5 -61.5 -60.5 -60.5 -64.0 -61.0 -60.5 -58.5 -57.5 -63.0 -65.5 -71.0 -67.5 -65.5 -64.5 
1.7732817907958012 5.074408446325701 1.9144080232812801 5.540738605842936 5.080544369477243 4.7307967498393175 1.8223691760081417 5.264622064023521 4.871922982324796 5.270757987175063 1.9634954084936207 5.295301679781233 2.116893487282185 2.2150682577068657 6.013204688511713 0.1718058482431918 0.1595340019401067 5.743224069843841 0.34974761963792617 6.191146459906448 6.154330920997192 6.19728238305799 0.01227184630308513 0.4049709280018093 5.620505606812989 5.773903685601553 0.2699806186678728 5.829126993965437 6.129787228391022 1.8530487917658545 5.105088062083414 5.056000676871073 5.019185137961818 
-72.5 -67.5 -69.0 -68.0 -67.5 -67.5 -68.0 -65.0 -67.0 -66.5 -67.5 -67.0 -69.0 -73.5 -60.0 -67.0 -62.0 -63.5 -66.0 -65.0 -67.5 -66.0 -66.0 -66.0 -68.5 -62.5 -70.5 -61.5 -61.0 -67.0 -62.5 -62.0 -62.5 
