2.8777479580734626 2.8286605728611223 2.5770877236478773 5.939573610693203 2.8654761117703775 2.5770877236478773 6.043884304269426 2.9206994201342606 2.816388726558037 2.7857091108003242 2.9145634969827183 3.043417883165112 2.6016314162540475 2.890019804376548 2.834796496012665 2.478912953223196 3.9055150859568424 4.503767593232243 4.239922897715912 3.56497135104623 2.6691265709210157 6.080699843178682 5.945709533844745 2.497320722677824 2.7550294950426117 3.393165502803038 3.9208548938356986 5.939573610693203 6.019340611663256 5.970253226450915 
-66.5 -66.5 -67.0 -68.5 -68.0 -67.5 -69.5 -69.0 -67.5 -67.5 -68.5 -69.5 -66.0 -69.0 -68.5 -68.5 -70.5 -62.5 -61.0 -60.5 -65.0 -71.5 -72.0 -63.5 -62.5 -62.0 -65.5 -71.5 -72.0 -72.5 
1.086058397823034 1.2333205534600555 1.1228739367322893 1.2455923997631406 1.3069516312785663 1.2087768608538851 1.2455923997631406 1.325359400733194 1.3867186322486196 1.4358060174609601 1.4051264017032472 1.043106935762236 1.282407938672396 0.9019807032767571 1.227184630308513 1.1167380135807468 1.325359400733194 4.697049172505833 3.3011266555298997 2.5954954931025047 2.2518837966161214 2.1966604882522383 2.0064468705544187 2.024854640009046 1.9880391010997909 2.1475731030398975 1.8100973297050567 2.380738182798515 5.755495916146925 4.81056375080937 1.3928545554001621 1.0615147052168636 1.0492428589137786 1.2885438618239387 1.368310862793992 1.2517283229146832 1.1719613219446299 
-63.5 -63.5 -65.0 -66.5 -67.0 -67.0 -67.5 -67.5 -68.5 -68.0 -68.0 -67.0 -66.5 -66.5 -65.5 -66.5 -65.5 -68.0 -64.5 -63.5 -65.5 -63.5 -61.5 -60.0 -60.0 -61.0 -61.5 -63.0 -66.0 -69.0 -66.0 -64.5 -63.0 -62.5 -62.5 -62.5 -63.5 
0.944932165337555 0.8774370106705868 0.8406214717613314 0.7915340865489908 0.7363107781851077 0.6994952392758523 0.6872233929727672 0.6381360077604268 0.6872233929727672 0.6810874698212247 0.7240389318820226 0.7363107781851077 0.7792622402459057 0.8222137023067037 0.8160777791551611 0.8467573949128739 0.8651651643675016 1.064582666792635 1.3744467859455345 1.2885438618239387 1.1167380135807468 1.325359400733194 1.2640001692177683 1.2087768608538851 1.2087768608538851 1.2701360923693108 1.2762720155208536 1.2087768608538851 1.2026409377023426 1.2455923997631406 1.4664856332186729 1.282407938672396 1.1044661672776617 1.2210487071569704 1.2640001692177683 1.012427320004523 0.9817477042468103 1.012427320004523 1.0062913968529805 0.8897088569736719 0.9387962421860124 
-48.5 -49.5 -49.5 -49.5 -50.0 -50.5 -50.5 -50.5 -50.0 -50.0 -50.5 -50.0 -50.0 -50.0 -50.0 -49.5 -49.5 -49.5 -49.0 -50.0 -50.5 -53.0 -51.0 -52.0 -53.5 -54.5 -54.5 -54.5 -53.0 -51.5 -52.0 -52.5 -50.0 -49.0 -49.0 -49.0 -49.0 -49.0 -49.0 -49.0 -49.5 
0.9326603190344698 0.8897088569736719 0.9019807032767571 0.8897088569736719 0.8835729338221293 0.9265243958829272 0.9326603190344698 0.9387962421860124 0.9326603190344698 0.8835729338221293 0.9203884727313847 0.9326603190344698 0.9817477042468103 0.9510680884890975 0.9694758579437253 1.0246991663076084 0.8958447801252144 1.1658253987930873 1.3867186322486196 1.2210487071569704 1.1903690913992575 1.4971652489763858 1.5585244804918115 1.5462526341887264 1.6014759425526093 1.5707963267948966 1.552388557340269 1.5585244804918115 1.521708941582556 1.576932249946439 1.521708941582556 1.6935147898257479 1.5155730184310134 1.533980787885641 1.3621749396424494 1.0369710126106935 0.9633399347921826 0.9756117810952678 1.1106020904292042 0.9142525495798421 1.012427320004523 
-51.5 -51.5 -52.0 -52.0 -52.5 -52.5 -52.5 -53.0 -53.0 -53.0 -53.0 -52.5 -52.0 -52.0 -52.5 -52.5 -52.5 -53.0 -52.0 -50.0 -50.5 -51.5 -50.5 -51.5 -51.5 -52.0 -52.0 -51.5 -52.0 -51.5 -51.0 -51.0 -52.5 -52.5 -52.5 -52.0 -52.5 -51.5 -51.5 -52.0 -52.0 
1.282407938672396 1.2455923997631406 1.2455923997631406 1.2026409377023426 1.2578642460662257 1.2885438618239387 1.2640001692177683 1.184233168247715 1.2333205534600555 1.1903690913992575 1.2455923997631406 1.1596894756415448 1.2762720155208536 1.2762720155208536 1.2517283229146832 1.239456476611598 1.3069516312785663 1.6781749819468914 1.9573594853420782 1.8346410223112268 1.748738098189631 1.8223691760081417 1.932815792735908 2.0923497946760143 2.1230294104337273 2.1230294104337273 2.1659808724945253 2.2027964114037806 2.1353012567368124 2.043262409463674 1.7548740213411735 1.761009944492716 1.902136176978195 1.8530487917658545 1.761009944492716 1.368310862793992 1.2026409377023426 1.2087768608538851 1.1780972450961724 1.1780972450961724 1.0615147052168636 
-54.0 -54.5 -55.0 -55.0 -55.0 -56.0 -56.0 -56.0 -55.5 -55.5 -56.0 -55.5 -55.5 -55.0 -54.5 -54.5 -55.5 -54.0 -49.0 -47.5 -49.0 -49.0 -51.0 -50.0 -50.5 -51.0 -51.5 -51.0 -51.0 -51.5 -50.0 -48.5 -48.0 -49.5 -51.0 -55.0 -54.5 -52.0 -52.5 -53.0 -54.0 
1.6873788666742053 1.5892040962495242 1.6321555583103222 1.6321555583103222 1.6137477888556946 1.6260196351587797 1.6566992509164924 1.6935147898257479 1.6137477888556946 1.6444274046134073 1.6198837120072371 1.6382914814618648 1.5953400194010667 1.7303303287350031 1.6444274046134073 1.748738098189631 1.5830681730979816 1.9941750242513334 2.282563412373834 2.024854640009046 2.0371264863121317 2.1230294104337273 2.1659808724945253 2.1659808724945253 2.2641556429192065 2.2457478734645786 2.2764274892222915 2.2334760271614935 2.227340104009951 2.184388641949153 2.110757564130642 2.098485717827557 2.012582793705961 2.067806102069844 1.9512235621905356 1.718058482431918 1.6566992509164924 1.718058482431918 1.718058482431918 1.6505633277649499 1.7303303287350031 
-54.0 -54.5 -55.0 -55.0 -55.0 -56.0 -56.0 -56.0 -56.5 -56.0 -56.0 -56.0 -55.5 -55.0 -54.5 -55.5 -56.0 -56.0 -53.0 -53.5 -54.5 -51.0 -52.5 -51.5 -52.5 -53.0 -53.0 -53.0 -52.5 -53.0 -51.5 -53.0 -51.5 -52.5 -53.5 -56.0 -54.5 -52.5 -53.0 -53.5 -54.5 
5.264622064023521 5.375068680751287 5.577554144752192 5.902758071783947 5.565282298449106 5.829126993965437 5.896622148632405 5.9518454569962875 5.737088146692298 5.872078456026235 5.792311455056181 5.700272607783043 5.663457068873787 5.780039608753096 5.749359992995383 5.534602682691394 5.712544454086128 6.14819499784565 6.074563920027139 5.780039608753096 5.853670686571607 5.577554144752192 5.93343768754166 6.000932842208628 5.884350302329319 5.939573610693203 5.93343768754166 6.013204688511713 5.982525072754001 6.000932842208628 5.516194913236766 5.491651220630596 5.595961914206819 6.129787228391022 6.074563920027139 0.03681553890925539 5.1725832167503825 5.4671075280244255 5.816855147662351 
-66.5 -67.5 -66.0 -65.5 -66.5 -64.0 -66.0 -65.5 -65.0 -65.5 -65.0 -64.5 -64.5 -65.5 -67.5 -67.0 -66.0 -61.0 -58.5 -58.0 -60.0 -58.5 -60.0 -59.5 -59.0 -60.5 -61.0 -60.0 -59.5 -59.0 -61.0 -59.5 -57.0 -56.5 -59.0 -63.5 -68.5 -68.5 -66.5 
5.7616318392984684 3.2336315008629315 0.2638446955163303 0.3620194659410113 6.258641614573416 2.6813984172241008 2.816388726558037 0.12885438618239387 5.976389149602458 5.872078456026235 5.559146375297564 6.240233845118788 5.724816300389213 6.264777537724958 6.050020227420969 5.878214379177777 6.043884304269426 6.068427996875596 6.086835766330224 6.111379458936394 0.09817477042468103 5.534602682691394 5.970253226450915 5.45483568172134 5.724816300389213 5.9088939949354895 0.01227184630308513 2.5832236467994196 5.442563835418255 5.6941366846315 
-74.0 -74.0 -72.5 -71.0 -73.0 -73.0 -72.5 -72.5 -62.5 -59.0 -59.5 -61.0 -59.5 -61.0 -59.5 -60.5 -63.0 -62.0 -62.0 -62.0 -62.0 -62.5 -60.5 -61.0 -58.5 -62.0 -67.5 -67.5 -66.5 -71.0 
