6.105243535784852 2.8654761117703775 3.1784081924990484 2.6200391857086753 6.007068765360171 2.9268353432858034 6.000932842208628 2.890019804376548 5.822991070813893 3.129320807286708 2.804116880254952 6.080699843178682 4.239922897715912 4.246058820867455 4.049709280018092 3.2949907323783574 2.6568547246179306 0.04908738521234052 0.1043106935762236 6.007068765360171 2.9022916506796332 3.2397674240144743 
-71.0 -68.0 -70.5 -71.0 -71.5 -70.0 -71.0 -70.0 -71.5 -70.5 -71.0 -72.0 -65.5 -62.0 -60.5 -60.5 -65.5 -72.5 -70.5 -73.5 -64.0 -67.5 
1.1106020904292042 1.2455923997631406 1.2946797849754812 1.4603497100671303 1.325359400733194 1.0185632431560658 1.2578642460662257 1.4480778637640452 1.239456476611598 1.227184630308513 1.2455923997631406 1.325359400733194 1.3928545554001621 1.1044661672776617 1.012427320004523 1.1596894756415448 4.552854978444583 2.399145952253143 2.1905245651006955 2.2089323345553233 2.1353012567368124 2.0371264863121317 2.12916533358527 2.024854640009046 1.9696313316451632 2.3623304133438876 2.337786720737717 1.7978254834019713 1.748738098189631 1.5186409800067848 1.2455923997631406 1.1903690913992575 1.337631247036279 1.2026409377023426 1.3499030933393643 
-64.5 -65.5 -65.5 -66.0 -65.0 -67.0 -65.5 -65.0 -65.0 -65.0 -64.0 -64.0 -65.0 -64.0 -64.5 -65.5 -69.5 -62.5 -64.0 -62.5 -61.5 -60.5 -60.5 -60.5 -61.5 -62.5 -64.0 -65.0 -63.5 -63.5 -61.0 -61.5 -61.0 -61.0 -61.5 
0.8958447801252144 0.8897088569736719 0.8774370106705868 0.8958447801252144 0.859029241215959 0.8774370106705868 0.8774370106705868 0.8651651643675016 0.8713010875190442 0.8835729338221293 0.8897088569736719 0.8713010875190442 0.8958447801252144 0.8958447801252144 0.8774370106705868 0.9572040116406401 1.1719613219446299 1.3499030933393643 1.2026409377023426 1.0676506283684062 1.3499030933393643 1.2762720155208536 1.1535535524900022 1.1106020904292042 1.2578642460662257 1.1596894756415448 1.1719613219446299 1.1658253987930873 1.184233168247715 1.3928545554001621 1.41126232485479 1.0799224746714913 0.9817477042468103 1.055378782065321 0.9786797426710391 0.9817477042468103 1.0246991663076084 1.1719613219446299 1.1535535524900022 1.141281706186917 
-49.5 -49.5 -49.5 -49.0 -49.5 -49.5 -49.5 -49.0 -49.5 -50.0 -49.5 -49.5 -49.5 -49.5 -49.0 -49.0 -49.0 -49.0 -49.5 -51.0 -53.5 -51.5 -52.0 -54.5 -55.0 -55.5 -55.0 -53.5 -52.0 -52.5 -53.5 -52.5 -51.5 -50.0 -50.5 -48.5 -48.0 -48.5 -49.0 -49.0 
0.9940195505498954 0.9878836273983529 0.9081166264282996 1.012427320004523 1.000155473701438 0.9878836273983529 1.055378782065321 0.9940195505498954 1.0246991663076084 0.9940195505498954 0.9817477042468103 1.0185632431560658 1.012427320004523 0.9572040116406401 0.9326603190344698 1.2517283229146832 1.4848934026733007 1.2578642460662257 1.3130875544301088 1.5033011721279284 1.5278448647340985 1.5278448647340985 1.5401167110371838 1.521708941582556 1.4910293258248433 1.5155730184310134 1.552388557340269 1.552388557340269 1.4787574795217582 1.705786636128833 1.8100973297050567 1.705786636128833 1.5462526341887264 1.1596894756415448 0.9326603190344698 0.9694758579437253 0.9510680884890975 1.0185632431560658 1.0737865515199487 
-52.0 -52.0 -52.0 -52.0 -52.0 -52.0 -52.0 -52.0 -52.0 -52.0 -51.5 -52.0 -52.0 -52.5 -52.5 -52.0 -52.5 -50.5 -51.0 -52.0 -51.0 -52.0 -52.0 -52.0 -52.0 -52.0 -52.0 -51.5 -51.5 -50.5 -52.5 -52.5 -54.0 -53.5 -52.5 -51.5 -50.5 -51.0 -51.0 
1.1474176293384597 1.141281706186917 1.1474176293384597 1.184233168247715 1.1596894756415448 1.0676506283684062 1.2578642460662257 1.239456476611598 1.227184630308513 1.1965050145508 1.2210487071569704 1.227184630308513 1.184233168247715 1.2210487071569704 1.282407938672396 1.3069516312785663 1.8346410223112268 1.9696313316451632 1.8653206380689396 1.859184714917397 1.9205439464328227 1.9941750242513334 2.0800779483729293 2.1475731030398975 2.2212041808584084 2.1598449493429825 2.116893487282185 2.1782527187976104 2.067806102069844 1.9082721001297376 1.8775924843720249 2.1046216409791 2.1475731030398975 1.9819031779482483 1.705786636128833 1.282407938672396 1.3744467859455345 1.4358060174609601 1.4358060174609601 1.3928545554001621 
-54.0 -54.5 -54.0 -54.0 -54.0 -54.0 -54.0 -54.0 -53.5 -54.0 -53.5 -54.0 -53.5 -53.5 -54.0 -55.5 -50.5 -49.0 -48.0 -49.0 -49.5 -51.5 -51.0 -51.5 -51.5 -52.0 -51.5 -51.5 -52.5 -51.0 -49.5 -48.0 -50.0 -54.0 -56.0 -54.0 -52.0 -51.0 -51.5 -51.5 
1.7241944055834606 1.662835174068035 1.6996507129772904 1.718058482431918 1.7241944055834606 1.6751070203711202 1.705786636128833 1.6935147898257479 1.6812429435226628 1.6751070203711202 1.718058482431918 1.736466251886546 1.736466251886546 1.736466251886546 1.662835174068035 2.172116795646068 2.2886993355253766 2.098485717827557 2.337786720737717 2.172116795646068 2.2150682577068657 2.2580197197676637 2.2764274892222915 2.116893487282185 2.313243028131547 2.12916533358527 2.350058567040802 2.2089323345553233 2.172116795646068 2.2457478734645786 2.2396119503130363 2.3009711818284617 2.141437179888355 1.8100973297050567 1.662835174068035 1.718058482431918 1.6996507129772904 1.8039614065535141 1.8223691760081417 
-54.5 -54.5 -54.5 -54.5 -54.5 -54.0 -54.5 -54.5 -54.5 -54.5 -54.5 -54.5 -54.5 -55.0 -56.5 -54.5 -54.0 -54.5 -54.5 -52.0 -53.0 -52.5 -53.0 -53.5 -53.5 -53.5 -53.0 -54.0 -52.5 -54.0 -51.5 -53.5 -56.0 -59.0 -55.0 -53.0 -52.0 -52.0 -52.5 
5.663457068873787 5.632777453116074 5.553010452146021 5.411884219660542 5.546874528994478 5.4671075280244255 5.546874528994478 5.418020142812084 5.190990986205009 5.221670601962723 5.43029198911517 5.209398755659637 5.313709449235861 5.7616318392984684 6.092971689481767 6.14819499784565 6.019340611663256 5.786175531904639 5.681864838328415 5.638913376267617 5.9518454569962875 5.964117303299373 6.025476534814799 5.915029918087033 5.976389149602458 6.080699843178682 5.9518454569962875 5.976389149602458 5.608233760509904 5.387340527054372 5.344389064993574 6.240233845118788 0.1349903093339364 6.234097921967246 4.657165672020807 4.884194828627882 
-67.0 -68.5 -68.0 -68.5 -66.0 -68.5 -66.5 -68.5 -68.5 -66.0 -68.5 -68.0 -70.0 -70.5 -67.0 -60.5 -57.0 -58.0 -60.0 -58.0 -59.5 -59.5 -59.5 -60.5 -60.5 -60.5 -60.0 -60.0 -61.5 -60.5 -57.0 -57.0 -60.0 -63.0 -66.5 -64.0 
5.749359992995383 5.663457068873787 5.626641529964532 2.4175537217077703 5.540738605842936 2.454369260617026 5.620505606812989 5.442563835418255 5.724816300389213 2.3316507975861747 2.4727770300716534 2.9329712664373457 6.037748381117884 5.872078456026235 5.66959299202533 6.2463697682703305 5.663457068873787 0.02454369260617026 6.209554229361076 6.050020227420969 6.12365130523948 5.976389149602458 6.000932842208628 6.22182607566416 0.2945243112740431 5.786175531904639 6.068427996875596 2.5157284921324514 5.8475347634200645 6.234097921967246 0.44485442848683593 5.2339424482658075 5.387340527054372 5.325981295538946 
-71.5 -71.5 -70.0 -71.5 -70.5 -71.0 -72.0 -69.5 -69.0 -70.0 -71.0 -75.0 -67.0 -58.5 -62.0 -61.5 -61.0 -64.0 -60.5 -61.0 -63.0 -62.5 -63.0 -61.0 -65.5 -63.5 -60.0 -62.0 -60.0 -66.5 -72.5 -63.0 -63.0 -65.0 
