0.0674951546669682 0.1043106935762236 3.3747577333484107 3.172272269347506 0.0674951546669682 0.1595340019401067 0.01227184630308513 0.030679615757712823 0.0674951546669682 0.02454369260617026 3.2765829629237295 2.779573187648782 2.6323110320117604 2.761165418194154 2.448233337465483 2.5770877236478773 2.7857091108003242 2.748893571891069 2.9391071895888885 2.718213956133356 2.411417798556228 5.859806609723149 2.748893571891069 6.270913460876501 3.067961575771282 0.05522330836388308 3.172272269347506 3.08636934522591 2.945243112740431 0.030679615757712823 0.018407769454627694 0.2086213871524472 0.35588354278946877 
-68.5 -69.0 -68.0 -68.5 -69.0 -69.5 -69.0 -69.5 -69.5 -69.0 -63.0 -61.0 -65.0 -65.0 -68.0 -68.5 -68.5 -69.0 -70.0 -69.0 -68.0 -69.0 -67.0 -67.5 -66.0 -72.0 -68.0 -68.5 -69.0 -70.5 -70.0 -70.0 -70.0 
1.5953400194010667 1.3867186322486196 4.638757902566179 1.4664856332186729 1.5462526341887264 1.4971652489763858 1.4603497100671303 1.423534171157875 1.6137477888556946 1.4603497100671303 1.4726215563702154 1.5278448647340985 1.3928545554001621 1.4910293258248433 1.2640001692177683 1.368310862793992 1.3008157081270237 2.356194490192345 2.4727770300716534 2.1782527187976104 1.9573594853420782 2.024854640009046 2.061670178918302 1.9082721001297376 1.932815792735908 1.859184714917397 2.098485717827557 2.2457478734645786 2.402213913828914 1.662835174068035 1.239456476611598 1.4603497100671303 1.41126232485479 1.3989904785517047 1.1167380135807468 1.4051264017032472 1.5278448647340985 1.325359400733194 1.4419419406125027 1.2885438618239387 1.41126232485479 1.5155730184310134 1.533980787885641 
-64.0 -63.5 -63.5 -62.5 -62.5 -63.0 -62.5 -62.5 -63.0 -63.0 -62.0 -61.5 -62.5 -62.5 -62.5 -62.5 -63.0 -64.5 -64.0 -62.0 -62.0 -61.5 -60.0 -60.0 -60.5 -61.0 -61.0 -63.5 -66.0 -65.5 -63.5 -64.0 -64.0 -64.5 -64.0 -62.5 -62.5 -61.5 -62.5 -62.5 -62.5 -63.0 -62.5 
1.030835089459151 1.043106935762236 1.0983302441261191 1.0492428589137786 1.0799224746714913 1.0737865515199487 1.0676506283684062 1.1044661672776617 1.1290098598838318 1.0737865515199487 1.043106935762236 1.0921943209745766 1.0983302441261191 1.1106020904292042 1.0676506283684062 1.043106935762236 0.9817477042468103 0.9633399347921826 1.030835089459151 0.9817477042468103 1.0369710126106935 1.1535535524900022 1.2333205534600555 1.1044661672776617 1.1044661672776617 1.030835089459151 1.0615147052168636 1.030835089459151 1.0492428589137786 1.1596894756415448 1.184233168247715 1.2026409377023426 1.2670681307935396 1.2578642460662257 0.9756117810952678 0.9694758579437253 1.043106935762236 1.086058397823034 1.030835089459151 1.0799224746714913 1.1044661672776617 1.1106020904292042 1.1535535524900022 1.1167380135807468 1.1535535524900022 1.1535535524900022 1.1535535524900022 
-49.5 -49.0 -49.0 -49.0 -49.5 -49.0 -49.0 -49.0 -49.5 -49.0 -49.5 -49.5 -49.5 -49.5 -49.5 -49.0 -48.5 -48.5 -49.0 -50.0 -51.0 -51.0 -51.5 -51.5 -52.0 -53.0 -53.5 -54.0 -53.0 -52.0 -51.5 -51.0 -51.5 -52.5 -51.5 -50.5 -49.5 -49.5 -48.5 -48.0 -48.0 -48.0 -48.5 -49.0 -49.0 -49.0 -49.0 
1.043106935762236 1.0983302441261191 1.0676506283684062 1.1044661672776617 1.1044661672776617 1.0799224746714913 1.0983302441261191 1.1228739367322893 1.0983302441261191 1.1351457830353744 1.0983302441261191 1.1044661672776617 1.1044661672776617 1.1474176293384597 1.1167380135807468 1.0799224746714913 0.9572040116406401 1.0799224746714913 1.3130875544301088 1.3621749396424494 1.2640001692177683 1.4296700943094176 1.3928545554001621 1.5155730184310134 1.533980787885641 1.5033011721279284 1.509437095279471 1.4603497100671303 1.5462526341887264 1.607611865704152 1.5892040962495242 1.3621749396424494 4.638757902566179 1.662835174068035 1.5830681730979816 1.4542137869155878 1.3437671701878218 1.2026409377023426 1.0615147052168636 1.0492428589137786 1.0983302441261191 1.1106020904292042 1.1351457830353744 1.1351457830353744 1.1658253987930873 1.1780972450961724 1.1596894756415448 
-49.5 -50.0 -50.0 -50.0 -50.0 -49.5 -49.5 -49.5 -49.5 -49.5 -50.0 -50.0 -50.0 -50.0 -50.0 -50.0 -51.0 -52.0 -51.0 -50.5 -51.5 -50.0 -50.0 -51.5 -51.5 -51.5 -52.0 -51.5 -52.0 -51.5 -51.5 -50.5 -49.5 -51.0 -52.5 -53.0 -52.0 -51.5 -50.5 -50.0 -50.0 -50.0 -50.0 -49.5 -50.0 -50.0 -50.0 
1.3314953238847365 1.3314953238847365 1.3069516312785663 1.3314953238847365 1.3437671701878218 1.337631247036279 1.380582709097077 1.3867186322486196 1.368310862793992 1.3560390164909069 1.368310862793992 1.3989904785517047 1.3989904785517047 1.3928545554001621 1.380582709097077 1.3744467859455345 1.2946797849754812 1.4296700943094176 1.7855536370988863 1.7548740213411735 1.6689710972195777 1.6505633277649499 1.736466251886546 1.8714565612204823 2.0493983326152168 2.067806102069844 2.1046216409791 2.0371264863121317 2.0923497946760143 2.018718716857504 1.88986433067511 1.8100973297050567 4.8872627902036525 1.902136176978195 2.012582793705961 2.030990563160589 1.8530487917658545 1.7855536370988863 1.3867186322486196 1.3744467859455345 1.3130875544301088 1.3621749396424494 1.4296700943094176 1.4296700943094176 1.423534171157875 1.4542137869155878 1.4787574795217582 
-50.0 -50.0 -49.5 -50.0 -49.5 -50.0 -49.5 -49.5 -49.5 -49.5 -49.5 -49.5 -49.5 -49.5 -49.5 -49.5 -51.0 -52.0 -49.5 -48.0 -47.5 -48.5 -49.0 -50.5 -50.0 -50.0 -50.0 -50.5 -51.0 -51.0 -50.0 -49.0 -48.5 -47.0 -48.0 -49.5 -50.0 -51.5 -51.5 -50.0 -50.0 -49.5 -50.0 -50.0 -50.0 -50.0 -50.0 
1.7119225592803755 1.748738098189631 1.7548740213411735 1.7426021750380885 1.7426021750380885 1.736466251886546 1.7671458676442586 1.7303303287350031 1.7671458676442586 1.7794177139473437 1.8100973297050567 1.7732817907958012 1.8100973297050567 1.7548740213411735 1.7978254834019713 1.7794177139473437 1.6444274046134073 1.7732817907958012 2.073942025221387 2.1230294104337273 2.0923497946760143 2.0923497946760143 2.2150682577068657 2.282563412373834 2.325514874434632 2.3316507975861747 2.411417798556228 2.429825568010856 2.442097414313941 2.337786720737717 2.1659808724945253 2.2518837966161214 2.2242721424341796 2.098485717827557 2.3623304133438876 2.429825568010856 2.2457478734645786 1.9205439464328227 1.7241944055834606 1.7119225592803755 1.6935147898257479 1.6996507129772904 1.6873788666742053 1.7916895602504288 1.8100973297050567 1.8039614065535141 1.8223691760081417 
-50.5 -50.0 -50.0 -50.0 -50.0 -50.0 -50.0 -50.0 -50.0 -50.0 -50.0 -50.0 -50.0 -49.5 -50.0 -50.0 -52.0 -54.5 -52.0 -51.0 -52.0 -52.0 -51.5 -52.0 -52.5 -52.5 -52.0 -52.5 -53.0 -53.0 -52.5 -51.5 -53.5 -49.5 -50.0 -52.0 -54.5 -54.5 -54.0 -52.0 -52.0 -51.0 -50.5 -50.5 -50.5 -50.5 -50.5 
5.190990986205009 5.0253210611133605 5.154175447295755 5.141903600992669 4.97623367590102 4.884194828627882 5.006913291658733 4.859651136021712 4.908738521234052 5.019185137961818 4.608078286808466 4.884194828627882 4.933282213840222 4.767612288748572 4.779884135051658 5.350524988145116 6.105243535784852 5.939573610693203 5.884350302329319 5.405748296509 5.602097837358362 5.577554144752192 5.712544454086128 5.927301764390117 5.93343768754166 6.013204688511713 6.013204688511713 5.964117303299373 5.927301764390117 5.583690067903734 5.859806609723149 5.608233760509904 5.589825991055276 6.031612457966341 6.117515382087937 6.068427996875596 5.988660995905543 5.7616318392984684 5.350524988145116 5.074408446325701 5.313709449235861 5.190990986205009 5.037592907416445 5.0682725231741586 4.884194828627882 5.117359908386499 
-63.5 -63.0 -62.5 -63.5 -63.0 -63.5 -63.0 -63.5 -63.0 -62.5 -63.0 -62.5 -63.0 -63.0 -64.0 -64.5 -61.0 -58.0 -55.0 -57.0 -58.0 -58.0 -59.0 -56.5 -58.0 -59.0 -59.5 -58.5 -57.5 -58.0 -56.5 -59.0 -54.5 -55.5 -56.5 -58.0 -59.0 -62.5 -64.5 -65.0 -63.0 -62.5 -63.0 -63.0 -63.5 -63.0 
5.399612373357457 5.4671075280244255 5.368932757599744 5.448699758569798 5.50392306693368 5.117359908386499 5.252350217720435 5.221670601962723 5.264622064023521 5.258486140871978 5.448699758569798 5.148039524144211 5.350524988145116 5.227806525114265 5.356660911296659 5.2339424482658075 6.1850105367549055 3.0372819600135696 5.64504929941916 6.258641614573416 5.915029918087033 5.921165841238575 0.1718058482431918 6.2463697682703305 6.258641614573416 0.14726215563702155 0.39269908169872414 0.2945243112740431 6.191146459906448 6.157398882572964 5.816855147662351 5.884350302329319 6.062292073724054 6.227961998815704 6.1420590746941075 4.847379289718626 5.043728830567988 5.117359908386499 5.2768939103266055 5.332117218690489 5.3198453723874035 5.608233760509904 5.154175447295755 
-62.5 -62.5 -62.5 -62.0 -62.0 -62.0 -62.0 -62.0 -62.0 -61.0 -61.5 -61.5 -61.0 -61.5 -61.0 -61.0 -73.5 -64.5 -60.5 -64.5 -60.5 -66.0 -62.5 -62.5 -63.0 -64.5 -63.5 -65.5 -66.0 -64.0 -63.0 -60.0 -60.5 -64.5 -76.0 -71.5 -67.5 -64.0 -63.0 -63.0 -63.0 -63.0 -63.5 
