5.64504929941916 5.497787143782138 5.350524988145116 5.411884219660542 2.116893487282185 2.497320722677824 5.5100589900852235 2.2027964114037806 5.540738605842936 0.9572040116406401 2.724349879284899 6.043884304269426 6.056156150572511 6.2463697682703305 3.153864499892878 0.11658253987930872 5.8659425328746915 2.705942109830271 2.816388726558037 3.0372819600135696 3.522019888985432 4.196971435655114 0.4540583132141498 2.380738182798515 5.712544454086128 2.405281875404685 2.3930100291016 2.650718801466388 2.110757564130642 
-76.5 -75.5 -74.5 -73.5 -72.5 -69.5 -71.5 -70.0 -72.0 -65.0 -63.0 -72.0 -72.0 -71.5 -69.5 -74.0 -71.5 -70.0 -65.0 -63.5 -63.0 -67.0 -79.5 -68.0 -67.5 -67.5 -66.5 -68.0 -68.0 
1.2333205534600555 1.1903690913992575 1.2578642460662257 1.3069516312785663 1.2701360923693108 1.1965050145508 1.3130875544301088 1.3621749396424494 1.2026409377023426 1.3130875544301088 1.3008157081270237 1.1228739367322893 1.3499030933393643 1.214912784005428 1.2333205534600555 1.2087768608538851 4.509903516383785 5.663457068873787 2.098485717827557 2.2457478734645786 2.073942025221387 2.2641556429192065 2.1782527187976104 2.184388641949153 2.2212041808584084 2.1966604882522383 2.3009711818284617 2.2396119503130363 2.067806102069844 1.6566992509164924 1.4787574795217582 1.533980787885641 1.6812429435226628 1.533980787885641 1.5707963267948966 1.6014759425526093 1.4296700943094176 1.4419419406125027 1.41126232485479 1.4051264017032472 
-64.5 -65.5 -65.0 -66.0 -65.0 -65.0 -64.5 -65.0 -64.5 -64.0 -64.0 -63.5 -63.5 -64.0 -63.0 -63.5 -66.0 -68.0 -63.0 -64.0 -62.5 -60.5 -59.5 -60.0 -60.0 -62.0 -63.0 -64.5 -64.0 -63.5 -61.5 -61.0 -60.5 -60.5 -61.0 -61.0 -61.0 -61.5 -61.5 -62.0 
0.803805932852076 0.760854470791278 0.760854470791278 0.7547185476397354 0.7731263170943632 0.7731263170943632 0.7915340865489908 0.8283496254582462 0.803805932852076 0.8651651643675016 0.8774370106705868 0.9019807032767571 0.9019807032767571 0.9510680884890975 0.9142525495798421 0.9694758579437253 1.1290098598838318 1.325359400733194 1.3130875544301088 1.1167380135807468 1.5953400194010667 1.239456476611598 1.184233168247715 1.1228739367322893 1.0492428589137786 1.1903690913992575 1.1474176293384597 1.2210487071569704 1.3008157081270237 1.380582709097077 1.239456476611598 1.2210487071569704 1.2946797849754812 1.3192234775816514 1.1903690913992575 1.1106020904292042 1.0799224746714913 1.1290098598838318 1.0921943209745766 1.1167380135807468 1.1167380135807468 1.0799224746714913 
-49.5 -50.0 -50.0 -50.0 -50.5 -50.0 -50.0 -50.0 -50.0 -49.5 -49.5 -49.0 -49.0 -49.5 -49.0 -49.0 -49.5 -49.5 -50.0 -53.0 -54.5 -53.0 -54.5 -56.0 -56.5 -57.0 -55.5 -54.0 -53.0 -54.0 -53.0 -51.0 -50.5 -50.0 -49.5 -49.0 -49.0 -49.5 -49.5 -49.0 -49.5 -49.0 
0.9572040116406401 1.0369710126106935 1.012427320004523 1.043106935762236 1.0676506283684062 1.030835089459151 1.0185632431560658 1.0369710126106935 1.000155473701438 1.000155473701438 0.944932165337555 1.000155473701438 0.9940195505498954 0.9817477042468103 1.0185632431560658 1.043106935762236 1.337631247036279 1.6996507129772904 1.4173982480063325 1.5401167110371838 1.564660403643354 1.5155730184310134 1.5462526341887264 1.5155730184310134 1.5033011721279284 1.5033011721279284 1.5462526341887264 1.5585244804918115 1.564660403643354 1.521708941582556 1.6812429435226628 1.4173982480063325 1.552388557340269 1.2640001692177683 1.0369710126106935 0.9572040116406401 0.9019807032767571 0.9694758579437253 0.9387962421860124 0.9265243958829272 0.9326603190344698 0.9510680884890975 
-53.0 -53.0 -53.5 -53.5 -53.5 -53.5 -53.5 -53.0 -53.0 -53.0 -53.0 -53.0 -52.5 -53.0 -52.5 -52.5 -53.0 -53.0 -51.0 -52.0 -51.5 -52.5 -53.0 -53.0 -53.0 -52.5 -52.5 -52.5 -52.5 -51.5 -52.0 -54.0 -53.5 -53.5 -52.5 -52.5 -52.0 -52.5 -52.5 -52.5 -52.0 -52.5 
1.2517283229146832 1.2762720155208536 1.2885438618239387 1.3621749396424494 1.337631247036279 1.3130875544301088 1.3192234775816514 1.3192234775816514 1.368310862793992 1.337631247036279 1.337631247036279 1.3867186322486196 1.3499030933393643 1.3130875544301088 1.2762720155208536 1.325359400733194 1.7855536370988863 2.055534255766759 1.9880391010997909 1.8960002538266525 1.9082721001297376 2.110757564130642 2.141437179888355 2.2150682577068657 2.1966604882522383 2.184388641949153 2.227340104009951 2.1905245651006955 2.000310947402876 1.9389517158874505 1.9573594853420782 2.1230294104337273 2.1905245651006955 1.9819031779482483 1.6505633277649499 1.4296700943094176 1.4173982480063325 1.3008157081270237 1.4726215563702154 1.4173982480063325 1.4358060174609601 1.4173982480063325 
-54.0 -54.0 -55.0 -55.0 -55.0 -55.0 -55.0 -54.5 -54.5 -54.5 -54.0 -54.0 -54.0 -53.5 -53.5 -54.5 -52.5 -49.5 -49.0 -49.5 -50.0 -53.0 -52.5 -52.5 -53.0 -53.0 -52.5 -52.5 -52.0 -50.0 -49.0 -48.5 -50.5 -53.0 -55.0 -54.5 -53.0 -52.0 -52.0 -53.0 -53.0 -52.5 
1.8039614065535141 1.859184714917397 1.8223691760081417 1.8714565612204823 1.859184714917397 1.8530487917658545 1.902136176978195 1.8223691760081417 1.859184714917397 1.8223691760081417 1.8100973297050567 1.8285050991596843 1.8039614065535141 1.8100973297050567 1.7916895602504288 1.7241944055834606 2.1353012567368124 2.3930100291016 2.172116795646068 2.325514874434632 2.141437179888355 2.313243028131547 2.313243028131547 2.3439226438892597 2.337786720737717 2.3071071049800045 2.337786720737717 2.36846633649543 2.1966604882522383 2.2886993355253766 2.2027964114037806 2.2027964114037806 2.356194490192345 2.1537090261914402 1.8714565612204823 1.6812429435226628 1.7426021750380885 1.7794177139473437 1.7855536370988863 1.7426021750380885 1.7426021750380885 1.7855536370988863 
-55.5 -56.0 -56.5 -56.5 -56.5 -56.0 -56.0 -55.5 -55.5 -55.0 -55.0 -54.5 -55.0 -54.5 -55.0 -56.5 -54.5 -53.5 -54.5 -53.0 -52.5 -53.5 -53.5 -54.0 -54.0 -54.0 -53.5 -53.5 -53.0 -52.5 -55.0 -52.5 -53.5 -55.5 -56.0 -55.5 -53.5 -53.5 -53.0 -53.5 -53.5 -53.0 
5.258486140871978 5.240078371417351 5.313709449235861 5.227806525114265 5.117359908386499 5.2768939103266055 5.074408446325701 4.632621979414636 5.013049214810275 4.73693267299086 4.718524903536232 5.258486140871978 4.914874444385594 5.049864753719531 6.14819499784565 6.191146459906448 5.872078456026235 5.9518454569962875 5.64504929941916 6.135923151542564 6.074563920027139 6.105243535784852 6.0991076126333095 6.092971689481767 6.19728238305799 6.0991076126333095 6.025476534814799 5.8659425328746915 5.730952223540755 5.8045833013592665 0.0859029241215959 0.01227184630308513 5.945709533844745 5.074408446325701 4.706253057233147 4.693981210930062 4.6448938257177215 4.773748211900116 4.657165672020807 
-69.5 -72.5 -73.0 -72.0 -73.0 -69.5 -71.5 -70.0 -70.0 -69.5 -69.5 -70.5 -68.5 -70.5 -61.0 -57.5 -58.0 -59.0 -62.0 -59.5 -60.0 -61.0 -61.0 -62.0 -61.5 -60.0 -61.0 -59.5 -59.5 -57.5 -57.5 -62.5 -64.5 -70.5 -67.5 -66.0 -67.0 -66.5 -67.0 
2.8961557275280905 2.9268353432858034 5.356660911296659 5.460971604872882 5.203262832508095 6.117515382087937 6.056156150572511 6.019340611663256 5.816855147662351 5.957981380147831 5.780039608753096 0.25157284921324513 0.0 6.166602767300278 6.22182607566416 6.215690152512618 6.22182607566416 0.05522330836388308 0.1902136176978195 5.8659425328746915 0.006135923151542565 5.724816300389213 5.712544454086128 5.767767762450011 2.0064468705544187 4.822835597112456 4.921010367537137 5.080544369477243 4.663301595172349 4.957825906446392 4.908738521234052 5.049864753719531 
-77.0 -77.0 -72.0 -70.0 -69.0 -70.5 -65.5 -59.0 -61.5 -58.5 -63.5 -62.5 -62.0 -62.0 -62.5 -63.0 -61.5 -61.0 -66.5 -59.5 -61.5 -61.5 -59.5 -66.0 -76.5 -69.0 -66.0 -63.5 -65.0 -64.5 -65.5 -63.5 
