2.8838838812250054 2.5157284921324514 6.019340611663256 2.6384469551633027 5.798447378207723 2.564815877344792 3.06182565261974 2.748893571891069 2.4175537217077703 2.60776733940559 2.411417798556228 2.6200391857086753 2.804116880254952 2.5586799541932495 2.779573187648782 2.693670263527186 5.927301764390117 2.730485802436441 4.448544284868359 4.178563666200486 3.1906800388021335 5.485515297479052 0.4172427743048944 5.7616318392984684 2.724349879284899 3.2949907323783574 3.834951969714103 2.60776733940559 2.779573187648782 2.7550294950426117 5.939573610693203 
-71.5 -70.5 -73.0 -73.0 -73.0 -73.0 -71.5 -71.5 -67.0 -69.5 -70.0 -68.5 -71.0 -69.0 -69.0 -67.0 -70.5 -68.0 -68.5 -65.5 -62.5 -68.5 -73.5 -72.5 -65.0 -63.0 -63.5 -69.0 -68.0 -68.0 -71.5 
1.1903690913992575 1.2762720155208536 1.282407938672396 1.2640001692177683 1.337631247036279 1.2701360923693108 1.1903690913992575 1.214912784005428 1.3621749396424494 1.2333205534600555 1.2333205534600555 1.1965050145508 1.1719613219446299 1.282407938672396 1.2946797849754812 1.1780972450961724 1.2026409377023426 1.1658253987930873 1.2517283229146832 5.976389149602458 2.429825568010856 5.559146375297564 2.448233337465483 2.0923497946760143 2.1046216409791 2.1537090261914402 2.184388641949153 2.2580197197676637 2.2764274892222915 2.2764274892222915 2.313243028131547 1.5585244804918115 1.2946797849754812 1.4910293258248433 1.509437095279471 1.4726215563702154 1.2701360923693108 1.380582709097077 1.4726215563702154 
-66.5 -66.0 -67.0 -66.5 -66.5 -66.0 -65.5 -65.5 -64.5 -64.0 -65.0 -65.5 -64.5 -65.0 -65.0 -65.0 -65.0 -65.5 -66.0 -71.5 -64.0 -64.5 -63.0 -63.0 -61.0 -60.0 -60.0 -61.0 -62.5 -63.5 -63.5 -66.0 -62.5 -61.0 -61.0 -61.0 -60.0 -60.0 -60.5 
0.7915340865489908 0.7976700097005334 0.7792622402459057 0.7976700097005334 0.7976700097005334 0.8222137023067037 0.859029241215959 0.8344855486097889 0.9081166264282996 0.8958447801252144 0.8958447801252144 0.9019807032767571 0.8713010875190442 0.9326603190344698 0.8958447801252144 0.9203884727313847 0.9633399347921826 0.9019807032767571 0.8897088569736719 1.0246991663076084 1.1903690913992575 0.9633399347921826 1.1903690913992575 1.5278448647340985 1.2762720155208536 1.1044661672776617 1.1106020904292042 1.1228739367322893 1.0676506283684062 1.086058397823034 1.1719613219446299 1.4296700943094176 1.3499030933393643 1.1903690913992575 1.0369710126106935 1.3008157081270237 1.282407938672396 1.1903690913992575 1.1965050145508 1.1474176293384597 1.1596894756415448 
-50.0 -50.0 -50.0 -49.5 -50.0 -50.0 -50.0 -49.5 -49.5 -49.5 -49.5 -49.5 -49.5 -49.5 -49.5 -49.5 -49.5 -49.5 -49.5 -49.0 -49.0 -51.5 -55.0 -53.5 -53.0 -54.5 -56.0 -56.5 -56.0 -55.0 -53.5 -54.0 -54.5 -53.0 -51.0 -50.0 -49.5 -48.0 -48.0 -48.5 -50.0 
1.0185632431560658 0.9142525495798421 1.012427320004523 0.9817477042468103 0.9878836273983529 1.000155473701438 0.944932165337555 0.9756117810952678 0.9387962421860124 0.9633399347921826 0.9326603190344698 0.9387962421860124 0.9572040116406401 0.9694758579437253 1.012427320004523 0.9817477042468103 0.9081166264282996 0.9756117810952678 0.9694758579437253 1.282407938672396 1.662835174068035 1.4358060174609601 1.6260196351587797 1.5278448647340985 1.5707963267948966 1.4419419406125027 1.5278448647340985 1.533980787885641 1.5707963267948966 1.5585244804918115 1.6014759425526093 1.6260196351587797 1.6260196351587797 1.5892040962495242 1.521708941582556 1.2885438618239387 1.1167380135807468 0.9817477042468103 0.8958447801252144 0.9572040116406401 1.043106935762236 
-52.5 -52.5 -52.5 -52.5 -52.5 -52.5 -52.5 -52.5 -52.5 -52.5 -52.0 -52.5 -52.5 -52.0 -52.0 -52.5 -52.0 -52.5 -52.5 -52.5 -53.0 -52.5 -53.0 -51.5 -52.0 -53.0 -52.5 -52.5 -52.5 -52.5 -52.5 -52.5 -52.0 -53.5 -53.5 -53.5 -52.0 -51.5 -51.0 -51.5 -51.5 
1.2026409377023426 1.2026409377023426 1.1719613219446299 1.214912784005428 1.2087768608538851 1.2087768608538851 1.2455923997631406 1.2026409377023426 1.2210487071569704 1.2517283229146832 1.1965050145508 1.2640001692177683 1.2640001692177683 1.2455923997631406 1.2885438618239387 1.239456476611598 1.2455923997631406 1.2210487071569704 1.1658253987930873 1.5892040962495242 1.9266798695843652 2.116893487282185 2.000310947402876 2.012582793705961 2.3071071049800045 2.2764274892222915 2.3071071049800045 2.3009711818284617 2.3193789512830896 2.325514874434632 2.2641556429192065 2.098485717827557 1.945087639038993 2.116893487282185 2.1537090261914402 2.1353012567368124 1.7855536370988863 1.3928545554001621 1.368310862793992 1.4296700943094176 1.5033011721279284 
-54.5 -54.5 -54.0 -54.5 -54.0 -54.0 -54.5 -54.5 -54.0 -54.0 -54.0 -53.5 -54.0 -54.5 -54.0 -53.5 -54.0 -54.0 -54.5 -54.0 -50.5 -49.0 -49.5 -52.0 -54.0 -53.5 -53.5 -54.0 -54.0 -53.5 -54.0 -53.5 -51.5 -49.5 -49.5 -52.5 -53.5 -54.5 -53.0 -52.0 -52.0 
1.662835174068035 1.6505633277649499 1.6996507129772904 1.6751070203711202 1.705786636128833 1.6689710972195777 1.6996507129772904 1.607611865704152 1.6689710972195777 1.6935147898257479 1.705786636128833 1.6444274046134073 1.7303303287350031 1.7119225592803755 1.718058482431918 1.748738098189631 1.7119225592803755 1.6935147898257479 1.5585244804918115 1.8837284075235674 2.2641556429192065 2.3193789512830896 2.399145952253143 2.282563412373834 2.435961491162398 2.380738182798515 2.3746022596469727 2.36846633649543 2.423689644859313 2.405281875404685 2.442097414313941 2.337786720737717 2.356194490192345 2.2396119503130363 2.3746022596469727 2.2641556429192065 1.9757672547967058 1.6812429435226628 1.6566992509164924 1.7671458676442586 1.7916895602504288 
-56.0 -55.5 -56.0 -56.0 -56.0 -55.5 -55.5 -55.5 -55.5 -55.0 -55.0 -55.5 -55.0 -55.5 -55.5 -55.0 -55.0 -56.0 -57.5 -57.0 -53.5 -53.5 -53.5 -53.5 -54.0 -54.0 -55.0 -54.5 -55.0 -54.5 -54.5 -53.5 -53.0 -54.0 -53.0 -55.0 -55.5 -54.5 -53.5 -53.0 -52.5 
5.418020142812084 5.620505606812989 5.3198453723874035 5.381204603902829 5.240078371417351 5.049864753719531 5.270757987175063 4.896466674930966 4.914874444385594 5.006913291658733 4.841243366567084 5.043728830567988 5.117359908386499 5.049864753719531 5.227806525114265 4.841243366567084 5.006913291658733 5.583690067903734 6.129787228391022 6.080699843178682 5.859806609723149 5.737088146692298 5.583690067903734 6.129787228391022 6.037748381117884 6.209554229361076 6.0991076126333095 6.1850105367549055 6.129787228391022 6.086835766330224 5.6941366846315 5.835262917116979 5.559146375297564 6.12365130523948 6.252505691421874 6.056156150572511 5.013049214810275 4.601942363656923 4.4362724385652745 
-68.0 -70.0 -69.5 -69.0 -68.0 -70.0 -67.0 -69.5 -70.5 -68.5 -68.5 -69.0 -69.0 -68.5 -67.5 -69.0 -69.5 -68.5 -63.5 -59.5 -58.0 -59.0 -62.0 -60.5 -60.5 -61.0 -61.0 -61.5 -61.0 -60.0 -63.5 -60.0 -60.5 -58.0 -59.5 -64.5 -71.0 -67.0 -65.5 
2.521864415283994 2.448233337465483 2.2027964114037806 2.270291566070749 1.9573594853420782 1.8162332528565992 1.8714565612204823 5.148039524144211 3.890175278077986 5.8045833013592665 6.129787228391022 5.939573610693203 3.074097498922825 0.4663301595172349 6.178874613603362 0.0674951546669682 6.17273869045182 6.062292073724054 6.227961998815704 0.4724660826687775 5.737088146692298 6.264777537724958 0.02454369260617026 5.755495916146925 5.816855147662351 5.651185222570702 5.160311370447297 5.332117218690489 
-75.5 -75.0 -75.0 -74.0 -72.5 -72.0 -73.0 -71.5 -74.5 -60.5 -63.0 -59.0 -68.0 -64.0 -61.5 -64.0 -63.5 -63.5 -62.5 -63.5 -65.0 -61.5 -65.0 -60.0 -63.0 -64.5 -64.0 -62.5 
