6.160466844148735 6.22182607566416 6.2034183062095325 6.191146459906448 6.135923151542564 6.1420590746941075 6.135923151542564 2.9513790358919736 6.154330920997192 6.056156150572511 0.803805932852076 4.546719055293041 4.086524818927348 3.5711072741977725 5.988660995905543 5.675728915176872 5.822991070813893 2.791845033951867 0.25770877236478773 2.675262494072558 2.2334760271614935 2.718213956133356 2.435961491162398 2.7857091108003242 
-73.0 -72.5 -72.5 -72.5 -72.0 -73.0 -73.0 -71.5 -73.5 -73.5 -76.0 -63.5 -65.0 -61.5 -67.0 -70.5 -69.0 -64.5 -65.5 -69.0 -66.5 -65.5 -65.5 -66.5 
1.227184630308513 1.3130875544301088 1.3069516312785663 1.1903690913992575 1.2517283229146832 1.2578642460662257 1.3008157081270237 1.2885438618239387 1.2701360923693108 1.2333205534600555 1.2517283229146832 1.141281706186917 1.3130875544301088 1.3192234775816514 1.184233168247715 1.227184630308513 1.282407938672396 1.2333205534600555 1.1044661672776617 1.325359400733194 1.4603497100671303 2.0493983326152168 2.184388641949153 1.932815792735908 2.2457478734645786 2.1905245651006955 2.313243028131547 2.2641556429192065 1.9819031779482483 2.172116795646068 2.497320722677824 2.1475731030398975 1.1719613219446299 1.5707963267948966 1.607611865704152 1.6014759425526093 1.6198837120072371 1.564660403643354 1.5278448647340985 1.5830681730979816 
-65.5 -66.5 -67.5 -67.0 -67.5 -67.5 -67.5 -66.5 -66.0 -65.5 -66.5 -65.5 -66.0 -65.5 -66.0 -64.5 -65.5 -65.5 -65.0 -65.0 -65.0 -63.0 -63.0 -62.0 -61.5 -60.0 -60.5 -60.5 -62.0 -60.5 -61.5 -63.5 -62.0 -59.5 -60.0 -60.0 -59.0 -61.0 -61.0 -59.5 
0.8651651643675016 0.8160777791551611 0.7853981633974483 0.8160777791551611 0.8528933180644165 0.8713010875190442 0.8774370106705868 0.8283496254582462 0.8713010875190442 0.8835729338221293 0.8835729338221293 0.8344855486097889 0.8897088569736719 0.8774370106705868 0.8528933180644165 0.8774370106705868 0.8774370106705868 0.8897088569736719 1.1658253987930873 1.4051264017032472 1.2885438618239387 1.1351457830353744 1.2455923997631406 1.3867186322486196 1.1719613219446299 1.0921943209745766 1.0983302441261191 1.0983302441261191 1.0983302441261191 1.0676506283684062 1.2087768608538851 1.325359400733194 1.2701360923693108 1.0492428589137786 1.141281706186917 1.3192234775816514 1.2026409377023426 1.1167380135807468 1.1044661672776617 1.1106020904292042 1.1167380135807468 
-50.0 -50.0 -49.5 -50.0 -50.0 -50.0 -50.0 -50.0 -50.0 -50.0 -50.0 -50.0 -50.0 -50.0 -50.0 -50.0 -50.0 -50.0 -49.5 -49.0 -49.0 -50.0 -53.0 -53.5 -53.5 -56.0 -57.0 -58.0 -57.5 -55.5 -54.5 -56.0 -54.5 -53.0 -51.5 -51.0 -50.0 -49.0 -49.5 -50.0 -49.5 
1.0062913968529805 0.9940195505498954 0.9756117810952678 1.000155473701438 0.9756117810952678 1.0062913968529805 1.012427320004523 1.0185632431560658 1.030835089459151 0.9817477042468103 1.012427320004523 1.0062913968529805 0.9694758579437253 0.9817477042468103 0.9756117810952678 0.9817477042468103 0.8897088569736719 1.0246991663076084 0.9019807032767571 1.1658253987930873 1.4603497100671303 1.4419419406125027 1.3744467859455345 1.5585244804918115 1.5830681730979816 1.5155730184310134 1.5278448647340985 1.4971652489763858 4.605010325232695 1.4726215563702154 1.509437095279471 1.6137477888556946 1.380582709097077 1.552388557340269 1.6382914814618648 1.533980787885641 1.184233168247715 0.9572040116406401 0.8713010875190442 0.8222137023067037 0.8406214717613314 0.8222137023067037 
-52.5 -52.5 -52.0 -52.5 -52.0 -52.0 -52.0 -52.0 -52.0 -52.0 -52.5 -52.0 -52.0 -52.0 -52.5 -52.0 -52.0 -52.5 -53.0 -52.0 -53.0 -52.0 -52.0 -51.5 -51.5 -52.5 -53.0 -53.0 -53.5 -53.0 -53.5 -53.0 -53.5 -51.0 -55.0 -55.0 -54.0 -52.5 -52.0 -52.5 -52.5 -52.0 
1.1658253987930873 1.1290098598838318 1.0921943209745766 1.1228739367322893 1.1167380135807468 1.0799224746714913 1.1474176293384597 1.1535535524900022 1.214912784005428 1.2026409377023426 1.184233168247715 1.239456476611598 1.1780972450961724 1.184233168247715 1.1903690913992575 1.1780972450961724 1.1228739367322893 1.1658253987930873 1.1474176293384597 1.41126232485479 1.859184714917397 1.932815792735908 1.9512235621905356 1.88986433067511 1.9266798695843652 2.2212041808584084 2.2457478734645786 2.227340104009951 5.436427912266712 2.3009711818284617 2.270291566070749 2.2212041808584084 2.061670178918302 1.9634954084936207 2.386874105950058 2.3009711818284617 2.086213871524472 1.6137477888556946 1.3437671701878218 1.325359400733194 1.3437671701878218 1.3621749396424494 
-54.0 -54.5 -54.5 -54.0 -54.0 -54.0 -53.5 -54.0 -53.5 -54.0 -53.5 -53.5 -54.0 -53.5 -53.5 -53.5 -54.0 -54.0 -54.0 -53.5 -50.0 -48.5 -48.0 -49.5 -52.0 -53.0 -53.5 -53.5 -54.5 -54.0 -54.5 -55.0 -53.0 -52.5 -50.5 -53.5 -56.5 -57.5 -56.0 -54.0 -54.5 -54.0 
1.6321555583103222 1.6014759425526093 1.662835174068035 1.6321555583103222 1.607611865704152 1.576932249946439 1.6198837120072371 1.6382914814618648 1.6321555583103222 1.5462526341887264 1.6321555583103222 1.6260196351587797 1.6014759425526093 1.6751070203711202 1.6198837120072371 1.564660403643354 1.6505633277649499 1.6751070203711202 1.607611865704152 1.6812429435226628 2.1782527187976104 2.1475731030398975 2.055534255766759 2.337786720737717 2.2457478734645786 2.313243028131547 2.386874105950058 2.411417798556228 2.414485760131999 2.350058567040802 2.448233337465483 2.356194490192345 2.337786720737717 2.466641106920111 2.405281875404685 2.6016314162540475 2.0800779483729293 1.8285050991596843 1.662835174068035 1.6505633277649499 1.748738098189631 1.6566992509164924 
-55.0 -55.5 -55.0 -55.5 -55.0 -55.0 -55.0 -54.5 -55.0 -55.0 -54.5 -54.5 -55.0 -55.0 -55.0 -55.0 -55.0 -55.0 -57.0 -56.5 -54.0 -52.5 -54.5 -53.0 -53.0 -53.5 -54.5 -54.5 -55.0 -54.5 -54.5 -55.5 -53.5 -55.0 -53.0 -55.5 -57.5 -57.0 -55.5 -54.0 -54.0 -54.0 
5.64504929941916 5.516194913236766 5.663457068873787 5.651185222570702 5.595961914206819 5.50392306693368 5.3627968344482015 5.516194913236766 5.258486140871978 5.301437602932776 5.178719139901925 5.252350217720435 5.301437602932776 5.21553467881118 5.289165756629691 6.12365130523948 6.092971689481767 6.154330920997192 5.602097837358362 5.853670686571607 5.939573610693203 6.12365130523948 6.154330920997192 6.111379458936394 6.071495958451368 6.2463697682703305 5.982525072754001 6.074563920027139 5.626641529964532 5.835262917116979 6.160466844148735 0.09817477042468103 0.17794177139473438 6.086835766330224 5.160311370447297 5.086680292628786 
-67.0 -66.5 -68.0 -66.5 -67.0 -65.5 -67.5 -67.0 -68.0 -68.0 -68.0 -67.5 -67.0 -68.5 -70.0 -65.0 -59.5 -57.0 -60.0 -59.0 -62.5 -60.5 -61.0 -61.5 -62.0 -61.0 -61.5 -60.0 -63.0 -62.0 -58.0 -58.5 -62.5 -66.0 -67.0 -66.5 
5.810719224510809 2.6323110320117604 5.663457068873787 2.454369260617026 2.399145952253143 2.325514874434632 5.565282298449106 0.14726215563702155 5.970253226450915 5.810719224510809 0.11044661672776616 6.0991076126333095 5.927301764390117 0.32520392703175593 6.270913460876501 6.252505691421874 6.2034183062095325 0.05522330836388308 0.15339807878856412 0.34974761963792617 5.921165841238575 0.21475731030398976 5.8045833013592665 6.117515382087937 6.227961998815704 0.9878836273983529 4.577398671050753 4.663301595172349 4.914874444385594 4.71238898038469 
-69.5 -72.0 -72.0 -70.5 -70.5 -71.0 -66.5 -69.5 -59.0 -57.0 -64.0 -59.5 -64.5 -62.5 -62.5 -64.5 -65.0 -64.0 -63.5 -64.5 -64.5 -64.5 -63.0 -62.0 -69.5 -73.0 -68.5 -65.0 -65.0 -65.5 
