5.939573610693203 2.693670263527186 2.6139032625571326 2.6323110320117604 5.81378718608658 5.878214379177777 5.915029918087033 5.884350302329319 2.3316507975861747 5.835262917116979 5.755495916146925 2.6139032625571326 5.792311455056181 2.1659808724945253 5.418020142812084 2.60776733940559 4.4362724385652745 4.000621894805752 3.730641276137879 2.9329712664373457 2.4605051837685683 6.234097921967246 3.043417883165112 3.2581751934691017 3.1354567304382504 5.9518454569962875 6.074563920027139 2.724349879284899 3.552699504743145 3.7551849687440497 4.264466590322082 2.478912953223196 2.5709518004963345 2.3930100291016 2.3439226438892597 
-69.0 -67.5 -69.0 -67.5 -69.5 -70.5 -70.5 -71.0 -69.0 -71.0 -71.0 -67.5 -71.0 -68.0 -70.5 -70.0 -67.5 -65.0 -61.0 -62.0 -64.5 -73.0 -67.0 -69.0 -65.0 -72.5 -67.5 -65.5 -65.0 -65.0 -72.0 -69.0 -67.0 -67.0 -69.0 
1.2885438618239387 1.4051264017032472 1.4634176716429017 1.3130875544301088 1.4787574795217582 1.2087768608538851 1.2455923997631406 1.6198837120072371 1.4726215563702154 1.4173982480063325 1.7303303287350031 1.5033011721279284 1.4419419406125027 1.4173982480063325 1.4419419406125027 1.3437671701878218 1.4051264017032472 1.2026409377023426 1.282407938672396 1.368310862793992 1.4542137869155878 1.7855536370988863 5.730952223540755 2.1598449493429825 2.325514874434632 2.1046216409791 1.945087639038993 2.000310947402876 1.945087639038993 2.1782527187976104 2.172116795646068 2.3316507975861747 2.313243028131547 2.0371264863121317 1.7548740213411735 1.4910293258248433 1.3560390164909069 1.4542137869155878 1.4480778637640452 1.4910293258248433 1.3989904785517047 
-63.0 -64.5 -65.5 -65.5 -67.0 -66.5 -65.5 -67.5 -66.0 -67.0 -68.0 -67.5 -66.5 -65.5 -67.0 -67.0 -65.0 -65.5 -64.5 -64.5 -64.5 -65.5 -65.5 -63.5 -63.5 -62.0 -60.0 -59.5 -59.5 -59.5 -62.0 -61.5 -64.5 -63.0 -64.0 -61.5 -61.5 -61.5 -60.5 -61.5 -61.5 
0.9817477042468103 0.9817477042468103 4.052777241593864 0.8528933180644165 0.8344855486097889 0.7915340865489908 0.7915340865489908 0.7669903939428205 0.7792622402459057 0.760854470791278 0.7976700097005334 0.760854470791278 0.7853981633974483 0.803805932852076 0.8222137023067037 0.8222137023067037 0.8528933180644165 0.8099418560036186 0.8160777791551611 0.8222137023067037 0.859029241215959 1.1167380135807468 1.3499030933393643 1.2087768608538851 1.1903690913992575 1.325359400733194 1.3008157081270237 1.1903690913992575 1.1658253987930873 1.1965050145508 1.2087768608538851 1.1780972450961724 1.1290098598838318 1.2455923997631406 1.368310862793992 1.2701360923693108 1.227184630308513 1.1596894756415448 1.2946797849754812 1.1658253987930873 1.0492428589137786 1.0062913968529805 1.0246991663076084 
-49.0 -49.0 -49.5 -49.5 -50.0 -50.0 -50.0 -50.0 -50.5 -50.0 -50.5 -50.5 -50.5 -50.5 -50.0 -50.0 -50.0 -50.0 -50.0 -50.0 -49.0 -49.0 -49.5 -50.0 -52.5 -54.0 -51.5 -53.0 -55.0 -54.5 -55.0 -55.5 -53.5 -53.0 -54.0 -53.5 -53.0 -50.5 -49.5 -49.0 -48.5 -49.0 -49.0 
0.9572040116406401 0.9817477042468103 1.0032234352772094 0.9878836273983529 0.9878836273983529 0.9817477042468103 0.9817477042468103 1.0062913968529805 1.030835089459151 1.0185632431560658 1.0492428589137786 1.0185632431560658 0.9817477042468103 1.030835089459151 1.0492428589137786 1.0246991663076084 0.9940195505498954 1.000155473701438 1.043106935762236 0.9817477042468103 1.0246991663076084 1.3314953238847365 1.533980787885641 1.3008157081270237 1.3314953238847365 1.5401167110371838 1.5707963267948966 1.4787574795217582 1.5033011721279284 1.4971652489763858 1.4787574795217582 1.5155730184310134 1.5278448647340985 1.5462526341887264 1.3867186322486196 1.6137477888556946 1.6996507129772904 1.5033011721279284 1.0983302441261191 0.9633399347921826 0.8528933180644165 0.8897088569736719 0.9265243958829272 
-52.5 -52.5 -53.0 -52.0 -53.0 -53.0 -53.0 -52.0 -53.0 -53.0 -53.0 -53.0 -53.0 -53.0 -53.0 -53.0 -53.0 -53.0 -53.0 -53.5 -53.0 -52.5 -52.0 -50.5 -51.0 -52.0 -51.5 -52.0 -52.0 -52.0 -52.0 -52.0 -52.5 -52.0 -52.5 -51.0 -54.0 -55.0 -53.0 -52.0 -52.0 -52.0 -52.5 
1.3437671701878218 1.325359400733194 1.3161555160058802 1.1474176293384597 1.2640001692177683 1.2455923997631406 1.214912784005428 1.1965050145508 1.2026409377023426 1.2210487071569704 1.2026409377023426 1.1780972450961724 1.214912784005428 1.2087768608538851 1.2517283229146832 1.1106020904292042 1.227184630308513 1.2640001692177683 1.2517283229146832 1.2701360923693108 1.380582709097077 1.6935147898257479 2.0064468705544187 1.9082721001297376 1.8714565612204823 1.88986433067511 2.024854640009046 2.1475731030398975 2.0923497946760143 2.1598449493429825 2.141437179888355 2.1659808724945253 2.2027964114037806 2.2150682577068657 1.9757672547967058 1.9144080232812801 2.1475731030398975 2.2457478734645786 1.9144080232812801 1.662835174068035 1.325359400733194 1.3314953238847365 1.3437671701878218 
-53.5 -54.0 -54.5 -54.0 -54.5 -54.5 -54.5 -55.0 -54.5 -54.5 -54.5 -54.5 -54.5 -54.5 -54.5 -54.5 -54.5 -54.5 -54.5 -54.5 -54.0 -52.0 -48.5 -48.5 -49.5 -49.0 -52.0 -51.0 -51.0 -51.5 -51.5 -51.5 -52.0 -52.5 -51.0 -50.5 -48.5 -51.5 -52.5 -54.0 -54.5 -54.0 -54.0 
1.6198837120072371 1.705786636128833 1.7241944055834606 1.6566992509164924 1.6904468282499765 1.6996507129772904 1.6751070203711202 1.6935147898257479 1.6935147898257479 1.6137477888556946 1.718058482431918 1.6321555583103222 1.6444274046134073 1.6751070203711202 1.7548740213411735 1.7119225592803755 1.7119225592803755 1.7732817907958012 1.7119225592803755 1.662835174068035 1.6260196351587797 2.098485717827557 2.313243028131547 2.12916533358527 2.3193789512830896 2.1905245651006955 2.2150682577068657 2.2457478734645786 2.2457478734645786 2.2948352586769194 2.282563412373834 2.3439226438892597 2.350058567040802 2.3746022596469727 2.270291566070749 2.313243028131547 2.270291566070749 2.4850488763747385 2.2150682577068657 1.748738098189631 1.5892040962495242 1.6321555583103222 1.705786636128833 
-55.5 -55.5 -56.0 -55.5 -56.0 -56.0 -56.5 -56.0 -57.0 -56.0 -56.5 -56.5 -56.5 -56.0 -56.0 -56.0 -55.5 -56.0 -56.0 -57.0 -58.0 -55.5 -54.0 -54.5 -53.5 -52.0 -53.5 -52.5 -53.0 -53.5 -53.5 -53.5 -54.0 -54.0 -53.0 -54.5 -52.0 -53.5 -57.0 -56.0 -55.0 -55.0 -54.5 
5.037592907416445 5.1725832167503825 5.258486140871978 5.427224027539398 5.559146375297564 5.632777453116074 5.681864838328415 5.675728915176872 5.737088146692298 5.651185222570702 5.681864838328415 5.602097837358362 5.700272607783043 5.522330836388308 5.583690067903734 5.829126993965437 5.890486225480862 5.9088939949354895 5.970253226450915 6.105243535784852 5.681864838328415 5.8475347634200645 5.583690067903734 6.062292073724054 6.092971689481767 6.031612457966341 6.092971689481767 6.092971689481767 6.050020227420969 6.17273869045182 6.043884304269426 5.565282298449106 5.915029918087033 5.878214379177777 0.018407769454627694 6.160466844148735 6.1420590746941075 5.074408446325701 4.970097752749477 
-66.5 -66.0 -68.5 -68.5 -66.0 -65.5 -66.5 -66.0 -67.0 -66.5 -67.5 -67.0 -66.0 -67.0 -66.5 -68.5 -67.0 -66.5 -61.0 -57.0 -59.5 -59.0 -60.0 -60.0 -59.5 -60.0 -60.5 -61.0 -61.0 -59.5 -60.0 -62.5 -61.0 -57.5 -58.0 -62.0 -63.5 -69.5 -67.0 
1.8407769454627694 1.8775924843720249 2.018718716857504 2.730485802436441 6.105243535784852 3.1784081924990484 6.074563920027139 6.264777537724958 0.2270291566070749 0.07976700097005335 0.030679615757712823 2.675262494072558 2.7857091108003242 5.853670686571607 3.9208548938356986 5.921165841238575 5.994796919057086 6.111379458936394 6.2463697682703305 5.780039608753096 0.15339807878856412 6.277049384028044 6.062292073724054 6.12365130523948 6.160466844148735 6.074563920027139 0.0 0.4049709280018093 5.835262917116979 6.2463697682703305 5.706408530934585 5.939573610693203 5.890486225480862 1.4787574795217582 1.761009944492716 
-74.5 -75.0 -77.0 -76.5 -75.0 -74.5 -74.0 -74.0 -73.5 -74.0 -74.5 -74.0 -74.0 -74.5 -76.5 -64.5 -57.5 -63.5 -61.0 -60.0 -63.0 -60.0 -61.5 -61.0 -61.5 -61.0 -60.5 -61.0 -64.5 -60.5 -61.0 -60.0 -64.0 -74.0 -69.5 
