2.9145634969827183 6.080699843178682 6.0991076126333095 6.215690152512618 2.6568547246179306 6.135923151542564 2.804116880254952 6.086835766330224 6.086835766330224 6.025476534814799 6.043884304269426 6.007068765360171 2.9084275738311756 2.448233337465483 5.786175531904639 0.04295146206079795 0.04908738521234052 0.05522330836388308 2.6016314162540475 2.8409324191642074 3.000466421104314 3.706097583531709 2.6139032625571326 2.662990647769473 
-67.5 -70.5 -71.0 -71.0 -66.5 -71.5 -68.0 -71.5 -71.0 -71.0 -71.0 -70.5 -62.5 -68.0 -72.0 -71.0 -71.5 -75.0 -67.0 -66.0 -63.5 -67.5 -68.0 -68.5 
1.141281706186917 1.4603497100671303 1.2701360923693108 1.368310862793992 1.368310862793992 1.3069516312785663 1.4296700943094176 1.3499030933393643 1.2087768608538851 1.2946797849754812 1.3069516312785663 1.3989904785517047 1.282407938672396 1.3499030933393643 1.3621749396424494 1.3621749396424494 1.3437671701878218 1.141281706186917 1.227184630308513 1.4787574795217582 4.798291904506286 5.663457068873787 2.2396119503130363 2.1905245651006955 2.2150682577068657 2.172116795646068 2.1475731030398975 2.1537090261914402 2.1353012567368124 2.2580197197676637 2.2518837966161214 2.2886993355253766 2.0923497946760143 1.5707963267948966 1.6198837120072371 1.4910293258248433 1.4173982480063325 1.3867186322486196 1.4480778637640452 1.4051264017032472 1.4664856332186729 1.3867186322486196 
-66.0 -66.0 -66.0 -66.5 -66.5 -66.5 -67.0 -66.5 -65.5 -65.5 -67.0 -66.5 -65.0 -66.5 -65.0 -65.0 -66.5 -65.0 -65.0 -63.5 -68.5 -71.0 -63.5 -63.0 -63.5 -61.0 -60.5 -60.0 -60.5 -61.0 -62.0 -64.5 -65.5 -62.0 -61.5 -62.0 -61.0 -61.0 -60.0 -62.0 -62.0 -62.0 
0.8406214717613314 0.8467573949128739 0.8283496254582462 0.8528933180644165 0.8344855486097889 0.8713010875190442 0.8222137023067037 0.8160777791551611 0.8222137023067037 0.8774370106705868 0.8713010875190442 0.8835729338221293 0.8713010875190442 0.9326603190344698 0.9265243958829272 0.8958447801252144 0.8897088569736719 0.9081166264282996 0.944932165337555 1.1596894756415448 1.368310862793992 1.239456476611598 1.1044661672776617 1.4480778637640452 1.3621749396424494 1.1535535524900022 1.0615147052168636 1.1535535524900022 1.1290098598838318 1.1167380135807468 1.1167380135807468 1.3008157081270237 1.380582709097077 1.3314953238847365 1.2455923997631406 1.41126232485479 1.2210487071569704 1.0676506283684062 1.0799224746714913 1.1167380135807468 1.030835089459151 1.0676506283684062 1.0369710126106935 
-50.0 -50.0 -50.0 -50.0 -50.0 -50.0 -50.0 -50.0 -50.0 -50.0 -50.0 -50.0 -49.5 -49.5 -50.0 -49.5 -50.0 -50.0 -49.0 -48.5 -49.0 -50.0 -52.0 -54.0 -52.5 -53.5 -55.5 -56.5 -57.0 -56.5 -54.0 -53.5 -54.0 -53.0 -51.0 -50.0 -49.5 -49.0 -49.0 -49.5 -50.0 -50.0 -49.5 
0.9878836273983529 0.944932165337555 0.8774370106705868 0.9633399347921826 0.9633399347921826 0.9510680884890975 0.9940195505498954 0.9817477042468103 1.043106935762236 1.0062913968529805 1.0246991663076084 1.0246991663076084 1.0185632431560658 1.012427320004523 1.0369710126106935 0.9756117810952678 0.8467573949128739 0.9572040116406401 1.1658253987930873 1.5033011721279284 1.4358060174609601 1.4358060174609601 1.521708941582556 1.6444274046134073 1.564660403643354 1.4787574795217582 1.5401167110371838 1.4419419406125027 1.4910293258248433 1.6260196351587797 1.6137477888556946 1.576932249946439 1.8223691760081417 1.6198837120072371 1.3560390164909069 1.0369710126106935 0.8528933180644165 0.9081166264282996 0.9940195505498954 1.0062913968529805 0.9572040116406401 0.9817477042468103 
-52.5 -52.5 -52.0 -52.0 -52.5 -52.5 -52.5 -52.0 -52.5 -52.5 -52.5 -52.5 -52.5 -52.5 -52.5 -52.0 -52.5 -52.5 -52.0 -53.5 -51.5 -51.5 -51.5 -51.5 -52.5 -52.5 -53.0 -52.5 -52.5 -52.5 -52.0 -51.5 -52.5 -54.0 -54.0 -52.0 -51.5 -51.5 -51.5 -52.0 -52.0 -52.0 
1.141281706186917 1.1106020904292042 1.1351457830353744 1.1228739367322893 1.1290098598838318 1.1290098598838318 1.1044661672776617 1.1474176293384597 1.2026409377023426 1.1474176293384597 1.184233168247715 1.227184630308513 1.1535535524900022 1.2087768608538851 1.1535535524900022 1.1903690913992575 1.2333205534600555 1.2455923997631406 1.4787574795217582 1.9389517158874505 1.9819031779482483 1.8775924843720249 1.9512235621905356 2.0800779483729293 2.227340104009951 2.227340104009951 2.2641556429192065 2.2641556429192065 2.2641556429192065 2.2886993355253766 2.1598449493429825 1.9144080232812801 2.0371264863121317 2.1966604882522383 1.9634954084936207 1.564660403643354 1.3928545554001621 1.3008157081270237 1.4173982480063325 1.368310862793992 1.337631247036279 1.3437671701878218 
-54.5 -54.5 -54.5 -54.0 -54.5 -54.5 -54.5 -54.0 -54.0 -54.0 -54.0 -54.0 -53.5 -53.5 -54.0 -53.5 -53.5 -53.5 -53.0 -49.5 -48.5 -50.0 -50.0 -52.5 -52.5 -52.5 -52.5 -53.0 -53.0 -53.0 -53.5 -51.0 -49.0 -52.0 -52.0 -54.0 -53.5 -52.0 -52.0 -52.0 -52.5 -53.0 
1.5892040962495242 1.5707963267948966 1.5892040962495242 1.6260196351587797 1.5953400194010667 1.533980787885641 1.6321555583103222 1.6198837120072371 1.607611865704152 1.607611865704152 1.705786636128833 1.6566992509164924 1.6935147898257479 1.6505633277649499 1.6321555583103222 1.6689710972195777 1.6137477888556946 1.552388557340269 1.8653206380689396 2.2089323345553233 2.1966604882522383 2.380738182798515 2.2150682577068657 2.313243028131547 2.3439226438892597 2.356194490192345 2.36846633649543 2.399145952253143 2.3746022596469727 2.386874105950058 2.325514874434632 2.3746022596469727 2.1598449493429825 2.4727770300716534 2.2457478734645786 1.705786636128833 1.6444274046134073 1.6873788666742053 1.7978254834019713 1.7794177139473437 1.7119225592803755 1.7303303287350031 
-56.0 -55.5 -55.5 -55.5 -55.5 -56.0 -55.5 -56.0 -55.5 -55.0 -55.5 -55.5 -55.5 -55.0 -55.0 -55.5 -55.5 -56.0 -54.5 -54.0 -54.0 -54.0 -52.5 -53.5 -53.5 -53.5 -54.0 -54.0 -54.0 -54.0 -53.5 -53.0 -54.5 -53.5 -56.0 -55.5 -54.0 -53.0 -52.0 -52.5 -53.5 -53.5 
5.884350302329319 5.706408530934585 5.350524988145116 5.473243451175968 5.577554144752192 5.350524988145116 5.246214294568893 5.246214294568893 5.301437602932776 5.3198453723874035 6.037748381117884 6.080699843178682 6.111379458936394 5.663457068873787 5.448699758569798 5.902758071783947 6.056156150572511 6.17273869045182 6.043884304269426 6.19728238305799 6.111379458936394 6.215690152512618 5.730952223540755 5.835262917116979 5.595961914206819 0.018407769454627694 6.252505691421874 6.074563920027139 4.822835597112456 4.442408361716817 4.970097752749477 4.804427827657828 
-67.0 -66.5 -69.0 -68.0 -68.5 -69.0 -69.0 -69.5 -68.0 -69.5 -63.5 -59.0 -56.5 -61.5 -61.5 -60.5 -60.0 -60.5 -61.0 -62.0 -61.5 -60.5 -62.0 -59.5 -58.5 -57.0 -61.0 -64.0 -66.0 -68.0 -69.0 -67.0 
2.435961491162398 2.3316507975861747 2.662990647769473 2.742757648739526 2.227340104009951 2.2948352586769194 5.773903685601553 6.068427996875596 5.64504929941916 0.030679615757712823 5.853670686571607 0.3374757733348411 0.19634954084936207 6.2034183062095325 6.12365130523948 6.209554229361076 6.19728238305799 0.2638446955163303 5.890486225480862 6.031612457966341 5.994796919057086 5.927301764390117 6.092971689481767 1.9634954084936207 5.135767677841127 5.006913291658733 5.056000676871073 4.921010367537137 
-74.5 -75.0 -75.0 -75.0 -73.0 -73.0 -67.0 -58.5 -58.0 -60.5 -60.5 -64.0 -62.0 -62.0 -63.0 -63.5 -61.5 -62.5 -65.5 -61.0 -65.0 -59.0 -64.5 -65.0 -64.0 -65.5 -67.0 -64.5 
