0.01227184630308513 3.117048960983623 3.000466421104314 3.313398501832985 0.0674951546669682 0.0859029241215959 2.84706834231575 3.0802334220743677 2.988194574801229 2.8838838812250054 0.1349903093339364 3.2397674240144743 3.000466421104314 3.6017868899554855 3.2643111166206444 2.650718801466388 5.829126993965437 2.6200391857086753 2.497320722677824 6.166602767300278 2.8654761117703775 2.6016314162540475 2.705942109830271 2.804116880254952 6.050020227420969 3.067961575771282 4.086524818927348 6.135923151542564 6.025476534814799 2.9513790358919736 3.018874190558942 
-68.5 -66.5 -66.5 -66.0 -68.0 -68.0 -67.0 -67.0 -65.5 -67.0 -68.0 -65.0 -67.5 -63.5 -62.5 -63.5 -67.5 -69.0 -69.0 -72.0 -69.0 -67.5 -66.5 -67.0 -67.5 -66.0 -71.5 -75.0 -69.5 -67.5 -68.5 
1.6689710972195777 1.5462526341887264 1.6935147898257479 1.6935147898257479 1.6689710972195777 1.6444274046134073 1.705786636128833 1.6751070203711202 1.576932249946439 1.6689710972195777 1.4726215563702154 1.6689710972195777 1.6382914814618648 1.6689710972195777 1.5278448647340985 1.6444274046134073 1.380582709097077 1.4296700943094176 1.043106935762236 4.503767593232243 6.074563920027139 3.000466421104314 2.6568547246179306 2.0923497946760143 1.7732817907958012 1.9144080232812801 1.8653206380689396 1.902136176978195 1.8407769454627694 1.7794177139473437 1.9144080232812801 2.6384469551633027 2.405281875404685 2.1537090261914402 1.7119225592803755 1.4971652489763858 1.5462526341887264 1.5155730184310134 1.4787574795217582 1.4787574795217582 1.4726215563702154 1.4848934026733007 1.3192234775816514 1.4173982480063325 1.3008157081270237 
-63.5 -62.5 -63.5 -63.5 -64.0 -63.0 -63.5 -63.0 -64.5 -63.5 -64.0 -64.5 -64.5 -64.0 -63.5 -62.5 -63.0 -64.5 -73.0 -75.0 -77.0 -65.0 -63.0 -62.0 -62.0 -62.0 -60.5 -60.0 -61.0 -61.5 -61.0 -62.5 -64.5 -67.0 -66.0 -66.5 -65.5 -65.5 -64.0 -62.5 -62.0 -62.0 -61.5 -61.5 -62.0 
1.1106020904292042 1.0983302441261191 1.086058397823034 1.1044661672776617 1.086058397823034 1.0799224746714913 1.0983302441261191 0.9940195505498954 1.0492428589137786 1.0369710126106935 1.0062913968529805 0.9817477042468103 0.9940195505498954 1.012427320004523 1.0492428589137786 1.0492428589137786 1.0246991663076084 0.9203884727313847 0.9878836273983529 0.9387962421860124 0.9940195505498954 1.1719613219446299 1.1596894756415448 1.086058397823034 1.055378782065321 1.1044661672776617 1.1106020904292042 1.1351457830353744 1.1228739367322893 1.086058397823034 1.1044661672776617 1.1658253987930873 1.1965050145508 1.1965050145508 1.0369710126106935 0.9326603190344698 0.9142525495798421 0.9848156658225816 0.9694758579437253 0.9510680884890975 0.9878836273983529 1.030835089459151 1.0615147052168636 1.0615147052168636 1.0492428589137786 
-49.0 -49.0 -49.0 -48.5 -49.0 -49.0 -49.0 -49.0 -49.0 -49.0 -49.5 -49.0 -49.5 -48.5 -49.0 -49.0 -49.0 -48.5 -49.0 -50.0 -51.0 -50.5 -50.0 -50.5 -51.0 -52.0 -52.5 -52.5 -52.5 -52.0 -50.5 -50.0 -50.5 -51.0 -52.5 -51.0 -50.0 -50.0 -49.5 -48.5 -48.5 -48.5 -48.5 -48.5 -48.5 
1.1535535524900022 1.1474176293384597 1.1290098598838318 1.1228739367322893 1.141281706186917 1.0921943209745766 1.0983302441261191 1.1228739367322893 1.1044661672776617 1.086058397823034 1.0983302441261191 1.086058397823034 1.055378782065321 1.055378782065321 1.0799224746714913 1.086058397823034 1.055378782065321 0.944932165337555 1.1658253987930873 1.2885438618239387 1.2885438618239387 1.4480778637640452 1.3621749396424494 1.4480778637640452 1.4910293258248433 1.4419419406125027 1.5155730184310134 1.4726215563702154 1.4910293258248433 1.521708941582556 1.5278448647340985 1.368310862793992 1.3192234775816514 1.509437095279471 1.552388557340269 1.4971652489763858 1.3928545554001621 1.303883669702795 1.1965050145508 1.030835089459151 1.043106935762236 1.0921943209745766 1.0921943209745766 1.1474176293384597 1.0737865515199487 
-49.5 -50.0 -49.5 -50.0 -49.5 -49.5 -50.0 -49.5 -50.0 -50.0 -50.0 -50.0 -50.0 -49.5 -50.0 -49.5 -50.5 -51.5 -51.0 -51.0 -51.0 -50.5 -49.5 -50.5 -51.0 -50.5 -51.0 -51.0 -51.0 -51.0 -51.0 -50.5 -49.0 -50.5 -51.5 -52.0 -53.0 -53.0 -52.5 -51.5 -51.0 -50.5 -50.5 -50.5 -50.5 
1.4726215563702154 1.4358060174609601 1.4358060174609601 1.4173982480063325 1.41126232485479 1.3192234775816514 1.337631247036279 1.41126232485479 1.3437671701878218 1.3989904785517047 1.3314953238847365 1.3437671701878218 1.3192234775816514 1.3130875544301088 1.325359400733194 1.3560390164909069 1.3621749396424494 1.3989904785517047 1.7548740213411735 1.7916895602504288 1.7916895602504288 1.576932249946439 1.6198837120072371 1.7671458676442586 1.8653206380689396 1.9205439464328227 1.9389517158874505 1.9512235621905356 1.9696313316451632 1.9389517158874505 1.7978254834019713 1.6812429435226628 1.5707963267948966 1.6812429435226628 1.902136176978195 1.859184714917397 1.8653206380689396 1.7794177139473437 1.6260196351587797 1.3192234775816514 1.3008157081270237 1.3560390164909069 1.380582709097077 1.3621749396424494 1.3560390164909069 
-50.0 -50.0 -50.0 -50.0 -50.0 -49.5 -49.5 -50.0 -50.0 -49.5 -50.0 -50.0 -49.5 -49.5 -50.0 -50.0 -50.5 -52.5 -50.0 -48.0 -47.0 -49.0 -49.0 -50.5 -49.5 -49.5 -49.0 -49.5 -49.5 -50.0 -50.0 -49.5 -49.0 -47.0 -47.0 -48.5 -49.5 -51.5 -52.0 -51.5 -50.5 -50.5 -50.0 -49.5 -49.5 
1.8100973297050567 1.8162332528565992 1.7732817907958012 1.7916895602504288 1.7548740213411735 1.7548740213411735 1.7794177139473437 1.748738098189631 1.7548740213411735 1.7303303287350031 1.7241944055834606 1.736466251886546 1.748738098189631 1.7119225592803755 1.7241944055834606 1.7548740213411735 1.7119225592803755 1.736466251886546 2.018718716857504 2.1537090261914402 2.141437179888355 2.073942025221387 2.098485717827557 2.172116795646068 2.1475731030398975 2.1966604882522383 2.270291566070749 2.313243028131547 2.3009711818284617 2.2457478734645786 2.1782527187976104 2.1475731030398975 2.1598449493429825 1.9205439464328227 2.067806102069844 2.337786720737717 2.3009711818284617 2.205864372979552 1.8039614065535141 1.5953400194010667 1.705786636128833 1.718058482431918 1.7732817907958012 1.7916895602504288 1.8039614065535141 
-50.0 -50.0 -50.0 -50.5 -50.5 -50.5 -50.5 -50.5 -50.0 -50.5 -50.5 -50.5 -50.5 -50.5 -50.5 -50.5 -50.5 -54.0 -53.0 -51.0 -51.5 -52.5 -52.0 -51.5 -52.0 -52.5 -51.5 -51.5 -51.5 -52.5 -52.5 -51.0 -52.0 -51.0 -49.0 -51.0 -52.0 -55.0 -56.0 -54.5 -53.0 -51.5 -51.0 -50.5 -50.5 
5.313709449235861 5.049864753719531 5.031456984264903 4.988505522204105 5.086680292628786 4.841243366567084 5.522330836388308 4.792155981354743 5.0682725231741586 5.031456984264903 5.037592907416445 4.878058905476339 4.97623367590102 4.896466674930966 5.043728830567988 5.743224069843841 5.878214379177777 5.896622148632405 5.577554144752192 5.436427912266712 5.829126993965437 5.712544454086128 5.829126993965437 6.007068765360171 5.859806609723149 5.872078456026235 5.7616318392984684 5.982525072754001 5.663457068873787 5.651185222570702 5.7616318392984684 5.393476450205914 5.712544454086128 6.031612457966341 6.105243535784852 5.973321188026687 5.878214379177777 5.595961914206819 5.252350217720435 5.1725832167503825 5.141903600992669 5.013049214810275 5.006913291658733 
-64.0 -63.0 -62.0 -62.5 -62.5 -63.0 -62.5 -62.5 -62.5 -62.5 -63.0 -63.0 -63.5 -63.0 -63.0 -63.0 -58.5 -56.0 -56.5 -59.0 -58.5 -58.5 -56.5 -58.0 -59.0 -59.0 -58.5 -57.5 -57.5 -57.5 -57.5 -56.0 -55.5 -56.5 -56.5 -59.0 -59.5 -64.5 -64.0 -63.0 -63.5 -63.0 -63.0 
5.258486140871978 5.1725832167503825 5.3198453723874035 5.381204603902829 5.313709449235861 5.332117218690489 5.252350217720435 5.178719139901925 5.148039524144211 5.2339424482658075 5.074408446325701 5.221670601962723 5.178719139901925 5.301437602932776 5.148039524144211 5.270757987175063 5.154175447295755 6.19728238305799 6.013204688511713 5.767767762450011 5.64504929941916 6.2463697682703305 5.6941366846315 0.28225246497095796 0.21475731030398976 6.19728238305799 6.178874613603362 6.117515382087937 6.068427996875596 0.1349903093339364 0.25157284921324513 6.209554229361076 5.767767762450011 5.988660995905543 5.442563835418255 5.988660995905543 6.013204688511713 6.108311497360623 4.884194828627882 5.460971604872882 5.141903600992669 5.178719139901925 5.197126909356553 
-62.5 -63.0 -62.0 -62.0 -61.5 -63.0 -63.0 -62.0 -63.0 -62.5 -62.5 -62.5 -63.0 -61.0 -62.0 -62.5 -65.0 -67.0 -62.0 -60.0 -61.5 -62.5 -64.5 -64.5 -63.0 -62.0 -61.5 -61.5 -62.0 -62.5 -63.5 -67.0 -62.0 -65.0 -63.0 -59.0 -60.5 -65.5 -70.0 -65.5 -64.5 -63.5 -63.5 
