2.7979809571034093 6.111379458936394 6.068427996875596 2.804116880254952 6.14819499784565 6.0991076126333095 6.14819499784565 0.02454369260617026 4.957825906446392 4.387185053352934 3.3870295796514958 5.792311455056181 6.050020227420969 2.6568547246179306 3.2949907323783574 5.141903600992669 5.5284667595398505 
-70.5 -70.5 -70.5 -69.5 -71.0 -71.5 -71.5 -72.0 -68.5 -62.0 -60.5 -66.0 -71.5 -63.0 -61.5 -71.0 -77.5 
1.8346410223112268 1.761009944492716 1.4971652489763858 1.4910293258248433 1.6505633277649499 1.6382914814618648 1.4910293258248433 1.4480778637640452 1.3621749396424494 1.3928545554001621 1.3621749396424494 1.4051264017032472 1.4480778637640452 1.3192234775816514 1.380582709097077 1.1474176293384597 1.4787574795217582 1.3069516312785663 1.0921943209745766 0.19634954084936207 2.36846633649543 2.356194490192345 2.2089323345553233 1.7916895602504288 1.9941750242513334 2.0064468705544187 2.1046216409791 2.172116795646068 1.902136176978195 2.061670178918302 2.098485717827557 1.4542137869155878 1.4296700943094176 1.5585244804918115 1.5707963267948966 1.7671458676442586 1.6689710972195777 1.6260196351587797 1.4787574795217582 
-68.0 -67.0 -67.5 -68.0 -67.5 -67.5 -66.0 -66.5 -67.5 -67.0 -67.0 -66.5 -67.0 -66.5 -68.5 -67.5 -67.5 -68.0 -70.0 -71.0 -64.0 -64.0 -63.5 -62.0 -60.5 -60.0 -61.5 -61.5 -63.5 -64.5 -65.5 -63.0 -62.0 -62.5 -63.0 -64.5 -64.5 -65.0 -64.0 
0.7424467013366504 0.7853981633974483 0.803805932852076 0.8344855486097889 0.8467573949128739 0.8835729338221293 0.9203884727313847 0.9142525495798421 0.8897088569736719 0.9142525495798421 0.8467573949128739 0.8958447801252144 0.8774370106705868 0.859029241215959 0.8344855486097889 0.859029241215959 0.8713010875190442 0.8528933180644165 0.8160777791551611 0.9725438195194965 1.1903690913992575 1.423534171157875 1.0983302441261191 1.282407938672396 1.337631247036279 1.214912784005428 1.1474176293384597 1.2333205534600555 1.2026409377023426 1.214912784005428 1.2701360923693108 1.3744467859455345 1.41126232485479 1.1780972450961724 1.1780972450961724 1.2455923997631406 1.2026409377023426 0.9142525495798421 0.859029241215959 0.8344855486097889 0.7976700097005334 0.8344855486097889 
-50.5 -50.5 -50.0 -50.0 -50.0 -50.0 -50.0 -50.0 -50.0 -50.0 -50.0 -50.5 -50.0 -50.5 -50.0 -50.5 -50.5 -50.5 -50.5 -50.5 -49.0 -49.0 -49.5 -52.0 -51.0 -51.0 -53.0 -54.5 -55.0 -54.0 -52.5 -53.0 -54.5 -52.0 -50.5 -50.0 -49.5 -50.5 -51.0 -51.0 -51.0 -50.5 
0.9940195505498954 0.9572040116406401 0.9326603190344698 0.9878836273983529 0.9694758579437253 1.0062913968529805 1.030835089459151 1.055378782065321 1.012427320004523 1.0062913968529805 1.012427320004523 1.000155473701438 1.0062913968529805 1.000155473701438 1.012427320004523 0.9940195505498954 0.9694758579437253 1.000155473701438 0.8897088569736719 1.012427320004523 1.1903690913992575 1.3192234775816514 1.1106020904292042 1.3560390164909069 1.4787574795217582 1.4603497100671303 1.533980787885641 1.552388557340269 1.552388557340269 1.5707963267948966 1.5707963267948966 1.5830681730979816 1.4971652489763858 1.521708941582556 1.4848934026733007 1.6260196351587797 1.4726215563702154 1.2578642460662257 1.1596894756415448 1.0983302441261191 1.012427320004523 0.9940195505498954 
-53.0 -52.5 -52.5 -52.5 -52.5 -52.5 -52.0 -52.5 -52.5 -52.5 -52.5 -52.5 -52.5 -52.5 -52.0 -52.5 -52.5 -52.5 -53.0 -53.5 -51.5 -51.0 -50.0 -51.0 -50.5 -51.0 -51.5 -51.5 -52.0 -52.0 -51.5 -51.5 -52.0 -53.0 -52.5 -53.5 -54.0 -54.0 -54.5 -54.5 -54.0 -54.0 
1.1474176293384597 1.1596894756415448 1.1719613219446299 1.1535535524900022 1.1719613219446299 1.1780972450961724 1.184233168247715 1.184233168247715 1.2026409377023426 1.1474176293384597 1.086058397823034 1.1535535524900022 1.0983302441261191 1.0921943209745766 1.1351457830353744 1.043106935762236 1.0676506283684062 0.9694758579437253 0.9142525495798421 1.0799224746714913 1.4726215563702154 1.8039614065535141 1.6505633277649499 1.748738098189631 1.6873788666742053 1.9389517158874505 2.018718716857504 2.061670178918302 2.073942025221387 2.110757564130642 2.061670178918302 2.030990563160589 1.8960002538266525 2.018718716857504 2.0371264863121317 2.018718716857504 1.7794177139473437 1.564660403643354 1.4726215563702154 1.337631247036279 1.239456476611598 1.2210487071569704 
-54.5 -54.5 -54.5 -54.5 -54.5 -53.5 -53.5 -53.0 -53.0 -53.0 -53.0 -53.0 -53.0 -53.5 -53.5 -53.5 -54.0 -53.5 -53.5 -54.5 -52.5 -48.5 -49.5 -49.0 -50.5 -49.5 -49.5 -50.0 -50.5 -51.0 -51.5 -52.0 -50.5 -49.0 -48.5 -50.0 -52.5 -56.0 -56.0 -55.0 -54.5 -54.5 
1.4480778637640452 1.521708941582556 1.4603497100671303 1.4971652489763858 1.5707963267948966 1.5830681730979816 1.5830681730979816 1.5830681730979816 1.576932249946439 1.5830681730979816 1.5892040962495242 1.4419419406125027 1.5462526341887264 1.4726215563702154 1.533980787885641 1.5401167110371838 1.4910293258248433 1.509437095279471 1.4603497100671303 1.5155730184310134 1.6873788666742053 2.012582793705961 1.9941750242513334 2.073942025221387 2.018718716857504 2.110757564130642 2.141437179888355 2.172116795646068 2.1598449493429825 2.2396119503130363 2.3009711818284617 2.1598449493429825 2.2027964114037806 2.2089323345553233 2.2027964114037806 2.270291566070749 2.2027964114037806 2.0064468705544187 1.9573594853420782 1.9512235621905356 1.7855536370988863 1.6014759425526093 
-57.0 -56.5 -56.5 -56.5 -56.0 -55.5 -55.5 -55.5 -55.5 -55.5 -55.5 -56.0 -56.0 -56.0 -55.5 -56.0 -56.0 -56.0 -56.5 -57.0 -55.0 -53.0 -54.0 -52.0 -52.5 -51.5 -52.0 -52.0 -53.0 -53.0 -53.0 -53.0 -52.0 -54.0 -53.5 -53.5 -55.5 -58.5 -58.0 -57.5 -57.0 -56.5 
5.325981295538946 5.50392306693368 5.632777453116074 5.368932757599744 5.307573526084319 5.307573526084319 5.197126909356553 5.0253210611133605 5.135767677841127 5.092816215780329 4.994641445355648 4.963961829597935 5.166447293598839 4.988505522204105 5.080544369477243 5.086680292628786 5.21553467881118 5.178719139901925 5.586758029479505 5.915029918087033 6.043884304269426 5.700272607783043 5.681864838328415 5.780039608753096 5.915029918087033 5.921165841238575 5.964117303299373 5.970253226450915 6.092971689481767 6.1420590746941075 6.056156150572511 5.602097837358362 5.71868037723767 6.154330920997192 6.258641614573416 6.191146459906448 0.07363107781851078 5.945709533844745 5.835262917116979 5.602097837358362 5.6573211457222445 
-67.0 -66.5 -66.0 -66.0 -67.0 -67.5 -64.5 -66.0 -67.5 -65.5 -68.5 -68.5 -68.0 -66.5 -67.5 -67.5 -67.0 -70.0 -69.0 -63.0 -57.0 -61.5 -58.0 -59.5 -58.0 -59.5 -59.5 -59.5 -60.0 -59.0 -61.5 -60.5 -59.5 -57.0 -57.5 -61.0 -62.5 -63.5 -65.0 -66.0 -67.5 
3.5465635815916023 2.6445828783148455 2.350058567040802 2.3009711818284617 2.478912953223196 2.405281875404685 2.4911847995262812 2.5034566458293663 5.773903685601553 5.66959299202533 6.240233845118788 5.822991070813893 5.902758071783947 6.074563920027139 5.896622148632405 5.896622148632405 5.964117303299373 5.988660995905543 0.09817477042468103 6.135923151542564 5.755495916146925 6.2034183062095325 5.810719224510809 5.945709533844745 6.086835766330224 0.8222137023067037 0.380427235395639 
-78.5 -77.5 -73.5 -73.5 -73.5 -73.0 -72.5 -71.5 -62.5 -57.5 -64.5 -58.5 -62.5 -59.0 -60.0 -60.5 -60.5 -60.0 -62.5 -63.0 -60.5 -63.5 -61.5 -60.0 -65.5 -69.5 -72.5 
