5.841398840268521 5.915029918087033 5.816855147662351 2.442097414313941 5.7616318392984684 2.6813984172241008 2.6139032625571326 5.829126993965437 2.736621725587984 5.8045833013592665 5.9518454569962875 6.031612457966341 4.902602598082509 5.062136600022616 4.485359823777615 3.7122335066832517 3.141592653589793 2.3439226438892597 2.8716120349219203 6.191146459906448 6.111379458936394 2.82252464970958 2.9022916506796332 3.792000507653305 4.086524818927348 0.006135923151542565 2.282563412373834 2.5893595699509624 
-69.5 -69.5 -69.5 -69.5 -69.5 -69.5 -67.0 -70.0 -68.5 -71.0 -72.5 -73.0 -72.0 -66.0 -66.0 -63.0 -64.0 -67.0 -69.5 -71.5 -74.0 -66.5 -64.0 -62.5 -69.5 -76.5 -67.0 -67.5 
1.3867186322486196 1.3621749396424494 1.3008157081270237 1.4726215563702154 1.41126232485479 1.41126232485479 1.4480778637640452 1.4848934026733007 1.3560390164909069 1.2946797849754812 1.4358060174609601 1.3621749396424494 1.184233168247715 1.4910293258248433 1.3314953238847365 1.423534171157875 1.3928545554001621 1.4419419406125027 1.325359400733194 1.1719613219446299 1.3499030933393643 1.5830681730979816 1.6812429435226628 2.36846633649543 2.442097414313941 2.270291566070749 2.270291566070749 2.2150682577068657 2.1966604882522383 2.325514874434632 2.184388641949153 2.1905245651006955 2.435961491162398 2.2150682577068657 2.024854640009046 1.509437095279471 1.4971652489763858 1.509437095279471 1.4848934026733007 1.4358060174609601 1.4173982480063325 1.3867186322486196 
-64.5 -65.0 -64.0 -64.0 -63.5 -64.5 -64.0 -63.5 -63.0 -64.0 -63.5 -62.0 -63.5 -64.0 -63.0 -65.5 -64.5 -65.0 -63.5 -64.5 -64.5 -63.0 -63.0 -64.0 -62.5 -62.5 -61.5 -60.0 -60.0 -60.0 -60.5 -61.5 -62.5 -63.0 -64.0 -61.0 -60.5 -61.5 -60.5 -61.5 -61.5 -61.5 
0.9081166264282996 0.8897088569736719 0.9326603190344698 0.9265243958829272 0.9510680884890975 0.9572040116406401 0.9694758579437253 0.9572040116406401 0.9694758579437253 0.9694758579437253 0.9387962421860124 0.9572040116406401 0.944932165337555 0.9387962421860124 0.9019807032767571 0.9019807032767571 0.8835729338221293 0.859029241215959 0.9142525495798421 0.9142525495798421 1.1228739367322893 1.705786636128833 1.552388557340269 1.282407938672396 1.1044661672776617 1.2885438618239387 1.0062913968529805 1.030835089459151 0.9694758579437253 0.9756117810952678 0.9817477042468103 1.030835089459151 1.214912784005428 1.1903690913992575 1.141281706186917 1.0921943209745766 1.2026409377023426 1.2455923997631406 1.0492428589137786 0.9694758579437253 0.9756117810952678 1.0185632431560658 
-50.0 -49.5 -49.5 -49.5 -49.5 -50.0 -49.5 -49.5 -49.5 -49.5 -49.5 -49.5 -50.0 -50.0 -50.0 -50.0 -50.5 -50.5 -50.5 -49.5 -49.0 -50.0 -50.5 -50.5 -52.5 -54.5 -54.5 -56.5 -56.5 -57.0 -57.0 -55.0 -55.5 -56.0 -54.0 -51.5 -50.0 -50.0 -49.0 -49.0 -49.5 -49.5 
0.8774370106705868 0.8958447801252144 0.9387962421860124 0.9326603190344698 0.9572040116406401 0.9326603190344698 0.9878836273983529 0.9694758579437253 0.9326603190344698 0.9387962421860124 0.9817477042468103 0.9265243958829272 0.9633399347921826 0.8958447801252144 0.9019807032767571 0.9756117810952678 1.030835089459151 1.0062913968529805 0.9817477042468103 1.000155473701438 1.043106935762236 1.3130875544301088 1.3437671701878218 1.3437671701878218 1.325359400733194 1.5155730184310134 1.4296700943094176 1.4051264017032472 1.3928545554001621 1.3560390164909069 1.3867186322486196 1.4419419406125027 1.5155730184310134 1.3499030933393643 1.6444274046134073 1.3192234775816514 1.1596894756415448 0.9756117810952678 0.9203884727313847 0.8099418560036186 0.8406214717613314 0.8222137023067037 
-52.5 -53.0 -52.5 -52.5 -53.0 -53.0 -52.5 -52.5 -53.0 -52.5 -53.0 -53.0 -53.0 -53.0 -53.0 -53.0 -53.5 -53.5 -53.0 -52.5 -52.5 -52.0 -51.0 -50.5 -51.0 -52.5 -53.5 -53.0 -53.0 -53.0 -53.0 -53.0 -53.0 -53.0 -53.5 -54.5 -54.0 -53.0 -52.0 -52.5 -52.0 -51.5 
1.337631247036279 1.2946797849754812 1.3192234775816514 1.3437671701878218 1.3560390164909069 1.3744467859455345 1.368310862793992 1.3437671701878218 1.3560390164909069 1.3437671701878218 1.3192234775816514 1.3008157081270237 1.3008157081270237 1.2701360923693108 1.2701360923693108 1.2333205534600555 1.2210487071569704 1.2026409377023426 1.214912784005428 1.1903690913992575 1.380582709097077 2.024854640009046 2.024854640009046 1.9819031779482483 2.024854640009046 2.0923497946760143 2.2764274892222915 2.2212041808584084 2.2764274892222915 2.2457478734645786 2.3316507975861747 2.3009711818284617 2.3316507975861747 2.067806102069844 2.116893487282185 2.282563412373834 2.2212041808584084 1.718058482431918 1.3621749396424494 1.3314953238847365 1.2578642460662257 1.3130875544301088 
-54.0 -53.5 -54.0 -54.0 -53.5 -53.5 -53.5 -54.0 -54.0 -53.5 -53.5 -53.5 -54.0 -53.5 -53.5 -53.5 -54.0 -54.0 -54.0 -54.0 -53.0 -50.0 -49.0 -49.0 -49.5 -53.0 -54.0 -54.0 -55.0 -55.0 -56.0 -55.5 -56.0 -53.0 -50.5 -51.0 -54.0 -55.5 -56.0 -54.5 -54.5 -54.0 
1.533980787885641 1.423534171157875 1.6137477888556946 1.5462526341887264 1.6321555583103222 1.5892040962495242 1.5953400194010667 1.6260196351587797 1.6260196351587797 1.607611865704152 1.5892040962495242 1.5401167110371838 1.5585244804918115 1.5401167110371838 1.4542137869155878 1.564660403643354 1.6198837120072371 1.552388557340269 1.6198837120072371 1.380582709097077 1.5462526341887264 2.1353012567368124 2.141437179888355 2.055534255766759 2.399145952253143 2.3316507975861747 2.399145952253143 2.429825568010856 2.3746022596469727 2.399145952253143 2.405281875404685 2.4605051837685683 2.405281875404685 2.454369260617026 2.2764274892222915 2.442097414313941 2.36846633649543 1.902136176978195 1.5155730184310134 1.5953400194010667 1.6935147898257479 1.5892040962495242 
-56.5 -57.0 -57.0 -56.0 -56.5 -56.5 -56.0 -56.0 -56.0 -56.0 -56.0 -56.0 -56.0 -56.5 -56.5 -56.5 -56.5 -56.5 -57.0 -57.0 -57.0 -55.5 -54.5 -55.0 -53.5 -54.0 -55.0 -55.5 -56.0 -56.0 -55.5 -56.0 -55.5 -54.5 -56.5 -54.5 -57.0 -57.5 -57.5 -55.5 -54.0 -54.5 
4.871922982324796 4.988505522204105 4.902602598082509 4.896466674930966 4.853515212870168 4.663301595172349 4.81056375080937 4.908738521234052 4.97623367590102 5.006913291658733 4.81056375080937 5.074408446325701 5.037592907416445 5.056000676871073 5.006913291658733 5.264622064023521 5.209398755659637 5.583690067903734 6.166602767300278 6.215690152512618 5.6573211457222445 6.037748381117884 6.050020227420969 6.22182607566416 6.019340611663256 5.957981380147831 5.8659425328746915 5.994796919057086 6.19728238305799 6.007068765360171 5.675728915176872 5.595961914206819 6.1850105367549055 0.04908738521234052 6.013204688511713 4.816699673960914 4.675573441475434 
-68.5 -68.0 -69.0 -68.0 -66.5 -68.5 -67.5 -68.0 -67.0 -67.0 -67.0 -67.0 -67.5 -67.5 -67.0 -68.0 -68.5 -68.0 -61.5 -58.0 -62.0 -59.5 -63.5 -61.0 -62.5 -62.5 -62.5 -62.5 -62.5 -65.0 -62.0 -61.5 -59.0 -60.0 -66.5 -69.0 -68.5 
1.1044661672776617 1.214912784005428 1.1903690913992575 1.1780972450961724 1.1658253987930873 6.154330920997192 6.135923151542564 0.3129320807286708 0.06135923151542565 0.23316507975861744 0.44178646691106466 0.0 0.05522330836388308 6.258641614573416 0.15339807878856412 0.5031456984264903 3.2213596545598464 6.111379458936394 0.1718058482431918 6.013204688511713 6.270913460876501 4.669437518323892 4.847379289718626 1.564660403643354 
-75.0 -73.5 -73.0 -74.5 -75.0 -60.5 -58.5 -64.0 -61.5 -64.0 -63.0 -64.0 -64.5 -66.0 -64.5 -65.0 -68.5 -64.0 -66.5 -61.5 -65.5 -68.5 -67.0 -68.5 
