3.2643111166206444 5.841398840268521 2.386874105950058 2.411417798556228 5.927301764390117 2.6875343403756435 5.93343768754166 6.080699843178682 6.013204688511713 6.129787228391022 6.086835766330224 6.12365130523948 6.14819499784565 2.6875343403756435 5.5100589900852235 5.227806525114265 4.049709280018092 3.129320807286708 2.4605051837685683 5.8475347634200645 5.878214379177777 2.9329712664373457 2.454369260617026 2.5893595699509624 2.552544031041707 3.1231848841351653 3.3318062712876126 6.056156150572511 
-65.5 -70.0 -69.0 -69.0 -69.5 -68.0 -70.0 -70.0 -70.5 -70.0 -69.0 -69.0 -69.5 -68.0 -65.5 -65.0 -65.5 -65.0 -66.5 -71.0 -70.0 -68.5 -69.5 -70.0 -68.0 -69.0 -67.0 -71.5 
1.214912784005428 1.2210487071569704 0.9142525495798421 1.3008157081270237 1.2578642460662257 1.325359400733194 1.368310862793992 1.2210487071569704 1.3314953238847365 1.2640001692177683 1.4051264017032472 1.3621749396424494 1.2885438618239387 1.2885438618239387 1.4358060174609601 1.3130875544301088 1.325359400733194 1.3928545554001621 1.337631247036279 1.239456476611598 1.3621749396424494 1.2455923997631406 1.141281706186917 1.3499030933393643 1.184233168247715 1.0737865515199487 1.337631247036279 1.6812429435226628 1.6812429435226628 2.3930100291016 2.1782527187976104 2.067806102069844 2.36846633649543 2.386874105950058 2.3746022596469727 2.521864415283994 2.5034566458293663 2.282563412373834 2.030990563160589 1.9512235621905356 1.6382914814618648 1.9266798695843652 1.7548740213411735 1.7855536370988863 
-64.5 -63.0 -63.0 -64.0 -64.0 -63.0 -63.5 -63.0 -64.5 -63.0 -64.5 -63.0 -65.0 -64.0 -65.5 -65.5 -64.0 -64.0 -64.5 -64.5 -64.5 -64.5 -64.0 -64.5 -65.0 -63.5 -64.5 -62.0 -62.5 -64.0 -62.0 -61.5 -62.0 -60.5 -60.0 -61.0 -62.0 -61.5 -62.5 -60.5 -59.0 -58.5 -60.0 -60.0 
0.9142525495798421 0.9142525495798421 0.9142525495798421 0.9142525495798421 0.859029241215959 0.944932165337555 0.9572040116406401 0.9203884727313847 0.9572040116406401 0.9142525495798421 0.9203884727313847 0.8651651643675016 0.9265243958829272 0.8958447801252144 0.8713010875190442 0.9387962421860124 0.944932165337555 0.9142525495798421 0.9387962421860124 0.9326603190344698 0.9326603190344698 0.9572040116406401 0.9019807032767571 0.9203884727313847 0.9510680884890975 1.282407938672396 1.6751070203711202 1.552388557340269 1.2087768608538851 1.0615147052168636 1.3192234775816514 1.1044661672776617 0.9633399347921826 0.944932165337555 0.803805932852076 0.9817477042468103 1.1167380135807468 1.0737865515199487 1.2026409377023426 1.184233168247715 1.3989904785517047 1.4664856332186729 
-49.5 -49.5 -49.5 -49.5 -49.5 -49.5 -49.5 -49.5 -50.0 -49.5 -49.5 -49.5 -50.0 -49.5 -49.5 -50.0 -50.0 -49.5 -49.5 -49.5 -49.5 -49.5 -50.0 -50.0 -49.0 -49.5 -51.0 -51.5 -51.0 -54.0 -55.0 -56.0 -57.0 -58.0 -58.0 -57.0 -55.5 -56.5 -55.5 -52.0 -52.0 -51.0 
0.8467573949128739 0.8713010875190442 0.8713010875190442 0.8774370106705868 0.944932165337555 0.9572040116406401 0.9265243958829272 0.9019807032767571 0.9081166264282996 0.8958447801252144 0.8897088569736719 0.8713010875190442 0.8344855486097889 0.8713010875190442 0.7853981633974483 0.9019807032767571 0.8958447801252144 0.9081166264282996 0.8774370106705868 0.9265243958829272 0.8958447801252144 0.8897088569736719 0.8160777791551611 0.8897088569736719 0.9081166264282996 1.0676506283684062 1.184233168247715 1.4358060174609601 1.3069516312785663 1.2701360923693108 1.5155730184310134 1.3989904785517047 1.368310862793992 1.380582709097077 1.3499030933393643 1.4173982480063325 1.4848934026733007 1.2885438618239387 1.5892040962495242 1.0615147052168636 0.8774370106705868 0.9081166264282996 0.944932165337555 
-52.5 -52.0 -52.5 -52.5 -52.5 -52.0 -52.0 -52.0 -52.5 -52.5 -52.0 -52.5 -52.5 -52.5 -52.5 -52.5 -52.5 -52.5 -51.5 -52.0 -52.0 -52.0 -52.0 -52.0 -52.0 -51.5 -52.0 -51.5 -50.0 -52.5 -53.0 -53.5 -54.0 -53.5 -54.0 -54.0 -54.0 -54.0 -53.5 -54.0 -55.0 -52.0 -50.5 
1.325359400733194 1.368310862793992 1.3499030933393643 1.3192234775816514 1.368310862793992 1.3560390164909069 1.325359400733194 1.337631247036279 1.3069516312785663 1.3192234775816514 1.2885438618239387 1.2762720155208536 1.3069516312785663 1.3008157081270237 1.1535535524900022 1.2885438618239387 1.2701360923693108 1.3314953238847365 1.2946797849754812 1.3130875544301088 1.3008157081270237 1.282407938672396 1.2640001692177683 1.2333205534600555 1.3008157081270237 1.6260196351587797 2.061670178918302 2.073942025221387 1.9757672547967058 2.116893487282185 2.325514874434632 2.3623304133438876 2.3439226438892597 2.3439226438892597 2.3746022596469727 2.3930100291016 2.36846633649543 2.073942025221387 2.12916533358527 2.5341362615870793 2.3930100291016 1.7241944055834606 1.4787574795217582 
-54.0 -53.5 -54.0 -54.0 -53.5 -54.0 -53.5 -54.0 -53.5 -54.0 -53.5 -53.5 -53.5 -54.0 -54.0 -54.0 -53.5 -53.0 -53.5 -53.5 -53.5 -53.5 -53.0 -53.0 -53.0 -52.5 -50.5 -50.0 -51.0 -51.0 -55.0 -57.0 -57.0 -58.0 -58.5 -58.5 -58.0 -54.0 -53.0 -55.0 -58.5 -55.5 -53.5 
1.4971652489763858 1.4848934026733007 1.5278448647340985 1.4910293258248433 1.5278448647340985 1.5401167110371838 1.5830681730979816 1.5830681730979816 1.5953400194010667 1.521708941582556 1.5462526341887264 1.521708941582556 1.552388557340269 1.5033011721279284 1.380582709097077 1.4726215563702154 1.5033011721279284 1.5278448647340985 1.5462526341887264 1.5707963267948966 1.576932249946439 1.5033011721279284 1.5953400194010667 1.5155730184310134 1.5033011721279284 1.7303303287350031 2.172116795646068 2.141437179888355 2.2518837966161214 2.4175537217077703 2.478912953223196 2.466641106920111 2.3623304133438876 2.423689644859313 2.386874105950058 2.435961491162398 2.386874105950058 2.509592568980909 2.2580197197676637 2.497320722677824 2.405281875404685 1.88986433067511 1.748738098189631 
-56.5 -55.5 -55.0 -55.5 -55.5 -56.0 -56.0 -55.5 -55.0 -55.5 -55.5 -55.5 -55.0 -56.0 -56.0 -56.0 -56.0 -55.5 -55.0 -55.0 -54.5 -54.5 -54.5 -54.5 -54.5 -56.0 -56.5 -54.5 -56.5 -54.0 -55.0 -55.5 -57.0 -57.0 -56.5 -56.5 -57.0 -56.0 -57.5 -57.5 -59.0 -56.5 -53.5 
4.651029748869264 4.651029748869264 4.583534594202296 4.853515212870168 4.706253057233147 4.792155981354743 4.614214209960009 4.608078286808466 4.565126824747668 4.595806440505381 5.0253210611133605 4.724660826687775 4.933282213840222 5.7616318392984684 6.111379458936394 6.17273869045182 5.675728915176872 5.915029918087033 5.884350302329319 6.068427996875596 5.8475347634200645 5.755495916146925 5.859806609723149 6.056156150572511 5.798447378207723 5.356660911296659 5.47937937432751 0.12885438618239387 6.258641614573416 6.080699843178682 
-70.0 -70.0 -68.0 -69.0 -70.0 -68.0 -70.0 -70.0 -69.5 -69.5 -68.0 -68.0 -70.0 -66.5 -63.0 -58.5 -63.0 -60.0 -62.0 -60.5 -61.0 -62.5 -62.0 -62.0 -63.0 -62.5 -61.5 -59.0 -63.0 -65.5 
1.000155473701438 1.1290098598838318 1.0615147052168636 1.1535535524900022 1.1228739367322893 1.5707963267948966 6.12365130523948 6.252505691421874 5.939573610693203 0.4663301595172349 5.939573610693203 0.1349903093339364 6.2463697682703305 6.111379458936394 5.9518454569962875 6.074563920027139 0.1349903093339364 5.786175531904639 6.086835766330224 2.454369260617026 6.166602767300278 5.4671075280244255 
-74.0 -73.5 -73.5 -73.0 -73.0 -71.5 -73.5 -63.0 -59.0 -68.5 -63.0 -66.0 -65.5 -67.0 -67.0 -66.5 -66.5 -68.5 -66.0 -67.5 -67.5 -67.5 
