2.767301341345697 6.019340611663256 6.086835766330224 6.056156150572511 2.8532042654672924 6.043884304269426 2.9084275738311756 2.761165418194154 2.730485802436441 2.779573187648782 2.748893571891069 2.8838838812250054 3.0495538063166547 2.9513790358919736 0.09203884727313846 0.5399612373357456 1.5155730184310134 4.344233591292136 4.0128937411088375 2.9268353432858034 2.380738182798515 6.000932842208628 2.2886993355253766 2.804116880254952 2.9206994201342606 3.313398501832985 0.6135923151542565 2.4911847995262812 2.6445828783148455 2.5954954931025047 
-69.5 -70.0 -70.0 -69.0 -68.5 -69.0 -68.5 -68.0 -68.5 -68.5 -69.0 -70.0 -70.5 -67.0 -72.5 -75.0 -66.0 -64.5 -64.0 -65.5 -67.0 -75.0 -70.0 -67.5 -65.0 -64.0 -68.5 -67.5 -65.0 -66.0 
1.2885438618239387 1.3130875544301088 1.239456476611598 1.3499030933393643 1.380582709097077 1.3867186322486196 1.4480778637640452 1.509437095279471 1.509437095279471 1.509437095279471 1.6137477888556946 1.509437095279471 1.564660403643354 1.6014759425526093 1.6505633277649499 1.6382914814618648 1.3867186322486196 1.8346410223112268 1.718058482431918 1.5707963267948966 1.2640001692177683 1.7671458676442586 1.564660403643354 1.7241944055834606 2.2089323345553233 2.116893487282185 2.1353012567368124 2.055534255766759 2.2089323345553233 2.1598449493429825 2.2334760271614935 2.184388641949153 2.3439226438892597 1.8223691760081417 1.6137477888556946 1.6505633277649499 1.7119225592803755 1.6873788666742053 1.607611865704152 1.4726215563702154 1.5830681730979816 
-62.5 -64.0 -64.0 -63.5 -64.5 -63.0 -64.0 -64.0 -64.5 -64.5 -65.5 -65.5 -65.5 -65.0 -65.5 -67.0 -67.5 -67.0 -69.0 -64.5 -65.5 -63.0 -63.5 -67.0 -63.0 -62.5 -62.5 -60.5 -60.0 -59.5 -60.5 -61.5 -63.0 -64.0 -62.0 -61.5 -61.0 -61.5 -61.0 -60.0 -60.5 
0.944932165337555 0.9694758579437253 0.9387962421860124 0.9633399347921826 0.9265243958829272 0.9756117810952678 0.9878836273983529 0.9878836273983529 0.9878836273983529 0.9878836273983529 0.9572040116406401 0.8958447801252144 0.9142525495798421 0.9081166264282996 0.8835729338221293 0.7792622402459057 0.8344855486097889 0.859029241215959 0.8283496254582462 0.8467573949128739 1.1535535524900022 1.5892040962495242 1.41126232485479 1.239456476611598 1.1903690913992575 1.2701360923693108 1.0185632431560658 1.0799224746714913 1.055378782065321 1.0062913968529805 1.0246991663076084 1.1228739367322893 1.2333205534600555 1.2762720155208536 1.1351457830353744 1.1965050145508 1.3928545554001621 1.2333205534600555 1.184233168247715 1.1903690913992575 1.1719613219446299 
-49.0 -49.5 -49.0 -49.0 -49.0 -49.0 -49.0 -49.0 -49.0 -49.0 -49.0 -49.0 -49.5 -49.5 -49.5 -50.0 -50.0 -50.5 -50.0 -49.5 -49.0 -49.5 -51.0 -52.0 -54.0 -53.5 -55.0 -56.5 -57.0 -57.0 -56.0 -54.5 -55.0 -54.5 -52.5 -52.0 -50.5 -50.0 -49.0 -49.0 -49.0 
0.8774370106705868 0.8835729338221293 0.8958447801252144 0.8897088569736719 0.9203884727313847 0.9756117810952678 0.9019807032767571 0.9019807032767571 0.9203884727313847 0.9203884727313847 0.9081166264282996 0.9326603190344698 0.9019807032767571 0.9081166264282996 0.8713010875190442 0.8897088569736719 0.8958447801252144 0.9265243958829272 0.8835729338221293 0.8897088569736719 1.0492428589137786 1.1474176293384597 1.3192234775816514 1.3928545554001621 1.41126232485479 1.6382914814618648 1.5585244804918115 1.4173982480063325 1.4664856332186729 1.4480778637640452 1.4542137869155878 1.5278448647340985 1.4480778637640452 1.705786636128833 1.3499030933393643 1.4848934026733007 1.1719613219446299 1.012427320004523 0.8283496254582462 0.9081166264282996 0.9081166264282996 
-51.5 -51.5 -51.5 -51.5 -51.5 -51.5 -51.5 -51.0 -51.5 -51.5 -51.5 -52.0 -52.0 -52.0 -52.0 -52.0 -52.5 -52.0 -53.0 -52.0 -51.5 -52.0 -51.5 -52.0 -52.0 -52.5 -52.5 -53.0 -52.5 -53.0 -53.0 -53.0 -53.0 -51.5 -55.0 -55.5 -54.0 -52.0 -51.5 -51.0 -51.0 
1.282407938672396 1.3192234775816514 1.3621749396424494 1.3314953238847365 1.3560390164909069 1.3928545554001621 1.3744467859455345 1.423534171157875 1.3867186322486196 1.368310862793992 1.2885438618239387 1.3560390164909069 1.2946797849754812 1.2885438618239387 1.1780972450961724 1.239456476611598 1.2026409377023426 1.214912784005428 1.1228739367322893 1.227184630308513 1.4664856332186729 1.9266798695843652 1.9941750242513334 1.9757672547967058 1.9941750242513334 2.0493983326152168 2.2886993355253766 2.2396119503130363 2.2580197197676637 2.2518837966161214 2.3009711818284617 2.3623304133438876 2.0371264863121317 1.9757672547967058 2.2764274892222915 2.399145952253143 1.9819031779482483 1.4910293258248433 1.4419419406125027 1.4358060174609601 1.1351457830353744 
-53.5 -53.5 -53.5 -53.5 -53.5 -53.5 -53.5 -53.5 -53.0 -53.5 -53.0 -53.5 -53.0 -53.0 -53.0 -53.0 -53.5 -53.5 -53.0 -53.0 -52.0 -49.5 -49.5 -49.0 -51.0 -53.5 -53.5 -53.5 -53.5 -53.5 -54.0 -55.0 -54.0 -52.5 -51.5 -55.0 -56.5 -56.0 -54.0 -53.0 -53.5 
1.5401167110371838 1.4910293258248433 1.5585244804918115 1.564660403643354 1.5830681730979816 1.564660403643354 1.607611865704152 1.576932249946439 1.6137477888556946 1.5707963267948966 1.5585244804918115 1.564660403643354 1.5585244804918115 1.533980787885641 1.521708941582556 1.3989904785517047 1.4480778637640452 1.3928545554001621 1.337631247036279 1.3621749396424494 1.7241944055834606 2.1782527187976104 2.2089323345553233 2.0923497946760143 2.478912953223196 2.3930100291016 2.435961491162398 2.429825568010856 2.4175537217077703 2.429825568010856 2.405281875404685 2.448233337465483 2.3316507975861747 2.386874105950058 2.521864415283994 2.6261751088602177 2.098485717827557 1.5830681730979816 1.6505633277649499 1.6505633277649499 1.6198837120072371 
-54.5 -54.0 -54.5 -54.5 -54.0 -54.5 -54.5 -54.5 -55.0 -54.5 -55.5 -55.5 -55.5 -55.5 -55.5 -55.5 -56.0 -56.5 -56.0 -56.5 -55.0 -55.0 -54.0 -54.5 -54.0 -54.5 -54.0 -54.5 -54.5 -54.5 -55.0 -55.5 -54.0 -56.5 -54.0 -57.5 -58.0 -55.0 -54.0 -53.0 -53.5 
4.9394181369917645 5.031456984264903 4.914874444385594 5.006913291658733 4.749204519293945 4.792155981354743 4.792155981354743 4.295146206079795 4.767612288748572 4.675573441475434 4.853515212870168 4.970097752749477 4.914874444385594 4.921010367537137 4.9394181369917645 4.859651136021712 5.0253210611133605 5.295301679781233 5.706408530934585 5.902758071783947 6.178874613603362 5.632777453116074 5.663457068873787 5.663457068873787 6.007068765360171 6.086835766330224 5.976389149602458 6.062292073724054 6.019340611663256 5.994796919057086 5.632777453116074 5.47937937432751 6.135923151542564 0.09203884727313846 0.14726215563702155 5.252350217720435 4.81056375080937 
-68.5 -67.5 -67.0 -65.5 -65.5 -67.0 -67.5 -67.5 -66.5 -67.5 -67.5 -66.5 -66.5 -65.0 -67.0 -67.5 -67.0 -68.0 -65.0 -62.5 -59.0 -62.0 -60.5 -64.5 -61.5 -61.0 -61.0 -62.5 -61.5 -61.0 -63.0 -62.0 -59.0 -59.5 -63.5 -68.0 -65.5 
4.608078286808466 4.270602513473625 1.3560390164909069 4.362641360746763 1.2946797849754812 1.282407938672396 1.227184630308513 1.4173982480063325 1.7855536370988863 6.068427996875596 5.927301764390117 0.4111068511533518 6.1420590746941075 0.39269908169872414 0.09203884727313846 6.1420590746941075 6.2463697682703305 0.42337869745643697 0.3129320807286708 6.007068765360171 6.270913460876501 1.4358060174609601 4.4976316700806995 4.601942363656923 
-70.5 -71.0 -70.5 -70.5 -71.0 -71.5 -73.5 -77.0 -77.0 -60.0 -59.0 -68.5 -62.5 -66.0 -62.5 -64.0 -64.0 -65.0 -66.5 -65.5 -64.5 -65.5 -65.0 -63.5 
