5.8475347634200645 6.019340611663256 5.915029918087033 5.939573610693203 5.988660995905543 5.921165841238575 6.209554229361076 5.154175447295755 3.9269908169872414 2.9084275738311756 2.2212041808584084 5.976389149602458 6.215690152512618 2.8838838812250054 2.791845033951867 2.5157284921324514 3.067961575771282 3.3072625786814425 3.7551849687440497 4.417864669110647 5.663457068873787 5.700272607783043 
-71.5 -71.5 -73.0 -72.5 -72.0 -72.5 -76.5 -72.0 -65.0 -66.0 -68.5 -72.5 -71.0 -70.5 -72.5 -68.0 -67.0 -64.0 -63.0 -65.0 -69.5 -68.5 
1.3069516312785663 1.2578642460662257 1.2885438618239387 1.3560390164909069 1.1719613219446299 1.2026409377023426 1.1965050145508 1.2640001692177683 1.3314953238847365 1.239456476611598 1.2517283229146832 1.1780972450961724 1.2640001692177683 1.2578642460662257 1.2640001692177683 1.2333205534600555 1.2333205534600555 1.4603497100671303 1.6321555583103222 1.3928545554001621 1.6935147898257479 2.086213871524472 2.227340104009951 2.12916533358527 2.2212041808584084 2.2641556429192065 2.399145952253143 2.2334760271614935 2.3316507975861747 2.3746022596469727 2.024854640009046 1.9819031779482483 1.3314953238847365 1.6566992509164924 1.4480778637640452 4.681709364626977 1.41126232485479 1.4419419406125027 1.380582709097077 1.3069516312785663 1.4051264017032472 
-62.0 -63.0 -64.0 -64.0 -64.0 -64.5 -64.5 -64.5 -64.0 -64.0 -64.5 -62.0 -64.0 -64.0 -63.5 -63.0 -64.5 -64.0 -63.5 -61.0 -62.5 -63.0 -63.0 -63.0 -62.0 -60.5 -60.0 -60.5 -60.5 -61.5 -63.0 -63.5 -60.5 -60.0 -61.0 -62.0 -61.0 -61.5 -61.0 -61.0 -62.0 
1.0492428589137786 1.043106935762236 1.0185632431560658 1.0185632431560658 0.9817477042468103 0.9756117810952678 0.9817477042468103 0.9572040116406401 0.9265243958829272 0.9756117810952678 0.9510680884890975 0.9572040116406401 0.9817477042468103 1.000155473701438 1.000155473701438 1.0062913968529805 0.9756117810952678 0.9756117810952678 1.0676506283684062 1.3989904785517047 1.5707963267948966 1.3744467859455345 1.1596894756415448 1.0983302441261191 1.2026409377023426 1.0062913968529805 1.000155473701438 0.9940195505498954 0.9817477042468103 1.0676506283684062 1.2701360923693108 1.2455923997631406 1.3744467859455345 1.2946797849754812 1.3560390164909069 1.3867186322486196 1.2302525918842842 1.0983302441261191 1.030835089459151 1.0492428589137786 1.1106020904292042 1.1228739367322893 
-49.5 -49.5 -49.5 -50.0 -50.0 -49.5 -50.0 -50.5 -50.5 -50.5 -50.0 -50.0 -50.0 -50.0 -50.0 -50.0 -50.5 -50.0 -49.0 -49.5 -50.5 -52.0 -52.5 -54.0 -54.0 -54.5 -56.5 -57.0 -57.0 -56.0 -54.5 -54.5 -53.0 -51.5 -50.0 -50.0 -50.0 -49.5 -50.0 -50.0 -50.0 -50.0 
0.8897088569736719 0.9572040116406401 0.9572040116406401 0.944932165337555 0.9081166264282996 0.9203884727313847 0.9142525495798421 0.944932165337555 0.9019807032767571 0.8222137023067037 0.9756117810952678 0.9203884727313847 0.9265243958829272 1.000155473701438 0.9265243958829272 0.9510680884890975 0.8835729338221293 0.9633399347921826 0.9081166264282996 1.0737865515199487 1.1351457830353744 1.3069516312785663 1.282407938672396 1.227184630308513 1.509437095279471 1.4726215563702154 1.4051264017032472 1.3437671701878218 1.3928545554001621 1.4848934026733007 1.5953400194010667 1.4603497100671303 1.705786636128833 1.3560390164909069 1.2087768608538851 1.141281706186917 4.080388895775806 0.8958447801252144 0.9081166264282996 0.8835729338221293 0.9326603190344698 0.9203884727313847 
-51.5 -52.0 -51.5 -52.0 -52.0 -52.5 -52.0 -52.5 -52.5 -52.5 -52.5 -53.0 -52.5 -52.5 -52.5 -52.0 -52.5 -52.5 -52.0 -52.0 -53.0 -51.5 -51.0 -52.0 -53.0 -53.0 -53.0 -53.0 -53.0 -53.0 -53.0 -53.0 -52.0 -53.0 -54.0 -52.0 -52.5 -52.0 -52.5 -52.5 -52.5 -52.0 
1.2946797849754812 1.3744467859455345 1.325359400733194 1.325359400733194 1.3008157081270237 1.2701360923693108 1.2455923997631406 1.282407938672396 1.2640001692177683 1.2517283229146832 1.2640001692177683 1.325359400733194 1.3744467859455345 1.2762720155208536 1.3008157081270237 1.380582709097077 1.1658253987930873 1.2455923997631406 1.4173982480063325 1.7855536370988863 2.1353012567368124 2.1659808724945253 2.061670178918302 2.043262409463674 2.1659808724945253 2.36846633649543 2.3746022596469727 2.3009711818284617 2.356194490192345 2.356194490192345 2.337786720737717 2.030990563160589 1.9819031779482483 2.2212041808584084 2.1659808724945253 1.7548740213411735 4.565126824747668 1.325359400733194 1.3560390164909069 1.325359400733194 1.337631247036279 1.3989904785517047 
-53.0 -53.5 -53.0 -53.5 -53.5 -53.0 -53.5 -53.0 -53.0 -53.0 -52.5 -53.0 -53.0 -53.0 -52.5 -52.5 -52.0 -53.0 -53.5 -53.0 -52.0 -52.0 -51.0 -52.0 -55.0 -55.0 -55.0 -54.5 -55.0 -55.0 -55.0 -51.5 -50.0 -49.5 -52.0 -53.5 -55.0 -53.5 -52.5 -52.5 -53.0 -53.0 
1.5033011721279284 1.509437095279471 1.6198837120072371 1.5830681730979816 1.564660403643354 1.5585244804918115 1.5585244804918115 1.5401167110371838 1.6566992509164924 1.564660403643354 1.5585244804918115 1.5462526341887264 1.5707963267948966 1.6260196351587797 1.5953400194010667 1.576932249946439 1.6014759425526093 1.6014759425526093 1.6382914814618648 1.945087639038993 2.3746022596469727 2.2150682577068657 2.098485717827557 2.435961491162398 2.3930100291016 2.435961491162398 2.411417798556228 2.4175537217077703 2.435961491162398 2.4727770300716534 2.3930100291016 2.442097414313941 2.2764274892222915 2.380738182798515 2.4175537217077703 1.9941750242513334 1.7027186745530618 1.6198837120072371 1.718058482431918 1.6566992509164924 1.6689710972195777 1.662835174068035 
-54.0 -54.0 -53.5 -54.5 -54.0 -54.0 -54.5 -55.0 -54.5 -54.5 -54.5 -54.5 -55.0 -54.5 -54.5 -54.0 -54.0 -55.0 -55.5 -56.0 -57.0 -55.5 -56.0 -55.5 -55.5 -55.0 -55.5 -55.5 -55.0 -55.0 -54.5 -54.5 -55.0 -53.0 -54.5 -54.5 -55.5 -54.5 -53.5 -53.0 -53.5 -54.0 
4.614214209960009 4.871922982324796 5.154175447295755 4.853515212870168 4.994641445355648 4.957825906446392 5.160311370447297 5.092816215780329 4.902602598082509 4.871922982324796 4.908738521234052 4.577398671050753 4.749204519293945 6.19728238305799 0.0 5.577554144752192 5.890486225480862 5.798447378207723 6.086835766330224 5.945709533844745 5.970253226450915 6.080699843178682 6.135923151542564 6.025476534814799 5.516194913236766 5.491651220630596 6.209554229361076 0.04908738521234052 6.252505691421874 5.967185264875144 5.098952138931871 4.743068596142402 4.853515212870168 4.522175362686871 
-66.5 -66.5 -65.5 -65.0 -66.5 -65.0 -66.0 -67.5 -67.0 -67.5 -67.5 -67.5 -68.0 -63.0 -60.5 -64.5 -61.0 -63.0 -61.5 -62.0 -62.0 -62.5 -61.5 -62.0 -64.0 -61.0 -57.5 -58.5 -62.5 -68.0 -67.5 -68.5 -67.0 -67.5 
1.8407769454627694 1.6444274046134073 2.564815877344792 0.01227184630308513 6.031612457966341 0.4540583132141498 0.07363107781851078 0.34974761963792617 0.23930100291016002 0.07976700097005335 6.14819499784565 6.227961998815704 0.09203884727313846 5.988660995905543 6.031612457966341 5.798447378207723 6.1420590746941075 5.859806609723149 1.88986433067511 4.779884135051658 
-69.5 -73.0 -76.5 -63.0 -61.0 -71.0 -63.5 -67.0 -64.0 -64.5 -66.0 -65.0 -63.5 -66.5 -64.5 -60.0 -61.0 -66.5 -67.0 -68.5 
