5.638913376267617 2.2948352586769194 5.737088146692298 5.737088146692298 5.829126993965437 2.6200391857086753 5.8659425328746915 5.773903685601553 5.792311455056181 5.737088146692298 5.786175531904639 2.466641106920111 1.1351457830353744 4.417864669110647 3.9760782021995817 3.2029518851052186 2.791845033951867 2.2948352586769194 6.252505691421874 2.5586799541932495 2.890019804376548 3.0372819600135696 3.423845118560751 3.663146121470911 4.000621894805752 5.148039524144211 2.399145952253143 2.435961491162398 
-68.5 -67.0 -69.5 -70.0 -70.5 -69.5 -70.5 -70.0 -70.5 -70.5 -71.0 -70.0 -77.0 -66.5 -63.5 -63.5 -64.5 -67.5 -71.5 -69.0 -66.0 -67.5 -63.0 -63.0 -68.5 -73.0 -68.0 -68.0 
1.4051264017032472 1.380582709097077 1.3130875544301088 1.564660403643354 1.5155730184310134 1.6137477888556946 1.6505633277649499 1.3437671701878218 1.3928545554001621 1.4726215563702154 1.3069516312785663 1.423534171157875 1.325359400733194 1.3499030933393643 1.4173982480063325 1.2762720155208536 1.325359400733194 1.3437671701878218 1.2946797849754812 4.503767593232243 1.4143302864305611 1.4971652489763858 1.6382914814618648 1.748738098189631 2.172116795646068 2.1598449493429825 2.2150682577068657 2.2334760271614935 2.2027964114037806 2.227340104009951 2.1598449493429825 2.2764274892222915 2.4605051837685683 5.21553467881118 1.6996507129772904 1.5585244804918115 1.4848934026733007 1.761009944492716 1.7119225592803755 1.607611865704152 1.705786636128833 1.6812429435226628 1.6198837120072371 
-63.5 -63.0 -64.5 -65.0 -64.5 -65.0 -65.0 -65.5 -64.0 -63.0 -64.5 -65.0 -64.5 -64.5 -65.0 -64.0 -64.0 -65.5 -64.5 -65.5 -65.5 -63.5 -62.0 -63.0 -62.5 -63.5 -63.0 -61.0 -60.5 -60.0 -60.0 -61.0 -62.5 -64.0 -63.0 -61.5 -60.0 -61.0 -61.0 -61.5 -61.5 -61.5 -62.5 
0.9633399347921826 0.9510680884890975 0.9326603190344698 0.9387962421860124 0.9633399347921826 0.9265243958829272 0.9265243958829272 0.9019807032767571 0.9387962421860124 0.9142525495798421 0.9387962421860124 0.9387962421860124 0.9633399347921826 0.9510680884890975 0.9265243958829272 0.9081166264282996 0.9265243958829272 0.9142525495798421 0.8897088569736719 0.9081166264282996 0.9940195505498954 1.2517283229146832 1.521708941582556 1.4173982480063325 1.1351457830353744 1.3008157081270237 1.2946797849754812 1.1658253987930873 1.0799224746714913 1.1474176293384597 1.0921943209745766 1.030835089459151 1.3069516312785663 1.239456476611598 1.4296700943094176 1.2885438618239387 1.337631247036279 1.4542137869155878 1.227184630308513 0.9694758579437253 0.9387962421860124 1.0062913968529805 1.055378782065321 
-49.5 -49.5 -49.5 -49.5 -49.5 -49.5 -49.5 -49.5 -49.5 -50.0 -49.5 -49.5 -49.5 -50.0 -50.0 -50.0 -50.0 -50.0 -50.5 -50.0 -50.0 -49.0 -49.5 -50.0 -52.0 -54.5 -53.5 -54.5 -56.5 -57.0 -56.0 -54.5 -55.5 -53.0 -53.5 -51.5 -50.5 -50.5 -50.5 -51.0 -51.0 -51.0 -51.0 
0.9265243958829272 0.8835729338221293 0.9387962421860124 0.9203884727313847 0.944932165337555 0.9326603190344698 0.9572040116406401 0.9019807032767571 0.9081166264282996 0.8958447801252144 0.859029241215959 0.9265243958829272 0.9326603190344698 0.9142525495798421 0.9387962421860124 0.9387962421860124 0.8835729338221293 0.9203884727313847 0.9510680884890975 0.9510680884890975 0.9326603190344698 1.1228739367322893 1.3130875544301088 1.3008157081270237 1.3867186322486196 1.4173982480063325 1.5155730184310134 1.5033011721279284 1.4358060174609601 1.423534171157875 1.4971652489763858 1.5953400194010667 1.5462526341887264 1.5033011721279284 1.7548740213411735 1.5033011721279284 1.4173982480063325 1.3744467859455345 1.086058397823034 0.9326603190344698 0.9387962421860124 0.9203884727313847 0.9326603190344698 
-52.5 -53.0 -52.0 -52.5 -52.5 -52.5 -52.5 -53.0 -52.5 -52.5 -52.5 -52.0 -52.5 -52.0 -52.5 -52.5 -52.5 -52.5 -52.5 -52.5 -53.0 -51.5 -52.0 -51.0 -51.0 -52.5 -52.5 -53.0 -53.0 -53.0 -53.0 -53.0 -53.5 -52.0 -53.0 -54.5 -54.5 -54.5 -53.0 -53.0 -53.5 -53.0 -53.0 
1.423534171157875 1.3560390164909069 1.3437671701878218 1.3130875544301088 1.3621749396424494 1.3192234775816514 1.3560390164909069 1.282407938672396 1.2762720155208536 1.2762720155208536 1.2578642460662257 1.3192234775816514 1.3069516312785663 1.2762720155208536 1.2762720155208536 1.2455923997631406 1.3130875544301088 1.2455923997631406 1.2210487071569704 1.1903690913992575 1.303883669702795 1.5953400194010667 2.012582793705961 1.9757672547967058 1.902136176978195 1.9573594853420782 2.1905245651006955 2.3439226438892597 2.2886993355253766 2.337786720737717 2.2948352586769194 2.3439226438892597 2.0800779483729293 2.1230294104337273 2.1659808724945253 2.325514874434632 2.3009711818284617 2.073942025221387 1.4971652489763858 1.2640001692177683 1.3314953238847365 1.3008157081270237 1.41126232485479 
-53.0 -53.0 -53.0 -52.5 -52.5 -52.5 -53.0 -53.0 -53.0 -53.0 -52.5 -53.0 -52.5 -52.5 -52.5 -53.0 -53.0 -53.0 -53.0 -53.0 -53.5 -52.5 -50.0 -48.5 -49.5 -50.0 -53.5 -53.5 -54.0 -54.5 -54.5 -54.5 -54.0 -52.5 -49.5 -50.5 -53.0 -54.0 -55.0 -54.0 -54.0 -54.0 -53.0 
1.5585244804918115 1.5585244804918115 1.564660403643354 1.41126232485479 1.552388557340269 1.533980787885641 1.521708941582556 1.5462526341887264 1.5155730184310134 1.423534171157875 1.533980787885641 1.5401167110371838 1.5707963267948966 1.5462526341887264 1.5401167110371838 1.5155730184310134 1.533980787885641 1.4971652489763858 1.509437095279471 1.552388557340269 1.521708941582556 1.8285050991596843 2.313243028131547 2.184388641949153 2.3009711818284617 2.337786720737717 2.380738182798515 2.399145952253143 2.313243028131547 2.380738182798515 2.466641106920111 2.448233337465483 2.448233337465483 2.454369260617026 2.172116795646068 2.5280003384355365 2.5770877236478773 2.36846633649543 1.705786636128833 1.4542137869155878 1.6505633277649499 1.7119225592803755 1.6444274046134073 
-56.0 -56.0 -55.0 -55.0 -55.5 -55.0 -55.0 -55.5 -54.5 -55.0 -55.0 -55.0 -55.0 -55.5 -55.5 -55.5 -56.0 -55.5 -56.0 -56.0 -56.5 -55.0 -55.0 -54.0 -55.0 -53.0 -54.5 -54.0 -54.5 -54.5 -55.0 -55.0 -54.5 -55.5 -54.5 -53.0 -54.5 -58.0 -58.0 -57.5 -55.0 -55.0 -56.0 
4.577398671050753 4.454680208019902 4.718524903536232 5.086680292628786 4.651029748869264 4.755340442445488 4.651029748869264 4.921010367537137 4.583534594202296 4.896466674930966 4.301282129231338 4.681709364626977 4.779884135051658 4.71238898038469 4.718524903536232 4.878058905476339 4.632621979414636 5.304505564508547 5.939573610693203 6.086835766330224 5.982525072754001 6.019340611663256 5.6941366846315 0.04908738521234052 6.129787228391022 6.2034183062095325 6.209554229361076 6.14819499784565 5.988660995905543 5.491651220630596 5.7616318392984684 5.5714182216006485 6.264777537724958 0.1043106935762236 0.018407769454627694 6.062292073724054 5.111223985234957 4.896466674930966 
-68.0 -67.0 -67.5 -67.5 -68.0 -67.0 -68.0 -67.0 -68.0 -66.5 -66.0 -67.5 -65.5 -67.0 -68.0 -68.0 -69.0 -70.0 -64.0 -60.5 -59.0 -60.5 -61.5 -60.5 -61.5 -62.0 -62.0 -62.5 -60.5 -64.0 -60.0 -59.0 -57.5 -58.0 -61.0 -66.0 -68.5 -70.0 
1.1719613219446299 1.3867186322486196 1.3499030933393643 1.337631247036279 1.533980787885641 1.2333205534600555 1.3867186322486196 1.5830681730979816 1.7916895602504288 5.749359992995383 6.080699843178682 5.767767762450011 0.30066023442558565 5.988660995905543 0.4479223900626072 6.258641614573416 6.240233845118788 0.07976700097005335 0.0674951546669682 0.5706408530934585 5.945709533844745 0.16566992509164924 2.6261751088602177 6.111379458936394 6.14819499784565 6.111379458936394 3.3870295796514958 4.1417481272912315 4.442408361716817 4.614214209960009 
-74.0 -74.5 -75.0 -73.5 -74.0 -75.0 -75.0 -75.5 -74.5 -65.0 -59.5 -62.0 -63.5 -61.5 -65.5 -62.5 -64.0 -64.5 -63.5 -65.0 -65.0 -66.5 -65.0 -61.0 -65.5 -74.0 -72.0 -68.0 -70.5 -66.5 
