3.018874190558942 2.693670263527186 2.724349879284899 2.742757648739526 2.724349879284899 2.693670263527186 2.650718801466388 2.724349879284899 2.6261751088602177 2.6445828783148455 2.7550294950426117 2.761165418194154 2.6875343403756435 2.748893571891069 3.08636934522591 5.9088939949354895 2.9943304979527716 0.06135923151542565 3.718369429834794 3.9392626632903265 3.865631585471816 3.5711072741977725 3.479068426924634 3.5281558121369745 3.485204350076177 3.509748042682347 3.7122335066832517 4.23378697456437 4.381049130201391 1.1044661672776617 0.8713010875190442 0.9265243958829272 3.436116964863836 0.1043106935762236 6.209554229361076 
-65.0 -64.5 -63.0 -63.5 -63.0 -63.5 -62.5 -63.0 -63.5 -64.5 -63.5 -64.5 -64.5 -65.0 -64.5 -65.5 -66.0 -70.5 -66.0 -66.5 -69.0 -69.5 -69.5 -68.5 -65.5 -66.0 -65.5 -68.0 -66.0 -69.5 -69.5 -68.5 -69.0 -72.5 -69.5 
1.902136176978195 1.8960002538266525 1.8775924843720249 1.8653206380689396 1.8775924843720249 1.859184714917397 1.9389517158874505 1.9696313316451632 1.9696313316451632 1.9634954084936207 1.8714565612204823 1.945087639038993 1.9696313316451632 1.9512235621905356 1.8960002538266525 1.8837284075235674 1.9819031779482483 2.3193789512830896 2.5341362615870793 2.9391071895888885 3.098641191528995 2.705942109830271 2.564815877344792 2.6139032625571326 2.6691265709210157 2.6200391857086753 2.675262494072558 2.724349879284899 2.650718801466388 2.6261751088602177 2.7857091108003242 2.9943304979527716 2.730485802436441 2.5770877236478773 2.399145952253143 1.9389517158874505 1.6014759425526093 1.705786636128833 1.7671458676442586 1.7119225592803755 1.7855536370988863 1.6198837120072371 
-63.5 -62.5 -62.5 -61.5 -63.0 -63.5 -63.5 -63.5 -62.5 -62.0 -62.0 -64.0 -63.5 -64.0 -63.0 -62.0 -61.0 -62.5 -61.5 -63.5 -62.0 -62.5 -63.0 -64.0 -63.5 -63.0 -62.5 -62.0 -63.5 -63.5 -63.5 -63.5 -63.0 -62.5 -62.5 -62.5 -63.5 -63.5 -63.0 -63.5 -63.5 -64.0 
0.8344855486097889 0.8406214717613314 0.8160777791551611 0.8222137023067037 0.7669903939428205 0.803805932852076 0.8099418560036186 0.8344855486097889 0.8283496254582462 0.8160777791551611 0.8222137023067037 0.8283496254582462 0.8222137023067037 0.8344855486097889 0.8651651643675016 0.8713010875190442 0.9940195505498954 1.2333205534600555 1.227184630308513 1.736466251886546 1.5585244804918115 1.184233168247715 1.0062913968529805 1.0369710126106935 1.055378782065321 1.0615147052168636 1.000155473701438 1.0983302441261191 1.086058397823034 1.000155473701438 1.1167380135807468 1.3621749396424494 1.423534171157875 1.3560390164909069 1.3989904785517047 1.3744467859455345 1.055378782065321 0.8897088569736719 0.7853981633974483 0.7731263170943632 0.8099418560036186 0.7240389318820226 
-50.5 -50.0 -50.0 -50.0 -50.5 -50.5 -50.0 -50.0 -50.5 -50.5 -50.0 -50.0 -50.5 -50.0 -50.0 -50.0 -50.5 -52.5 -56.0 -54.5 -51.5 -51.5 -53.0 -54.5 -54.5 -55.0 -54.5 -54.0 -54.5 -54.0 -52.5 -52.0 -53.0 -54.5 -53.5 -53.0 -53.5 -54.5 -55.0 -54.5 -54.5 -54.5 
0.8713010875190442 0.8160777791551611 0.8283496254582462 0.7853981633974483 0.6258641614573416 0.8283496254582462 0.8222137023067037 0.7853981633974483 0.7853981633974483 0.7731263170943632 0.803805932852076 0.662679700366597 0.8283496254582462 0.8160777791551611 0.8099418560036186 0.8467573949128739 0.8406214717613314 1.043106935762236 1.3130875544301088 1.6198837120072371 1.521708941582556 1.4787574795217582 1.4542137869155878 1.423534171157875 1.3867186322486196 1.380582709097077 1.368310862793992 1.3867186322486196 1.4051264017032472 1.380582709097077 1.4787574795217582 1.4173982480063325 1.3989904785517047 1.3560390164909069 1.2578642460662257 1.055378782065321 0.8467573949128739 0.760854470791278 0.8160777791551611 0.7547185476397354 0.6688156235181395 0.705631162427395 
-51.5 -51.5 -52.0 -51.5 -52.0 -51.5 -51.5 -52.0 -51.5 -52.0 -52.0 -52.0 -52.0 -52.0 -51.5 -51.5 -51.5 -51.5 -52.0 -51.5 -51.0 -51.5 -52.0 -51.5 -51.5 -51.5 -51.0 -51.0 -51.0 -51.0 -51.0 -51.0 -51.0 -51.0 -51.0 -51.5 -52.5 -53.5 -54.0 -53.5 -53.5 -53.5 
1.282407938672396 1.2455923997631406 1.2517283229146832 1.2885438618239387 1.043106935762236 1.2946797849754812 1.3130875544301088 1.2762720155208536 1.2762720155208536 1.2701360923693108 1.282407938672396 1.2701360923693108 1.337631247036279 1.282407938672396 1.227184630308513 1.3867186322486196 1.5892040962495242 1.846912868614312 2.227340104009951 2.12916533358527 1.9696313316451632 1.9696313316451632 1.945087639038993 1.9941750242513334 1.9205439464328227 1.8407769454627694 1.7855536370988863 1.8223691760081417 1.859184714917397 1.902136176978195 1.8039614065535141 1.9205439464328227 2.012582793705961 2.0371264863121317 2.043262409463674 2.061670178918302 1.9941750242513334 1.9819031779482483 2.024854640009046 1.902136176978195 1.846912868614312 1.5953400194010667 
-59.0 -59.0 -59.0 -59.0 -59.5 -59.0 -59.0 -59.0 -59.0 -58.5 -58.5 -59.0 -59.0 -58.5 -58.5 -58.5 -59.0 -58.5 -58.0 -53.0 -52.0 -53.5 -53.5 -54.0 -54.0 -54.5 -54.5 -54.0 -53.0 -53.5 -53.0 -51.0 -51.5 -54.5 -54.5 -55.5 -57.5 -58.0 -58.0 -59.0 -59.0 -59.0 
1.6321555583103222 1.607611865704152 1.6566992509164924 1.662835174068035 1.6505633277649499 1.5953400194010667 1.6137477888556946 1.5953400194010667 1.607611865704152 1.5953400194010667 1.6198837120072371 1.564660403643354 1.5953400194010667 1.5953400194010667 1.5707963267948966 1.5830681730979816 1.5953400194010667 1.8346410223112268 2.098485717827557 2.030990563160589 2.0064468705544187 2.1966604882522383 2.2396119503130363 2.12916533358527 2.073942025221387 2.1475731030398975 2.1782527187976104 2.1782527187976104 2.1475731030398975 2.098485717827557 2.116893487282185 2.073942025221387 2.055534255766759 2.0064468705544187 2.0064468705544187 1.9389517158874505 1.7916895602504288 1.7978254834019713 1.8223691760081417 1.8039614065535141 1.8285050991596843 1.718058482431918 
-55.5 -55.5 -55.5 -55.5 -55.5 -55.5 -55.5 -55.5 -56.0 -55.0 -55.5 -55.0 -56.0 -55.0 -55.5 -55.5 -56.0 -55.0 -55.5 -53.0 -53.0 -55.0 -54.5 -55.5 -56.5 -56.5 -56.0 -55.5 -56.5 -55.0 -55.0 -52.5 -53.0 -54.0 -53.5 -54.0 -55.5 -56.5 -56.5 -56.0 -56.5 -56.5 
5.368932757599744 5.344389064993574 5.338253141842031 5.301437602932776 5.405748296509 5.350524988145116 5.344389064993574 5.289165756629691 5.289165756629691 5.246214294568893 5.338253141842031 5.387340527054372 5.356660911296659 5.301437602932776 5.338253141842031 5.338253141842031 5.411884219660542 5.356660911296659 5.810719224510809 5.939573610693203 5.675728915176872 5.583690067903734 5.663457068873787 5.64504929941916 5.43029198911517 5.307573526084319 5.393476450205914 5.338253141842031 5.393476450205914 5.632777453116074 5.534602682691394 5.5714182216006485 5.872078456026235 6.025476534814799 6.019340611663256 5.50392306693368 5.381204603902829 5.553010452146021 5.460971604872882 5.387340527054372 5.313709449235861 5.375068680751287 
-60.0 -60.0 -60.5 -60.5 -60.0 -60.5 -60.0 -60.5 -61.0 -60.0 -60.0 -60.0 -61.0 -60.0 -60.0 -60.0 -59.5 -61.5 -62.0 -58.0 -58.5 -57.0 -57.5 -58.0 -59.5 -61.0 -60.5 -60.5 -59.0 -59.0 -58.0 -58.0 -57.5 -59.5 -62.5 -61.5 -61.5 -62.0 -62.0 -62.0 -62.5 -62.5 
5.00077736850719 1.9819031779482483 5.3198453723874035 5.166447293598839 5.184855063053467 5.258486140871978 5.3627968344482015 5.2339424482658075 1.9941750242513334 2.018718716857504 1.902136176978195 5.037592907416445 5.019185137961818 5.043728830567988 5.9518454569962875 5.473243451175968 5.098952138931871 2.8777479580734626 2.6323110320117604 5.522330836388308 6.031612457966341 5.301437602932776 5.332117218690489 5.2339424482658075 5.565282298449106 5.755495916146925 5.737088146692298 5.043728830567988 5.332117218690489 5.638913376267617 5.485515297479052 5.418020142812084 5.724816300389213 5.6573211457222445 5.675728915176872 5.706408530934585 5.6941366846315 5.780039608753096 
-67.0 -68.5 -68.0 -68.5 -68.0 -68.0 -67.5 -68.0 -68.5 -68.5 -68.0 -67.5 -67.5 -62.5 -62.5 -60.0 -65.0 -67.0 -66.5 -67.0 -65.5 -65.0 -65.0 -64.5 -64.0 -66.0 -67.5 -64.0 -61.0 -61.5 -61.0 -62.5 -65.0 -66.5 -65.5 -66.5 -67.0 -66.0 
