2.773437264497239 2.6323110320117604 2.742757648739526 2.6445828783148455 2.5280003384355365 2.6813984172241008 2.6384469551633027 2.6445828783148455 2.779573187648782 2.6016314162540475 2.6445828783148455 2.748893571891069 2.791845033951867 2.8961557275280905 2.742757648739526 2.804116880254952 2.9575149590435164 3.3502140407422405 1.1044661672776617 4.485359823777615 4.614214209960009 3.9638063558964967 3.749049045592507 3.497476196379262 3.2643111166206444 3.442252888015379 3.792000507653305 3.3318062712876126 3.6999616603801666 4.061981126321178 4.252194744018997 4.086524818927348 6.17273869045182 6.215690152512618 3.141592653589793 3.104777114680538 2.9268353432858034 6.068427996875596 2.9391071895888885 2.7857091108003242 
-67.0 -67.0 -66.5 -66.5 -66.0 -68.0 -68.0 -68.0 -69.0 -67.0 -68.0 -69.0 -69.0 -68.0 -68.0 -68.0 -67.0 -67.5 -69.5 -65.0 -61.0 -63.0 -63.5 -62.5 -65.0 -65.0 -64.5 -63.5 -63.5 -66.5 -66.5 -64.0 -71.0 -67.5 -66.0 -65.5 -64.0 -63.5 -61.5 -62.5 
1.9512235621905356 1.9573594853420782 2.073942025221387 2.141437179888355 2.1537090261914402 2.1598449493429825 2.116893487282185 2.2027964114037806 2.141437179888355 2.1046216409791 2.116893487282185 2.1782527187976104 2.1659808724945253 1.9573594853420782 2.12916533358527 2.067806102069844 2.12916533358527 2.4911847995262812 2.1537090261914402 3.1784081924990484 3.0372819600135696 2.7979809571034093 2.945243112740431 2.9391071895888885 2.9268353432858034 3.067961575771282 3.055689729468197 2.8532042654672924 2.9022916506796332 2.9329712664373457 2.429825568010856 2.1659808724945253 1.8714565612204823 1.9512235621905356 1.9757672547967058 1.859184714917397 1.9266798695843652 1.8346410223112268 1.8653206380689396 
-64.0 -64.0 -64.5 -65.0 -64.5 -64.5 -65.5 -65.0 -65.0 -64.5 -64.5 -64.0 -64.0 -64.0 -64.0 -63.5 -63.0 -62.0 -61.5 -61.0 -61.5 -62.0 -62.0 -62.0 -61.5 -62.5 -62.5 -62.0 -62.5 -64.5 -63.5 -62.5 -61.5 -61.0 -62.0 -61.5 -62.0 -62.5 -62.0 
0.5031456984264903 0.4908738521234052 0.4540583132141498 0.4663301595172349 0.4724660826687775 0.4479223900626072 0.48473792897186263 0.4540583132141498 0.4356505437595221 0.47860200582032003 0.4908738521234052 0.4663301595172349 0.5092816215780329 0.47860200582032003 0.5338253141842031 0.6504078540635119 0.9940195505498954 1.41126232485479 1.576932249946439 1.3069516312785663 1.086058397823034 0.9387962421860124 1.000155473701438 1.0676506283684062 1.0492428589137786 1.0799224746714913 1.0369710126106935 1.0185632431560658 1.043106935762236 1.2026409377023426 1.4603497100671303 1.4480778637640452 1.1290098598838318 1.1719613219446299 1.1228739367322893 0.9756117810952678 0.9081166264282996 0.9572040116406401 1.000155473701438 1.012427320004523 0.9265243958829272 
-53.5 -53.5 -53.5 -53.0 -53.5 -53.0 -53.5 -53.5 -53.5 -53.5 -53.5 -53.5 -53.0 -53.0 -53.0 -53.0 -53.0 -55.0 -53.5 -50.0 -50.5 -52.5 -53.5 -53.0 -52.5 -53.0 -53.5 -52.5 -52.0 -51.5 -52.0 -55.0 -55.0 -53.5 -51.0 -50.0 -50.0 -49.5 -49.0 -49.5 -49.5 
0.8160777791551611 0.8099418560036186 0.8160777791551611 0.8160777791551611 0.8406214717613314 0.7915340865489908 0.9019807032767571 0.8344855486097889 0.8222137023067037 0.7976700097005334 0.8099418560036186 0.7547185476397354 0.7547185476397354 0.8344855486097889 0.7669903939428205 0.7485826244881929 0.8835729338221293 1.2087768608538851 1.380582709097077 1.337631247036279 1.3069516312785663 1.1780972450961724 1.2701360923693108 1.3130875544301088 1.2517283229146832 1.3130875544301088 1.337631247036279 1.2701360923693108 1.3867186322486196 1.4480778637640452 1.4480778637640452 1.576932249946439 1.5278448647340985 1.2333205534600555 1.012427320004523 0.8774370106705868 0.8897088569736719 0.9572040116406401 0.9387962421860124 0.9142525495798421 0.9203884727313847 
-53.5 -54.0 -54.0 -54.0 -54.0 -54.0 -54.5 -54.5 -54.5 -54.0 -54.0 -54.5 -54.5 -54.5 -54.0 -54.0 -53.0 -51.5 -50.5 -50.0 -50.5 -50.5 -51.0 -50.5 -50.5 -51.0 -51.0 -51.0 -50.5 -51.0 -51.0 -52.0 -52.5 -52.0 -51.0 -51.0 -51.5 -51.5 -51.0 -51.0 -51.0 
1.6689710972195777 1.6873788666742053 1.6873788666742053 1.6444274046134073 1.7119225592803755 1.6996507129772904 1.6198837120072371 1.6382914814618648 1.6566992509164924 1.6751070203711202 1.6689710972195777 1.6751070203711202 1.6321555583103222 1.6873788666742053 1.6505633277649499 1.748738098189631 1.9144080232812801 2.067806102069844 1.9205439464328227 1.705786636128833 1.5892040962495242 1.662835174068035 1.748738098189631 1.736466251886546 1.6812429435226628 1.6935147898257479 1.748738098189631 1.7241944055834606 1.6812429435226628 1.7978254834019713 1.8837284075235674 2.12916533358527 2.2089323345553233 2.012582793705961 1.5462526341887264 1.3928545554001621 1.3621749396424494 1.2701360923693108 1.1965050145508 1.2026409377023426 1.2087768608538851 
-59.5 -59.5 -59.5 -59.0 -59.0 -59.5 -59.0 -59.0 -59.0 -59.0 -59.5 -59.5 -59.5 -59.5 -59.0 -58.0 -56.0 -53.0 -51.0 -50.0 -51.5 -51.5 -51.0 -51.5 -51.5 -51.5 -51.5 -51.5 -51.5 -51.0 -51.0 -53.0 -57.0 -57.0 -58.5 -60.0 -61.0 -60.0 -59.0 -58.5 -60.5 
1.7732817907958012 1.7732817907958012 1.6935147898257479 1.7426021750380885 1.736466251886546 1.705786636128833 1.6935147898257479 1.7303303287350031 1.6751070203711202 1.7303303287350031 1.6505633277649499 1.662835174068035 1.748738098189631 1.6751070203711202 1.6689710972195777 1.705786636128833 1.7978254834019713 1.9389517158874505 1.9082721001297376 1.7978254834019713 1.846912868614312 2.043262409463674 1.945087639038993 1.9880391010997909 2.067806102069844 2.0923497946760143 2.110757564130642 1.8837284075235674 2.043262409463674 1.9757672547967058 2.043262409463674 2.098485717827557 2.1966604882522383 2.000310947402876 1.761009944492716 1.6321555583103222 1.6444274046134073 1.6812429435226628 1.5401167110371838 1.6014759425526093 1.5830681730979816 
-58.5 -58.5 -58.5 -59.0 -59.0 -59.0 -59.0 -59.5 -59.5 -59.0 -59.0 -59.0 -59.0 -59.0 -58.5 -58.5 -56.5 -54.5 -52.5 -52.5 -55.0 -55.0 -55.5 -56.0 -55.0 -55.0 -55.5 -54.5 -54.5 -54.0 -53.0 -53.0 -53.0 -53.5 -54.5 -55.0 -55.0 -55.0 -54.5 -55.0 -55.0 
5.516194913236766 5.546874528994478 5.47937937432751 5.47937937432751 5.436427912266712 5.424156065963627 5.436427912266712 5.43029198911517 5.47937937432751 5.399612373357457 5.45483568172134 5.442563835418255 5.436427912266712 5.356660911296659 5.332117218690489 5.411884219660542 5.418020142812084 5.675728915176872 5.64504929941916 5.4671075280244255 5.307573526084319 5.356660911296659 5.203262832508095 5.080544369477243 5.098952138931871 5.154175447295755 5.111223985234957 5.301437602932776 5.405748296509 5.491651220630596 5.589825991055276 5.853670686571607 5.71868037723767 5.5284667595398505 5.325981295538946 5.424156065963627 5.565282298449106 5.405748296509 5.418020142812084 5.448699758569798 5.436427912266712 
-63.0 -62.0 -62.0 -62.0 -62.5 -62.0 -62.5 -62.0 -63.0 -62.0 -62.5 -62.5 -62.5 -62.0 -62.0 -63.0 -63.0 -62.0 -58.5 -58.5 -58.5 -59.0 -59.0 -59.5 -60.0 -60.5 -59.5 -58.5 -58.5 -58.0 -59.0 -57.5 -61.0 -61.0 -60.0 -59.0 -59.0 -60.0 -59.0 -59.0 -59.0 
6.019340611663256 5.841398840268521 5.841398840268521 5.780039608753096 5.688000761479957 5.970253226450915 6.031612457966341 5.859806609723149 5.853670686571607 5.964117303299373 5.902758071783947 5.927301764390117 5.872078456026235 5.7616318392984684 6.025476534814799 5.730952223540755 5.921165841238575 5.264622064023521 5.2339424482658075 5.994796919057086 5.663457068873787 5.651185222570702 5.583690067903734 5.638913376267617 5.546874528994478 5.540738605842936 5.810719224510809 5.884350302329319 2.6384469551633027 5.117359908386499 5.325981295538946 5.577554144752192 5.436427912266712 5.117359908386499 4.902602598082509 4.957825906446392 5.074408446325701 4.896466674930966 4.847379289718626 
-70.0 -70.0 -68.5 -70.0 -69.0 -71.0 -70.5 -70.5 -70.0 -72.0 -71.0 -70.5 -70.5 -70.5 -69.0 -67.0 -62.0 -59.5 -68.0 -66.5 -62.0 -63.0 -64.0 -63.0 -63.0 -63.0 -63.5 -64.0 -72.5 -64.5 -62.0 -61.0 -61.5 -63.0 -63.0 -63.0 -64.0 -63.0 -64.5 
