2.9084275738311756 0.03681553890925539 3.147728576741336 0.0 3.3870295796514958 2.82252464970958 6.234097921967246 3.0372819600135696 3.0250101137104846 3.043417883165112 6.277049384028044 0.9756117810952678 4.246058820867455 3.411573272257666 2.9329712664373457 2.2886993355253766 2.6200391857086753 2.4175537217077703 2.6568547246179306 2.6384469551633027 2.6998061866787286 2.6261751088602177 2.8286605728611223 2.5464081078901644 2.6323110320117604 2.4850488763747385 2.705942109830271 3.2888548092268146 2.60776733940559 2.767301341345697 2.6384469551633027 2.564815877344792 2.6875343403756435 2.5770877236478773 2.662990647769473 
-67.0 -69.5 -68.0 -69.0 -67.5 -65.5 -69.5 -68.0 -68.5 -69.5 -73.0 -72.5 -67.5 -64.5 -63.0 -62.5 -67.0 -68.0 -69.0 -71.5 -67.0 -68.0 -68.5 -68.5 -66.5 -67.5 -65.5 -70.5 -69.5 -69.0 -67.5 -66.5 -67.0 -68.0 -68.0 
1.4603497100671303 1.4296700943094176 1.521708941582556 1.4787574795217582 1.6321555583103222 1.4726215563702154 1.41126232485479 1.4726215563702154 1.4051264017032472 1.509437095279471 1.4664856332186729 1.3621749396424494 1.6014759425526093 1.423534171157875 1.337631247036279 1.380582709097077 1.325359400733194 1.2916118233997098 1.3008157081270237 2.067806102069844 2.073942025221387 1.9512235621905356 1.8407769454627694 1.9634954084936207 1.9512235621905356 1.9941750242513334 1.9696313316451632 1.9266798695843652 2.0923497946760143 1.9266798695843652 1.8223691760081417 1.509437095279471 1.7119225592803755 1.5462526341887264 1.4971652489763858 1.5585244804918115 1.5278448647340985 1.6873788666742053 1.3928545554001621 1.552388557340269 1.5585244804918115 
-62.0 -63.0 -62.5 -62.5 -62.5 -62.5 -63.0 -62.5 -62.5 -62.0 -62.5 -62.0 -62.0 -62.0 -61.5 -62.0 -63.0 -65.0 -66.5 -63.0 -65.0 -61.5 -61.5 -61.0 -59.5 -60.0 -60.0 -61.0 -62.5 -64.0 -63.5 -63.5 -62.5 -62.0 -62.0 -62.5 -61.5 -61.5 -62.5 -63.0 -62.0 
1.0369710126106935 1.055378782065321 1.086058397823034 1.055378782065321 1.0615147052168636 1.0676506283684062 1.043106935762236 1.043106935762236 1.0799224746714913 1.0615147052168636 1.086058397823034 1.0492428589137786 1.0799224746714913 1.0615147052168636 1.0799224746714913 1.0615147052168636 1.0185632431560658 0.9817477042468103 1.0676506283684062 0.9756117810952678 1.1228739367322893 1.2333205534600555 1.2578642460662257 1.1228739367322893 1.0615147052168636 1.055378782065321 1.0921943209745766 1.0799224746714913 1.030835089459151 1.0492428589137786 1.1658253987930873 1.2517283229146832 1.2701360923693108 1.000155473701438 0.8528933180644165 0.9510680884890975 0.9326603190344698 0.9203884727313847 0.859029241215959 0.9265243958829272 0.9387962421860124 0.944932165337555 0.9572040116406401 0.9510680884890975 0.9817477042468103 
-49.0 -49.0 -49.0 -49.0 -49.0 -49.0 -49.0 -49.0 -49.0 -49.0 -49.5 -49.5 -49.0 -49.0 -49.5 -49.5 -48.5 -49.5 -49.0 -50.0 -51.5 -51.5 -51.0 -51.0 -52.0 -53.0 -54.0 -53.5 -53.0 -53.0 -51.5 -51.5 -52.5 -52.5 -50.5 -49.5 -49.5 -49.0 -49.0 -48.5 -48.0 -48.5 -49.0 -48.5 -48.5 
1.1228739367322893 1.1167380135807468 1.1044661672776617 1.1351457830353744 1.1596894756415448 1.0983302441261191 1.1965050145508 1.086058397823034 1.1106020904292042 1.1044661672776617 1.1106020904292042 1.1044661672776617 1.1290098598838318 1.1228739367322893 1.1290098598838318 1.0799224746714913 1.0369710126106935 1.1198059751565181 1.380582709097077 1.4419419406125027 1.3130875544301088 1.4971652489763858 1.4542137869155878 1.5155730184310134 1.5585244804918115 1.521708941582556 1.509437095279471 1.4787574795217582 1.5278448647340985 1.576932249946439 1.4603497100671303 1.5033011721279284 1.5953400194010667 1.5278448647340985 1.6260196351587797 1.4726215563702154 1.2762720155208536 1.1474176293384597 1.0983302441261191 1.0921943209745766 1.0921943209745766 1.0615147052168636 1.0983302441261191 1.055378782065321 1.0615147052168636 
-50.5 -50.5 -50.0 -50.5 -50.0 -50.5 -50.0 -50.5 -50.5 -50.5 -50.5 -50.0 -50.5 -50.5 -50.5 -50.5 -51.5 -52.5 -51.5 -50.5 -51.0 -51.0 -51.0 -51.0 -51.5 -51.5 -51.5 -52.0 -51.5 -51.5 -51.0 -50.5 -52.0 -51.5 -52.5 -54.0 -53.0 -52.5 -51.5 -51.0 -51.0 -51.0 -51.0 -51.0 -51.0 
1.282407938672396 1.380582709097077 1.337631247036279 1.3744467859455345 1.337631247036279 1.3744467859455345 1.380582709097077 1.3560390164909069 1.3499030933393643 1.41126232485479 1.3867186322486196 1.3744467859455345 1.3560390164909069 1.380582709097077 1.3867186322486196 1.380582709097077 1.3314953238847365 1.500233210552157 1.902136176978195 1.8837284075235674 1.7855536370988863 1.7548740213411735 1.8346410223112268 1.8653206380689396 2.0800779483729293 2.0923497946760143 2.086213871524472 2.073942025221387 2.0800779483729293 2.0800779483729293 1.9389517158874505 1.8039614065535141 1.9634954084936207 2.110757564130642 2.116893487282185 1.9512235621905356 1.736466251886546 1.6014759425526093 1.4173982480063325 1.4051264017032472 1.4051264017032472 1.3867186322486196 1.3499030933393643 1.337631247036279 1.3560390164909069 
-50.0 -50.0 -50.0 -50.0 -50.0 -50.0 -50.0 -50.0 -50.0 -50.0 -50.0 -50.0 -49.5 -50.0 -50.0 -50.0 -51.0 -52.5 -49.0 -48.0 -47.5 -49.0 -49.0 -50.5 -50.0 -50.0 -50.0 -50.0 -50.0 -50.5 -50.0 -50.0 -47.5 -48.0 -49.5 -51.0 -52.0 -53.0 -52.0 -51.0 -51.0 -50.5 -50.5 -50.5 -50.0 
1.718058482431918 1.748738098189631 1.761009944492716 1.7732817907958012 1.7794177139473437 1.7978254834019713 1.7303303287350031 1.8162332528565992 1.718058482431918 1.7794177139473437 1.8100973297050567 1.7855536370988863 1.7794177139473437 1.8100973297050567 1.7794177139473437 1.761009944492716 1.6873788666742053 1.825437137583913 2.2150682577068657 2.227340104009951 2.1905245651006955 2.2457478734645786 2.2150682577068657 2.2334760271614935 2.3930100291016 2.3623304133438876 2.442097414313941 2.429825568010856 2.442097414313941 2.313243028131547 2.350058567040802 2.350058567040802 2.1475731030398975 2.3071071049800045 2.454369260617026 2.429825568010856 2.0923497946760143 1.8714565612204823 1.7119225592803755 1.7978254834019713 1.859184714917397 1.7978254834019713 1.7426021750380885 1.7303303287350031 1.7732817907958012 
-51.0 -51.5 -51.0 -51.0 -51.0 -51.0 -51.0 -51.0 -51.0 -51.0 -51.0 -50.5 -50.5 -50.5 -50.5 -50.5 -53.5 -55.5 -53.5 -51.5 -53.0 -53.0 -51.5 -52.0 -52.5 -52.5 -52.0 -52.5 -52.5 -53.0 -52.0 -53.0 -52.5 -51.0 -51.5 -54.0 -56.5 -56.0 -55.0 -53.5 -52.5 -52.0 -52.0 -52.5 -52.0 
5.197126909356553 5.393476450205914 5.178719139901925 5.154175447295755 5.1725832167503825 5.522330836388308 5.056000676871073 5.534602682691394 4.9823695990525625 5.227806525114265 5.031456984264903 5.190990986205009 4.914874444385594 5.184855063053467 5.135767677841127 4.890330751779424 5.460971604872882 5.767767762450011 6.013204688511713 6.191146459906448 5.50392306693368 5.749359992995383 5.595961914206819 5.7616318392984684 6.019340611663256 5.957981380147831 5.8659425328746915 5.896622148632405 5.890486225480862 6.117515382087937 5.853670686571607 5.93343768754166 5.47937937432751 5.982525072754001 6.2463697682703305 6.166602767300278 6.019340611663256 6.013204688511713 5.743224069843841 5.424156065963627 5.240078371417351 5.246214294568893 5.491651220630596 5.368932757599744 5.442563835418255 
-62.5 -62.5 -63.5 -63.0 -62.5 -63.5 -63.0 -64.0 -63.0 -63.0 -63.5 -63.0 -63.0 -63.5 -63.0 -63.5 -65.0 -63.0 -58.5 -56.5 -58.0 -58.5 -59.0 -59.0 -57.0 -58.5 -59.5 -59.5 -59.0 -58.0 -58.5 -59.5 -57.0 -56.0 -57.0 -58.0 -58.5 -59.5 -62.5 -63.0 -62.5 -62.5 -62.0 -63.0 -63.5 
5.154175447295755 5.387340527054372 5.0682725231741586 5.2768939103266055 5.160311370447297 5.325981295538946 5.240078371417351 5.565282298449106 5.092816215780329 5.473243451175968 5.203262832508095 5.166447293598839 5.166447293598839 5.178719139901925 5.141903600992669 5.896622148632405 5.939573610693203 0.2454369260617026 6.209554229361076 5.93343768754166 0.6381360077604268 0.2638446955163303 0.030679615757712823 6.0991076126333095 6.056156150572511 0.01227184630308513 0.20248546400090464 6.209554229361076 6.1420590746941075 2.742757648739526 5.651185222570702 6.074563920027139 0.1718058482431918 1.6751070203711202 5.049864753719531 1.748738098189631 4.681709364626977 4.908738521234052 
-65.5 -64.0 -64.0 -64.0 -64.0 -64.0 -63.5 -64.0 -63.5 -64.5 -63.5 -62.0 -63.0 -64.0 -64.0 -62.0 -60.5 -66.5 -61.0 -67.0 -69.0 -63.0 -63.5 -63.0 -63.0 -63.0 -64.0 -67.0 -62.5 -67.5 -62.5 -61.0 -64.5 -76.5 -69.0 -69.5 -69.0 -68.5 
