2.6384469551633027 2.5709518004963345 2.5157284921324514 2.60776733940559 2.5770877236478773 2.9084275738311756 2.748893571891069 2.564815877344792 2.650718801466388 2.724349879284899 2.60776733940559 2.730485802436441 2.6998061866787286 2.6998061866787286 3.000466421104314 3.3502140407422405 3.5465635815916023 3.9576704327449543 4.460816131171445 4.295146206079795 3.877903431774901 3.6876898140770815 3.6201946594101133 3.497476196379262 3.5956509668039427 3.890175278077986 3.479068426924634 3.9576704327449543 3.8717675086233583 4.061981126321178 3.5956509668039427 0.018407769454627694 0.0674951546669682 3.2765829629237295 2.9268353432858034 2.6016314162540475 5.9518454569962875 2.718213956133356 
-65.5 -66.0 -66.0 -65.5 -65.0 -65.5 -65.0 -65.5 -65.0 -66.0 -66.5 -64.5 -66.0 -65.5 -65.5 -68.0 -67.0 -68.0 -67.0 -65.5 -66.0 -67.0 -67.0 -68.0 -68.0 -67.5 -67.0 -68.0 -69.0 -68.0 -66.5 -70.0 -67.0 -65.5 -65.0 -65.0 -65.5 -66.0 
2.012582793705961 2.000310947402876 1.9634954084936207 2.0371264863121317 2.141437179888355 2.0800779483729293 2.0800779483729293 2.1353012567368124 2.0923497946760143 2.030990563160589 2.098485717827557 2.055534255766759 2.0800779483729293 1.9941750242513334 2.1230294104337273 2.1966604882522383 2.5341362615870793 2.564815877344792 3.3011266555298997 3.11091303783208 2.834796496012665 2.6384469551633027 2.724349879284899 2.5770877236478773 2.6691265709210157 2.6261751088602177 2.8102528034064944 2.767301341345697 2.804116880254952 2.84706834231575 1.8837284075235674 1.9696313316451632 1.8775924843720249 1.6321555583103222 1.8100973297050567 1.7855536370988863 1.8285050991596843 1.9573594853420782 
-64.0 -62.5 -64.0 -64.0 -64.0 -63.5 -64.5 -63.0 -63.5 -63.5 -63.5 -63.0 -64.5 -63.0 -63.0 -62.5 -62.0 -62.5 -62.5 -61.0 -62.0 -62.0 -62.5 -62.0 -62.5 -63.0 -63.0 -63.0 -63.5 -65.5 -62.5 -64.5 -62.5 -62.0 -63.0 -62.0 -62.5 -62.5 
0.6565437772150544 0.6810874698212247 0.6565437772150544 0.6872233929727672 0.6565437772150544 0.6994952392758523 0.6933593161243098 0.7179030087304801 0.705631162427395 0.7117670855789375 0.662679700366597 0.6933593161243098 0.6013204688511713 0.705631162427395 0.7853981633974483 1.055378782065321 1.2946797849754812 1.282407938672396 1.6812429435226628 1.3437671701878218 1.055378782065321 0.9326603190344698 1.012427320004523 1.0492428589137786 1.086058397823034 1.043106935762236 1.043106935762236 0.9756117810952678 1.0615147052168636 1.2455923997631406 1.4603497100671303 1.282407938672396 1.1228739367322893 1.1719613219446299 1.0185632431560658 0.8344855486097889 0.7547185476397354 0.859029241215959 0.8344855486097889 0.8344855486097889 
-51.5 -51.5 -51.0 -51.5 -51.0 -51.5 -51.0 -51.5 -51.5 -51.0 -51.0 -51.5 -51.0 -51.0 -51.5 -52.0 -54.5 -57.0 -54.0 -51.5 -51.5 -53.5 -54.5 -54.0 -54.0 -54.5 -54.0 -54.0 -53.0 -52.5 -54.0 -55.5 -54.5 -53.0 -51.5 -52.0 -52.5 -51.5 -51.5 -52.0 
0.7547185476397354 0.6933593161243098 0.7485826244881929 0.7853981633974483 0.7669903939428205 0.7547185476397354 0.7424467013366504 0.7179030087304801 0.7363107781851077 0.7301748550335652 0.7117670855789375 0.705631162427395 0.760854470791278 0.7301748550335652 0.7731263170943632 0.8897088569736719 1.1351457830353744 1.423534171157875 1.5892040962495242 1.3867186322486196 1.4173982480063325 1.3621749396424494 1.4480778637640452 1.423534171157875 1.3928545554001621 1.4848934026733007 1.4971652489763858 1.3989904785517047 1.423534171157875 1.5401167110371838 1.5155730184310134 1.5830681730979816 1.6321555583103222 1.227184630308513 0.9326603190344698 0.8467573949128739 0.8160777791551611 0.7915340865489908 0.8222137023067037 0.803805932852076 
-53.0 -52.5 -52.5 -53.0 -52.5 -53.0 -52.5 -52.5 -52.5 -52.5 -53.0 -53.0 -53.0 -53.0 -52.5 -52.0 -52.5 -52.5 -51.5 -51.0 -51.5 -52.0 -52.0 -51.5 -51.5 -51.0 -51.5 -51.5 -51.0 -51.5 -51.5 -53.0 -53.5 -53.0 -52.0 -52.0 -52.0 -51.5 -52.0 -52.0 
1.4173982480063325 1.3499030933393643 1.4358060174609601 1.368310862793992 1.423534171157875 1.4480778637640452 1.3560390164909069 1.2946797849754812 1.380582709097077 1.4173982480063325 1.4296700943094176 1.3928545554001621 1.2885438618239387 1.4358060174609601 1.5953400194010667 1.932815792735908 2.2027964114037806 2.1966604882522383 1.9696313316451632 1.859184714917397 1.8223691760081417 1.8285050991596843 1.8960002538266525 1.8960002538266525 1.8775924843720249 1.8653206380689396 1.9082721001297376 1.945087639038993 1.88986433067511 1.8960002538266525 1.9082721001297376 2.2764274892222915 2.2518837966161214 1.9144080232812801 1.4910293258248433 1.3989904785517047 1.3069516312785663 1.2210487071569704 1.227184630308513 1.2210487071569704 
-60.0 -60.0 -60.0 -59.5 -60.0 -60.0 -60.5 -59.5 -60.0 -59.5 -59.5 -59.0 -59.5 -59.0 -59.0 -58.0 -57.0 -55.5 -51.0 -51.5 -52.5 -52.5 -52.5 -53.0 -53.0 -53.0 -52.5 -53.0 -53.5 -53.0 -52.5 -57.0 -58.5 -58.5 -62.0 -63.0 -64.0 -63.0 -62.5 -63.5 
1.576932249946439 1.6198837120072371 1.5278448647340985 1.607611865704152 1.5830681730979816 1.521708941582556 1.5278448647340985 1.4910293258248433 1.5462526341887264 1.533980787885641 1.533980787885641 1.5155730184310134 1.5707963267948966 1.509437095279471 1.5585244804918115 1.6812429435226628 1.9144080232812801 2.1475731030398975 1.9880391010997909 1.9819031779482483 2.0493983326152168 2.116893487282185 2.024854640009046 2.1353012567368124 2.172116795646068 2.141437179888355 2.067806102069844 2.0923497946760143 2.1966604882522383 2.061670178918302 2.116893487282185 2.282563412373834 2.282563412373834 2.067806102069844 1.7794177139473437 1.533980787885641 1.5033011721279284 1.509437095279471 1.521708941582556 1.5278448647340985 
-56.5 -56.5 -56.5 -56.0 -57.0 -56.5 -57.0 -57.0 -56.5 -56.0 -57.0 -57.0 -56.5 -56.5 -57.0 -56.5 -55.5 -54.0 -52.5 -53.0 -55.5 -54.5 -56.0 -56.0 -56.0 -56.0 -56.5 -55.0 -55.0 -54.0 -53.0 -54.5 -54.5 -54.5 -55.5 -55.5 -55.5 -55.5 -56.0 -56.0 
5.21553467881118 5.270757987175063 5.246214294568893 5.283029833478148 5.289165756629691 5.301437602932776 5.473243451175968 5.418020142812084 5.3198453723874035 5.2768939103266055 5.258486140871978 5.258486140871978 5.270757987175063 5.295301679781233 5.246214294568893 5.289165756629691 5.283029833478148 5.565282298449106 6.056156150572511 5.743224069843841 5.559146375297564 5.5284667595398505 5.577554144752192 5.424156065963627 5.270757987175063 5.350524988145116 5.283029833478148 5.3198453723874035 5.583690067903734 5.589825991055276 5.6143696836614465 5.8045833013592665 5.853670686571607 5.724816300389213 5.546874528994478 5.399612373357457 5.424156065963627 5.5100589900852235 5.3198453723874035 5.399612373357457 5.460971604872882 
-61.5 -62.0 -61.5 -62.0 -60.5 -61.5 -62.0 -61.0 -62.0 -61.5 -61.0 -60.5 -59.5 -61.0 -62.0 -62.0 -62.0 -63.0 -62.5 -58.5 -59.5 -58.0 -58.5 -58.5 -59.5 -60.0 -60.0 -59.5 -59.0 -58.5 -58.0 -58.5 -59.0 -62.0 -61.0 -60.5 -60.5 -60.5 -60.5 -60.5 -60.0 
2.018718716857504 5.301437602932776 5.356660911296659 5.289165756629691 2.073942025221387 1.9389517158874505 5.221670601962723 4.945554060143307 5.080544369477243 5.368932757599744 5.21553467881118 2.0064468705544187 5.0682725231741586 5.141903600992669 5.491651220630596 5.816855147662351 5.246214294568893 6.056156150572511 5.957981380147831 5.602097837358362 5.700272607783043 5.71868037723767 5.559146375297564 5.663457068873787 5.589825991055276 5.620505606812989 5.970253226450915 1.846912868614312 5.117359908386499 5.546874528994478 5.583690067903734 5.45483568172134 5.135767677841127 5.123495831538041 1.7794177139473437 4.908738521234052 
-71.5 -70.0 -69.0 -71.0 -71.0 -71.0 -70.5 -71.5 -71.0 -70.0 -69.5 -72.0 -70.5 -66.5 -64.5 -61.0 -60.5 -72.5 -67.0 -65.0 -65.5 -64.5 -64.5 -65.0 -65.0 -65.5 -66.0 -67.0 -62.5 -61.5 -61.0 -61.5 -62.5 -65.5 -67.0 -64.5 
