2.718213956133356 2.84706834231575 2.761165418194154 2.7120780329818137 6.019340611663256 6.050020227420969 2.748893571891069 2.724349879284899 3.2520392703175593 2.84706834231575 2.8777479580734626 2.8716120349219203 3.0066023442558567 3.0495538063166547 3.06182565261974 0.9572040116406401 4.025165587411922 3.749049045592507 0.5399612373357456 0.4663301595172349 3.356349963893783 3.5342917352885173 3.718369429834794 3.9392626632903265 3.153864499892878 3.368621810196868 3.117048960983623 2.705942109830271 2.8102528034064944 2.9575149590435164 2.4850488763747385 2.705942109830271 
-64.5 -65.0 -63.5 -63.5 -65.0 -65.5 -63.5 -64.5 -64.5 -65.0 -65.0 -64.5 -65.5 -68.0 -66.0 -70.0 -67.5 -68.5 -70.0 -71.0 -69.0 -69.0 -69.5 -68.0 -63.5 -63.5 -64.0 -65.0 -65.0 -64.5 -65.0 -65.5 
1.9634954084936207 1.9880391010997909 1.9819031779482483 2.030990563160589 1.9573594853420782 2.018718716857504 2.0064468705544187 2.067806102069844 1.9819031779482483 1.945087639038993 1.945087639038993 2.0064468705544187 2.061670178918302 2.000310947402876 2.043262409463674 1.9757672547967058 2.1475731030398975 2.282563412373834 2.478912953223196 2.9759227284981438 2.6691265709210157 2.4605051837685683 2.454369260617026 2.448233337465483 2.5341362615870793 2.4605051837685683 2.429825568010856 2.718213956133356 3.000466421104314 2.411417798556228 1.9757672547967058 1.9266798695843652 1.902136176978195 2.0064468705544187 1.8960002538266525 1.6689710972195777 1.9205439464328227 
-63.0 -63.0 -63.5 -63.5 -64.0 -64.0 -63.0 -63.5 -63.5 -63.5 -63.5 -63.5 -63.0 -64.5 -63.0 -63.0 -62.5 -62.0 -63.0 -63.0 -63.0 -63.5 -63.5 -62.0 -63.0 -63.0 -64.0 -64.0 -65.5 -63.0 -63.0 -61.5 -62.0 -64.5 -64.5 -65.0 -64.0 
0.8897088569736719 0.8897088569736719 0.859029241215959 0.8958447801252144 0.8897088569736719 0.859029241215959 0.8713010875190442 0.8406214717613314 0.859029241215959 0.8467573949128739 0.8344855486097889 0.8713010875190442 0.8774370106705868 0.8835729338221293 0.8651651643675016 0.9081166264282996 1.0185632431560658 1.1535535524900022 1.0615147052168636 1.6321555583103222 1.423534171157875 1.1228739367322893 0.9572040116406401 0.9817477042468103 1.012427320004523 0.9142525495798421 1.030835089459151 0.9572040116406401 0.9878836273983529 1.0246991663076084 1.1780972450961724 1.3621749396424494 1.346835131763593 1.055378782065321 1.1351457830353744 1.1106020904292042 0.9081166264282996 0.7301748550335652 0.6994952392758523 0.7424467013366504 0.7240389318820226 
-49.5 -49.5 -50.0 -50.0 -50.0 -50.0 -49.5 -50.0 -50.0 -50.0 -49.5 -49.5 -50.0 -50.0 -50.0 -50.0 -50.5 -52.5 -56.0 -56.5 -53.0 -52.0 -53.5 -54.5 -54.5 -55.0 -55.5 -55.5 -55.0 -54.0 -53.0 -54.0 -55.5 -54.0 -52.5 -51.0 -51.0 -51.5 -51.5 -51.0 -51.0 
0.859029241215959 0.8406214717613314 0.8467573949128739 0.9081166264282996 0.859029241215959 0.8467573949128739 0.8528933180644165 0.8283496254582462 0.8528933180644165 0.8467573949128739 0.8222137023067037 0.859029241215959 0.8651651643675016 0.8344855486097889 0.8467573949128739 0.8528933180644165 0.8774370106705868 1.012427320004523 1.3437671701878218 1.7732817907958012 1.552388557340269 1.4910293258248433 1.3989904785517047 1.3989904785517047 1.4726215563702154 1.4910293258248433 1.380582709097077 1.423534171157875 1.4542137869155878 1.423534171157875 1.5033011721279284 1.3744467859455345 4.718524903536232 1.5585244804918115 1.2701360923693108 1.0246991663076084 0.8160777791551611 0.8406214717613314 0.7915340865489908 0.7853981633974483 0.7853981633974483 
-51.5 -51.5 -51.5 -51.5 -51.5 -51.5 -52.0 -52.0 -51.5 -52.0 -51.5 -52.0 -52.0 -51.5 -52.0 -51.5 -51.0 -51.5 -53.0 -52.5 -51.5 -51.5 -52.0 -52.0 -52.0 -52.0 -52.0 -52.0 -52.5 -52.5 -52.5 -52.5 -53.0 -54.0 -53.5 -52.0 -52.0 -53.0 -53.0 -52.5 -53.0 
1.0921943209745766 0.8958447801252144 1.0062913968529805 1.0921943209745766 1.1290098598838318 1.141281706186917 1.1535535524900022 1.1106020904292042 1.1474176293384597 1.1106020904292042 1.1044661672776617 1.0737865515199487 0.9756117810952678 1.1228739367322893 1.1106020904292042 1.227184630308513 1.3744467859455345 1.5830681730979816 2.380738182798515 2.3439226438892597 1.945087639038993 1.9941750242513334 1.9573594853420782 1.9880391010997909 1.9266798695843652 1.8162332528565992 1.7855536370988863 1.932815792735908 1.9696313316451632 1.9205439464328227 1.9573594853420782 1.9757672547967058 5.298369641357005 2.227340104009951 1.9512235621905356 1.6260196351587797 1.2885438618239387 1.4787574795217582 1.2455923997631406 1.1903690913992575 1.227184630308513 
-60.5 -60.5 -59.5 -60.0 -60.0 -60.5 -60.0 -60.5 -60.0 -60.0 -60.0 -60.0 -60.0 -60.0 -59.5 -59.5 -60.0 -60.5 -61.5 -53.5 -53.0 -54.0 -54.5 -54.5 -54.5 -55.0 -56.0 -56.0 -55.5 -56.5 -54.5 -53.5 -54.5 -58.5 -57.0 -59.5 -61.5 -63.5 -63.0 -62.0 -62.5 
1.4971652489763858 1.533980787885641 1.4848934026733007 1.4848934026733007 1.4971652489763858 1.5278448647340985 1.4787574795217582 1.4848934026733007 1.4726215563702154 1.4419419406125027 1.4910293258248433 1.4664856332186729 1.4787574795217582 1.4848934026733007 1.4664856332186729 1.4603497100671303 1.4971652489763858 1.7426021750380885 2.116893487282185 2.110757564130642 2.1046216409791 2.1905245651006955 2.2089323345553233 2.116893487282185 2.116893487282185 1.9880391010997909 2.227340104009951 2.116893487282185 2.1046216409791 2.1782527187976104 2.1353012567368124 2.067806102069844 5.31064148766009 2.2027964114037806 2.2089323345553233 1.7978254834019713 1.552388557340269 1.5278448647340985 1.4910293258248433 1.4480778637640452 1.4358060174609601 
-55.0 -55.0 -54.5 -55.0 -55.0 -55.0 -55.0 -55.5 -54.5 -55.0 -55.0 -55.0 -55.0 -55.0 -55.0 -55.0 -55.5 -55.5 -56.0 -53.0 -54.5 -56.0 -55.0 -55.0 -57.0 -56.0 -56.0 -57.0 -57.0 -55.5 -56.0 -54.5 -55.0 -54.5 -54.5 -55.5 -56.0 -56.0 -56.5 -56.5 -57.5 
5.264622064023521 5.3198453723874035 5.344389064993574 5.313709449235861 5.295301679781233 5.393476450205914 5.45483568172134 5.375068680751287 5.325981295538946 5.332117218690489 5.332117218690489 5.405748296509 5.307573526084319 5.411884219660542 5.399612373357457 5.45483568172134 5.411884219660542 5.325981295538946 6.019340611663256 5.816855147662351 5.675728915176872 5.651185222570702 5.5714182216006485 5.6143696836614465 5.313709449235861 5.283029833478148 5.405748296509 5.589825991055276 5.651185222570702 5.620505606812989 5.595961914206819 5.565282298449106 5.712544454086128 5.436427912266712 5.424156065963627 5.485515297479052 5.45483568172134 5.559146375297564 5.50392306693368 
-60.0 -60.5 -61.0 -61.0 -60.0 -60.5 -61.0 -60.0 -61.0 -61.0 -60.5 -60.5 -60.5 -60.5 -61.0 -61.0 -62.0 -61.5 -63.0 -57.5 -60.0 -57.5 -58.5 -58.5 -59.5 -61.0 -60.5 -60.5 -59.5 -59.0 -57.5 -58.5 -59.5 -60.5 -60.5 -61.0 -61.0 -62.0 -61.5 
4.620350133111551 4.651029748869264 4.663301595172349 4.601942363656923 1.4910293258248433 4.331961744989051 4.693981210930062 4.632621979414636 4.374913207049849 4.632621979414636 4.565126824747668 4.430136515413731 4.381049130201391 1.5401167110371838 4.669437518323892 4.700117134081604 5.755495916146925 5.313709449235861 4.700117134081604 5.835262917116979 5.798447378207723 5.516194913236766 5.154175447295755 5.577554144752192 5.50392306693368 1.7978254834019713 2.030990563160589 5.460971604872882 5.166447293598839 4.878058905476339 4.822835597112456 4.902602598082509 1.4358060174609601 
-65.5 -64.0 -65.5 -66.0 -66.0 -66.0 -64.5 -66.0 -65.5 -66.0 -65.5 -65.5 -66.0 -67.0 -64.5 -62.5 -62.5 -61.0 -67.5 -67.5 -67.0 -65.0 -65.0 -67.5 -66.5 -69.0 -63.5 -61.0 -63.0 -65.5 -65.5 -69.5 -72.0 
