2.730485802436441 2.791845033951867 2.736621725587984 2.693670263527186 2.6813984172241008 2.4911847995262812 2.7550294950426117 2.5954954931025047 2.7120780329818137 2.6875343403756435 2.5709518004963345 2.9329712664373457 2.5709518004963345 2.804116880254952 2.816388726558037 2.718213956133356 3.32567034813607 3.466796580621549 3.1968159619536762 3.933126740138784 4.0987966652304335 4.123340357836604 3.933126740138784 3.497476196379262 3.6999616603801666 3.7122335066832517 3.54042765844006 3.834951969714103 4.0987966652304335 3.724505352986337 3.4054373491061236 2.9268353432858034 3.147728576741336 3.356349963893783 2.9943304979527716 6.037748381117884 2.6139032625571326 2.742757648739526 2.791845033951867 2.761165418194154 2.6139032625571326 
-63.5 -64.5 -65.0 -65.5 -66.0 -65.5 -66.0 -65.5 -66.0 -66.0 -64.0 -65.5 -66.0 -65.5 -65.5 -65.5 -66.0 -66.0 -67.5 -67.0 -67.0 -66.5 -65.5 -65.0 -65.5 -66.0 -65.5 -67.0 -69.0 -68.0 -66.5 -66.0 -64.5 -63.0 -63.5 -65.5 -63.5 -65.5 -65.5 -65.5 -65.5 
1.5401167110371838 1.9941750242513334 1.9266798695843652 2.055534255766759 2.1598449493429825 2.055534255766759 2.0064468705544187 2.0371264863121317 2.086213871524472 2.110757564130642 2.0371264863121317 2.2212041808584084 2.061670178918302 2.067806102069844 2.0923497946760143 2.073942025221387 2.1046216409791 2.435961491162398 2.5586799541932495 2.9759227284981438 3.215223731408304 3.3624858870453256 2.988194574801229 2.9513790358919736 2.9084275738311756 3.000466421104314 3.0250101137104846 2.9759227284981438 3.0495538063166547 3.1231848841351653 2.8654761117703775 2.454369260617026 2.2212041808584084 1.9634954084936207 1.945087639038993 1.8285050991596843 1.7671458676442586 1.7548740213411735 1.9144080232812801 1.9082721001297376 2.067806102069844 1.932815792735908 
-63.5 -64.0 -62.5 -64.0 -64.0 -64.0 -64.0 -64.0 -64.0 -64.0 -64.5 -64.0 -63.5 -64.0 -64.5 -63.0 -62.5 -62.0 -63.0 -62.5 -63.0 -62.5 -62.5 -62.0 -62.5 -63.0 -63.0 -63.5 -63.5 -64.5 -66.5 -65.5 -64.5 -65.5 -62.5 -62.0 -62.5 -62.5 -63.0 -63.0 -62.0 -63.5 
0.7424467013366504 0.760854470791278 0.7424467013366504 0.7424467013366504 0.6994952392758523 0.7363107781851077 0.7240389318820226 0.7547185476397354 0.7485826244881929 0.7363107781851077 0.7363107781851077 0.7240389318820226 0.6933593161243098 0.6994952392758523 0.7240389318820226 0.7547185476397354 1.0185632431560658 1.1167380135807468 1.1903690913992575 1.564660403643354 1.4419419406125027 1.214912784005428 0.9940195505498954 0.9878836273983529 1.000155473701438 1.0676506283684062 1.086058397823034 0.9878836273983529 1.0369710126106935 1.055378782065321 1.1965050145508 1.4480778637640452 1.0983302441261191 1.0369710126106935 1.1044661672776617 0.9694758579437253 0.7731263170943632 0.705631162427395 0.6749515466696822 0.6565437772150544 0.6994952392758523 0.662679700366597 
-50.5 -50.5 -50.5 -51.0 -51.0 -50.5 -51.0 -51.0 -51.0 -51.0 -50.5 -51.0 -50.5 -50.5 -50.5 -51.0 -51.5 -53.0 -56.0 -56.0 -52.5 -51.5 -52.5 -53.5 -53.5 -54.0 -54.5 -53.5 -53.0 -52.5 -52.5 -54.5 -54.5 -52.5 -51.0 -50.5 -50.5 -51.0 -51.5 -51.5 -51.0 -51.0 
0.7976700097005334 0.8160777791551611 0.7915340865489908 0.7853981633974483 0.7669903939428205 0.8222137023067037 0.760854470791278 0.7424467013366504 0.662679700366597 0.7547185476397354 0.7731263170943632 0.7424467013366504 0.705631162427395 0.7731263170943632 0.7485826244881929 0.760854470791278 0.9142525495798421 1.1290098598838318 1.4603497100671303 1.6444274046134073 1.4848934026733007 1.4787574795217582 1.380582709097077 1.3621749396424494 1.3928545554001621 1.3867186322486196 1.3867186322486196 1.4296700943094176 1.368310862793992 1.4173982480063325 1.4603497100671303 1.5278448647340985 1.576932249946439 1.4358060174609601 1.2026409377023426 0.9756117810952678 0.8713010875190442 0.7792622402459057 0.7669903939428205 0.803805932852076 0.8283496254582462 0.7792622402459057 
-52.0 -52.5 -52.5 -52.5 -52.5 -52.5 -52.5 -52.5 -52.5 -52.5 -52.5 -52.5 -52.5 -53.0 -53.0 -53.0 -52.0 -52.0 -53.0 -52.0 -51.0 -51.5 -51.0 -51.5 -51.5 -51.5 -51.5 -51.0 -51.5 -50.5 -51.5 -51.5 -53.5 -53.5 -53.0 -52.0 -52.0 -52.5 -52.5 -52.5 -52.5 -52.0 
1.325359400733194 1.3008157081270237 1.282407938672396 1.380582709097077 1.3499030933393643 1.3192234775816514 1.3069516312785663 1.2762720155208536 1.3192234775816514 1.3192234775816514 1.3560390164909069 1.3130875544301088 1.2578642460662257 1.282407938672396 1.2640001692177683 1.4603497100671303 1.8223691760081417 2.0800779483729293 2.1598449493429825 2.1353012567368124 1.859184714917397 1.8285050991596843 1.7794177139473437 1.8653206380689396 1.88986433067511 1.8223691760081417 1.8653206380689396 1.8346410223112268 1.8407769454627694 1.7978254834019713 1.8775924843720249 1.9512235621905356 2.0800779483729293 1.9880391010997909 1.9144080232812801 1.552388557340269 1.4480778637640452 1.325359400733194 1.4296700943094176 1.3928545554001621 1.3621749396424494 1.3499030933393643 
-59.5 -60.5 -60.0 -60.0 -60.0 -60.5 -60.0 -60.5 -60.0 -60.0 -60.0 -60.0 -60.0 -60.0 -60.0 -59.5 -58.0 -57.5 -56.5 -53.5 -50.5 -51.5 -52.0 -52.0 -51.0 -52.0 -52.0 -51.5 -52.5 -52.0 -52.5 -51.5 -55.5 -56.0 -55.5 -57.5 -58.5 -59.0 -60.5 -61.0 -60.5 -60.5 
1.5401167110371838 1.5278448647340985 1.5401167110371838 1.5585244804918115 1.5462526341887264 1.5707963267948966 1.4910293258248433 1.552388557340269 1.552388557340269 1.533980787885641 1.533980787885641 1.521708941582556 1.5155730184310134 1.5278448647340985 1.5401167110371838 1.4971652489763858 1.7303303287350031 1.8775924843720249 2.1537090261914402 2.086213871524472 1.9573594853420782 2.055534255766759 2.116893487282185 2.0923497946760143 2.043262409463674 2.073942025221387 2.098485717827557 2.12916533358527 2.073942025221387 2.1230294104337273 2.043262409463674 2.110757564130642 2.172116795646068 2.227340104009951 2.12916533358527 1.902136176978195 1.5953400194010667 1.5462526341887264 1.607611865704152 1.7119225592803755 1.6137477888556946 1.6382914814618648 
-56.0 -56.0 -55.5 -56.0 -56.0 -56.0 -56.5 -56.5 -56.0 -56.0 -56.5 -56.5 -56.5 -56.5 -57.0 -57.0 -56.0 -55.0 -54.0 -52.5 -53.0 -55.0 -55.0 -54.5 -56.5 -56.0 -55.5 -56.5 -55.5 -55.5 -54.5 -53.5 -54.0 -54.0 -54.0 -55.5 -56.5 -57.0 -56.0 -56.5 -56.5 -56.5 
5.221670601962723 5.307573526084319 5.197126909356553 5.350524988145116 5.270757987175063 5.307573526084319 5.227806525114265 5.246214294568893 5.2339424482658075 5.2339424482658075 5.21553467881118 5.270757987175063 5.246214294568893 5.178719139901925 5.325981295538946 5.332117218690489 5.295301679781233 5.4671075280244255 5.921165841238575 5.921165841238575 5.620505606812989 5.460971604872882 5.497787143782138 5.583690067903734 5.240078371417351 5.209398755659637 5.178719139901925 5.313709449235861 5.473243451175968 5.375068680751287 5.534602682691394 5.546874528994478 5.896622148632405 5.71868037723767 5.387340527054372 5.381204603902829 5.325981295538946 5.418020142812084 5.368932757599744 5.45483568172134 5.368932757599744 5.45483568172134 
-61.0 -61.0 -61.5 -60.5 -61.5 -61.0 -61.5 -61.5 -61.5 -61.0 -61.5 -61.5 -61.5 -61.5 -61.5 -61.0 -62.0 -62.5 -62.0 -59.0 -59.5 -58.0 -59.0 -59.0 -58.5 -60.0 -60.5 -59.5 -59.0 -59.0 -58.0 -59.5 -59.5 -62.0 -61.5 -60.5 -60.0 -60.5 -61.0 -60.0 -59.5 -61.0 
1.705786636128833 5.123495831538041 5.111223985234957 4.792155981354743 5.006913291658733 5.043728830567988 5.080544369477243 4.945554060143307 4.749204519293945 1.7671458676442586 5.043728830567988 4.97623367590102 4.847379289718626 4.749204519293945 5.485515297479052 5.608233760509904 5.43029198911517 6.000932842208628 5.884350302329319 5.7616318392984684 5.71868037723767 5.6573211457222445 5.546874528994478 5.681864838328415 5.792311455056181 5.767767762450011 2.086213871524472 5.252350217720435 5.730952223540755 5.64504929941916 5.565282298449106 5.393476450205914 2.1598449493429825 2.2641556429192065 5.264622064023521 
-68.0 -67.0 -68.0 -67.0 -68.0 -68.0 -69.0 -68.5 -69.5 -70.5 -69.5 -69.5 -69.0 -65.0 -63.0 -60.0 -59.5 -68.0 -64.5 -65.5 -65.0 -64.0 -64.5 -65.5 -65.5 -65.5 -72.0 -63.5 -62.5 -62.0 -62.0 -63.5 -71.5 -70.5 -68.5 
