2.6384469551633027 2.9575149590435164 2.6691265709210157 2.6813984172241008 2.9513790358919736 2.9206994201342606 2.9206994201342606 2.564815877344792 3.098641191528995 2.890019804376548 2.767301341345697 2.791845033951867 2.724349879284899 4.319689898685965 3.3440781175906977 3.0372819600135696 2.3439226438892597 2.5954954931025047 6.154330920997192 3.074097498922825 3.0127382674073995 2.6998061866787286 2.834796496012665 5.835262917116979 2.4727770300716534 2.8532042654672924 2.5157284921324514 3.067961575771282 3.031146036862027 2.9759227284981438 6.062292073724054 2.9329712664373457 2.9575149590435164 3.2827188860752723 
-67.5 -67.5 -68.0 -67.5 -68.0 -68.5 -68.0 -67.0 -67.0 -68.0 -68.5 -69.0 -66.5 -68.0 -63.0 -62.5 -65.5 -67.5 -72.0 -70.0 -70.0 -69.0 -68.0 -69.0 -66.0 -63.0 -69.0 -68.5 -66.5 -67.5 -68.0 -68.0 -67.5 -68.0 
1.5033011721279284 1.5278448647340985 1.6137477888556946 1.5707963267948966 1.5401167110371838 1.5462526341887264 1.4910293258248433 1.576932249946439 1.3069516312785663 1.3192234775816514 1.4726215563702154 1.5585244804918115 1.5830681730979816 1.4664856332186729 1.4358060174609601 1.423534171157875 1.5033011721279284 1.1167380135807468 2.2948352586769194 2.227340104009951 1.9389517158874505 1.8714565612204823 1.945087639038993 1.9144080232812801 2.000310947402876 1.9144080232812801 1.8100973297050567 2.2396119503130363 1.380582709097077 1.2087768608538851 1.282407938672396 1.3069516312785663 1.4051264017032472 1.3989904785517047 1.5278448647340985 1.5155730184310134 1.4603497100671303 1.6566992509164924 1.6751070203711202 1.576932249946439 
-62.5 -63.0 -63.0 -63.0 -63.0 -62.5 -63.0 -63.0 -62.0 -62.0 -62.5 -63.0 -63.5 -63.0 -63.5 -63.0 -65.5 -70.5 -64.5 -63.5 -63.0 -62.0 -60.0 -59.5 -59.5 -60.0 -61.0 -63.0 -66.0 -64.5 -63.0 -62.5 -62.0 -61.0 -61.0 -61.5 -60.5 -60.5 -61.0 -61.5 
0.9572040116406401 0.9694758579437253 0.9510680884890975 0.9510680884890975 0.9326603190344698 0.9265243958829272 0.9387962421860124 0.9572040116406401 0.9694758579437253 0.944932165337555 0.9572040116406401 0.9510680884890975 0.9572040116406401 0.9694758579437253 0.9387962421860124 0.9326603190344698 0.9081166264282996 0.9510680884890975 0.9756117810952678 1.012427320004523 1.141281706186917 1.2026409377023426 1.0737865515199487 1.0615147052168636 1.0983302441261191 1.1290098598838318 1.1228739367322893 1.1596894756415448 1.086058397823034 1.2087768608538851 1.337631247036279 1.2885438618239387 1.0185632431560658 0.9572040116406401 0.9940195505498954 0.9756117810952678 0.9142525495798421 1.0062913968529805 1.0799224746714913 1.1228739367322893 1.1044661672776617 1.1228739367322893 1.1290098598838318 1.0737865515199487 
-48.5 -49.0 -49.0 -49.0 -48.5 -48.5 -49.0 -49.0 -49.0 -49.0 -48.5 -49.0 -48.5 -49.0 -49.0 -48.5 -48.5 -49.0 -50.0 -50.5 -51.0 -50.5 -50.5 -51.5 -52.5 -52.5 -53.0 -53.0 -52.0 -50.5 -51.0 -51.5 -52.0 -50.0 -49.0 -49.0 -48.0 -48.0 -48.5 -48.5 -48.5 -49.0 -48.5 -48.5 
1.0921943209745766 1.0983302441261191 1.086058397823034 1.1290098598838318 1.086058397823034 1.0799224746714913 1.0983302441261191 1.0799224746714913 1.0737865515199487 1.1044661672776617 1.0983302441261191 1.0921943209745766 1.0615147052168636 1.086058397823034 1.0799224746714913 1.0492428589137786 1.0369710126106935 1.3314953238847365 1.337631247036279 1.2026409377023426 1.4726215563702154 1.5278448647340985 1.4542137869155878 1.4787574795217582 1.533980787885641 1.4726215563702154 1.5033011721279284 1.533980787885641 1.5830681730979816 1.4051264017032472 1.5401167110371838 1.5401167110371838 1.5278448647340985 1.4726215563702154 1.2517283229146832 1.1290098598838318 0.9940195505498954 1.012427320004523 1.0921943209745766 1.1351457830353744 1.141281706186917 1.1903690913992575 1.1658253987930873 1.1535535524900022 
-50.5 -50.5 -50.5 -51.0 -50.5 -50.5 -50.5 -50.5 -50.5 -50.5 -50.5 -50.5 -50.5 -50.0 -50.5 -51.0 -51.5 -51.5 -50.0 -50.0 -51.0 -50.0 -50.5 -51.0 -50.5 -51.0 -51.0 -51.5 -51.5 -50.5 -49.5 -50.0 -51.0 -52.5 -52.5 -52.0 -51.5 -50.5 -50.0 -49.5 -49.0 -49.5 -49.5 -49.5 
1.3314953238847365 1.3437671701878218 1.3130875544301088 1.3008157081270237 1.3314953238847365 1.282407938672396 1.2885438618239387 1.3192234775816514 1.3008157081270237 1.3130875544301088 1.2946797849754812 1.3069516312785663 1.2946797849754812 1.2885438618239387 1.227184630308513 1.2517283229146832 1.3314953238847365 1.6566992509164924 1.718058482431918 1.736466251886546 1.6873788666742053 1.705786636128833 1.7916895602504288 1.859184714917397 1.9205439464328227 1.9941750242513334 2.030990563160589 2.018718716857504 1.9634954084936207 1.748738098189631 1.6812429435226628 1.7855536370988863 1.8837284075235674 1.8223691760081417 1.7426021750380885 1.607611865704152 1.4419419406125027 1.3560390164909069 1.41126232485479 1.41126232485479 1.4296700943094176 1.3744467859455345 1.3437671701878218 1.3867186322486196 
-50.0 -50.0 -50.0 -50.0 -50.0 -50.0 -50.0 -50.0 -50.0 -50.0 -50.0 -49.5 -50.0 -50.0 -50.0 -49.5 -51.5 -50.0 -48.0 -48.0 -48.5 -49.0 -50.5 -49.5 -49.0 -49.0 -49.5 -50.0 -50.0 -49.5 -48.5 -46.5 -47.0 -48.5 -50.0 -51.5 -52.5 -51.0 -50.0 -50.0 -49.5 -49.5 -50.0 -49.5 
1.748738098189631 1.736466251886546 1.736466251886546 1.7426021750380885 1.7548740213411735 1.736466251886546 1.6996507129772904 1.761009944492716 1.736466251886546 1.718058482431918 1.7303303287350031 1.7548740213411735 1.736466251886546 1.7119225592803755 1.7119225592803755 1.7119225592803755 1.8346410223112268 2.0923497946760143 1.9941750242513334 2.1353012567368124 2.172116795646068 2.098485717827557 2.2518837966161214 2.1659808724945253 2.1966604882522383 2.3009711818284617 2.282563412373834 2.325514874434632 2.3193789512830896 2.1905245651006955 2.141437179888355 1.9512235621905356 2.116893487282185 2.3071071049800045 2.1537090261914402 1.8960002538266525 1.6198837120072371 1.7241944055834606 1.761009944492716 1.7978254834019713 1.8285050991596843 1.8407769454627694 1.8039614065535141 1.7671458676442586 
-52.0 -52.0 -52.0 -52.0 -52.0 -52.0 -51.5 -52.0 -51.5 -52.0 -51.5 -51.5 -51.5 -51.5 -51.5 -52.5 -55.0 -52.5 -51.0 -52.5 -51.0 -51.5 -51.0 -51.0 -51.0 -51.0 -51.5 -51.5 -52.0 -51.5 -52.5 -50.5 -49.0 -51.0 -54.0 -55.0 -54.5 -52.0 -50.5 -50.0 -49.5 -49.5 -49.5 -49.5 
5.313709449235861 5.418020142812084 5.2768939103266055 5.301437602932776 5.105088062083414 5.338253141842031 5.3198453723874035 5.301437602932776 5.221670601962723 5.356660911296659 5.197126909356553 5.381204603902829 5.209398755659637 5.049864753719531 5.246214294568893 5.154175447295755 5.859806609723149 6.17273869045182 5.927301764390117 5.50392306693368 5.589825991055276 5.546874528994478 5.884350302329319 5.9518454569962875 5.786175531904639 5.859806609723149 6.252505691421874 5.915029918087033 6.007068765360171 5.853670686571607 5.491651220630596 5.368932757599744 5.93343768754166 6.160466844148735 5.957981380147831 5.970253226450915 5.810719224510809 5.651185222570702 5.381204603902829 5.203262832508095 5.1725832167503825 5.307573526084319 5.190990986205009 5.2339424482658075 
-64.0 -63.5 -62.0 -62.5 -62.5 -62.5 -62.5 -63.0 -62.5 -63.0 -63.5 -63.0 -63.5 -63.0 -62.5 -63.0 -62.5 -59.0 -56.5 -57.0 -57.5 -59.5 -58.0 -57.0 -58.0 -59.0 -59.0 -59.0 -57.5 -58.0 -59.0 -56.0 -55.0 -56.0 -57.5 -59.0 -62.0 -63.0 -64.0 -63.5 -63.5 -63.0 -62.5 -63.0 
5.00077736850719 4.921010367537137 4.933282213840222 5.197126909356553 5.105088062083414 5.135767677841127 5.148039524144211 1.9880391010997909 5.190990986205009 5.283029833478148 5.049864753719531 4.9394181369917645 5.056000676871073 5.1725832167503825 5.325981295538946 5.7616318392984684 6.086835766330224 6.1850105367549055 6.14819499784565 0.36815538909255385 6.270913460876501 6.160466844148735 5.964117303299373 5.915029918087033 0.006135923151542565 0.30066023442558565 5.712544454086128 2.9575149590435164 2.5954954931025047 5.602097837358362 6.154330920997192 6.037748381117884 5.062136600022616 5.583690067903734 5.295301679781233 5.252350217720435 5.270757987175063 5.21553467881118 5.283029833478148 
-66.5 -66.5 -66.5 -66.5 -65.5 -66.5 -67.5 -67.5 -67.0 -66.0 -66.0 -66.0 -65.0 -65.0 -65.5 -61.5 -63.5 -61.5 -65.5 -63.5 -61.5 -61.0 -61.0 -62.0 -61.5 -62.0 -68.0 -62.5 -64.5 -60.5 -60.5 -64.0 -69.5 -63.5 -63.0 -62.0 -61.5 -62.0 -61.5 
