2.834796496012665 6.043884304269426 2.9268353432858034 2.7979809571034093 2.736621725587984 2.724349879284899 2.7550294950426117 2.8532042654672924 2.8102528034064944 2.705942109830271 2.9145634969827183 2.859340188618835 3.098641191528995 2.5893595699509624 2.8102528034064944 2.9391071895888885 3.098641191528995 3.3440781175906977 3.08636934522591 3.172272269347506 3.6570101983193686 3.9699422790480394 4.215379205109742 4.129476280988146 3.8288160465625602 3.749049045592507 3.5711072741977725 3.54042765844006 3.8288160465625602 4.3933209765044765 1.2640001692177683 4.215379205109742 3.5036121195308043 3.2459033471660166 2.9022916506796332 2.705942109830271 2.650718801466388 2.804116880254952 2.6998061866787286 
-64.0 -65.0 -64.5 -64.0 -64.5 -64.5 -64.5 -64.0 -64.5 -64.0 -64.0 -64.5 -65.5 -65.0 -65.5 -66.0 -67.0 -67.5 -65.0 -68.5 -65.5 -69.5 -68.0 -68.5 -66.5 -66.5 -67.0 -67.0 -66.0 -69.0 -71.5 -66.5 -66.0 -65.0 -65.0 -64.0 -64.5 -65.5 -65.5 
1.8530487917658545 1.9266798695843652 1.8960002538266525 1.945087639038993 1.8714565612204823 1.88986433067511 1.9512235621905356 1.8714565612204823 1.9082721001297376 1.945087639038993 1.9573594853420782 1.9512235621905356 1.9819031779482483 2.030990563160589 1.9696313316451632 1.9634954084936207 2.000310947402876 2.061670178918302 2.3746022596469727 2.3930100291016 2.5770877236478773 0.0 2.9943304979527716 3.098641191528995 3.1231848841351653 2.9084275738311756 2.9820586516496865 2.82252464970958 2.8654761117703775 2.9084275738311756 2.8777479580734626 2.9268353432858034 2.662990647769473 2.6261751088602177 2.380738182798515 2.1659808724945253 1.9205439464328227 1.761009944492716 1.7978254834019713 1.718058482431918 1.8530487917658545 1.8960002538266525 
-63.5 -63.5 -61.5 -64.0 -64.0 -64.0 -63.0 -64.5 -63.5 -63.0 -64.5 -64.0 -64.0 -64.5 -63.5 -65.0 -63.5 -63.0 -63.5 -64.5 -66.5 -67.0 -65.5 -64.5 -63.5 -63.0 -63.0 -63.0 -62.5 -63.0 -64.0 -65.0 -65.0 -65.0 -63.0 -63.0 -62.5 -63.5 -66.0 -65.0 -65.5 -65.0 
0.8897088569736719 0.8774370106705868 0.859029241215959 0.8713010875190442 0.8406214717613314 0.8713010875190442 0.8528933180644165 0.8283496254582462 0.8344855486097889 0.8283496254582462 0.8406214717613314 0.8406214717613314 0.859029241215959 0.9081166264282996 0.8283496254582462 0.8344855486097889 0.8467573949128739 0.9817477042468103 1.0983302441261191 0.9878836273983529 1.0676506283684062 1.4480778637640452 1.2701360923693108 1.0983302441261191 1.0492428589137786 1.030835089459151 1.012427320004523 0.9203884727313847 1.0983302441261191 1.0676506283684062 1.0615147052168636 1.184233168247715 1.3437671701878218 1.3008157081270237 1.1044661672776617 1.2026409377023426 1.0737865515199487 0.9878836273983529 0.8406214717613314 0.8406214717613314 0.7731263170943632 0.7731263170943632 
-50.0 -50.0 -50.0 -50.0 -49.5 -50.0 -50.0 -49.5 -49.5 -50.0 -49.5 -50.0 -50.0 -50.0 -50.0 -49.5 -49.5 -50.0 -51.5 -54.0 -55.5 -55.5 -52.5 -52.5 -53.0 -53.5 -53.5 -54.0 -54.0 -53.5 -53.0 -52.5 -53.5 -54.5 -54.0 -53.0 -51.0 -51.0 -51.0 -51.0 -50.5 -50.5 
0.8958447801252144 0.9142525495798421 0.7853981633974483 0.9019807032767571 0.9019807032767571 0.8958447801252144 0.9326603190344698 0.9265243958829272 0.9387962421860124 0.8528933180644165 0.8713010875190442 0.859029241215959 0.8713010875190442 0.8651651643675016 0.8528933180644165 0.8406214717613314 0.8528933180644165 0.8897088569736719 1.043106935762236 1.2946797849754812 1.5953400194010667 1.705786636128833 1.4603497100671303 1.4358060174609601 1.3928545554001621 1.4480778637640452 1.4726215563702154 1.4787574795217582 1.5278448647340985 1.4848934026733007 1.3989904785517047 1.521708941582556 1.5033011721279284 1.564660403643354 1.6014759425526093 1.3621749396424494 1.0799224746714913 0.9081166264282996 0.7976700097005334 0.8713010875190442 0.8099418560036186 0.8774370106705868 
-52.0 -52.0 -52.0 -51.5 -52.0 -52.0 -52.0 -52.0 -52.0 -52.0 -52.0 -52.0 -52.0 -52.0 -52.0 -52.0 -52.0 -52.0 -51.5 -53.0 -54.0 -52.0 -51.0 -51.0 -51.0 -51.5 -51.5 -51.5 -51.5 -52.0 -51.5 -52.0 -52.5 -52.5 -53.5 -53.0 -52.0 -52.0 -52.5 -52.5 -52.5 -52.5 
1.1903690913992575 1.2333205534600555 1.227184630308513 1.2087768608538851 0.8467573949128739 1.1965050145508 1.214912784005428 1.2026409377023426 1.2517283229146832 1.1658253987930873 1.2885438618239387 1.2333205534600555 1.1658253987930873 1.1596894756415448 1.0799224746714913 1.2517283229146832 1.2087768608538851 1.3621749396424494 1.7671458676442586 2.1230294104337273 2.2948352586769194 1.9573594853420782 1.8960002538266525 1.8039614065535141 1.8346410223112268 1.945087639038993 1.8775924843720249 1.9082721001297376 1.8775924843720249 1.945087639038993 1.8653206380689396 1.846912868614312 1.9266798695843652 2.0800779483729293 2.073942025221387 2.0371264863121317 1.7241944055834606 1.533980787885641 1.4910293258248433 1.3069516312785663 1.4358060174609601 1.4480778637640452 
-59.5 -59.5 -60.0 -59.5 -59.5 -59.5 -59.0 -59.5 -59.5 -59.5 -59.0 -58.5 -59.0 -59.0 -59.0 -59.0 -59.0 -58.5 -58.0 -59.0 -56.0 -51.5 -52.5 -52.5 -53.5 -52.5 -52.5 -53.0 -52.5 -52.5 -53.0 -52.0 -52.0 -54.0 -58.0 -57.0 -60.0 -60.0 -61.0 -61.5 -60.0 -60.0 
1.5707963267948966 1.6014759425526093 1.5953400194010667 1.5462526341887264 1.521708941582556 1.5155730184310134 1.552388557340269 1.4726215563702154 1.509437095279471 1.4787574795217582 1.4726215563702154 1.3928545554001621 1.4664856332186729 1.4051264017032472 1.3928545554001621 1.4480778637640452 1.4603497100671303 1.761009944492716 2.1353012567368124 2.2457478734645786 2.000310947402876 2.043262409463674 2.141437179888355 2.12916533358527 2.061670178918302 2.086213871524472 1.9941750242513334 2.172116795646068 2.0923497946760143 2.1598449493429825 2.086213871524472 2.098485717827557 2.1659808724945253 2.2212041808584084 2.1659808724945253 1.8530487917658545 1.6996507129772904 1.5892040962495242 1.6137477888556946 1.5707963267948966 1.6382914814618648 
-55.5 -55.5 -56.0 -55.5 -55.5 -55.5 -56.0 -55.5 -55.0 -56.0 -55.0 -55.5 -56.0 -56.0 -55.0 -56.0 -55.5 -55.5 -56.0 -54.0 -53.5 -55.0 -56.5 -55.5 -56.0 -56.5 -55.5 -56.0 -55.5 -55.0 -55.5 -53.0 -54.5 -54.0 -54.0 -55.0 -56.0 -56.0 -55.0 -56.0 -56.0 
5.50392306693368 5.602097837358362 5.45483568172134 5.45483568172134 5.516194913236766 5.436427912266712 5.540738605842936 5.411884219660542 5.47937937432751 5.3627968344482015 5.411884219660542 5.393476450205914 5.460971604872882 5.381204603902829 5.424156065963627 5.375068680751287 5.460971604872882 5.45483568172134 5.565282298449106 5.737088146692298 5.9518454569962875 5.589825991055276 5.638913376267617 5.540738605842936 5.602097837358362 5.387340527054372 5.240078371417351 5.399612373357457 5.325981295538946 5.411884219660542 5.491651220630596 5.50392306693368 5.638913376267617 5.835262917116979 5.307573526084319 5.381204603902829 5.497787143782138 5.399612373357457 5.350524988145116 5.252350217720435 5.418020142812084 
-60.5 -60.0 -60.0 -60.0 -60.5 -60.0 -60.0 -59.5 -60.0 -61.0 -60.5 -60.5 -60.5 -61.0 -61.5 -61.0 -61.0 -61.0 -61.0 -61.5 -59.5 -58.5 -57.0 -58.5 -58.5 -58.5 -59.0 -60.0 -59.5 -59.0 -59.0 -57.5 -58.0 -57.5 -59.5 -59.5 -59.5 -60.5 -60.0 -59.5 -59.5 
1.8346410223112268 5.0253210611133605 4.767612288748572 5.141903600992669 4.841243366567084 4.632621979414636 5.00077736850719 4.743068596142402 4.902602598082509 1.4358060174609601 5.019185137961818 4.442408361716817 4.313553975534423 4.491495746929157 4.6878452877785195 4.933282213840222 5.399612373357457 5.712544454086128 5.019185137961818 5.792311455056181 5.841398840268521 5.5284667595398505 5.6941366846315 5.663457068873787 5.608233760509904 5.6573211457222445 5.6941366846315 5.64504929941916 5.964117303299373 5.037592907416445 5.620505606812989 5.418020142812084 5.049864753719531 5.270757987175063 5.043728830567988 5.074408446325701 4.963961829597935 5.019185137961818 5.129631754689584 
-67.0 -67.0 -66.5 -67.0 -66.0 -67.5 -67.0 -67.0 -67.5 -68.0 -66.5 -65.5 -67.5 -68.0 -67.5 -64.5 -64.0 -61.0 -61.0 -69.5 -65.0 -65.0 -65.5 -64.0 -63.5 -65.0 -65.5 -64.5 -66.0 -64.5 -62.0 -61.0 -60.0 -62.5 -65.0 -66.5 -66.0 -66.5 -65.0 
