2.804116880254952 2.6384469551633027 2.730485802436441 2.9943304979527716 2.8532042654672924 2.6691265709210157 2.8102528034064944 2.82252464970958 2.8716120349219203 2.834796496012665 2.693670263527186 2.8654761117703775 2.5280003384355365 2.736621725587984 2.8654761117703775 2.9206994201342606 3.08636934522591 3.7429131224409646 3.1968159619536762 1.1106020904292042 4.417864669110647 4.319689898685965 4.04357335686655 3.3195344249845276 3.4913402732277192 3.6570101983193686 3.6815538909255388 3.650874275167826 3.792000507653305 4.221515128261284 3.865631585471816 4.166291819897402 3.3440781175906977 3.4177091954092087 3.6692820446224537 3.3440781175906977 2.8777479580734626 2.718213956133356 3.0250101137104846 2.761165418194154 2.693670263527186 2.9329712664373457 
-65.0 -66.0 -65.0 -65.5 -65.5 -65.5 -66.0 -66.0 -66.5 -66.0 -66.0 -65.0 -66.5 -66.0 -66.5 -66.0 -66.5 -66.0 -67.5 -69.5 -65.0 -67.0 -66.0 -65.0 -66.5 -66.5 -65.0 -65.5 -66.5 -68.0 -69.5 -64.0 -66.0 -64.0 -64.0 -63.5 -64.0 -64.5 -65.5 -66.5 -65.0 -66.0 
2.1046216409791 2.3009711818284617 2.3316507975861747 2.4911847995262812 2.2334760271614935 2.399145952253143 2.36846633649543 2.2334760271614935 2.0800779483729293 2.36846633649543 2.270291566070749 2.2457478734645786 2.270291566070749 2.7550294950426117 2.337786720737717 2.141437179888355 2.172116795646068 2.1966604882522383 2.478912953223196 2.693670263527186 2.9206994201342606 3.479068426924634 3.466796580621549 3.2704470397721868 3.313398501832985 3.055689729468197 3.11091303783208 3.147728576741336 3.1354567304382504 3.1784081924990484 3.4913402732277192 3.552699504743145 2.4850488763747385 2.411417798556228 2.3071071049800045 2.2027964114037806 2.141437179888355 1.9880391010997909 1.9512235621905356 1.8223691760081417 1.9819031779482483 1.88986433067511 1.8960002538266525 
-65.0 -64.5 -65.0 -64.5 -64.5 -64.5 -65.0 -65.0 -64.0 -64.5 -64.5 -64.5 -65.5 -65.5 -65.5 -65.5 -64.0 -63.0 -62.5 -63.5 -65.5 -63.0 -63.0 -62.0 -62.5 -63.5 -63.5 -63.0 -63.5 -63.0 -63.0 -66.5 -65.5 -63.5 -62.5 -62.0 -61.0 -61.5 -62.0 -63.5 -64.5 -64.5 -64.0 
0.6013204688511713 0.607456392002714 0.6013204688511713 0.5767767762450011 0.5767767762450011 0.5829126993965437 0.5645049299419159 0.5890486225480862 0.5338253141842031 0.5767767762450011 0.5829126993965437 0.6013204688511713 0.607456392002714 0.6320000846088841 0.6258641614573416 0.7363107781851077 0.8344855486097889 1.012427320004523 1.2578642460662257 1.1474176293384597 1.6566992509164924 1.4971652489763858 1.2455923997631406 1.030835089459151 1.0369710126106935 1.043106935762236 1.0921943209745766 1.0921943209745766 1.1044661672776617 1.043106935762236 1.0615147052168636 1.2087768608538851 1.4603497100671303 1.0676506283684062 1.0246991663076084 1.1596894756415448 1.0983302441261191 0.9142525495798421 0.7976700097005334 0.7547185476397354 0.7179030087304801 0.7179030087304801 0.7669903939428205 
-51.5 -52.0 -52.0 -52.0 -52.0 -52.0 -52.0 -52.0 -51.5 -51.5 -52.0 -51.5 -51.5 -51.5 -51.5 -51.0 -51.0 -51.0 -52.5 -55.0 -55.0 -52.0 -51.0 -52.0 -53.5 -53.5 -54.0 -54.0 -53.5 -53.0 -52.5 -52.0 -53.5 -54.0 -52.5 -50.5 -50.0 -49.5 -50.0 -50.5 -51.0 -50.5 -50.5 
0.8160777791551611 0.803805932852076 0.8406214717613314 0.8160777791551611 0.7976700097005334 0.8160777791551611 0.8344855486097889 0.8467573949128739 0.7976700097005334 0.8099418560036186 0.7976700097005334 0.8160777791551611 0.7915340865489908 0.7853981633974483 0.8344855486097889 0.7976700097005334 0.7915340865489908 0.9081166264282996 1.1596894756415448 1.4726215563702154 1.7119225592803755 1.5462526341887264 1.4726215563702154 1.4296700943094176 1.4419419406125027 1.4603497100671303 1.4542137869155878 1.4480778637640452 1.4358060174609601 1.4051264017032472 1.368310862793992 1.521708941582556 1.4726215563702154 1.5155730184310134 1.380582709097077 1.2762720155208536 1.0737865515199487 0.9326603190344698 0.8835729338221293 0.8897088569736719 0.8958447801252144 0.8283496254582462 0.8283496254582462 
-53.5 -53.5 -53.5 -53.5 -53.5 -53.5 -53.5 -53.5 -53.5 -53.5 -54.0 -54.0 -53.5 -53.5 -53.5 -53.0 -53.0 -52.0 -52.0 -53.0 -51.5 -50.5 -51.0 -51.0 -51.5 -51.0 -51.0 -51.5 -51.0 -51.0 -51.0 -51.0 -51.0 -52.5 -53.0 -52.0 -51.5 -51.5 -52.5 -52.5 -52.5 -52.5 -52.5 
1.4787574795217582 1.4173982480063325 1.4910293258248433 1.4848934026733007 1.521708941582556 1.4051264017032472 1.552388557340269 1.5033011721279284 1.5155730184310134 1.423534171157875 1.4296700943094176 1.4419419406125027 1.41126232485479 1.41126232485479 1.3744467859455345 1.4542137869155878 1.5462526341887264 1.7855536370988863 2.0800779483729293 2.141437179888355 2.12916533358527 1.8714565612204823 1.8775924843720249 1.8223691760081417 1.9205439464328227 1.902136176978195 1.8346410223112268 1.8346410223112268 1.8775924843720249 1.8285050991596843 1.7303303287350031 1.8100973297050567 1.846912868614312 2.000310947402876 1.9512235621905356 1.9880391010997909 1.7548740213411735 1.4971652489763858 1.3867186322486196 1.4664856332186729 1.3989904785517047 1.3928545554001621 1.3499030933393643 
-60.0 -60.5 -60.0 -60.5 -60.0 -61.0 -59.5 -60.0 -60.0 -60.0 -60.0 -60.0 -60.0 -60.0 -59.5 -59.0 -58.5 -57.0 -57.0 -56.5 -52.0 -51.5 -52.0 -52.0 -52.5 -52.0 -52.0 -52.5 -52.0 -52.5 -52.0 -51.0 -51.0 -54.0 -55.0 -54.0 -54.5 -57.0 -57.5 -58.5 -59.0 -58.0 -59.0 
1.5707963267948966 1.6566992509164924 1.7119225592803755 1.6260196351587797 1.6382914814618648 1.6137477888556946 1.607611865704152 1.6382914814618648 1.6382914814618648 1.552388557340269 1.6014759425526093 1.552388557340269 1.5892040962495242 1.6137477888556946 1.5401167110371838 1.6137477888556946 1.5892040962495242 1.662835174068035 1.945087639038993 2.172116795646068 2.055534255766759 1.945087639038993 2.0064468705544187 2.141437179888355 2.098485717827557 1.9573594853420782 2.1046216409791 2.116893487282185 2.067806102069844 2.0493983326152168 2.141437179888355 2.000310947402876 1.9941750242513334 2.116893487282185 2.2027964114037806 2.1905245651006955 2.0923497946760143 1.7671458676442586 1.6935147898257479 1.7426021750380885 1.718058482431918 1.6137477888556946 1.576932249946439 
-57.5 -57.0 -57.5 -57.0 -57.0 -57.0 -57.5 -58.0 -58.0 -58.0 -57.5 -58.0 -57.5 -57.0 -57.0 -57.0 -57.0 -56.5 -54.5 -54.0 -52.5 -53.5 -55.0 -55.5 -54.5 -56.5 -56.5 -56.5 -56.5 -56.0 -55.5 -55.0 -52.5 -53.5 -53.5 -53.5 -55.0 -56.5 -56.0 -56.0 -56.0 -56.0 -56.0 
5.460971604872882 5.442563835418255 5.442563835418255 5.405748296509 5.50392306693368 5.405748296509 5.50392306693368 5.491651220630596 5.448699758569798 5.460971604872882 5.460971604872882 5.246214294568893 5.485515297479052 5.375068680751287 5.411884219660542 5.405748296509 5.393476450205914 5.405748296509 5.6143696836614465 5.921165841238575 5.810719224510809 5.6941366846315 5.589825991055276 5.583690067903734 5.577554144752192 5.418020142812084 5.2339424482658075 5.283029833478148 5.3198453723874035 5.473243451175968 5.497787143782138 5.497787143782138 5.540738605842936 5.915029918087033 5.565282298449106 5.448699758569798 5.350524988145116 5.301437602932776 5.485515297479052 5.424156065963627 5.534602682691394 5.424156065963627 5.473243451175968 
-60.5 -61.5 -61.0 -61.5 -61.0 -61.0 -61.5 -60.5 -62.0 -61.5 -61.5 -61.5 -61.5 -61.5 -61.5 -61.0 -60.5 -60.5 -61.5 -60.5 -57.5 -57.5 -56.5 -57.5 -57.5 -58.5 -60.0 -60.0 -59.0 -58.5 -59.0 -57.0 -58.0 -58.5 -61.0 -59.5 -59.0 -59.5 -60.5 -60.0 -60.0 -60.0 -60.5 
2.448233337465483 2.478912953223196 5.540738605842936 5.638913376267617 5.473243451175968 5.638913376267617 2.2212041808584084 5.301437602932776 5.436427912266712 5.651185222570702 5.184855063053467 5.21553467881118 5.878214379177777 5.71868037723767 5.602097837358362 5.706408530934585 5.553010452146021 5.6573211457222445 5.859806609723149 5.8045833013592665 6.031612457966341 5.982525072754001 5.534602682691394 5.3627968344482015 5.6573211457222445 5.50392306693368 5.393476450205914 5.283029833478148 5.393476450205914 5.399612373357457 5.1725832167503825 5.160311370447297 5.123495831538041 
-71.5 -72.0 -71.5 -72.5 -71.0 -69.0 -73.0 -66.0 -62.5 -60.5 -60.0 -66.0 -66.5 -63.0 -65.0 -65.5 -64.5 -64.5 -65.5 -64.5 -64.5 -67.0 -63.0 -61.5 -60.5 -60.0 -62.0 -67.5 -67.5 -67.5 -68.5 -69.0 -67.5 
