2.988194574801229 2.9575149590435164 2.9145634969827183 2.9145634969827183 2.8409324191642074 2.84706834231575 2.724349879284899 2.8838838812250054 2.791845033951867 3.2520392703175593 2.8409324191642074 2.8286605728611223 2.9084275738311756 2.779573187648782 2.82252464970958 2.7979809571034093 2.84706834231575 3.098641191528995 3.3747577333484107 3.4177091954092087 3.2090878082567613 3.3318062712876126 3.650874275167826 3.485204350076177 3.2397674240144743 3.552699504743145 3.6017868899554855 3.5588354278946874 0.5522330836388308 3.436116964863836 3.393165502803038 3.2704470397721868 3.3747577333484107 3.1784081924990484 2.9513790358919736 2.7979809571034093 2.8286605728611223 
-62.0 -61.5 -62.0 -62.5 -62.5 -62.5 -62.5 -62.5 -62.5 -62.5 -62.5 -62.0 -63.5 -61.0 -62.5 -62.0 -62.5 -62.5 -63.0 -63.0 -62.5 -64.0 -65.5 -66.5 -66.5 -68.5 -67.0 -66.0 -69.5 -67.0 -63.5 -62.5 -62.0 -62.5 -62.5 -62.0 -64.5 
1.9880391010997909 1.9634954084936207 1.945087639038993 1.902136176978195 2.0371264863121317 2.055534255766759 2.000310947402876 2.012582793705961 2.0064468705544187 2.024854640009046 1.9205439464328227 1.9082721001297376 2.086213871524472 2.061670178918302 2.0064468705544187 1.9941750242513334 1.9757672547967058 2.024854640009046 2.2334760271614935 2.466641106920111 2.8777479580734626 3.773592738198677 3.423845118560751 3.393165502803038 3.043417883165112 2.791845033951867 2.761165418194154 2.7857091108003242 2.8286605728611223 2.9084275738311756 3.399301425954581 3.32567034813607 2.5341362615870793 2.061670178918302 1.9512235621905356 1.8162332528565992 1.846912868614312 1.8407769454627694 
-60.5 -62.5 -62.0 -61.0 -62.0 -63.0 -63.5 -62.0 -63.0 -63.5 -62.0 -62.5 -63.0 -62.5 -64.0 -63.5 -63.0 -62.5 -62.5 -65.5 -67.0 -65.0 -64.5 -63.5 -64.0 -64.5 -63.0 -62.5 -63.5 -64.0 -63.0 -67.0 -68.0 -65.5 -63.5 -62.0 -64.0 -63.5 
1.012427320004523 1.000155473701438 0.9756117810952678 0.9694758579437253 0.9203884727313847 0.9326603190344698 0.8897088569736719 0.9019807032767571 0.8958447801252144 0.9142525495798421 0.8651651643675016 0.859029241215959 0.8283496254582462 0.803805932852076 0.803805932852076 0.803805932852076 0.8406214717613314 0.9265243958829272 1.1044661672776617 1.043106935762236 1.1351457830353744 1.4051264017032472 1.1965050145508 1.0921943209745766 1.0799224746714913 0.8897088569736719 0.9510680884890975 0.9081166264282996 0.9265243958829272 0.9940195505498954 1.1228739367322893 1.184233168247715 1.3744467859455345 1.0369710126106935 1.0799224746714913 1.0185632431560658 0.8528933180644165 0.7792622402459057 0.7915340865489908 
-48.5 -48.0 -48.5 -48.5 -48.0 -48.5 -48.5 -48.5 -49.0 -48.5 -48.5 -49.0 -49.5 -49.0 -49.5 -49.5 -49.5 -49.5 -50.0 -52.0 -54.5 -53.5 -52.0 -53.5 -53.5 -55.0 -55.0 -55.0 -55.0 -53.5 -53.5 -52.5 -54.5 -53.0 -51.0 -49.5 -50.0 -50.5 -50.0 
1.0062913968529805 0.8897088569736719 0.944932165337555 0.8713010875190442 0.9081166264282996 0.8774370106705868 0.8713010875190442 0.8897088569736719 0.9019807032767571 0.859029241215959 0.8713010875190442 0.8897088569736719 0.8099418560036186 0.803805932852076 0.8406214717613314 0.8099418560036186 0.7485826244881929 0.8467573949128739 1.0062913968529805 1.2333205534600555 1.6689710972195777 1.576932249946439 1.3437671701878218 1.3437671701878218 1.337631247036279 1.3621749396424494 1.337631247036279 1.368310862793992 1.3621749396424494 1.337631247036279 1.368310862793992 1.3744467859455345 1.5892040962495242 1.576932249946439 1.3130875544301088 1.043106935762236 0.9265243958829272 0.944932165337555 0.8283496254582462 
-51.0 -50.5 -51.0 -51.5 -51.0 -51.5 -51.5 -52.0 -51.5 -52.0 -52.0 -52.0 -52.0 -52.0 -52.5 -52.5 -51.5 -51.5 -51.5 -53.5 -53.5 -51.0 -51.0 -51.0 -51.5 -51.0 -51.5 -51.0 -51.5 -51.0 -51.0 -51.0 -52.0 -53.5 -53.5 -52.0 -51.5 -52.0 -51.5 
1.0676506283684062 1.1351457830353744 1.0921943209745766 1.1596894756415448 1.214912784005428 1.1965050145508 1.1658253987930873 1.141281706186917 1.1719613219446299 1.1719613219446299 1.2026409377023426 1.2026409377023426 1.2333205534600555 1.2640001692177683 1.1719613219446299 1.2946797849754812 1.2885438618239387 1.4726215563702154 1.8960002538266525 2.1598449493429825 2.0800779483729293 1.8653206380689396 1.8960002538266525 1.748738098189631 1.8285050991596843 1.7671458676442586 1.7855536370988863 1.736466251886546 1.7978254834019713 1.8407769454627694 1.7794177139473437 1.8960002538266525 1.9573594853420782 2.1230294104337273 2.0493983326152168 1.6751070203711202 1.4971652489763858 1.3928545554001621 1.337631247036279 
-57.5 -57.0 -57.0 -57.0 -57.5 -58.0 -57.5 -58.0 -58.0 -57.5 -58.0 -58.5 -59.0 -58.5 -59.5 -58.5 -58.5 -58.0 -56.5 -55.5 -52.5 -51.5 -52.5 -53.0 -54.5 -55.5 -55.5 -55.5 -55.0 -54.0 -54.0 -52.0 -51.5 -55.0 -55.5 -57.5 -59.0 -59.5 -60.0 
1.533980787885641 1.5033011721279284 1.509437095279471 1.5278448647340985 1.4480778637640452 1.4358060174609601 1.4603497100671303 1.4787574795217582 1.41126232485479 1.5401167110371838 1.4910293258248433 1.4787574795217582 1.4971652489763858 1.4787574795217582 1.509437095279471 1.4664856332186729 1.4480778637640452 1.4419419406125027 1.8407769454627694 2.1905245651006955 2.1905245651006955 2.0064468705544187 2.0800779483729293 2.141437179888355 2.1659808724945253 2.2334760271614935 2.141437179888355 2.2457478734645786 2.184388641949153 2.086213871524472 2.2150682577068657 2.055534255766759 2.0371264863121317 2.1475731030398975 2.2212041808584084 1.859184714917397 1.6566992509164924 1.662835174068035 1.6382914814618648 
-54.0 -54.0 -54.5 -55.0 -54.5 -54.5 -55.5 -55.0 -56.0 -55.5 -55.5 -55.5 -55.5 -56.5 -56.5 -56.5 -56.5 -56.5 -55.5 -55.5 -53.5 -54.5 -55.5 -56.0 -56.5 -57.0 -56.0 -56.0 -56.5 -57.5 -55.5 -55.0 -55.0 -53.5 -54.5 -55.5 -56.0 -55.5 -55.0 
5.178719139901925 5.166447293598839 5.190990986205009 5.21553467881118 5.2339424482658075 5.283029833478148 5.141903600992669 5.264622064023521 5.203262832508095 5.240078371417351 5.184855063053467 5.258486140871978 5.313709449235861 5.2339424482658075 5.399612373357457 5.405748296509 5.368932757599744 5.368932757599744 5.559146375297564 5.724816300389213 5.773903685601553 5.602097837358362 5.8659425328746915 5.559146375297564 5.64504929941916 5.356660911296659 5.540738605842936 5.47937937432751 5.436427912266712 5.460971604872882 5.553010452146021 5.663457068873787 5.589825991055276 5.9088939949354895 5.651185222570702 5.522330836388308 5.399612373357457 5.387340527054372 5.436427912266712 
-60.0 -60.0 -60.5 -60.5 -61.0 -60.5 -61.0 -61.0 -62.0 -58.5 -60.5 -62.0 -61.0 -59.5 -62.0 -62.0 -60.0 -61.0 -60.5 -61.0 -58.0 -60.0 -57.5 -59.5 -59.5 -61.5 -62.0 -62.0 -61.5 -60.5 -60.0 -58.0 -61.0 -60.0 -61.5 -61.0 -60.5 -60.5 -61.5 
4.540583132141498 4.466952054322987 4.485359823777615 4.473087977474529 4.516039439535327 4.466952054322987 3.9453985864418692 4.479223900626073 4.442408361716817 4.368777283898306 4.491495746929157 4.374913207049849 4.331961744989051 4.638757902566179 4.362641360746763 4.73693267299086 5.160311370447297 5.589825991055276 5.356660911296659 5.767767762450011 6.037748381117884 5.841398840268521 5.970253226450915 5.835262917116979 5.93343768754166 2.2150682577068657 5.356660911296659 5.681864838328415 5.405748296509 5.190990986205009 1.8775924843720249 4.779884135051658 
-62.0 -63.5 -63.5 -63.5 -65.0 -65.5 -65.0 -66.0 -63.5 -66.5 -66.0 -68.0 -70.0 -70.0 -68.5 -68.0 -65.5 -63.5 -62.5 -66.0 -67.0 -66.5 -66.5 -67.0 -66.5 -73.0 -66.0 -64.0 -63.5 -65.5 -69.5 -66.5 
