2.82252464970958 2.6875343403756435 2.736621725587984 2.8777479580734626 2.8961557275280905 2.7857091108003242 2.8286605728611223 2.82252464970958 2.8961557275280905 2.945243112740431 2.8777479580734626 2.82252464970958 2.8838838812250054 2.9084275738311756 2.767301341345697 2.859340188618835 2.9084275738311756 2.945243112740431 3.184544115650591 3.160000423044421 0.40803888957758055 0.705631162427395 3.2520392703175593 3.3379421944391554 3.6140587362585705 3.5711072741977725 3.6447383520162835 3.6324665057131984 3.822680123411018 3.5281558121369745 3.1661363461959633 3.2459033471660166 3.2949907323783574 3.098641191528995 3.454524734318464 3.509748042682347 3.3624858870453256 3.32567034813607 3.0250101137104846 2.988194574801229 
-62.5 -62.5 -62.0 -63.0 -63.0 -62.5 -62.5 -62.5 -63.0 -62.5 -61.5 -62.5 -62.0 -63.0 -62.0 -62.0 -61.0 -63.5 -64.5 -64.0 -66.0 -66.0 -66.0 -70.0 -68.5 -68.5 -68.5 -69.5 -68.0 -70.0 -65.0 -65.5 -66.0 -64.0 -64.5 -64.0 -62.5 -61.5 -62.0 -58.0 
1.8223691760081417 1.9819031779482483 1.9880391010997909 2.000310947402876 1.9634954084936207 2.0371264863121317 2.2518837966161214 2.018718716857504 2.000310947402876 1.9205439464328227 1.8837284075235674 2.073942025221387 1.9696313316451632 1.9880391010997909 2.012582793705961 1.9819031779482483 2.116893487282185 2.4850488763747385 2.5157284921324514 0.0030679615757712823 3.2459033471660166 3.067961575771282 2.650718801466388 2.8102528034064944 2.650718801466388 2.60776733940559 2.779573187648782 2.7550294950426117 2.816388726558037 3.2090878082567613 2.6016314162540475 2.2948352586769194 2.0371264863121317 2.012582793705961 2.067806102069844 2.030990563160589 1.9389517158874505 1.88986433067511 1.8960002538266525 
-63.0 -63.5 -63.5 -63.5 -64.0 -64.0 -64.0 -62.5 -64.0 -61.5 -63.5 -63.5 -63.5 -64.0 -64.0 -63.5 -63.0 -63.5 -64.5 -67.5 -63.5 -63.0 -63.5 -64.0 -65.0 -63.5 -64.0 -64.5 -64.0 -66.5 -63.0 -65.0 -63.0 -62.0 -62.5 -61.0 -60.0 -61.0 -60.5 
0.7424467013366504 0.8897088569736719 0.8406214717613314 0.8160777791551611 0.8099418560036186 0.7976700097005334 0.7976700097005334 0.7853981633974483 0.8160777791551611 0.8099418560036186 0.8344855486097889 0.7363107781851077 0.7792622402459057 0.8222137023067037 0.8222137023067037 0.7853981633974483 0.7853981633974483 0.8406214717613314 1.086058397823034 1.0983302441261191 1.2854759002481673 1.41126232485479 1.0676506283684062 1.1351457830353744 1.1106020904292042 0.9326603190344698 0.9019807032767571 0.9572040116406401 0.9572040116406401 0.9817477042468103 1.1780972450961724 1.1535535524900022 1.337631247036279 1.2087768608538851 1.0246991663076084 1.0921943209745766 1.2026409377023426 1.1965050145508 1.184233168247715 1.0676506283684062 1.0185632431560658 
-49.5 -49.5 -50.0 -50.0 -49.5 -49.5 -50.0 -49.5 -50.0 -50.0 -50.0 -50.0 -50.0 -50.0 -50.0 -50.0 -50.0 -50.0 -51.5 -53.5 -55.0 -53.5 -52.5 -53.5 -53.5 -54.5 -55.0 -55.0 -54.5 -54.0 -53.5 -53.0 -53.0 -54.0 -51.5 -51.0 -50.5 -49.0 -48.5 -48.5 -48.5 
0.944932165337555 0.8897088569736719 0.9142525495798421 0.859029241215959 0.9019807032767571 0.8774370106705868 0.859029241215959 0.7915340865489908 0.8835729338221293 0.8835729338221293 0.8774370106705868 0.8651651643675016 0.8528933180644165 0.803805932852076 0.8774370106705868 0.8835729338221293 0.8467573949128739 0.9081166264282996 1.043106935762236 1.4358060174609601 4.813631712385142 1.6014759425526093 1.325359400733194 1.41126232485479 1.3928545554001621 1.4051264017032472 1.3499030933393643 1.3621749396424494 1.4051264017032472 1.4051264017032472 1.4542137869155878 1.4296700943094176 1.509437095279471 1.5401167110371838 1.3437671701878218 1.2333205534600555 1.1044661672776617 1.1044661672776617 1.0369710126106935 0.9878836273983529 0.8713010875190442 
-51.5 -52.0 -51.5 -51.5 -51.5 -52.0 -51.5 -51.5 -52.0 -52.0 -51.5 -51.5 -52.0 -52.0 -52.0 -51.5 -52.0 -52.0 -52.5 -53.5 -53.0 -51.0 -51.5 -51.5 -51.5 -52.0 -51.5 -51.5 -51.0 -51.5 -51.5 -52.0 -51.5 -53.5 -54.0 -53.5 -52.5 -51.0 -50.0 -50.0 -51.0 
1.3867186322486196 1.2762720155208536 1.3130875544301088 1.368310862793992 1.4051264017032472 1.3560390164909069 1.3499030933393643 1.3560390164909069 1.3621749396424494 1.239456476611598 1.3192234775816514 1.282407938672396 1.4173982480063325 1.2455923997631406 1.4051264017032472 1.3621749396424494 1.4296700943094176 1.5278448647340985 1.8714565612204823 2.1230294104337273 5.258486140871978 1.859184714917397 1.8653206380689396 1.8223691760081417 1.9512235621905356 1.8960002538266525 1.7426021750380885 1.5401167110371838 1.7855536370988863 1.8530487917658545 1.8407769454627694 1.9266798695843652 1.945087639038993 2.0800779483729293 2.12916533358527 2.086213871524472 1.9266798695843652 1.662835174068035 1.4358060174609601 1.3314953238847365 1.3130875544301088 
-59.5 -59.5 -59.5 -60.0 -60.0 -59.5 -60.0 -58.5 -60.0 -59.0 -59.5 -59.0 -59.5 -59.5 -60.0 -59.5 -59.0 -59.5 -58.5 -57.0 -52.5 -52.0 -52.5 -54.0 -55.0 -54.5 -55.5 -55.5 -55.0 -54.0 -55.0 -52.5 -54.0 -53.5 -56.5 -56.0 -56.0 -56.0 -57.5 -57.5 -57.5 
1.5585244804918115 1.5707963267948966 1.5830681730979816 1.5401167110371838 1.576932249946439 1.564660403643354 1.5892040962495242 1.5953400194010667 1.5401167110371838 1.552388557340269 1.4971652489763858 1.576932249946439 1.533980787885641 1.6014759425526093 1.607611865704152 1.5278448647340985 1.4971652489763858 1.41126232485479 1.736466251886546 2.2764274892222915 2.061670178918302 1.902136176978195 2.12916533358527 2.1230294104337273 2.086213871524472 2.043262409463674 2.2089323345553233 2.116893487282185 2.116893487282185 2.1046216409791 2.1475731030398975 2.1353012567368124 2.1905245651006955 2.110757564130642 2.141437179888355 2.2150682577068657 2.024854640009046 1.8346410223112268 1.6689710972195777 1.607611865704152 1.607611865704152 
-56.0 -55.5 -55.5 -55.0 -55.5 -56.0 -56.0 -56.0 -55.5 -55.5 -56.0 -56.0 -56.0 -56.0 -56.5 -56.0 -56.5 -57.5 -57.5 -56.5 -54.0 -55.5 -55.0 -55.5 -56.5 -58.0 -56.5 -56.5 -56.5 -56.5 -56.0 -55.0 -54.5 -55.5 -55.0 -55.0 -55.0 -54.5 -54.5 -54.5 -54.0 
5.289165756629691 5.399612373357457 5.387340527054372 5.411884219660542 5.375068680751287 5.381204603902829 5.368932757599744 5.418020142812084 5.460971604872882 5.375068680751287 5.50392306693368 5.411884219660542 5.448699758569798 5.381204603902829 5.424156065963627 5.442563835418255 5.491651220630596 5.411884219660542 5.939573610693203 6.019340611663256 5.875146417602005 5.749359992995383 5.755495916146925 5.6143696836614465 5.608233760509904 5.448699758569798 5.50392306693368 5.522330836388308 5.3627968344482015 5.436427912266712 5.688000761479957 5.663457068873787 5.700272607783043 5.724816300389213 5.822991070813893 5.5714182216006485 5.546874528994478 5.411884219660542 5.221670601962723 5.264622064023521 5.264622064023521 
-61.0 -61.5 -60.5 -61.0 -61.0 -62.0 -61.0 -61.5 -60.5 -60.5 -61.0 -60.5 -61.5 -60.5 -61.0 -61.5 -61.5 -61.5 -62.0 -60.5 -59.5 -59.5 -56.5 -58.5 -58.5 -61.0 -61.5 -62.0 -61.5 -60.0 -58.0 -57.0 -59.0 -58.5 -58.5 -60.0 -59.0 -59.0 -59.0 -59.0 -59.0 
4.522175362686871 1.6935147898257479 4.779884135051658 4.828971520263998 4.71238898038469 4.6878452877785195 4.896466674930966 4.7307967498393175 4.76147636559703 4.669437518323892 4.743068596142402 1.607611865704152 1.3989904785517047 5.595961914206819 6.068427996875596 5.243146332993121 5.485515297479052 5.93343768754166 5.5714182216006485 5.626641529964532 5.706408530934585 5.393476450205914 5.620505606812989 5.325981295538946 5.350524988145116 5.688000761479957 5.546874528994478 5.3198453723874035 4.921010367537137 4.6448938257177215 4.804427827657828 4.583534594202296 
-67.5 -68.0 -67.0 -67.5 -66.5 -67.5 -67.5 -67.0 -68.0 -68.5 -68.5 -70.0 -72.5 -68.5 -63.0 -62.5 -65.5 -69.0 -67.5 -68.5 -67.5 -67.5 -67.0 -65.0 -63.5 -64.0 -63.0 -62.0 -63.0 -63.0 -64.0 -63.0 
