2.705942109830271 2.8286605728611223 2.7857091108003242 2.7857091108003242 2.7550294950426117 2.8716120349219203 2.662990647769473 2.761165418194154 2.705942109830271 2.675262494072558 2.748893571891069 2.8286605728611223 2.718213956133356 2.791845033951867 2.8102528034064944 2.9206994201342606 2.988194574801229 3.2520392703175593 3.0250101137104846 2.9697868053466014 3.9944859716542096 3.877903431774901 3.497476196379262 3.2581751934691017 3.448388811166921 3.2459033471660166 3.3502140407422405 3.552699504743145 0.8713010875190442 0.380427235395639 0.0674951546669682 3.3502140407422405 3.399301425954581 3.2029518851052186 2.988194574801229 2.859340188618835 
-61.0 -61.0 -61.5 -62.0 -61.5 -61.5 -61.5 -62.5 -61.5 -62.0 -62.0 -62.5 -62.0 -62.5 -62.0 -61.5 -62.0 -62.5 -64.5 -65.0 -65.5 -65.5 -66.5 -67.5 -67.0 -67.0 -67.0 -67.5 -69.0 -67.0 -64.5 -62.5 -62.0 -61.5 -62.0 -61.5 
1.9757672547967058 2.012582793705961 1.945087639038993 1.945087639038993 1.9205439464328227 2.0064468705544187 1.8960002538266525 1.8960002538266525 1.945087639038993 1.8837284075235674 1.9512235621905356 1.9634954084936207 1.945087639038993 2.018718716857504 1.9082721001297376 1.9512235621905356 1.8837284075235674 1.9082721001297376 2.0493983326152168 2.1046216409791 2.141437179888355 2.2334760271614935 2.748893571891069 3.3318062712876126 3.098641191528995 3.0802334220743677 2.736621725587984 2.718213956133356 2.724349879284899 2.9268353432858034 2.9022916506796332 2.84706834231575 2.9759227284981438 3.129320807286708 3.11091303783208 5.773903685601553 2.227340104009951 2.012582793705961 1.9941750242513334 2.012582793705961 1.8530487917658545 
-62.0 -61.5 -61.0 -63.5 -63.0 -62.5 -63.5 -63.5 -63.0 -62.0 -62.5 -63.5 -63.5 -63.5 -64.0 -63.5 -62.5 -61.5 -61.5 -62.5 -63.0 -64.5 -66.5 -62.5 -63.0 -63.0 -62.0 -63.0 -63.5 -62.5 -62.5 -64.0 -64.0 -65.0 -66.5 -67.5 -65.5 -63.5 -62.5 -62.5 -62.5 
0.9265243958829272 0.9081166264282996 0.8651651643675016 0.9019807032767571 0.8713010875190442 0.859029241215959 0.8958447801252144 0.9326603190344698 0.8467573949128739 0.8651651643675016 0.8467573949128739 0.8344855486097889 0.859029241215959 0.8099418560036186 0.8958447801252144 0.8897088569736719 0.8958447801252144 0.944932165337555 1.030835089459151 0.9817477042468103 0.9878836273983529 1.3744467859455345 1.4480778637640452 1.2210487071569704 1.0492428589137786 0.9878836273983529 0.944932165337555 0.9940195505498954 1.000155473701438 0.9940195505498954 0.9572040116406401 0.944932165337555 1.1044661672776617 1.325359400733194 1.3989904785517047 1.021631204731837 0.9633399347921826 1.0737865515199487 0.9817477042468103 0.8774370106705868 0.8897088569736719 
-48.5 -48.5 -48.5 -48.5 -48.5 -49.0 -48.5 -49.0 -49.0 -49.5 -49.0 -49.0 -49.0 -49.0 -49.0 -48.5 -48.5 -49.0 -49.5 -52.5 -54.5 -56.0 -54.5 -52.0 -52.5 -54.5 -54.0 -54.5 -55.0 -54.5 -54.5 -54.0 -53.5 -53.0 -54.5 -54.0 -52.0 -50.0 -49.5 -49.5 -50.0 
0.8835729338221293 0.8344855486097889 0.8958447801252144 0.8467573949128739 0.8528933180644165 0.8406214717613314 0.8713010875190442 0.8344855486097889 0.8222137023067037 0.8406214717613314 0.859029241215959 0.8222137023067037 0.8222137023067037 0.8467573949128739 0.8344855486097889 0.8651651643675016 0.8713010875190442 0.8897088569736719 0.9326603190344698 1.0492428589137786 1.2885438618239387 1.6566992509164924 1.5707963267948966 1.4051264017032472 1.3499030933393643 1.3130875544301088 1.3928545554001621 1.380582709097077 1.3314953238847365 1.3069516312785663 1.337631247036279 1.3560390164909069 1.4173982480063325 1.4358060174609601 1.521708941582556 1.53091282630987 1.3192234775816514 1.1044661672776617 0.9878836273983529 0.9387962421860124 0.944932165337555 
-51.5 -51.5 -51.0 -51.5 -51.0 -51.5 -51.5 -51.5 -51.5 -52.0 -51.5 -52.0 -51.5 -51.5 -51.5 -51.5 -51.0 -50.5 -51.0 -52.0 -53.5 -52.5 -51.5 -51.0 -51.0 -51.5 -51.5 -51.5 -51.0 -51.5 -51.0 -51.0 -51.0 -51.5 -52.5 -54.0 -54.0 -52.5 -51.5 -51.5 -52.0 
1.1965050145508 1.2517283229146832 1.2210487071569704 1.214912784005428 1.1780972450961724 1.2578642460662257 1.2640001692177683 1.239456476611598 1.214912784005428 1.184233168247715 1.1596894756415448 1.1719613219446299 1.2455923997631406 1.2517283229146832 1.214912784005428 1.3008157081270237 1.3069516312785663 1.4542137869155878 1.5830681730979816 1.9634954084936207 2.1966604882522383 2.2089323345553233 1.8960002538266525 1.8223691760081417 1.7671458676442586 1.6812429435226628 1.8162332528565992 1.718058482431918 1.748738098189631 1.6321555583103222 1.8407769454627694 1.705786636128833 1.7671458676442586 1.859184714917397 1.9634954084936207 5.3198453723874035 2.073942025221387 1.8714565612204823 1.5830681730979816 1.4910293258248433 1.4910293258248433 
-58.0 -58.5 -58.0 -58.5 -58.5 -58.0 -58.0 -58.0 -58.0 -58.5 -58.0 -58.5 -58.0 -57.5 -58.0 -58.0 -57.5 -58.5 -58.5 -60.0 -59.0 -55.0 -52.0 -52.5 -52.0 -54.0 -53.5 -54.0 -54.0 -54.5 -53.5 -54.5 -52.5 -53.0 -52.0 -55.5 -56.5 -57.0 -58.5 -59.5 -59.5 
1.5155730184310134 1.576932249946439 1.533980787885641 1.521708941582556 1.4910293258248433 1.552388557340269 1.576932249946439 1.607611865704152 1.4542137869155878 1.5830681730979816 1.5278448647340985 1.509437095279471 1.5401167110371838 1.4358060174609601 1.521708941582556 1.533980787885641 1.5462526341887264 1.5033011721279284 1.5278448647340985 1.576932249946439 1.8714565612204823 2.2334760271614935 2.067806102069844 1.9512235621905356 2.0371264863121317 2.110757564130642 2.055534255766759 2.024854640009046 2.061670178918302 2.1230294104337273 2.1537090261914402 2.0371264863121317 2.098485717827557 2.067806102069844 2.030990563160589 2.0493983326152168 2.1905245651006955 2.2089323345553233 2.0371264863121317 1.7978254834019713 1.6751070203711202 1.6873788666742053 
-55.0 -55.0 -55.0 -55.0 -55.0 -55.0 -55.5 -55.5 -54.5 -55.5 -55.5 -55.5 -55.5 -55.5 -55.0 -55.5 -55.5 -55.5 -55.0 -55.5 -56.0 -56.0 -53.5 -54.5 -55.0 -56.5 -55.0 -57.5 -57.0 -56.5 -56.5 -57.5 -55.5 -56.0 -54.0 -54.5 -55.0 -54.5 -54.5 -55.5 -56.0 -54.5 
5.258486140871978 5.2768939103266055 5.221670601962723 5.227806525114265 5.307573526084319 5.3627968344482015 5.252350217720435 5.203262832508095 5.325981295538946 5.190990986205009 5.246214294568893 5.270757987175063 5.21553467881118 5.154175447295755 5.252350217720435 5.301437602932776 5.264622064023521 5.387340527054372 5.448699758569798 5.608233760509904 5.872078456026235 5.939573610693203 5.755495916146925 5.767767762450011 5.577554144752192 5.534602682691394 5.368932757599744 5.375068680751287 5.418020142812084 5.368932757599744 5.399612373357457 5.559146375297564 5.577554144752192 5.6941366846315 5.6941366846315 5.822991070813893 5.743224069843841 5.491651220630596 5.411884219660542 5.534602682691394 5.3627968344482015 
-60.0 -60.5 -61.0 -60.0 -60.0 -60.5 -60.5 -60.0 -60.0 -60.5 -60.0 -61.0 -60.5 -60.5 -59.5 -59.5 -60.5 -60.0 -60.5 -62.0 -61.0 -59.5 -59.0 -58.5 -57.5 -60.0 -60.0 -61.0 -62.0 -61.5 -60.0 -60.0 -59.5 -59.5 -59.0 -60.5 -61.0 -61.0 -60.0 -59.5 -59.5 
4.693981210930062 4.522175362686871 1.533980787885641 4.638757902566179 4.804427827657828 1.4480778637640452 4.638757902566179 4.755340442445488 4.657165672020807 4.681709364626977 4.890330751779424 4.657165672020807 4.669437518323892 4.344233591292136 4.516039439535327 4.773748211900116 4.743068596142402 4.755340442445488 4.97623367590102 5.2339424482658075 5.6143696836614465 5.424156065963627 5.056000676871073 2.791845033951867 6.080699843178682 5.896622148632405 6.092971689481767 5.712544454086128 5.7616318392984684 5.767767762450011 6.068427996875596 5.8475347634200645 6.17273869045182 5.660389107298016 5.522330836388308 5.418020142812084 5.154175447295755 5.246214294568893 5.049864753719531 
-64.0 -65.5 -66.5 -66.0 -66.0 -66.5 -67.0 -65.5 -66.0 -65.5 -66.5 -66.0 -65.5 -66.0 -66.0 -64.0 -66.0 -65.5 -65.5 -63.0 -62.0 -61.0 -63.5 -76.5 -65.5 -67.0 -67.0 -65.5 -66.0 -66.0 -67.0 -67.0 -66.0 -65.0 -63.0 -63.0 -65.0 -67.0 -65.5 
