0.32520392703175593 0.34974761963792617 0.37429131224409645 3.3195344249845276 3.497476196379262 3.5342917352885173 3.810408277107933 3.2949907323783574 3.368621810196868 3.3502140407422405 0.30679615757712825 3.2459033471660166 3.3379421944391554 0.260776733940559 0.5645049299419159 4.104932588381976 3.650874275167826 2.8961557275280905 2.736621725587984 2.5770877236478773 2.5954954931025047 2.5341362615870793 2.6445828783148455 2.748893571891069 2.8532042654672924 5.71868037723767 2.6813984172241008 2.497320722677824 2.761165418194154 0.01227184630308513 3.810408277107933 2.9391071895888885 3.2704470397721868 3.411573272257666 0.09203884727313846 3.06182565261974 3.399301425954581 3.11091303783208 3.104777114680538 3.3011266555298997 3.3195344249845276 
-69.0 -69.0 -68.5 -68.5 -69.0 -66.5 -68.0 -66.5 -67.0 -67.5 -68.0 -67.5 -67.0 -67.0 -68.0 -65.5 -63.0 -62.0 -63.0 -67.0 -66.5 -67.5 -69.0 -69.5 -69.5 -69.5 -68.0 -66.0 -63.5 -66.0 -65.0 -69.5 -68.5 -66.5 -68.5 -68.5 -67.5 -67.5 -67.0 -67.5 -68.0 
1.5892040962495242 1.6382914814618648 1.6382914814618648 1.7119225592803755 1.6689710972195777 1.6812429435226628 1.7303303287350031 1.7794177139473437 1.662835174068035 1.6382914814618648 1.6751070203711202 1.718058482431918 1.521708941582556 4.574330709474982 5.632777453116074 2.350058567040802 2.1598449493429825 1.8775924843720249 1.9512235621905356 1.9389517158874505 1.8530487917658545 1.8653206380689396 1.9634954084936207 2.1475731030398975 2.2150682577068657 1.6812429435226628 1.1106020904292042 1.2087768608538851 1.1965050145508 1.1780972450961724 1.239456476611598 1.5033011721279284 1.564660403643354 1.607611865704152 1.6260196351587797 1.5585244804918115 1.5953400194010667 1.7241944055834606 1.718058482431918 1.6873788666742053 1.6812429435226628 
-60.0 -60.5 -60.5 -60.5 -61.0 -60.5 -60.5 -60.5 -60.5 -60.5 -61.0 -61.0 -60.5 -62.5 -65.5 -63.0 -61.5 -61.5 -61.5 -60.5 -61.0 -61.0 -60.5 -62.5 -64.5 -66.5 -63.0 -61.5 -61.0 -61.5 -61.0 -60.0 -59.0 -59.0 -59.5 -59.5 -58.5 -59.5 -59.0 -59.0 -59.5 
1.239456476611598 1.2578642460662257 1.2640001692177683 1.3008157081270237 1.2517283229146832 1.2946797849754812 1.2517283229146832 1.2333205534600555 1.2946797849754812 1.214912784005428 1.227184630308513 1.214912784005428 1.214912784005428 1.1443496677626883 1.0185632431560658 1.0185632431560658 0.9878836273983529 1.0492428589137786 1.141281706186917 1.141281706186917 1.0492428589137786 1.0185632431560658 1.043106935762236 1.0492428589137786 1.0615147052168636 1.0369710126106935 1.0615147052168636 1.141281706186917 1.2640001692177683 1.1290098598838318 1.0246991663076084 1.030835089459151 1.184233168247715 1.1535535524900022 1.2087768608538851 1.2946797849754812 1.3437671701878218 1.3008157081270237 1.2946797849754812 1.3008157081270237 1.2701360923693108 1.3192234775816514 1.282407938672396 1.3008157081270237 1.2578642460662257 
-50.0 -50.0 -50.0 -50.0 -50.0 -50.0 -50.0 -50.0 -50.0 -49.5 -50.0 -49.5 -49.5 -49.0 -48.5 -49.5 -49.5 -51.0 -51.5 -51.0 -50.5 -51.0 -51.0 -52.0 -52.5 -52.0 -51.5 -51.0 -51.5 -52.0 -51.0 -50.0 -49.5 -49.0 -48.5 -48.5 -49.0 -49.5 -49.5 -49.5 -49.5 -49.5 -49.5 -50.0 -49.5 
1.2885438618239387 1.282407938672396 1.3069516312785663 1.3192234775816514 1.3008157081270237 1.2885438618239387 1.325359400733194 1.2946797849754812 1.2701360923693108 1.282407938672396 1.2946797849754812 1.2701360923693108 1.2087768608538851 1.043106935762236 1.030835089459151 1.1596894756415448 1.2578642460662257 1.2640001692177683 1.4358060174609601 1.3928545554001621 1.4358060174609601 1.4848934026733007 1.521708941582556 1.552388557340269 1.5401167110371838 1.5830681730979816 1.5401167110371838 1.4296700943094176 1.564660403643354 1.4419419406125027 1.380582709097077 1.2946797849754812 1.1596894756415448 1.0799224746714913 1.1167380135807468 1.2087768608538851 1.1780972450961724 1.2640001692177683 1.282407938672396 1.3130875544301088 1.282407938672396 1.3130875544301088 1.3008157081270237 1.3437671701878218 1.3437671701878218 
-50.0 -50.0 -50.0 -50.5 -50.5 -50.0 -50.0 -50.5 -50.0 -50.0 -50.0 -50.0 -50.0 -51.0 -51.0 -51.0 -50.0 -51.5 -51.0 -50.5 -50.5 -51.0 -51.0 -51.0 -51.5 -51.5 -51.5 -50.5 -50.5 -52.5 -51.5 -52.0 -51.0 -50.5 -50.0 -50.0 -49.5 -50.0 -50.0 -50.0 -50.0 -50.0 -50.0 -50.0 -50.0 
1.662835174068035 1.6566992509164924 1.6873788666742053 1.6873788666742053 1.705786636128833 1.6751070203711202 1.7119225592803755 1.6505633277649499 1.6873788666742053 1.6444274046134073 1.662835174068035 1.6260196351587797 1.533980787885641 1.53091282630987 1.6935147898257479 1.902136176978195 1.8407769454627694 1.7426021750380885 1.6812429435226628 1.6812429435226628 1.736466251886546 1.88986433067511 1.945087639038993 2.012582793705961 2.024854640009046 2.012582793705961 1.9696313316451632 1.859184714917397 1.7855536370988863 1.9205439464328227 1.9573594853420782 2.061670178918302 2.012582793705961 1.8346410223112268 1.6566992509164924 1.564660403643354 1.6566992509164924 1.6321555583103222 1.6444274046134073 1.6751070203711202 1.6689710972195777 1.6689710972195777 1.6935147898257479 1.7119225592803755 1.6751070203711202 
-50.5 -50.0 -50.5 -50.0 -50.0 -50.5 -50.0 -50.5 -50.0 -50.5 -50.0 -50.0 -50.5 -52.0 -52.0 -49.0 -48.5 -48.0 -49.0 -49.0 -50.5 -50.0 -49.5 -50.0 -50.0 -51.0 -51.0 -50.5 -49.5 -48.0 -48.0 -49.5 -50.5 -52.5 -52.5 -51.0 -50.5 -50.5 -50.5 -50.0 -50.0 -50.5 -50.5 -50.0 -50.0 
2.073942025221387 2.0800779483729293 2.061670178918302 2.0800779483729293 2.110757564130642 2.055534255766759 2.067806102069844 2.0923497946760143 2.067806102069844 2.055534255766759 2.0800779483729293 2.061670178918302 2.0371264863121317 1.859184714917397 1.9819031779482483 2.2334760271614935 2.2641556429192065 2.1537090261914402 2.2150682577068657 2.1966604882522383 2.1905245651006955 2.270291566070749 2.2886993355253766 2.380738182798515 2.399145952253143 2.3930100291016 2.350058567040802 2.325514874434632 2.350058567040802 2.2089323345553233 2.36846633649543 2.36846633649543 2.282563412373834 1.9082721001297376 1.859184714917397 1.8714565612204823 1.9634954084936207 2.0371264863121317 2.061670178918302 2.055534255766759 2.0493983326152168 2.0923497946760143 2.0493983326152168 2.1353012567368124 2.1659808724945253 
-50.5 -50.5 -50.0 -50.0 -50.0 -50.5 -50.5 -50.5 -50.0 -50.5 -50.0 -51.0 -50.5 -53.0 -54.0 -52.5 -52.0 -53.0 -52.5 -52.0 -52.0 -52.5 -53.0 -53.0 -53.0 -53.0 -52.5 -52.0 -53.0 -52.0 -51.5 -53.0 -54.0 -54.0 -52.5 -51.5 -50.5 -50.5 -50.5 -50.5 -50.5 -50.5 -50.5 -50.0 -50.0 
5.043728830567988 5.123495831538041 4.896466674930966 5.092816215780329 4.914874444385594 4.908738521234052 5.0253210611133605 4.957825906446392 4.97623367590102 4.859651136021712 4.95168998329485 5.043728830567988 4.871922982324796 5.279961871902377 6.019340611663256 5.964117303299373 5.896622148632405 5.559146375297564 5.64504929941916 5.589825991055276 5.651185222570702 5.957981380147831 5.872078456026235 5.829126993965437 5.939573610693203 6.117515382087937 5.8475347634200645 5.853670686571607 5.602097837358362 5.638913376267617 5.994796919057086 6.17273869045182 6.007068765360171 6.105243535784852 5.5284667595398505 5.141903600992669 4.921010367537137 4.963961829597935 5.45483568172134 4.9394181369917645 4.914874444385594 5.203262832508095 5.0682725231741586 5.307573526084319 5.178719139901925 
-63.5 -63.5 -64.0 -63.5 -64.0 -64.0 -63.0 -63.5 -64.0 -64.5 -65.5 -64.5 -66.0 -68.0 -62.0 -58.5 -56.0 -57.5 -58.5 -58.5 -59.5 -57.5 -57.5 -58.0 -58.5 -58.0 -58.0 -58.5 -59.0 -57.0 -57.0 -57.5 -59.5 -63.0 -66.0 -66.5 -65.5 -65.0 -63.5 -63.5 -64.0 -63.0 -64.0 -63.5 -64.0 
5.540738605842936 5.540738605842936 5.553010452146021 5.553010452146021 5.565282298449106 5.6143696836614465 5.540738605842936 5.50392306693368 5.5714182216006485 5.546874528994478 5.577554144752192 5.602097837358362 5.559146375297564 5.580622106327962 5.743224069843841 0.4356505437595221 6.074563920027139 5.902758071783947 0.28838838812250056 0.2454369260617026 0.04295146206079795 6.178874613603362 0.1043106935762236 0.28225246497095796 0.6810874698212247 6.19728238305799 6.252505691421874 6.227961998815704 6.209554229361076 6.086835766330224 5.246214294568893 5.307573526084319 5.2339424482658075 5.473243451175968 5.902758071783947 5.497787143782138 5.786175531904639 5.730952223540755 5.681864838328415 5.64504929941916 5.583690067903734 
-61.5 -62.0 -60.5 -61.5 -61.5 -61.0 -60.5 -60.5 -61.5 -61.5 -61.0 -61.0 -62.0 -67.0 -60.5 -66.0 -61.0 -66.0 -67.0 -62.5 -62.0 -62.0 -63.0 -63.5 -68.0 -70.0 -62.5 -68.0 -65.0 -68.0 -69.0 -68.0 -63.5 -63.0 -62.0 -61.5 -61.0 -61.5 -61.0 -61.0 -61.0 
