2.945243112740431 3.018874190558942 3.055689729468197 2.9391071895888885 2.748893571891069 3.6999616603801666 3.552699504743145 2.8654761117703775 2.816388726558037 3.0250101137104846 2.9206994201342606 2.736621725587984 2.8532042654672924 2.988194574801229 3.1968159619536762 3.160000423044421 4.104932588381976 0.7117670855789375 0.5092816215780329 1.0615147052168636 3.6324665057131984 4.025165587411922 3.9392626632903265 3.442252888015379 3.000466421104314 3.1231848841351653 6.270913460876501 
-63.0 -63.0 -63.0 -64.0 -63.0 -63.5 -64.0 -64.0 -64.5 -62.5 -61.5 -63.5 -64.0 -65.0 -65.0 -65.5 -73.5 -74.0 -74.0 -66.5 -64.5 -65.0 -67.0 -64.5 -64.0 -65.0 -65.5 
2.0493983326152168 1.8960002538266525 1.88986433067511 1.932815792735908 1.88986433067511 1.8530487917658545 1.7855536370988863 5.056000676871073 1.9266798695843652 1.8530487917658545 1.7671458676442586 1.8285050991596843 1.8223691760081417 1.7794177139473437 1.7794177139473437 1.859184714917397 1.945087639038993 2.073942025221387 2.325514874434632 2.350058567040802 2.3623304133438876 2.693670263527186 2.4850488763747385 2.4727770300716534 2.3316507975861747 2.405281875404685 2.60776733940559 2.5034566458293663 2.380738182798515 2.552544031041707 2.429825568010856 5.200194870932323 1.9696313316451632 2.141437179888355 2.1537090261914402 2.172116795646068 1.932815792735908 1.9082721001297376 1.8346410223112268 
-60.5 -61.0 -61.5 -62.0 -61.0 -59.5 -61.0 -62.0 -62.0 -61.0 -61.5 -62.0 -61.5 -61.5 -62.5 -62.0 -61.5 -61.5 -61.0 -63.0 -64.0 -66.0 -64.5 -63.5 -63.0 -62.5 -62.0 -62.0 -63.5 -65.0 -66.0 -64.0 -61.5 -60.0 -60.5 -59.5 -60.0 -61.0 -62.0 
1.1106020904292042 1.0983302441261191 1.043106935762236 1.0369710126106935 1.000155473701438 0.9756117810952678 1.0185632431560658 0.9019807032767571 0.9694758579437253 0.8774370106705868 0.9940195505498954 0.9694758579437253 0.9940195505498954 0.9633399347921826 0.9756117810952678 1.000155473701438 1.0062913968529805 1.0799224746714913 1.184233168247715 1.0615147052168636 1.043106935762236 1.521708941582556 1.3069516312785663 1.0676506283684062 1.0062913968529805 1.0062913968529805 0.9940195505498954 0.9510680884890975 1.0246991663076084 1.0246991663076084 1.030835089459151 1.0737865515199487 1.086058397823034 4.301282129231338 0.9940195505498954 1.1228739367322893 1.2885438618239387 1.227184630308513 1.1351457830353744 1.030835089459151 1.000155473701438 
-48.5 -48.5 -48.5 -48.5 -48.5 -48.5 -49.0 -49.0 -49.0 -49.0 -49.0 -49.0 -49.5 -49.0 -49.0 -48.5 -48.5 -49.0 -50.5 -52.5 -53.5 -55.5 -53.5 -52.5 -54.0 -54.0 -54.5 -55.0 -54.5 -54.5 -54.0 -54.5 -54.0 -56.5 -53.5 -52.5 -52.0 -49.5 -48.5 -48.5 -49.0 
0.9694758579437253 0.9387962421860124 0.9387962421860124 1.000155473701438 0.944932165337555 0.9633399347921826 0.8651651643675016 0.8897088569736719 0.9142525495798421 0.859029241215959 0.8897088569736719 0.8160777791551611 0.8713010875190442 0.8835729338221293 0.8713010875190442 0.9081166264282996 0.8897088569736719 0.9203884727313847 1.0246991663076084 1.2026409377023426 1.4848934026733007 1.7794177139473437 1.5155730184310134 1.380582709097077 1.368310862793992 1.3989904785517047 1.423534171157875 1.4603497100671303 1.41126232485479 1.4173982480063325 1.4419419406125027 1.4419419406125027 1.4296700943094176 1.53091282630987 1.3314953238847365 1.1965050145508 1.2333205534600555 1.1535535524900022 1.0185632431560658 0.9694758579437253 0.9510680884890975 
-51.0 -51.0 -51.0 -51.0 -51.0 -51.0 -51.5 -51.0 -51.0 -51.5 -51.5 -51.5 -51.5 -51.5 -52.0 -51.5 -52.0 -51.0 -51.5 -54.0 -55.5 -53.0 -51.5 -52.0 -52.5 -52.5 -52.5 -52.5 -52.5 -52.5 -52.5 -52.5 -52.5 -53.0 -54.0 -53.0 -52.5 -51.0 -50.5 -51.0 -51.5 
1.2455923997631406 1.282407938672396 1.2885438618239387 1.1044661672776617 1.3130875544301088 1.214912784005428 1.2333205534600555 1.2762720155208536 1.282407938672396 1.239456476611598 1.227184630308513 1.2885438618239387 1.2701360923693108 1.239456476611598 1.1903690913992575 1.214912784005428 1.1719613219446299 1.325359400733194 1.4603497100671303 1.8837284075235674 2.1782527187976104 2.0923497946760143 1.8530487917658545 2.0064468705544187 1.8100973297050567 1.8346410223112268 1.846912868614312 1.7732817907958012 1.7794177139473437 1.7794177139473437 1.8407769454627694 1.8223691760081417 1.7916895602504288 5.227806525114265 2.000310947402876 1.7732817907958012 1.6751070203711202 1.423534171157875 1.2762720155208536 1.2885438618239387 1.337631247036279 
-56.5 -56.0 -56.5 -57.0 -56.5 -56.5 -57.0 -57.5 -57.0 -57.5 -57.5 -57.0 -57.5 -57.5 -57.0 -57.0 -57.0 -57.0 -58.0 -61.5 -59.5 -53.0 -54.5 -54.5 -54.5 -55.5 -55.0 -55.0 -55.5 -54.0 -54.5 -56.0 -55.0 -56.5 -61.0 -57.5 -56.0 -55.5 -55.5 -56.0 -57.0 
1.5401167110371838 1.564660403643354 1.5401167110371838 1.5830681730979816 1.5830681730979816 1.576932249946439 1.552388557340269 1.521708941582556 1.4480778637640452 1.5278448647340985 1.533980787885641 1.5585244804918115 1.5401167110371838 1.4726215563702154 1.4358060174609601 1.5033011721279284 1.6321555583103222 1.902136176978195 2.1659808724945253 1.9266798695843652 2.043262409463674 2.061670178918302 2.1659808724945253 2.067806102069844 2.012582793705961 2.1046216409791 2.067806102069844 2.0923497946760143 2.043262409463674 2.141437179888355 2.086213871524472 2.064738140494073 2.1782527187976104 2.2027964114037806 2.0800779483729293 1.8285050991596843 1.6751070203711202 1.6444274046134073 1.662835174068035 
-54.5 -54.5 -54.0 -54.5 -54.5 -55.0 -55.0 -55.0 -55.0 -54.0 -55.0 -55.5 -54.5 -54.5 -54.5 -54.5 -55.0 -56.5 -55.0 -54.0 -55.0 -55.5 -55.5 -55.0 -56.0 -56.0 -55.5 -56.0 -56.0 -55.0 -55.0 -56.0 -55.5 -56.0 -56.0 -55.0 -55.0 -54.0 -54.0 
5.246214294568893 5.3198453723874035 5.227806525114265 5.246214294568893 5.270757987175063 5.313709449235861 5.2339424482658075 5.307573526084319 5.375068680751287 5.289165756629691 5.344389064993574 5.264622064023521 5.307573526084319 5.221670601962723 5.283029833478148 5.325981295538946 5.2768939103266055 5.375068680751287 5.387340527054372 5.780039608753096 5.921165841238575 5.485515297479052 5.724816300389213 5.6941366846315 5.6941366846315 5.681864838328415 5.6143696836614465 5.522330836388308 5.553010452146021 5.491651220630596 5.602097837358362 5.651185222570702 5.730952223540755 5.651185222570702 5.890486225480862 5.565282298449106 5.565282298449106 5.485515297479052 5.221670601962723 5.344389064993574 5.240078371417351 
-60.0 -60.5 -61.0 -60.5 -60.5 -60.5 -60.5 -60.5 -60.5 -60.5 -60.5 -61.5 -60.5 -59.5 -61.5 -61.0 -60.5 -60.0 -61.0 -61.5 -61.0 -59.5 -59.5 -58.0 -58.5 -58.0 -59.5 -60.5 -61.0 -60.0 -59.5 -58.5 -57.5 -59.0 -58.5 -59.0 -58.0 -57.5 -58.0 -59.5 -59.5 
4.73693267299086 4.503767593232243 4.417864669110647 4.693981210930062 4.773748211900116 4.828971520263998 4.669437518323892 1.5953400194010667 1.6260196351587797 4.8351074434155406 4.675573441475434 4.7307967498393175 4.528311285838413 4.522175362686871 4.552854978444583 5.031456984264903 5.663457068873787 5.154175447295755 5.056000676871073 5.5284667595398505 5.5100589900852235 5.368932757599744 5.344389064993574 5.399612373357457 5.4671075280244255 5.829126993965437 1.9082721001297376 5.286097795053919 5.915029918087033 5.540738605842936 5.418020142812084 5.00077736850719 5.0682725231741586 
-63.0 -64.0 -64.5 -64.0 -65.5 -65.5 -65.5 -66.5 -66.5 -66.5 -65.5 -64.0 -66.0 -66.5 -65.5 -65.0 -61.0 -62.0 -66.5 -68.0 -65.5 -65.0 -65.0 -65.5 -65.5 -65.5 -66.5 -64.5 -63.5 -61.5 -61.5 -63.5 -63.5 
