3.472932503773092 3.5281558121369745 3.147728576741336 3.0250101137104846 3.2336315008629315 3.1968159619536762 3.184544115650591 3.215223731408304 3.055689729468197 3.1784081924990484 3.2888548092268146 6.258641614573416 3.184544115650591 3.129320807286708 3.098641191528995 3.0802334220743677 3.54042765844006 3.1906800388021335 2.8838838812250054 4.09266074207889 4.154019973594316 4.246058820867455 4.006757817957295 3.693825737228624 3.466796580621549 3.4054373491061236 3.2581751934691017 3.6079228131070282 0.9940195505498954 3.0066023442558567 2.82252464970958 2.859340188618835 2.945243112740431 
-63.0 -61.5 -63.0 -62.5 -60.0 -63.0 -63.5 -63.5 -63.5 -63.0 -63.5 -64.5 -64.0 -63.5 -63.5 -64.0 -65.0 -67.0 -68.5 -64.0 -71.0 -69.0 -68.5 -67.0 -66.0 -66.0 -66.0 -66.5 -71.5 -64.0 -64.0 -63.5 -63.5 
2.12916533358527 2.098485717827557 2.067806102069844 2.061670178918302 2.1046216409791 2.086213871524472 2.1046216409791 2.073942025221387 1.9266798695843652 1.9880391010997909 1.9389517158874505 2.0064468705544187 2.024854640009046 2.0064468705544187 1.9880391010997909 2.184388641949153 2.141437179888355 2.282563412373834 2.1230294104337273 2.270291566070749 2.767301341345697 3.368621810196868 2.779573187648782 2.761165418194154 2.859340188618835 3.06182565261974 6.019340611663256 2.6998061866787286 2.791845033951867 2.5954954931025047 2.804116880254952 2.564815877344792 5.786175531904639 5.350524988145116 2.000310947402876 1.9082721001297376 1.88986433067511 
-60.0 -59.0 -60.0 -60.0 -59.0 -61.0 -59.5 -61.0 -61.0 -60.5 -61.5 -61.5 -62.0 -61.5 -61.5 -61.5 -61.5 -62.5 -63.0 -63.5 -66.0 -65.5 -64.5 -63.5 -63.5 -63.0 -63.5 -62.5 -63.0 -65.0 -64.0 -65.5 -66.0 -63.0 -61.5 -59.0 -61.0 
1.3069516312785663 1.3621749396424494 1.2455923997631406 1.2210487071569704 1.2946797849754812 1.239456476611598 1.2333205534600555 1.184233168247715 1.2087768608538851 1.1658253987930873 1.184233168247715 1.0737865515199487 1.086058397823034 1.0983302441261191 1.1167380135807468 1.1228739367322893 1.1474176293384597 1.0921943209745766 0.9265243958829272 0.7731263170943632 1.141281706186917 1.4358060174609601 1.214912784005428 1.0983302441261191 1.0185632431560658 0.9387962421860124 0.9510680884890975 1.0615147052168636 0.9633399347921826 0.9265243958829272 0.9940195505498954 1.184233168247715 1.3621749396424494 1.3621749396424494 1.0185632431560658 1.086058397823034 1.0615147052168636 1.0369710126106935 0.9572040116406401 0.7547185476397354 0.9265243958829272 
-48.0 -48.5 -48.0 -48.0 -48.0 -48.0 -48.0 -48.0 -48.0 -48.0 -48.5 -48.5 -48.5 -48.5 -48.5 -48.5 -49.0 -50.0 -53.0 -56.5 -57.5 -56.0 -53.5 -52.5 -53.5 -54.5 -55.0 -54.5 -54.5 -54.0 -53.5 -53.0 -53.5 -54.5 -54.5 -54.0 -52.0 -51.0 -50.5 -50.5 -50.5 
1.086058397823034 1.0737865515199487 1.0246991663076084 1.0492428589137786 1.0369710126106935 1.086058397823034 1.000155473701438 1.0799224746714913 0.9510680884890975 0.9265243958829272 0.9387962421860124 0.9326603190344698 0.9081166264282996 0.9019807032767571 0.9326603190344698 0.9572040116406401 1.000155473701438 1.043106935762236 0.9940195505498954 1.2333205534600555 1.552388557340269 1.5953400194010667 1.4664856332186729 1.4971652489763858 1.423534171157875 1.423534171157875 1.3928545554001621 1.3621749396424494 1.3928545554001621 1.368310862793992 1.3008157081270237 1.4971652489763858 1.4848934026733007 1.4173982480063325 1.4358060174609601 1.3744467859455345 1.1228739367322893 1.030835089459151 0.9081166264282996 0.9878836273983529 0.9326603190344698 
-50.0 -49.5 -50.0 -50.0 -50.0 -50.0 -50.0 -50.5 -50.0 -51.0 -51.0 -51.0 -51.0 -51.0 -50.5 -50.0 -50.0 -50.0 -51.5 -53.5 -53.5 -52.0 -51.5 -51.5 -51.0 -52.0 -52.0 -51.5 -51.5 -51.5 -51.0 -51.5 -52.5 -52.0 -52.5 -52.5 -51.5 -51.0 -50.5 -51.0 -51.0 
1.227184630308513 1.141281706186917 1.227184630308513 1.2946797849754812 1.2026409377023426 1.2578642460662257 1.1780972450961724 1.214912784005428 1.1719613219446299 1.214912784005428 1.086058397823034 1.0921943209745766 1.1351457830353744 1.2455923997631406 1.2455923997631406 1.1965050145508 1.227184630308513 1.368310862793992 1.5401167110371838 2.172116795646068 2.2764274892222915 2.012582793705961 1.9389517158874505 1.8837284075235674 1.859184714917397 1.932815792735908 1.8285050991596843 1.8346410223112268 1.8039614065535141 1.8346410223112268 1.8039614065535141 1.7978254834019713 1.88986433067511 2.141437179888355 5.154175447295755 1.7303303287350031 1.41126232485479 1.368310862793992 1.2333205534600555 1.141281706186917 
-55.5 -56.0 -56.5 -56.0 -56.0 -56.0 -56.0 -56.5 -56.5 -56.5 -56.5 -57.0 -57.0 -57.0 -57.0 -58.0 -58.5 -60.0 -64.0 -64.0 -58.5 -53.0 -52.5 -53.0 -54.5 -54.0 -54.5 -54.0 -53.5 -53.5 -54.5 -53.5 -52.0 -54.0 -57.0 -57.5 -58.5 -59.5 -60.0 -59.0 
1.6014759425526093 1.5892040962495242 1.5892040962495242 1.5830681730979816 1.564660403643354 1.552388557340269 1.509437095279471 1.5278448647340985 1.552388557340269 1.4787574795217582 1.5278448647340985 1.509437095279471 1.5155730184310134 1.5585244804918115 1.521708941582556 1.2517283229146832 1.4542137869155878 1.509437095279471 1.5953400194010667 1.8960002538266525 2.1353012567368124 2.018718716857504 2.086213871524472 2.061670178918302 2.2334760271614935 2.1475731030398975 2.1046216409791 2.067806102069844 2.055534255766759 2.024854640009046 2.116893487282185 1.9880391010997909 2.0371264863121317 2.1046216409791 2.141437179888355 2.1475731030398975 1.8960002538266525 1.748738098189631 1.564660403643354 1.6566992509164924 1.6137477888556946 
-53.0 -52.0 -53.0 -53.0 -52.0 -53.0 -53.0 -53.5 -53.5 -53.5 -54.0 -53.5 -53.5 -53.5 -53.5 -53.5 -53.5 -54.0 -55.0 -56.0 -54.5 -54.0 -55.0 -56.0 -56.0 -56.5 -57.0 -56.5 -56.5 -56.0 -55.5 -56.0 -54.0 -54.0 -54.0 -53.5 -54.5 -54.5 -55.5 -55.0 -54.5 
5.086680292628786 5.1725832167503825 5.184855063053467 5.166447293598839 5.074408446325701 5.154175447295755 5.148039524144211 5.166447293598839 5.117359908386499 5.154175447295755 5.197126909356553 5.190990986205009 5.166447293598839 5.154175447295755 5.197126909356553 5.190990986205009 5.289165756629691 5.295301679781233 5.497787143782138 5.546874528994478 5.890486225480862 5.712544454086128 5.5714182216006485 5.460971604872882 5.5284667595398505 5.50392306693368 5.460971604872882 5.418020142812084 5.45483568172134 5.448699758569798 5.632777453116074 5.6143696836614465 5.6941366846315 5.976389149602458 5.399612373357457 5.3627968344482015 5.411884219660542 5.375068680751287 5.338253141842031 
-59.0 -59.5 -57.5 -60.0 -58.5 -59.5 -59.0 -58.5 -59.5 -59.5 -60.5 -60.0 -58.0 -60.0 -60.5 -59.5 -60.0 -59.5 -61.0 -61.5 -59.0 -57.5 -57.5 -57.5 -59.5 -58.5 -59.5 -59.5 -59.0 -59.5 -59.5 -58.0 -60.0 -60.0 -60.5 -58.5 -59.0 -59.5 -60.0 
4.516039439535327 4.503767593232243 4.479223900626073 4.534447208989955 4.473087977474529 4.454680208019902 4.540583132141498 4.399456899656019 4.338097668140593 4.405592822807561 4.466952054322987 4.466952054322987 4.614214209960009 4.509903516383785 4.528311285838413 4.28287435977671 4.509903516383785 4.546719055293041 4.558990901596125 5.356660911296659 5.3627968344482015 4.957825906446392 5.5714182216006485 5.559146375297564 2.423689644859313 5.595961914206819 5.651185222570702 5.712544454086128 6.007068765360171 1.8775924843720249 2.2027964114037806 5.47937937432751 5.227806525114265 1.7916895602504288 4.878058905476339 4.884194828627882 
-59.0 -59.0 -59.5 -60.0 -60.0 -59.5 -59.5 -60.5 -61.5 -62.0 -62.0 -62.5 -63.5 -61.0 -62.5 -61.5 -61.5 -61.0 -61.5 -61.0 -60.5 -61.0 -66.5 -67.0 -67.0 -65.5 -65.5 -67.5 -67.0 -74.5 -64.5 -62.0 -64.5 -67.5 -66.5 -65.0 
