2.8961557275280905 2.791845033951867 2.761165418194154 2.8777479580734626 2.724349879284899 2.736621725587984 2.859340188618835 2.6261751088602177 2.6384469551633027 2.791845033951867 2.8654761117703775 2.816388726558037 2.767301341345697 2.773437264497239 2.791845033951867 2.8409324191642074 2.7857091108003242 2.9943304979527716 3.117048960983623 3.043417883165112 3.54042765844006 4.1172044346850605 3.77972866135022 3.650874275167826 3.5036121195308043 3.6876898140770815 3.6692820446224537 3.730641276137879 3.816544200259475 4.319689898685965 4.178563666200486 3.5281558121369745 3.4606606574700063 3.141592653589793 2.742757648739526 2.227340104009951 
-63.5 -63.0 -63.5 -63.0 -63.0 -63.0 -63.5 -62.5 -63.0 -63.0 -63.0 -63.0 -62.5 -62.0 -62.5 -62.5 -62.5 -62.5 -63.0 -63.5 -63.5 -67.0 -66.0 -65.5 -66.0 -64.5 -63.5 -63.0 -64.0 -67.0 -67.0 -65.0 -63.5 -64.5 -65.5 -66.5 
1.9389517158874505 1.9634954084936207 2.116893487282185 1.945087639038993 2.12916533358527 2.1598449493429825 2.061670178918302 2.12916533358527 2.429825568010856 2.073942025221387 2.1475731030398975 2.1905245651006955 2.098485717827557 2.110757564130642 2.086213871524472 2.172116795646068 2.0493983326152168 1.9266798695843652 2.0800779483729293 2.0800779483729293 2.2764274892222915 2.3623304133438876 2.6691265709210157 3.2029518851052186 3.104777114680538 3.141592653589793 3.031146036862027 2.8838838812250054 2.9513790358919736 2.767301341345697 2.9759227284981438 2.890019804376548 3.031146036862027 2.9759227284981438 3.043417883165112 5.5100589900852235 2.36846633649543 2.110757564130642 2.043262409463674 1.9144080232812801 1.7548740213411735 1.761009944492716 
-64.5 -63.5 -64.0 -64.5 -64.5 -65.5 -65.0 -65.0 -65.5 -64.5 -65.0 -63.5 -65.0 -65.5 -63.5 -63.5 -63.5 -63.0 -62.5 -63.0 -63.0 -64.5 -65.5 -64.5 -64.5 -63.5 -62.5 -62.5 -63.0 -62.0 -63.0 -63.5 -63.5 -65.0 -67.0 -65.0 -64.0 -63.5 -64.0 -62.5 -64.0 -63.0 
0.8528933180644165 0.8222137023067037 0.7669903939428205 0.7547185476397354 0.705631162427395 0.7117670855789375 0.7240389318820226 0.6933593161243098 0.6381360077604268 0.6565437772150544 0.6749515466696822 0.705631162427395 0.6872233929727672 0.7179030087304801 0.7485826244881929 0.7301748550335652 0.7669903939428205 0.803805932852076 0.8467573949128739 0.944932165337555 1.0062913968529805 0.9572040116406401 1.0246991663076084 1.4787574795217582 1.3192234775816514 1.0737865515199487 0.9510680884890975 0.9142525495798421 0.9203884727313847 1.0062913968529805 0.9510680884890975 0.9387962421860124 0.9572040116406401 0.9940195505498954 1.1658253987930873 1.4051264017032472 1.1719613219446299 1.0921943209745766 1.184233168247715 1.0246991663076084 0.8222137023067037 0.6749515466696822 
-49.5 -49.5 -49.5 -50.0 -50.0 -50.0 -50.0 -50.0 -50.0 -50.0 -50.0 -50.0 -50.0 -50.0 -50.0 -50.0 -49.5 -49.5 -50.0 -51.0 -52.0 -53.5 -56.0 -55.5 -52.5 -52.0 -54.0 -54.0 -54.0 -53.5 -54.0 -53.0 -53.5 -52.5 -52.0 -53.5 -54.0 -53.0 -51.0 -50.5 -51.5 -52.5 
0.8344855486097889 0.8160777791551611 0.7976700097005334 0.8283496254582462 0.8406214717613314 0.7853981633974483 0.8160777791551611 0.8099418560036186 0.8099418560036186 0.7792622402459057 0.8222137023067037 0.859029241215959 0.7915340865489908 0.8467573949128739 0.8283496254582462 0.8222137023067037 0.8651651643675016 0.8344855486097889 0.8283496254582462 0.9081166264282996 1.0246991663076084 1.2946797849754812 1.521708941582556 1.6014759425526093 1.4173982480063325 1.380582709097077 1.2455923997631406 1.3130875544301088 1.3621749396424494 1.380582709097077 1.337631247036279 1.325359400733194 1.2517283229146832 1.282407938672396 1.380582709097077 1.3928545554001621 1.4848934026733007 1.3314953238847365 1.2210487071569704 1.055378782065321 0.8160777791551611 0.8467573949128739 
-52.5 -52.5 -52.5 -53.0 -53.5 -53.5 -53.5 -53.5 -53.5 -53.5 -53.0 -53.5 -53.0 -53.0 -53.0 -52.5 -52.5 -52.0 -52.0 -52.0 -52.0 -53.5 -53.0 -52.0 -51.0 -50.5 -51.0 -51.5 -51.5 -51.0 -51.0 -50.5 -51.0 -50.5 -52.0 -52.0 -53.0 -53.0 -52.5 -52.5 -52.5 -53.0 
1.141281706186917 1.0615147052168636 1.1780972450961724 1.1106020904292042 1.1044661672776617 1.086058397823034 1.227184630308513 1.2333205534600555 1.2210487071569704 1.1474176293384597 1.141281706186917 1.1106020904292042 1.1351457830353744 1.1780972450961724 1.2517283229146832 1.2333205534600555 1.2210487071569704 1.3499030933393643 1.4480778637640452 1.5953400194010667 1.945087639038993 2.1230294104337273 2.1046216409791 1.9266798695843652 1.761009944492716 1.7303303287350031 1.6996507129772904 1.8100973297050567 1.748738098189631 1.7916895602504288 1.6996507129772904 1.6996507129772904 1.6751070203711202 1.6014759425526093 1.718058482431918 1.8162332528565992 2.012582793705961 1.9389517158874505 1.8837284075235674 1.761009944492716 1.6014759425526093 1.6566992509164924 
-58.5 -59.0 -60.0 -59.5 -60.5 -60.5 -60.5 -59.5 -60.5 -59.5 -60.0 -60.5 -59.5 -60.0 -59.5 -59.5 -58.5 -59.0 -59.5 -58.0 -57.0 -56.5 -54.5 -51.0 -51.5 -52.0 -53.0 -52.0 -52.5 -52.5 -51.5 -51.5 -51.5 -52.0 -51.0 -51.0 -53.0 -55.0 -54.0 -55.5 -59.5 -61.0 
1.5033011721279284 1.4542137869155878 1.4358060174609601 1.4971652489763858 1.4358060174609601 1.521708941582556 1.4787574795217582 1.5401167110371838 1.4787574795217582 1.533980787885641 1.4664856332186729 1.552388557340269 1.5155730184310134 1.4971652489763858 1.5401167110371838 1.533980787885641 1.4603497100671303 1.4971652489763858 1.5585244804918115 1.6935147898257479 1.9144080232812801 2.172116795646068 2.1659808724945253 2.043262409463674 1.9389517158874505 1.9634954084936207 2.1046216409791 2.012582793705961 1.9634954084936207 2.012582793705961 2.012582793705961 1.932815792735908 1.8960002538266525 1.945087639038993 1.8530487917658545 1.9573594853420782 2.12916533358527 2.073942025221387 2.1046216409791 1.945087639038993 1.6935147898257479 1.6382914814618648 
-56.0 -56.5 -56.5 -56.5 -57.5 -57.5 -57.5 -57.0 -57.5 -57.5 -57.5 -57.5 -58.0 -57.0 -57.5 -57.5 -57.5 -56.5 -57.0 -56.5 -56.0 -55.0 -54.0 -53.0 -54.5 -56.0 -55.0 -56.0 -57.0 -56.0 -55.5 -55.5 -55.0 -55.0 -54.5 -53.0 -54.0 -53.5 -53.5 -54.5 -56.0 -57.0 
5.258486140871978 5.473243451175968 5.399612373357457 5.350524988145116 5.448699758569798 5.522330836388308 5.448699758569798 5.4671075280244255 5.4671075280244255 5.418020142812084 5.43029198911517 5.387340527054372 5.393476450205914 5.442563835418255 5.411884219660542 5.50392306693368 5.411884219660542 5.553010452146021 5.5284667595398505 5.743224069843841 5.620505606812989 5.9088939949354895 5.9088939949354895 5.620505606812989 5.638913376267617 5.595961914206819 5.5714182216006485 5.289165756629691 5.190990986205009 5.148039524144211 5.080544369477243 5.184855063053467 5.221670601962723 5.448699758569798 5.45483568172134 5.516194913236766 5.786175531904639 5.884350302329319 5.436427912266712 5.368932757599744 5.424156065963627 5.675728915176872 
-62.0 -61.5 -62.0 -62.0 -62.0 -62.0 -62.5 -62.0 -62.5 -62.5 -62.0 -62.5 -61.0 -62.0 -61.5 -62.5 -62.0 -61.5 -61.0 -61.5 -61.5 -61.5 -59.5 -58.0 -58.5 -58.5 -59.5 -59.5 -60.0 -60.0 -60.5 -59.0 -59.5 -59.0 -58.0 -58.5 -58.5 -60.0 -62.0 -61.0 -61.0 -61.5 
1.1167380135807468 4.1417481272912315 1.2946797849754812 1.1596894756415448 1.214912784005428 1.4173982480063325 5.448699758569798 5.5714182216006485 5.792311455056181 5.688000761479957 5.117359908386499 6.135923151542564 5.730952223540755 5.8475347634200645 5.872078456026235 5.786175531904639 5.872078456026235 5.8475347634200645 5.8475347634200645 0.11044661672776616 2.2212041808584084 6.000932842208628 5.957981380147831 5.681864838328415 5.5284667595398505 
-72.0 -72.0 -75.0 -74.5 -72.5 -71.5 -67.5 -65.0 -62.5 -60.5 -61.5 -70.5 -65.0 -66.0 -65.0 -64.0 -64.0 -64.0 -63.5 -64.0 -67.5 -62.0 -62.0 -61.0 -64.5 
