6.178874613603362 3.0372819600135696 3.043417883165112 3.06182565261974 2.9329712664373457 2.9943304979527716 2.8777479580734626 2.9575149590435164 4.01902966426038 2.9697868053466014 3.000466421104314 3.043417883165112 3.0372819600135696 2.9575149590435164 6.19728238305799 6.191146459906448 2.945243112740431 3.117048960983623 3.2827188860752723 3.3379421944391554 3.448388811166921 3.2520392703175593 2.6139032625571326 0.8528933180644165 4.147884050442774 3.7981364308048478 0.6688156235181395 0.6013204688511713 3.5895150436524004 3.6079228131070282 3.77972866135022 3.5772431973493153 3.6201946594101133 3.6754179677739964 0.30066023442558565 3.055689729468197 2.9268353432858034 6.092971689481767 2.662990647769473 2.5402721847386216 
-64.5 -64.0 -64.0 -64.5 -64.5 -63.5 -63.5 -63.5 -64.5 -64.5 -63.5 -63.5 -64.5 -64.0 -65.5 -65.5 -64.0 -64.0 -65.0 -66.5 -69.0 -66.5 -67.5 -70.0 -68.5 -68.5 -70.0 -68.0 -65.0 -66.5 -68.5 -69.0 -67.0 -65.0 -69.0 -68.0 -68.0 -68.0 -66.5 -65.5 
1.8285050991596843 1.8960002538266525 1.7794177139473437 1.8837284075235674 1.8653206380689396 1.846912868614312 1.9205439464328227 1.8960002538266525 1.8223691760081417 1.227184630308513 1.9205439464328227 1.8837284075235674 1.902136176978195 1.9512235621905356 1.9757672547967058 1.8653206380689396 1.9696313316451632 1.8775924843720249 1.8653206380689396 1.945087639038993 1.932815792735908 2.073942025221387 2.1537090261914402 2.2212041808584084 2.478912953223196 2.497320722677824 3.1906800388021335 2.5954954931025047 2.5893595699509624 2.761165418194154 2.497320722677824 2.6568547246179306 2.730485802436441 2.816388726558037 2.675262494072558 3.0250101137104846 3.0127382674073995 2.5832236467994196 2.2396119503130363 2.2089323345553233 1.8960002538266525 1.6751070203711202 1.88986433067511 
-61.5 -61.0 -61.0 -61.0 -61.5 -61.5 -60.0 -60.5 -61.0 -61.0 -61.0 -60.5 -59.0 -61.5 -60.5 -61.0 -61.5 -61.5 -61.5 -61.5 -60.0 -61.5 -60.5 -62.5 -65.0 -65.5 -65.0 -63.0 -64.0 -62.5 -62.5 -62.5 -60.5 -63.5 -63.5 -64.0 -63.5 -65.0 -64.5 -64.0 -63.0 -63.0 -63.5 
1.0492428589137786 1.030835089459151 1.055378782065321 1.030835089459151 1.0246991663076084 0.9940195505498954 1.086058397823034 1.0615147052168636 1.0492428589137786 1.0246991663076084 1.030835089459151 0.9878836273983529 1.0492428589137786 1.0185632431560658 0.9817477042468103 1.0185632431560658 1.000155473701438 0.9940195505498954 0.9572040116406401 0.9694758579437253 0.9940195505498954 0.9817477042468103 1.1290098598838318 1.0185632431560658 0.8774370106705868 1.337631247036279 1.4173982480063325 1.0799224746714913 0.9756117810952678 0.9510680884890975 0.944932165337555 0.9940195505498954 0.9817477042468103 0.9756117810952678 0.9265243958829272 1.0185632431560658 1.0615147052168636 1.1167380135807468 1.2640001692177683 1.2087768608538851 1.1719613219446299 0.9265243958829272 0.7731263170943632 0.6320000846088841 
-48.5 -48.5 -49.0 -48.5 -48.5 -48.5 -48.5 -49.0 -48.5 -49.0 -49.0 -49.0 -48.5 -49.0 -49.0 -49.0 -49.0 -49.0 -49.0 -49.0 -49.0 -50.0 -51.0 -53.0 -54.5 -56.0 -52.0 -52.0 -53.5 -53.0 -54.0 -54.0 -53.5 -53.5 -53.0 -52.5 -53.0 -52.0 -53.0 -54.0 -52.5 -51.5 -51.5 -51.5 
0.9817477042468103 0.9510680884890975 0.9572040116406401 0.9572040116406401 0.9510680884890975 0.9510680884890975 1.012427320004523 0.9510680884890975 0.9510680884890975 0.9510680884890975 0.9633399347921826 0.9572040116406401 1.000155473701438 0.9510680884890975 0.9387962421860124 0.944932165337555 0.9019807032767571 0.9326603190344698 0.9510680884890975 0.8528933180644165 0.9633399347921826 0.8099418560036186 1.0185632431560658 1.1903690913992575 1.3744467859455345 1.6137477888556946 1.4296700943094176 1.3069516312785663 1.2701360923693108 1.2517283229146832 1.325359400733194 1.2946797849754812 1.337631247036279 1.3314953238847365 1.3130875544301088 1.2946797849754812 1.3560390164909069 1.380582709097077 1.3989904785517047 1.380582709097077 1.1903690913992575 0.9265243958829272 0.760854470791278 0.7117670855789375 
-51.0 -50.5 -51.0 -50.5 -51.0 -51.0 -51.0 -51.0 -51.0 -51.0 -51.0 -51.0 -51.0 -51.0 -51.0 -51.0 -51.0 -51.0 -51.0 -50.5 -50.5 -50.5 -51.0 -52.5 -53.5 -53.0 -50.5 -51.0 -51.0 -51.0 -51.0 -51.0 -51.0 -50.5 -51.0 -51.0 -50.5 -51.0 -51.0 -51.5 -52.0 -52.0 -53.0 -53.5 
1.227184630308513 1.214912784005428 1.2210487071569704 1.1719613219446299 1.1535535524900022 1.2701360923693108 1.2517283229146832 1.1903690913992575 1.2455923997631406 1.3560390164909069 1.1965050145508 1.1780972450961724 1.2087768608538851 1.2578642460662257 1.2701360923693108 1.3008157081270237 1.2517283229146832 1.2455923997631406 1.2210487071569704 1.239456476611598 1.3437671701878218 1.4173982480063325 1.6689710972195777 1.945087639038993 2.0371264863121317 2.098485717827557 1.8039614065535141 1.7916895602504288 1.6505633277649499 1.7671458676442586 1.6505633277649499 1.662835174068035 1.6873788666742053 1.6689710972195777 1.7426021750380885 1.7119225592803755 1.6689710972195777 1.7855536370988863 1.8285050991596843 1.9757672547967058 2.018718716857504 1.7978254834019713 1.4664856332186729 1.521708941582556 
-56.0 -56.5 -56.5 -56.5 -56.5 -56.0 -56.0 -57.0 -56.0 -56.0 -55.5 -56.0 -56.0 -56.0 -56.0 -56.5 -56.0 -56.0 -56.5 -56.5 -57.5 -57.0 -56.5 -57.0 -56.5 -52.0 -51.5 -52.0 -53.5 -53.0 -53.0 -53.0 -53.5 -53.0 -52.0 -52.5 -51.5 -52.5 -51.5 -54.0 -55.0 -57.0 -58.5 -59.0 
1.6751070203711202 1.6812429435226628 1.6444274046134073 1.6444274046134073 1.6444274046134073 1.6566992509164924 1.6382914814618648 1.7303303287350031 1.6689710972195777 1.6260196351587797 1.4358060174609601 1.662835174068035 1.564660403643354 1.6260196351587797 1.6751070203711202 1.6566992509164924 1.6260196351587797 1.6812429435226628 1.5953400194010667 1.552388557340269 1.4726215563702154 1.6444274046134073 1.8039614065535141 1.9941750242513334 2.12916533358527 2.030990563160589 1.9819031779482483 1.9941750242513334 2.067806102069844 1.945087639038993 2.012582793705961 2.0371264863121317 1.9819031779482483 2.0371264863121317 2.000310947402876 1.9266798695843652 1.9573594853420782 1.9512235621905356 2.000310947402876 1.9266798695843652 1.8775924843720249 1.662835174068035 1.5155730184310134 1.4848934026733007 
-54.0 -54.5 -53.5 -54.5 -54.5 -54.5 -54.5 -54.5 -54.0 -54.0 -54.0 -53.5 -54.0 -54.5 -54.5 -55.0 -54.5 -54.5 -55.0 -54.5 -55.0 -55.0 -55.5 -55.0 -54.5 -52.5 -54.0 -55.0 -55.0 -56.5 -55.5 -55.5 -55.0 -55.5 -56.5 -55.5 -55.0 -54.5 -55.0 -54.5 -54.0 -56.0 -57.0 -57.0 
5.240078371417351 5.2768939103266055 5.184855063053467 5.1725832167503825 5.190990986205009 4.878058905476339 5.307573526084319 5.270757987175063 5.240078371417351 5.184855063053467 5.129631754689584 5.178719139901925 5.184855063053467 5.221670601962723 5.221670601962723 5.197126909356553 5.178719139901925 5.252350217720435 5.252350217720435 5.338253141842031 5.338253141842031 5.565282298449106 5.6573211457222445 5.982525072754001 5.8659425328746915 5.6573211457222445 5.608233760509904 5.546874528994478 5.270757987175063 5.135767677841127 5.387340527054372 5.387340527054372 5.301437602932776 5.381204603902829 5.50392306693368 5.6143696836614465 5.66959299202533 5.737088146692298 5.964117303299373 5.5714182216006485 5.289165756629691 5.135767677841127 5.307573526084319 
-59.0 -59.5 -59.5 -59.5 -60.0 -60.0 -59.5 -60.0 -58.0 -59.0 -59.0 -59.5 -59.0 -59.5 -59.5 -60.0 -60.0 -59.5 -59.0 -59.0 -59.0 -60.0 -62.0 -61.0 -58.5 -59.0 -58.5 -60.0 -59.5 -61.5 -61.0 -61.0 -60.5 -60.0 -59.5 -58.5 -58.0 -59.0 -60.0 -62.5 -62.5 -62.0 -60.5 
4.71238898038469 1.6996507129772904 5.043728830567988 1.718058482431918 4.890330751779424 4.828971520263998 4.693981210930062 4.76147636559703 4.577398671050753 1.761009944492716 1.7426021750380885 1.7855536370988863 2.184388641949153 5.50392306693368 6.025476534814799 5.5714182216006485 0.1902136176978195 6.240233845118788 5.6941366846315 6.013204688511713 5.816855147662351 5.890486225480862 5.982525072754001 5.798447378207723 5.9518454569962875 5.8659425328746915 6.062292073724054 1.9696313316451632 5.356660911296659 5.522330836388308 5.3627968344482015 5.325981295538946 
-64.5 -65.5 -65.0 -65.5 -64.5 -62.0 -64.5 -64.0 -64.0 -66.5 -67.5 -69.0 -67.5 -63.5 -62.5 -60.5 -77.5 -66.5 -69.0 -68.0 -65.5 -65.5 -65.0 -65.0 -65.5 -65.5 -67.0 -71.0 -63.5 -63.5 -63.5 -68.0 
