2.779573187648782 2.6261751088602177 2.6384469551633027 2.9145634969827183 2.6998061866787286 2.6261751088602177 2.82252464970958 2.791845033951867 2.662990647769473 3.104777114680538 2.7857091108003242 2.5832236467994196 2.693670263527186 2.4727770300716534 2.60776733940559 2.5586799541932495 2.724349879284899 2.8654761117703775 2.6875343403756435 2.8716120349219203 3.0372819600135696 3.429981041712294 3.6140587362585705 4.301282129231338 4.215379205109742 3.9392626632903265 3.822680123411018 3.552699504743145 3.5036121195308043 3.5711072741977725 3.1661363461959633 3.436116964863836 3.8410878928656453 3.8533597391687304 0.4540583132141498 3.2459033471660166 3.08636934522591 2.730485802436441 2.6384469551633027 
-66.5 -67.0 -68.0 -67.5 -68.5 -68.0 -68.0 -68.0 -68.0 -68.5 -67.5 -68.5 -67.5 -68.5 -68.0 -68.0 -67.0 -67.0 -66.0 -67.0 -66.5 -67.0 -69.0 -64.0 -64.0 -64.5 -64.0 -64.0 -64.5 -64.0 -64.0 -66.0 -67.0 -66.0 -66.0 -63.5 -64.0 -63.5 -64.0 
1.902136176978195 2.116893487282185 2.1966604882522383 2.172116795646068 2.1966604882522383 2.282563412373834 2.2948352586769194 2.2150682577068657 2.4175537217077703 2.282563412373834 2.350058567040802 2.405281875404685 2.2457478734645786 2.466641106920111 2.6200391857086753 2.497320722677824 2.3439226438892597 2.2027964114037806 2.1905245651006955 2.0800779483729293 2.2580197197676637 2.3071071049800045 2.4727770300716534 2.9513790358919736 3.0250101137104846 3.0802334220743677 3.0802334220743677 2.8838838812250054 2.84706834231575 2.9820586516496865 2.6998061866787286 2.890019804376548 2.8961557275280905 2.945243112740431 3.1968159619536762 3.3011266555298997 2.718213956133356 2.399145952253143 2.086213871524472 1.9512235621905356 
-64.5 -65.0 -65.0 -65.0 -65.5 -65.0 -65.0 -65.5 -65.5 -65.0 -64.5 -64.5 -65.0 -65.0 -65.0 -63.5 -65.0 -64.5 -63.0 -64.0 -63.0 -62.0 -62.5 -63.5 -62.0 -61.5 -62.0 -62.0 -62.0 -62.0 -61.5 -62.0 -62.0 -62.0 -63.5 -63.5 -66.5 -66.5 -64.0 -64.0 
0.4540583132141498 0.46019423636569234 0.4724660826687775 0.4479223900626072 0.4540583132141498 0.4479223900626072 0.42337869745643697 0.4111068511533518 0.4111068511533518 0.380427235395639 0.3436116964863836 0.3129320807286708 0.3374757733348411 0.30679615757712825 0.2945243112740431 0.35588354278946877 0.39269908169872414 0.42337869745643697 0.47860200582032003 0.5460971604872883 0.8099418560036186 1.0921943209745766 1.1780972450961724 1.5278448647340985 1.2455923997631406 1.0737865515199487 0.9326603190344698 0.9203884727313847 0.859029241215959 0.9265243958829272 0.8897088569736719 0.9203884727313847 0.8958447801252144 0.944932165337555 1.055378782065321 1.0921943209745766 1.2517283229146832 1.2640001692177683 1.1596894756415448 1.0676506283684062 0.8283496254582462 0.6994952392758523 
-51.0 -51.0 -51.0 -51.5 -52.0 -51.5 -52.0 -52.0 -52.0 -52.5 -52.5 -52.5 -52.5 -52.5 -52.5 -52.5 -52.5 -52.0 -52.0 -52.5 -53.0 -54.5 -56.5 -54.5 -51.5 -51.0 -53.5 -54.0 -54.0 -54.5 -54.5 -54.5 -54.0 -53.0 -53.0 -52.5 -52.0 -54.0 -53.5 -51.5 -51.5 -51.0 
0.7547185476397354 0.705631162427395 0.7915340865489908 0.7792622402459057 0.7547185476397354 0.7853981633974483 0.6872233929727672 0.6810874698212247 0.7363107781851077 0.6872233929727672 0.7240389318820226 0.6810874698212247 0.7547185476397354 0.6810874698212247 0.705631162427395 0.6872233929727672 0.7240389318820226 0.6994952392758523 0.705631162427395 0.6135923151542565 0.7731263170943632 0.9940195505498954 1.2762720155208536 1.4664856332186729 1.3130875544301088 1.2578642460662257 1.2026409377023426 1.2455923997631406 1.2701360923693108 1.2640001692177683 1.2885438618239387 1.2701360923693108 1.2701360923693108 1.2333205534600555 1.239456476611598 1.2762720155208536 1.3008157081270237 1.4173982480063325 1.4358060174609601 1.2333205534600555 0.9326603190344698 0.7792622402459057 
-54.0 -54.0 -54.0 -54.5 -54.5 -55.0 -55.0 -54.5 -55.0 -55.0 -55.0 -55.0 -55.0 -55.0 -55.0 -55.0 -55.0 -55.0 -54.5 -54.0 -53.0 -52.0 -51.5 -51.0 -50.5 -50.5 -50.5 -51.5 -51.0 -51.0 -51.0 -50.5 -50.5 -50.5 -50.5 -50.5 -51.0 -51.5 -52.5 -53.0 -53.0 -53.0 
1.0921943209745766 1.184233168247715 1.055378782065321 1.1658253987930873 1.1351457830353744 1.141281706186917 1.1903690913992575 1.2210487071569704 1.1780972450961724 1.2455923997631406 1.1965050145508 1.1658253987930873 1.1780972450961724 1.184233168247715 1.184233168247715 1.1903690913992575 1.282407938672396 1.227184630308513 1.2517283229146832 1.4726215563702154 1.748738098189631 2.043262409463674 2.0923497946760143 1.8653206380689396 1.6444274046134073 1.6014759425526093 1.5585244804918115 1.662835174068035 1.6382914814618648 1.6260196351587797 1.6689710972195777 1.6812429435226628 1.6873788666742053 1.6137477888556946 1.564660403643354 1.705786636128833 1.7548740213411735 1.945087639038993 2.0371264863121317 1.9512235621905356 1.6751070203711202 1.4419419406125027 
-60.0 -60.5 -60.5 -60.0 -60.5 -60.5 -60.5 -60.0 -61.0 -60.5 -61.0 -61.0 -61.0 -61.0 -61.0 -61.0 -61.0 -60.0 -60.0 -59.0 -58.0 -56.0 -53.5 -51.0 -51.0 -51.5 -52.5 -53.5 -52.5 -52.5 -53.0 -52.5 -52.0 -53.0 -53.0 -51.5 -51.5 -51.0 -54.0 -55.5 -59.0 -60.5 
1.3192234775816514 1.3192234775816514 1.3008157081270237 1.3069516312785663 1.2946797849754812 1.2333205534600555 1.2455923997631406 1.214912784005428 1.2701360923693108 1.2333205534600555 1.2455923997631406 1.1965050145508 1.2762720155208536 1.214912784005428 1.227184630308513 1.2517283229146832 1.2701360923693108 1.3069516312785663 1.214912784005428 1.1903690913992575 1.4296700943094176 1.705786636128833 1.9819031779482483 1.9389517158874505 1.7794177139473437 1.9082721001297376 2.000310947402876 1.8837284075235674 1.9205439464328227 1.9880391010997909 2.043262409463674 1.9757672547967058 2.0064468705544187 1.9512235621905356 2.043262409463674 1.945087639038993 1.9144080232812801 1.9144080232812801 1.932815792735908 2.012582793705961 1.7916895602504288 1.5830681730979816 
-59.0 -59.5 -59.5 -60.0 -60.0 -60.5 -60.5 -61.0 -61.5 -61.5 -61.5 -61.5 -61.5 -61.5 -61.5 -61.5 -61.0 -61.0 -60.0 -59.5 -58.0 -57.0 -55.0 -53.0 -54.5 -56.5 -56.0 -55.5 -57.0 -56.5 -55.5 -55.5 -56.5 -56.0 -55.0 -55.5 -54.5 -54.0 -54.0 -54.5 -57.0 -58.0 
5.325981295538946 5.381204603902829 5.387340527054372 5.313709449235861 5.411884219660542 5.411884219660542 5.4671075280244255 5.546874528994478 5.197126909356553 5.375068680751287 5.4671075280244255 5.45483568172134 5.387340527054372 5.491651220630596 5.411884219660542 5.264622064023521 5.332117218690489 5.418020142812084 5.405748296509 5.8045833013592665 5.786175531904639 5.681864838328415 5.497787143782138 5.559146375297564 5.45483568172134 5.313709449235861 5.148039524144211 5.21553467881118 5.283029833478148 5.356660911296659 5.227806525114265 5.344389064993574 5.43029198911517 5.6143696836614465 5.553010452146021 5.755495916146925 6.007068765360171 5.424156065963627 5.283029833478148 5.350524988145116 
-63.5 -63.5 -63.0 -63.5 -64.0 -63.0 -64.0 -64.0 -63.0 -64.0 -63.5 -64.0 -63.5 -64.0 -64.0 -64.0 -63.5 -63.0 -63.0 -63.0 -60.5 -58.0 -59.5 -58.5 -60.0 -60.0 -60.5 -61.0 -62.0 -61.5 -61.0 -60.0 -59.5 -59.0 -60.5 -58.5 -60.5 -62.0 -62.5 -62.0 
6.14819499784565 5.473243451175968 5.2768939103266055 5.307573526084319 4.957825906446392 1.1965050145508 4.865787059173254 1.6996507129772904 5.516194913236766 1.8960002538266525 5.577554144752192 5.8045833013592665 5.553010452146021 6.154330920997192 0.28225246497095796 5.8659425328746915 5.749359992995383 2.773437264497239 5.829126993965437 5.902758071783947 5.945709533844745 5.859806609723149 5.927301764390117 0.1349903093339364 5.516194913236766 5.608233760509904 1.055378782065321 
-80.0 -76.5 -76.0 -75.5 -74.5 -71.0 -74.0 -73.0 -78.0 -74.0 -69.0 -62.0 -61.0 -77.5 -68.0 -63.5 -66.0 -65.0 -62.5 -64.5 -64.5 -65.5 -65.5 -67.5 -63.5 -64.0 -78.0 
