2.693670263527186 2.6445828783148455 2.9575149590435164 2.736621725587984 2.650718801466388 3.0495538063166547 2.5586799541932495 2.650718801466388 2.6323110320117604 2.5893595699509624 2.6261751088602177 2.6139032625571326 2.6875343403756435 2.6200391857086753 2.6384469551633027 2.60776733940559 2.6813984172241008 2.804116880254952 2.9022916506796332 3.3502140407422405 4.04357335686655 4.2031073588066565 3.785864584501762 3.6754179677739964 3.479068426924634 3.4177091954092087 3.4054373491061236 3.466796580621549 3.399301425954581 3.522019888985432 3.6324665057131984 3.8963112012295285 3.834951969714103 3.890175278077986 0.46019423636569234 3.3195344249845276 2.9697868053466014 2.650718801466388 2.5770877236478773 
-64.0 -64.0 -64.5 -65.5 -64.5 -64.5 -65.0 -65.5 -65.0 -66.0 -65.0 -65.0 -65.0 -65.0 -65.0 -64.0 -65.0 -65.5 -65.0 -68.0 -67.5 -62.0 -63.5 -63.5 -64.0 -63.5 -61.5 -62.0 -62.0 -61.0 -62.5 -65.0 -67.0 -65.0 -66.5 -65.5 -66.5 -66.5 -65.5 
2.030990563160589 2.110757564130642 2.0064468705544187 2.1598449493429825 2.12916533358527 2.0923497946760143 2.184388641949153 2.227340104009951 2.1475731030398975 2.1659808724945253 2.227340104009951 2.2334760271614935 2.2948352586769194 2.2150682577068657 2.2089323345553233 2.2518837966161214 2.1475731030398975 2.2150682577068657 2.442097414313941 2.466641106920111 2.552544031041707 3.0495538063166547 3.08636934522591 3.2765829629237295 2.9329712664373457 2.9145634969827183 2.9636508821950587 3.043417883165112 3.0250101137104846 2.5709518004963345 3.11091303783208 3.1661363461959633 3.0495538063166547 3.0925052683774528 3.117048960983623 2.7857091108003242 2.3316507975861747 2.043262409463674 1.8285050991596843 1.5401167110371838 1.8162332528565992 
-63.0 -64.5 -64.5 -65.0 -64.0 -65.0 -65.0 -65.0 -65.0 -65.5 -65.0 -65.5 -64.5 -64.5 -65.0 -65.0 -63.5 -64.0 -63.0 -61.5 -62.0 -62.0 -61.0 -61.5 -62.5 -61.5 -62.5 -61.5 -61.5 -61.0 -62.0 -62.5 -62.5 -62.5 -64.0 -63.0 -64.0 -63.0 -63.0 -63.5 -63.0 
0.5767767762450011 0.5460971604872883 0.5645049299419159 0.5460971604872883 0.5583690067903734 0.4908738521234052 0.5092816215780329 0.47860200582032003 0.5154175447295755 0.4970097752749477 0.46019423636569234 0.48473792897186263 0.4970097752749477 0.47860200582032003 0.46019423636569234 0.5031456984264903 0.5031456984264903 0.5890486225480862 0.803805932852076 1.1228739367322893 1.3560390164909069 1.4480778637640452 1.1965050145508 1.043106935762236 1.000155473701438 0.9387962421860124 0.9572040116406401 0.9572040116406401 0.9510680884890975 0.8406214717613314 0.8897088569736719 0.8958447801252144 1.012427320004523 1.141281706186917 1.325359400733194 1.3744467859455345 1.2701360923693108 1.1596894756415448 0.9142525495798421 0.7240389318820226 0.6565437772150544 
-51.0 -50.5 -50.5 -50.5 -51.0 -51.0 -51.0 -51.0 -51.0 -51.0 -51.0 -51.0 -51.5 -51.0 -51.0 -51.0 -51.0 -52.0 -53.0 -54.5 -56.0 -52.5 -51.0 -51.5 -53.0 -53.5 -53.5 -53.5 -53.5 -54.0 -54.0 -53.0 -52.5 -52.0 -52.0 -53.0 -53.5 -52.5 -52.5 -53.0 -52.5 
0.803805932852076 0.7976700097005334 0.7792622402459057 0.7792622402459057 0.7853981633974483 0.8099418560036186 0.7792622402459057 0.803805932852076 0.7915340865489908 0.8160777791551611 0.803805932852076 0.7731263170943632 0.7669903939428205 0.7792622402459057 0.8099418560036186 0.7731263170943632 0.7547185476397354 0.8099418560036186 1.0062913968529805 1.2087768608538851 1.4726215563702154 1.4173982480063325 1.3069516312785663 1.2885438618239387 1.2517283229146832 1.1903690913992575 1.239456476611598 1.2455923997631406 1.2210487071569704 1.2210487071569704 1.2087768608538851 1.1903690913992575 1.1474176293384597 1.3437671701878218 1.3437671701878218 1.368310862793992 1.2885438618239387 1.030835089459151 0.7547185476397354 0.6442719309119693 0.662679700366597 
-53.5 -53.5 -53.5 -54.0 -54.0 -54.0 -54.0 -54.0 -54.0 -54.0 -54.0 -54.0 -54.5 -54.5 -54.5 -54.5 -53.5 -54.0 -53.5 -52.5 -51.5 -50.5 -50.5 -50.0 -50.5 -51.0 -51.0 -50.5 -50.5 -50.5 -50.5 -51.0 -50.0 -50.0 -51.0 -51.0 -50.5 -51.5 -53.0 -53.0 -53.5 
1.2455923997631406 1.1903690913992575 1.2087768608538851 1.2210487071569704 1.239456476611598 1.2640001692177683 1.3192234775816514 1.282407938672396 1.2640001692177683 1.2517283229146832 1.214912784005428 1.2210487071569704 1.2455923997631406 1.3069516312785663 1.239456476611598 1.2210487071569704 1.337631247036279 1.4542137869155878 1.7732817907958012 2.184388641949153 2.116893487282185 1.8162332528565992 1.718058482431918 1.6566992509164924 1.5462526341887264 1.6566992509164924 1.6566992509164924 1.5953400194010667 1.5830681730979816 1.5585244804918115 1.576932249946439 1.5953400194010667 1.5155730184310134 1.533980787885641 1.705786636128833 1.8285050991596843 1.9205439464328227 1.9082721001297376 1.748738098189631 1.7119225592803755 1.718058482431918 
-60.5 -61.0 -61.0 -61.0 -61.0 -61.0 -61.0 -60.5 -60.5 -61.0 -61.0 -60.5 -61.0 -61.0 -61.5 -60.5 -60.0 -60.5 -58.5 -56.0 -53.0 -50.5 -51.5 -51.5 -52.0 -52.5 -52.5 -52.0 -52.0 -51.5 -51.5 -52.0 -52.0 -51.0 -50.5 -50.5 -54.5 -55.5 -57.0 -58.0 -58.5 
1.4542137869155878 1.4542137869155878 1.4542137869155878 1.3867186322486196 1.4542137869155878 1.4848934026733007 1.4358060174609601 1.4542137869155878 1.4848934026733007 1.5033011721279284 1.423534171157875 1.4480778637640452 1.5033011721279284 1.4358060174609601 1.4542137869155878 1.4051264017032472 1.423534171157875 1.4358060174609601 1.5707963267948966 1.8775924843720249 2.043262409463674 1.7916895602504288 1.902136176978195 1.9389517158874505 2.110757564130642 1.9634954084936207 1.932815792735908 2.018718716857504 1.9941750242513334 1.88986433067511 1.846912868614312 1.8837284075235674 1.8285050991596843 1.8653206380689396 1.8530487917658545 1.9573594853420782 1.9389517158874505 1.8346410223112268 1.6321555583103222 1.6137477888556946 1.6689710972195777 
-57.5 -57.5 -58.0 -58.0 -58.5 -59.0 -58.5 -58.5 -59.0 -59.0 -59.5 -59.0 -59.5 -59.0 -59.0 -59.5 -60.0 -59.5 -60.5 -59.0 -55.0 -54.5 -56.0 -56.5 -56.0 -55.5 -57.0 -56.5 -56.5 -56.5 -56.0 -56.5 -55.5 -56.0 -53.5 -53.5 -53.5 -54.5 -57.0 -58.5 -57.0 
5.418020142812084 5.473243451175968 5.460971604872882 5.393476450205914 5.405748296509 5.418020142812084 5.5284667595398505 5.473243451175968 5.45483568172134 5.50392306693368 5.516194913236766 5.50392306693368 5.491651220630596 5.405748296509 5.47937937432751 5.43029198911517 5.460971604872882 5.491651220630596 5.663457068873787 5.878214379177777 6.050020227420969 5.66959299202533 5.534602682691394 5.485515297479052 5.350524988145116 5.4671075280244255 5.325981295538946 5.148039524144211 5.062136600022616 5.074408446325701 5.049864753719531 5.135767677841127 5.270757987175063 5.258486140871978 5.5284667595398505 5.737088146692298 5.872078456026235 5.497787143782138 5.264622064023521 5.356660911296659 5.399612373357457 
-62.5 -62.5 -62.5 -62.5 -62.5 -62.5 -62.5 -63.0 -62.0 -62.5 -62.0 -62.5 -62.0 -62.5 -62.0 -62.0 -62.0 -62.0 -61.0 -59.5 -58.5 -57.5 -58.5 -58.0 -59.0 -59.5 -59.0 -59.0 -59.5 -60.0 -59.5 -59.0 -59.5 -58.5 -58.5 -57.5 -62.0 -62.5 -62.0 -62.0 -62.0 
1.2455923997631406 1.239456476611598 0.8713010875190442 1.0246991663076084 0.9756117810952678 0.6933593161243098 0.7669903939428205 0.5460971604872883 0.3865631585471816 0.46019423636569234 6.258641614573416 0.06135923151542565 5.589825991055276 4.724660826687775 6.270913460876501 6.258641614573416 5.773903685601553 5.706408530934585 5.7616318392984684 5.798447378207723 5.638913376267617 5.5714182216006485 5.583690067903734 5.798447378207723 5.737088146692298 6.092971689481767 1.945087639038993 5.583690067903734 5.5100589900852235 5.497787143782138 2.4850488763747385 6.062292073724054 
-75.0 -76.0 -77.0 -78.0 -79.0 -79.5 -80.0 -81.0 -82.0 -79.5 -78.5 -79.0 -60.5 -63.0 -75.0 -65.5 -62.0 -63.0 -62.5 -63.0 -61.5 -62.5 -63.0 -63.0 -63.0 -65.0 -68.0 -61.0 -62.0 -65.0 -72.5 -70.5 
