2.6691265709210157 2.6261751088602177 2.718213956133356 2.705942109830271 2.742757648739526 2.6200391857086753 2.6998061866787286 2.662990647769473 2.748893571891069 2.5770877236478773 2.761165418194154 2.6139032625571326 2.675262494072558 2.730485802436441 2.705942109830271 2.6813984172241008 2.8102528034064944 3.147728576741336 3.8288160465625602 4.0987966652304335 4.583534594202296 4.000621894805752 3.7981364308048478 3.6570101983193686 3.313398501832985 3.399301425954581 3.454524734318464 3.3318062712876126 3.4913402732277192 3.859495662320273 0.9940195505498954 3.6324665057131984 3.356349963893783 2.9697868053466014 2.779573187648782 3.11091303783208 2.8286605728611223 2.675262494072558 2.8532042654672924 
-63.5 -63.5 -64.0 -64.0 -63.0 -63.5 -64.5 -64.0 -64.5 -64.0 -64.0 -64.5 -64.5 -64.5 -64.5 -64.0 -64.5 -64.5 -66.5 -69.0 -63.0 -63.5 -63.5 -63.5 -63.0 -64.5 -62.5 -63.0 -63.5 -65.5 -68.0 -66.0 -66.5 -64.5 -64.5 -63.5 -64.0 -65.5 -65.0 
1.9573594853420782 1.9941750242513334 2.12916533358527 2.1046216409791 2.110757564130642 2.110757564130642 2.086213871524472 2.1537090261914402 2.030990563160589 2.018718716857504 2.110757564130642 2.1353012567368124 2.0800779483729293 2.1475731030398975 2.110757564130642 2.110757564130642 1.9573594853420782 2.1353012567368124 2.429825568010856 2.1353012567368124 3.2029518851052186 3.2090878082567613 3.1231848841351653 2.9513790358919736 2.859340188618835 2.859340188618835 2.804116880254952 3.0066023442558567 3.08636934522591 2.9329712664373457 3.11091303783208 3.2949907323783574 2.650718801466388 2.435961491162398 2.1598449493429825 1.9266798695843652 1.7855536370988863 1.8407769454627694 1.8653206380689396 1.9634954084936207 2.0800779483729293 
-63.5 -63.5 -63.5 -64.5 -64.5 -64.0 -64.5 -64.5 -64.0 -63.5 -64.5 -64.0 -64.5 -64.5 -64.5 -64.5 -63.0 -62.5 -61.5 -62.0 -61.0 -61.5 -61.5 -61.5 -62.5 -62.5 -62.0 -60.0 -62.0 -62.5 -63.5 -64.5 -65.0 -63.5 -62.5 -62.5 -65.0 -63.5 -63.5 -63.5 -62.5 
0.5460971604872883 0.5460971604872883 0.5460971604872883 0.5276893910326605 0.4663301595172349 0.5276893910326605 0.4970097752749477 0.5338253141842031 0.48473792897186263 0.5092816215780329 0.46019423636569234 0.4540583132141498 0.4479223900626072 0.44178646691106466 0.4172427743048944 0.4540583132141498 0.5706408530934585 0.8651651643675016 1.2333205534600555 1.3314953238847365 1.3008157081270237 1.214912784005428 0.9817477042468103 0.9203884727313847 0.803805932852076 0.8713010875190442 0.9142525495798421 0.9633399347921826 0.8651651643675016 0.8897088569736719 0.9940195505498954 1.1290098598838318 1.3560390164909069 1.368310862793992 1.1535535524900022 1.2026409377023426 1.086058397823034 0.8774370106705868 0.6749515466696822 0.6504078540635119 0.6810874698212247 0.6320000846088841 0.705631162427395 
-51.5 -51.5 -51.5 -51.5 -52.0 -52.0 -52.5 -52.0 -52.0 -52.5 -52.5 -52.5 -52.5 -52.5 -52.5 -52.0 -52.0 -53.0 -55.5 -56.5 -52.5 -50.5 -51.5 -53.0 -54.0 -54.0 -54.5 -54.5 -53.5 -53.0 -52.5 -52.0 -52.5 -53.5 -54.0 -53.5 -52.0 -51.5 -51.5 -52.0 -52.0 -51.5 -51.0 
0.7240389318820226 0.7363107781851077 0.7485826244881929 0.7424467013366504 0.7731263170943632 0.7915340865489908 0.8099418560036186 0.8160777791551611 0.803805932852076 0.7915340865489908 0.7915340865489908 0.7731263170943632 0.7485826244881929 0.7424467013366504 0.7240389318820226 0.7301748550335652 0.7669903939428205 0.8160777791551611 1.1290098598838318 1.380582709097077 1.3560390164909069 1.2762720155208536 1.2210487071569704 1.1290098598838318 1.1903690913992575 1.239456476611598 1.2578642460662257 1.282407938672396 1.3008157081270237 1.2578642460662257 1.1903690913992575 1.3867186322486196 1.3621749396424494 1.4419419406125027 1.380582709097077 1.239456476611598 0.9633399347921826 0.705631162427395 0.6565437772150544 0.7424467013366504 0.7915340865489908 0.662679700366597 0.6810874698212247 
-53.5 -53.5 -53.5 -53.5 -53.5 -54.0 -54.0 -54.0 -54.0 -54.0 -54.0 -54.0 -54.0 -54.5 -54.0 -54.0 -54.0 -52.5 -51.5 -51.0 -50.5 -50.5 -50.0 -50.0 -51.5 -50.5 -50.5 -50.5 -50.5 -50.5 -50.0 -50.5 -50.5 -51.0 -51.0 -51.0 -51.5 -51.5 -52.0 -53.0 -52.5 -52.5 -52.0 
1.3867186322486196 1.423534171157875 1.4480778637640452 1.3989904785517047 1.4726215563702154 1.4787574795217582 1.4480778637640452 1.5155730184310134 1.4848934026733007 1.521708941582556 1.4848934026733007 1.5278448647340985 1.509437095279471 1.4848934026733007 1.509437095279471 1.4848934026733007 1.6198837120072371 1.8039614065535141 2.110757564130642 1.9389517158874505 1.6812429435226628 1.6137477888556946 1.5278448647340985 1.509437095279471 1.5707963267948966 1.576932249946439 1.5830681730979816 1.533980787885641 1.6382914814618648 1.6260196351587797 1.5278448647340985 1.6873788666742053 1.7241944055834606 1.9082721001297376 2.000310947402876 2.067806102069844 1.8653206380689396 1.705786636128833 1.5953400194010667 1.5278448647340985 1.5278448647340985 1.4480778637640452 1.368310862793992 
-61.0 -61.0 -61.0 -60.5 -60.5 -60.0 -60.0 -60.0 -60.5 -60.5 -60.5 -60.5 -60.0 -61.0 -60.5 -60.0 -59.0 -56.5 -54.0 -51.5 -50.0 -51.0 -51.5 -52.0 -52.5 -52.0 -52.5 -52.0 -52.0 -52.5 -52.5 -51.5 -50.5 -50.0 -53.5 -54.5 -56.0 -59.0 -59.5 -61.0 -61.0 -61.0 -59.5 
1.4787574795217582 1.5401167110371838 1.5462526341887264 1.5033011721279284 1.5892040962495242 1.6321555583103222 1.509437095279471 1.564660403643354 1.4726215563702154 1.5401167110371838 1.552388557340269 1.5953400194010667 1.5707963267948966 1.5462526341887264 1.662835174068035 1.5278448647340985 1.2885438618239387 1.6014759425526093 1.88986433067511 1.9634954084936207 1.7241944055834606 1.7916895602504288 1.9205439464328227 2.012582793705961 1.8653206380689396 1.88986433067511 1.945087639038993 1.9880391010997909 1.9941750242513334 1.9266798695843652 2.024854640009046 1.8775924843720249 1.902136176978195 1.9634954084936207 1.9696313316451632 1.9757672547967058 1.8346410223112268 1.6137477888556946 1.5830681730979816 1.6751070203711202 1.6444274046134073 1.6014759425526093 1.5585244804918115 
-58.0 -58.0 -58.5 -58.5 -59.0 -58.5 -59.0 -59.0 -59.5 -60.0 -59.5 -59.5 -59.5 -59.5 -59.0 -60.0 -60.5 -58.0 -55.0 -53.5 -53.5 -55.5 -56.0 -55.0 -56.0 -57.0 -56.0 -55.5 -56.5 -56.0 -55.0 -55.0 -53.5 -53.5 -53.0 -52.5 -54.0 -56.0 -57.0 -56.0 -56.5 -57.0 -57.0 
5.553010452146021 5.595961914206819 5.577554144752192 5.559146375297564 5.522330836388308 5.620505606812989 5.6573211457222445 5.620505606812989 5.5714182216006485 5.6143696836614465 5.620505606812989 5.638913376267617 5.706408530934585 5.651185222570702 5.522330836388308 5.485515297479052 5.608233760509904 5.4671075280244255 5.816855147662351 5.810719224510809 5.534602682691394 5.405748296509 5.295301679781233 5.240078371417351 5.092816215780329 5.154175447295755 4.859651136021712 5.019185137961818 4.963961829597935 5.154175447295755 5.344389064993574 5.301437602932776 5.890486225480862 5.411884219660542 5.190990986205009 5.111223985234957 5.184855063053467 5.221670601962723 5.301437602932776 5.264622064023521 5.350524988145116 
-62.5 -62.5 -62.0 -62.5 -62.0 -61.5 -62.0 -61.0 -62.5 -62.0 -62.0 -62.0 -62.5 -62.5 -62.5 -62.0 -62.0 -62.0 -60.5 -58.0 -58.0 -58.0 -58.5 -59.5 -59.0 -60.5 -61.5 -61.0 -60.0 -59.5 -60.0 -58.5 -61.0 -63.0 -62.5 -60.5 -62.0 -62.0 -61.5 -61.0 -61.0 
2.1905245651006955 5.835262917116979 2.736621725587984 3.000466421104314 2.816388726558037 6.025476534814799 5.681864838328415 5.448699758569798 5.792311455056181 5.546874528994478 4.933282213840222 6.154330920997192 5.712544454086128 5.675728915176872 5.9518454569962875 6.154330920997192 5.749359992995383 5.755495916146925 5.884350302329319 6.000932842208628 6.025476534814799 2.098485717827557 5.485515297479052 5.767767762450011 5.66959299202533 5.50392306693368 2.337786720737717 2.356194490192345 2.5157284921324514 
-77.0 -79.0 -78.5 -78.0 -78.0 -78.0 -78.5 -69.0 -62.5 -59.5 -64.5 -67.5 -62.5 -62.0 -63.5 -63.5 -62.5 -62.5 -63.5 -64.5 -64.0 -65.0 -62.5 -62.5 -61.5 -65.0 -73.0 -72.0 -74.0 
