3.1661363461959633 3.031146036862027 3.0495538063166547 2.9268353432858034 2.8532042654672924 2.82252464970958 2.8961557275280905 2.7550294950426117 2.773437264497239 2.9145634969827183 2.8654761117703775 2.890019804376548 2.8409324191642074 2.816388726558037 2.890019804376548 3.0250101137104846 3.074097498922825 3.031146036862027 1.0676506283684062 4.3503695144436785 3.6999616603801666 3.448388811166921 3.4913402732277192 0.7179030087304801 0.5399612373357456 3.485204350076177 3.8533597391687304 3.834951969714103 3.479068426924634 3.129320807286708 3.2520392703175593 3.2643111166206444 3.3747577333484107 2.411417798556228 5.918097879662803 2.6016314162540475 6.010136726935942 
-63.5 -64.5 -64.0 -64.0 -64.0 -64.0 -63.0 -62.5 -64.0 -65.0 -61.5 -64.0 -64.0 -62.5 -65.0 -66.0 -67.0 -67.5 -68.0 -65.5 -65.5 -66.0 -68.0 -69.0 -68.5 -65.0 -66.0 -66.0 -64.5 -64.0 -64.0 -64.0 -63.5 -63.0 -64.0 -63.0 -65.0 
2.018718716857504 2.024854640009046 2.1598449493429825 1.9819031779482483 2.0493983326152168 1.9696313316451632 1.9757672547967058 1.9880391010997909 2.0800779483729293 2.055534255766759 1.9757672547967058 1.8837284075235674 1.8714565612204823 2.018718716857504 2.0064468705544187 2.067806102069844 2.3009711818284617 2.448233337465483 0.04908738521234052 3.0372819600135696 3.215223731408304 3.0925052683774528 2.82252464970958 2.82252464970958 2.804116880254952 2.8409324191642074 2.8716120349219203 2.9206994201342606 3.141592653589793 3.4054373491061236 3.2336315008629315 5.853670686571607 2.2150682577068657 2.0064468705544187 1.7241944055834606 1.8162332528565992 4.902602598082509 1.3560390164909069 1.868388599644711 
-63.0 -63.5 -62.0 -63.0 -63.0 -63.5 -63.0 -64.0 -63.0 -64.0 -63.0 -64.0 -63.5 -63.0 -62.5 -63.0 -63.5 -63.5 -66.0 -64.0 -63.0 -63.5 -63.0 -62.5 -64.5 -64.5 -63.0 -65.0 -63.0 -64.5 -65.5 -68.0 -65.5 -63.0 -62.5 -63.0 -63.0 -61.5 -62.0 
0.8651651643675016 0.8528933180644165 0.8467573949128739 0.8406214717613314 0.8160777791551611 0.8283496254582462 0.8283496254582462 0.8160777791551611 0.7915340865489908 0.8160777791551611 0.8099418560036186 0.7976700097005334 0.7731263170943632 0.8344855486097889 0.8160777791551611 0.944932165337555 1.1596894756415448 1.1290098598838318 1.3069516312785663 1.5033011721279284 1.1719613219446299 0.9572040116406401 1.0737865515199487 1.055378782065321 0.9756117810952678 0.944932165337555 0.9510680884890975 1.0246991663076084 1.1228739367322893 1.0799224746714913 1.282407938672396 1.4480778637640452 1.1719613219446299 1.1474176293384597 1.1290098598838318 0.9694758579437253 0.8283496254582462 0.7976700097005334 0.8099418560036186 3.9791461637753534 
-49.5 -49.5 -49.0 -49.0 -49.5 -49.5 -50.0 -50.0 -50.0 -50.0 -50.0 -50.0 -50.5 -50.5 -50.0 -51.0 -51.5 -54.5 -56.0 -52.5 -51.0 -52.5 -54.0 -53.5 -54.5 -55.0 -54.5 -53.0 -53.0 -52.0 -51.0 -53.0 -53.0 -51.5 -50.5 -49.5 -49.0 -50.0 -50.0 -50.0 
0.8099418560036186 0.8344855486097889 0.859029241215959 0.8406214717613314 0.8406214717613314 0.8099418560036186 0.662679700366597 0.7363107781851077 0.7976700097005334 0.8099418560036186 0.7853981633974483 0.5583690067903734 0.7792622402459057 0.7485826244881929 0.7547185476397354 0.859029241215959 1.0185632431560658 1.282407938672396 1.564660403643354 1.4419419406125027 1.2640001692177683 1.2701360923693108 1.3437671701878218 1.368310862793992 1.3437671701878218 1.2885438618239387 1.3192234775816514 1.3069516312785663 1.337631247036279 1.2762720155208536 1.3499030933393643 1.6137477888556946 1.5707963267948966 1.368310862793992 1.0921943209745766 0.9019807032767571 0.7976700097005334 0.8498253564886452 0.8528933180644165 0.8406214717613314 
-51.5 -52.0 -52.0 -52.0 -52.5 -52.0 -52.0 -52.0 -52.5 -52.0 -52.5 -52.0 -52.0 -52.0 -52.5 -52.5 -52.0 -52.5 -52.5 -50.0 -51.0 -51.5 -51.5 -51.0 -51.5 -51.0 -51.0 -51.5 -51.0 -51.0 -50.5 -52.0 -53.0 -53.0 -52.5 -51.5 -52.0 -52.5 -52.0 -51.5 
1.2517283229146832 1.2210487071569704 1.2455923997631406 1.368310862793992 1.2026409377023426 1.2087768608538851 1.1596894756415448 1.1780972450961724 1.2210487071569704 1.1903690913992575 1.184233168247715 1.227184630308513 1.2087768608538851 1.3621749396424494 1.3928545554001621 1.6198837120072371 1.8407769454627694 2.1046216409791 2.12916533358527 1.7978254834019713 1.8285050991596843 1.7978254834019713 1.8162332528565992 1.8039614065535141 1.8100973297050567 1.7548740213411735 1.718058482431918 1.8407769454627694 1.8039614065535141 1.7671458676442586 1.7855536370988863 1.9266798695843652 2.073942025221387 2.0064468705544187 1.8530487917658545 1.552388557340269 1.227184630308513 4.417864669110647 1.214912784005428 1.2026409377023426 
-58.0 -57.5 -58.0 -58.0 -58.0 -58.0 -58.5 -58.0 -58.5 -58.5 -58.0 -58.5 -58.5 -58.0 -58.0 -58.0 -57.0 -56.5 -53.0 -51.0 -52.5 -51.5 -53.0 -52.5 -53.0 -54.0 -53.5 -52.5 -53.0 -51.0 -51.5 -50.0 -53.5 -54.0 -55.5 -57.0 -58.0 -58.0 -57.5 -57.5 
1.5707963267948966 1.521708941582556 1.564660403643354 1.5155730184310134 1.4971652489763858 1.5155730184310134 1.509437095279471 1.4910293258248433 1.4664856332186729 1.533980787885641 1.5462526341887264 1.5155730184310134 1.509437095279471 1.4664856332186729 1.4787574795217582 1.509437095279471 1.7241944055834606 1.9880391010997909 2.061670178918302 1.8346410223112268 1.9941750242513334 2.0800779483729293 1.9512235621905356 1.9634954084936207 2.067806102069844 2.116893487282185 2.0371264863121317 2.030990563160589 2.030990563160589 2.067806102069844 1.9880391010997909 1.9634954084936207 2.12916533358527 2.0923497946760143 1.9082721001297376 1.6321555583103222 1.4480778637640452 1.662835174068035 1.6505633277649499 1.6137477888556946 
-55.0 -55.0 -55.0 -55.5 -55.5 -55.5 -55.5 -55.5 -55.0 -56.0 -56.0 -55.5 -55.5 -56.0 -56.0 -56.5 -56.0 -56.0 -53.0 -54.0 -54.5 -55.0 -55.0 -57.0 -57.5 -56.0 -57.0 -56.5 -55.0 -55.0 -54.5 -53.0 -53.5 -54.0 -54.5 -55.5 -56.0 -55.5 -55.5 -56.0 
5.258486140871978 5.252350217720435 5.325981295538946 5.356660911296659 5.1725832167503825 5.350524988145116 5.289165756629691 5.497787143782138 5.3627968344482015 5.43029198911517 5.301437602932776 5.3198453723874035 5.338253141842031 5.350524988145116 5.411884219660542 5.522330836388308 5.559146375297564 5.822991070813893 5.988660995905543 5.786175531904639 5.6941366846315 5.688000761479957 5.553010452146021 5.448699758569798 5.6941366846315 5.47937937432751 5.387340527054372 5.399612373357457 5.638913376267617 5.602097837358362 5.829126993965437 5.602097837358362 5.816855147662351 5.688000761479957 5.534602682691394 5.405748296509 5.3627968344482015 5.166447293598839 5.399612373357457 5.261554102447749 
-60.5 -61.5 -62.0 -61.0 -61.5 -61.5 -61.5 -62.5 -61.5 -60.5 -61.5 -61.0 -61.0 -61.0 -60.5 -61.5 -62.5 -62.0 -58.5 -59.5 -58.0 -57.5 -58.0 -58.0 -61.5 -61.0 -61.5 -59.0 -58.5 -58.0 -58.0 -58.5 -58.5 -62.0 -61.5 -60.5 -59.5 -61.0 -60.0 -60.5 
1.4848934026733007 4.608078286808466 1.564660403643354 1.6198837120072371 1.718058482431918 1.662835174068035 1.6935147898257479 1.705786636128833 2.1537090261914402 5.945709533844745 5.681864838328415 5.976389149602458 5.829126993965437 6.1850105367549055 5.957981380147831 5.7616318392984684 6.068427996875596 6.092971689481767 5.810719224510809 5.964117303299373 5.583690067903734 5.780039608753096 5.295301679781233 1.9512235621905356 1.945087639038993 1.8837284075235674 
-69.5 -70.0 -69.0 -70.5 -70.0 -70.5 -72.0 -73.5 -70.0 -63.5 -60.5 -63.5 -68.0 -64.5 -63.5 -65.0 -64.0 -63.0 -66.5 -65.0 -61.5 -63.5 -63.5 -70.5 -70.5 -69.0 
