2.791845033951867 2.890019804376548 2.8286605728611223 2.9084275738311756 2.5341362615870793 2.7857091108003242 2.84706834231575 2.9022916506796332 2.9268353432858034 2.6998061866787286 2.5832236467994196 2.9145634969827183 3.018874190558942 3.0127382674073995 3.1661363461959633 3.693825737228624 3.32567034813607 2.9268353432858034 0.8897088569736719 4.417864669110647 0.9510680884890975 0.8099418560036186 3.8410878928656453 3.730641276137879 3.485204350076177 3.423845118560751 3.5465635815916023 3.485204350076177 3.7981364308048478 1.030835089459151 0.7853981633974483 3.393165502803038 3.067961575771282 2.6691265709210157 2.748893571891069 2.718213956133356 2.779573187648782 2.859340188618835 
-63.5 -64.0 -63.5 -62.0 -63.5 -60.0 -64.5 -64.5 -65.0 -64.5 -64.0 -64.0 -64.5 -64.5 -62.0 -68.0 -67.5 -66.0 -67.5 -65.5 -69.0 -67.5 -66.0 -65.0 -64.5 -65.0 -64.0 -64.0 -65.5 -69.5 -70.0 -66.5 -66.5 -65.5 -65.5 -64.5 -64.5 -65.5 
1.846912868614312 1.9082721001297376 1.7732817907958012 1.8837284075235674 2.0923497946760143 1.8407769454627694 1.9266798695843652 1.9696313316451632 1.8346410223112268 1.8714565612204823 1.9634954084936207 1.9266798695843652 1.902136176978195 2.0923497946760143 2.1782527187976104 2.184388641949153 2.423689644859313 2.2948352586769194 2.399145952253143 2.988194574801229 3.11091303783208 2.9268353432858034 2.748893571891069 3.0250101137104846 2.9084275738311756 2.748893571891069 2.8532042654672924 2.9575149590435164 2.8654761117703775 3.08636934522591 2.2518837966161214 1.7855536370988863 1.4480778637640452 1.662835174068035 1.8223691760081417 1.7916895602504288 1.9144080232812801 
-62.0 -63.0 -62.5 -63.0 -61.5 -62.0 -61.0 -61.5 -62.5 -62.0 -61.5 -62.0 -61.5 -61.5 -62.0 -62.0 -62.5 -63.5 -65.0 -65.0 -64.5 -63.5 -63.0 -63.0 -62.5 -62.5 -62.0 -62.5 -64.5 -64.0 -66.0 -64.5 -64.0 -64.0 -65.0 -64.0 -65.0 
0.8835729338221293 0.8713010875190442 0.9572040116406401 0.9878836273983529 0.9387962421860124 0.9572040116406401 0.9756117810952678 0.9265243958829272 0.7424467013366504 0.9817477042468103 0.9203884727313847 0.9633399347921826 0.9510680884890975 0.9817477042468103 0.9756117810952678 0.9817477042468103 1.0676506283684062 1.0983302441261191 0.8344855486097889 0.5890486225480862 1.0737865515199487 1.4419419406125027 1.184233168247715 1.0246991663076084 0.9019807032767571 0.9572040116406401 1.000155473701438 1.0369710126106935 1.0492428589137786 0.9756117810952678 1.012427320004523 1.043106935762236 1.380582709097077 1.4327380558851888 1.3069516312785663 1.1903690913992575 0.760854470791278 0.5767767762450011 0.5338253141842031 0.5399612373357456 0.5276893910326605 
-49.0 -49.0 -49.0 -49.0 -49.0 -49.0 -49.0 -49.5 -49.0 -49.0 -49.0 -49.0 -49.0 -49.0 -49.0 -49.0 -50.5 -51.5 -54.5 -55.0 -57.5 -54.5 -53.0 -54.0 -54.5 -55.5 -55.0 -54.5 -54.5 -54.0 -54.0 -52.5 -52.5 -55.5 -54.5 -53.0 -54.0 -54.5 -54.0 -54.5 -54.5 
0.8099418560036186 0.8713010875190442 0.8835729338221293 0.8467573949128739 0.8406214717613314 0.662679700366597 0.8283496254582462 0.8467573949128739 0.8160777791551611 0.8713010875190442 0.8528933180644165 0.8713010875190442 0.8774370106705868 0.8835729338221293 0.9633399347921826 0.9019807032767571 0.9633399347921826 1.055378782065321 1.0737865515199487 1.214912784005428 1.533980787885641 1.4787574795217582 1.4787574795217582 1.368310862793992 1.3314953238847365 1.4173982480063325 1.3437671701878218 1.337631247036279 1.3560390164909069 1.3867186322486196 1.3069516312785663 1.4419419406125027 1.509437095279471 1.500233210552157 1.3499030933393643 1.0492428589137786 0.8713010875190442 0.8344855486097889 0.8099418560036186 0.7485826244881929 0.760854470791278 
-52.0 -51.5 -51.5 -51.5 -51.5 -51.5 -51.5 -51.5 -51.5 -51.0 -51.0 -51.0 -51.5 -51.0 -51.0 -50.5 -50.0 -50.5 -51.5 -53.5 -53.0 -51.5 -51.0 -51.0 -51.5 -51.5 -51.0 -51.0 -51.0 -51.0 -50.5 -50.5 -51.5 -52.0 -51.5 -52.0 -52.5 -53.0 -53.5 -53.5 -53.5 
1.1351457830353744 1.1780972450961724 1.1535535524900022 1.2210487071569704 1.2210487071569704 1.1965050145508 1.1903690913992575 1.214912784005428 1.184233168247715 1.2455923997631406 1.1596894756415448 1.1596894756415448 1.184233168247715 1.1965050145508 1.2026409377023426 1.3130875544301088 1.6014759425526093 1.6996507129772904 1.9634954084936207 1.9941750242513334 2.172116795646068 1.8837284075235674 1.7855536370988863 1.718058482431918 1.932815792735908 1.8407769454627694 1.7855536370988863 1.7855536370988863 1.7119225592803755 1.8407769454627694 1.7855536370988863 1.7426021750380885 1.859184714917397 2.1874566035249243 2.2089323345553233 2.1905245651006955 2.0923497946760143 2.086213871524472 1.9819031779482483 1.859184714917397 1.902136176978195 
-57.5 -58.5 -57.5 -57.0 -57.5 -57.5 -56.5 -57.0 -57.0 -57.0 -57.0 -57.0 -57.0 -57.5 -57.0 -57.5 -57.5 -57.5 -58.5 -59.0 -55.5 -52.0 -53.0 -54.5 -54.5 -54.5 -54.5 -54.5 -53.0 -53.0 -54.0 -53.0 -51.5 -53.5 -56.5 -58.5 -61.0 -60.0 -59.0 -58.0 -57.5 
1.4787574795217582 1.509437095279471 1.521708941582556 1.4910293258248433 1.4910293258248433 1.4971652489763858 1.576932249946439 1.509437095279471 1.533980787885641 1.564660403643354 1.5033011721279284 1.4971652489763858 1.4848934026733007 1.552388557340269 1.5155730184310134 1.4971652489763858 1.533980787885641 1.6873788666742053 1.8653206380689396 2.2089323345553233 2.12916533358527 1.9941750242513334 2.098485717827557 2.1598449493429825 2.0800779483729293 2.1046216409791 2.2457478734645786 2.098485717827557 2.1353012567368124 2.012582793705961 2.098485717827557 2.086213871524472 2.000310947402876 5.221670601962723 2.018718716857504 1.8653206380689396 1.7119225592803755 1.7855536370988863 1.7671458676442586 1.7978254834019713 1.8285050991596843 
-54.5 -55.0 -55.0 -54.5 -54.5 -54.0 -54.5 -54.0 -54.0 -54.5 -54.0 -54.0 -54.5 -53.5 -54.0 -53.0 -54.0 -54.0 -54.5 -54.5 -53.5 -53.5 -56.5 -56.5 -56.5 -57.5 -57.0 -56.0 -56.5 -57.0 -56.0 -56.5 -54.5 -55.0 -55.0 -55.5 -57.0 -57.0 -57.0 -58.0 -58.0 
5.375068680751287 5.3198453723874035 5.332117218690489 5.148039524144211 5.307573526084319 5.332117218690489 5.43029198911517 5.356660911296659 5.411884219660542 5.283029833478148 5.307573526084319 5.295301679781233 5.295301679781233 5.135767677841127 5.246214294568893 5.356660911296659 5.5284667595398505 5.681864838328415 5.540738605842936 5.773903685601553 5.810719224510809 5.663457068873787 5.577554144752192 5.730952223540755 5.730952223540755 5.6143696836614465 5.45483568172134 5.5284667595398505 5.448699758569798 5.516194913236766 5.638913376267617 5.6573211457222445 5.50392306693368 5.945709533844745 6.000932842208628 5.872078456026235 5.491651220630596 5.43029198911517 5.436427912266712 5.632777453116074 5.565282298449106 
-60.5 -60.5 -60.0 -61.0 -60.0 -60.5 -60.5 -60.5 -60.5 -59.5 -59.5 -56.0 -60.0 -60.5 -59.0 -59.5 -59.5 -60.0 -61.0 -62.0 -58.0 -58.0 -57.5 -58.5 -58.5 -59.5 -61.0 -61.0 -60.5 -59.5 -59.5 -59.0 -58.5 -58.0 -61.0 -62.5 -62.5 -62.5 -62.0 -62.0 -61.5 
1.5707963267948966 4.76147636559703 4.669437518323892 4.632621979414636 4.528311285838413 4.816699673960914 4.853515212870168 4.693981210930062 4.663301595172349 4.595806440505381 4.7307967498393175 4.865787059173254 4.516039439535327 4.724660826687775 4.884194828627882 5.00077736850719 5.203262832508095 5.921165841238575 5.638913376267617 5.056000676871073 5.5714182216006485 5.724816300389213 5.675728915176872 5.71868037723767 5.491651220630596 5.822991070813893 5.71868037723767 5.7616318392984684 5.66959299202533 6.264777537724958 1.8223691760081417 5.313709449235861 5.491651220630596 5.264622064023521 5.485515297479052 5.522330836388308 5.884350302329319 5.915029918087033 5.945709533844745 
-66.0 -64.0 -64.5 -65.0 -65.0 -65.5 -65.5 -64.5 -63.5 -64.0 -64.5 -64.0 -64.0 -63.5 -63.5 -63.0 -62.5 -63.5 -61.0 -62.0 -67.5 -64.5 -65.0 -65.5 -65.5 -64.5 -64.5 -66.0 -65.0 -68.5 -66.5 -64.5 -64.0 -66.5 -70.5 -68.5 -70.5 -71.0 -69.0 
