2.6261751088602177 2.705942109830271 2.724349879284899 2.6139032625571326 2.6813984172241008 2.662990647769473 2.6200391857086753 2.5832236467994196 2.5954954931025047 2.5464081078901644 2.60776733940559 2.675262494072558 2.6568547246179306 2.7120780329818137 2.7857091108003242 2.6261751088602177 2.7550294950426117 2.9391071895888885 3.129320807286708 3.1354567304382504 3.3502140407422405 3.6017868899554855 3.5588354278946874 3.810408277107933 3.6447383520162835 3.3870295796514958 3.4606606574700063 3.6570101983193686 3.650874275167826 3.933126740138784 3.865631585471816 3.6263305825616556 0.2761165418194154 2.9329712664373457 3.4177091954092087 3.5281558121369745 3.055689729468197 2.730485802436441 2.693670263527186 2.816388726558037 
-64.5 -64.5 -65.0 -64.5 -65.5 -65.5 -65.0 -65.0 -66.0 -65.5 -64.5 -65.5 -65.0 -65.0 -65.5 -64.5 -64.5 -65.5 -65.0 -65.0 -66.0 -66.5 -65.5 -65.5 -62.5 -63.5 -64.0 -63.0 -63.0 -66.5 -69.0 -65.0 -69.5 -65.0 -63.5 -62.5 -64.0 -62.5 -63.5 -63.5 
2.1598449493429825 2.0493983326152168 2.1475731030398975 2.1230294104337273 2.141437179888355 2.0493983326152168 2.1598449493429825 2.227340104009951 2.337786720737717 2.2150682577068657 2.141437179888355 2.110757564130642 2.1659808724945253 2.1598449493429825 2.2150682577068657 2.2886993355253766 2.2396119503130363 2.2027964114037806 2.337786720737717 2.5157284921324514 2.693670263527186 2.8777479580734626 3.2643111166206444 3.153864499892878 3.141592653589793 3.06182565261974 3.055689729468197 3.000466421104314 3.0925052683774528 2.9943304979527716 3.153864499892878 3.1661363461959633 2.9513790358919736 2.890019804376548 2.5586799541932495 2.3930100291016 2.227340104009951 2.030990563160589 1.88986433067511 1.5892040962495242 1.7794177139473437 1.7916895602504288 
-65.0 -64.5 -65.5 -66.0 -65.0 -66.0 -65.5 -65.5 -64.5 -65.5 -65.5 -65.0 -65.0 -64.5 -65.5 -64.5 -64.5 -65.0 -64.5 -63.5 -63.0 -64.5 -62.5 -62.5 -63.5 -63.0 -63.0 -61.0 -62.0 -62.0 -63.0 -64.0 -65.5 -64.5 -65.0 -64.0 -64.0 -63.0 -61.5 -62.0 -63.0 -63.0 
0.4049709280018093 0.4172427743048944 0.3988350048502667 0.39269908169872414 0.3865631585471816 0.4049709280018093 0.3865631585471816 0.36815538909255385 0.3620194659410113 0.34974761963792617 0.3436116964863836 0.380427235395639 0.36815538909255385 0.380427235395639 0.39269908169872414 0.4049709280018093 0.4049709280018093 0.4663301595172349 0.607456392002714 0.8222137023067037 1.0369710126106935 1.2333205534600555 1.2578642460662257 1.1474176293384597 1.012427320004523 0.9203884727313847 0.8774370106705868 0.8222137023067037 0.7976700097005334 0.7179030087304801 0.8713010875190442 0.9387962421860124 1.0799224746714913 1.2946797849754812 1.41126232485479 1.0737865515199487 1.1044661672776617 1.141281706186917 0.9142525495798421 0.8222137023067037 0.8099418560036186 0.8528933180644165 
-51.5 -51.5 -51.5 -51.5 -51.5 -51.5 -51.5 -52.0 -51.5 -51.5 -51.5 -51.5 -51.5 -51.5 -51.5 -51.0 -51.0 -51.0 -52.0 -53.0 -55.0 -56.0 -52.0 -51.5 -52.0 -53.0 -53.5 -54.0 -54.0 -53.5 -53.0 -53.0 -53.0 -52.5 -53.5 -53.0 -51.5 -50.0 -49.5 -49.0 -49.5 -50.0 
0.7547185476397354 0.7853981633974483 0.7485826244881929 0.705631162427395 0.7547185476397354 0.7792622402459057 0.8099418560036186 0.8160777791551611 0.7792622402459057 0.7792622402459057 0.7424467013366504 0.7179030087304801 0.7547185476397354 0.7424467013366504 0.8222137023067037 0.7240389318820226 0.7117670855789375 0.7853981633974483 0.9019807032767571 1.0246991663076084 1.3437671701878218 1.423534171157875 1.3621749396424494 1.2517283229146832 1.2087768608538851 1.1596894756415448 1.184233168247715 1.2087768608538851 1.2333205534600555 1.239456476611598 1.2210487071569704 1.1719613219446299 1.325359400733194 1.3437671701878218 1.380582709097077 1.3928545554001621 1.1965050145508 1.0492428589137786 0.8651651643675016 0.8283496254582462 0.8713010875190442 0.8774370106705868 
-54.5 -54.5 -54.5 -54.5 -54.5 -54.5 -54.5 -54.5 -55.0 -55.0 -55.0 -54.5 -54.5 -55.0 -54.5 -54.5 -54.0 -54.0 -53.5 -53.0 -53.0 -51.5 -50.5 -50.0 -50.5 -50.5 -51.0 -51.0 -51.0 -51.0 -51.0 -50.5 -50.5 -51.5 -51.5 -52.5 -53.0 -52.0 -51.0 -51.0 -52.5 -52.5 
1.2026409377023426 1.2640001692177683 1.227184630308513 1.2455923997631406 1.1965050145508 1.3130875544301088 1.2762720155208536 1.2517283229146832 1.2333205534600555 1.2578642460662257 1.2087768608538851 1.2087768608538851 1.2333205534600555 1.2885438618239387 1.1167380135807468 1.1903690913992575 1.1719613219446299 1.2762720155208536 1.5462526341887264 1.736466251886546 2.0493983326152168 1.8960002538266525 1.533980787885641 1.5401167110371838 1.5278448647340985 1.4419419406125027 1.5953400194010667 1.6198837120072371 1.564660403643354 1.4910293258248433 1.6566992509164924 1.576932249946439 1.5401167110371838 1.6873788666742053 1.8653206380689396 1.9573594853420782 1.9082721001297376 1.7855536370988863 1.3560390164909069 1.2455923997631406 1.3130875544301088 1.239456476611598 
-60.5 -60.0 -60.0 -60.5 -60.0 -59.5 -60.0 -60.0 -60.0 -59.5 -59.5 -59.5 -59.5 -59.5 -59.5 -59.0 -58.5 -58.0 -58.0 -56.0 -52.5 -50.5 -51.0 -51.5 -51.5 -52.0 -53.0 -52.5 -52.0 -52.5 -52.5 -53.0 -51.5 -51.0 -51.0 -53.5 -54.0 -54.0 -56.5 -58.0 -57.5 -58.0 
1.4603497100671303 1.4910293258248433 1.521708941582556 1.3437671701878218 1.509437095279471 1.4910293258248433 1.4480778637640452 1.4971652489763858 1.5585244804918115 1.5155730184310134 1.4971652489763858 1.5462526341887264 1.4480778637640452 1.4848934026733007 1.5155730184310134 1.4480778637640452 1.3192234775816514 1.2885438618239387 1.4296700943094176 1.7794177139473437 1.9634954084936207 1.9205439464328227 1.761009944492716 1.7732817907958012 1.8223691760081417 1.9389517158874505 1.932815792735908 1.9819031779482483 1.9757672547967058 1.9819031779482483 1.88986433067511 1.9266798695843652 1.945087639038993 1.945087639038993 1.9696313316451632 2.0493983326152168 2.1353012567368124 2.030990563160589 1.6812429435226628 1.5401167110371838 1.6505633277649499 1.6444274046134073 
-60.0 -59.5 -59.5 -60.0 -60.0 -60.5 -60.0 -60.5 -60.0 -60.0 -60.0 -60.0 -60.0 -59.5 -59.5 -60.5 -60.5 -60.5 -60.0 -59.0 -55.0 -53.5 -55.5 -55.5 -56.5 -56.5 -55.5 -56.5 -56.0 -56.5 -56.0 -56.0 -55.5 -54.0 -53.5 -53.0 -53.0 -53.5 -55.5 -56.0 -55.5 -55.5 
5.5714182216006485 5.497787143782138 5.522330836388308 5.485515297479052 5.460971604872882 5.516194913236766 5.546874528994478 5.5100589900852235 5.491651220630596 5.50392306693368 5.375068680751287 5.4671075280244255 5.5100589900852235 5.43029198911517 5.436427912266712 5.3627968344482015 5.448699758569798 5.460971604872882 5.473243451175968 5.620505606812989 5.724816300389213 5.724816300389213 5.3198453723874035 5.221670601962723 5.221670601962723 5.117359908386499 4.957825906446392 5.043728830567988 4.988505522204105 5.080544369477243 5.117359908386499 5.344389064993574 5.197126909356553 5.5100589900852235 5.780039608753096 5.313709449235861 5.283029833478148 5.197126909356553 5.270757987175063 5.301437602932776 5.197126909356553 
-63.5 -63.5 -63.5 -63.0 -63.5 -64.0 -64.0 -63.5 -63.5 -63.5 -63.5 -63.5 -63.0 -64.0 -63.5 -64.5 -63.0 -63.0 -63.0 -62.5 -60.0 -58.5 -60.5 -59.0 -60.5 -60.5 -60.5 -61.0 -60.5 -60.5 -60.0 -58.5 -58.5 -57.5 -59.5 -61.5 -60.0 -60.0 -60.5 -60.5 -60.5 
3.8288160465625602 3.77972866135022 3.8410878928656453 0.4970097752749477 3.6447383520162835 3.9392626632903265 4.399456899656019 4.534447208989955 2.82252464970958 5.712544454086128 5.338253141842031 5.160311370447297 3.2581751934691017 5.8475347634200645 5.780039608753096 5.957981380147831 5.982525072754001 5.737088146692298 6.062292073724054 5.93343768754166 6.086835766330224 2.184388641949153 5.411884219660542 5.7616318392984684 5.681864838328415 5.602097837358362 5.190990986205009 1.7548740213411735 4.908738521234052 
-80.5 -80.0 -80.0 -79.0 -79.0 -79.5 -80.0 -80.5 -75.5 -61.0 -59.5 -65.5 -68.5 -62.5 -64.0 -65.5 -63.5 -64.0 -64.5 -63.5 -65.0 -68.5 -63.0 -61.0 -60.0 -60.5 -66.5 -71.0 -67.0 
