3.1231848841351653 3.2213596545598464 2.9206994201342606 3.153864499892878 0.006135923151542565 6.234097921967246 3.0372819600135696 3.2581751934691017 3.4054373491061236 6.234097921967246 3.1354567304382504 4.0558452031696355 3.098641191528995 2.552544031041707 2.5157284921324514 2.2580197197676637 2.405281875404685 2.3930100291016 2.435961491162398 2.662990647769473 2.5034566458293663 2.5954954931025047 2.3623304133438876 5.896622148632405 2.84706834231575 6.1850105367549055 3.117048960983623 0.607456392002714 5.810719224510809 6.129787228391022 2.890019804376548 6.135923151542564 2.9759227284981438 6.074563920027139 
-66.5 -68.5 -67.5 -69.5 -69.5 -70.0 -69.0 -69.0 -70.5 -70.5 -69.0 -68.0 -63.5 -63.0 -67.0 -66.0 -67.0 -67.5 -68.5 -67.0 -67.0 -67.0 -66.5 -69.0 -66.5 -67.0 -66.5 -71.0 -75.5 -72.0 -66.5 -71.5 -69.0 -70.5 
1.4726215563702154 1.509437095279471 1.5401167110371838 1.5278448647340985 1.3314953238847365 1.6198837120072371 1.423534171157875 1.5462526341887264 1.576932249946439 1.5462526341887264 1.5953400194010667 1.552388557340269 1.5953400194010667 1.6260196351587797 1.3989904785517047 1.1903690913992575 1.043106935762236 1.000155473701438 1.2210487071569704 1.9757672547967058 1.8162332528565992 1.9634954084936207 2.098485717827557 2.098485717827557 2.116893487282185 2.0064468705544187 1.9757672547967058 5.393476450205914 1.8530487917658545 1.423534171157875 1.3069516312785663 1.4603497100671303 1.3437671701878218 1.3867186322486196 1.4756895179459868 1.4726215563702154 1.3867186322486196 1.282407938672396 1.5155730184310134 1.2946797849754812 1.5155730184310134 1.4419419406125027 1.533980787885641 
-61.5 -62.0 -61.5 -61.5 -61.5 -61.0 -61.5 -61.0 -61.0 -61.5 -60.5 -61.0 -61.5 -62.0 -62.0 -63.0 -63.5 -63.0 -64.5 -61.0 -61.5 -60.5 -60.0 -60.0 -60.5 -60.5 -60.5 -64.0 -63.0 -61.5 -61.0 -61.0 -61.5 -61.5 -62.0 -61.5 -61.0 -61.5 -61.0 -61.5 -61.5 -61.5 -62.0 
1.1044661672776617 1.1167380135807468 1.1290098598838318 1.1351457830353744 1.1658253987930873 1.1167380135807468 1.1167380135807468 1.1290098598838318 1.1474176293384597 1.1535535524900022 1.1351457830353744 1.1474176293384597 1.0921943209745766 1.2026409377023426 1.0921943209745766 1.086058397823034 1.1044661672776617 1.1167380135807468 1.0799224746714913 1.1167380135807468 1.1780972450961724 1.1167380135807468 1.0615147052168636 1.0369710126106935 1.000155473701438 0.9756117810952678 0.9756117810952678 0.9817477042468103 0.9694758579437253 1.1873011298234863 1.2640001692177683 1.0983302441261191 0.9756117810952678 1.0369710126106935 1.1044661672776617 1.0062913968529805 1.0032234352772094 1.0983302441261191 1.1106020904292042 1.1167380135807468 1.0983302441261191 1.141281706186917 1.1106020904292042 1.1228739367322893 1.1290098598838318 
-49.0 -49.0 -49.0 -49.0 -49.5 -49.0 -49.5 -49.0 -49.5 -49.5 -49.5 -49.5 -49.5 -49.5 -49.0 -48.5 -49.0 -49.0 -51.5 -52.5 -53.0 -53.0 -54.0 -54.0 -54.5 -55.0 -55.5 -55.5 -55.0 -54.0 -53.5 -53.0 -51.5 -50.0 -50.0 -50.0 -50.0 -49.0 -49.0 -49.0 -49.5 -49.5 -49.5 -49.5 -49.5 
1.1290098598838318 1.2087768608538851 1.1351457830353744 1.1903690913992575 1.1535535524900022 1.1658253987930873 1.1474176293384597 1.1596894756415448 1.184233168247715 1.1658253987930873 1.2026409377023426 1.2026409377023426 1.214912784005428 1.2026409377023426 1.0799224746714913 0.9878836273983529 1.0615147052168636 1.3314953238847365 1.337631247036279 1.3744467859455345 1.533980787885641 1.4787574795217582 1.5155730184310134 1.4910293258248433 1.4419419406125027 1.4173982480063325 1.4848934026733007 1.5155730184310134 1.4726215563702154 1.402058440127476 1.5585244804918115 1.607611865704152 1.533980787885641 1.4848934026733007 1.2517283229146832 1.1903690913992575 1.086058397823034 1.1044661672776617 1.1474176293384597 1.1658253987930873 1.1596894756415448 1.2087768608538851 1.227184630308513 1.184233168247715 1.1965050145508 
-49.5 -50.0 -49.5 -49.5 -49.5 -49.5 -50.0 -50.0 -49.5 -50.0 -50.0 -50.0 -49.5 -50.0 -50.0 -51.0 -51.5 -51.5 -51.0 -52.5 -51.5 -52.0 -52.5 -52.0 -52.5 -52.5 -52.5 -52.5 -53.5 -51.5 -51.0 -52.5 -52.5 -53.0 -53.0 -52.5 -52.5 -51.5 -51.0 -50.5 -50.5 -50.0 -50.5 -50.0 -50.0 
1.4848934026733007 1.4848934026733007 1.4542137869155878 1.4542137869155878 1.4419419406125027 1.5033011721279284 1.4787574795217582 1.4910293258248433 1.509437095279471 1.4971652489763858 1.5033011721279284 1.5033011721279284 1.5278448647340985 1.4971652489763858 1.3744467859455345 1.3867186322486196 1.6812429435226628 1.88986433067511 1.9696313316451632 1.9205439464328227 1.9696313316451632 2.012582793705961 2.1230294104337273 2.1475731030398975 2.1475731030398975 2.1659808724945253 2.12916533358527 2.1966604882522383 2.1598449493429825 5.237010409841579 1.932815792735908 2.12916533358527 2.1046216409791 2.043262409463674 1.9082721001297376 1.6260196351587797 1.4081943632790186 1.3928545554001621 1.4603497100671303 1.41126232485479 1.3928545554001621 1.4296700943094176 1.4419419406125027 1.4603497100671303 1.4542137869155878 
-49.5 -49.5 -49.5 -49.5 -49.5 -49.5 -49.5 -49.0 -49.0 -49.0 -49.5 -49.5 -49.5 -49.0 -50.0 -51.0 -50.5 -48.5 -48.0 -48.5 -50.0 -51.5 -52.0 -51.5 -51.5 -52.0 -52.5 -53.5 -53.5 -53.0 -49.5 -48.0 -49.5 -50.5 -51.5 -53.0 -52.5 -50.5 -49.5 -49.5 -49.5 -49.5 -49.5 -49.5 -49.5 
1.8407769454627694 1.748738098189631 1.8530487917658545 1.8039614065535141 1.8407769454627694 1.8530487917658545 1.859184714917397 1.8530487917658545 1.859184714917397 1.8530487917658545 1.8714565612204823 1.8285050991596843 1.9144080232812801 1.8653206380689396 1.8223691760081417 1.718058482431918 1.9941750242513334 2.2580197197676637 2.1475731030398975 2.380738182798515 2.429825568010856 2.442097414313941 2.423689644859313 2.429825568010856 2.4850488763747385 2.5402721847386216 2.4911847995262812 2.466641106920111 2.466641106920111 5.6665250304495585 2.405281875404685 2.2764274892222915 2.3930100291016 2.405281875404685 2.2396119503130363 1.9634954084936207 1.7947575218262002 1.8407769454627694 1.718058482431918 1.8285050991596843 1.8285050991596843 1.8223691760081417 1.7978254834019713 1.8039614065535141 1.8162332528565992 
-50.0 -50.5 -50.0 -50.0 -50.0 -50.0 -50.0 -50.0 -49.5 -50.0 -50.0 -49.5 -49.5 -50.0 -50.5 -53.0 -53.5 -52.0 -53.0 -53.5 -53.0 -52.5 -52.5 -53.0 -53.5 -53.5 -54.0 -54.0 -53.5 -53.5 -53.5 -51.5 -51.0 -52.0 -54.5 -56.0 -55.0 -52.5 -51.0 -50.5 -50.5 -50.0 -50.5 -50.5 -50.5 
4.871922982324796 4.847379289718626 4.970097752749477 4.9823695990525625 4.828971520263998 4.749204519293945 4.933282213840222 4.657165672020807 4.853515212870168 4.890330751779424 4.798291904506286 4.97623367590102 5.289165756629691 4.792155981354743 4.81056375080937 6.068427996875596 5.994796919057086 5.681864838328415 6.1420590746941075 6.22182607566416 6.092971689481767 6.007068765360171 6.227961998815704 6.2034183062095325 6.000932842208628 5.9518454569962875 5.626641529964532 5.816855147662351 6.270913460876501 0.1227184630308513 6.2463697682703305 6.007068765360171 5.740156108268069 5.424156065963627 5.252350217720435 4.841243366567084 4.970097752749477 4.8351074434155406 4.914874444385594 5.006913291658733 5.056000676871073 
-63.5 -64.0 -63.0 -63.5 -62.5 -63.5 -64.0 -62.5 -63.0 -63.0 -62.5 -63.5 -62.0 -63.5 -65.5 -58.5 -57.0 -60.5 -59.0 -58.5 -59.5 -60.5 -60.0 -59.5 -60.0 -60.5 -59.5 -56.0 -56.0 -57.0 -58.5 -60.5 -64.5 -64.5 -63.5 -63.5 -63.5 -63.5 -63.5 -63.0 -63.0 
5.031456984264903 5.056000676871073 5.227806525114265 5.184855063053467 5.197126909356553 5.399612373357457 5.141903600992669 4.896466674930966 5.049864753719531 5.197126909356553 5.049864753719531 5.056000676871073 5.006913291658733 5.074408446325701 5.080544369477243 5.927301764390117 6.025476534814799 6.12365130523948 0.4908738521234052 6.209554229361076 0.5829126993965437 0.7976700097005334 0.44178646691106466 0.17794177139473438 0.12885438618239387 0.3190680038802134 0.5092816215780329 0.7731263170943632 5.789243493480409 0.12885438618239387 5.767767762450011 5.945709533844745 0.04908738521234052 6.264777537724958 5.2768939103266055 5.540738605842936 5.227806525114265 5.356660911296659 5.442563835418255 5.246214294568893 
-63.0 -62.5 -62.5 -62.5 -62.5 -61.5 -62.0 -61.0 -61.5 -61.0 -61.0 -61.5 -61.5 -61.5 -63.5 -71.0 -60.5 -64.5 -63.5 -63.5 -71.5 -67.0 -65.0 -63.5 -64.0 -64.5 -65.5 -70.0 -69.5 -63.0 -66.5 -61.5 -61.5 -65.0 -64.0 -63.0 -63.0 -62.5 -63.0 -62.0 
