2.9022916506796332 2.859340188618835 3.1661363461959633 2.8286605728611223 2.82252464970958 2.8777479580734626 2.834796496012665 2.791845033951867 2.8716120349219203 3.497476196379262 2.82252464970958 2.8532042654672924 2.7857091108003242 2.8716120349219203 2.816388726558037 2.5770877236478773 2.60776733940559 2.9268353432858034 3.067961575771282 3.3318062712876126 3.172272269347506 3.5158839658338894 1.0983302441261191 3.9822141253511245 3.724505352986337 3.4913402732277192 3.9208548938356986 3.77972866135022 3.792000507653305 3.933126740138784 3.5036121195308043 3.9208548938356986 3.4606606574700063 3.356349963893783 3.2949907323783574 3.5772431973493153 3.6079228131070282 3.479068426924634 3.06182565261974 3.055689729468197 2.816388726558037 2.9697868053466014 
-62.5 -62.5 -63.0 -63.0 -62.5 -63.0 -62.0 -63.0 -63.0 -62.5 -63.0 -62.0 -63.0 -62.5 -62.5 -62.5 -62.5 -63.0 -63.0 -63.5 -63.0 -65.5 -65.0 -64.5 -66.5 -69.0 -68.5 -68.0 -66.0 -69.0 -69.5 -68.5 -66.0 -62.5 -62.5 -62.0 -62.0 -63.0 -64.0 -64.0 -64.5 -64.5 
2.012582793705961 1.932815792735908 1.8407769454627694 1.8530487917658545 2.0371264863121317 1.9205439464328227 1.8407769454627694 1.9757672547967058 1.9082721001297376 2.098485717827557 1.945087639038993 2.024854640009046 2.0371264863121317 1.8100973297050567 1.7978254834019713 1.8346410223112268 2.1046216409791 2.0923497946760143 2.2027964114037806 2.3316507975861747 0.1349903093339364 3.4913402732277192 3.393165502803038 3.08636934522591 2.724349879284899 2.6016314162540475 2.6384469551633027 2.60776733940559 2.773437264497239 2.748893571891069 3.2397674240144743 3.160000423044421 5.663457068873787 2.1782527187976104 1.9634954084936207 2.0493983326152168 1.9819031779482483 1.8530487917658545 1.9082721001297376 1.8775924843720249 2.0064468705544187 1.9880391010997909 
-63.5 -63.5 -64.0 -63.0 -63.5 -63.5 -63.0 -64.0 -64.5 -62.5 -63.5 -64.5 -64.0 -63.0 -64.0 -63.5 -62.5 -63.5 -64.0 -64.0 -67.0 -65.5 -63.0 -62.5 -63.5 -63.5 -63.0 -63.0 -63.0 -63.0 -63.5 -65.0 -69.0 -66.5 -64.5 -63.5 -63.5 -63.0 -65.0 -64.0 -64.0 -64.0 
0.803805932852076 0.803805932852076 0.7792622402459057 0.8222137023067037 0.8160777791551611 0.7976700097005334 0.803805932852076 0.7853981633974483 0.7792622402459057 0.7853981633974483 0.760854470791278 0.6933593161243098 0.7547185476397354 0.7363107781851077 0.6933593161243098 0.7117670855789375 0.6810874698212247 0.662679700366597 0.7792622402459057 0.8774370106705868 1.012427320004523 0.9694758579437253 1.184233168247715 1.3989904785517047 1.1596894756415448 0.9817477042468103 1.012427320004523 0.8897088569736719 0.8467573949128739 0.9019807032767571 0.8651651643675016 0.9019807032767571 1.0737865515199487 1.1535535524900022 1.086058397823034 1.086058397823034 1.000155473701438 1.1106020904292042 1.0676506283684062 0.8897088569736719 0.8160777791551611 0.760854470791278 0.7669903939428205 0.7547185476397354 
-49.5 -49.5 -49.5 -49.5 -49.5 -49.5 -49.5 -49.5 -50.0 -49.5 -50.0 -49.5 -50.0 -49.5 -50.0 -50.0 -49.5 -50.0 -50.0 -50.5 -51.5 -54.0 -56.0 -53.0 -51.5 -52.5 -53.5 -53.5 -54.5 -54.5 -54.0 -53.0 -54.0 -52.0 -54.5 -53.5 -51.0 -50.0 -49.0 -49.0 -49.0 -50.0 -49.5 -50.0 
0.7853981633974483 0.7976700097005334 0.8344855486097889 0.8160777791551611 0.803805932852076 0.803805932852076 0.7792622402459057 0.7792622402459057 0.8222137023067037 0.8406214717613314 0.7792622402459057 0.7669903939428205 0.7792622402459057 0.7547185476397354 0.7179030087304801 0.7301748550335652 0.7117670855789375 0.7363107781851077 0.7731263170943632 0.8528933180644165 0.9940195505498954 1.2701360923693108 1.5278448647340985 1.4848934026733007 1.2578642460662257 1.2455923997631406 1.2885438618239387 1.2885438618239387 1.2946797849754812 1.3008157081270237 1.2762720155208536 1.3437671701878218 1.3437671701878218 1.2762720155208536 1.6873788666742053 1.5892040962495242 1.3069516312785663 1.1228739367322893 0.9756117810952678 0.7853981633974483 0.8344855486097889 0.7915340865489908 0.8099418560036186 0.7976700097005334 
-52.0 -51.5 -52.0 -51.5 -52.0 -52.5 -52.5 -51.5 -52.5 -52.5 -52.5 -52.0 -52.5 -52.5 -53.0 -52.5 -52.5 -52.5 -52.5 -52.5 -53.0 -53.0 -52.5 -51.0 -50.0 -51.0 -51.0 -51.0 -51.0 -51.0 -51.0 -51.0 -51.5 -51.0 -52.0 -54.0 -54.0 -53.0 -52.5 -52.5 -53.5 -53.5 -53.0 -53.0 
1.2333205534600555 1.1965050145508 1.2026409377023426 1.1719613219446299 1.239456476611598 1.1106020904292042 1.1658253987930873 1.1658253987930873 1.1290098598838318 1.1167380135807468 1.1658253987930873 1.1658253987930873 1.0799224746714913 1.1474176293384597 1.184233168247715 1.227184630308513 1.141281706186917 1.2701360923693108 1.3867186322486196 1.576932249946439 1.8960002538266525 2.12916533358527 2.055534255766759 1.748738098189631 1.7671458676442586 1.6505633277649499 1.6444274046134073 1.718058482431918 1.6260196351587797 1.6444274046134073 1.6996507129772904 1.761009944492716 1.6873788666742053 1.8100973297050567 1.8407769454627694 2.073942025221387 2.024854640009046 1.8837284075235674 1.5155730184310134 1.2087768608538851 1.0921943209745766 1.0615147052168636 1.0983302441261191 0.9878836273983529 
-57.5 -58.0 -58.0 -58.0 -58.0 -57.5 -58.0 -58.0 -58.0 -58.5 -58.5 -58.5 -58.0 -58.5 -58.0 -59.0 -59.0 -58.5 -58.5 -58.0 -57.5 -55.5 -51.5 -50.5 -52.0 -52.0 -53.0 -52.5 -53.0 -53.0 -53.0 -53.0 -53.5 -52.0 -50.5 -51.5 -54.0 -55.5 -57.5 -58.0 -58.0 -58.5 -59.0 -58.5 
1.4480778637640452 1.4603497100671303 1.4848934026733007 1.521708941582556 1.5278448647340985 1.4910293258248433 1.4910293258248433 1.4910293258248433 1.4848934026733007 1.533980787885641 1.509437095279471 1.4787574795217582 1.4848934026733007 1.4787574795217582 1.509437095279471 1.5585244804918115 1.423534171157875 1.4787574795217582 1.368310862793992 1.4910293258248433 1.7119225592803755 2.012582793705961 2.055534255766759 1.7855536370988863 2.000310947402876 1.9941750242513334 2.043262409463674 1.9696313316451632 2.1230294104337273 2.043262409463674 2.061670178918302 2.0064468705544187 2.1353012567368124 2.018718716857504 1.8775924843720249 2.0800779483729293 2.2089323345553233 2.067806102069844 1.6689710972195777 1.5033011721279284 1.5892040962495242 1.533980787885641 1.4726215563702154 1.4419419406125027 
-55.5 -55.0 -55.5 -55.5 -55.0 -55.0 -55.0 -55.5 -56.0 -56.0 -56.0 -56.0 -55.5 -56.5 -56.5 -56.0 -56.5 -57.5 -57.0 -57.5 -56.5 -55.0 -53.0 -54.0 -55.0 -55.5 -55.5 -57.0 -56.0 -56.0 -56.0 -56.5 -55.0 -55.5 -54.5 -53.5 -54.5 -55.0 -56.0 -56.5 -57.0 -55.5 -57.0 -56.5 
5.307573526084319 5.221670601962723 5.258486140871978 5.2768939103266055 5.21553467881118 5.595961914206819 5.289165756629691 5.399612373357457 5.399612373357457 5.264622064023521 5.43029198911517 5.50392306693368 5.43029198911517 5.307573526084319 5.375068680751287 5.5100589900852235 5.424156065963627 5.559146375297564 5.5714182216006485 5.47937937432751 5.835262917116979 5.9518454569962875 5.859806609723149 5.608233760509904 5.743224069843841 5.522330836388308 5.4671075280244255 5.197126909356553 5.1725832167503825 5.135767677841127 5.148039524144211 5.338253141842031 5.393476450205914 5.712544454086128 5.344389064993574 5.71868037723767 5.878214379177777 5.792311455056181 5.577554144752192 5.540738605842936 5.356660911296659 5.399612373357457 5.393476450205914 5.497787143782138 
-61.5 -62.0 -62.5 -62.0 -61.5 -62.5 -62.0 -62.0 -62.5 -61.5 -62.0 -61.5 -62.0 -62.0 -62.0 -62.5 -61.5 -61.5 -61.5 -62.0 -63.0 -60.5 -59.0 -59.5 -58.5 -59.0 -60.0 -60.5 -61.5 -61.5 -61.0 -60.5 -60.0 -58.0 -60.0 -59.0 -60.0 -61.0 -61.5 -62.5 -61.5 -62.0 -63.0 -62.5 
1.6751070203711202 1.552388557340269 1.4664856332186729 1.5155730184310134 1.607611865704152 1.552388557340269 1.4480778637640452 1.748738098189631 2.2948352586769194 5.884350302329319 5.915029918087033 5.583690067903734 2.1966604882522383 0.25157284921324513 6.092971689481767 6.105243535784852 5.9088939949354895 5.872078456026235 5.841398840268521 6.019340611663256 5.988660995905543 5.921165841238575 5.780039608753096 5.786175531904639 5.651185222570702 1.423534171157875 1.1903690913992575 1.5278448647340985 1.564660403643354 
-69.0 -69.5 -70.0 -71.0 -71.0 -72.5 -73.0 -76.5 -73.0 -67.5 -63.5 -60.5 -69.0 -68.0 -64.5 -66.5 -64.5 -64.0 -64.0 -65.0 -68.5 -65.5 -62.5 -62.5 -64.0 -74.5 -75.5 -74.0 -73.5 
