2.767301341345697 2.7979809571034093 3.000466421104314 2.9391071895888885 2.730485802436441 2.9575149590435164 2.9206994201342606 2.9943304979527716 3.055689729468197 2.9268353432858034 2.761165418194154 2.761165418194154 2.8961557275280905 3.32567034813607 2.8716120349219203 2.8532042654672924 3.1354567304382504 2.9820586516496865 3.313398501832985 3.3440781175906977 3.448388811166921 3.4177091954092087 3.0495538063166547 3.0372819600135696 0.6442719309119693 0.6994952392758523 4.227651051412827 4.1601558967458585 3.56497135104623 3.380893656499953 3.472932503773092 3.822680123411018 3.8410878928656453 3.6570101983193686 4.129476280988146 0.8467573949128739 3.7981364308048478 3.3318062712876126 3.215223731408304 3.5772431973493153 3.5588354278946874 3.215223731408304 2.9329712664373457 
-63.5 -63.5 -62.0 -63.0 -62.5 -62.0 -63.0 -63.0 -63.0 -63.5 -62.5 -62.5 -63.0 -64.5 -63.5 -64.5 -64.0 -64.0 -65.0 -65.0 -65.5 -64.5 -65.0 -66.5 -69.5 -71.0 -71.5 -68.0 -68.5 -66.5 -67.0 -67.5 -67.5 -66.5 -68.0 -71.5 -65.0 -64.5 -64.0 -63.5 -63.5 -64.0 -64.0 
1.9512235621905356 1.902136176978195 1.7916895602504288 1.9144080232812801 1.7426021750380885 1.8837284075235674 1.9634954084936207 1.9144080232812801 2.0800779483729293 1.9512235621905356 1.9266798695843652 1.9634954084936207 1.5707963267948966 1.9512235621905356 1.846912868614312 1.9389517158874505 1.846912868614312 2.073942025221387 1.9941750242513334 2.172116795646068 2.1966604882522383 2.1353012567368124 2.043262409463674 2.1905245651006955 3.08636934522591 2.988194574801229 2.8102528034064944 2.736621725587984 2.761165418194154 2.779573187648782 2.8532042654672924 2.834796496012665 3.0250101137104846 3.0372819600135696 2.6261751088602177 2.2641556429192065 1.902136176978195 2.1537090261914402 1.9696313316451632 1.9880391010997909 1.859184714917397 
-64.0 -64.0 -64.0 -64.5 -63.5 -64.0 -64.0 -65.0 -64.0 -64.5 -63.5 -63.5 -63.0 -63.5 -63.0 -62.5 -59.5 -61.5 -62.0 -62.0 -62.0 -63.5 -64.0 -65.0 -67.0 -64.0 -63.0 -62.5 -62.0 -63.0 -62.5 -63.0 -63.5 -66.5 -66.5 -66.0 -64.5 -63.0 -62.5 -62.0 -62.0 
0.7117670855789375 0.6994952392758523 0.6994952392758523 0.6749515466696822 0.7485826244881929 0.7853981633974483 0.7179030087304801 0.7363107781851077 0.760854470791278 0.7731263170943632 0.760854470791278 0.8222137023067037 0.8222137023067037 0.8406214717613314 0.8467573949128739 0.859029241215959 0.9142525495798421 0.9694758579437253 1.0615147052168636 1.0921943209745766 1.0921943209745766 1.0062913968529805 0.9387962421860124 1.0492428589137786 1.3621749396424494 1.3867186322486196 1.1474176293384597 1.030835089459151 0.9878836273983529 0.9203884727313847 0.9019807032767571 0.9572040116406401 0.9694758579437253 0.9756117810952678 1.0185632431560658 1.1106020904292042 1.3069516312785663 1.3437671701878218 0.9633399347921826 1.086058397823034 1.1044661672776617 1.012427320004523 0.8406214717613314 
-49.5 -49.5 -49.5 -49.5 -49.5 -49.5 -49.5 -50.0 -50.0 -50.0 -49.5 -49.5 -49.5 -49.5 -49.0 -49.0 -49.0 -49.0 -50.0 -50.0 -51.5 -52.0 -53.5 -54.0 -56.0 -53.5 -52.5 -53.5 -53.5 -53.5 -54.0 -54.0 -54.0 -53.5 -53.0 -53.0 -53.0 -55.0 -53.0 -51.5 -50.0 -49.0 -49.0 
0.7424467013366504 0.7853981633974483 0.760854470791278 0.8099418560036186 0.8344855486097889 0.7853981633974483 0.6810874698212247 0.7853981633974483 0.7669903939428205 0.8099418560036186 0.7853981633974483 0.8099418560036186 0.7853981633974483 0.803805932852076 0.803805932852076 0.7976700097005334 0.8160777791551611 0.859029241215959 0.9081166264282996 0.9633399347921826 1.0369710126106935 1.1658253987930873 1.41126232485479 1.607611865704152 1.6996507129772904 1.564660403643354 1.3192234775816514 1.337631247036279 1.3621749396424494 1.423534171157875 1.4051264017032472 1.41126232485479 1.4173982480063325 1.4296700943094176 1.3314953238847365 1.3560390164909069 1.3867186322486196 1.5585244804918115 1.3867186322486196 1.239456476611598 1.043106935762236 0.9510680884890975 0.859029241215959 
-53.0 -53.0 -53.0 -52.5 -52.5 -52.5 -52.5 -52.5 -53.0 -52.5 -52.0 -52.0 -52.0 -52.0 -52.0 -52.0 -51.0 -51.0 -51.5 -51.5 -51.5 -53.0 -54.5 -54.5 -53.0 -51.0 -51.0 -51.5 -51.5 -52.0 -52.0 -51.5 -51.5 -52.0 -51.5 -51.0 -51.5 -52.5 -53.5 -53.0 -51.5 -51.5 -52.0 
1.1351457830353744 1.1228739367322893 1.1474176293384597 1.1474176293384597 1.1780972450961724 1.0921943209745766 1.1290098598838318 1.1474176293384597 1.0492428589137786 1.0492428589137786 1.1106020904292042 1.055378782065321 1.1167380135807468 1.1167380135807468 0.9633399347921826 1.141281706186917 1.1351457830353744 1.2885438618239387 1.4296700943094176 1.5278448647340985 1.761009944492716 1.932815792735908 2.116893487282185 2.2518837966161214 2.024854640009046 1.8530487917658545 1.8653206380689396 1.7119225592803755 1.7916895602504288 1.8653206380689396 1.8530487917658545 1.8039614065535141 1.7916895602504288 1.7978254834019713 1.7241944055834606 1.7119225592803755 1.8653206380689396 1.945087639038993 2.073942025221387 1.9573594853420782 1.736466251886546 1.3744467859455345 1.2517283229146832 
-58.5 -58.0 -58.0 -58.0 -58.0 -58.0 -58.0 -58.0 -58.5 -59.0 -58.5 -58.0 -58.0 -58.0 -57.5 -57.0 -57.5 -57.0 -57.5 -57.5 -58.0 -59.0 -58.0 -54.5 -51.0 -53.0 -53.0 -54.5 -55.0 -54.0 -53.5 -53.5 -52.5 -52.0 -52.5 -51.5 -52.0 -52.0 -55.5 -56.0 -55.5 -56.5 -57.5 
1.5953400194010667 1.5278448647340985 1.521708941582556 1.552388557340269 1.509437095279471 1.5707963267948966 1.5401167110371838 1.5462526341887264 1.5278448647340985 1.5155730184310134 1.5155730184310134 1.5278448647340985 1.552388557340269 1.509437095279471 1.5585244804918115 1.4910293258248433 1.5155730184310134 1.4848934026733007 1.5462526341887264 1.6321555583103222 1.8346410223112268 1.9941750242513334 2.2334760271614935 2.2027964114037806 2.0371264863121317 1.9757672547967058 2.086213871524472 2.1659808724945253 2.1475731030398975 2.116893487282185 2.1046216409791 2.1046216409791 2.073942025221387 2.0493983326152168 2.030990563160589 2.043262409463674 2.018718716857504 1.9512235621905356 2.067806102069844 2.1537090261914402 1.9819031779482483 1.6260196351587797 1.5401167110371838 
-56.0 -56.0 -56.0 -56.0 -56.0 -55.0 -56.0 -56.0 -56.0 -55.5 -55.5 -55.5 -55.5 -55.0 -55.5 -55.5 -55.0 -55.0 -55.0 -55.0 -55.0 -55.0 -55.0 -54.0 -53.5 -55.0 -56.0 -55.5 -55.5 -56.5 -56.5 -55.5 -55.5 -56.0 -55.0 -55.5 -54.5 -55.0 -54.5 -54.5 -54.5 -56.0 -56.5 
5.338253141842031 5.283029833478148 5.460971604872882 5.203262832508095 5.252350217720435 5.43029198911517 5.418020142812084 5.424156065963627 5.3627968344482015 5.3627968344482015 5.3627968344482015 5.399612373357457 5.399612373357457 5.246214294568893 5.2768939103266055 5.313709449235861 5.43029198911517 5.473243451175968 5.473243451175968 5.540738605842936 5.64504929941916 5.829126993965437 5.835262917116979 5.921165841238575 5.565282298449106 5.651185222570702 5.8045833013592665 5.50392306693368 5.485515297479052 5.344389064993574 5.325981295538946 5.442563835418255 5.148039524144211 5.2339424482658075 5.424156065963627 5.553010452146021 5.681864838328415 5.6143696836614465 5.902758071783947 5.595961914206819 5.436427912266712 5.405748296509 5.3627968344482015 
-62.5 -62.0 -62.5 -61.0 -62.0 -61.5 -61.0 -62.0 -61.0 -62.0 -61.5 -60.5 -61.0 -61.0 -60.5 -60.5 -61.0 -60.5 -61.0 -61.5 -62.0 -61.5 -60.0 -59.0 -59.0 -60.0 -58.0 -60.5 -60.0 -60.0 -61.0 -61.0 -61.5 -60.0 -59.5 -58.5 -60.0 -59.5 -60.0 -61.5 -61.0 -61.0 -61.0 
1.9389517158874505 4.884194828627882 1.8346410223112268 5.062136600022616 1.7732817907958012 1.8837284075235674 5.0253210611133605 4.859651136021712 4.896466674930966 1.5892040962495242 1.8223691760081417 5.043728830567988 5.203262832508095 5.6941366846315 5.8475347634200645 5.595961914206819 2.043262409463674 5.706408530934585 5.264622064023521 5.749359992995383 5.749359992995383 5.8659425328746915 5.878214379177777 5.872078456026235 5.816855147662351 5.9518454569962875 2.2641556429192065 5.792311455056181 5.424156065963627 5.129631754689584 
-71.5 -69.0 -70.0 -66.5 -70.0 -70.5 -69.0 -67.0 -68.0 -69.0 -68.0 -66.5 -65.0 -64.5 -62.0 -62.0 -65.0 -66.0 -68.5 -67.0 -65.5 -65.5 -65.5 -65.5 -65.0 -66.0 -66.5 -64.0 -62.5 -64.5 
