2.9084275738311756 2.9820586516496865 2.9636508821950587 2.890019804376548 2.9206994201342606 2.890019804376548 2.7979809571034093 2.84706834231575 3.0372819600135696 2.8961557275280905 2.8102528034064944 3.1906800388021335 3.043417883165112 2.804116880254952 2.82252464970958 2.8716120349219203 3.153864499892878 3.6324665057131984 3.3011266555298997 4.006757817957295 3.706097583531709 3.3195344249845276 3.479068426924634 3.6386024288647407 3.5772431973493153 0.2699806186678728 3.2581751934691017 3.2704470397721868 3.80427235395639 3.141592653589793 2.9820586516496865 2.834796496012665 2.7120780329818137 2.6016314162540475 2.4850488763747385 2.5770877236478773 2.6875343403756435 2.8654761117703775 2.7120780329818137 2.804116880254952 
-63.5 -64.0 -63.0 -62.5 -63.0 -63.5 -62.0 -63.5 -63.5 -63.5 -63.0 -63.0 -63.0 -64.0 -63.0 -63.0 -65.0 -64.0 -64.5 -64.0 -65.0 -67.0 -67.5 -68.5 -67.5 -72.0 -71.0 -69.0 -64.0 -64.0 -65.0 -67.0 -65.5 -64.0 -63.5 -63.0 -63.0 -64.0 -63.5 -63.5 
2.1475731030398975 2.2150682577068657 2.0923497946760143 2.423689644859313 2.1966604882522383 2.2334760271614935 2.1353012567368124 2.509592568980909 2.2396119503130363 2.2641556429192065 2.2396119503130363 2.2641556429192065 2.411417798556228 2.2948352586769194 2.1966604882522383 2.1905245651006955 2.3316507975861747 2.650718801466388 2.8409324191642074 3.4054373491061236 3.3440781175906977 3.429981041712294 2.7857091108003242 2.6200391857086753 2.5709518004963345 2.5709518004963345 2.5280003384355365 2.6139032625571326 3.399301425954581 3.3195344249845276 2.890019804376548 2.380738182798515 2.1659808724945253 1.8653206380689396 1.9144080232812801 1.9573594853420782 1.8346410223112268 1.9082721001297376 1.9144080232812801 2.024854640009046 2.012582793705961 
-64.0 -64.5 -63.5 -64.0 -63.5 -64.0 -65.0 -64.5 -64.5 -63.0 -64.0 -64.5 -65.0 -64.5 -63.5 -64.0 -64.0 -63.0 -64.0 -63.5 -63.5 -63.0 -63.0 -63.5 -62.5 -62.5 -63.0 -62.5 -64.0 -65.5 -64.5 -67.0 -64.0 -63.5 -63.0 -61.5 -63.0 -62.0 -62.0 -63.0 -62.0 
0.8774370106705868 0.8651651643675016 0.8283496254582462 0.859029241215959 0.7976700097005334 0.7915340865489908 0.7547185476397354 0.7669903939428205 0.7853981633974483 0.7485826244881929 0.7240389318820226 0.7179030087304801 0.7240389318820226 0.6749515466696822 0.7117670855789375 0.7301748550335652 0.9326603190344698 1.0676506283684062 1.012427320004523 1.5155730184310134 1.1167380135807468 0.9265243958829272 0.9878836273983529 0.8713010875190442 0.8467573949128739 0.9203884727313847 0.9387962421860124 0.9878836273983529 1.2210487071569704 1.2640001692177683 1.2333205534600555 1.0737865515199487 1.0983302441261191 0.9265243958829272 0.7853981633974483 0.7117670855789375 0.7485826244881929 0.8344855486097889 0.8344855486097889 0.8406214717613314 0.8406214717613314 
-49.0 -49.0 -49.0 -49.0 -49.0 -49.5 -49.5 -49.5 -49.5 -49.5 -49.5 -49.5 -50.0 -50.0 -50.0 -50.0 -51.0 -52.5 -54.0 -54.0 -51.5 -53.5 -53.5 -54.0 -55.0 -55.0 -53.5 -53.0 -54.0 -53.5 -54.5 -53.5 -52.5 -51.0 -50.5 -50.5 -50.0 -50.0 -49.5 -50.0 -49.0 
0.8222137023067037 0.8651651643675016 0.8099418560036186 0.8160777791551611 0.8406214717613314 0.8160777791551611 0.7915340865489908 0.7853981633974483 0.8344855486097889 0.8528933180644165 0.8099418560036186 0.8099418560036186 0.7731263170943632 0.7669903939428205 0.6933593161243098 0.760854470791278 0.9203884727313847 1.141281706186917 1.5707963267948966 1.6996507129772904 1.2455923997631406 1.214912784005428 1.3314953238847365 1.325359400733194 1.3560390164909069 1.4296700943094176 1.368310862793992 1.3744467859455345 1.3928545554001621 1.3560390164909069 1.6382914814618648 1.5892040962495242 1.3928545554001621 1.0615147052168636 0.803805932852076 0.7547185476397354 0.760854470791278 0.7976700097005334 0.7731263170943632 0.7731263170943632 0.7915340865489908 
-52.5 -52.5 -52.5 -52.5 -53.0 -53.0 -53.0 -53.0 -53.0 -53.0 -53.0 -53.5 -53.0 -53.5 -53.0 -53.0 -52.5 -52.5 -53.5 -51.5 -50.5 -51.0 -51.5 -51.5 -51.5 -51.5 -51.5 -51.5 -52.0 -50.5 -52.5 -53.5 -54.0 -53.0 -52.5 -53.0 -52.5 -52.0 -52.0 -51.5 -51.5 
1.1596894756415448 1.1167380135807468 1.1903690913992575 1.1535535524900022 1.1290098598838318 1.2210487071569704 1.239456476611598 1.1965050145508 1.1596894756415448 1.1474176293384597 1.1106020904292042 1.2087768608538851 1.1474176293384597 1.1351457830353744 1.1780972450961724 1.3314953238847365 1.5707963267948966 2.030990563160589 2.0923497946760143 1.8530487917658545 1.662835174068035 1.6014759425526093 1.7855536370988863 1.7426021750380885 1.705786636128833 1.7303303287350031 1.7978254834019713 1.8407769454627694 1.7303303287350031 1.8837284075235674 2.043262409463674 2.0800779483729293 2.141437179888355 1.8285050991596843 1.1351457830353744 1.184233168247715 1.214912784005428 1.1903690913992575 1.239456476611598 1.2701360923693108 0.9878836273983529 
-57.5 -57.5 -57.5 -57.5 -58.5 -58.0 -58.0 -57.5 -58.0 -57.5 -58.0 -57.5 -57.5 -58.0 -57.5 -58.0 -57.5 -55.5 -52.5 -49.5 -52.0 -52.0 -54.0 -54.0 -55.0 -55.5 -55.5 -56.0 -53.5 -53.5 -52.5 -54.5 -56.5 -60.0 -61.0 -60.0 -60.0 -58.0 -58.5 -58.5 -57.0 
1.423534171157875 1.4296700943094176 1.3928545554001621 1.4358060174609601 1.4480778637640452 1.368310862793992 1.423534171157875 1.380582709097077 1.3499030933393643 1.423534171157875 1.3989904785517047 1.4419419406125027 1.4296700943094176 1.3928545554001621 1.3192234775816514 1.3069516312785663 1.423534171157875 1.88986433067511 2.1598449493429825 1.846912868614312 2.0371264863121317 2.086213871524472 1.9941750242513334 2.030990563160589 2.1537090261914402 2.172116795646068 2.1537090261914402 2.067806102069844 2.1966604882522383 2.1475731030398975 1.9941750242513334 2.141437179888355 2.1537090261914402 1.7855536370988863 1.423534171157875 1.4358060174609601 1.4480778637640452 1.3314953238847365 1.368310862793992 1.423534171157875 1.4296700943094176 
-56.0 -56.5 -56.0 -56.0 -56.5 -57.0 -57.0 -57.0 -57.5 -57.5 -57.5 -58.0 -57.5 -57.0 -58.0 -58.0 -58.0 -57.5 -54.0 -54.5 -56.0 -54.5 -56.5 -56.5 -55.5 -55.5 -57.0 -56.0 -56.0 -55.5 -56.0 -55.0 -56.5 -57.0 -56.5 -56.5 -55.5 -55.0 -55.5 -54.5 -54.5 
5.21553467881118 5.252350217720435 5.2339424482658075 5.301437602932776 5.221670601962723 5.283029833478148 5.338253141842031 5.338253141842031 5.307573526084319 5.307573526084319 5.283029833478148 5.283029833478148 5.301437602932776 5.301437602932776 5.240078371417351 5.325981295538946 5.577554144752192 5.724816300389213 5.835262917116979 5.325981295538946 5.540738605842936 5.448699758569798 5.45483568172134 5.240078371417351 5.491651220630596 5.602097837358362 5.522330836388308 5.565282298449106 5.47937937432751 5.749359992995383 5.688000761479957 5.964117303299373 5.743224069843841 5.485515297479052 5.3198453723874035 5.485515297479052 5.184855063053467 5.258486140871978 5.184855063053467 5.092816215780329 
-62.0 -62.0 -62.5 -62.0 -61.5 -62.0 -62.5 -62.0 -61.0 -62.5 -62.5 -62.5 -62.0 -62.0 -61.5 -61.5 -62.0 -61.5 -59.0 -58.5 -58.5 -59.5 -59.5 -61.0 -62.0 -62.0 -61.0 -61.0 -59.5 -59.0 -59.5 -60.5 -62.0 -62.5 -61.5 -62.0 -63.5 -61.5 -61.5 -62.5 
3.8840393549264434 4.111068511533518 4.344233591292136 1.0185632431560658 4.178563666200486 4.190835512503572 0.7424467013366504 4.04357335686655 4.154019973594316 3.3440781175906977 0.7792622402459057 4.049709280018092 2.270291566070749 5.970253226450915 5.810719224510809 5.540738605842936 0.15339807878856412 5.755495916146925 6.14819499784565 6.240233845118788 6.025476534814799 6.092971689481767 6.14819499784565 5.810719224510809 5.859806609723149 2.429825568010856 5.6573211457222445 1.9389517158874505 4.09266074207889 1.239456476611598 4.344233591292136 1.2333205534600555 4.325825821837508 
-68.5 -68.5 -69.5 -71.0 -68.0 -69.5 -72.0 -72.5 -72.5 -72.0 -75.0 -73.5 -73.5 -65.5 -60.5 -73.5 -67.5 -63.0 -67.5 -65.0 -64.5 -65.5 -68.0 -71.0 -66.5 -68.5 -63.5 -70.5 -70.5 -70.5 -69.0 -69.5 -67.0 
