2.6384469551633027 6.154330920997192 2.8961557275280905 6.1850105367549055 3.1354567304382504 2.82252464970958 6.252505691421874 3.0802334220743677 6.166602767300278 0.02454369260617026 6.14819499784565 0.4356505437595221 1.533980787885641 3.3870295796514958 2.9759227284981438 2.7979809571034093 2.423689644859313 2.4911847995262812 2.5709518004963345 2.675262494072558 2.8532042654672924 2.804116880254952 2.5770877236478773 2.36846633649543 2.859340188618835 3.2213596545598464 0.5522330836388308 2.6875343403756435 2.718213956133356 6.056156150572511 3.074097498922825 
-67.5 -70.5 -69.0 -70.5 -66.5 -69.0 -71.0 -68.5 -71.0 -71.0 -72.0 -75.0 -74.5 -62.0 -61.5 -64.5 -65.5 -67.0 -68.0 -69.0 -69.5 -68.0 -67.0 -65.5 -64.5 -65.0 -68.5 -71.5 -68.0 -69.0 -68.0 
1.4910293258248433 1.5707963267948966 1.607611865704152 1.2455923997631406 1.4296700943094176 1.4603497100671303 1.4296700943094176 1.4971652489763858 1.576932249946439 1.4419419406125027 1.4542137869155878 1.509437095279471 1.5155730184310134 1.509437095279471 1.41126232485479 1.509437095279471 1.5155730184310134 1.521708941582556 1.3928545554001621 1.3008157081270237 1.0921943209745766 4.841243366567084 2.497320722677824 2.2212041808584084 2.1537090261914402 1.9205439464328227 1.945087639038993 1.9819031779482483 1.932815792735908 1.88986433067511 2.0493983326152168 2.2027964114037806 2.2089323345553233 1.4848934026733007 1.3437671701878218 1.2578642460662257 1.1780972450961724 1.3008157081270237 1.4603497100671303 1.3744467859455345 1.3867186322486196 1.4726215563702154 1.3867186322486196 1.5830681730979816 
-61.5 -62.0 -62.0 -61.5 -62.0 -61.5 -61.5 -62.0 -62.0 -62.5 -61.5 -61.5 -62.0 -62.5 -62.0 -62.5 -61.5 -62.0 -62.5 -63.5 -64.0 -70.0 -65.5 -63.5 -61.5 -62.0 -61.0 -60.0 -59.5 -60.0 -60.0 -63.5 -64.5 -63.0 -62.5 -62.0 -62.0 -63.0 -62.5 -61.5 -62.0 -61.5 -61.5 -62.0 
1.1596894756415448 1.086058397823034 1.0737865515199487 1.1167380135807468 1.0799224746714913 1.0921943209745766 1.086058397823034 1.1044661672776617 1.1044661672776617 1.0921943209745766 1.0921943209745766 1.0983302441261191 1.0983302441261191 1.0615147052168636 1.0921943209745766 1.1044661672776617 1.1167380135807468 1.1106020904292042 1.0737865515199487 0.9940195505498954 0.9756117810952678 1.030835089459151 1.0799224746714913 1.2210487071569704 1.0799224746714913 1.1351457830353744 1.1106020904292042 1.043106935762236 1.0185632431560658 1.030835089459151 1.012427320004523 0.9878836273983529 1.0369710126106935 1.1351457830353744 1.2640001692177683 1.2701360923693108 0.9817477042468103 0.9878836273983529 1.0615147052168636 1.0369710126106935 0.9572040116406401 0.9203884727313847 0.9817477042468103 1.0062913968529805 1.0799224746714913 1.0676506283684062 
-49.5 -49.5 -49.5 -49.5 -49.5 -49.5 -49.5 -49.5 -49.5 -49.5 -49.5 -49.5 -49.5 -49.5 -49.5 -49.5 -50.0 -50.0 -49.5 -49.0 -49.0 -50.0 -50.5 -49.5 -50.0 -51.0 -51.0 -51.5 -52.0 -53.0 -53.5 -53.5 -52.5 -52.0 -51.5 -52.0 -51.5 -50.0 -49.0 -49.5 -49.0 -48.5 -48.5 -49.0 -49.0 -49.0 
1.1596894756415448 1.1474176293384597 1.1596894756415448 1.1965050145508 1.1658253987930873 1.1903690913992575 1.1596894756415448 1.1719613219446299 1.141281706186917 1.184233168247715 1.1965050145508 1.1719613219446299 1.1351457830353744 1.1719613219446299 1.1965050145508 1.1596894756415448 1.1903690913992575 1.1290098598838318 1.043106935762236 0.9817477042468103 1.086058397823034 1.227184630308513 1.1106020904292042 1.3928545554001621 1.4419419406125027 1.4358060174609601 1.4787574795217582 1.4787574795217582 1.4910293258248433 1.509437095279471 1.4848934026733007 1.607611865704152 1.3928545554001621 1.5278448647340985 1.6014759425526093 1.4358060174609601 1.380582709097077 1.1965050145508 1.1351457830353744 0.9878836273983529 1.0185632431560658 1.0921943209745766 1.1044661672776617 1.1658253987930873 1.1351457830353744 
-50.0 -50.5 -50.0 -50.0 -50.5 -50.0 -50.0 -50.0 -50.0 -50.0 -50.0 -49.5 -50.0 -50.0 -50.0 -50.0 -50.5 -50.5 -51.0 -52.0 -51.5 -50.0 -50.0 -51.0 -50.5 -51.0 -51.0 -51.5 -51.5 -51.5 -51.5 -52.0 -52.0 -50.5 -51.5 -52.0 -52.5 -52.0 -52.0 -51.5 -51.5 -51.0 -51.0 -50.5 -50.0 
1.4358060174609601 1.4664856332186729 1.4358060174609601 1.4173982480063325 1.3928545554001621 1.423534171157875 1.4542137869155878 1.4051264017032472 1.4296700943094176 1.4542137869155878 1.423534171157875 1.4480778637640452 1.41126232485479 1.3867186322486196 1.4296700943094176 1.4419419406125027 1.4603497100671303 1.3989904785517047 1.3499030933393643 1.2885438618239387 1.3989904785517047 1.7119225592803755 1.6689710972195777 1.6382914814618648 1.6137477888556946 1.662835174068035 1.705786636128833 1.8714565612204823 1.9634954084936207 2.018718716857504 2.024854640009046 2.018718716857504 1.9573594853420782 1.8837284075235674 1.736466251886546 1.8837284075235674 1.9696313316451632 1.8714565612204823 1.8407769454627694 1.6689710972195777 1.337631247036279 1.3069516312785663 1.3192234775816514 1.3437671701878218 1.337631247036279 1.3560390164909069 
-49.5 -49.5 -49.5 -49.5 -49.5 -49.5 -49.0 -49.0 -49.5 -49.0 -49.5 -48.5 -49.0 -49.0 -48.5 -49.0 -49.0 -49.0 -49.0 -49.5 -52.0 -50.5 -48.5 -47.5 -49.0 -49.0 -49.5 -50.0 -49.0 -49.5 -49.5 -50.0 -50.5 -50.0 -48.5 -47.0 -48.0 -48.5 -49.5 -51.0 -51.5 -50.5 -49.5 -49.5 -49.5 -49.0 
1.8346410223112268 1.8285050991596843 1.8100973297050567 1.8346410223112268 1.748738098189631 1.7978254834019713 1.8223691760081417 1.7978254834019713 1.7671458676442586 1.8162332528565992 1.8162332528565992 1.761009944492716 1.6996507129772904 1.7855536370988863 1.8039614065535141 1.7916895602504288 1.8039614065535141 1.7794177139473437 1.718058482431918 1.6751070203711202 1.8100973297050567 1.9941750242513334 1.9696313316451632 2.0493983326152168 2.1046216409791 2.086213871524472 2.184388641949153 2.2212041808584084 2.2886993355253766 2.356194490192345 2.411417798556228 2.399145952253143 2.350058567040802 2.325514874434632 2.2518837966161214 2.0493983326152168 2.2150682577068657 2.2518837966161214 2.1353012567368124 1.8039614065535141 1.705786636128833 1.7303303287350031 1.7794177139473437 1.7794177139473437 1.7794177139473437 1.761009944492716 
-50.5 -50.5 -50.5 -50.5 -50.5 -50.0 -50.0 -50.0 -50.0 -50.0 -50.0 -50.0 -50.0 -50.0 -50.0 -50.0 -50.0 -49.5 -50.0 -52.0 -53.5 -52.0 -51.0 -52.5 -52.0 -51.5 -51.0 -51.5 -52.0 -51.5 -52.0 -52.5 -52.5 -52.0 -53.0 -51.0 -50.0 -51.0 -54.0 -54.5 -54.5 -54.0 -52.0 -51.0 -51.0 -51.0 
4.73693267299086 4.957825906446392 4.963961829597935 4.957825906446392 4.963961829597935 4.822835597112456 5.2768939103266055 4.859651136021712 4.822835597112456 4.767612288748572 4.878058905476339 4.8351074434155406 4.914874444385594 4.896466674930966 4.853515212870168 4.957825906446392 5.00077736850719 4.7307967498393175 5.945709533844745 5.982525072754001 6.000932842208628 5.4671075280244255 5.5714182216006485 5.651185222570702 5.632777453116074 5.964117303299373 5.8475347634200645 5.8659425328746915 5.945709533844745 5.93343768754166 5.976389149602458 5.8045833013592665 5.681864838328415 5.473243451175968 6.000932842208628 6.17273869045182 6.019340611663256 5.872078456026235 5.8045833013592665 5.332117218690489 5.356660911296659 4.988505522204105 4.743068596142402 5.037592907416445 
-63.0 -62.5 -64.0 -63.0 -63.0 -63.0 -63.0 -62.5 -63.0 -62.5 -62.0 -62.0 -62.5 -62.0 -62.0 -61.5 -62.0 -65.5 -64.0 -59.5 -55.5 -57.0 -58.5 -58.0 -60.0 -58.0 -58.0 -59.0 -59.5 -58.5 -58.0 -58.5 -59.0 -56.0 -55.5 -56.0 -59.0 -59.5 -63.5 -65.0 -64.5 -64.0 -63.0 -62.0 
5.258486140871978 5.589825991055276 5.203262832508095 5.105088062083414 5.258486140871978 5.056000676871073 5.203262832508095 5.154175447295755 5.289165756629691 5.184855063053467 5.203262832508095 5.141903600992669 5.111223985234957 5.166447293598839 5.240078371417351 5.289165756629691 5.086680292628786 6.068427996875596 5.976389149602458 5.7616318392984684 0.07363107781851078 5.632777453116074 6.105243535784852 0.30066023442558565 0.1718058482431918 6.209554229361076 6.277049384028044 0.09817477042468103 0.3313398501832985 0.25157284921324513 6.1850105367549055 6.074563920027139 6.0991076126333095 4.994641445355648 5.160311370447297 5.062136600022616 5.166447293598839 5.270757987175063 
-62.0 -62.5 -62.0 -62.5 -62.0 -62.5 -62.5 -61.5 -61.0 -62.0 -62.0 -60.5 -60.5 -61.0 -60.5 -60.5 -60.0 -66.0 -60.5 -60.5 -65.5 -60.5 -65.0 -63.0 -61.0 -61.0 -61.5 -62.5 -66.5 -68.0 -62.0 -60.5 -63.5 -70.0 -67.0 -64.5 -63.5 -62.5 
