2.7550294950426117 2.736621725587984 2.742757648739526 2.761165418194154 2.662990647769473 2.7979809571034093 2.8961557275280905 2.7550294950426117 2.724349879284899 2.718213956133356 2.8654761117703775 2.8654761117703775 2.748893571891069 2.761165418194154 2.7979809571034093 2.8532042654672924 3.0495538063166547 3.4913402732277192 3.454524734318464 3.792000507653305 4.006757817957295 4.000621894805752 3.472932503773092 3.368621810196868 3.3011266555298997 3.6324665057131984 3.6447383520162835 3.472932503773092 3.356349963893783 3.6017868899554855 3.761320891895592 4.000621894805752 0.17794177139473438 6.215690152512618 2.6568547246179306 2.2886993355253766 2.693670263527186 6.086835766330224 2.761165418194154 2.3623304133438876 2.82252464970958 
-64.5 -63.0 -63.5 -64.0 -64.0 -64.0 -64.0 -65.0 -64.5 -64.5 -64.0 -64.5 -63.5 -63.5 -64.5 -63.5 -64.0 -64.5 -66.0 -66.5 -63.5 -64.5 -64.5 -67.0 -66.5 -66.5 -66.5 -67.5 -67.5 -66.5 -66.0 -66.5 -66.5 -65.0 -63.5 -63.5 -64.5 -64.5 -62.5 -64.0 -64.0 
2.3930100291016 2.3623304133438876 2.2518837966161214 2.2212041808584084 2.405281875404685 2.1475731030398975 2.2886993355253766 2.1782527187976104 2.2027964114037806 2.2641556429192065 2.2948352586769194 2.2764274892222915 2.1659808724945253 2.3071071049800045 2.3746022596469727 2.0800779483729293 2.1475731030398975 2.4175537217077703 2.6998061866787286 3.0372819600135696 3.4054373491061236 3.3440781175906977 3.098641191528995 2.8777479580734626 2.9391071895888885 6.252505691421874 3.067961575771282 3.0127382674073995 3.074097498922825 3.184544115650591 3.2397674240144743 5.896622148632405 5.448699758569798 5.105088062083414 4.9823695990525625 1.8100973297050567 1.8714565612204823 1.9696313316451632 1.6505633277649499 1.7241944055834606 1.8960002538266525 1.8100973297050567 1.6996507129772904 
-63.5 -64.5 -65.0 -64.5 -64.0 -64.0 -64.5 -64.0 -64.0 -64.5 -64.0 -64.5 -64.0 -64.5 -64.0 -63.0 -63.0 -62.5 -62.5 -63.5 -62.5 -61.0 -61.0 -62.5 -62.0 -63.5 -62.5 -62.5 -62.5 -62.5 -64.5 -67.0 -67.0 -65.0 -63.5 -62.5 -62.5 -62.5 -62.0 -62.5 -62.5 -61.0 -61.5 
0.380427235395639 0.37429131224409645 0.380427235395639 0.3988350048502667 0.34974761963792617 0.3620194659410113 0.37429131224409645 0.32520392703175593 0.3436116964863836 0.3313398501832985 0.380427235395639 0.4111068511533518 0.42337869745643697 0.4663301595172349 0.46019423636569234 0.5276893910326605 0.7424467013366504 0.9694758579437253 1.0615147052168636 1.423534171157875 1.239456476611598 0.9326603190344698 0.9203884727313847 0.9510680884890975 0.9081166264282996 0.9510680884890975 1.0062913968529805 1.0062913968529805 1.0676506283684062 1.0615147052168636 1.1596894756415448 1.3928545554001621 1.184233168247715 1.1290098598838318 1.1044661672776617 0.8897088569736719 0.7853981633974483 0.7853981633974483 0.8651651643675016 0.9387962421860124 0.9142525495798421 0.9326603190344698 0.944932165337555 
-52.5 -52.5 -52.5 -52.5 -52.0 -52.0 -52.5 -52.5 -52.0 -52.5 -52.5 -52.0 -52.0 -51.5 -51.5 -51.0 -52.0 -53.0 -55.5 -55.5 -51.5 -51.5 -54.5 -54.0 -53.5 -53.5 -54.0 -53.0 -53.0 -52.5 -52.0 -53.5 -54.5 -52.0 -51.0 -50.5 -51.0 -50.5 -49.5 -49.0 -49.0 -49.5 -49.0 
0.8222137023067037 0.803805932852076 0.8099418560036186 0.8160777791551611 0.7915340865489908 0.760854470791278 0.7853981633974483 0.7424467013366504 0.6994952392758523 0.6994952392758523 0.6135923151542565 0.6994952392758523 0.7240389318820226 0.7485826244881929 0.7301748550335652 0.7301748550335652 0.760854470791278 0.9510680884890975 1.3499030933393643 1.552388557340269 1.282407938672396 1.1535535524900022 1.2210487071569704 1.3744467859455345 1.3437671701878218 1.2946797849754812 1.3621749396424494 1.3928545554001621 1.423534171157875 1.3192234775816514 1.337631247036279 1.4542137869155878 1.5462526341887264 1.2762720155208536 1.1903690913992575 0.9572040116406401 0.8958447801252144 0.8958447801252144 0.8099418560036186 0.760854470791278 0.8467573949128739 0.8651651643675016 0.9142525495798421 
-54.0 -54.0 -54.0 -54.5 -54.0 -54.5 -54.5 -54.5 -54.5 -54.5 -54.5 -54.0 -54.5 -54.0 -54.0 -53.5 -53.0 -52.5 -52.5 -51.5 -50.0 -51.0 -51.5 -51.5 -51.5 -51.0 -51.0 -51.5 -51.5 -51.0 -51.0 -51.5 -53.0 -53.5 -54.0 -53.0 -52.5 -52.5 -52.0 -51.5 -51.5 -51.5 -51.0 
1.4051264017032472 1.2885438618239387 1.4358060174609601 1.3437671701878218 1.3437671701878218 1.4051264017032472 1.4173982480063325 1.3069516312785663 1.3130875544301088 1.3499030933393643 1.3008157081270237 1.2946797849754812 1.337631247036279 1.3560390164909069 1.3069516312785663 1.4296700943094176 1.6137477888556946 1.9205439464328227 2.0493983326152168 1.8530487917658545 1.6014759425526093 1.6382914814618648 1.5953400194010667 1.748738098189631 1.748738098189631 1.7426021750380885 1.705786636128833 1.8039614065535141 1.662835174068035 1.6321555583103222 1.7303303287350031 1.7978254834019713 2.0493983326152168 1.9880391010997909 1.859184714917397 1.4542137869155878 1.3560390164909069 1.1535535524900022 1.1167380135807468 1.000155473701438 1.1780972450961724 1.1167380135807468 1.0737865515199487 
-59.5 -59.0 -59.0 -59.0 -59.5 -59.5 -59.0 -59.0 -59.5 -59.0 -59.0 -59.5 -59.5 -59.0 -59.0 -58.5 -58.0 -56.0 -53.0 -50.0 -51.5 -51.5 -52.5 -53.5 -53.0 -53.0 -52.5 -52.0 -53.0 -52.0 -51.5 -51.5 -53.5 -56.0 -57.0 -59.0 -59.5 -59.0 -58.0 -57.5 -57.0 -58.0 -57.0 
1.662835174068035 1.6689710972195777 1.6812429435226628 1.6321555583103222 1.6321555583103222 1.761009944492716 1.5892040962495242 1.5585244804918115 1.5401167110371838 1.521708941582556 1.6198837120072371 1.6198837120072371 1.6382914814618648 1.6014759425526093 1.564660403643354 1.564660403643354 1.5155730184310134 1.4787574795217582 1.7671458676442586 1.9757672547967058 1.932815792735908 1.7794177139473437 1.945087639038993 2.018718716857504 1.9266798695843652 2.030990563160589 2.043262409463674 2.086213871524472 2.012582793705961 1.9144080232812801 2.043262409463674 1.9634954084936207 1.9819031779482483 2.024854640009046 2.141437179888355 1.9819031779482483 1.7794177139473437 1.6382914814618648 1.5462526341887264 1.227184630308513 1.4848934026733007 1.5033011721279284 1.6382914814618648 1.5278448647340985 
-58.5 -59.0 -58.5 -58.5 -59.0 -59.0 -59.0 -59.0 -59.0 -59.5 -59.0 -59.0 -59.0 -59.0 -58.5 -59.0 -59.5 -58.5 -57.0 -55.5 -53.5 -56.5 -56.5 -55.5 -56.5 -57.0 -56.5 -56.5 -57.0 -55.5 -55.5 -54.5 -54.5 -54.5 -54.0 -54.5 -55.5 -55.0 -55.5 -55.0 -55.0 -54.5 -54.5 -54.0 
5.424156065963627 5.47937937432751 5.553010452146021 5.393476450205914 5.399612373357457 5.546874528994478 5.473243451175968 5.405748296509 5.368932757599744 5.3198453723874035 5.436427912266712 5.405748296509 5.344389064993574 5.246214294568893 5.307573526084319 5.399612373357457 5.356660911296659 5.712544454086128 6.007068765360171 5.730952223540755 5.473243451175968 5.577554144752192 5.301437602932776 5.197126909356553 5.086680292628786 5.141903600992669 5.2768939103266055 5.240078371417351 5.2768939103266055 5.442563835418255 5.663457068873787 5.681864838328415 6.080699843178682 5.491651220630596 5.522330836388308 5.47937937432751 5.368932757599744 5.338253141842031 5.203262832508095 5.325981295538946 5.301437602932776 5.178719139901925 
-62.5 -63.5 -63.0 -62.5 -63.0 -63.0 -63.5 -64.0 -64.0 -63.5 -63.5 -63.0 -63.5 -63.0 -63.5 -62.5 -62.0 -63.0 -61.0 -57.5 -60.0 -58.5 -60.0 -59.5 -61.0 -61.5 -61.0 -59.5 -59.5 -59.0 -58.5 -59.5 -59.5 -62.5 -60.5 -59.5 -60.5 -60.5 -60.5 -60.0 -60.0 -60.0 
6.129787228391022 6.215690152512618 6.074563920027139 6.154330920997192 6.17273869045182 5.927301764390117 6.277049384028044 6.14819499784565 6.14819499784565 0.05522330836388308 5.93343768754166 2.988194574801229 6.037748381117884 5.9518454569962875 5.5100589900852235 5.45483568172134 5.7616318392984684 5.301437602932776 3.5588354278946874 0.04908738521234052 5.632777453116074 6.135923151542564 5.921165841238575 5.896622148632405 6.080699843178682 6.013204688511713 5.976389149602458 6.043884304269426 5.583690067903734 5.792311455056181 2.0371264863121317 1.6935147898257479 1.6260196351587797 1.5953400194010667 4.97623367590102 4.853515212870168 
-69.0 -70.0 -71.5 -68.5 -71.0 -71.5 -71.5 -71.5 -71.5 -70.5 -70.5 -74.0 -72.0 -76.0 -70.5 -65.0 -61.0 -60.5 -74.0 -64.0 -63.0 -66.5 -63.5 -64.5 -64.5 -65.5 -65.0 -64.0 -63.5 -63.5 -67.0 -68.0 -67.5 -66.5 -64.5 -65.5 
