2.9206994201342606 2.791845033951867 2.9145634969827183 2.9022916506796332 2.804116880254952 2.84706834231575 2.816388726558037 2.8838838812250054 3.031146036862027 6.160466844148735 2.6445828783148455 3.1354567304382504 2.773437264497239 3.5833791205008576 2.9145634969827183 2.988194574801229 2.8286605728611223 3.141592653589793 3.472932503773092 3.3747577333484107 0.9081166264282996 4.049709280018092 3.650874275167826 3.1906800388021335 3.067961575771282 3.3747577333484107 3.313398501832985 2.988194574801229 3.06182565261974 3.3440781175906977 3.8410878928656453 3.2704470397721868 0.2638446955163303 3.2213596545598464 3.06182565261974 2.8532042654672924 2.5832236467994196 2.60776733940559 2.6384469551633027 2.5034566458293663 2.5709518004963345 
-61.5 -63.0 -62.5 -62.0 -63.0 -63.0 -63.0 -62.5 -63.0 -63.5 -63.0 -62.0 -63.0 -63.0 -63.0 -62.5 -63.5 -63.5 -65.5 -65.5 -69.5 -66.0 -66.0 -65.0 -67.5 -65.0 -63.5 -65.5 -66.5 -65.5 -63.0 -63.0 -64.0 -64.0 -64.5 -63.5 -64.5 -63.0 -62.5 -64.0 -63.0 
2.018718716857504 1.9512235621905356 1.932815792735908 1.8960002538266525 1.9634954084936207 2.0064468705544187 2.0371264863121317 1.859184714917397 1.9573594853420782 1.9144080232812801 2.018718716857504 1.4480778637640452 2.024854640009046 2.000310947402876 1.9266798695843652 1.9389517158874505 2.12916533358527 2.2886993355253766 2.423689644859313 2.736621725587984 3.1906800388021335 3.098641191528995 2.9943304979527716 2.429825568010856 2.736621725587984 2.736621725587984 2.6691265709210157 2.730485802436441 2.9513790358919736 2.9697868053466014 3.356349963893783 3.2581751934691017 2.5586799541932495 2.2212041808584084 2.055534255766759 2.000310947402876 2.0493983326152168 1.9082721001297376 2.0064468705544187 1.902136176978195 
-63.0 -63.0 -62.5 -63.5 -62.5 -63.0 -62.5 -63.5 -60.5 -62.0 -63.0 -62.0 -64.0 -63.0 -63.0 -62.5 -63.5 -63.5 -63.0 -66.5 -64.5 -62.5 -62.0 -62.5 -63.0 -62.5 -62.0 -62.5 -62.0 -63.5 -63.0 -64.0 -65.0 -64.5 -64.5 -65.0 -65.0 -65.0 -65.5 -65.5 
0.8958447801252144 0.7853981633974483 0.8651651643675016 0.8651651643675016 0.8528933180644165 0.8774370106705868 0.859029241215959 0.8774370106705868 0.9081166264282996 0.8344855486097889 0.8897088569736719 0.9265243958829272 0.9387962421860124 0.9142525495798421 0.9510680884890975 0.705631162427395 0.9940195505498954 1.141281706186917 0.9326603190344698 1.2701360923693108 1.4542137869155878 1.0799224746714913 0.9387962421860124 0.944932165337555 0.8651651643675016 0.859029241215959 0.8958447801252144 0.9142525495798421 0.8528933180644165 1.0062913968529805 0.9878836273983529 1.2210487071569704 1.2701360923693108 1.086058397823034 1.1228739367322893 0.8897088569736719 0.6504078540635119 0.5092816215780329 0.5767767762450011 0.5522330836388308 0.5522330836388308 0.5338253141842031 
-49.0 -48.5 -49.0 -48.5 -48.5 -48.5 -48.5 -48.5 -48.5 -48.5 -48.5 -49.0 -48.5 -48.5 -48.5 -49.0 -49.5 -52.0 -55.0 -57.0 -53.0 -52.0 -53.5 -54.0 -54.5 -54.5 -54.5 -54.5 -53.5 -53.0 -53.0 -52.0 -54.0 -53.0 -51.5 -50.5 -51.0 -51.5 -51.5 -51.0 -51.0 -51.0 
0.859029241215959 0.8406214717613314 0.8099418560036186 0.8283496254582462 0.803805932852076 0.803805932852076 0.8222137023067037 0.8406214717613314 0.8467573949128739 0.8283496254582462 0.8344855486097889 0.8651651643675016 0.8835729338221293 0.7976700097005334 0.8651651643675016 0.8528933180644165 0.8835729338221293 1.012427320004523 1.2333205534600555 1.5155730184310134 1.4971652489763858 1.2578642460662257 1.2762720155208536 1.3008157081270237 1.3069516312785663 1.282407938672396 1.2578642460662257 1.2333205534600555 1.2946797849754812 1.2087768608538851 1.2885438618239387 1.337631247036279 1.4480778637640452 1.368310862793992 1.2701360923693108 1.0185632431560658 0.8344855486097889 0.7547185476397354 0.8713010875190442 0.7853981633974483 0.7731263170943632 0.7853981633974483 
-52.0 -52.0 -52.0 -52.0 -51.5 -52.0 -51.5 -51.5 -52.0 -52.0 -51.5 -52.0 -51.5 -51.5 -51.5 -51.5 -51.5 -51.5 -53.0 -53.0 -50.5 -50.0 -51.0 -51.0 -51.0 -51.0 -51.0 -51.0 -51.0 -50.5 -50.5 -50.5 -52.0 -52.5 -52.5 -52.0 -53.0 -53.5 -53.5 -53.5 -54.0 -54.0 
1.1167380135807468 1.1474176293384597 1.043106935762236 1.0737865515199487 1.141281706186917 1.1290098598838318 1.1167380135807468 1.030835089459151 1.1044661672776617 1.1290098598838318 1.055378782065321 1.086058397823034 1.2517283229146832 1.1535535524900022 1.1780972450961724 1.3069516312785663 1.4603497100671303 1.9144080232812801 2.2886993355253766 2.2027964114037806 1.7671458676442586 1.748738098189631 1.6321555583103222 1.705786636128833 1.705786636128833 1.6321555583103222 1.5953400194010667 1.607611865704152 1.6260196351587797 1.5953400194010667 1.5707963267948966 1.7303303287350031 1.8407769454627694 2.030990563160589 1.932815792735908 1.5830681730979816 1.3744467859455345 1.4603497100671303 1.5585244804918115 1.41126232485479 1.5278448647340985 1.4787574795217582 
-57.5 -57.5 -57.5 -57.5 -58.0 -58.0 -58.0 -58.0 -58.0 -58.0 -58.0 -57.0 -58.0 -58.0 -58.0 -58.0 -58.5 -59.0 -58.5 -52.5 -51.0 -53.0 -53.0 -54.5 -53.5 -54.0 -53.5 -53.5 -53.0 -54.0 -52.0 -52.0 -51.0 -53.5 -54.0 -57.5 -59.0 -60.5 -60.5 -59.0 -59.0 -59.0 
1.552388557340269 1.564660403643354 1.576932249946439 1.5462526341887264 1.5278448647340985 1.533980787885641 1.533980787885641 1.564660403643354 1.4848934026733007 1.5462526341887264 1.5401167110371838 1.5401167110371838 1.5462526341887264 1.533980787885641 1.5585244804918115 1.4664856332186729 1.521708941582556 1.6812429435226628 2.024854640009046 2.086213871524472 1.902136176978195 2.0493983326152168 2.086213871524472 2.0064468705544187 2.030990563160589 2.067806102069844 2.043262409463674 2.0493983326152168 2.018718716857504 1.9082721001297376 1.9941750242513334 1.945087639038993 1.9573594853420782 2.055534255766759 2.073942025221387 1.8285050991596843 1.5585244804918115 1.552388557340269 1.6996507129772904 1.6444274046134073 1.6689710972195777 1.6321555583103222 
-55.0 -55.5 -56.0 -55.5 -55.5 -55.0 -55.0 -55.5 -54.5 -55.5 -55.0 -55.0 -55.0 -55.0 -55.5 -55.5 -55.5 -56.0 -55.5 -53.5 -55.0 -56.5 -56.5 -56.0 -57.5 -56.0 -55.5 -56.0 -57.0 -57.0 -55.5 -54.5 -54.0 -53.5 -54.0 -56.0 -58.0 -58.5 -57.5 -58.0 -58.0 -57.5 
5.252350217720435 5.240078371417351 5.227806525114265 5.264622064023521 5.2768939103266055 5.2768939103266055 5.154175447295755 5.240078371417351 5.2768939103266055 5.246214294568893 5.295301679781233 5.252350217720435 5.2768939103266055 5.270757987175063 5.264622064023521 5.313709449235861 5.45483568172134 5.638913376267617 6.129787228391022 5.994796919057086 5.491651220630596 5.6941366846315 5.418020142812084 5.497787143782138 5.203262832508095 5.387340527054372 5.375068680751287 5.307573526084319 5.184855063053467 5.497787143782138 5.50392306693368 5.64504929941916 5.583690067903734 5.816855147662351 5.460971604872882 5.325981295538946 5.283029833478148 5.448699758569798 5.418020142812084 5.460971604872882 5.45483568172134 5.442563835418255 
-61.0 -60.5 -60.5 -61.0 -61.0 -60.5 -61.0 -61.5 -61.0 -60.0 -61.0 -61.0 -59.5 -61.0 -59.5 -60.5 -60.5 -61.5 -61.0 -58.0 -59.0 -58.5 -59.5 -60.0 -61.0 -61.5 -61.0 -62.0 -60.5 -60.0 -58.5 -59.0 -58.5 -60.5 -62.0 -61.0 -61.5 -61.5 -61.5 -61.5 -62.0 -61.5 
4.608078286808466 4.6448938257177215 4.773748211900116 4.589670517353839 4.718524903536232 4.558990901596125 4.669437518323892 4.724660826687775 4.681709364626977 4.417864669110647 4.571262747899211 4.516039439535327 4.583534594202296 4.71238898038469 4.601942363656923 5.086680292628786 5.270757987175063 5.982525072754001 5.442563835418255 5.994796919057086 5.681864838328415 6.019340611663256 5.767767762450011 6.105243535784852 5.872078456026235 6.2034183062095325 5.964117303299373 6.12365130523948 2.2641556429192065 5.534602682691394 5.681864838328415 5.448699758569798 5.270757987175063 2.8532042654672924 5.841398840268521 
-67.0 -66.0 -65.5 -65.0 -65.5 -66.5 -64.0 -65.5 -63.5 -66.5 -65.5 -65.5 -66.0 -64.5 -64.0 -69.0 -66.0 -65.5 -61.5 -64.5 -66.5 -64.0 -64.0 -64.5 -63.5 -64.5 -66.5 -66.0 -66.5 -62.5 -61.5 -62.0 -67.0 -74.0 -73.0 
