0.04908738521234052 3.2090878082567613 6.270913460876501 3.160000423044421 0.02454369260617026 2.9759227284981438 3.1231848841351653 2.8716120349219203 3.215223731408304 0.11658253987930872 0.6013204688511713 3.509748042682347 3.3502140407422405 2.8961557275280905 2.4175537217077703 2.497320722677824 6.154330920997192 3.0495538063166547 5.8475347634200645 2.6261751088602177 2.36846633649543 2.448233337465483 2.7550294950426117 3.0066023442558567 3.160000423044421 6.166602767300278 3.0925052683774528 
-68.5 -66.5 -68.5 -66.5 -69.0 -66.5 -69.0 -69.5 -68.0 -70.0 -71.0 -63.0 -61.5 -63.5 -64.5 -68.0 -71.0 -69.5 -70.0 -68.0 -67.0 -66.5 -66.0 -65.5 -66.0 -70.5 -70.0 
1.552388557340269 1.533980787885641 1.4480778637640452 1.5830681730979816 1.4726215563702154 1.6137477888556946 1.7794177139473437 1.5155730184310134 1.6198837120072371 1.7855536370988863 1.4971652489763858 1.6566992509164924 1.4910293258248433 1.5892040962495242 1.5462526341887264 1.368310862793992 1.4603497100671303 1.043106935762236 1.4296700943094176 1.325359400733194 1.3621749396424494 4.595806440505381 1.6505633277649499 3.117048960983623 2.411417798556228 2.141437179888355 1.8223691760081417 1.7732817907958012 1.8223691760081417 2.030990563160589 1.9389517158874505 1.748738098189631 2.012582793705961 5.289165756629691 2.012582793705961 1.932815792735908 1.2026409377023426 4.368777283898306 1.0737865515199487 1.1596894756415448 1.3069516312785663 1.4664856332186729 1.5033011721279284 1.4664856332186729 1.5953400194010667 1.4910293258248433 
-63.5 -63.0 -63.5 -64.0 -64.5 -63.5 -64.0 -64.0 -63.5 -64.0 -63.5 -63.5 -64.0 -64.5 -63.5 -64.0 -64.5 -64.5 -63.5 -66.0 -67.0 -71.0 -69.5 -65.0 -63.5 -62.0 -61.5 -62.0 -60.5 -60.0 -60.5 -61.5 -61.5 -64.5 -63.5 -62.5 -62.0 -62.5 -62.0 -62.5 -60.5 -60.5 -60.5 -60.5 -61.5 -60.5 
0.944932165337555 0.9694758579437253 0.9081166264282996 0.8897088569736719 0.9142525495798421 0.8835729338221293 0.9265243958829272 0.9081166264282996 0.9203884727313847 0.9510680884890975 0.9142525495798421 0.9387962421860124 0.9019807032767571 0.9081166264282996 0.9326603190344698 0.9142525495798421 0.9510680884890975 0.9081166264282996 0.9081166264282996 3.9638063558964967 0.7976700097005334 0.9265243958829272 1.0185632431560658 1.1167380135807468 1.1719613219446299 1.1658253987930873 1.055378782065321 1.000155473701438 1.0615147052168636 1.030835089459151 1.0185632431560658 1.012427320004523 1.1106020904292042 1.3130875544301088 1.2578642460662257 1.0799224746714913 0.9756117810952678 1.012427320004523 1.0799224746714913 1.0676506283684062 1.1167380135807468 1.1167380135807468 1.1658253987930873 1.1596894756415448 1.1658253987930873 1.1658253987930873 
-49.0 -49.0 -49.0 -49.0 -49.0 -49.0 -49.0 -49.0 -49.0 -49.0 -49.0 -49.0 -49.0 -49.5 -49.0 -49.5 -49.5 -49.5 -49.0 -49.5 -49.5 -50.0 -50.5 -51.0 -50.5 -51.0 -51.0 -51.5 -52.5 -52.5 -53.0 -53.0 -52.5 -52.0 -53.0 -53.0 -51.5 -50.0 -49.5 -49.5 -48.5 -48.5 -49.0 -49.5 -49.5 -49.5 
1.0921943209745766 1.0921943209745766 1.0246991663076084 1.0369710126106935 1.0492428589137786 1.012427320004523 1.055378782065321 1.012427320004523 1.0492428589137786 1.0615147052168636 1.012427320004523 1.0246991663076084 0.9756117810952678 1.030835089459151 1.0369710126106935 1.043106935762236 1.0492428589137786 0.9878836273983529 0.9510680884890975 0.8620972027917303 0.9265243958829272 1.1106020904292042 1.1719613219446299 1.1719613219446299 1.4173982480063325 1.4173982480063325 1.4787574795217582 1.4603497100671303 1.423534171157875 1.4542137869155878 1.4848934026733007 1.521708941582556 1.4542137869155878 1.4726215563702154 1.533980787885641 1.3928545554001621 1.4173982480063325 1.3621749396424494 1.2026409377023426 1.1167380135807468 1.030835089459151 1.043106935762236 1.1167380135807468 1.184233168247715 1.1658253987930873 1.141281706186917 
-50.5 -50.5 -50.5 -50.0 -50.5 -50.0 -50.5 -50.5 -50.5 -50.5 -50.0 -50.5 -50.0 -50.0 -50.0 -50.0 -50.0 -50.5 -51.0 -52.5 -52.5 -51.5 -50.5 -51.5 -50.5 -51.0 -51.0 -51.0 -51.0 -51.0 -52.0 -51.5 -52.0 -51.0 -51.0 -52.0 -52.0 -52.0 -52.0 -52.0 -51.0 -50.5 -50.5 -50.0 -50.0 -50.0 
1.2578642460662257 1.2640001692177683 1.214912784005428 1.2762720155208536 1.184233168247715 1.227184630308513 1.239456476611598 1.239456476611598 1.1965050145508 1.2026409377023426 1.2087768608538851 1.2087768608538851 1.1658253987930873 1.1903690913992575 1.1351457830353744 1.1596894756415448 1.1596894756415448 1.214912784005428 1.0921943209745766 4.2031073588066565 1.3069516312785663 1.662835174068035 1.6996507129772904 1.6260196351587797 1.6873788666742053 1.761009944492716 1.9144080232812801 1.9819031779482483 1.9880391010997909 2.0493983326152168 2.086213871524472 2.116893487282185 2.067806102069844 1.945087639038993 1.8837284075235674 2.000310947402876 2.043262409463674 2.012582793705961 1.9082721001297376 1.6812429435226628 1.3989904785517047 1.41126232485479 1.4603497100671303 1.4971652489763858 1.4787574795217582 1.5278448647340985 
-49.5 -49.5 -49.5 -49.5 -49.5 -50.0 -49.5 -49.5 -49.5 -49.5 -49.5 -49.5 -49.5 -49.5 -49.0 -49.0 -49.0 -49.5 -49.5 -52.0 -52.0 -49.0 -48.0 -48.5 -49.0 -49.0 -50.5 -49.5 -49.0 -49.5 -50.5 -51.5 -51.5 -51.0 -48.5 -47.5 -48.5 -49.5 -50.5 -52.0 -51.5 -50.5 -50.0 -49.5 -49.5 -49.5 
1.7303303287350031 1.7119225592803755 1.6751070203711202 1.718058482431918 1.6321555583103222 1.6812429435226628 1.6873788666742053 1.718058482431918 1.6751070203711202 1.7303303287350031 1.6198837120072371 1.6444274046134073 1.6198837120072371 1.6014759425526093 1.6014759425526093 1.6444274046134073 1.6505633277649499 1.6505633277649499 1.5585244804918115 1.5830681730979816 1.576932249946439 1.9696313316451632 2.030990563160589 2.184388641949153 2.1966604882522383 2.184388641949153 2.2212041808584084 2.313243028131547 2.356194490192345 2.356194490192345 2.448233337465483 2.405281875404685 2.399145952253143 2.386874105950058 2.2948352586769194 2.2089323345553233 2.386874105950058 2.405281875404685 2.282563412373834 1.9144080232812801 1.7303303287350031 1.8100973297050567 1.8653206380689396 1.9205439464328227 1.88986433067511 1.8960002538266525 
-51.5 -51.5 -51.0 -51.5 -51.5 -51.5 -51.5 -51.5 -51.5 -51.5 -51.5 -51.5 -51.5 -51.5 -51.0 -51.0 -51.0 -51.0 -51.5 -53.5 -54.0 -52.0 -51.5 -52.5 -52.0 -51.0 -51.0 -52.0 -52.0 -52.5 -53.0 -52.5 -52.0 -52.5 -53.5 -51.0 -51.0 -52.5 -55.0 -55.5 -53.5 -52.0 -50.5 -50.0 -50.0 -49.5 
5.080544369477243 5.270757987175063 4.970097752749477 4.902602598082509 4.743068596142402 5.031456984264903 5.368932757599744 5.019185137961818 4.76147636559703 4.902602598082509 4.755340442445488 5.209398755659637 5.013049214810275 4.871922982324796 4.749204519293945 4.914874444385594 4.442408361716817 4.88112686705211 5.878214379177777 6.007068765360171 5.957981380147831 5.424156065963627 5.712544454086128 5.602097837358362 5.964117303299373 5.9518454569962875 5.792311455056181 5.816855147662351 6.031612457966341 6.056156150572511 5.976389149602458 6.252505691421874 5.485515297479052 5.5284667595398505 6.227961998815704 0.03681553890925539 6.037748381117884 5.957981380147831 5.3627968344482015 5.043728830567988 4.95168998329485 4.914874444385594 5.129631754689584 
-63.0 -63.0 -64.0 -63.5 -63.5 -63.0 -63.5 -63.5 -63.5 -64.5 -63.5 -63.5 -62.5 -61.5 -62.0 -63.0 -64.0 -68.0 -61.5 -58.5 -55.5 -58.5 -58.0 -59.0 -58.0 -57.5 -59.0 -59.5 -59.0 -58.5 -59.5 -59.5 -60.5 -56.5 -57.0 -57.0 -58.5 -60.5 -65.5 -66.5 -64.0 -64.0 -64.0 
5.246214294568893 5.086680292628786 5.227806525114265 4.878058905476339 5.166447293598839 4.994641445355648 5.2339424482658075 5.148039524144211 4.92714629068868 5.086680292628786 4.921010367537137 5.197126909356553 5.148039524144211 5.246214294568893 5.148039524144211 5.062136600022616 5.105088062083414 5.197126909356553 5.258486140871978 2.184388641949153 6.037748381117884 5.8045833013592665 5.822991070813893 0.3190680038802134 6.154330920997192 5.945709533844745 0.4724660826687775 6.277049384028044 6.154330920997192 6.086835766330224 0.09203884727313846 0.5829126993965437 0.3988350048502667 6.013204688511713 5.829126993965437 6.17273869045182 0.04295146206079795 4.92714629068868 5.313709449235861 5.418020142812084 5.307573526084319 5.344389064993574 
-63.0 -63.5 -65.0 -64.5 -65.5 -64.0 -63.5 -64.5 -63.5 -64.0 -64.0 -63.5 -63.0 -62.5 -63.0 -61.5 -62.0 -61.0 -64.0 -68.0 -64.5 -60.0 -60.5 -64.0 -60.5 -63.5 -66.0 -61.0 -62.0 -61.5 -63.0 -64.0 -70.5 -66.5 -62.0 -62.0 -65.5 -66.5 -63.0 -62.0 -61.0 -61.5 
