2.9820586516496865 3.0066023442558567 2.9084275738311756 3.018874190558942 2.859340188618835 2.9329712664373457 2.8961557275280905 2.834796496012665 2.8838838812250054 2.8532042654672924 2.859340188618835 3.2213596545598464 2.945243112740431 3.0127382674073995 2.945243112740431 3.3072625786814425 3.822680123411018 3.9392626632903265 3.172272269347506 4.295146206079795 4.289010282928253 3.773592738198677 3.5281558121369745 3.522019888985432 0.4663301595172349 3.5772431973493153 3.663146121470911 3.479068426924634 3.9760782021995817 3.9638063558964967 3.6140587362585705 3.6754179677739964 3.436116964863836 4.123340357836604 4.172427743048944 3.6386024288647407 3.172272269347506 3.411573272257666 3.1906800388021335 3.7551849687440497 3.54042765844006 
-63.5 -64.0 -63.5 -64.0 -64.0 -63.5 -64.0 -63.5 -63.5 -63.0 -63.5 -64.0 -63.5 -64.5 -64.5 -64.5 -66.0 -65.5 -66.5 -69.5 -68.0 -64.5 -64.5 -65.0 -65.5 -65.5 -65.0 -66.0 -67.0 -69.0 -67.5 -65.5 -64.5 -65.0 -66.0 -65.0 -64.0 -65.5 -66.0 -67.0 -67.5 
2.110757564130642 2.073942025221387 2.0371264863121317 1.9941750242513334 2.0371264863121317 2.0923497946760143 2.0800779483729293 2.018718716857504 2.018718716857504 2.141437179888355 2.043262409463674 1.9941750242513334 1.9819031779482483 2.0064468705544187 2.043262409463674 1.8775924843720249 2.227340104009951 2.2641556429192065 2.478912953223196 2.5341362615870793 2.6568547246179306 6.270913460876501 3.399301425954581 3.160000423044421 3.0495538063166547 2.9022916506796332 3.000466421104314 2.9636508821950587 2.84706834231575 2.7979809571034093 2.9268353432858034 3.0802334220743677 2.5157284921324514 2.4605051837685683 2.024854640009046 2.067806102069844 2.0064468705544187 1.718058482431918 2.043262409463674 1.8837284075235674 1.8837284075235674 1.7978254834019713 1.8530487917658545 1.9819031779482483 
-63.5 -63.5 -63.5 -63.5 -64.5 -63.5 -63.5 -63.0 -63.5 -64.0 -63.5 -62.5 -63.5 -62.0 -63.0 -62.0 -63.0 -62.5 -62.0 -64.5 -66.0 -66.5 -63.5 -63.0 -63.0 -63.0 -62.5 -63.0 -62.0 -63.5 -64.0 -67.0 -66.0 -65.0 -62.5 -61.0 -61.0 -61.0 -62.0 -61.5 -60.0 -61.5 -62.0 -61.5 
0.859029241215959 0.7731263170943632 0.8651651643675016 0.8406214717613314 0.859029241215959 0.8406214717613314 0.8651651643675016 0.8222137023067037 0.7669903939428205 0.8160777791551611 0.803805932852076 0.8160777791551611 0.7179030087304801 0.7669903939428205 0.7731263170943632 0.9081166264282996 1.0921943209745766 1.0185632431560658 0.8344855486097889 1.2762720155208536 1.4603497100671303 1.214912784005428 0.9940195505498954 0.9265243958829272 0.8835729338221293 0.9081166264282996 0.9019807032767571 0.9940195505498954 0.9817477042468103 1.0185632431560658 1.1044661672776617 1.1535535524900022 1.325359400733194 1.325359400733194 1.1228739367322893 1.337631247036279 1.4480778637640452 1.3314953238847365 1.2455923997631406 1.1290098598838318 1.1965050145508 1.2026409377023426 1.2087768608538851 1.1903690913992575 
-49.5 -50.0 -49.5 -49.5 -50.0 -49.5 -50.0 -50.0 -50.0 -50.0 -50.0 -50.0 -50.0 -50.5 -50.0 -50.5 -51.5 -53.0 -54.5 -55.0 -54.5 -51.5 -52.5 -53.0 -53.5 -53.5 -53.5 -53.5 -53.0 -52.0 -52.5 -53.0 -53.5 -54.5 -53.0 -51.5 -50.5 -48.5 -48.5 -49.0 -49.0 -49.0 -49.0 -49.0 
0.8467573949128739 0.8406214717613314 0.8344855486097889 0.8406214717613314 0.8222137023067037 0.7669903939428205 0.8160777791551611 0.7792622402459057 0.8467573949128739 0.8283496254582462 0.803805932852076 0.8160777791551611 0.7915340865489908 0.7915340865489908 0.7853981633974483 0.803805932852076 0.8651651643675016 1.0676506283684062 1.325359400733194 1.533980787885641 1.4848934026733007 1.3621749396424494 1.2885438618239387 1.227184630308513 1.3192234775816514 1.3560390164909069 1.3130875544301088 1.3621749396424494 1.3130875544301088 1.325359400733194 1.368310862793992 1.4173982480063325 1.4542137869155878 1.5892040962495242 1.3437671701878218 1.0799224746714913 1.0062913968529805 1.012427320004523 1.012427320004523 0.9387962421860124 0.9081166264282996 0.9510680884890975 0.944932165337555 1.0062913968529805 
-52.5 -52.0 -52.5 -52.0 -52.0 -52.0 -52.0 -52.0 -52.0 -52.5 -52.5 -52.5 -52.5 -52.5 -52.5 -51.5 -51.0 -51.5 -53.0 -52.5 -51.0 -50.5 -50.0 -50.5 -51.0 -51.0 -51.0 -51.0 -51.0 -51.0 -50.5 -51.0 -51.5 -53.0 -53.5 -52.5 -51.5 -51.0 -51.5 -51.5 -52.0 -52.0 -52.0 -51.5 
1.141281706186917 1.1167380135807468 1.1351457830353744 1.1535535524900022 1.1596894756415448 1.1658253987930873 1.1474176293384597 1.1474176293384597 1.227184630308513 1.1044661672776617 1.0983302441261191 1.1351457830353744 1.1719613219446299 1.1228739367322893 0.7915340865489908 1.4358060174609601 1.7548740213411735 2.018718716857504 2.0493983326152168 1.902136176978195 1.761009944492716 1.6382914814618648 1.564660403643354 1.6751070203711202 1.6996507129772904 1.6689710972195777 1.705786636128833 1.6935147898257479 1.7303303287350031 1.8039614065535141 1.7548740213411735 1.761009944492716 1.9082721001297376 2.073942025221387 2.1475731030398975 1.9144080232812801 1.6812429435226628 1.4480778637640452 1.239456476611598 1.1658253987930873 1.141281706186917 0.9940195505498954 1.2210487071569704 1.2517283229146832 
-58.0 -58.5 -58.0 -58.0 -58.5 -58.0 -58.0 -57.5 -58.0 -58.0 -58.5 -58.5 -58.5 -58.0 -58.5 -58.5 -56.5 -55.5 -54.5 -50.5 -50.0 -51.0 -52.0 -53.0 -52.5 -52.5 -52.0 -52.0 -51.5 -53.0 -53.0 -52.0 -52.5 -52.0 -56.0 -55.5 -55.5 -55.5 -56.0 -57.0 -56.5 -56.0 -56.5 -55.5 
1.533980787885641 1.5707963267948966 1.5707963267948966 1.5892040962495242 1.4787574795217582 1.5707963267948966 1.552388557340269 1.5830681730979816 1.5707963267948966 1.5707963267948966 1.3192234775816514 1.5707963267948966 1.4971652489763858 1.533980787885641 1.5892040962495242 1.521708941582556 1.6505633277649499 1.9941750242513334 2.172116795646068 1.9880391010997909 1.8775924843720249 1.8775924843720249 1.9634954084936207 2.0371264863121317 2.0923497946760143 2.055534255766759 2.0064468705544187 2.067806102069844 2.0800779483729293 2.043262409463674 2.043262409463674 2.061670178918302 2.116893487282185 2.0800779483729293 2.2150682577068657 2.141437179888355 1.9512235621905356 1.6505633277649499 1.533980787885641 1.607611865704152 1.576932249946439 1.5462526341887264 1.6260196351587797 1.5953400194010667 
-55.5 -55.5 -55.5 -55.5 -56.0 -56.0 -56.0 -56.5 -55.5 -56.0 -56.0 -56.0 -56.0 -56.0 -56.5 -56.5 -56.0 -54.5 -53.5 -52.0 -53.5 -55.0 -56.0 -55.0 -56.0 -56.0 -55.5 -55.5 -56.0 -56.0 -55.5 -55.0 -55.0 -54.5 -55.0 -55.0 -55.0 -54.5 -54.5 -55.0 -55.0 -54.0 -54.5 -54.0 
5.338253141842031 5.368932757599744 5.442563835418255 5.485515297479052 5.460971604872882 5.424156065963627 5.356660911296659 5.399612373357457 5.424156065963627 5.350524988145116 5.356660911296659 5.332117218690489 5.338253141842031 5.270757987175063 5.43029198911517 5.626641529964532 5.6143696836614465 5.589825991055276 5.822991070813893 5.638913376267617 5.485515297479052 5.325981295538946 5.387340527054372 5.43029198911517 5.258486140871978 5.080544369477243 5.148039524144211 5.141903600992669 5.246214294568893 5.350524988145116 5.411884219660542 5.559146375297564 5.712544454086128 5.6573211457222445 5.964117303299373 5.6573211457222445 5.6143696836614465 5.47937937432751 5.338253141842031 5.313709449235861 5.148039524144211 5.184855063053467 5.21553467881118 5.190990986205009 
-62.0 -61.5 -62.0 -62.0 -61.5 -61.5 -62.0 -62.0 -61.5 -61.0 -62.0 -61.5 -62.0 -61.5 -61.5 -60.0 -60.5 -61.5 -59.5 -57.0 -58.0 -58.0 -60.0 -58.5 -59.5 -60.0 -60.5 -60.0 -59.5 -59.5 -59.0 -58.0 -58.5 -57.5 -57.5 -58.5 -58.5 -59.0 -60.0 -61.5 -61.5 -62.0 -61.5 -61.5 
4.908738521234052 1.7548740213411735 1.8100973297050567 4.95168998329485 1.7426021750380885 1.846912868614312 4.988505522204105 1.8223691760081417 1.8837284075235674 1.902136176978195 5.730952223540755 5.902758071783947 5.497787143782138 5.516194913236766 5.939573610693203 5.896622148632405 5.915029918087033 5.773903685601553 5.663457068873787 5.565282298449106 5.798447378207723 5.798447378207723 5.6941366846315 5.841398840268521 6.019340611663256 2.1230294104337273 5.442563835418255 5.8045833013592665 5.45483568172134 5.2768939103266055 4.8351074434155406 4.577398671050753 4.509903516383785 4.804427827657828 4.638757902566179 4.663301595172349 4.528311285838413 
-67.0 -70.5 -69.5 -69.5 -70.5 -70.5 -66.0 -70.5 -70.5 -71.5 -64.0 -61.5 -61.5 -65.0 -67.5 -65.5 -65.5 -64.0 -64.0 -64.5 -64.5 -64.5 -65.5 -66.5 -68.0 -66.5 -64.0 -63.5 -62.0 -63.5 -63.5 -63.0 -63.0 -64.0 -64.5 -65.0 -63.5 
