3.147728576741336 3.2029518851052186 0.28225246497095796 3.2949907323783574 0.4049709280018093 4.331961744989051 4.1417481272912315 4.172427743048944 4.289010282928253 4.73693267299086 4.8351074434155406 4.718524903536232 4.442408361716817 4.264466590322082 3.816544200259475 3.6140587362585705 4.270602513473625 4.049709280018092 3.9147189706841563 3.9147189706841563 3.7122335066832517 3.9085830475326135 4.276738436625168 4.276738436625168 3.9269908169872414 4.0128937411088375 4.147884050442774 4.3503695144436785 0.380427235395639 3.3011266555298997 2.7979809571034093 3.2090878082567613 3.2336315008629315 3.448388811166921 3.3011266555298997 3.356349963893783 3.3624858870453256 
-66.5 -67.0 -68.0 -65.0 -69.0 -69.0 -67.0 -67.0 -67.0 -68.0 -67.0 -65.0 -63.5 -63.5 -67.0 -71.0 -70.0 -67.5 -68.5 -69.0 -69.5 -66.5 -68.0 -70.0 -66.5 -63.5 -64.5 -65.0 -67.0 -66.0 -65.5 -65.5 -66.0 -67.0 -66.5 -66.0 -64.5 
1.9144080232812801 1.8960002538266525 1.9389517158874505 1.8653206380689396 1.8285050991596843 1.859184714917397 1.8100973297050567 1.9941750242513334 1.859184714917397 1.9819031779482483 2.012582793705961 2.2150682577068657 2.12916533358527 2.116893487282185 2.0493983326152168 2.2150682577068657 2.12916533358527 2.2212041808584084 2.0923497946760143 2.386874105950058 2.497320722677824 3.031146036862027 2.988194574801229 2.9329712664373457 2.8716120349219203 2.9145634969827183 2.779573187648782 3.000466421104314 2.5157284921324514 2.030990563160589 1.9082721001297376 1.7548740213411735 1.8714565612204823 1.859184714917397 1.902136176978195 1.9573594853420782 1.8223691760081417 1.846912868614312 1.9389517158874505 1.9389517158874505 1.932815792735908 1.6321555583103222 2.1353012567368124 
-60.5 -61.5 -62.0 -61.0 -60.5 -62.0 -62.5 -62.5 -62.5 -62.0 -62.5 -61.5 -62.0 -61.5 -62.0 -60.5 -60.5 -61.0 -62.0 -64.0 -66.0 -66.5 -65.0 -62.5 -64.0 -64.5 -63.5 -66.0 -65.0 -63.5 -62.0 -60.5 -61.0 -62.0 -62.0 -62.5 -62.5 -62.5 -62.0 -62.0 -62.0 -61.0 -61.0 
1.1965050145508 1.1658253987930873 1.1719613219446299 1.1780972450961724 1.1658253987930873 1.1167380135807468 1.1106020904292042 1.0921943209745766 1.043106935762236 1.1474176293384597 1.1965050145508 1.2333205534600555 1.2455923997631406 1.2701360923693108 1.3437671701878218 1.368310862793992 1.282407938672396 1.1106020904292042 1.1106020904292042 1.3008157081270237 1.2762720155208536 1.086058397823034 1.0676506283684062 1.1106020904292042 1.0492428589137786 1.0737865515199487 1.1351457830353744 1.1228739367322893 1.1106020904292042 1.2517283229146832 1.1474176293384597 1.1535535524900022 1.282407938672396 1.2026409377023426 1.0615147052168636 0.8897088569736719 0.9265243958829272 0.8835729338221293 0.9756117810952678 1.000155473701438 1.030835089459151 1.0799224746714913 1.1474176293384597 
-49.5 -49.0 -49.5 -49.0 -49.0 -49.0 -49.0 -49.5 -50.0 -50.0 -50.0 -50.0 -50.0 -50.0 -50.5 -52.5 -52.5 -51.5 -52.5 -54.5 -53.0 -52.5 -52.5 -52.0 -51.5 -51.5 -51.0 -52.0 -52.0 -53.5 -53.0 -51.0 -50.5 -49.5 -49.0 -48.5 -50.0 -49.0 -49.0 -49.0 -49.0 -49.0 -49.0 
0.944932165337555 0.9572040116406401 0.9756117810952678 1.043106935762236 1.0492428589137786 0.9817477042468103 0.9265243958829272 0.9572040116406401 0.944932165337555 0.9633399347921826 0.9572040116406401 1.0062913968529805 1.012427320004523 1.0246991663076084 1.012427320004523 1.0983302441261191 1.055378782065321 1.0921943209745766 1.3130875544301088 1.5155730184310134 1.4358060174609601 1.4296700943094176 1.3928545554001621 1.4296700943094176 1.3437671701878218 1.2946797849754812 1.3008157081270237 1.3867186322486196 1.2701360923693108 1.4419419406125027 1.3744467859455345 1.184233168247715 1.0676506283684062 1.0185632431560658 0.8651651643675016 0.8774370106705868 0.9265243958829272 0.6504078540635119 0.9326603190344698 0.9387962421860124 0.9878836273983529 0.9940195505498954 0.9940195505498954 
-51.5 -51.5 -51.0 -51.0 -51.5 -51.5 -52.0 -51.0 -51.0 -51.0 -51.0 -51.0 -51.0 -51.0 -51.0 -50.5 -51.5 -52.5 -53.0 -52.5 -51.5 -51.5 -51.0 -51.5 -51.5 -51.0 -51.0 -51.5 -51.0 -51.0 -53.0 -52.5 -52.0 -52.0 -51.5 -51.5 -52.0 -52.0 -51.5 -51.0 -51.0 -50.0 -50.0 
1.2517283229146832 1.2517283229146832 1.2885438618239387 1.239456476611598 1.3008157081270237 1.2701360923693108 1.1351457830353744 1.184233168247715 1.2946797849754812 1.337631247036279 1.2701360923693108 1.4296700943094176 1.4664856332186729 1.4787574795217582 1.533980787885641 1.7303303287350031 1.8162332528565992 1.8775924843720249 2.030990563160589 1.9082721001297376 1.932815792735908 1.7978254834019713 1.8100973297050567 1.846912868614312 1.7916895602504288 1.6873788666742053 1.7119225592803755 1.6996507129772904 1.7855536370988863 1.8223691760081417 2.000310947402876 1.9880391010997909 1.932815792735908 1.4848934026733007 1.2640001692177683 1.0369710126106935 0.9387962421860124 0.9510680884890975 1.0246991663076084 1.0062913968529805 1.055378782065321 0.8651651643675016 0.760854470791278 
-55.0 -55.0 -55.0 -54.5 -54.5 -55.0 -55.0 -55.5 -56.0 -55.5 -55.5 -55.0 -55.5 -55.5 -55.5 -54.5 -54.5 -56.0 -53.0 -51.0 -51.5 -52.0 -52.5 -51.5 -51.5 -51.0 -51.0 -50.5 -51.0 -51.5 -52.0 -55.0 -54.0 -55.5 -55.5 -56.5 -58.5 -57.5 -56.5 -56.5 -56.0 -55.5 -55.5 
1.6935147898257479 1.6505633277649499 1.662835174068035 1.7548740213411735 1.6198837120072371 1.5707963267948966 1.5462526341887264 1.5401167110371838 1.533980787885641 1.5892040962495242 1.6935147898257479 1.718058482431918 1.7426021750380885 1.748738098189631 1.7916895602504288 1.9512235621905356 2.0064468705544187 2.1905245651006955 2.1046216409791 2.0493983326152168 2.067806102069844 2.12916533358527 2.12916533358527 2.061670178918302 2.0493983326152168 2.0064468705544187 1.9634954084936207 2.024854640009046 2.024854640009046 2.018718716857504 1.9757672547967058 2.1598449493429825 2.141437179888355 1.8223691760081417 1.6505633277649499 1.4971652489763858 1.552388557340269 1.5707963267948966 1.509437095279471 1.576932249946439 1.5892040962495242 1.6444274046134073 1.6689710972195777 
-54.0 -54.0 -54.0 -54.0 -53.5 -54.5 -54.0 -54.5 -55.0 -55.0 -55.0 -55.0 -54.5 -54.5 -54.5 -54.5 -55.5 -55.0 -53.5 -53.5 -55.0 -56.0 -55.0 -55.0 -54.5 -54.5 -54.5 -55.0 -55.0 -55.0 -54.0 -55.0 -55.0 -55.0 -54.5 -54.5 -55.0 -54.5 -54.5 -54.0 -54.0 -54.0 -53.5 
5.1725832167503825 5.227806525114265 5.148039524144211 5.135767677841127 5.154175447295755 5.178719139901925 5.424156065963627 5.3627968344482015 5.411884219660542 5.516194913236766 5.5100589900852235 5.5100589900852235 5.45483568172134 5.448699758569798 5.577554144752192 5.6143696836614465 5.663457068873787 5.915029918087033 5.632777453116074 5.595961914206819 5.6143696836614465 5.534602682691394 5.5714182216006485 5.301437602932776 5.240078371417351 5.1725832167503825 5.21553467881118 5.4671075280244255 5.50392306693368 5.516194913236766 5.516194913236766 5.896622148632405 5.724816300389213 5.534602682691394 5.387340527054372 5.301437602932776 5.3198453723874035 5.154175447295755 5.190990986205009 5.148039524144211 5.043728830567988 5.135767677841127 5.227806525114265 
-60.5 -60.0 -61.5 -61.0 -60.5 -60.0 -61.0 -61.0 -60.5 -61.0 -61.0 -60.5 -61.0 -60.5 -60.5 -60.0 -61.0 -58.5 -57.5 -58.0 -57.5 -58.5 -58.0 -58.0 -58.5 -58.0 -57.0 -57.5 -57.5 -58.0 -57.5 -57.5 -59.5 -60.0 -60.0 -60.5 -62.0 -61.5 -60.5 -61.0 -60.5 -60.5 -61.5 
4.804427827657828 4.859651136021712 4.798291904506286 4.822835597112456 4.620350133111551 4.81056375080937 4.558990901596125 4.700117134081604 4.73693267299086 4.828971520263998 5.092816215780329 5.313709449235861 5.350524988145116 5.5714182216006485 5.822991070813893 5.325981295538946 5.313709449235861 5.737088146692298 5.651185222570702 5.638913376267617 5.559146375297564 5.589825991055276 5.706408530934585 5.890486225480862 6.0991076126333095 5.491651220630596 5.448699758569798 5.724816300389213 5.730952223540755 5.3198453723874035 4.491495746929157 4.516039439535327 4.822835597112456 5.743224069843841 4.8351074434155406 4.700117134081604 4.516039439535327 4.994641445355648 4.571262747899211 
-62.5 -62.0 -62.5 -65.0 -65.0 -63.5 -64.5 -67.5 -68.5 -67.0 -67.5 -65.0 -63.5 -62.5 -62.0 -63.0 -65.0 -67.5 -66.5 -65.0 -65.0 -63.5 -63.5 -65.0 -67.5 -67.5 -66.5 -64.0 -63.0 -64.5 -66.5 -65.0 -66.0 -66.0 -65.5 -65.0 -63.0 -64.0 -64.0 
