2.859340188618835 2.773437264497239 2.859340188618835 2.730485802436441 2.705942109830271 2.724349879284899 2.7550294950426117 2.9022916506796332 2.767301341345697 2.8286605728611223 2.9391071895888885 6.071495958451368 3.1968159619536762 3.80427235395639 3.730641276137879 3.227495577711389 3.5956509668039427 3.8533597391687304 3.5711072741977725 3.227495577711389 3.3195344249845276 3.6017868899554855 3.5711072741977725 3.472932503773092 3.2213596545598464 3.1906800388021335 3.497476196379262 3.1784081924990484 3.3195344249845276 3.368621810196868 3.3379421944391554 3.031146036862027 2.675262494072558 2.8409324191642074 2.6998061866787286 2.8102528034064944 2.890019804376548 2.804116880254952 2.730485802436441 2.82252464970958 2.466641106920111 
-64.5 -65.0 -65.0 -65.0 -64.5 -64.0 -65.0 -64.0 -64.0 -64.5 -64.5 -64.5 -63.0 -62.5 -61.0 -62.5 -64.0 -64.5 -63.5 -64.0 -64.5 -64.0 -63.0 -64.5 -64.5 -66.0 -62.5 -61.0 -59.5 -60.5 -62.5 -64.5 -65.5 -64.5 -64.0 -64.0 -64.0 -63.5 -63.5 -63.5 -62.5 
2.1230294104337273 1.8530487917658545 2.313243028131547 2.1475731030398975 2.1598449493429825 2.0493983326152168 1.9573594853420782 1.8223691760081417 2.141437179888355 1.88986433067511 2.0064468705544187 1.9941750242513334 2.061670178918302 2.3071071049800045 2.2334760271614935 2.380738182798515 2.4605051837685683 3.08636934522591 3.5588354278946874 3.454524734318464 2.9145634969827183 2.7979809571034093 2.859340188618835 2.9636508821950587 2.9759227284981438 2.8409324191642074 3.393165502803038 0.37429131224409645 0.02454369260617026 2.5157284921324514 2.742757648739526 2.5280003384355365 2.5402721847386216 2.5280003384355365 2.4175537217077703 2.4175537217077703 2.3746022596469727 2.448233337465483 2.356194490192345 2.1046216409791 2.3009711818284617 
-64.0 -64.5 -64.5 -65.0 -65.5 -64.5 -64.5 -64.5 -64.5 -64.0 -64.5 -64.0 -64.0 -62.0 -62.0 -62.5 -63.0 -65.5 -63.5 -62.0 -59.5 -61.0 -62.0 -61.5 -62.0 -61.0 -63.0 -66.5 -69.5 -66.0 -66.0 -65.0 -65.0 -65.5 -65.0 -65.5 -65.5 -66.0 -66.0 -64.5 -64.5 
0.4970097752749477 0.5154175447295755 0.500077736850719 0.4970097752749477 0.4908738521234052 0.4908738521234052 0.4540583132141498 0.4970097752749477 0.5031456984264903 0.5154175447295755 0.5522330836388308 0.5460971604872883 0.5583690067903734 0.5829126993965437 0.619728238305799 0.803805932852076 1.086058397823034 1.0492428589137786 1.0246991663076084 1.2578642460662257 1.043106935762236 0.8774370106705868 0.8283496254582462 0.7669903939428205 0.7485826244881929 0.7301748550335652 0.7669903939428205 0.8835729338221293 0.9694758579437253 1.1474176293384597 1.1351457830353744 0.9572040116406401 1.0246991663076084 1.0062913968529805 0.7240389318820226 0.5338253141842031 0.4970097752749477 0.5338253141842031 0.5154175447295755 0.5829126993965437 0.5890486225480862 0.6013204688511713 0.5951845456996288 0.619728238305799 
-51.0 -51.0 -52.0 -51.0 -51.0 -51.0 -51.5 -51.0 -50.5 -51.0 -50.5 -50.5 -50.5 -50.0 -50.5 -50.5 -50.5 -52.0 -53.5 -52.5 -51.0 -52.5 -52.5 -52.5 -53.0 -53.0 -52.5 -52.0 -52.5 -52.0 -54.0 -53.0 -50.0 -49.5 -51.0 -51.5 -52.0 -52.0 -51.0 -51.5 -51.0 -51.0 -50.5 -50.5 
0.8406214717613314 0.8099418560036186 0.8068738944278473 0.7853981633974483 0.8344855486097889 0.8283496254582462 0.7853981633974483 0.8160777791551611 0.7853981633974483 0.7915340865489908 0.7669903939428205 0.7915340865489908 0.7731263170943632 0.8160777791551611 0.760854470791278 0.8222137023067037 0.9326603190344698 1.086058397823034 1.4296700943094176 1.3989904785517047 1.1044661672776617 1.030835089459151 1.0615147052168636 1.0615147052168636 1.1044661672776617 1.184233168247715 1.0737865515199487 1.1290098598838318 1.1658253987930873 1.1535535524900022 1.521708941582556 1.509437095279471 1.3499030933393643 1.282407938672396 1.0246991663076084 0.9878836273983529 1.0369710126106935 0.9510680884890975 0.9326603190344698 0.9081166264282996 0.9019807032767571 0.9265243958829272 0.8222137023067037 0.8528933180644165 
-54.0 -54.0 -54.0 -54.0 -54.0 -54.0 -54.0 -54.0 -54.0 -53.5 -53.5 -53.5 -53.5 -53.5 -53.0 -52.5 -51.5 -52.5 -53.0 -51.0 -50.5 -51.0 -51.5 -51.5 -51.5 -51.5 -51.5 -51.0 -50.5 -50.5 -52.5 -53.5 -53.5 -53.5 -53.0 -53.5 -54.0 -54.0 -54.0 -54.5 -54.0 -53.5 -53.5 -53.5 
1.0185632431560658 1.086058397823034 1.0921943209745766 1.0676506283684062 1.0676506283684062 1.1351457830353744 1.141281706186917 1.1167380135807468 1.0921943209745766 1.1044661672776617 1.0492428589137786 1.0676506283684062 1.0983302441261191 1.0185632431560658 1.1290098598838318 1.4173982480063325 1.7855536370988863 1.9082721001297376 1.736466251886546 1.4480778637640452 1.3621749396424494 1.2455923997631406 1.3499030933393643 1.3867186322486196 1.3621749396424494 1.2640001692177683 1.337631247036279 1.2762720155208536 1.3437671701878218 1.4726215563702154 1.6689710972195777 1.859184714917397 1.8285050991596843 1.6996507129772904 1.4848934026733007 1.5033011721279284 1.5892040962495242 1.4971652489763858 1.380582709097077 1.521708941582556 1.533980787885641 1.4971652489763858 1.3314953238847365 1.3314953238847365 
-59.5 -59.0 -60.0 -59.0 -58.5 -59.0 -59.5 -59.5 -58.5 -58.5 -59.0 -59.0 -58.5 -58.5 -59.5 -57.0 -54.0 -53.5 -50.5 -50.0 -50.5 -50.5 -52.5 -51.5 -51.5 -52.0 -52.0 -52.0 -51.0 -51.5 -50.5 -51.0 -52.5 -54.0 -58.0 -59.5 -60.5 -60.5 -59.0 -59.0 -58.5 -59.0 -59.0 -59.5 
1.5585244804918115 1.6873788666742053 1.696582751401519 1.5892040962495242 1.576932249946439 1.521708941582556 1.533980787885641 1.5830681730979816 1.5707963267948966 1.509437095279471 1.5585244804918115 1.5278448647340985 1.564660403643354 1.4542137869155878 1.5401167110371838 1.5033011721279284 1.88986433067511 2.043262409463674 1.945087639038993 1.607611865704152 1.718058482431918 1.7794177139473437 1.7426021750380885 1.8162332528565992 1.8100973297050567 1.7794177139473437 1.8100973297050567 1.7732817907958012 1.8775924843720249 1.8039614065535141 1.8530487917658545 1.9941750242513334 2.073942025221387 2.018718716857504 1.7548740213411735 1.5830681730979816 1.7978254834019713 1.7978254834019713 1.6812429435226628 1.705786636128833 1.7426021750380885 1.6873788666742053 1.6812429435226628 1.6689710972195777 
-57.5 -58.0 -58.5 -57.5 -58.0 -58.5 -58.0 -58.0 -58.0 -58.0 -58.0 -57.5 -57.5 -57.5 -58.5 -57.5 -55.0 -54.0 -52.5 -55.5 -56.5 -56.5 -57.0 -57.0 -56.5 -55.5 -57.0 -57.0 -56.0 -55.0 -55.0 -53.0 -54.0 -55.0 -58.5 -60.5 -59.0 -59.0 -60.0 -60.0 -59.5 -58.0 -58.0 -58.0 
5.632777453116074 5.491651220630596 5.491651220630596 5.43029198911517 5.540738605842936 5.565282298449106 5.620505606812989 5.473243451175968 5.565282298449106 5.436427912266712 5.50392306693368 5.424156065963627 5.5714182216006485 5.491651220630596 5.436427912266712 5.577554144752192 5.540738605842936 5.66959299202533 5.516194913236766 5.166447293598839 5.221670601962723 4.933282213840222 4.970097752749477 4.798291904506286 4.663301595172349 4.7860200582032 4.779884135051658 4.884194828627882 4.816699673960914 5.393476450205914 5.056000676871073 5.534602682691394 5.632777453116074 5.559146375297564 5.546874528994478 5.559146375297564 5.675728915176872 5.64504929941916 5.6143696836614465 5.6143696836614465 5.651185222570702 5.589825991055276 5.5100589900852235 5.577554144752192 
-63.0 -63.0 -64.0 -63.5 -63.5 -62.5 -62.5 -63.0 -63.0 -63.5 -62.5 -63.0 -63.0 -62.5 -63.5 -61.0 -61.0 -60.0 -58.0 -59.0 -57.5 -59.5 -60.0 -60.5 -61.5 -62.0 -61.0 -60.5 -59.0 -59.0 -59.0 -58.5 -59.5 -60.0 -60.5 -60.0 -59.5 -60.0 -60.0 -60.5 -60.0 -61.5 -61.5 -62.0 
2.8409324191642074 2.730485802436441 6.2034183062095325 2.705942109830271 5.816855147662351 2.3193789512830896 2.350058567040802 2.3071071049800045 5.8475347634200645 5.424156065963627 5.559146375297564 5.442563835418255 2.36846633649543 5.8659425328746915 5.663457068873787 5.798447378207723 5.712544454086128 5.688000761479957 5.829126993965437 5.792311455056181 5.829126993965437 5.565282298449106 6.105243535784852 5.344389064993574 5.393476450205914 5.553010452146021 5.565282298449106 5.859806609723149 6.2034183062095325 5.9088939949354895 
-72.5 -72.5 -69.0 -72.5 -70.5 -73.0 -74.0 -74.0 -68.5 -63.5 -61.0 -59.5 -68.5 -65.0 -61.5 -62.5 -62.5 -62.5 -63.0 -63.0 -62.0 -63.0 -67.0 -63.0 -61.5 -61.0 -65.0 -77.5 -72.0 -73.0 
