2.834796496012665 2.816388726558037 2.773437264497239 2.724349879284899 3.000466421104314 2.82252464970958 2.791845033951867 2.9636508821950587 2.8409324191642074 3.000466421104314 2.9759227284981438 2.8716120349219203 2.9329712664373457 2.8838838812250054 2.8838838812250054 3.1231848841351653 3.6201946594101133 3.5711072741977725 3.472932503773092 3.718369429834794 3.8717675086233583 3.5342917352885173 3.2581751934691017 3.2704470397721868 3.436116964863836 3.56497135104623 3.423845118560751 3.1968159619536762 3.454524734318464 3.5772431973493153 3.54042765844006 3.11091303783208 3.32567034813607 3.313398501832985 2.9513790358919736 2.60776733940559 2.718213956133356 2.552544031041707 2.6691265709210157 2.6323110320117604 2.736621725587984 2.8286605728611223 
-63.5 -63.5 -64.0 -64.0 -64.5 -64.5 -64.0 -64.0 -63.0 -64.0 -64.0 -63.5 -64.5 -65.0 -64.0 -63.0 -61.5 -61.0 -64.0 -63.5 -64.5 -63.0 -64.0 -63.5 -63.5 -63.5 -64.5 -64.5 -65.5 -66.5 -64.0 -65.0 -63.0 -63.0 -64.0 -64.0 -63.5 -64.0 -64.0 -63.0 -64.0 -63.0 
2.2457478734645786 2.2396119503130363 2.0493983326152168 2.0371264863121317 2.055534255766759 2.141437179888355 2.073942025221387 2.1353012567368124 2.1475731030398975 2.172116795646068 2.2027964114037806 2.2027964114037806 2.2886993355253766 2.1966604882522383 2.1475731030398975 2.325514874434632 2.5586799541932495 2.5709518004963345 2.693670263527186 3.184544115650591 3.3072625786814425 3.1784081924990484 2.84706834231575 2.9145634969827183 2.890019804376548 2.8838838812250054 2.988194574801229 2.9820586516496865 3.2581751934691017 3.3440781175906977 2.9636508821950587 3.06182565261974 2.4850488763747385 2.141437179888355 1.9819031779482483 1.8775924843720249 1.88986433067511 1.9941750242513334 2.043262409463674 1.6996507129772904 2.0923497946760143 2.2027964114037806 
-64.0 -64.5 -64.0 -65.0 -65.0 -65.0 -64.0 -64.0 -64.5 -65.0 -65.0 -65.0 -65.5 -65.5 -64.0 -63.5 -62.5 -62.5 -65.0 -63.0 -62.0 -61.5 -61.5 -61.0 -61.5 -61.5 -62.5 -62.5 -63.5 -64.5 -64.5 -67.0 -65.0 -63.5 -63.0 -63.0 -64.5 -65.5 -64.5 -64.0 -64.0 -63.5 
0.7669903939428205 0.760854470791278 0.7485826244881929 0.705631162427395 0.7363107781851077 0.7485826244881929 0.7363107781851077 0.7301748550335652 0.6933593161243098 0.7179030087304801 0.6381360077604268 0.6442719309119693 0.6013204688511713 0.5829126993965437 0.5951845456996288 0.803805932852076 1.086058397823034 1.0185632431560658 1.3008157081270237 1.3130875544301088 1.0615147052168636 0.9694758579437253 0.8835729338221293 0.7976700097005334 0.8651651643675016 0.8774370106705868 0.8344855486097889 0.8160777791551611 1.1290098598838318 1.1903690913992575 1.325359400733194 1.1167380135807468 1.0185632431560658 0.9265243958829272 0.7179030087304801 0.47860200582032003 0.42337869745643697 0.3988350048502667 0.4111068511533518 0.3988350048502667 0.4540583132141498 0.4479223900626072 
-50.0 -49.5 -50.0 -50.0 -50.5 -50.0 -49.5 -50.0 -50.0 -50.5 -50.5 -50.5 -50.5 -50.5 -50.5 -51.0 -51.0 -53.5 -54.5 -52.0 -51.5 -52.5 -52.5 -54.0 -54.5 -54.5 -54.5 -54.0 -53.5 -53.5 -53.5 -55.5 -53.5 -52.5 -52.0 -51.0 -51.5 -52.0 -52.0 -51.5 -51.5 -51.0 
0.8835729338221293 0.8713010875190442 0.8406214717613314 0.8958447801252144 0.8406214717613314 0.8406214717613314 0.8528933180644165 0.8406214717613314 0.859029241215959 0.8406214717613314 0.6565437772150544 0.8651651643675016 0.859029241215959 0.8344855486097889 0.8160777791551611 0.8713010875190442 0.9940195505498954 1.3499030933393643 1.5033011721279284 1.337631247036279 1.2087768608538851 1.1658253987930873 1.214912784005428 1.2455923997631406 1.2210487071569704 1.239456476611598 1.2210487071569704 1.2210487071569704 1.3130875544301088 1.41126232485479 1.3621749396424494 1.4910293258248433 1.380582709097077 1.0983302441261191 0.7976700097005334 0.6933593161243098 0.7363107781851077 0.8467573949128739 0.7669903939428205 0.7363107781851077 0.7853981633974483 0.7853981633974483 
-53.0 -53.0 -53.0 -53.0 -53.0 -53.5 -53.0 -53.5 -53.5 -53.0 -53.5 -53.5 -53.0 -53.5 -53.5 -52.5 -52.0 -53.0 -52.5 -51.0 -50.0 -50.0 -51.0 -50.5 -51.0 -51.0 -51.0 -51.0 -50.5 -51.5 -51.5 -52.5 -53.0 -52.0 -52.0 -53.0 -53.5 -53.5 -53.5 -53.5 -54.0 -53.5 
1.1719613219446299 1.2210487071569704 1.1719613219446299 1.1965050145508 1.1719613219446299 1.030835089459151 1.1474176293384597 1.0185632431560658 1.239456476611598 1.2578642460662257 1.1596894756415448 1.184233168247715 1.0737865515199487 1.1167380135807468 1.2517283229146832 1.5830681730979816 1.8223691760081417 1.9205439464328227 1.736466251886546 1.533980787885641 1.4051264017032472 1.3621749396424494 1.5462526341887264 1.564660403643354 1.5401167110371838 1.6444274046134073 1.576932249946439 1.6321555583103222 1.5892040962495242 1.6935147898257479 1.6812429435226628 1.9389517158874505 2.0493983326152168 2.018718716857504 1.5278448647340985 1.2762720155208536 1.3008157081270237 1.4480778637640452 1.3621749396424494 1.3192234775816514 1.325359400733194 
-58.0 -58.5 -59.0 -58.5 -58.5 -58.5 -58.5 -59.0 -59.0 -59.5 -59.5 -60.0 -60.5 -59.5 -59.0 -57.0 -54.0 -52.5 -50.0 -50.5 -51.0 -52.5 -53.0 -53.0 -53.0 -53.0 -53.5 -53.5 -54.5 -52.0 -52.5 -51.0 -53.5 -55.5 -60.0 -60.0 -60.5 -60.5 -60.0 -60.0 -60.0 
1.5585244804918115 1.6198837120072371 1.5892040962495242 1.552388557340269 1.564660403643354 1.5278448647340985 1.5278448647340985 1.4542137869155878 1.4664856332186729 1.521708941582556 1.564660403643354 1.533980787885641 1.5830681730979816 1.4726215563702154 1.423534171157875 1.533980787885641 1.9082721001297376 2.0923497946760143 1.8775924843720249 1.8223691760081417 1.8346410223112268 1.9266798695843652 1.846912868614312 2.073942025221387 2.1046216409791 2.0371264863121317 2.184388641949153 2.055534255766759 2.061670178918302 2.024854640009046 2.067806102069844 2.073942025221387 2.116893487282185 2.018718716857504 1.6382914814618648 1.4603497100671303 1.4971652489763858 1.6689710972195777 1.5278448647340985 1.5892040962495242 1.6137477888556946 1.6505633277649499 
-57.0 -57.0 -57.0 -57.0 -57.5 -57.5 -57.5 -57.5 -57.5 -58.0 -57.5 -57.5 -58.0 -58.0 -59.0 -58.5 -55.5 -54.0 -53.0 -55.0 -56.5 -56.0 -57.0 -57.0 -55.0 -55.0 -56.0 -58.0 -56.5 -55.5 -55.5 -54.0 -53.5 -54.0 -57.5 -59.0 -59.5 -58.5 -59.0 -59.0 -58.0 -58.0 
5.50392306693368 5.4671075280244255 5.3627968344482015 5.45483568172134 5.393476450205914 5.375068680751287 5.448699758569798 5.473243451175968 5.5284667595398505 5.43029198911517 5.485515297479052 5.534602682691394 5.5284667595398505 5.4671075280244255 5.546874528994478 5.47937937432751 5.546874528994478 5.638913376267617 5.45483568172134 5.405748296509 5.1725832167503825 5.264622064023521 4.994641445355648 5.240078371417351 5.332117218690489 5.283029833478148 5.47937937432751 5.258486140871978 5.448699758569798 5.485515297479052 5.448699758569798 5.583690067903734 5.767767762450011 5.6573211457222445 5.368932757599744 5.405748296509 5.448699758569798 5.595961914206819 5.522330836388308 5.45483568172134 5.491651220630596 5.460971604872882 
-61.0 -61.5 -61.0 -62.0 -62.0 -61.5 -62.0 -62.0 -61.0 -61.5 -61.5 -62.0 -62.0 -62.5 -62.5 -61.0 -61.0 -59.0 -58.5 -58.5 -59.0 -59.5 -59.5 -60.5 -60.5 -61.0 -61.0 -61.5 -59.0 -59.0 -60.5 -59.0 -61.0 -62.0 -63.0 -63.0 -63.5 -63.0 -63.5 -63.0 -62.5 -63.5 
1.6751070203711202 1.41126232485479 1.5585244804918115 1.6260196351587797 1.5953400194010667 1.368310862793992 1.1780972450961724 1.141281706186917 5.460971604872882 5.6573211457222445 5.2768939103266055 5.915029918087033 5.841398840268521 5.724816300389213 5.957981380147831 5.8475347634200645 5.786175531904639 5.822991070813893 5.841398840268521 5.976389149602458 6.111379458936394 0.02454369260617026 2.36846633649543 5.626641529964532 5.602097837358362 1.6751070203711202 2.6998061866787286 5.890486225480862 2.6016314162540475 
-73.5 -73.5 -74.5 -73.5 -74.5 -75.5 -75.5 -77.0 -64.0 -59.5 -60.0 -69.0 -64.5 -63.5 -64.0 -63.0 -63.0 -63.5 -63.5 -64.5 -65.5 -70.5 -65.5 -61.5 -64.0 -77.5 -75.0 -76.5 -73.5 
