0.0859029241215959 3.1231848841351653 6.277049384028044 6.264777537724958 3.1906800388021335 2.988194574801229 6.264777537724958 2.945243112740431 3.0372819600135696 0.07976700097005335 0.11044661672776616 0.07363107781851078 3.859495662320273 3.3747577333484107 2.9759227284981438 2.405281875404685 2.4727770300716534 2.8286605728611223 2.9636508821950587 3.0250101137104846 3.018874190558942 2.748893571891069 2.705942109830271 2.442097414313941 2.521864415283994 2.8777479580734626 3.3747577333484107 3.3502140407422405 0.06135923151542565 6.12365130523948 6.215690152512618 2.9575149590435164 3.1231848841351653 2.988194574801229 
-69.0 -68.5 -69.5 -69.5 -67.5 -67.0 -69.5 -67.0 -69.0 -70.0 -69.5 -70.0 -66.0 -62.0 -62.5 -65.0 -66.5 -69.0 -70.0 -69.0 -70.0 -69.0 -68.0 -66.5 -66.5 -65.0 -63.5 -65.0 -75.5 -72.0 -70.0 -68.0 -68.5 -68.0 
1.6198837120072371 1.5707963267948966 1.4787574795217582 1.5830681730979816 1.552388557340269 1.4664856332186729 1.6198837120072371 1.5462526341887264 1.6014759425526093 1.6505633277649499 1.5401167110371838 1.5892040962495242 1.4848934026733007 1.6873788666742053 1.6137477888556946 1.4664856332186729 1.509437095279471 1.4726215563702154 1.1535535524900022 4.387185053352934 0.9142525495798421 4.73693267299086 5.896622148632405 2.2089323345553233 2.116893487282185 1.8407769454627694 1.859184714917397 1.8837284075235674 1.9266798695843652 1.8960002538266525 1.9941750242513334 2.1353012567368124 2.086213871524472 1.9880391010997909 1.3867186322486196 1.2885438618239387 1.2026409377023426 1.184233168247715 1.3008157081270237 1.4726215563702154 1.3314953238847365 1.5401167110371838 1.607611865704152 1.6689710972195777 1.607611865704152 
-63.0 -62.5 -62.5 -61.5 -62.5 -63.0 -63.0 -62.5 -63.0 -62.5 -62.5 -63.5 -63.0 -63.0 -63.0 -63.0 -63.5 -63.5 -64.5 -67.0 -66.0 -71.5 -67.0 -64.0 -62.5 -62.0 -62.0 -60.5 -60.0 -61.0 -60.5 -63.5 -65.0 -65.5 -62.5 -61.5 -62.0 -62.0 -62.0 -62.0 -60.0 -60.5 -60.5 -60.5 -61.0 
1.043106935762236 1.055378782065321 1.030835089459151 1.0369710126106935 1.030835089459151 1.012427320004523 1.0369710126106935 1.055378782065321 1.030835089459151 1.0185632431560658 1.030835089459151 1.0369710126106935 1.0062913968529805 1.0492428589137786 1.012427320004523 1.0369710126106935 1.0185632431560658 1.000155473701438 0.9387962421860124 0.9081166264282996 1.030835089459151 1.0615147052168636 1.1351457830353744 1.1965050145508 1.2026409377023426 1.1596894756415448 1.0799224746714913 1.0615147052168636 1.043106935762236 1.0492428589137786 1.0615147052168636 1.0615147052168636 1.1719613219446299 1.2210487071569704 1.2455923997631406 1.0369710126106935 0.9756117810952678 1.055378782065321 1.055378782065321 1.0369710126106935 4.178563666200486 1.0369710126106935 1.1044661672776617 1.1474176293384597 1.1719613219446299 1.1596894756415448 
-49.0 -49.0 -49.0 -49.0 -49.0 -49.0 -49.0 -49.0 -49.0 -49.0 -49.0 -49.0 -49.0 -49.5 -49.5 -49.5 -49.5 -49.0 -49.5 -49.0 -49.5 -50.0 -50.5 -51.0 -51.5 -51.0 -51.5 -52.0 -53.0 -53.5 -53.0 -52.0 -52.0 -51.5 -52.5 -52.0 -50.0 -49.5 -49.5 -49.0 -49.0 -48.0 -48.5 -49.0 -49.0 -49.0 
1.1106020904292042 1.1167380135807468 1.1106020904292042 1.1044661672776617 1.1044661672776617 1.1474176293384597 1.0921943209745766 1.1044661672776617 1.1106020904292042 1.1290098598838318 1.0921943209745766 1.1290098598838318 1.1167380135807468 1.1106020904292042 1.1474176293384597 1.1106020904292042 1.141281706186917 1.0737865515199487 0.9878836273983529 0.8958447801252144 1.1474176293384597 1.2333205534600555 1.1780972450961724 1.4664856332186729 1.564660403643354 1.521708941582556 1.5585244804918115 1.576932249946439 1.5033011721279284 1.509437095279471 1.5892040962495242 1.5953400194010667 1.4173982480063325 1.4419419406125027 1.607611865704152 1.4358060174609601 1.4419419406125027 1.3621749396424494 1.1719613219446299 1.0983302441261191 1.043106935762236 1.043106935762236 1.1719613219446299 1.1780972450961724 1.214912784005428 1.214912784005428 
-50.0 -50.0 -50.0 -50.0 -50.0 -50.0 -50.0 -50.0 -50.0 -50.0 -49.5 -50.0 -50.0 -50.0 -50.0 -49.5 -50.0 -50.5 -51.5 -52.0 -51.0 -50.0 -50.0 -51.5 -50.5 -51.0 -51.5 -51.5 -51.0 -51.0 -51.5 -51.5 -51.0 -50.5 -51.0 -51.5 -52.0 -52.5 -52.0 -51.5 -52.0 -50.5 -50.0 -50.0 -49.5 -49.5 
1.3744467859455345 1.3867186322486196 1.3621749396424494 1.41126232485479 1.41126232485479 1.4173982480063325 1.4051264017032472 1.3744467859455345 1.380582709097077 1.3130875544301088 1.3867186322486196 1.3499030933393643 1.3989904785517047 1.380582709097077 1.368310862793992 1.3621749396424494 1.3192234775816514 1.2946797849754812 1.1780972450961724 1.2946797849754812 1.705786636128833 1.718058482431918 1.7119225592803755 1.736466251886546 1.7732817907958012 1.846912868614312 2.024854640009046 2.098485717827557 2.030990563160589 2.0800779483729293 2.1537090261914402 2.086213871524472 1.9144080232812801 1.8285050991596843 1.8346410223112268 2.012582793705961 2.024854640009046 2.000310947402876 1.8100973297050567 1.6260196351587797 4.629554017838865 1.380582709097077 1.4910293258248433 1.4971652489763858 1.5278448647340985 1.5278448647340985 
-49.5 -49.5 -49.0 -49.5 -49.5 -49.5 -49.5 -49.5 -49.5 -49.5 -49.0 -49.5 -49.5 -49.5 -49.0 -49.0 -49.0 -49.5 -50.0 -52.0 -49.5 -48.0 -48.5 -49.0 -49.0 -50.5 -50.5 -50.0 -50.0 -50.0 -51.0 -51.5 -50.5 -49.5 -48.0 -47.5 -49.0 -49.5 -51.0 -52.5 -53.0 -51.0 -50.0 -50.0 -50.0 -49.5 
1.7855536370988863 1.7916895602504288 1.7916895602504288 1.8100973297050567 1.7916895602504288 1.7794177139473437 1.705786636128833 1.7855536370988863 1.7978254834019713 1.7794177139473437 1.8162332528565992 1.7671458676442586 1.7794177139473437 1.761009944492716 1.7426021750380885 1.7426021750380885 1.736466251886546 1.6689710972195777 1.6137477888556946 1.6444274046134073 2.067806102069844 2.0923497946760143 2.184388641949153 2.2641556429192065 2.2212041808584084 2.3193789512830896 2.3623304133438876 2.313243028131547 2.435961491162398 2.4605051837685683 2.454369260617026 2.4175537217077703 2.411417798556228 2.3623304133438876 2.1598449493429825 2.2764274892222915 2.386874105950058 2.442097414313941 2.1659808724945253 1.8653206380689396 1.7732817907958012 1.8346410223112268 1.8530487917658545 1.859184714917397 1.9205439464328227 1.9389517158874505 
-51.0 -51.0 -51.0 -50.5 -50.5 -50.5 -50.5 -51.0 -50.5 -50.5 -50.5 -50.5 -50.5 -50.5 -50.0 -50.0 -50.0 -50.5 -52.0 -54.5 -52.0 -51.0 -52.5 -52.0 -51.5 -51.5 -52.5 -52.5 -52.5 -52.5 -53.0 -53.0 -52.0 -52.5 -52.5 -50.0 -51.0 -52.5 -55.5 -55.5 -55.0 -52.0 -50.5 -50.0 -49.5 -49.5 
4.884194828627882 4.884194828627882 4.921010367537137 4.871922982324796 4.718524903536232 4.7860200582032 4.816699673960914 4.871922982324796 5.117359908386499 4.884194828627882 4.6448938257177215 4.657165672020807 4.71238898038469 4.773748211900116 4.847379289718626 4.589670517353839 4.7307967498393175 5.9088939949354895 5.9518454569962875 5.5284667595398505 5.565282298449106 5.688000761479957 5.71868037723767 6.050020227420969 6.025476534814799 5.9088939949354895 5.890486225480862 6.074563920027139 5.902758071783947 5.7616318392984684 5.884350302329319 5.45483568172134 5.872078456026235 6.117515382087937 6.12365130523948 6.013204688511713 5.9088939949354895 5.553010452146021 5.313709449235861 5.098952138931871 5.00077736850719 5.166447293598839 5.043728830567988 
-64.0 -62.5 -63.0 -62.5 -63.0 -64.0 -62.5 -63.5 -63.0 -62.0 -64.0 -62.5 -63.0 -62.5 -61.0 -61.5 -62.0 -59.0 -57.0 -57.5 -58.0 -58.0 -59.5 -58.0 -57.5 -59.5 -59.0 -58.0 -58.5 -59.0 -59.5 -58.0 -55.5 -56.0 -57.0 -59.0 -60.0 -65.0 -64.5 -64.0 -63.5 -63.0 -63.5 
5.2339424482658075 5.148039524144211 5.135767677841127 5.178719139901925 5.258486140871978 5.240078371417351 5.184855063053467 5.141903600992669 5.21553467881118 2.110757564130642 5.0253210611133605 5.135767677841127 5.252350217720435 5.031456984264903 4.9394181369917645 5.2768939103266055 5.129631754689584 5.313709449235861 2.5280003384355365 5.651185222570702 5.8659425328746915 6.270913460876501 5.994796919057086 0.4049709280018093 0.4908738521234052 0.14726215563702155 6.14819499784565 6.264777537724958 0.30679615757712825 0.607456392002714 6.264777537724958 5.681864838328415 5.964117303299373 0.03681553890925539 4.73693267299086 5.074408446325701 5.227806525114265 5.227806525114265 5.209398755659637 4.963961829597935 
-63.5 -63.0 -63.0 -63.0 -62.5 -63.0 -62.5 -63.0 -63.5 -63.5 -63.0 -62.0 -62.0 -62.0 -61.5 -61.0 -60.5 -61.5 -70.5 -61.0 -65.0 -63.0 -62.5 -68.0 -63.0 -63.0 -62.5 -63.0 -63.5 -65.5 -64.5 -62.5 -61.5 -64.0 -74.5 -66.5 -64.0 -62.0 -62.0 -61.5 
