2.816388726558037 2.9206994201342606 2.9268353432858034 2.761165418194154 2.9329712664373457 2.8838838812250054 2.9697868053466014 2.9391071895888885 2.9391071895888885 3.08636934522591 2.761165418194154 2.9820586516496865 2.9329712664373457 2.7979809571034093 3.000466421104314 2.8716120349219203 3.4054373491061236 3.5158839658338894 3.509748042682347 3.160000423044421 3.313398501832985 0.7117670855789375 4.006757817957295 3.9269908169872414 4.000621894805752 4.123340357836604 3.6815538909255388 3.6201946594101133 3.650874275167826 3.6201946594101133 3.810408277107933 3.5895150436524004 3.5158839658338894 3.6447383520162835 3.724505352986337 3.5833791205008576 3.479068426924634 3.466796580621549 3.448388811166921 3.184544115650591 2.742757648739526 2.7857091108003242 2.9084275738311756 
-66.0 -65.5 -65.0 -67.0 -65.5 -65.0 -65.5 -66.5 -67.5 -66.0 -66.5 -66.0 -65.5 -65.5 -66.0 -65.5 -65.5 -63.0 -62.0 -63.5 -66.0 -67.5 -65.0 -67.5 -68.0 -66.5 -64.5 -64.0 -66.0 -66.0 -66.5 -65.5 -66.0 -66.0 -68.0 -64.5 -63.5 -63.0 -62.0 -63.0 -66.0 -66.0 -68.0 
1.9389517158874505 1.8837284075235674 2.061670178918302 2.000310947402876 2.0493983326152168 2.2457478734645786 2.1905245651006955 2.3746022596469727 2.3071071049800045 2.435961491162398 2.423689644859313 2.325514874434632 2.4175537217077703 2.6445828783148455 2.2641556429192065 2.429825568010856 2.5157284921324514 2.662990647769473 2.6998061866787286 3.098641191528995 3.1661363461959633 3.399301425954581 3.172272269347506 3.043417883165112 2.9268353432858034 3.018874190558942 2.890019804376548 2.9513790358919736 3.0066023442558567 3.2581751934691017 3.3870295796514958 3.018874190558942 2.945243112740431 2.3746022596469727 2.423689644859313 2.2948352586769194 2.067806102069844 2.024854640009046 2.1905245651006955 2.018718716857504 
-64.5 -64.0 -65.0 -65.0 -64.5 -64.0 -65.5 -65.0 -65.5 -65.0 -65.5 -64.5 -64.0 -65.0 -63.0 -62.5 -62.5 -64.5 -64.5 -65.5 -64.5 -62.5 -62.5 -61.5 -63.0 -62.5 -62.5 -62.0 -62.5 -63.0 -65.0 -65.0 -67.5 -66.5 -65.0 -64.0 -63.5 -64.5 -66.5 -65.0 
0.7424467013366504 0.6933593161243098 0.6994952392758523 0.6872233929727672 0.6258641614573416 0.5951845456996288 0.5645049299419159 0.5522330836388308 0.5338253141842031 0.5522330836388308 0.5399612373357456 0.5154175447295755 0.5154175447295755 0.5645049299419159 0.607456392002714 0.8099418560036186 1.043106935762236 1.1228739367322893 1.1044661672776617 1.1780972450961724 1.3867186322486196 1.282407938672396 1.2578642460662257 1.0983302441261191 1.0369710126106935 0.9940195505498954 0.9510680884890975 0.944932165337555 0.944932165337555 0.9387962421860124 0.9694758579437253 1.012427320004523 1.1228739367322893 1.1719613219446299 1.3069516312785663 1.3867186322486196 1.1106020904292042 1.1474176293384597 1.0615147052168636 0.8099418560036186 0.6749515466696822 0.6258641614573416 0.662679700366597 
-51.0 -50.5 -51.0 -51.0 -51.0 -51.0 -51.0 -51.5 -51.5 -51.5 -51.5 -51.5 -51.5 -51.5 -51.5 -51.0 -51.0 -52.0 -53.0 -53.5 -53.0 -52.0 -51.0 -51.0 -51.5 -51.5 -52.0 -53.0 -53.0 -53.0 -53.0 -52.0 -52.5 -52.5 -52.5 -53.5 -52.5 -50.5 -49.5 -50.0 -50.5 -51.0 -51.0 
0.9019807032767571 0.8835729338221293 0.8651651643675016 0.8467573949128739 0.859029241215959 0.859029241215959 0.9265243958829272 0.8897088569736719 0.9326603190344698 0.9265243958829272 0.9019807032767571 0.9203884727313847 0.8958447801252144 0.8774370106705868 0.8528933180644165 0.8283496254582462 0.859029241215959 1.0062913968529805 1.214912784005428 1.2946797849754812 1.4726215563702154 1.4910293258248433 1.3867186322486196 1.2946797849754812 1.2455923997631406 1.2640001692177683 1.227184630308513 1.2885438618239387 1.3314953238847365 1.3437671701878218 1.2946797849754812 1.3560390164909069 1.3560390164909069 1.3437671701878218 1.3867186322486196 1.3744467859455345 1.5401167110371838 1.576932249946439 1.4358060174609601 1.2885438618239387 1.030835089459151 0.9817477042468103 1.0492428589137786 0.9940195505498954 
-53.5 -53.0 -53.0 -53.5 -53.0 -53.5 -54.0 -54.5 -54.5 -54.0 -54.5 -54.0 -54.5 -54.5 -54.5 -54.0 -53.0 -52.0 -51.5 -52.0 -52.0 -51.0 -50.5 -50.0 -50.0 -50.5 -50.5 -50.5 -51.0 -51.5 -51.0 -51.5 -51.0 -50.5 -51.0 -51.0 -51.5 -53.5 -53.5 -53.5 -53.5 -54.5 -54.5 -54.0 
1.282407938672396 1.2701360923693108 1.239456476611598 1.227184630308513 1.3008157081270237 1.2640001692177683 1.3192234775816514 1.380582709097077 1.41126232485479 1.3621749396424494 1.2640001692177683 1.239456476611598 1.2517283229146832 1.3437671701878218 1.3867186322486196 1.564660403643354 1.7426021750380885 1.846912868614312 1.8837284075235674 1.8162332528565992 1.6873788666742053 4.7307967498393175 1.5585244804918115 1.533980787885641 1.6935147898257479 1.7241944055834606 1.748738098189631 1.6935147898257479 1.7426021750380885 1.7978254834019713 1.8285050991596843 1.6812429435226628 1.718058482431918 1.8162332528565992 1.88986433067511 2.012582793705961 1.8837284075235674 1.8039614065535141 1.3192234775816514 1.2762720155208536 1.0492428589137786 1.0799224746714913 
-59.0 -58.5 -58.5 -58.5 -59.0 -58.5 -59.0 -59.0 -59.0 -59.0 -58.5 -59.0 -59.0 -58.0 -57.0 -56.0 -54.5 -53.5 -53.0 -51.0 -50.0 -50.5 -50.0 -51.5 -51.5 -51.0 -51.5 -52.0 -52.0 -52.0 -52.5 -52.5 -51.0 -52.0 -51.0 -53.0 -54.0 -55.5 -58.5 -59.0 -61.5 -60.5 
1.6505633277649499 1.6812429435226628 1.736466251886546 1.7119225592803755 1.6689710972195777 1.7426021750380885 1.6751070203711202 1.6566992509164924 1.6935147898257479 1.6935147898257479 1.6996507129772904 1.7426021750380885 1.6198837120072371 1.6321555583103222 1.5401167110371838 1.4787574795217582 1.5953400194010667 1.6751070203711202 1.902136176978195 1.9573594853420782 1.8837284075235674 1.7855536370988863 4.945554060143307 1.7548740213411735 1.8100973297050567 1.9512235621905356 1.9144080232812801 1.9757672547967058 1.9634954084936207 2.0371264863121317 1.9634954084936207 2.000310947402876 1.9696313316451632 2.073942025221387 2.0371264863121317 2.018718716857504 1.9880391010997909 2.1659808724945253 2.2027964114037806 2.030990563160589 1.6260196351587797 1.6137477888556946 1.6996507129772904 1.6382914814618648 
-56.0 -56.0 -55.5 -56.0 -56.5 -56.5 -56.5 -57.5 -58.5 -58.0 -58.0 -58.0 -58.0 -58.0 -59.0 -59.5 -58.0 -56.0 -54.0 -53.5 -52.5 -53.0 -54.5 -54.0 -55.0 -54.5 -55.0 -55.5 -55.0 -55.5 -55.5 -56.0 -56.0 -55.0 -55.5 -55.0 -55.0 -54.0 -54.5 -55.0 -58.5 -59.0 -57.5 -57.5 
5.553010452146021 5.589825991055276 5.546874528994478 5.553010452146021 5.595961914206819 5.565282298449106 5.583690067903734 5.743224069843841 5.626641529964532 5.602097837358362 5.516194913236766 5.522330836388308 5.5714182216006485 5.522330836388308 5.577554144752192 5.522330836388308 5.393476450205914 5.688000761479957 5.724816300389213 5.50392306693368 5.381204603902829 5.405748296509 5.368932757599744 5.289165756629691 5.387340527054372 5.307573526084319 5.221670601962723 5.178719139901925 5.258486140871978 5.221670601962723 5.221670601962723 5.283029833478148 5.393476450205914 5.47937937432751 5.730952223540755 5.64504929941916 5.798447378207723 5.700272607783043 5.786175531904639 5.565282298449106 5.626641529964532 5.546874528994478 5.620505606812989 
-61.0 -61.0 -60.5 -60.5 -61.0 -61.5 -61.0 -60.5 -60.5 -60.5 -60.5 -61.0 -61.0 -61.0 -61.0 -60.0 -61.0 -60.5 -58.5 -57.5 -58.0 -58.0 -56.5 -57.0 -58.0 -58.0 -57.5 -59.5 -60.0 -60.5 -59.5 -59.0 -58.5 -58.0 -58.0 -58.5 -58.0 -59.5 -59.0 -60.0 -61.0 -61.0 -61.5 
5.393476450205914 5.344389064993574 2.3746022596469727 5.4671075280244255 5.8475347634200645 2.5770877236478773 2.7857091108003242 5.71868037723767 5.43029198911517 5.626641529964532 5.565282298449106 5.350524988145116 5.074408446325701 4.963961829597935 5.8475347634200645 5.786175531904639 5.6941366846315 5.730952223540755 5.773903685601553 5.749359992995383 5.853670686571607 5.810719224510809 6.025476534814799 5.786175531904639 5.706408530934585 5.8045833013592665 2.116893487282185 5.5100589900852235 5.50392306693368 5.681864838328415 5.381204603902829 
-69.0 -69.0 -69.5 -68.5 -71.0 -73.5 -72.5 -69.5 -65.0 -60.5 -59.0 -58.5 -60.0 -63.5 -66.5 -64.0 -63.0 -63.5 -64.0 -64.0 -65.0 -64.0 -64.0 -65.5 -65.0 -64.0 -66.0 -62.0 -60.5 -61.0 -64.5 
