2.454369260617026 2.564815877344792 5.773903685601553 2.5402721847386216 2.552544031041707 5.773903685601553 2.5586799541932495 2.5832236467994196 2.6323110320117604 2.5770877236478773 5.773903685601553 2.693670263527186 2.5464081078901644 2.6016314162540475 2.6200391857086753 2.705942109830271 3.043417883165112 2.6445828783148455 2.325514874434632 2.6323110320117604 2.748893571891069 2.6016314162540475 2.2580197197676637 2.748893571891069 3.2459033471660166 3.436116964863836 3.9147189706841563 2.3930100291016 2.5770877236478773 2.6139032625571326 2.5770877236478773 2.6445828783148455 
-66.0 -64.0 -66.5 -64.5 -66.0 -66.5 -66.0 -66.5 -66.5 -66.5 -66.5 -66.5 -64.0 -63.5 -66.0 -67.0 -63.5 -65.0 -69.0 -69.5 -68.5 -70.0 -65.5 -64.5 -64.5 -63.0 -69.0 -69.0 -68.0 -66.5 -68.5 -67.0 
1.5462526341887264 1.214912784005428 1.5585244804918115 1.533980787885641 1.5585244804918115 1.5707963267948966 1.5278448647340985 1.5892040962495242 1.7119225592803755 1.576932249946439 1.337631247036279 1.552388557340269 1.4848934026733007 1.6014759425526093 1.5830681730979816 1.6014759425526093 1.6444274046134073 1.5033011721279284 1.533980787885641 1.4664856332186729 1.9696313316451632 2.000310947402876 2.141437179888355 2.3746022596469727 2.1475731030398975 2.12916533358527 2.1475731030398975 2.1353012567368124 2.0493983326152168 2.1230294104337273 2.386874105950058 2.411417798556228 2.3930100291016 1.509437095279471 1.748738098189631 1.5462526341887264 1.4971652489763858 1.41126232485479 1.4542137869155878 1.4603497100671303 1.423534171157875 1.41126232485479 1.4173982480063325 
-62.0 -61.5 -62.0 -60.5 -61.5 -61.0 -60.0 -60.0 -61.0 -61.5 -60.5 -61.0 -60.5 -60.0 -61.5 -60.5 -61.5 -61.5 -63.0 -62.0 -62.5 -67.5 -64.0 -63.0 -63.0 -61.0 -60.0 -60.5 -61.0 -62.5 -62.5 -66.0 -65.0 -65.0 -65.0 -64.5 -63.5 -64.0 -62.0 -62.0 -61.5 -62.0 -62.5 
1.1106020904292042 1.214912784005428 1.227184630308513 1.1903690913992575 1.1903690913992575 1.2762720155208536 1.2210487071569704 1.2578642460662257 1.2701360923693108 1.1780972450961724 1.2026409377023426 1.2210487071569704 1.2087768608538851 1.2640001692177683 1.239456476611598 1.2578642460662257 1.2026409377023426 1.3069516312785663 1.3621749396424494 1.6137477888556946 1.3499030933393643 1.1167380135807468 1.1719613219446299 1.3008157081270237 1.0983302441261191 1.1290098598838318 1.1290098598838318 1.1780972450961724 1.1106020904292042 1.1535535524900022 1.2333205534600555 1.368310862793992 1.3437671701878218 1.0983302441261191 1.086058397823034 1.2087768608538851 1.1658253987930873 1.0799224746714913 1.0185632431560658 1.055378782065321 1.0737865515199487 1.0799224746714913 1.0676506283684062 
-49.0 -49.0 -49.0 -49.0 -49.0 -49.0 -49.0 -49.5 -49.0 -49.5 -49.5 -49.5 -49.5 -49.5 -49.5 -49.5 -49.0 -49.0 -49.5 -50.5 -50.5 -51.5 -54.0 -53.0 -53.5 -55.0 -56.0 -56.5 -56.0 -55.0 -53.5 -54.5 -54.5 -53.0 -51.0 -49.5 -49.0 -48.5 -48.5 -49.0 -49.0 -49.0 -49.0 
1.0737865515199487 1.0921943209745766 1.0737865515199487 1.0369710126106935 1.086058397823034 1.0492428589137786 1.0799224746714913 1.0492428589137786 1.030835089459151 1.0246991663076084 1.0369710126106935 1.0799224746714913 1.0492428589137786 1.055378782065321 0.9019807032767571 1.043106935762236 1.0246991663076084 1.0369710126106935 1.0676506283684062 1.1106020904292042 1.3621749396424494 1.325359400733194 1.4358060174609601 1.4296700943094176 1.4910293258248433 1.564660403643354 1.4358060174609601 1.4419419406125027 1.4787574795217582 1.5401167110371838 1.6198837120072371 1.4603497100671303 1.7426021750380885 1.6812429435226628 1.6996507129772904 1.4542137869155878 1.1903690913992575 1.030835089459151 0.9572040116406401 1.012427320004523 1.0369710126106935 1.030835089459151 1.0369710126106935 
-51.0 -50.5 -50.5 -50.5 -51.0 -51.0 -51.0 -51.0 -50.5 -51.0 -51.0 -51.0 -51.0 -51.0 -51.0 -51.0 -50.5 -50.5 -51.0 -52.5 -52.5 -52.5 -52.0 -52.5 -52.5 -52.5 -52.5 -53.0 -52.5 -53.0 -52.5 -52.5 -51.5 -53.5 -53.5 -54.5 -52.5 -52.0 -51.5 -51.5 -51.5 -51.5 -51.5 
1.4664856332186729 1.533980787885641 1.4726215563702154 1.4787574795217582 1.4848934026733007 1.5033011721279284 1.4971652489763858 1.533980787885641 1.5155730184310134 1.5401167110371838 1.5462526341887264 1.6382914814618648 1.5585244804918115 1.576932249946439 1.5155730184310134 1.521708941582556 1.576932249946439 1.4971652489763858 1.6996507129772904 2.024854640009046 2.1782527187976104 2.1537090261914402 1.9696313316451632 2.024854640009046 2.2764274892222915 2.2764274892222915 2.2641556429192065 2.3009711818284617 2.3316507975861747 2.3316507975861747 2.270291566070749 2.0800779483729293 1.9696313316451632 2.313243028131547 2.3009711818284617 2.061670178918302 1.6873788666742053 1.2640001692177683 1.2210487071569704 1.2517283229146832 1.3130875544301088 1.2885438618239387 1.3314953238847365 
-52.5 -52.5 -52.5 -52.5 -52.0 -52.0 -52.5 -52.5 -52.5 -52.5 -52.5 -52.5 -52.0 -52.5 -52.0 -52.0 -52.5 -52.0 -52.5 -51.5 -52.0 -50.0 -51.5 -54.5 -55.0 -54.5 -54.5 -54.5 -55.0 -55.5 -56.0 -54.0 -52.5 -50.5 -52.0 -54.0 -55.0 -55.0 -53.5 -53.5 -53.0 -53.0 -53.0 
1.705786636128833 1.6566992509164924 1.7671458676442586 1.7426021750380885 1.8285050991596843 1.7426021750380885 1.7241944055834606 1.6996507129772904 1.7426021750380885 1.7548740213411735 1.7732817907958012 1.7548740213411735 1.761009944492716 1.7548740213411735 1.7732817907958012 1.7671458676442586 1.748738098189631 1.6198837120072371 1.7978254834019713 2.2150682577068657 2.478912953223196 2.1966604882522383 2.435961491162398 2.337786720737717 2.4175537217077703 2.356194490192345 2.3930100291016 2.350058567040802 2.405281875404685 2.405281875404685 2.429825568010856 2.36846633649543 2.337786720737717 2.3439226438892597 2.5954954931025047 2.2886993355253766 1.88986433067511 1.521708941582556 1.4542137869155878 1.705786636128833 1.7732817907958012 1.718058482431918 1.7548740213411735 
-53.0 -53.0 -53.0 -53.0 -53.0 -53.0 -53.5 -53.0 -52.5 -53.0 -53.0 -52.5 -53.0 -53.0 -53.0 -53.0 -53.0 -53.5 -54.5 -58.0 -55.5 -55.0 -54.5 -55.5 -55.0 -55.5 -56.0 -55.5 -56.0 -55.5 -56.0 -54.5 -56.0 -53.5 -54.5 -59.0 -59.0 -57.5 -57.0 -54.0 -54.0 -54.5 -54.0 
4.528311285838413 4.381049130201391 4.454680208019902 4.448544284868359 4.313553975534423 4.417864669110647 4.491495746929157 4.270602513473625 4.466952054322987 4.546719055293041 4.270602513473625 4.344233591292136 4.399456899656019 4.338097668140593 4.374913207049849 4.166291819897402 4.289010282928253 5.8045833013592665 6.234097921967246 5.6143696836614465 5.970253226450915 5.448699758569798 5.853670686571607 5.872078456026235 5.8659425328746915 5.927301764390117 5.9088939949354895 5.902758071783947 5.835262917116979 5.749359992995383 5.6941366846315 5.829126993965437 6.277049384028044 6.14819499784565 5.8659425328746915 5.546874528994478 4.638757902566179 4.571262747899211 4.509903516383785 4.4362724385652745 
-64.5 -65.0 -64.5 -65.0 -65.0 -65.0 -64.0 -64.5 -63.5 -63.5 -64.5 -64.0 -64.0 -64.0 -64.0 -64.5 -64.0 -64.5 -59.5 -60.5 -59.0 -63.0 -60.0 -60.0 -60.0 -61.0 -60.5 -60.0 -60.0 -61.5 -60.0 -58.0 -58.0 -60.5 -63.0 -66.0 -66.0 -65.5 -67.0 -66.0 
4.92714629068868 4.97623367590102 4.97623367590102 5.062136600022616 4.9394181369917645 5.037592907416445 4.822835597112456 4.884194828627882 4.9394181369917645 5.013049214810275 4.822835597112456 4.626486056263094 5.074408446325701 4.871922982324796 4.706253057233147 5.00077736850719 4.718524903536232 5.976389149602458 5.994796919057086 0.4049709280018093 5.964117303299373 0.2945243112740431 0.07363107781851078 6.154330920997192 5.939573610693203 5.957981380147831 6.056156150572511 6.154330920997192 0.607456392002714 5.553010452146021 6.240233845118788 5.43029198911517 5.859806609723149 6.166602767300278 4.522175362686871 4.853515212870168 5.013049214810275 4.798291904506286 4.792155981354743 
-65.5 -63.5 -64.0 -64.5 -64.0 -62.0 -63.5 -63.0 -62.0 -63.0 -63.5 -64.0 -63.5 -62.0 -63.5 -64.0 -64.5 -65.5 -60.0 -69.5 -62.5 -68.5 -64.0 -66.0 -65.5 -65.0 -65.0 -64.0 -66.5 -69.0 -63.0 -64.5 -61.0 -67.5 -67.5 -65.0 -66.0 -64.5 -65.5 
