2.767301341345697 3.000466421104314 5.994796919057086 5.939573610693203 2.675262494072558 2.6445828783148455 5.798447378207723 2.429825568010856 2.5832236467994196 2.5893595699509624 2.4911847995262812 3.9453985864418692 2.761165418194154 2.5954954931025047 5.822991070813893 2.9943304979527716 3.06182565261974 0.37429131224409645 5.841398840268521 2.736621725587984 3.117048960983623 3.423845118560751 3.9085830475326135 2.60776733940559 2.4605051837685683 2.705942109830271 2.767301341345697 2.767301341345697 2.9513790358919736 2.6139032625571326 2.748893571891069 
-64.5 -67.5 -68.0 -67.5 -67.0 -67.5 -67.5 -66.0 -66.5 -66.0 -66.0 -62.0 -62.0 -65.0 -72.5 -67.0 -68.5 -71.5 -68.0 -63.0 -62.0 -62.0 -63.5 -67.5 -66.5 -66.0 -65.5 -66.0 -65.5 -66.5 -65.5 
1.4603497100671303 1.552388557340269 1.6873788666742053 1.705786636128833 1.7303303287350031 1.5953400194010667 1.5953400194010667 1.6505633277649499 1.6260196351587797 1.3314953238847365 1.564660403643354 1.533980787885641 1.6751070203711202 1.521708941582556 1.6751070203711202 1.761009944492716 1.6382914814618648 5.921165841238575 2.073942025221387 2.1598449493429825 2.1598449493429825 2.012582793705961 2.1353012567368124 2.073942025221387 2.2334760271614935 2.6998061866787286 2.767301341345697 4.577398671050753 1.552388557340269 1.227184630308513 1.4848934026733007 1.4726215563702154 1.4296700943094176 1.41126232485479 1.3314953238847365 1.3314953238847365 1.5401167110371838 1.5462526341887264 1.5707963267948966 1.5953400194010667 
-63.5 -63.5 -64.0 -63.5 -64.0 -64.0 -63.0 -64.0 -64.0 -64.0 -63.5 -63.0 -63.0 -62.0 -62.5 -64.0 -67.0 -64.5 -62.5 -61.5 -61.0 -60.5 -61.5 -62.0 -62.5 -64.0 -64.5 -70.5 -64.5 -63.5 -63.0 -63.0 -61.0 -61.0 -60.5 -60.5 -60.5 -59.5 -60.0 -60.5 
1.1535535524900022 1.1474176293384597 1.141281706186917 1.0921943209745766 1.0921943209745766 1.0492428589137786 1.0615147052168636 1.0615147052168636 0.9694758579437253 1.030835089459151 1.055378782065321 1.0799224746714913 1.086058397823034 1.0921943209745766 1.086058397823034 1.1290098598838318 1.3069516312785663 1.2026409377023426 1.1290098598838318 1.2640001692177683 1.2762720155208536 1.1351457830353744 1.141281706186917 1.2762720155208536 1.2701360923693108 1.3008157081270237 1.184233168247715 1.2517283229146832 1.3744467859455345 1.3621749396424494 1.325359400733194 1.184233168247715 1.3130875544301088 1.337631247036279 1.1903690913992575 1.1290098598838318 1.1535535524900022 1.214912784005428 1.2517283229146832 1.2640001692177683 1.2701360923693108 1.2640001692177683 1.3069516312785663 1.3069516312785663 
-49.0 -49.0 -49.0 -49.0 -49.0 -49.0 -49.0 -49.0 -49.0 -49.0 -49.5 -49.0 -49.0 -49.0 -48.5 -48.5 -49.0 -49.0 -52.5 -53.0 -51.5 -52.0 -53.0 -54.0 -54.0 -53.5 -52.5 -51.0 -52.5 -51.5 -51.5 -50.0 -48.5 -48.5 -48.5 -48.5 -48.5 -48.0 -48.0 -48.0 -48.5 -48.5 -48.5 -48.5 
1.055378782065321 1.043106935762236 1.030835089459151 0.9694758579437253 1.012427320004523 0.944932165337555 1.000155473701438 0.9878836273983529 1.0062913968529805 0.9756117810952678 0.9756117810952678 0.9142525495798421 1.0246991663076084 1.000155473701438 0.9817477042468103 1.012427320004523 1.2333205534600555 1.4726215563702154 1.4910293258248433 1.4419419406125027 1.5401167110371838 1.4726215563702154 1.5892040962495242 1.5707963267948966 1.5585244804918115 1.5707963267948966 1.5462526341887264 1.552388557340269 1.4480778637640452 1.533980787885641 1.6812429435226628 1.5585244804918115 1.5401167110371838 1.337631247036279 1.184233168247715 1.1044661672776617 1.043106935762236 1.0615147052168636 0.9940195505498954 1.012427320004523 1.030835089459151 1.0676506283684062 1.0737865515199487 1.055378782065321 
-51.0 -51.0 -51.0 -51.5 -51.5 -51.0 -51.5 -51.0 -51.5 -51.5 -51.5 -51.5 -51.0 -51.0 -51.0 -51.5 -52.0 -53.0 -53.0 -51.0 -51.5 -51.5 -51.5 -51.5 -51.5 -51.5 -51.5 -51.0 -51.0 -50.5 -52.5 -53.0 -53.5 -54.0 -52.5 -52.5 -52.0 -51.5 -51.5 -50.5 -51.0 -51.0 -50.5 -50.5 
1.4419419406125027 1.4480778637640452 1.4603497100671303 1.3928545554001621 1.423534171157875 1.3744467859455345 1.3928545554001621 1.4296700943094176 1.3989904785517047 1.3744467859455345 1.4296700943094176 1.41126232485479 1.4787574795217582 1.3744467859455345 1.3437671701878218 1.5033011721279284 1.932815792735908 1.9696313316451632 1.945087639038993 1.8407769454627694 1.9082721001297376 2.0800779483729293 2.110757564130642 2.116893487282185 2.12916533358527 2.110757564130642 2.1230294104337273 2.0800779483729293 1.8407769454627694 1.8162332528565992 2.055534255766759 2.0800779483729293 2.0800779483729293 1.932815792735908 1.5155730184310134 1.4358060174609601 1.4603497100671303 1.3989904785517047 1.3928545554001621 1.4051264017032472 1.5401167110371838 1.607611865704152 1.5401167110371838 1.5462526341887264 
-53.0 -53.0 -53.0 -53.0 -53.5 -53.0 -53.0 -52.5 -52.5 -52.5 -53.0 -53.0 -52.5 -52.5 -53.0 -54.5 -51.0 -49.5 -48.5 -50.5 -52.5 -52.5 -51.5 -51.5 -51.5 -51.0 -51.0 -52.0 -50.5 -50.5 -48.0 -49.0 -51.0 -52.5 -55.0 -55.0 -54.5 -53.5 -52.5 -52.5 -53.0 -53.0 -52.5 -52.5 
1.6935147898257479 1.7303303287350031 1.718058482431918 1.705786636128833 1.761009944492716 1.705786636128833 1.7241944055834606 1.7732817907958012 1.6751070203711202 1.6996507129772904 1.6873788666742053 1.748738098189631 1.7732817907958012 1.662835174068035 1.6321555583103222 1.736466251886546 2.2641556429192065 2.435961491162398 2.116893487282185 2.227340104009951 2.1966604882522383 2.2764274892222915 2.2334760271614935 2.2764274892222915 2.2641556429192065 2.3316507975861747 2.2334760271614935 2.2580197197676637 2.184388641949153 2.1905245651006955 2.1353012567368124 2.405281875404685 2.4850488763747385 2.110757564130642 1.859184714917397 1.705786636128833 1.7241944055834606 1.7119225592803755 1.6873788666742053 1.7241944055834606 1.6935147898257479 1.7978254834019713 1.8346410223112268 1.8285050991596843 
-53.5 -54.0 -53.5 -54.0 -54.5 -54.5 -54.5 -54.0 -54.0 -54.5 -54.5 -54.0 -54.5 -54.0 -56.0 -56.5 -56.5 -53.5 -54.0 -53.5 -54.5 -54.0 -53.5 -53.5 -53.5 -53.5 -53.5 -54.0 -52.0 -54.0 -53.0 -52.0 -54.5 -56.5 -57.0 -56.0 -55.5 -54.0 -54.5 -54.0 -53.5 -53.0 -53.0 -53.0 
4.1417481272912315 4.301282129231338 4.313553975534423 4.172427743048944 4.319689898685965 4.884194828627882 4.2031073588066565 4.246058820867455 4.25833066717054 4.086524818927348 4.28287435977671 4.693981210930062 3.749049045592507 4.595806440505381 5.602097837358362 5.841398840268521 6.019340611663256 5.553010452146021 5.706408530934585 5.3627968344482015 6.105243535784852 5.816855147662351 5.859806609723149 5.957981380147831 5.915029918087033 5.884350302329319 5.890486225480862 5.460971604872882 5.939573610693203 5.411884219660542 5.964117303299373 6.14819499784565 6.080699843178682 5.786175531904639 5.442563835418255 5.246214294568893 4.933282213840222 4.571262747899211 4.828971520263998 4.473087977474529 4.466952054322987 
-65.0 -65.5 -65.5 -65.5 -65.5 -67.0 -66.0 -66.5 -68.0 -67.0 -65.5 -66.5 -66.5 -69.5 -64.5 -61.0 -58.5 -60.0 -59.0 -62.5 -60.0 -60.0 -60.0 -58.5 -58.5 -59.0 -59.5 -60.5 -59.0 -58.5 -56.5 -57.5 -59.0 -63.0 -65.0 -67.5 -66.5 -63.5 -65.0 -65.5 -64.0 
5.381204603902829 5.037592907416445 5.154175447295755 1.9757672547967058 5.148039524144211 5.092816215780329 5.3198453723874035 5.21553467881118 2.024854640009046 5.148039524144211 5.381204603902829 4.988505522204105 5.160311370447297 5.945709533844745 5.8659425328746915 6.166602767300278 5.957981380147831 0.7424467013366504 0.16566992509164924 6.111379458936394 6.007068765360171 5.994796919057086 5.957981380147831 6.037748381117884 0.1043106935762236 5.681864838328415 5.994796919057086 5.6143696836614465 5.6143696836614465 5.957981380147831 5.6573211457222445 1.325359400733194 1.4603497100671303 4.657165672020807 4.7307967498393175 4.7307967498393175 4.509903516383785 4.7307967498393175 4.657165672020807 5.062136600022616 4.871922982324796 
-66.5 -65.5 -65.5 -68.5 -66.5 -67.0 -68.0 -67.0 -68.0 -67.0 -67.5 -65.0 -66.5 -63.5 -59.0 -65.5 -62.0 -66.5 -63.0 -61.0 -62.0 -62.0 -62.0 -61.0 -63.0 -64.0 -62.0 -65.5 -60.0 -62.0 -66.0 -76.0 -72.0 -69.0 -66.0 -65.0 -65.0 -64.5 -64.0 -64.0 -64.0 
