2.60776733940559 3.0495538063166547 2.8286605728611223 2.5280003384355365 2.5280003384355365 2.6875343403756435 2.675262494072558 2.6691265709210157 2.5157284921324514 2.6813984172241008 2.60776733940559 2.693670263527186 6.1850105367549055 3.5588354278946874 3.2336315008629315 2.282563412373834 0.7363107781851077 0.5338253141842031 3.1906800388021335 0.6565437772150544 5.141903600992669 2.141437179888355 0.06135923151542565 0.4356505437595221 4.448544284868359 5.921165841238575 5.841398840268521 
-70.5 -71.0 -69.0 -69.5 -71.0 -69.0 -69.5 -69.0 -69.0 -70.0 -68.0 -70.0 -73.5 -63.5 -65.0 -65.5 -73.5 -73.0 -67.0 -75.5 -71.5 -65.0 -67.5 -66.5 -67.0 -71.0 -70.5 
1.718058482431918 1.9205439464328227 1.9819031779482483 2.0064468705544187 2.184388641949153 5.553010452146021 2.380738182798515 5.608233760509904 2.509592568980909 2.337786720737717 2.429825568010856 2.509592568980909 2.3193789512830896 2.141437179888355 1.368310862793992 3.9085830475326135 3.3195344249845276 2.3193789512830896 2.1537090261914402 1.9941750242513334 2.0493983326152168 1.9082721001297376 2.0064468705544187 1.9757672547967058 2.043262409463674 2.2580197197676637 2.5893595699509624 1.5033011721279284 1.2701360923693108 1.184233168247715 1.423534171157875 1.3621749396424494 1.2946797849754812 1.2026409377023426 1.4173982480063325 1.3008157081270237 
-68.5 -67.0 -69.0 -68.5 -69.5 -71.0 -71.0 -71.5 -71.5 -68.0 -69.5 -70.0 -70.0 -70.5 -76.0 -68.0 -65.0 -62.0 -62.0 -62.0 -61.0 -61.0 -61.0 -60.5 -62.0 -63.0 -66.0 -66.0 -64.0 -63.0 -63.5 -63.5 -64.0 -63.0 -64.5 -64.5 
0.7240389318820226 0.7117670855789375 0.6688156235181395 0.6504078540635119 0.5951845456996288 0.5890486225480862 0.5399612373357456 0.521553467881118 0.5583690067903734 0.5890486225480862 0.5706408530934585 0.5829126993965437 0.5829126993965437 0.5951845456996288 0.619728238305799 0.8651651643675016 0.8528933180644165 1.1596894756415448 1.552388557340269 1.239456476611598 1.1658253987930873 1.1596894756415448 1.2210487071569704 1.337631247036279 1.227184630308513 1.2578642460662257 1.2701360923693108 1.1780972450961724 1.1780972450961724 1.4848934026733007 1.4419419406125027 0.9940195505498954 0.9572040116406401 1.043106935762236 1.000155473701438 0.9633399347921826 0.9387962421860124 0.9878836273983529 1.012427320004523 1.000155473701438 1.000155473701438 0.9694758579437253 0.9265243958829272 
-51.0 -50.5 -50.5 -51.0 -51.0 -51.0 -51.0 -51.0 -51.0 -51.0 -51.0 -51.0 -51.0 -51.0 -50.5 -50.0 -51.0 -54.0 -53.0 -50.5 -51.5 -53.0 -54.0 -54.5 -54.5 -54.5 -54.5 -54.5 -51.5 -51.5 -54.5 -52.5 -50.5 -49.0 -49.5 -49.0 -49.0 -49.0 -49.0 -49.5 -49.0 -49.0 -49.5 
1.1228739367322893 1.1106020904292042 1.0921943209745766 1.1351457830353744 1.1228739367322893 1.1167380135807468 1.055378782065321 1.1167380135807468 1.0737865515199487 1.0676506283684062 1.0676506283684062 1.0492428589137786 1.1167380135807468 1.043106935762236 1.141281706186917 1.4480778637640452 1.6014759425526093 1.5401167110371838 1.5401167110371838 1.4419419406125027 1.4419419406125027 1.552388557340269 1.5462526341887264 1.5278448647340985 1.521708941582556 1.5033011721279284 1.552388557340269 1.509437095279471 1.5401167110371838 1.564660403643354 1.7855536370988863 1.552388557340269 1.6935147898257479 1.4726215563702154 1.2455923997631406 1.0369710126106935 1.1228739367322893 1.000155473701438 1.0737865515199487 1.0246991663076084 0.9940195505498954 0.9817477042468103 0.9878836273983529 
-53.5 -53.0 -53.5 -53.5 -53.5 -53.0 -53.5 -53.0 -53.0 -53.0 -53.0 -53.5 -53.0 -53.5 -53.0 -52.5 -51.0 -52.5 -50.0 -50.5 -51.0 -52.0 -51.5 -51.5 -51.5 -51.5 -52.0 -52.0 -51.0 -51.0 -50.5 -52.5 -51.0 -53.0 -53.0 -52.5 -52.5 -52.0 -52.0 -52.0 -52.0 -52.0 -52.0 
1.1719613219446299 1.2026409377023426 1.2026409377023426 1.214912784005428 1.2087768608538851 1.2762720155208536 1.2455923997631406 1.2640001692177683 1.214912784005428 1.2333205534600555 1.1903690913992575 1.239456476611598 1.1965050145508 1.2640001692177683 1.1719613219446299 1.380582709097077 1.736466251886546 1.8653206380689396 1.9082721001297376 1.718058482431918 1.7855536370988863 1.9696313316451632 2.0371264863121317 2.086213871524472 2.110757564130642 2.1475731030398975 2.141437179888355 2.1537090261914402 2.1659808724945253 2.098485717827557 1.8285050991596843 1.7426021750380885 2.000310947402876 1.945087639038993 1.736466251886546 1.4664856332186729 1.0799224746714913 1.2026409377023426 1.2455923997631406 1.1228739367322893 1.214912784005428 1.2455923997631406 1.2517283229146832 1.2762720155208536 
-56.0 -55.5 -56.5 -56.5 -56.5 -56.5 -56.5 -57.0 -57.0 -57.0 -56.5 -56.5 -56.5 -57.0 -56.5 -56.0 -52.0 -50.0 -48.5 -49.5 -52.0 -52.0 -50.5 -51.0 -51.5 -52.5 -52.0 -52.0 -52.0 -52.5 -51.5 -50.0 -49.0 -49.5 -53.0 -55.0 -54.5 -53.5 -53.5 -53.5 -54.0 -54.0 -54.0 -54.0 
1.6014759425526093 1.736466251886546 1.6935147898257479 1.8162332528565992 1.7794177139473437 1.8162332528565992 1.705786636128833 1.7548740213411735 1.7119225592803755 1.7303303287350031 1.7119225592803755 1.7671458676442586 1.6505633277649499 1.6321555583103222 1.748738098189631 1.9573594853420782 2.1475731030398975 2.116893487282185 2.061670178918302 2.086213871524472 2.1598449493429825 2.2089323345553233 2.2212041808584084 2.2948352586769194 2.380738182798515 2.380738182798515 2.36846633649543 2.350058567040802 2.3439226438892597 2.3316507975861747 2.1475731030398975 2.2396119503130363 2.141437179888355 2.2334760271614935 2.1782527187976104 1.748738098189631 1.5830681730979816 1.761009944492716 1.7794177139473437 1.6505633277649499 1.6505633277649499 1.6751070203711202 1.662835174068035 1.662835174068035 
-59.0 -59.0 -59.0 -59.0 -59.5 -59.5 -59.5 -60.0 -59.5 -59.5 -59.0 -59.5 -59.0 -59.0 -60.0 -60.5 -54.5 -51.5 -52.0 -51.5 -53.5 -53.5 -53.0 -54.0 -54.0 -54.0 -54.0 -54.0 -53.0 -54.0 -52.5 -53.0 -51.5 -52.5 -55.5 -58.0 -56.5 -55.0 -54.5 -55.5 -55.5 -55.0 -55.0 -55.0 
5.743224069843841 5.663457068873787 5.675728915176872 5.902758071783947 6.037748381117884 5.994796919057086 5.9088939949354895 6.000932842208628 5.9518454569962875 6.050020227420969 6.043884304269426 5.982525072754001 6.025476534814799 6.013204688511713 6.050020227420969 6.074563920027139 5.982525072754001 5.50392306693368 5.878214379177777 5.71868037723767 5.982525072754001 5.810719224510809 5.890486225480862 6.000932842208628 6.037748381117884 6.019340611663256 5.93343768754166 6.037748381117884 6.013204688511713 5.712544454086128 5.5714182216006485 5.6941366846315 6.013204688511713 6.117515382087937 6.215690152512618 5.270757987175063 4.681709364626977 4.884194828627882 5.062136600022616 4.92714629068868 4.828971520263998 
-68.0 -69.0 -67.5 -66.0 -65.5 -63.5 -64.0 -64.5 -64.0 -64.0 -63.5 -65.0 -64.5 -65.0 -61.5 -58.5 -56.5 -59.0 -58.5 -62.0 -59.5 -59.0 -60.5 -61.5 -61.0 -61.5 -60.5 -60.5 -60.0 -61.0 -60.5 -58.5 -57.0 -60.0 -62.0 -73.0 -70.0 -70.0 -68.0 -69.0 -69.5 
4.749204519293945 4.632621979414636 1.2333205534600555 0.9019807032767571 1.0921943209745766 1.030835089459151 0.8344855486097889 0.7424467013366504 0.7117670855789375 0.944932165337555 0.6320000846088841 0.803805932852076 0.8160777791551611 0.803805932852076 4.037437433715008 0.859029241215959 5.921165841238575 5.546874528994478 5.890486225480862 5.651185222570702 0.1902136176978195 0.0674951546669682 6.111379458936394 6.062292073724054 6.043884304269426 6.031612457966341 6.000932842208628 6.092971689481767 6.092971689481767 0.25770877236478773 5.45483568172134 5.706408530934585 5.5714182216006485 5.620505606812989 6.080699843178682 4.9823695990525625 5.056000676871073 5.2339424482658075 4.76147636559703 4.129476280988146 
-75.5 -75.0 -71.0 -70.0 -69.0 -69.5 -68.5 -69.0 -68.0 -69.5 -69.5 -70.0 -69.5 -70.5 -68.5 -66.5 -61.5 -57.5 -60.0 -57.5 -64.5 -61.5 -61.0 -60.5 -62.5 -63.0 -62.5 -62.0 -61.0 -61.5 -65.0 -59.0 -62.0 -59.5 -65.0 -67.5 -68.5 -71.5 -70.0 -70.0 
