2.6813984172241008 2.791845033951867 2.742757648739526 3.018874190558942 2.742757648739526 2.7120780329818137 2.791845033951867 2.748893571891069 2.521864415283994 5.859806609723149 2.730485802436441 2.5893595699509624 2.8532042654672924 1.4480778637640452 1.0737865515199487 3.7551849687440497 2.9575149590435164 2.2641556429192065 2.454369260617026 2.9268353432858034 2.497320722677824 2.662990647769473 2.043262409463674 2.2334760271614935 2.3746022596469727 2.411417798556228 2.325514874434632 2.3071071049800045 5.589825991055276 5.620505606812989 2.429825568010856 
-67.5 -67.5 -66.5 -67.0 -67.5 -67.5 -68.0 -68.0 -65.0 -68.0 -66.5 -67.0 -68.0 -72.0 -65.0 -63.0 -62.5 -67.0 -69.5 -69.0 -70.5 -69.5 -70.0 -67.5 -67.5 -67.5 -65.0 -66.5 -67.0 -67.0 -66.5 
0.9326603190344698 0.859029241215959 1.509437095279471 1.41126232485479 1.5892040962495242 1.1474176293384597 1.6444274046134073 1.6505633277649499 1.607611865704152 1.5830681730979816 1.564660403643354 1.9634954084936207 1.6321555583103222 1.705786636128833 1.5585244804918115 1.6689710972195777 1.6751070203711202 5.246214294568893 2.356194490192345 2.2886993355253766 2.380738182798515 2.1537090261914402 2.172116795646068 2.227340104009951 2.172116795646068 2.2641556429192065 2.1782527187976104 2.12916533358527 2.270291566070749 2.3930100291016 2.5280003384355365 2.2089323345553233 2.061670178918302 1.8653206380689396 1.7671458676442586 1.4419419406125027 1.4051264017032472 1.4296700943094176 1.4358060174609601 1.4051264017032472 1.5155730184310134 
-66.0 -66.5 -62.5 -65.0 -64.0 -65.0 -64.0 -65.5 -64.5 -66.5 -64.5 -64.0 -65.5 -65.0 -64.5 -65.5 -68.0 -70.5 -68.0 -66.0 -63.0 -62.5 -61.0 -60.0 -60.0 -60.0 -60.5 -62.0 -62.0 -62.5 -64.5 -64.0 -63.5 -63.0 -62.5 -62.5 -62.0 -62.5 -61.0 -62.0 -62.5 
0.9326603190344698 0.9572040116406401 0.9878836273983529 1.012427320004523 1.030835089459151 0.9756117810952678 0.9203884727313847 0.944932165337555 0.9203884727313847 0.9203884727313847 0.944932165337555 1.000155473701438 0.9940195505498954 1.000155473701438 1.0062913968529805 1.1903690913992575 1.423534171157875 1.1535535524900022 0.9142525495798421 1.325359400733194 1.1780972450961724 1.1351457830353744 1.055378782065321 0.9940195505498954 1.1719613219446299 1.1596894756415448 1.1106020904292042 1.030835089459151 1.1965050145508 1.3008157081270237 1.3314953238847365 0.9817477042468103 0.8160777791551611 0.9756117810952678 1.055378782065321 0.9940195505498954 1.0062913968529805 1.0185632431560658 1.043106935762236 1.0737865515199487 1.0921943209745766 
-49.0 -49.0 -49.0 -49.0 -49.0 -49.0 -49.0 -49.5 -49.5 -49.5 -49.5 -49.0 -49.0 -49.0 -48.5 -49.0 -49.5 -50.5 -52.5 -55.0 -52.5 -53.5 -54.5 -55.5 -56.5 -57.0 -56.0 -54.5 -53.5 -54.5 -55.0 -55.5 -52.5 -50.0 -49.5 -48.5 -48.5 -49.0 -49.0 -48.5 -48.5 
1.0492428589137786 0.944932165337555 1.000155473701438 0.9633399347921826 0.9203884727313847 0.803805932852076 0.9265243958829272 0.9326603190344698 1.0062913968529805 0.9510680884890975 1.012427320004523 0.9265243958829272 0.9694758579437253 1.012427320004523 0.9326603190344698 1.043106935762236 1.380582709097077 1.4358060174609601 1.3069516312785663 1.5278448647340985 1.5033011721279284 1.4480778637640452 1.4971652489763858 1.509437095279471 1.4603497100671303 1.4848934026733007 1.4419419406125027 1.4726215563702154 1.4971652489763858 1.2946797849754812 1.5892040962495242 1.6935147898257479 1.7426021750380885 1.5155730184310134 1.2333205534600555 1.0185632431560658 0.9878836273983529 0.9326603190344698 0.9326603190344698 0.9694758579437253 0.9940195505498954 
-52.0 -52.0 -52.0 -52.0 -51.5 -52.0 -52.0 -52.0 -52.0 -52.0 -52.0 -52.0 -52.0 -52.0 -52.0 -52.0 -53.0 -52.0 -52.5 -52.0 -52.5 -52.5 -53.0 -52.5 -52.5 -52.5 -53.0 -54.0 -53.0 -52.0 -51.5 -52.0 -53.5 -55.0 -53.5 -53.0 -52.0 -51.5 -51.0 -50.5 -51.0 
1.3314953238847365 1.3867186322486196 1.3989904785517047 1.3069516312785663 1.3437671701878218 1.3867186322486196 1.2946797849754812 1.2701360923693108 1.282407938672396 1.3130875544301088 1.2885438618239387 1.3069516312785663 1.337631247036279 1.3192234775816514 1.3314953238847365 1.533980787885641 1.9205439464328227 2.0371264863121317 1.9696313316451632 1.9144080232812801 2.0800779483729293 2.2150682577068657 2.270291566070749 2.2641556429192065 2.282563412373834 2.2580197197676637 2.3009711818284617 2.325514874434632 2.1659808724945253 2.073942025221387 1.9880391010997909 2.448233337465483 2.399145952253143 2.043262409463674 1.6260196351587797 1.4664856332186729 1.337631247036279 1.3867186322486196 1.3989904785517047 1.4664856332186729 1.4419419406125027 
-53.5 -53.5 -53.5 -53.5 -53.5 -53.0 -53.5 -53.5 -53.5 -53.0 -53.0 -52.5 -52.5 -53.0 -53.0 -53.5 -50.5 -50.0 -50.5 -50.5 -54.5 -53.5 -54.0 -54.5 -55.0 -55.5 -55.5 -56.0 -56.5 -53.5 -52.0 -51.0 -54.5 -58.0 -57.0 -55.5 -54.0 -53.5 -53.0 -52.0 -52.5 
1.6812429435226628 1.6444274046134073 1.6505633277649499 1.6382914814618648 1.6444274046134073 1.6382914814618648 1.6689710972195777 1.662835174068035 1.736466251886546 1.6566992509164924 1.6812429435226628 1.662835174068035 1.718058482431918 1.705786636128833 1.5830681730979816 1.705786636128833 2.478912953223196 2.36846633649543 2.5341362615870793 2.3623304133438876 2.4175537217077703 2.399145952253143 2.3439226438892597 2.405281875404685 2.3930100291016 2.399145952253143 2.3746022596469727 2.36846633649543 2.448233337465483 2.3930100291016 2.405281875404685 2.2764274892222915 2.478912953223196 2.3623304133438876 1.6812429435226628 1.5892040962495242 1.5953400194010667 1.6137477888556946 1.5830681730979816 1.6137477888556946 1.6751070203711202 
-56.0 -56.0 -55.5 -55.5 -55.5 -55.0 -56.0 -56.0 -56.0 -56.0 -55.5 -55.5 -55.5 -56.0 -56.5 -58.0 -56.5 -55.0 -55.5 -54.0 -55.5 -55.0 -55.5 -56.0 -56.0 -56.0 -57.0 -55.5 -56.0 -55.0 -56.0 -54.0 -55.5 -63.0 -62.0 -58.5 -55.5 -55.0 -54.5 -53.5 -53.5 
4.871922982324796 4.23378697456437 4.184699589352029 4.473087977474529 4.4976316700806995 4.565126824747668 4.534447208989955 4.503767593232243 4.405592822807561 4.276738436625168 3.1968159619536762 4.239922897715912 4.147884050442774 4.09266074207889 4.8351074434155406 5.8045833013592665 6.178874613603362 6.12365130523948 5.565282298449106 5.816855147662351 5.755495916146925 5.964117303299373 5.902758071783947 5.786175531904639 5.816855147662351 5.786175531904639 5.835262917116979 5.798447378207723 5.6143696836614465 5.6573211457222445 5.289165756629691 5.773903685601553 0.0674951546669682 0.01227184630308513 5.841398840268521 5.2768939103266055 4.755340442445488 4.76147636559703 4.632621979414636 4.6448938257177215 4.528311285838413 
-67.5 -69.0 -68.0 -70.0 -67.5 -68.5 -69.0 -69.0 -69.5 -66.5 -68.0 -69.5 -68.5 -68.0 -71.0 -65.5 -61.5 -58.5 -61.5 -59.5 -64.0 -60.5 -60.5 -61.5 -62.0 -61.5 -61.0 -60.0 -62.0 -62.0 -61.5 -58.0 -59.5 -61.5 -63.5 -66.5 -66.0 -64.5 -65.5 -65.0 -63.5 
1.6566992509164924 4.804427827657828 5.47937937432751 4.945554060143307 4.994641445355648 5.037592907416445 6.227961998815704 5.982525072754001 0.21475731030398976 5.822991070813893 0.3129320807286708 0.28838838812250056 6.22182607566416 6.227961998815704 6.14819499784565 6.258641614573416 6.191146459906448 0.11044661672776616 0.3620194659410113 5.485515297479052 5.964117303299373 5.902758071783947 5.957981380147831 5.049864753719531 2.380738182798515 3.9699422790480394 4.534447208989955 4.577398671050753 4.626486056263094 4.632621979414636 4.577398671050753 
-73.0 -69.0 -71.5 -68.5 -69.5 -69.0 -62.5 -59.0 -62.5 -60.5 -66.5 -64.0 -64.0 -65.0 -65.5 -65.5 -64.5 -66.5 -69.5 -67.5 -62.5 -65.0 -64.0 -73.5 -71.5 -71.0 -68.5 -68.5 -67.5 -64.0 -65.5 
