3.0127382674073995 3.2888548092268146 0.04908738521234052 2.9943304979527716 6.22182607566416 3.1968159619536762 0.07363107781851078 3.1784081924990484 6.270913460876501 0.380427235395639 4.104932588381976 3.6263305825616556 3.1968159619536762 2.724349879284899 2.5464081078901644 2.6568547246179306 3.031146036862027 2.736621725587984 2.791845033951867 2.9329712664373457 5.755495916146925 5.7094764925103565 2.84706834231575 2.9084275738311756 3.08636934522591 2.6261751088602177 2.761165418194154 2.773437264497239 2.6200391857086753 2.859340188618835 2.6813984172241008 2.890019804376548 
-67.0 -67.5 -69.0 -66.5 -69.0 -69.0 -69.0 -69.0 -69.5 -70.5 -67.0 -63.5 -62.5 -65.5 -66.5 -68.5 -68.5 -68.0 -68.0 -68.5 -69.5 -68.0 -64.0 -64.0 -63.0 -64.0 -69.5 -69.0 -66.5 -69.0 -67.5 -68.5 
1.576932249946439 1.5892040962495242 1.4664856332186729 1.4910293258248433 1.6505633277649499 1.576932249946439 1.6137477888556946 1.4971652489763858 1.576932249946439 1.4173982480063325 4.657165672020807 1.4542137869155878 1.533980787885641 1.4848934026733007 1.5892040962495242 1.4848934026733007 0.8713010875190442 1.6751070203711202 5.602097837358362 2.1046216409791 1.8775924843720249 1.8407769454627694 1.6812429435226628 1.902136176978195 1.7978254834019713 1.932815792735908 5.473243451175968 1.8346410223112268 1.4603497100671303 1.2946797849754812 1.239456476611598 1.3437671701878218 1.3192234775816514 1.2946797849754812 1.4051264017032472 1.4910293258248433 1.5830681730979816 1.6260196351587797 1.533980787885641 1.718058482431918 1.6137477888556946 1.533980787885641 
-62.5 -62.5 -63.0 -63.0 -63.0 -62.5 -64.0 -62.5 -63.0 -62.5 -63.0 -63.0 -63.0 -63.0 -63.0 -62.0 -66.0 -69.0 -65.0 -62.5 -61.0 -60.5 -59.5 -60.0 -59.5 -59.5 -64.0 -65.0 -65.0 -63.0 -62.5 -62.0 -62.0 -61.0 -61.0 -60.5 -60.0 -60.0 -59.0 -60.5 -60.0 -60.5 
1.0369710126106935 1.000155473701438 1.012427320004523 1.0062913968529805 1.012427320004523 1.000155473701438 0.9940195505498954 0.9510680884890975 0.9633399347921826 0.944932165337555 0.9756117810952678 0.9817477042468103 0.9878836273983529 1.000155473701438 0.9633399347921826 1.0369710126106935 0.9756117810952678 0.8897088569736719 0.9387962421860124 1.0246991663076084 1.1474176293384597 1.1290098598838318 1.1780972450961724 1.1535535524900022 1.0185632431560658 1.0246991663076084 0.9940195505498954 1.000155473701438 0.9878836273983529 1.055378782065321 1.1658253987930873 1.2640001692177683 1.0983302441261191 0.9387962421860124 0.9878836273983529 1.0246991663076084 0.9633399347921826 0.9940195505498954 1.055378782065321 1.1044661672776617 1.1535535524900022 1.1596894756415448 1.227184630308513 1.2333205534600555 1.2455923997631406 1.1965050145508 
-49.0 -49.0 -49.0 -49.0 -49.0 -49.0 -49.0 -49.0 -49.0 -49.0 -49.0 -49.0 -49.5 -49.0 -49.0 -49.0 -49.0 -49.0 -49.5 -50.0 -50.5 -50.5 -51.0 -51.0 -51.5 -52.5 -53.0 -53.5 -53.5 -52.5 -52.0 -51.5 -52.5 -51.5 -49.5 -49.5 -49.0 -48.5 -49.0 -49.5 -49.5 -50.0 -50.0 -50.5 -50.0 -50.0 
1.1535535524900022 1.1903690913992575 1.086058397823034 1.1106020904292042 1.1351457830353744 1.1228739367322893 1.0921943209745766 1.0676506283684062 1.0676506283684062 1.0737865515199487 1.0676506283684062 1.1044661672776617 1.0676506283684062 1.1167380135807468 1.1228739367322893 1.1167380135807468 0.9572040116406401 0.9142525495798421 1.000155473701438 1.2026409377023426 1.2578642460662257 1.2517283229146832 1.4664856332186729 1.4542137869155878 1.5155730184310134 1.4910293258248433 1.4787574795217582 1.4726215563702154 1.5707963267948966 1.564660403643354 1.4051264017032472 1.509437095279471 1.4419419406125027 1.3744467859455345 1.3989904785517047 1.2026409377023426 1.0492428589137786 0.9878836273983529 1.1290098598838318 1.1351457830353744 1.1965050145508 1.239456476611598 1.2210487071569704 1.2087768608538851 1.2333205534600555 1.227184630308513 
-50.0 -50.0 -49.5 -49.5 -50.0 -50.0 -50.0 -50.0 -50.0 -50.0 -50.0 -50.0 -50.0 -50.0 -50.0 -50.0 -50.5 -52.0 -52.0 -51.0 -50.5 -51.5 -50.5 -51.0 -51.0 -51.0 -51.0 -51.5 -51.0 -52.0 -51.5 -50.5 -52.0 -52.0 -52.5 -52.5 -52.0 -51.5 -51.0 -50.5 -50.5 -50.5 -50.5 -50.0 -50.0 -50.0 
1.41126232485479 1.3867186322486196 1.3437671701878218 1.337631247036279 1.3744467859455345 1.337631247036279 1.3069516312785663 1.3314953238847365 1.2578642460662257 1.2946797849754812 1.3069516312785663 1.3008157081270237 1.3008157081270237 1.2578642460662257 1.282407938672396 1.2087768608538851 1.2210487071569704 1.1044661672776617 1.41126232485479 1.6996507129772904 1.7241944055834606 1.718058482431918 1.748738098189631 1.7548740213411735 1.9880391010997909 2.061670178918302 2.061670178918302 2.098485717827557 2.12916533358527 2.116893487282185 5.0958841773561 1.736466251886546 1.8775924843720249 1.88986433067511 1.8960002538266525 1.8162332528565992 1.5155730184310134 1.3744467859455345 1.3867186322486196 1.4664856332186729 1.521708941582556 1.521708941582556 1.552388557340269 1.6321555583103222 1.6198837120072371 1.6137477888556946 
-49.5 -50.0 -49.5 -49.5 -50.0 -50.0 -49.5 -50.0 -49.5 -49.5 -49.5 -49.5 -49.5 -49.5 -49.0 -49.5 -49.5 -51.0 -51.5 -48.5 -47.5 -48.0 -49.0 -49.5 -50.0 -49.5 -50.0 -50.0 -50.0 -51.0 -51.0 -48.5 -46.5 -47.0 -49.0 -50.0 -52.0 -51.0 -50.0 -49.5 -49.5 -49.0 -49.5 -49.5 -49.0 -49.5 
1.761009944492716 1.8100973297050567 1.7855536370988863 1.7548740213411735 1.7916895602504288 1.7794177139473437 1.7855536370988863 1.7916895602504288 1.736466251886546 1.761009944492716 1.718058482431918 1.7548740213411735 1.7303303287350031 1.718058482431918 1.705786636128833 1.736466251886546 1.6382914814618648 1.5953400194010667 1.8223691760081417 2.1230294104337273 2.043262409463674 2.2457478734645786 2.1905245651006955 2.2089323345553233 2.270291566070749 2.350058567040802 2.466641106920111 2.454369260617026 2.448233337465483 2.3930100291016 5.506991028509452 2.2518837966161214 2.073942025221387 2.1905245651006955 2.2886993355253766 1.9819031779482483 1.8100973297050567 1.7732817907958012 1.8100973297050567 1.859184714917397 1.8960002538266525 1.9082721001297376 1.9144080232812801 1.9512235621905356 1.9573594853420782 1.9573594853420782 
-50.5 -50.5 -50.5 -51.0 -50.5 -50.5 -51.0 -51.0 -50.5 -50.5 -51.0 -51.0 -50.5 -51.0 -50.0 -50.5 -51.0 -53.0 -54.0 -52.0 -52.5 -52.5 -52.0 -51.0 -52.0 -52.5 -52.5 -53.0 -53.0 -52.5 -52.5 -53.5 -50.5 -50.5 -52.5 -54.5 -55.0 -53.5 -51.0 -50.0 -49.5 -49.5 -49.5 -49.5 -49.5 -49.5 
4.957825906446392 5.043728830567988 5.013049214810275 5.123495831538041 5.289165756629691 4.92714629068868 4.994641445355648 4.9394181369917645 5.325981295538946 5.105088062083414 4.994641445355648 4.970097752749477 4.933282213840222 5.0253210611133605 4.9823695990525625 4.522175362686871 5.313709449235861 5.884350302329319 5.921165841238575 5.755495916146925 5.497787143782138 5.773903685601553 5.755495916146925 6.007068765360171 5.994796919057086 6.062292073724054 5.859806609723149 6.007068765360171 5.945709533844745 5.945709533844745 5.47937937432751 5.730952223540755 5.927301764390117 6.160466844148735 6.215690152512618 5.896622148632405 5.64504929941916 5.129631754689584 5.166447293598839 5.0682725231741586 4.945554060143307 5.031456984264903 4.994641445355648 5.043728830567988 4.9823695990525625 
-63.0 -63.0 -63.0 -63.0 -63.0 -63.0 -63.0 -63.0 -63.5 -63.0 -63.5 -63.0 -63.0 -61.5 -62.0 -64.0 -67.5 -61.0 -57.5 -56.5 -59.0 -58.5 -59.5 -57.5 -58.5 -59.0 -59.5 -58.5 -59.0 -59.5 -58.5 -55.5 -55.5 -56.5 -58.0 -61.0 -64.0 -65.0 -63.0 -62.5 -62.0 -63.5 -63.0 -63.0 -63.5 
5.092816215780329 5.252350217720435 5.540738605842936 5.240078371417351 5.442563835418255 4.859651136021712 5.123495831538041 5.043728830567988 5.227806525114265 5.221670601962723 5.332117218690489 5.424156065963627 5.252350217720435 5.178719139901925 5.240078371417351 5.1725832167503825 5.006913291658733 5.816855147662351 6.037748381117884 0.30066023442558565 6.160466844148735 5.9518454569962875 0.4724660826687775 0.07976700097005335 6.2463697682703305 0.018407769454627694 0.16566992509164924 0.28838838812250056 0.04601942363656923 6.270913460876501 6.013204688511713 5.730952223540755 6.270913460876501 0.07363107781851078 5.092816215780329 5.184855063053467 5.283029833478148 5.049864753719531 5.2768939103266055 5.264622064023521 5.240078371417351 5.313709449235861 
-64.0 -63.5 -63.5 -63.0 -63.5 -63.5 -63.5 -64.5 -64.5 -63.5 -64.0 -62.5 -63.5 -62.5 -61.5 -61.5 -63.0 -59.0 -62.5 -63.0 -61.5 -66.0 -64.5 -62.5 -63.0 -62.0 -63.0 -65.0 -68.5 -64.0 -65.0 -60.5 -61.0 -63.5 -64.0 -62.5 -61.0 -60.5 -60.5 -60.5 -60.5 -60.5 
