2.1782527187976104 2.5586799541932495 2.2518837966161214 5.663457068873787 2.429825568010856 2.4175537217077703 2.675262494072558 2.5157284921324514 2.429825568010856 2.380738182798515 2.564815877344792 2.3439226438892597 2.435961491162398 5.724816300389213 2.724349879284899 2.36846633649543 2.2948352586769194 4.246058820867455 6.188078498330676 1.7855536370988863 2.1782527187976104 2.1475731030398975 2.429825568010856 2.8777479580734626 2.7979809571034093 2.761165418194154 2.7857091108003242 1.9389517158874505 2.5464081078901644 3.3747577333484107 3.4913402732277192 3.988350048502667 5.626641529964532 2.435961491162398 2.172116795646068 
-67.0 -67.5 -66.0 -67.5 -67.5 -64.5 -67.0 -67.5 -67.0 -66.5 -66.0 -65.0 -66.5 -67.5 -67.0 -66.0 -67.0 -67.0 -63.5 -67.0 -69.0 -68.0 -68.5 -68.5 -67.5 -66.5 -69.0 -67.5 -63.0 -63.0 -67.0 -68.5 -71.0 -67.5 -68.0 
1.564660403643354 1.4358060174609601 1.5707963267948966 1.4787574795217582 1.4848934026733007 1.2026409377023426 1.5155730184310134 1.576932249946439 1.6566992509164924 1.6812429435226628 1.2885438618239387 1.552388557340269 1.533980787885641 1.533980787885641 1.521708941582556 1.5155730184310134 1.564660403643354 1.736466251886546 1.6260196351587797 2.064738140494073 1.8530487917658545 2.2150682577068657 2.0371264863121317 2.1537090261914402 2.2641556429192065 2.2457478734645786 2.2334760271614935 2.12916533358527 2.055534255766759 2.227340104009951 2.5157284921324514 2.7550294950426117 4.988505522204105 1.6382914814618648 1.6137477888556946 1.4787574795217582 1.2578642460662257 1.368310862793992 1.5585244804918115 1.6198837120072371 1.5585244804918115 1.4358060174609601 
-62.5 -63.0 -62.5 -62.5 -62.0 -63.5 -62.5 -63.0 -63.0 -62.0 -62.5 -63.5 -62.5 -63.0 -63.5 -63.0 -63.0 -62.5 -63.5 -66.0 -63.5 -64.5 -63.0 -61.0 -59.5 -59.5 -59.5 -60.0 -61.0 -62.0 -63.5 -68.0 -70.0 -66.5 -65.0 -64.0 -63.5 -63.5 -64.0 -64.0 -63.5 -63.5 
1.0185632431560658 1.043106935762236 1.0246991663076084 1.012427320004523 0.9878836273983529 1.012427320004523 1.000155473701438 1.030835089459151 1.012427320004523 1.030835089459151 1.0369710126106935 1.0246991663076084 0.9940195505498954 1.0062913968529805 0.9878836273983529 0.9756117810952678 1.000155473701438 1.1596894756415448 1.509437095279471 1.2762720155208536 0.9633399347921826 1.0737865515199487 1.1780972450961724 1.055378782065321 1.0062913968529805 1.0737865515199487 1.0676506283684062 1.1228739367322893 1.0615147052168636 1.012427320004523 1.1903690913992575 1.3437671701878218 1.1965050145508 1.055378782065321 1.1290098598838318 1.1903690913992575 1.0615147052168636 0.9633399347921826 1.0062913968529805 0.9510680884890975 0.9081166264282996 0.9019807032767571 0.8774370106705868 
-48.5 -49.0 -49.0 -49.0 -49.0 -49.0 -49.0 -49.0 -48.5 -49.0 -49.0 -48.5 -49.0 -49.0 -49.0 -49.0 -49.0 -49.0 -50.5 -50.5 -52.0 -54.5 -54.5 -54.0 -56.0 -57.0 -57.0 -57.0 -56.5 -54.5 -53.0 -54.0 -53.5 -52.0 -49.5 -48.5 -48.5 -48.5 -49.0 -49.5 -49.5 -49.5 -49.5 
0.9326603190344698 0.9265243958829272 0.8713010875190442 0.8713010875190442 0.8835729338221293 0.8774370106705868 0.8835729338221293 0.9142525495798421 0.8467573949128739 0.8958447801252144 0.8344855486097889 0.859029241215959 0.8528933180644165 0.859029241215959 0.8897088569736719 0.8897088569736719 0.9387962421860124 1.1719613219446299 1.3560390164909069 1.1965050145508 1.4542137869155878 1.368310862793992 1.337631247036279 1.4480778637640452 1.368310862793992 1.3560390164909069 1.3314953238847365 1.4603497100671303 1.4542137869155878 1.5462526341887264 1.4296700943094176 1.6689710972195777 1.6260196351587797 1.6751070203711202 1.552388557340269 1.1228739367322893 0.9878836273983529 1.000155473701438 1.030835089459151 0.9387962421860124 1.000155473701438 1.012427320004523 
-52.0 -52.0 -52.0 -52.0 -52.0 -52.0 -52.0 -52.0 -51.5 -52.0 -52.5 -52.0 -52.0 -52.0 -52.5 -52.0 -52.0 -52.0 -52.5 -53.0 -52.5 -52.5 -53.0 -53.5 -53.0 -53.0 -53.0 -53.0 -53.5 -52.5 -51.5 -51.5 -53.0 -53.5 -54.0 -52.5 -52.5 -52.5 -52.5 -52.5 -53.0 -52.5 
1.4419419406125027 1.4603497100671303 1.4419419406125027 1.423534171157875 1.4542137869155878 1.4358060174609601 1.41126232485479 1.4419419406125027 1.4173982480063325 1.4542137869155878 1.4480778637640452 1.4173982480063325 1.41126232485479 1.4480778637640452 1.423534171157875 1.3989904785517047 1.4787574795217582 1.9082721001297376 2.1046216409791 5.31064148766009 2.000310947402876 1.9634954084936207 2.2518837966161214 2.3071071049800045 2.3071071049800045 2.356194490192345 2.3009711818284617 2.2886993355253766 2.282563412373834 2.018718716857504 1.9266798695843652 1.945087639038993 2.12916533358527 2.018718716857504 1.8837284075235674 1.3621749396424494 1.282407938672396 1.239456476611598 1.2455923997631406 1.2578642460662257 1.3130875544301088 1.3008157081270237 
-53.0 -53.0 -53.0 -53.0 -53.0 -52.5 -53.0 -52.5 -53.0 -52.5 -53.0 -52.5 -52.5 -53.0 -52.5 -52.5 -53.0 -51.5 -51.5 -51.5 -51.5 -55.0 -57.0 -56.5 -57.0 -58.0 -57.5 -56.0 -55.5 -55.5 -52.0 -50.0 -49.0 -51.0 -51.5 -54.5 -54.5 -53.5 -54.5 -54.5 -54.5 -55.0 
1.6689710972195777 1.5953400194010667 1.6137477888556946 1.5585244804918115 1.607611865704152 1.5462526341887264 1.509437095279471 1.5892040962495242 1.6014759425526093 1.5401167110371838 1.5892040962495242 1.5830681730979816 1.5830681730979816 1.5953400194010667 1.4848934026733007 1.5707963267948966 1.509437095279471 2.2150682577068657 2.6384469551633027 2.291767297101148 2.3439226438892597 2.423689644859313 2.399145952253143 2.380738182798515 2.399145952253143 2.386874105950058 2.399145952253143 2.380738182798515 2.448233337465483 2.411417798556228 2.3071071049800045 2.3009711818284617 2.36846633649543 2.4605051837685683 2.3623304133438876 1.662835174068035 1.6137477888556946 1.6689710972195777 1.718058482431918 1.6566992509164924 1.607611865704152 1.5892040962495242 
-55.0 -55.0 -55.5 -55.5 -55.5 -55.5 -55.0 -55.0 -55.0 -55.0 -55.5 -55.0 -55.5 -55.5 -55.5 -56.0 -57.0 -59.5 -57.5 -58.0 -56.0 -57.0 -56.5 -57.0 -57.5 -57.0 -56.5 -56.0 -55.5 -56.0 -54.0 -55.0 -52.5 -54.0 -56.5 -59.0 -58.0 -55.0 -54.5 -56.0 -58.0 -58.0 
4.2031073588066565 4.28287435977671 4.227651051412827 4.239922897715912 3.9576704327449543 4.006757817957295 3.988350048502667 4.338097668140593 4.190835512503572 4.264466590322082 4.190835512503572 4.135612204139688 4.1601558967458585 4.196971435655114 4.0558452031696355 4.123340357836604 4.147884050442774 4.23378697456437 5.712544454086128 6.227961998815704 5.810719224510809 5.7616318392984684 5.289165756629691 5.743224069843841 5.730952223540755 5.638913376267617 5.675728915176872 5.730952223540755 5.8475347634200645 5.816855147662351 5.792311455056181 5.743224069843841 5.2768939103266055 5.66959299202533 6.178874613603362 6.080699843178682 5.970253226450915 5.5100589900852235 4.902602598082509 5.240078371417351 5.338253141842031 
-64.5 -63.5 -64.0 -64.0 -64.5 -64.5 -64.5 -64.0 -64.5 -63.5 -64.0 -64.5 -65.0 -65.0 -63.5 -64.0 -64.0 -66.0 -66.5 -60.5 -61.5 -61.0 -63.5 -62.0 -61.5 -62.0 -62.5 -62.5 -61.0 -61.0 -63.0 -62.0 -61.5 -58.5 -58.5 -60.0 -64.5 -68.0 -67.5 -69.0 -69.5 
4.374913207049849 4.448544284868359 4.669437518323892 4.522175362686871 4.577398671050753 4.601942363656923 4.172427743048944 4.663301595172349 4.424000592262189 1.4848934026733007 4.767612288748572 4.620350133111551 4.534447208989955 4.749204519293945 4.693981210930062 1.086058397823034 2.6813984172241008 5.9518454569962875 0.36815538909255385 5.957981380147831 0.09203884727313846 0.11658253987930872 5.957981380147831 5.878214379177777 5.730952223540755 5.743224069843841 5.878214379177777 0.09203884727313846 0.5767767762450011 5.915029918087033 6.264777537724958 5.663457068873787 5.994796919057086 6.056156150572511 4.8351074434155406 
-66.5 -67.5 -68.0 -68.0 -66.0 -67.5 -66.5 -66.5 -66.0 -67.5 -66.0 -67.5 -67.5 -67.5 -68.5 -71.0 -75.5 -60.5 -71.0 -62.5 -71.0 -68.5 -66.5 -66.0 -68.5 -67.0 -65.0 -65.5 -69.5 -63.5 -64.5 -61.5 -60.5 -62.5 -77.5 
