2.435961491162398 2.116893487282185 2.386874105950058 5.620505606812989 2.380738182798515 2.448233337465483 2.742757648739526 5.810719224510809 5.049864753719531 4.4362724385652745 3.5833791205008576 2.82252464970958 2.429825568010856 2.399145952253143 2.718213956133356 2.6568547246179306 2.9636508821950587 2.5832236467994196 2.705942109830271 2.6384469551633027 2.9513790358919736 3.77972866135022 2.7550294950426117 2.761165418194154 2.6568547246179306 2.564815877344792 2.6384469551633027 2.693670263527186 
-69.5 -69.5 -69.5 -69.5 -69.0 -68.0 -67.0 -71.0 -73.0 -67.0 -63.0 -65.0 -66.5 -68.5 -68.5 -68.0 -68.5 -68.0 -67.0 -63.5 -62.5 -63.0 -68.0 -64.0 -66.0 -65.0 -63.0 -65.5 
1.6444274046134073 1.5462526341887264 1.6566992509164924 1.6751070203711202 1.5953400194010667 1.5033011721279284 1.5707963267948966 1.4971652489763858 1.552388557340269 1.1965050145508 1.3867186322486196 1.6014759425526093 1.5585244804918115 1.3621749396424494 1.3928545554001621 1.3069516312785663 1.4910293258248433 1.4726215563702154 1.7303303287350031 2.073942025221387 2.0371264863121317 2.1353012567368124 2.2580197197676637 2.429825568010856 2.423689644859313 2.3316507975861747 2.2212041808584084 2.411417798556228 2.350058567040802 2.411417798556228 1.9941750242513334 2.1046216409791 1.4603497100671303 1.5953400194010667 1.5892040962495242 1.509437095279471 1.5953400194010667 1.5585244804918115 1.576932249946439 1.7671458676442586 1.6566992509164924 1.6260196351587797 1.607611865704152 
-62.5 -64.0 -64.0 -63.5 -64.5 -64.0 -64.5 -64.0 -63.5 -63.5 -64.0 -63.5 -63.5 -62.0 -64.0 -63.5 -64.5 -62.5 -63.5 -65.0 -62.0 -62.0 -62.5 -60.0 -60.0 -60.0 -60.0 -60.0 -61.5 -62.5 -62.5 -62.5 -60.5 -60.0 -60.0 -60.5 -59.5 -59.5 -59.0 -59.0 -59.0 -59.0 -59.0 
0.9756117810952678 0.9387962421860124 0.944932165337555 0.9326603190344698 0.9633399347921826 0.9572040116406401 0.9756117810952678 0.9633399347921826 0.9878836273983529 1.0185632431560658 0.9510680884890975 0.8467573949128739 0.9756117810952678 0.9326603190344698 0.9817477042468103 1.0062913968529805 1.1903690913992575 1.576932249946439 1.3621749396424494 1.1596894756415448 1.1658253987930873 1.325359400733194 1.043106935762236 0.9756117810952678 0.9694758579437253 0.9633399347921826 1.0676506283684062 0.9756117810952678 1.1167380135807468 1.3560390164909069 1.3069516312785663 1.1535535524900022 1.012427320004523 1.2578642460662257 1.509437095279471 1.509437095279471 1.4419419406125027 1.3867186322486196 1.3069516312785663 1.2885438618239387 1.2701360923693108 1.2333205534600555 1.227184630308513 
-49.5 -49.5 -49.5 -49.5 -49.5 -49.0 -49.0 -49.0 -49.0 -49.5 -49.5 -49.5 -50.0 -49.5 -50.0 -49.5 -49.0 -49.5 -50.0 -50.5 -55.0 -55.0 -54.5 -56.5 -58.0 -58.0 -58.0 -56.5 -55.0 -54.5 -55.5 -54.0 -52.0 -50.5 -50.0 -50.0 -49.0 -49.0 -49.5 -50.0 -50.0 -49.5 -49.0 
1.030835089459151 1.030835089459151 0.9940195505498954 0.9940195505498954 0.9878836273983529 0.9817477042468103 0.9817477042468103 0.9572040116406401 0.9756117810952678 0.9633399347921826 0.9387962421860124 0.9756117810952678 0.9694758579437253 1.043106935762236 1.0062913968529805 0.9265243958829272 0.9878836273983529 1.2946797849754812 1.3437671701878218 1.282407938672396 1.4051264017032472 1.4910293258248433 1.3560390164909069 1.4051264017032472 1.2885438618239387 1.239456476611598 1.2946797849754812 1.423534171157875 1.4173982480063325 1.4603497100671303 1.5278448647340985 1.552388557340269 1.337631247036279 1.4051264017032472 1.239456476611598 1.012427320004523 1.012427320004523 0.9572040116406401 0.9633399347921826 0.9510680884890975 0.9387962421860124 0.8958447801252144 0.8774370106705868 
-53.0 -53.0 -52.5 -52.5 -52.5 -52.0 -52.0 -52.0 -52.0 -52.0 -52.0 -52.0 -52.0 -52.0 -52.0 -52.5 -52.5 -52.5 -51.0 -51.5 -52.0 -53.0 -53.5 -53.5 -53.5 -53.5 -53.5 -53.5 -53.0 -53.0 -52.5 -54.0 -52.5 -53.5 -54.0 -53.0 -52.0 -51.5 -52.0 -52.0 -51.5 -51.5 -51.5 
1.2946797849754812 1.325359400733194 1.3192234775816514 1.2946797849754812 1.3314953238847365 1.3192234775816514 1.2517283229146832 1.2762720155208536 1.3192234775816514 1.2578642460662257 1.214912784005428 1.2640001692177683 1.1474176293384597 1.1780972450961724 1.239456476611598 1.1780972450961724 1.4726215563702154 1.9389517158874505 2.061670178918302 2.0800779483729293 2.0064468705544187 2.098485717827557 2.380738182798515 2.405281875404685 2.3009711818284617 2.380738182798515 2.399145952253143 2.429825568010856 2.356194490192345 2.1782527187976104 1.9757672547967058 2.12916533358527 2.184388641949153 2.1966604882522383 2.1046216409791 1.761009944492716 1.4603497100671303 1.4480778637640452 1.4664856332186729 1.4726215563702154 1.41126232485479 1.4664856332186729 1.4296700943094176 
-54.0 -54.0 -53.5 -53.5 -53.5 -53.5 -53.0 -53.0 -53.0 -52.0 -52.5 -52.5 -52.5 -52.5 -52.0 -52.5 -53.0 -50.0 -49.5 -49.5 -50.5 -54.5 -56.5 -57.0 -59.0 -59.0 -58.0 -57.0 -56.5 -56.0 -52.0 -50.5 -50.5 -52.0 -53.5 -54.0 -53.5 -52.5 -52.5 -53.0 -54.0 -54.5 -54.5 
1.6014759425526093 1.6382914814618648 1.6260196351587797 1.6382914814618648 1.6382914814618648 1.6260196351587797 1.6014759425526093 1.564660403643354 1.5953400194010667 1.5830681730979816 1.5953400194010667 1.5953400194010667 1.5953400194010667 1.6014759425526093 1.5830681730979816 1.5707963267948966 1.7855536370988863 2.282563412373834 2.2886993355253766 2.1537090261914402 2.448233337465483 2.3930100291016 2.448233337465483 2.411417798556228 2.4175537217077703 2.3746022596469727 2.405281875404685 2.3746022596469727 2.4850488763747385 2.399145952253143 2.497320722677824 2.429825568010856 2.509592568980909 2.429825568010856 2.172116795646068 1.9573594853420782 1.718058482431918 1.7426021750380885 1.7794177139473437 1.8039614065535141 1.7426021750380885 1.6260196351587797 1.6873788666742053 
-58.5 -57.5 -58.0 -57.5 -57.5 -57.0 -56.5 -56.0 -55.5 -55.0 -55.5 -55.0 -55.0 -55.0 -55.0 -55.5 -56.5 -56.0 -54.5 -56.0 -54.5 -55.5 -55.5 -57.5 -58.0 -57.5 -57.5 -56.5 -55.5 -55.5 -55.0 -56.5 -55.0 -56.0 -57.0 -56.0 -54.5 -53.5 -53.5 -53.5 -54.5 -54.5 -54.5 
4.792155981354743 4.71238898038469 4.632621979414636 4.601942363656923 4.577398671050753 4.546719055293041 4.479223900626073 4.485359823777615 4.669437518323892 4.552854978444583 4.583534594202296 4.608078286808466 5.767767762450011 5.878214379177777 6.160466844148735 5.546874528994478 5.706408530934585 5.332117218690489 5.93343768754166 5.767767762450011 5.8475347634200645 5.706408530934585 5.798447378207723 5.976389149602458 6.117515382087937 5.700272607783043 5.835262917116979 5.553010452146021 6.007068765360171 0.09203884727313846 0.030679615757712823 6.264777537724958 4.221515128261284 4.006757817957295 4.04357335686655 4.362641360746763 4.2031073588066565 4.565126824747668 
-70.5 -68.5 -71.0 -70.5 -71.0 -70.0 -69.5 -69.0 -69.0 -69.0 -69.0 -69.5 -64.5 -62.0 -58.5 -61.5 -61.0 -64.0 -61.0 -61.5 -62.5 -63.0 -62.5 -60.5 -60.5 -63.5 -61.0 -60.0 -59.5 -58.0 -60.5 -64.5 -70.0 -67.5 -66.5 -66.0 -66.0 -65.0 
2.024854640009046 2.1598449493429825 2.061670178918302 6.17273869045182 6.007068765360171 5.743224069843841 0.521553467881118 5.964117303299373 0.35588354278946877 0.1902136176978195 6.007068765360171 5.970253226450915 5.994796919057086 5.786175531904639 6.178874613603362 0.1902136176978195 2.5402721847386216 0.2638446955163303 5.994796919057086 6.062292073724054 5.080544369477243 5.0682725231741586 5.043728830567988 4.8351074434155406 4.368777283898306 4.595806440505381 
-72.0 -70.0 -69.0 -66.0 -60.0 -61.0 -67.0 -62.5 -70.0 -67.0 -67.5 -67.5 -67.5 -67.5 -66.5 -64.5 -64.5 -67.5 -61.5 -65.0 -64.0 -63.0 -63.5 -65.5 -65.0 -64.5 
