2.4175537217077703 2.718213956133356 5.6941366846315 5.724816300389213 5.743224069843841 2.5586799541932495 2.411417798556228 2.521864415283994 2.442097414313941 2.5280003384355365 2.5709518004963345 5.749359992995383 0.8406214717613314 4.3074180523828804 3.7122335066832517 3.2765829629237295 3.172272269347506 5.927301764390117 3.393165502803038 0.15339807878856412 0.21475731030398976 3.043417883165112 3.2827188860752723 0.2454369260617026 3.8840393549264434 4.319689898685965 2.4727770300716534 2.478912953223196 2.36846633649543 2.5464081078901644 
-70.5 -70.5 -72.0 -72.0 -72.0 -71.5 -70.0 -71.0 -71.5 -72.0 -70.5 -71.5 -74.0 -68.0 -61.0 -61.0 -64.0 -68.0 -67.0 -69.5 -73.5 -65.5 -64.0 -65.0 -65.5 -67.0 -68.0 -67.0 -67.5 -68.5 
1.4480778637640452 1.4910293258248433 1.7303303287350031 1.564660403643354 1.5278448647340985 1.5892040962495242 1.5707963267948966 1.4787574795217582 1.4603497100671303 1.521708941582556 1.564660403643354 1.6444274046134073 1.5892040962495242 1.521708941582556 1.4726215563702154 1.4419419406125027 4.752272480869716 1.2578642460662257 2.988194574801229 2.7979809571034093 2.423689644859313 2.2580197197676637 2.184388641949153 2.1659808724945253 2.282563412373834 2.1353012567368124 2.1475731030398975 2.3746022596469727 1.8775924843720249 1.41126232485479 1.4173982480063325 1.4726215563702154 1.3867186322486196 1.3499030933393643 1.509437095279471 1.3621749396424494 1.1780972450961724 1.3560390164909069 1.4480778637640452 
-66.0 -66.0 -67.0 -66.5 -67.5 -67.0 -67.0 -66.5 -67.0 -67.0 -66.5 -66.0 -66.0 -66.5 -66.5 -65.5 -67.5 -68.5 -66.5 -64.5 -62.5 -62.5 -60.5 -59.5 -60.5 -60.5 -62.5 -62.0 -65.5 -64.5 -64.0 -62.5 -62.5 -62.5 -63.0 -62.5 -63.0 -62.5 -62.0 
0.7547185476397354 0.7179030087304801 0.7117670855789375 0.6872233929727672 0.6135923151542565 0.6442719309119693 0.619728238305799 0.6688156235181395 0.607456392002714 0.6810874698212247 0.6442719309119693 0.6688156235181395 0.6381360077604268 0.6688156235181395 0.7179030087304801 0.6749515466696822 0.7363107781851077 1.0369710126106935 1.1351457830353744 1.0921943209745766 1.0921943209745766 1.3499030933393643 1.2333205534600555 1.141281706186917 1.1658253987930873 1.2517283229146832 1.2333205534600555 1.2455923997631406 1.1474176293384597 1.3130875544301088 1.3314953238847365 1.1965050145508 1.2517283229146832 1.1903690913992575 1.2640001692177683 1.055378782065321 0.9387962421860124 0.9081166264282996 0.9265243958829272 0.9633399347921826 0.9817477042468103 0.9510680884890975 0.9694758579437253 
-50.5 -50.5 -50.5 -50.5 -50.5 -50.5 -50.5 -50.5 -50.5 -50.5 -50.5 -50.5 -50.5 -50.5 -50.5 -50.5 -50.5 -49.0 -49.5 -50.5 -51.5 -52.0 -51.0 -52.5 -54.0 -54.0 -54.5 -54.5 -52.5 -52.5 -52.5 -51.5 -51.0 -49.5 -49.0 -49.0 -49.0 -50.0 -50.0 -50.0 -49.5 -49.5 -49.5 
0.8774370106705868 0.9203884727313847 0.9203884727313847 0.8835729338221293 0.9265243958829272 0.8651651643675016 0.9142525495798421 0.8897088569736719 0.8835729338221293 0.9326603190344698 0.8222137023067037 0.8897088569736719 0.8958447801252144 0.9081166264282996 0.9019807032767571 0.8774370106705868 0.9050486648525283 1.1351457830353744 1.4910293258248433 1.4787574795217582 1.4726215563702154 1.5401167110371838 1.509437095279471 1.521708941582556 1.552388557340269 1.6321555583103222 1.552388557340269 1.5585244804918115 1.5278448647340985 1.6505633277649499 1.3928545554001621 1.6689710972195777 1.576932249946439 1.4910293258248433 1.2946797849754812 1.043106935762236 0.8958447801252144 0.9694758579437253 1.012427320004523 0.9817477042468103 0.9817477042468103 1.000155473701438 0.9510680884890975 
-53.0 -53.0 -53.0 -53.0 -53.5 -53.5 -53.5 -53.5 -53.5 -53.5 -53.5 -53.5 -53.0 -53.0 -53.5 -53.0 -53.5 -52.5 -52.5 -52.5 -50.5 -51.0 -51.0 -51.5 -51.5 -51.5 -52.0 -52.0 -51.5 -51.5 -50.5 -51.0 -53.5 -54.5 -54.0 -53.0 -53.0 -53.0 -53.0 -53.0 -52.5 -52.5 -52.5 
1.0921943209745766 1.141281706186917 1.141281706186917 1.1044661672776617 1.0737865515199487 1.141281706186917 1.0737865515199487 1.1044661672776617 1.1596894756415448 1.0921943209745766 1.1228739367322893 1.1044661672776617 1.1719613219446299 1.184233168247715 1.2026409377023426 1.1167380135807468 1.175029283520401 1.5155730184310134 1.859184714917397 1.859184714917397 1.6321555583103222 1.662835174068035 1.9757672547967058 1.9880391010997909 2.0493983326152168 2.073942025221387 2.1046216409791 2.1659808724945253 2.116893487282185 2.000310947402876 1.859184714917397 1.7978254834019713 1.9819031779482483 1.9205439464328227 1.7119225592803755 1.368310862793992 1.1719613219446299 1.214912784005428 1.2885438618239387 1.2885438618239387 1.2885438618239387 1.3008157081270237 1.2640001692177683 
-54.5 -55.0 -55.0 -55.0 -55.0 -55.0 -55.0 -55.0 -55.0 -55.5 -55.0 -54.5 -55.0 -55.0 -55.0 -55.0 -55.5 -52.0 -49.0 -48.0 -50.0 -50.5 -51.0 -50.0 -50.5 -50.5 -51.0 -51.0 -52.0 -52.5 -50.0 -49.5 -48.5 -49.5 -51.0 -53.0 -53.5 -53.0 -53.5 -53.0 -53.5 -53.0 -53.0 
1.4296700943094176 1.4910293258248433 1.4603497100671303 1.3744467859455345 1.4542137869155878 1.4726215563702154 1.4664856332186729 1.3928545554001621 1.509437095279471 1.5401167110371838 1.4848934026733007 1.4971652489763858 1.509437095279471 1.4726215563702154 1.5278448647340985 1.337631247036279 1.3529710549151355 1.7426021750380885 2.2518837966161214 1.846912868614312 2.141437179888355 1.932815792735908 2.1905245651006955 2.2396119503130363 2.3009711818284617 2.3071071049800045 2.3009711818284617 2.3193789512830896 2.350058567040802 2.12916533358527 2.2212041808584084 2.110757564130642 2.141437179888355 2.337786720737717 2.1537090261914402 1.5953400194010667 1.509437095279471 1.6137477888556946 1.7916895602504288 1.7241944055834606 1.6812429435226628 1.6505633277649499 1.6321555583103222 
-58.0 -58.0 -58.5 -58.5 -58.0 -58.5 -58.5 -58.5 -58.5 -59.0 -58.5 -58.5 -58.5 -58.0 -58.5 -58.5 -60.0 -57.5 -53.0 -52.0 -54.0 -52.0 -53.0 -52.5 -53.0 -53.0 -53.5 -53.5 -54.0 -53.5 -53.0 -54.5 -51.0 -52.0 -56.0 -57.5 -56.5 -56.0 -54.5 -55.5 -55.5 -55.0 -55.0 
5.203262832508095 5.21553467881118 5.227806525114265 5.411884219660542 4.970097752749477 5.154175447295755 5.21553467881118 5.460971604872882 5.209398755659637 5.332117218690489 5.436427912266712 5.476311412751739 5.798447378207723 6.215690152512618 5.651185222570702 5.780039608753096 5.497787143782138 5.939573610693203 5.773903685601553 5.93343768754166 5.8659425328746915 5.927301764390117 6.013204688511713 6.056156150572511 5.884350302329319 5.64504929941916 5.43029198911517 6.031612457966341 0.0 5.964117303299373 5.829126993965437 5.786175531904639 5.117359908386499 5.178719139901925 5.129631754689584 5.2768939103266055 4.81056375080937 4.767612288748572 
-72.0 -72.0 -72.0 -71.0 -71.0 -71.0 -70.5 -69.0 -71.0 -72.0 -71.5 -71.5 -62.5 -57.0 -58.0 -57.5 -63.5 -58.5 -60.0 -60.5 -60.0 -60.5 -60.0 -59.0 -62.0 -60.5 -60.5 -57.0 -58.0 -61.5 -63.5 -67.5 -70.0 -70.0 -69.0 -68.0 -69.0 -69.0 
4.773748211900116 1.5401167110371838 4.669437518323892 4.81056375080937 4.841243366567084 4.755340442445488 4.878058905476339 5.890486225480862 5.589825991055276 6.166602767300278 5.638913376267617 6.264777537724958 5.994796919057086 5.872078456026235 5.970253226450915 5.921165841238575 5.872078456026235 0.06135923151542565 6.178874613603362 5.822991070813893 2.5832236467994196 5.93343768754166 5.841398840268521 2.012582793705961 4.890330751779424 4.878058905476339 4.871922982324796 
-75.5 -71.5 -76.0 -77.0 -77.0 -74.0 -71.5 -64.0 -57.0 -62.0 -63.5 -61.0 -60.5 -60.5 -60.5 -62.0 -61.5 -62.0 -65.0 -61.0 -65.0 -58.0 -64.5 -70.5 -69.0 -71.5 -69.0 
