2.380738182798515 2.564815877344792 2.8409324191642074 2.724349879284899 3.0127382674073995 3.2765829629237295 2.804116880254952 3.6140587362585705 3.6815538909255388 3.7429131224409646 3.9269908169872414 3.6447383520162835 3.6815538909255388 3.32567034813607 0.5031456984264903 3.650874275167826 2.8654761117703775 2.724349879284899 5.8475347634200645 0.46019423636569234 0.9940195505498954 6.2034183062095325 4.04357335686655 0.9940195505498954 0.30066023442558565 0.14726215563702155 
-70.0 -70.0 -70.5 -70.0 -71.0 -70.5 -70.5 -68.0 -67.5 -67.5 -68.0 -69.0 -68.5 -69.0 -72.5 -65.0 -61.5 -62.0 -69.5 -67.5 -69.5 -70.0 -64.0 -71.5 -74.0 -74.5 
2.386874105950058 2.5341362615870793 6.258641614573416 0.2086213871524472 0.8406214717613314 4.147884050442774 4.06811704947272 4.3074180523828804 4.129476280988146 4.086524818927348 4.178563666200486 4.09266074207889 4.154019973594316 4.135612204139688 4.6448938257177215 4.215379205109742 3.810408277107933 3.227495577711389 2.9759227284981438 2.767301341345697 2.564815877344792 2.2150682577068657 2.386874105950058 2.3439226438892597 1.8100973297050567 2.2150682577068657 2.399145952253143 2.5341362615870793 2.5280003384355365 2.9575149590435164 3.2397674240144743 0.5583690067903734 0.4970097752749477 4.289010282928253 
-67.5 -70.5 -75.0 -75.5 -74.5 -69.5 -68.0 -65.5 -64.5 -65.0 -64.5 -66.0 -67.0 -68.0 -70.5 -65.0 -63.0 -62.5 -63.5 -61.5 -64.0 -63.5 -64.0 -62.0 -63.0 -63.5 -63.5 -64.5 -63.0 -61.5 -60.0 -65.0 -67.0 -68.5 
0.5829126993965437 0.5645049299419159 0.5645049299419159 0.5154175447295755 0.5092816215780329 0.5031456984264903 0.5031456984264903 0.37429131224409645 0.4908738521234052 0.5951845456996288 0.5092816215780329 0.5399612373357456 0.5645049299419159 0.4172427743048944 0.5276893910326605 0.47860200582032003 0.6872233929727672 0.7976700097005334 0.9019807032767571 1.3069516312785663 1.1535535524900022 1.141281706186917 1.184233168247715 1.325359400733194 1.3069516312785663 1.3989904785517047 1.380582709097077 1.2946797849754812 0.9694758579437253 1.1351457830353744 1.2087768608538851 1.0921943209745766 1.0615147052168636 0.7547185476397354 0.8528933180644165 0.619728238305799 0.5154175447295755 0.5460971604872883 0.6504078540635119 0.607456392002714 0.5890486225480862 0.5767767762450011 0.5092816215780329 0.5338253141842031 
-51.0 -51.0 -51.0 -51.5 -52.0 -52.5 -53.0 -54.0 -54.5 -55.5 -55.5 -55.5 -55.5 -54.5 -53.5 -53.0 -50.5 -49.0 -51.0 -51.0 -49.5 -50.5 -52.5 -52.0 -52.0 -52.0 -51.5 -52.5 -52.0 -49.5 -50.5 -50.5 -53.5 -52.5 -51.0 -52.5 -52.0 -52.0 -52.5 -52.5 -52.0 -52.5 -52.5 -52.5 
0.9265243958829272 0.8528933180644165 0.9203884727313847 0.9756117810952678 1.000155473701438 0.9572040116406401 1.000155473701438 1.0676506283684062 1.1474176293384597 1.1474176293384597 1.184233168247715 1.1780972450961724 1.141281706186917 1.1351457830353744 1.0799224746714913 1.0492428589137786 0.9694758579437253 1.2087768608538851 1.239456476611598 1.2701360923693108 1.2517283229146832 1.3069516312785663 1.4358060174609601 1.2640001692177683 1.4419419406125027 1.4726215563702154 1.4419419406125027 1.41126232485479 1.3437671701878218 1.3499030933393643 1.2026409377023426 1.012427320004523 1.4296700943094176 1.1167380135807468 0.9019807032767571 0.6994952392758523 0.803805932852076 0.9940195505498954 0.9694758579437253 1.0185632431560658 1.0246991663076084 1.043106935762236 1.1044661672776617 1.030835089459151 
-53.5 -54.0 -54.0 -54.0 -54.0 -54.5 -54.0 -54.5 -54.5 -54.5 -55.0 -54.5 -54.5 -54.5 -54.5 -54.5 -53.5 -51.5 -52.0 -50.0 -49.5 -50.0 -50.0 -50.0 -50.0 -50.5 -50.5 -50.0 -50.0 -49.5 -50.0 -48.5 -50.5 -52.0 -53.5 -55.0 -55.5 -54.0 -53.5 -53.5 -53.5 -54.0 -54.0 -54.0 
1.2087768608538851 1.141281706186917 1.0492428589137786 1.043106935762236 1.0369710126106935 0.9572040116406401 0.9019807032767571 0.8467573949128739 0.7792622402459057 0.8958447801252144 0.760854470791278 0.760854470791278 0.8283496254582462 0.7179030087304801 0.9081166264282996 0.944932165337555 1.086058397823034 1.184233168247715 1.2946797849754812 1.2026409377023426 1.4419419406125027 1.7119225592803755 1.8223691760081417 1.7671458676442586 1.6935147898257479 1.8653206380689396 1.8407769454627694 1.7978254834019713 1.7426021750380885 1.521708941582556 1.368310862793992 1.1106020904292042 1.282407938672396 1.2946797849754812 1.030835089459151 0.8222137023067037 0.662679700366597 0.7363107781851077 0.7301748550335652 0.8958447801252144 0.8897088569736719 0.9940195505498954 0.9817477042468103 1.0492428589137786 
-55.0 -55.0 -55.5 -55.5 -55.5 -56.5 -57.0 -58.0 -58.5 -59.5 -59.5 -59.0 -58.5 -57.5 -57.5 -56.5 -53.5 -49.0 -49.0 -49.0 -51.0 -49.5 -49.0 -49.5 -49.5 -49.0 -49.0 -49.0 -49.0 -51.0 -49.0 -50.0 -48.0 -51.0 -53.0 -56.5 -58.0 -57.0 -56.0 -57.0 -57.0 -56.5 -56.5 -56.5 
1.4419419406125027 1.4910293258248433 1.5155730184310134 1.5401167110371838 1.4173982480063325 1.5462526341887264 1.552388557340269 1.7241944055834606 1.6873788666742053 1.7426021750380885 1.8162332528565992 1.846912868614312 1.8162332528565992 1.7241944055834606 1.6873788666742053 1.6566992509164924 1.6137477888556946 1.5892040962495242 1.7426021750380885 1.7303303287350031 1.8162332528565992 1.9389517158874505 2.030990563160589 2.012582793705961 2.073942025221387 2.067806102069844 2.0493983326152168 2.012582793705961 1.9819031779482483 1.8039614065535141 1.5585244804918115 1.6751070203711202 1.4173982480063325 1.4542137869155878 1.380582709097077 1.3069516312785663 1.4726215563702154 1.4419419406125027 1.509437095279471 1.5462526341887264 1.521708941582556 1.576932249946439 1.6444274046134073 1.6505633277649499 
-59.0 -60.0 -60.0 -61.0 -61.0 -61.0 -61.5 -62.5 -63.0 -62.0 -62.5 -62.5 -62.0 -62.0 -62.0 -61.5 -57.0 -52.5 -53.5 -51.5 -52.5 -51.0 -51.0 -51.0 -51.0 -51.5 -51.5 -51.0 -51.5 -53.0 -52.0 -54.5 -52.0 -54.5 -57.5 -62.5 -61.0 -57.0 -57.5 -58.0 -59.5 -60.0 -60.0 -60.5 
5.663457068873787 5.2768939103266055 5.64504929941916 5.638913376267617 5.730952223540755 5.9518454569962875 5.675728915176872 5.724816300389213 5.872078456026235 5.902758071783947 5.822991070813893 5.798447378207723 5.71868037723767 5.724816300389213 5.822991070813893 5.945709533844745 5.638913376267617 5.534602682691394 5.056000676871073 5.098952138931871 5.45483568172134 5.835262917116979 5.608233760509904 5.7616318392984684 5.700272607783043 5.810719224510809 5.663457068873787 5.743224069843841 5.638913376267617 5.565282298449106 5.516194913236766 4.601942363656923 4.988505522204105 5.66959299202533 5.546874528994478 6.191146459906448 6.129787228391022 5.829126993965437 5.841398840268521 5.878214379177777 5.780039608753096 5.7616318392984684 
-67.5 -67.5 -66.0 -66.5 -67.0 -66.0 -64.0 -65.0 -64.5 -65.0 -63.0 -63.0 -64.5 -64.5 -65.0 -63.0 -61.0 -57.5 -62.5 -60.0 -60.5 -58.5 -59.5 -59.5 -59.5 -58.5 -59.0 -58.0 -59.5 -60.0 -58.5 -60.5 -57.0 -59.0 -62.5 -64.5 -66.5 -66.0 -66.0 -66.0 -65.0 -65.0 
0.9756117810952678 0.9387962421860124 0.7424467013366504 0.8713010875190442 0.5338253141842031 0.1595340019401067 0.2270291566070749 0.1349903093339364 0.09817477042468103 0.01227184630308513 0.04908738521234052 0.14726215563702155 0.1227184630308513 0.16566992509164924 0.20248546400090464 6.2463697682703305 5.43029198911517 5.092816215780329 5.688000761479957 5.295301679781233 6.129787228391022 5.835262917116979 5.565282298449106 5.921165841238575 5.884350302329319 5.681864838328415 5.540738605842936 5.638913376267617 5.6941366846315 5.6941366846315 5.411884219660542 5.921165841238575 5.031456984264903 5.375068680751287 5.460971604872882 6.037748381117884 0.12885438618239387 6.062292073724054 5.853670686571607 6.252505691421874 0.07363107781851078 0.20248546400090464 0.16566992509164924 0.28838838812250056 
-69.0 -69.0 -67.0 -68.0 -66.5 -66.0 -65.5 -64.5 -64.5 -64.0 -64.0 -63.5 -63.0 -63.0 -64.5 -63.5 -61.5 -57.0 -57.5 -61.5 -59.5 -56.5 -57.5 -59.0 -57.5 -59.0 -58.5 -57.0 -57.5 -60.5 -60.0 -60.0 -59.5 -59.5 -62.0 -63.5 -65.5 -65.0 -65.0 -67.0 -66.5 -66.5 -66.5 -66.0 
