2.8654761117703775 6.14819499784565 6.013204688511713 2.804116880254952 5.93343768754166 5.902758071783947 5.915029918087033 4.1172044346850605 3.6447383520162835 3.147728576741336 2.724349879284899 0.22089323345553233 0.03681553890925539 0.35588354278946877 0.6135923151542565 3.5833791205008576 3.6447383520162835 4.190835512503572 2.497320722677824 5.816855147662351 
-72.0 -73.5 -73.5 -71.0 -74.0 -74.0 -73.0 -64.0 -61.5 -63.0 -64.0 -70.0 -69.0 -69.5 -70.5 -62.0 -62.0 -64.0 -70.0 -73.5 
0.25770877236478773 5.829126993965437 5.663457068873787 2.000310947402876 5.240078371417351 1.7548740213411735 1.4051264017032472 1.5462526341887264 1.6751070203711202 2.4605051837685683 2.1046216409791 2.12916533358527 2.098485717827557 1.9757672547967058 1.7119225592803755 2.098485717827557 1.9941750242513334 2.1659808724945253 2.890019804376548 4.473087977474529 1.1903690913992575 1.3867186322486196 1.552388557340269 1.521708941582556 0.9633399347921826 1.380582709097077 
-77.0 -78.0 -78.0 -70.5 -73.0 -69.0 -66.5 -67.5 -68.5 -62.5 -63.0 -61.5 -60.5 -60.0 -60.0 -60.5 -63.0 -62.5 -62.0 -68.5 -65.5 -65.5 -65.0 -66.0 -66.0 -66.5 
0.619728238305799 0.6320000846088841 0.5890486225480862 0.619728238305799 0.5951845456996288 0.6013204688511713 0.5767767762450011 0.6442719309119693 0.6504078540635119 0.6320000846088841 0.7301748550335652 0.662679700366597 0.7301748550335652 0.7731263170943632 0.7179030087304801 0.760854470791278 0.7669903939428205 0.7915340865489908 1.0983302441261191 1.282407938672396 0.9817477042468103 1.1535535524900022 1.3192234775816514 1.1474176293384597 1.0799224746714913 1.2087768608538851 1.282407938672396 1.2578642460662257 1.2762720155208536 1.1228739367322893 1.2455923997631406 1.3437671701878218 1.3192234775816514 1.3621749396424494 1.2087768608538851 1.2333205534600555 1.0492428589137786 0.859029241215959 0.8160777791551611 0.7731263170943632 0.760854470791278 0.7915340865489908 0.7424467013366504 
-52.0 -52.0 -51.5 -52.0 -52.0 -51.5 -51.5 -51.5 -51.5 -51.5 -51.5 -51.5 -51.5 -51.5 -51.0 -51.5 -51.0 -50.5 -49.0 -48.5 -50.0 -51.5 -53.5 -51.5 -53.0 -54.0 -54.0 -53.5 -53.5 -51.5 -50.0 -51.0 -51.0 -50.5 -49.0 -48.0 -49.0 -50.0 -50.5 -50.5 -51.0 -50.5 -51.0 
0.9756117810952678 0.944932165337555 0.9572040116406401 0.9633399347921826 0.9572040116406401 0.9633399347921826 0.9817477042468103 1.0246991663076084 0.9878836273983529 0.9878836273983529 1.0062913968529805 0.9081166264282996 0.9817477042468103 0.9326603190344698 0.9265243958829272 0.9265243958829272 0.9019807032767571 0.8835729338221293 1.0615147052168636 1.325359400733194 1.3989904785517047 1.4664856332186729 1.4173982480063325 1.5155730184310134 1.5155730184310134 1.5155730184310134 1.521708941582556 1.4664856332186729 1.4848934026733007 1.4664856332186729 1.5033011721279284 1.41126232485479 1.4419419406125027 1.5892040962495242 1.4358060174609601 1.2946797849754812 1.1719613219446299 0.9142525495798421 1.1044661672776617 1.0615147052168636 1.030835089459151 1.0369710126106935 0.9878836273983529 
-54.0 -54.0 -53.5 -53.5 -54.0 -53.5 -53.5 -53.5 -53.0 -53.5 -53.5 -53.5 -53.5 -53.0 -53.0 -53.0 -53.0 -53.0 -52.0 -53.0 -52.5 -51.0 -51.5 -51.0 -51.5 -51.5 -52.0 -51.0 -51.0 -50.5 -50.5 -51.0 -50.0 -52.0 -52.5 -52.5 -53.0 -54.0 -53.0 -53.0 -53.5 -53.0 -53.5 
1.0246991663076084 0.9387962421860124 0.9203884727313847 0.9756117810952678 0.9265243958829272 0.9694758579437253 1.012427320004523 0.9940195505498954 1.012427320004523 1.000155473701438 1.000155473701438 0.9878836273983529 1.0492428589137786 0.9940195505498954 1.012427320004523 1.0185632431560658 1.012427320004523 1.0921943209745766 1.423534171157875 1.6812429435226628 1.8039614065535141 1.6689710972195777 1.7548740213411735 1.9819031779482483 2.086213871524472 2.086213871524472 2.061670178918302 2.018718716857504 1.9941750242513334 1.9634954084936207 1.7794177139473437 1.6382914814618648 1.552388557340269 1.718058482431918 1.7241944055834606 1.5585244804918115 1.282407938672396 0.8406214717613314 1.0492428589137786 1.0983302441261191 0.9878836273983529 1.012427320004523 1.030835089459151 
-55.0 -55.0 -55.5 -55.0 -55.0 -55.0 -55.0 -54.5 -54.5 -54.5 -54.0 -54.0 -53.5 -53.5 -53.5 -53.0 -53.0 -53.0 -52.0 -49.5 -47.5 -49.5 -49.5 -51.5 -50.5 -50.5 -51.0 -50.0 -49.5 -49.5 -51.0 -49.5 -50.0 -47.0 -47.5 -50.5 -52.5 -54.5 -54.5 -54.0 -54.5 -54.0 -54.0 
1.3989904785517047 1.3928545554001621 1.337631247036279 1.4051264017032472 1.368310862793992 1.423534171157875 1.3744467859455345 1.3867186322486196 1.4173982480063325 1.423534171157875 1.368310862793992 1.380582709097077 1.4603497100671303 1.3989904785517047 1.4051264017032472 1.4542137869155878 1.4603497100671303 1.325359400733194 1.509437095279471 2.1230294104337273 2.098485717827557 2.1475731030398975 2.2089323345553233 2.2212041808584084 2.2518837966161214 2.2764274892222915 2.2334760271614935 2.2089323345553233 2.172116795646068 2.1353012567368124 1.9819031779482483 2.030990563160589 2.067806102069844 1.8162332528565992 2.067806102069844 1.9573594853420782 1.9082721001297376 1.3560390164909069 1.6198837120072371 1.607611865704152 1.576932249946439 1.5462526341887264 1.6198837120072371 
-59.5 -59.5 -59.5 -59.0 -58.5 -58.5 -58.5 -58.5 -58.0 -58.0 -57.5 -57.0 -57.5 -56.5 -57.0 -56.5 -57.0 -57.5 -56.0 -53.5 -52.0 -55.0 -52.0 -53.0 -53.0 -53.0 -53.0 -52.5 -52.5 -52.5 -52.5 -51.0 -53.0 -52.5 -51.5 -54.0 -57.0 -59.5 -56.5 -56.5 -57.0 -58.0 -57.5 
5.47937937432751 5.418020142812084 5.3627968344482015 5.3627968344482015 5.270757987175063 5.283029833478148 5.307573526084319 5.3627968344482015 5.350524988145116 5.203262832508095 5.056000676871073 4.700117134081604 5.755495916146925 5.737088146692298 5.915029918087033 5.700272607783043 5.632777453116074 6.111379458936394 5.976389149602458 5.945709533844745 6.007068765360171 5.957981380147831 5.915029918087033 5.872078456026235 5.829126993965437 5.583690067903734 5.743224069843841 5.154175447295755 5.730952223540755 5.9518454569962875 5.884350302329319 5.786175531904639 5.559146375297564 5.6143696836614465 5.6143696836614465 5.6573211457222445 5.43029198911517 
-68.0 -68.0 -68.5 -67.5 -67.5 -67.5 -68.0 -68.5 -67.0 -68.5 -68.5 -68.5 -67.0 -61.5 -57.0 -63.0 -61.0 -60.0 -61.0 -59.5 -60.5 -59.5 -59.5 -59.5 -58.5 -59.5 -59.5 -58.0 -56.0 -59.5 -62.0 -69.5 -68.0 -69.0 -69.0 -68.5 -67.5 
0.6688156235181395 0.37429131224409645 0.8344855486097889 0.17794177139473438 0.5829126993965437 0.39269908169872414 0.1718058482431918 6.234097921967246 0.018407769454627694 3.074097498922825 6.191146459906448 5.743224069843841 5.577554144752192 0.018407769454627694 5.786175531904639 0.06135923151542565 6.037748381117884 6.019340611663256 6.1420590746941075 5.982525072754001 5.780039608753096 5.927301764390117 6.191146459906448 5.638913376267617 5.970253226450915 5.681864838328415 5.442563835418255 5.712544454086128 6.050020227420969 3.9699422790480394 
-69.0 -68.5 -70.0 -68.5 -69.0 -70.0 -72.5 -73.0 -73.0 -72.5 -72.5 -58.0 -57.5 -60.5 -61.5 -62.0 -60.5 -61.0 -61.5 -61.0 -60.0 -58.5 -62.0 -60.0 -59.5 -62.0 -57.5 -60.0 -64.0 -75.0 
