2.337786720737717 5.681864838328415 5.773903685601553 2.564815877344792 5.859806609723149 6.17273869045182 0.20248546400090464 0.18407769454627693 0.28838838812250056 4.196971435655114 4.1417481272912315 3.3318062712876126 2.8409324191642074 0.37429131224409645 0.25157284921324513 0.4724660826687775 6.105243535784852 2.7857091108003242 3.0372819600135696 3.2643111166206444 3.749049045592507 4.037437433715008 4.693981210930062 5.816855147662351 5.460971604872882 
-69.5 -72.0 -72.5 -71.0 -71.5 -71.0 -72.0 -72.0 -71.0 -60.5 -60.0 -61.0 -62.0 -69.5 -69.0 -70.0 -71.5 -64.5 -62.0 -60.5 -60.5 -63.0 -65.0 -76.0 -73.0 
1.9082721001297376 1.8223691760081417 1.8653206380689396 2.0064468705544187 2.1905245651006955 1.945087639038993 1.9573594853420782 1.9144080232812801 4.970097752749477 4.8351074434155406 0.16566992509164924 2.2518837966161214 2.423689644859313 2.2580197197676637 2.055534255766759 2.055534255766759 1.9082721001297376 2.1230294104337273 2.12916533358527 2.3746022596469727 2.5954954931025047 4.724660826687775 1.5953400194010667 1.368310862793992 1.3437671701878218 1.2210487071569704 1.1535535524900022 1.4910293258248433 1.0615147052168636 1.521708941582556 
-68.5 -67.5 -67.5 -68.5 -69.0 -68.5 -70.5 -70.0 -72.0 -74.0 -73.5 -62.5 -64.0 -62.5 -61.5 -61.0 -61.0 -61.5 -61.0 -62.5 -63.5 -70.5 -66.5 -64.0 -64.5 -63.5 -64.5 -63.5 -64.5 -62.5 
0.6135923151542565 0.6320000846088841 0.6320000846088841 0.6258641614573416 0.6320000846088841 0.6810874698212247 0.7179030087304801 0.7301748550335652 0.7669903939428205 0.7792622402459057 0.7915340865489908 0.7731263170943632 0.7669903939428205 0.7731263170943632 0.7485826244881929 0.6688156235181395 0.6442719309119693 0.7547185476397354 1.1535535524900022 1.325359400733194 1.325359400733194 1.1167380135807468 1.3008157081270237 1.2087768608538851 1.2210487071569704 1.2210487071569704 1.3008157081270237 1.3621749396424494 1.325359400733194 1.2885438618239387 1.2701360923693108 1.3437671701878218 1.3499030933393643 1.2578642460662257 1.1780972450961724 1.3314953238847365 1.4296700943094176 1.2087768608538851 1.0615147052168636 0.9510680884890975 0.9572040116406401 0.9633399347921826 0.9510680884890975 0.9572040116406401 
-51.0 -51.0 -51.0 -51.0 -51.0 -51.0 -51.0 -50.5 -51.0 -51.0 -50.5 -51.0 -51.0 -51.0 -51.5 -51.5 -51.0 -50.5 -48.0 -48.5 -49.0 -50.5 -52.0 -50.5 -51.5 -52.5 -52.5 -52.5 -52.5 -53.0 -51.5 -50.5 -51.0 -50.5 -49.5 -49.0 -48.5 -49.5 -50.0 -50.0 -50.5 -50.5 -51.0 -51.0 
1.000155473701438 1.0185632431560658 0.9572040116406401 0.9817477042468103 1.043106935762236 1.0185632431560658 1.0185632431560658 0.9633399347921826 0.9510680884890975 0.9633399347921826 0.9817477042468103 0.9265243958829272 0.9265243958829272 0.9756117810952678 0.9203884727313847 0.9572040116406401 0.9817477042468103 0.9817477042468103 1.1044661672776617 1.1780972450961724 1.0921943209745766 1.2026409377023426 1.41126232485479 1.5462526341887264 1.4787574795217582 1.509437095279471 1.4971652489763858 1.4726215563702154 1.509437095279471 1.533980787885641 1.4173982480063325 1.5401167110371838 1.5033011721279284 1.5401167110371838 1.2210487071569704 1.2026409377023426 1.380582709097077 1.2455923997631406 1.1903690913992575 1.1228739367322893 1.1965050145508 1.1044661672776617 1.1106020904292042 1.0983302441261191 
-54.0 -53.5 -54.0 -54.0 -54.0 -53.5 -53.5 -53.5 -53.0 -52.5 -52.5 -53.0 -53.0 -53.0 -53.5 -53.0 -53.5 -53.5 -52.0 -51.5 -50.0 -50.0 -51.5 -51.0 -51.0 -51.0 -51.0 -51.0 -51.0 -51.0 -51.0 -50.5 -50.0 -51.0 -52.0 -52.5 -52.5 -52.5 -53.0 -53.5 -53.0 -53.0 -53.5 -53.5 
1.227184630308513 1.214912784005428 1.214912784005428 1.1780972450961724 1.1780972450961724 1.1965050145508 1.1228739367322893 1.086058397823034 1.0615147052168636 1.043106935762236 1.0615147052168636 1.030835089459151 0.9203884727313847 0.9326603190344698 0.9572040116406401 0.8958447801252144 0.6565437772150544 0.859029241215959 1.368310862793992 1.6260196351587797 1.4296700943094176 1.576932249946439 1.761009944492716 1.8653206380689396 1.9880391010997909 2.067806102069844 2.012582793705961 2.0064468705544187 1.9696313316451632 1.9819031779482483 1.932815792735908 1.8100973297050567 1.7303303287350031 1.7119225592803755 1.7855536370988863 1.7548740213411735 1.736466251886546 1.5830681730979816 1.2762720155208536 1.184233168247715 1.184233168247715 1.2210487071569704 1.1719613219446299 1.227184630308513 
-55.5 -55.5 -56.0 -55.5 -55.5 -55.0 -55.0 -54.0 -54.0 -53.0 -53.5 -53.5 -53.5 -54.0 -54.0 -54.5 -55.0 -54.5 -50.5 -49.0 -48.0 -50.0 -49.0 -51.0 -50.0 -49.5 -49.5 -49.5 -49.5 -49.5 -49.5 -51.0 -49.0 -48.0 -47.5 -48.5 -49.5 -53.0 -54.5 -54.5 -53.0 -53.0 -53.0 -53.0 
1.4971652489763858 1.521708941582556 1.3989904785517047 1.4664856332186729 1.1903690913992575 1.4787574795217582 1.4173982480063325 1.3744467859455345 1.3989904785517047 1.4173982480063325 1.3744467859455345 1.4726215563702154 1.3867186322486196 1.3928545554001621 1.3989904785517047 1.4787574795217582 1.3130875544301088 1.2517283229146832 1.7732817907958012 2.116893487282185 1.9634954084936207 1.9757672547967058 2.043262409463674 2.0493983326152168 2.1659808724945253 2.1353012567368124 2.1537090261914402 2.1598449493429825 2.1905245651006955 2.1230294104337273 2.1537090261914402 2.0371264863121317 2.098485717827557 1.9512235621905356 1.9634954084936207 2.055534255766759 2.098485717827557 1.8100973297050567 1.6935147898257479 1.736466251886546 1.8039614065535141 1.7426021750380885 1.7978254834019713 1.761009944492716 
-61.5 -61.5 -61.5 -61.0 -60.5 -61.0 -59.5 -59.0 -58.0 -57.0 -57.0 -56.5 -57.0 -57.0 -58.0 -58.0 -58.5 -59.0 -55.0 -53.5 -53.5 -54.5 -51.5 -52.5 -52.5 -52.0 -52.0 -52.0 -52.0 -51.5 -53.0 -52.0 -51.5 -54.0 -51.0 -51.5 -52.5 -55.0 -57.0 -56.5 -55.5 -55.0 -56.0 -56.0 
5.6573211457222445 5.6941366846315 5.7616318392984684 5.8045833013592665 5.6573211457222445 5.626641529964532 5.411884219660542 5.21553467881118 4.97623367590102 4.865787059173254 4.921010367537137 4.485359823777615 5.626641529964532 5.994796919057086 5.325981295538946 5.516194913236766 6.013204688511713 5.9088939949354895 5.792311455056181 5.927301764390117 5.786175531904639 6.013204688511713 5.822991070813893 5.939573610693203 5.884350302329319 5.595961914206819 5.209398755659637 5.516194913236766 5.9088939949354895 6.14819499784565 6.105243535784852 5.209398755659637 5.184855063053467 
-67.0 -67.0 -65.5 -67.0 -68.5 -68.5 -67.0 -70.0 -70.0 -69.5 -70.0 -73.5 -62.0 -58.5 -61.5 -60.0 -59.5 -59.5 -59.5 -59.0 -59.0 -58.5 -59.5 -58.5 -59.0 -59.5 -60.0 -57.0 -55.5 -56.5 -61.0 -71.5 -71.0 
1.4971652489763858 1.2885438618239387 1.282407938672396 1.325359400733194 1.607611865704152 1.5155730184310134 1.337631247036279 1.3867186322486196 6.050020227420969 6.12365130523948 0.1595340019401067 3.663146121470911 5.626641529964532 5.283029833478148 6.234097921967246 5.663457068873787 0.17794177139473438 6.1420590746941075 5.835262917116979 5.853670686571607 5.841398840268521 5.816855147662351 5.872078456026235 6.000932842208628 5.93343768754166 5.546874528994478 5.921165841238575 5.442563835418255 5.540738605842936 5.755495916146925 5.982525072754001 2.3623304133438876 
-68.5 -69.0 -67.0 -69.0 -69.0 -68.5 -69.5 -69.5 -74.5 -75.0 -76.0 -72.5 -57.0 -60.0 -60.5 -58.5 -62.5 -59.5 -59.5 -58.5 -60.5 -60.0 -59.0 -59.0 -63.0 -59.5 -62.5 -61.5 -57.5 -58.0 -64.0 -69.5 
