6.154330920997192 6.234097921967246 6.1850105367549055 6.1420590746941075 6.227961998815704 6.227961998815704 3.018874190558942 3.2459033471660166 2.767301341345697 3.1231848841351653 3.485204350076177 3.1784081924990484 2.650718801466388 2.356194490192345 2.662990647769473 3.117048960983623 0.607456392002714 1.4910293258248433 5.154175447295755 2.6998061866787286 2.718213956133356 2.5341362615870793 5.970253226450915 6.12365130523948 
-70.5 -71.5 -71.0 -71.0 -71.5 -71.0 -68.5 -62.0 -62.5 -71.0 -70.0 -67.5 -69.5 -65.0 -64.0 -63.5 -66.0 -70.0 -74.0 -69.5 -70.0 -69.0 -71.0 -71.0 
1.3008157081270237 1.533980787885641 1.3928545554001621 1.5278448647340985 1.4971652489763858 1.564660403643354 1.6321555583103222 1.4787574795217582 1.325359400733194 1.41126232485479 1.4603497100671303 1.3989904785517047 1.7119225592803755 1.4542137869155878 1.552388557340269 1.4296700943094176 1.5953400194010667 1.5155730184310134 1.3621749396424494 2.742757648739526 2.2027964114037806 1.9144080232812801 1.88986433067511 1.7855536370988863 2.012582793705961 1.6873788666742053 1.7978254834019713 1.7426021750380885 2.3009711818284617 2.270291566070749 1.3314953238847365 1.325359400733194 1.368310862793992 1.3437671701878218 1.337631247036279 1.184233168247715 1.4051264017032472 1.576932249946439 1.5033011721279284 1.509437095279471 1.576932249946439 1.6444274046134073 1.4910293258248433 
-63.0 -62.5 -62.5 -62.0 -61.5 -62.5 -62.0 -62.0 -62.0 -61.5 -61.5 -61.5 -61.5 -62.0 -62.5 -62.5 -63.5 -63.5 -64.5 -62.0 -62.5 -62.5 -63.5 -62.0 -61.0 -61.5 -61.5 -61.0 -64.5 -64.5 -63.5 -61.5 -61.5 -63.0 -62.5 -62.0 -62.0 -61.0 -60.5 -60.5 -60.5 -61.0 -61.5 
1.0737865515199487 1.0921943209745766 1.030835089459151 1.1106020904292042 1.141281706186917 1.1474176293384597 1.1351457830353744 1.1044661672776617 1.1351457830353744 1.1044661672776617 1.0983302441261191 1.1106020904292042 1.0492428589137786 1.000155473701438 1.0676506283684062 1.043106935762236 1.055378782065321 0.9572040116406401 0.8528933180644165 0.859029241215959 1.0921943209745766 1.1474176293384597 1.1474176293384597 1.0799224746714913 1.1535535524900022 1.141281706186917 1.0676506283684062 1.0983302441261191 1.0799224746714913 1.0799224746714913 1.0615147052168636 1.030835089459151 1.1965050145508 1.1903690913992575 1.1044661672776617 1.030835089459151 1.1658253987930873 1.1596894756415448 1.0615147052168636 1.0492428589137786 1.086058397823034 1.141281706186917 1.1596894756415448 1.141281706186917 1.1474176293384597 1.1780972450961724 1.1228739367322893 
-49.5 -49.5 -49.0 -49.5 -49.5 -49.5 -49.5 -49.5 -50.0 -49.5 -49.5 -49.5 -50.0 -49.5 -49.5 -49.5 -50.0 -49.5 -49.0 -50.0 -50.5 -51.0 -50.0 -50.0 -50.5 -50.0 -51.0 -51.0 -52.0 -51.5 -51.5 -50.5 -50.5 -50.5 -50.5 -49.5 -48.5 -49.0 -49.0 -48.5 -49.0 -49.0 -49.5 -49.0 -49.0 -49.5 -49.5 
1.1106020904292042 1.1719613219446299 1.1596894756415448 1.1596894756415448 1.1780972450961724 1.1965050145508 1.1290098598838318 1.1658253987930873 1.2333205534600555 1.239456476611598 1.1965050145508 1.1903690913992575 1.1719613219446299 1.1719613219446299 1.141281706186917 1.1106020904292042 1.1228739367322893 1.055378782065321 0.9265243958829272 1.0369710126106935 1.3130875544301088 1.2087768608538851 1.1106020904292042 1.2885438618239387 1.4664856332186729 1.4358060174609601 1.3989904785517047 1.4419419406125027 1.4542137869155878 1.509437095279471 1.5278448647340985 1.5033011721279284 1.4296700943094176 1.4910293258248433 1.3560390164909069 1.2517283229146832 1.1535535524900022 1.1535535524900022 1.012427320004523 0.9633399347921826 1.1044661672776617 1.184233168247715 1.184233168247715 1.2455923997631406 1.2210487071569704 1.2026409377023426 1.2026409377023426 
-50.0 -50.0 -50.5 -50.0 -50.5 -50.0 -50.5 -50.0 -50.0 -50.5 -50.0 -50.0 -49.5 -50.0 -50.0 -50.5 -50.5 -51.5 -52.5 -52.5 -50.5 -49.5 -50.0 -51.0 -50.5 -50.5 -50.0 -50.5 -50.5 -50.0 -51.0 -51.0 -50.0 -50.0 -51.0 -51.5 -51.0 -51.5 -51.5 -51.5 -50.5 -50.5 -50.0 -50.0 -50.0 -49.5 -49.5 
1.41126232485479 1.3621749396424494 1.4173982480063325 1.4603497100671303 1.41126232485479 1.4173982480063325 1.423534171157875 1.4419419406125027 1.3928545554001621 1.4480778637640452 1.41126232485479 1.3989904785517047 1.3437671701878218 1.3621749396424494 1.2517283229146832 1.2762720155208536 1.2762720155208536 1.1474176293384597 1.0921943209745766 1.282407938672396 1.6873788666742053 1.6444274046134073 1.5155730184310134 1.5953400194010667 1.6873788666742053 1.6751070203711202 1.8285050991596843 1.8653206380689396 1.8653206380689396 1.8775924843720249 1.8162332528565992 1.7548740213411735 1.6751070203711202 1.6198837120072371 1.748738098189631 1.6996507129772904 1.6382914814618648 1.6382914814618648 1.4051264017032472 1.41126232485479 1.423534171157875 1.4480778637640452 1.509437095279471 1.4664856332186729 1.5033011721279284 1.4419419406125027 1.4664856332186729 
-49.0 -49.5 -49.0 -49.0 -49.0 -49.0 -49.0 -49.0 -49.0 -49.0 -49.0 -49.0 -49.0 -48.5 -48.5 -49.0 -49.0 -49.0 -51.0 -52.0 -48.5 -48.0 -49.0 -50.0 -48.5 -50.0 -49.0 -48.5 -48.5 -48.5 -49.5 -49.0 -49.5 -49.0 -46.5 -48.0 -49.0 -50.0 -51.0 -50.0 -49.5 -49.5 -49.0 -49.0 -49.0 -49.5 -49.5 
1.7978254834019713 1.8407769454627694 1.8346410223112268 1.8039614065535141 1.8162332528565992 1.736466251886546 1.8530487917658545 1.8285050991596843 1.8285050991596843 1.8162332528565992 1.8162332528565992 1.8223691760081417 1.7548740213411735 1.7978254834019713 1.7426021750380885 1.6935147898257479 1.718058482431918 1.5953400194010667 1.6198837120072371 1.8039614065535141 2.055534255766759 1.9573594853420782 2.12916533358527 2.141437179888355 1.9696313316451632 2.0923497946760143 2.1475731030398975 2.1905245651006955 2.2027964114037806 2.1659808724945253 2.2150682577068657 2.1353012567368124 2.1598449493429825 2.086213871524472 2.0371264863121317 2.110757564130642 2.086213871524472 1.8960002538266525 1.6873788666742053 1.6935147898257479 1.8039614065535141 1.8223691760081417 1.8837284075235674 1.8960002538266525 1.8714565612204823 1.8407769454627694 1.8039614065535141 
-50.5 -50.0 -50.0 -50.5 -50.0 -50.0 -50.0 -50.0 -50.0 -50.0 -50.0 -50.0 -50.0 -50.0 -50.0 -50.0 -50.5 -52.0 -54.0 -54.0 -51.0 -51.0 -53.5 -51.0 -50.5 -50.5 -51.0 -51.0 -51.0 -51.5 -52.0 -51.0 -51.5 -52.5 -50.0 -50.5 -52.5 -53.5 -53.5 -52.5 -51.0 -49.5 -49.0 -49.5 -49.5 -49.5 -49.5 
5.111223985234957 4.792155981354743 4.994641445355648 4.902602598082509 4.798291904506286 4.908738521234052 4.890330751779424 4.8351074434155406 4.8351074434155406 4.804427827657828 5.031456984264903 4.7307967498393175 4.718524903536232 4.97623367590102 4.792155981354743 4.970097752749477 4.841243366567084 4.853515212870168 5.822991070813893 5.706408530934585 5.700272607783043 5.424156065963627 5.8475347634200645 5.583690067903734 5.773903685601553 5.9518454569962875 5.822991070813893 5.8045833013592665 5.902758071783947 5.859806609723149 5.651185222570702 5.945709533844745 5.387340527054372 5.6941366846315 5.982525072754001 5.810719224510809 5.884350302329319 5.767767762450011 5.270757987175063 5.2339424482658075 4.970097752749477 5.129631754689584 4.963961829597935 5.086680292628786 5.166447293598839 4.921010367537137 
-62.0 -62.0 -62.0 -62.0 -62.5 -62.0 -61.5 -61.5 -61.5 -62.0 -61.5 -61.5 -61.5 -61.0 -61.5 -62.0 -62.0 -64.0 -63.0 -58.0 -56.5 -59.0 -57.5 -57.5 -59.0 -56.5 -57.0 -58.0 -57.5 -57.0 -58.0 -58.0 -58.5 -55.0 -55.5 -59.0 -59.0 -63.0 -65.5 -63.5 -62.0 -62.0 -62.5 -62.5 -62.0 -61.5 
5.246214294568893 5.148039524144211 5.221670601962723 5.197126909356553 5.221670601962723 5.135767677841127 5.368932757599744 5.178719139901925 5.203262832508095 5.6143696836614465 5.154175447295755 5.049864753719531 5.013049214810275 5.252350217720435 5.221670601962723 5.013049214810275 5.203262832508095 5.227806525114265 5.681864838328415 6.178874613603362 5.755495916146925 5.375068680751287 6.013204688511713 0.03681553890925539 5.921165841238575 6.252505691421874 0.0674951546669682 6.160466844148735 5.9518454569962875 6.080699843178682 0.11044661672776616 6.2463697682703305 5.829126993965437 6.086835766330224 5.387340527054372 5.755495916146925 5.896622148632405 4.914874444385594 5.2768939103266055 5.184855063053467 5.209398755659637 5.21553467881118 5.062136600022616 5.344389064993574 
-62.0 -62.5 -62.0 -62.0 -61.5 -62.0 -61.0 -61.0 -60.0 -60.5 -61.0 -60.5 -60.5 -60.0 -60.5 -61.0 -61.0 -61.0 -68.0 -65.0 -58.5 -59.5 -64.5 -61.5 -61.0 -65.0 -61.5 -60.0 -60.5 -61.0 -63.0 -67.0 -61.5 -62.0 -64.5 -59.5 -62.0 -63.0 -62.0 -60.5 -60.0 -61.0 -61.0 -62.0 
