2.8102528034064944 6.117515382087937 3.160000423044421 5.896622148632405 3.0802334220743677 5.755495916146925 5.773903685601553 5.957981380147831 6.0991076126333095 4.252194744018997 3.5833791205008576 3.0495538063166547 2.478912953223196 0.2699806186678728 0.7976700097005334 0.5031456984264903 2.8716120349219203 3.2888548092268146 0.5951845456996288 3.9760782021995817 
-73.5 -74.5 -73.5 -74.0 -69.0 -73.0 -72.5 -72.5 -73.0 -61.0 -59.5 -60.0 -67.0 -74.0 -69.0 -71.0 -60.5 -60.5 -63.5 -63.5 
2.705942109830271 2.6323110320117604 5.700272607783043 5.651185222570702 4.921010367537137 1.368310862793992 1.214912784005428 4.565126824747668 4.442408361716817 4.28287435977671 0.662679700366597 4.273670475049396 0.1595340019401067 2.7979809571034093 2.773437264497239 2.172116795646068 2.2457478734645786 2.2518837966161214 2.0371264863121317 2.030990563160589 2.073942025221387 2.2764274892222915 2.2948352586769194 2.6998061866787286 1.607611865704152 1.3069516312785663 1.4542137869155878 1.1474176293384597 1.4603497100671303 
-72.5 -73.5 -74.0 -74.0 -72.5 -69.5 -69.5 -71.0 -71.0 -71.5 -69.5 -69.5 -72.5 -62.0 -64.0 -64.5 -63.5 -62.5 -61.5 -60.5 -62.0 -61.0 -61.0 -63.5 -66.5 -65.0 -64.0 -63.5 -63.5 
0.4908738521234052 0.47860200582032003 0.4908738521234052 0.5399612373357456 0.5154175447295755 0.5460971604872883 0.5829126993965437 0.5829126993965437 0.6320000846088841 0.7301748550335652 0.7669903939428205 0.8099418560036186 0.8099418560036186 0.8406214717613314 0.8528933180644165 0.8222137023067037 0.8528933180644165 0.8835729338221293 1.2210487071569704 1.3130875544301088 1.141281706186917 1.141281706186917 1.3867186322486196 1.227184630308513 1.1719613219446299 1.2946797849754812 1.4173982480063325 1.423534171157875 1.3437671701878218 1.239456476611598 1.184233168247715 1.227184630308513 1.4480778637640452 1.1044661672776617 1.0737865515199487 1.227184630308513 1.282407938672396 1.2640001692177683 1.0492428589137786 0.8283496254582462 0.8222137023067037 0.8897088569736719 0.8835729338221293 
-52.0 -52.5 -52.5 -52.5 -52.5 -52.0 -52.0 -51.5 -51.0 -51.0 -51.0 -50.5 -51.0 -51.0 -51.0 -51.0 -51.0 -50.0 -48.0 -49.0 -49.5 -52.0 -52.0 -50.0 -51.0 -52.0 -52.0 -51.5 -51.5 -52.0 -50.5 -49.5 -51.0 -50.5 -49.0 -48.0 -47.5 -49.0 -50.0 -50.5 -51.0 -51.5 -51.0 
1.1658253987930873 1.1596894756415448 1.184233168247715 1.141281706186917 1.1780972450961724 1.1474176293384597 1.1535535524900022 1.0492428589137786 1.055378782065321 0.9940195505498954 0.9265243958829272 0.9694758579437253 0.9878836273983529 0.9387962421860124 0.9633399347921826 0.9572040116406401 0.9633399347921826 1.0277671278833795 1.1903690913992575 1.2517283229146832 1.1535535524900022 1.2087768608538851 1.4603497100671303 1.4787574795217582 1.3989904785517047 1.4848934026733007 1.4787574795217582 1.3437671701878218 1.325359400733194 1.5033011721279284 1.2578642460662257 1.41126232485479 1.41126232485479 1.4173982480063325 1.3130875544301088 1.4173982480063325 1.4664856332186729 1.4542137869155878 1.2885438618239387 0.9633399347921826 1.0799224746714913 1.086058397823034 1.0799224746714913 
-54.5 -54.5 -54.5 -54.5 -54.5 -54.5 -54.5 -54.0 -54.0 -54.0 -53.5 -53.0 -53.0 -52.5 -52.5 -53.0 -53.0 -53.0 -52.0 -51.0 -50.5 -51.0 -51.5 -50.5 -50.5 -50.5 -50.5 -50.0 -50.0 -50.5 -50.0 -50.0 -50.0 -51.0 -51.5 -52.0 -52.0 -53.5 -54.0 -54.5 -53.5 -53.5 -53.5 
1.1106020904292042 1.1351457830353744 1.184233168247715 1.1351457830353744 1.1044661672776617 1.1228739367322893 1.1535535524900022 1.055378782065321 1.0615147052168636 1.0246991663076084 1.012427320004523 1.000155473701438 1.0737865515199487 0.9694758579437253 0.9387962421860124 0.9203884727313847 0.9387962421860124 1.0277671278833795 1.4542137869155878 1.6137477888556946 1.607611865704152 1.6014759425526093 1.6137477888556946 1.7548740213411735 1.932815792735908 1.8346410223112268 1.8530487917658545 1.8039614065535141 1.7303303287350031 1.7978254834019713 1.7671458676442586 1.6014759425526093 1.576932249946439 1.5278448647340985 1.6444274046134073 1.6137477888556946 1.5401167110371838 1.3928545554001621 1.1658253987930873 0.8958447801252144 1.0799224746714913 1.1290098598838318 1.1351457830353744 
-56.0 -56.0 -56.0 -56.0 -56.0 -55.5 -55.0 -54.5 -54.0 -53.0 -52.5 -52.5 -52.5 -52.5 -52.5 -52.5 -53.0 -53.0 -50.0 -48.0 -49.0 -49.5 -50.0 -50.5 -49.0 -49.0 -48.5 -48.5 -48.5 -49.0 -49.0 -51.0 -49.0 -49.0 -48.0 -48.5 -49.5 -50.5 -51.5 -53.0 -53.5 -53.0 -53.5 
1.748738098189631 1.6751070203711202 1.8530487917658545 1.6935147898257479 1.7241944055834606 1.718058482431918 1.1965050145508 1.4051264017032472 1.4726215563702154 1.3008157081270237 1.3744467859455345 1.214912784005428 1.4419419406125027 1.4664856332186729 1.3989904785517047 1.4051264017032472 1.1596894756415448 1.3989904785517047 1.9266798695843652 2.030990563160589 1.8714565612204823 2.1046216409791 2.018718716857504 2.000310947402876 2.018718716857504 2.0371264863121317 2.073942025221387 1.9941750242513334 1.9819031779482483 1.9634954084936207 1.9941750242513334 1.9205439464328227 1.8837284075235674 2.018718716857504 1.8346410223112268 1.9819031779482483 2.067806102069844 1.9757672547967058 1.846912868614312 1.4971652489763858 1.3314953238847365 1.662835174068035 1.6198837120072371 
-64.5 -64.5 -64.5 -64.5 -65.0 -64.5 -64.0 -62.0 -61.5 -60.0 -58.5 -57.0 -57.0 -56.5 -56.0 -56.0 -57.0 -58.0 -55.0 -53.5 -55.0 -53.0 -51.5 -53.0 -51.5 -51.5 -51.0 -51.0 -51.5 -51.0 -51.5 -52.5 -50.5 -53.5 -52.5 -51.5 -53.0 -54.5 -57.0 -57.5 -56.5 -55.0 -56.0 
5.608233760509904 5.589825991055276 5.559146375297564 5.583690067903734 5.583690067903734 5.381204603902829 5.411884219660542 5.00077736850719 4.804427827657828 3.9085830475326135 4.239922897715912 4.252194744018997 5.737088146692298 5.810719224510809 5.632777453116074 5.835262917116979 5.577554144752192 6.000932842208628 5.859806609723149 5.773903685601553 5.737088146692298 5.749359992995383 5.71868037723767 5.767767762450011 5.540738605842936 5.6143696836614465 5.436427912266712 5.258486140871978 5.350524988145116 5.970253226450915 6.007068765360171 5.8475347634200645 6.092971689481767 5.47937937432751 
-67.0 -67.5 -68.0 -66.5 -66.5 -67.5 -68.5 -68.5 -71.0 -71.5 -71.5 -70.5 -65.0 -56.5 -59.5 -59.0 -59.5 -60.0 -58.5 -58.0 -58.5 -58.5 -58.5 -58.5 -58.0 -60.5 -58.0 -59.5 -57.5 -55.5 -57.5 -60.0 -62.0 -72.0 
1.4419419406125027 1.3314953238847365 1.1228739367322893 1.3130875544301088 0.9633399347921826 1.509437095279471 1.2946797849754812 1.4848934026733007 1.3069516312785663 2.6445828783148455 5.71868037723767 5.64504929941916 5.6573211457222445 5.976389149602458 5.706408530934585 6.2463697682703305 5.915029918087033 5.737088146692298 5.5284667595398505 5.700272607783043 5.6573211457222445 5.724816300389213 5.859806609723149 6.025476534814799 5.356660911296659 5.822991070813893 5.2768939103266055 2.4911847995262812 6.092971689481767 5.773903685601553 6.000932842208628 2.3316507975861747 
-64.5 -66.0 -65.0 -65.5 -64.5 -66.0 -66.0 -68.5 -69.5 -66.0 -61.5 -57.0 -62.0 -60.0 -62.0 -60.0 -58.5 -59.5 -59.5 -59.5 -59.0 -58.5 -58.0 -61.0 -58.0 -58.0 -61.5 -57.0 -60.5 -65.0 -75.0 -70.0 
