6.178874613603362 6.1420590746941075 6.258641614573416 5.988660995905543 6.080699843178682 5.939573610693203 6.043884304269426 1.1780972450961724 4.700117134081604 4.0987966652304335 4.196971435655114 3.380893656499953 2.60776733940559 5.780039608753096 5.915029918087033 2.890019804376548 3.0495538063166547 3.663146121470911 
-76.5 -76.5 -76.0 -76.0 -75.5 -76.0 -76.0 -72.0 -69.5 -66.5 -62.0 -60.5 -66.0 -74.0 -70.5 -62.0 -62.5 -62.0 
1.6996507129772904 1.8162332528565992 1.9082721001297376 4.957825906446392 1.7241944055834606 1.6260196351587797 1.5462526341887264 1.6505633277649499 1.6566992509164924 1.6260196351587797 1.6812429435226628 1.705786636128833 1.4848934026733007 1.8100973297050567 4.92714629068868 1.8162332528565992 4.172427743048944 2.5709518004963345 2.448233337465483 2.1230294104337273 2.1782527187976104 2.2886993355253766 2.172116795646068 2.061670178918302 1.932815792735908 2.2764274892222915 2.3623304133438876 2.1659808724945253 2.282563412373834 2.435961491162398 4.828971520263998 1.6812429435226628 
-70.0 -68.5 -69.5 -70.0 -69.5 -68.0 -68.5 -68.5 -67.5 -67.5 -68.5 -67.0 -68.5 -69.0 -71.0 -68.5 -73.5 -65.0 -64.0 -64.0 -63.0 -61.5 -61.0 -59.5 -60.5 -60.0 -62.0 -63.5 -63.5 -63.0 -65.5 -64.5 
0.6504078540635119 0.6933593161243098 0.6013204688511713 0.662679700366597 0.5951845456996288 0.6933593161243098 0.6565437772150544 0.6504078540635119 0.6504078540635119 0.6381360077604268 0.6381360077604268 0.6258641614573416 0.607456392002714 0.6135923151542565 0.6013204688511713 0.6013204688511713 0.607456392002714 0.6565437772150544 0.619728238305799 0.6320000846088841 0.6872233929727672 0.6381360077604268 0.7117670855789375 0.6504078540635119 0.5645049299419159 0.5583690067903734 0.607456392002714 0.6872233929727672 0.9756117810952678 1.282407938672396 1.3130875544301088 1.055378782065321 1.41126232485479 1.337631247036279 1.1351457830353744 1.214912784005428 1.3130875544301088 1.4173982480063325 1.325359400733194 1.325359400733194 1.2026409377023426 1.282407938672396 1.423534171157875 1.3130875544301088 1.2701360923693108 1.337631247036279 
-51.0 -51.5 -51.0 -51.5 -51.0 -51.0 -51.0 -51.0 -51.0 -51.0 -51.5 -51.0 -51.0 -51.0 -51.0 -51.5 -51.5 -51.5 -51.5 -51.5 -51.5 -51.5 -52.0 -52.5 -52.5 -53.0 -53.5 -53.0 -51.0 -48.0 -49.5 -52.0 -54.0 -52.5 -51.5 -52.5 -53.0 -53.0 -53.0 -53.0 -51.5 -51.5 -52.5 -51.0 -49.5 -49.0 
1.0921943209745766 1.1228739367322893 1.1044661672776617 1.0921943209745766 1.1106020904292042 1.1044661672776617 1.0676506283684062 1.0676506283684062 1.043106935762236 1.0799224746714913 1.043106935762236 1.0185632431560658 1.000155473701438 0.9756117810952678 0.9817477042468103 0.9572040116406401 0.9694758579437253 0.9878836273983529 0.9756117810952678 1.0185632431560658 0.9756117810952678 1.0369710126106935 1.0062913968529805 1.086058397823034 1.0246991663076084 1.0676506283684062 1.1044661672776617 1.1044661672776617 1.1474176293384597 1.2578642460662257 1.2455923997631406 1.2455923997631406 1.4971652489763858 1.5707963267948966 1.4910293258248433 1.564660403643354 1.4910293258248433 1.5401167110371838 1.4971652489763858 1.5155730184310134 1.533980787885641 1.5462526341887264 1.4419419406125027 1.4664856332186729 1.2885438618239387 1.2640001692177683 
-53.5 -54.0 -53.5 -53.5 -53.5 -53.5 -53.5 -53.5 -54.0 -53.5 -53.5 -54.0 -53.5 -54.0 -54.0 -53.5 -54.0 -54.0 -53.5 -53.5 -53.5 -53.5 -53.5 -53.5 -54.0 -54.0 -54.0 -54.5 -53.0 -52.0 -50.5 -51.0 -52.5 -51.5 -51.0 -50.5 -50.5 -51.0 -50.5 -50.5 -51.0 -51.0 -51.0 -50.5 -52.0 -52.5 
1.000155473701438 0.9694758579437253 1.0062913968529805 1.043106935762236 1.0737865515199487 1.0615147052168636 1.1719613219446299 1.0983302441261191 1.043106935762236 1.0492428589137786 1.0983302441261191 1.0799224746714913 1.0492428589137786 1.043106935762236 1.0737865515199487 1.030835089459151 1.0737865515199487 0.9387962421860124 1.030835089459151 0.9326603190344698 0.9572040116406401 0.8344855486097889 0.7853981633974483 0.7179030087304801 0.5767767762450011 0.4663301595172349 0.5460971604872883 0.5767767762450011 0.8774370106705868 1.3867186322486196 1.736466251886546 1.7978254834019713 1.8100973297050567 1.8775924843720249 2.030990563160589 2.030990563160589 2.0371264863121317 1.9941750242513334 2.000310947402876 2.018718716857504 2.012582793705961 1.9389517158874505 1.7855536370988863 1.7119225592803755 1.8960002538266525 1.9144080232812801 
-54.5 -54.5 -54.5 -54.0 -54.0 -54.0 -54.0 -54.5 -54.5 -54.5 -54.5 -54.5 -54.5 -54.5 -54.0 -54.5 -54.0 -54.5 -54.0 -53.5 -54.0 -54.0 -54.0 -54.5 -54.5 -54.5 -54.5 -55.0 -53.0 -49.5 -48.0 -50.0 -50.5 -51.5 -50.5 -49.5 -49.5 -49.5 -49.5 -49.0 -50.0 -51.0 -49.0 -48.5 -47.5 -48.5 
1.368310862793992 1.6260196351587797 1.576932249946439 1.6260196351587797 1.5033011721279284 1.552388557340269 1.5278448647340985 1.5155730184310134 1.3928545554001621 1.5033011721279284 1.4542137869155878 1.4480778637640452 1.4603497100671303 1.3621749396424494 1.41126232485479 1.4173982480063325 1.3744467859455345 1.380582709097077 1.282407938672396 1.4419419406125027 1.184233168247715 1.3989904785517047 1.325359400733194 1.3867186322486196 1.239456476611598 1.337631247036279 1.3560390164909069 1.3008157081270237 1.3867186322486196 1.7978254834019713 1.9819031779482483 2.282563412373834 2.141437179888355 2.141437179888355 2.2150682577068657 2.1966604882522383 2.2150682577068657 2.1782527187976104 2.116893487282185 2.2150682577068657 2.2150682577068657 2.12916533358527 2.1782527187976104 2.1046216409791 1.9880391010997909 2.2334760271614935 
-60.5 -60.5 -60.0 -60.5 -60.0 -59.5 -59.5 -59.5 -60.0 -60.0 -60.0 -60.0 -59.5 -60.0 -60.0 -59.5 -60.0 -59.5 -60.0 -59.0 -58.5 -58.5 -58.0 -58.5 -58.5 -59.5 -59.5 -60.5 -57.5 -54.5 -53.5 -54.5 -52.5 -52.5 -52.5 -52.0 -52.0 -51.5 -51.5 -52.0 -52.5 -53.0 -52.0 -54.0 -53.0 -53.5 
5.227806525114265 5.006913291658733 5.21553467881118 5.240078371417351 5.148039524144211 5.264622064023521 5.295301679781233 5.227806525114265 5.031456984264903 5.086680292628786 4.890330751779424 4.884194828627882 4.92714629068868 4.970097752749477 4.878058905476339 5.013049214810275 5.730952223540755 5.755495916146925 5.939573610693203 5.638913376267617 5.884350302329319 6.154330920997192 5.890486225480862 5.878214379177777 5.8475347634200645 5.927301764390117 5.927301764390117 5.6941366846315 5.853670686571607 5.2768939103266055 5.829126993965437 5.730952223540755 6.209554229361076 
-73.5 -71.5 -73.0 -73.5 -73.5 -73.5 -70.0 -71.0 -74.0 -73.5 -73.0 -72.5 -72.0 -71.5 -71.5 -72.5 -62.0 -58.5 -60.5 -61.0 -62.5 -59.0 -60.0 -60.0 -59.0 -58.5 -59.0 -59.5 -59.0 -60.5 -58.0 -57.0 -57.0 
1.7241944055834606 1.564660403643354 1.7241944055834606 1.7426021750380885 1.7548740213411735 1.6505633277649499 1.4971652489763858 1.552388557340269 4.693981210930062 4.7860200582032 1.6260196351587797 1.7732817907958012 1.3192234775816514 1.2517283229146832 4.632621979414636 0.6013204688511713 3.773592738198677 6.209554229361076 5.767767762450011 5.553010452146021 6.258641614573416 5.706408530934585 6.050020227420969 6.117515382087937 5.957981380147831 5.822991070813893 5.829126993965437 5.872078456026235 5.688000761479957 6.129787228391022 0.04295146206079795 5.663457068873787 6.074563920027139 5.5714182216006485 5.7616318392984684 
-69.0 -68.5 -69.0 -69.0 -68.5 -68.5 -70.5 -70.5 -71.0 -71.0 -68.5 -68.5 -70.5 -71.0 -73.0 -70.0 -68.0 -66.0 -59.5 -61.0 -60.5 -60.5 -63.5 -59.5 -59.5 -59.0 -59.0 -58.5 -59.0 -59.0 -62.5 -59.0 -60.0 -60.5 -56.5 
