5.418020142812084 5.436427912266712 5.534602682691394 5.47937937432751 5.540738605842936 2.2764274892222915 5.5714182216006485 5.546874528994478 5.546874528994478 5.737088146692298 0.018407769454627694 0.2699806186678728 1.1044661672776617 4.700117134081604 4.295146206079795 4.577398671050753 4.295146206079795 3.2090878082567613 5.608233760509904 0.030679615757712823 0.09817477042468103 2.675262494072558 2.6875343403756435 3.0802334220743677 3.4177091954092087 3.847223816017188 2.5280003384355365 2.3439226438892597 2.2396119503130363 
-73.5 -73.0 -73.0 -73.0 -73.0 -71.5 -73.0 -72.5 -72.5 -73.0 -73.5 -73.5 -74.0 -68.0 -63.0 -63.0 -61.5 -63.0 -72.5 -71.5 -71.5 -68.5 -67.0 -63.0 -62.5 -65.0 -67.0 -66.5 -64.5 
1.6812429435226628 1.718058482431918 1.41126232485479 1.6382914814618648 1.7119225592803755 1.6382914814618648 1.7426021750380885 1.6935147898257479 1.6260196351587797 1.6137477888556946 1.5707963267948966 1.6751070203711202 1.6014759425526093 1.607611865704152 1.1596894756415448 4.252194744018997 4.0558452031696355 4.239922897715912 4.847379289718626 2.945243112740431 1.9941750242513334 2.1782527187976104 2.024854640009046 1.88986433067511 2.012582793705961 1.88986433067511 1.9696313316451632 2.12916533358527 2.1659808724945253 2.2396119503130363 2.0923497946760143 1.2455923997631406 1.41126232485479 1.368310862793992 1.368310862793992 0.9940195505498954 1.4051264017032472 1.4051264017032472 
-64.0 -63.0 -65.5 -65.5 -64.5 -65.5 -66.0 -64.5 -65.5 -65.5 -66.0 -66.0 -67.0 -66.0 -70.0 -71.5 -72.5 -70.0 -69.5 -64.5 -64.0 -64.5 -61.5 -60.0 -60.5 -60.0 -61.0 -62.5 -64.0 -65.5 -67.5 -63.0 -62.5 -63.0 -61.5 -63.0 -62.0 -62.5 
0.9940195505498954 0.9756117810952678 0.9633399347921826 0.8528933180644165 0.944932165337555 0.944932165337555 0.9756117810952678 0.9817477042468103 0.9265243958829272 0.9694758579437253 0.9817477042468103 0.9756117810952678 0.9633399347921826 0.9756117810952678 0.9203884727313847 0.944932165337555 0.8958447801252144 0.859029241215959 0.803805932852076 0.760854470791278 0.7363107781851077 0.8099418560036186 1.0676506283684062 1.337631247036279 1.3928545554001621 1.2517283229146832 1.1474176293384597 1.2455923997631406 1.1658253987930873 1.1474176293384597 1.2640001692177683 1.184233168247715 1.214912784005428 1.1780972450961724 1.1596894756415448 1.2578642460662257 1.3989904785517047 1.3621749396424494 1.2762720155208536 1.3130875544301088 1.325359400733194 1.1535535524900022 1.0676506283684062 0.9756117810952678 0.9142525495798421 
-50.0 -50.5 -50.0 -50.0 -50.0 -50.0 -50.0 -49.5 -49.5 -49.5 -50.0 -50.0 -50.0 -50.5 -50.0 -50.5 -50.5 -50.5 -51.5 -51.5 -52.0 -51.5 -49.0 -49.0 -50.0 -49.5 -53.0 -52.0 -52.5 -53.5 -54.5 -55.5 -55.0 -54.5 -53.0 -52.0 -52.5 -52.5 -50.0 -49.5 -49.0 -49.0 -49.0 -49.5 -50.0 
1.000155473701438 1.043106935762236 1.030835089459151 1.030835089459151 0.9817477042468103 1.0246991663076084 1.000155473701438 1.0185632431560658 1.0246991663076084 1.0062913968529805 0.9142525495798421 1.000155473701438 0.9756117810952678 1.086058397823034 1.012427320004523 1.0676506283684062 1.0369710126106935 1.0983302441261191 1.0983302441261191 1.1228739367322893 1.1658253987930873 1.1658253987930873 1.1719613219446299 1.2885438618239387 1.2087768608538851 1.1228739367322893 1.2517283229146832 1.4971652489763858 1.4726215563702154 1.5278448647340985 1.5278448647340985 1.4664856332186729 1.4971652489763858 1.521708941582556 1.5462526341887264 1.564660403643354 1.5401167110371838 1.6689710972195777 1.509437095279471 1.533980787885641 1.1719613219446299 1.1719613219446299 0.9878836273983529 0.9878836273983529 0.9081166264282996 
-53.0 -53.0 -53.0 -52.5 -52.5 -52.5 -52.5 -52.5 -52.5 -52.0 -52.0 -52.5 -52.0 -52.5 -52.5 -52.5 -53.0 -53.0 -53.0 -53.0 -53.0 -53.5 -52.5 -51.5 -50.0 -49.5 -51.0 -51.5 -52.0 -52.0 -52.0 -52.0 -52.5 -52.5 -52.0 -52.0 -51.0 -52.5 -53.0 -53.5 -53.0 -52.5 -52.5 -52.5 -53.0 
1.3069516312785663 1.2946797849754812 1.3314953238847365 1.3008157081270237 1.227184630308513 1.2640001692177683 1.282407938672396 1.2701360923693108 1.1780972450961724 1.2762720155208536 1.2578642460662257 1.2578642460662257 1.1965050145508 1.1596894756415448 1.1290098598838318 1.0246991663076084 0.9817477042468103 0.8222137023067037 0.7792622402459057 0.6872233929727672 0.662679700366597 0.7669903939428205 1.239456476611598 1.5830681730979816 1.7548740213411735 1.6198837120072371 1.7978254834019713 1.902136176978195 2.0923497946760143 2.1598449493429825 2.2089323345553233 2.172116795646068 2.2212041808584084 2.2457478734645786 2.2212041808584084 2.1046216409791 1.8714565612204823 1.9696313316451632 2.055534255766759 2.073942025221387 1.8100973297050567 1.3499030933393643 1.2026409377023426 1.2517283229146832 1.2946797849754812 
-51.5 -51.5 -51.5 -51.0 -51.0 -51.0 -51.0 -51.0 -51.0 -51.0 -51.0 -50.5 -51.0 -51.0 -51.0 -51.0 -51.5 -52.0 -53.0 -53.5 -54.0 -54.0 -52.0 -49.0 -48.0 -49.0 -50.0 -52.5 -52.0 -51.5 -52.0 -52.5 -52.5 -52.0 -52.5 -52.5 -50.0 -48.5 -48.5 -51.0 -53.0 -55.5 -55.0 -54.5 -54.5 
1.5155730184310134 1.552388557340269 1.533980787885641 1.4603497100671303 1.4480778637640452 1.5155730184310134 1.521708941582556 1.5830681730979816 1.521708941582556 1.5033011721279284 1.4358060174609601 1.5462526341887264 1.4910293258248433 1.3437671701878218 1.4848934026733007 1.5155730184310134 1.5033011721279284 1.5155730184310134 1.4480778637640452 1.4848934026733007 1.5033011721279284 1.7855536370988863 2.012582793705961 1.9205439464328227 1.9696313316451632 2.2212041808584084 2.2150682577068657 2.337786720737717 2.3071071049800045 2.313243028131547 2.380738182798515 2.3439226438892597 2.350058567040802 2.282563412373834 2.2886993355253766 2.227340104009951 2.2027964114037806 2.356194490192345 2.356194490192345 2.055534255766759 1.748738098189631 1.6137477888556946 1.6689710972195777 1.6198837120072371 
-58.0 -58.0 -57.0 -56.5 -57.0 -56.5 -56.0 -56.0 -55.5 -55.5 -56.0 -56.0 -56.0 -56.0 -56.5 -56.0 -56.5 -57.5 -57.5 -59.0 -60.0 -56.0 -53.5 -53.0 -55.0 -53.5 -53.5 -54.0 -54.5 -54.5 -55.0 -54.5 -54.0 -54.5 -54.0 -53.5 -53.5 -54.0 -54.0 -56.0 -57.5 -56.5 -56.0 -56.0 
4.147884050442774 4.04357335686655 4.1601558967458585 3.988350048502667 3.8288160465625602 4.154019973594316 3.761320891895592 3.9208548938356986 3.7551849687440497 4.196971435655114 3.9638063558964967 4.086524818927348 3.9760782021995817 3.8840393549264434 3.785864584501762 3.7122335066832517 4.000621894805752 4.09266074207889 4.76147636559703 5.780039608753096 5.835262917116979 5.9088939949354895 5.755495916146925 6.007068765360171 5.835262917116979 6.000932842208628 5.976389149602458 5.957981380147831 5.994796919057086 6.056156150572511 6.013204688511713 6.068427996875596 5.6143696836614465 5.743224069843841 5.5714182216006485 5.957981380147831 6.264777537724958 0.07976700097005335 5.8659425328746915 5.688000761479957 5.221670601962723 
-66.0 -65.5 -65.0 -64.0 -65.0 -64.5 -65.0 -65.0 -64.5 -63.5 -65.0 -64.0 -65.0 -65.0 -66.0 -67.0 -66.0 -74.5 -75.0 -65.0 -61.5 -57.0 -62.5 -60.0 -63.5 -60.5 -60.0 -61.5 -61.5 -62.0 -60.5 -60.0 -64.0 -61.5 -60.0 -57.5 -57.5 -61.5 -66.0 -67.0 -66.5 
1.4603497100671303 1.4296700943094176 2.5770877236478773 6.2034183062095325 0.0674951546669682 0.7363107781851077 6.013204688511713 5.829126993965437 5.565282298449106 0.23316507975861744 6.135923151542564 0.30066023442558565 0.17794177139473438 6.14819499784565 6.007068765360171 5.994796919057086 5.957981380147831 6.117515382087937 0.1718058482431918 0.12885438618239387 6.050020227420969 6.19728238305799 5.755495916146925 6.025476534814799 0.9510680884890975 4.2031073588066565 0.7976700097005334 
-76.5 -74.0 -72.5 -71.0 -67.5 -68.0 -62.5 -57.5 -59.0 -65.5 -60.5 -65.5 -62.5 -62.0 -63.0 -64.5 -63.5 -62.5 -63.0 -68.0 -60.5 -63.0 -60.0 -61.0 -73.5 -68.0 -72.5 
