2.5034566458293663 2.141437179888355 2.2580197197676637 2.2948352586769194 2.4727770300716534 2.2948352586769194 2.3930100291016 5.7616318392984684 5.8659425328746915 5.976389149602458 6.1420590746941075 4.0987966652304335 3.890175278077986 1.0185632431560658 0.9510680884890975 3.9576704327449543 3.9515345095934116 3.436116964863836 5.841398840268521 0.6688156235181395 0.09817477042468103 0.5338253141842031 3.749049045592507 4.921010367537137 
-66.5 -67.0 -66.5 -65.5 -67.0 -68.0 -66.5 -71.5 -72.0 -72.5 -72.5 -65.5 -69.0 -68.0 -64.5 -61.0 -58.5 -60.5 -69.0 -69.0 -69.5 -66.5 -63.0 -74.0 
1.6198837120072371 1.6382914814618648 1.1044661672776617 1.576932249946439 1.662835174068035 1.8714565612204823 1.5953400194010667 1.5707963267948966 1.736466251886546 1.6382914814618648 1.6198837120072371 1.748738098189631 1.4848934026733007 2.5464081078901644 1.846912868614312 2.018718716857504 1.9266798695843652 0.3620194659410113 3.2029518851052186 2.564815877344792 2.116893487282185 2.1475731030398975 1.9512235621905356 1.945087639038993 1.4419419406125027 2.055534255766759 6.0991076126333095 4.638757902566179 1.3989904785517047 1.4173982480063325 
-63.5 -64.5 -65.5 -65.0 -64.0 -65.0 -65.0 -66.0 -66.5 -65.5 -69.0 -69.0 -68.5 -71.5 -70.0 -69.5 -70.0 -71.5 -64.0 -64.0 -64.5 -63.0 -62.0 -62.5 -63.0 -61.0 -64.0 -66.5 -67.5 -65.5 
1.0246991663076084 1.055378782065321 1.012427320004523 1.0062913968529805 1.030835089459151 1.0062913968529805 0.9572040116406401 0.9510680884890975 0.8897088569736719 0.8651651643675016 0.7547185476397354 0.803805932852076 0.7853981633974483 0.7669903939428205 0.7853981633974483 0.7547185476397354 0.7363107781851077 0.760854470791278 0.6504078540635119 0.7301748550335652 0.7179030087304801 0.6810874698212247 0.8835729338221293 1.0737865515199487 1.0983302441261191 1.184233168247715 1.325359400733194 1.239456476611598 1.1903690913992575 1.2762720155208536 1.3192234775816514 1.2885438618239387 1.184233168247715 1.1903690913992575 1.214912784005428 1.3069516312785663 1.4910293258248433 1.2762720155208536 1.325359400733194 1.4296700943094176 1.3867186322486196 0.9510680884890975 
-48.5 -48.5 -48.5 -48.5 -49.0 -49.0 -49.5 -49.5 -50.0 -50.0 -50.5 -50.5 -51.0 -51.5 -51.5 -52.0 -52.5 -52.5 -53.5 -54.0 -54.5 -54.0 -51.0 -48.0 -50.0 -51.5 -53.0 -51.0 -51.5 -52.5 -53.0 -52.5 -52.5 -51.5 -50.5 -50.5 -50.5 -51.5 -49.0 -48.5 -48.5 -50.0 
0.8835729338221293 0.8160777791551611 0.8897088569736719 0.8897088569736719 0.9265243958829272 0.9387962421860124 0.944932165337555 0.8774370106705868 0.9510680884890975 0.9019807032767571 0.8467573949128739 0.8958447801252144 0.8774370106705868 0.8897088569736719 0.9572040116406401 0.9387962421860124 0.9878836273983529 1.030835089459151 1.0921943209745766 1.0799224746714913 1.086058397823034 1.0185632431560658 0.803805932852076 1.000155473701438 1.2517283229146832 1.380582709097077 1.4542137869155878 1.5462526341887264 1.4910293258248433 1.4542137869155878 1.4419419406125027 1.423534171157875 1.4051264017032472 1.4726215563702154 1.4787574795217582 1.3314953238847365 1.4173982480063325 1.4910293258248433 1.2701360923693108 1.2640001692177683 1.2885438618239387 1.1903690913992575 
-52.5 -51.5 -52.0 -52.0 -52.0 -51.5 -51.5 -52.0 -52.0 -52.0 -52.0 -52.5 -52.5 -53.0 -53.0 -53.5 -53.5 -53.5 -54.0 -54.5 -55.0 -56.0 -53.5 -52.5 -52.5 -52.0 -51.5 -51.0 -51.0 -50.5 -50.5 -50.5 -50.5 -50.5 -50.5 -50.0 -49.5 -52.0 -52.5 -53.0 -52.5 -53.0 
1.4542137869155878 1.4542137869155878 1.4419419406125027 1.4726215563702154 1.41126232485479 1.3989904785517047 1.380582709097077 1.3560390164909069 1.3192234775816514 1.2333205534600555 1.214912784005428 1.2087768608538851 1.1965050145508 0.9817477042468103 0.9756117810952678 0.9019807032767571 0.8283496254582462 0.7179030087304801 0.5829126993965437 0.521553467881118 0.39269908169872414 0.48473792897186263 0.8528933180644165 1.239456476611598 1.552388557340269 1.5830681730979816 1.6812429435226628 1.8530487917658545 1.9819031779482483 1.9266798695843652 1.8837284075235674 1.8285050991596843 1.8100973297050567 1.8346410223112268 1.7732817907958012 1.552388557340269 1.5278448647340985 1.6505633277649499 1.7855536370988863 1.7855536370988863 1.6996507129772904 1.214912784005428 
-52.0 -52.5 -52.0 -52.0 -51.5 -52.0 -52.0 -52.5 -52.0 -52.0 -52.0 -53.0 -53.0 -53.5 -53.5 -53.5 -54.0 -54.5 -55.0 -56.0 -56.0 -57.0 -54.5 -50.0 -48.5 -48.5 -51.0 -51.5 -50.0 -49.0 -49.0 -49.0 -49.0 -49.5 -50.0 -50.0 -49.5 -47.0 -47.5 -49.5 -50.0 -54.0 
1.521708941582556 1.509437095279471 1.4971652489763858 1.4419419406125027 1.6444274046134073 1.4910293258248433 1.5278448647340985 1.5033011721279284 1.4664856332186729 1.4480778637640452 1.4542137869155878 1.3867186322486196 1.4419419406125027 1.3499030933393643 1.3560390164909069 1.337631247036279 1.3744467859455345 1.3437671701878218 1.214912784005428 1.2578642460662257 1.1719613219446299 0.9019807032767571 1.1658253987930873 1.6137477888556946 1.9757672547967058 1.8530487917658545 2.0923497946760143 2.012582793705961 2.1905245651006955 2.1475731030398975 2.098485717827557 2.12916533358527 2.018718716857504 2.0064468705544187 1.9819031779482483 2.024854640009046 1.8530487917658545 1.761009944492716 1.8530487917658545 2.067806102069844 1.9819031779482483 1.4603497100671303 
-55.5 -55.5 -55.0 -55.0 -55.0 -55.0 -55.0 -55.0 -55.5 -55.0 -55.0 -55.5 -56.0 -56.5 -57.0 -56.5 -57.0 -57.5 -58.0 -59.5 -60.0 -62.5 -57.5 -53.5 -51.5 -52.5 -52.0 -52.5 -52.5 -52.0 -51.5 -51.0 -51.0 -51.5 -51.5 -51.0 -53.0 -51.0 -51.0 -52.5 -54.0 -57.5 
4.417864669110647 4.460816131171445 4.466952054322987 4.374913207049849 4.448544284868359 4.509903516383785 4.516039439535327 4.571262747899211 4.651029748869264 4.583534594202296 5.135767677841127 4.8351074434155406 4.902602598082509 4.970097752749477 4.816699673960914 4.970097752749477 5.516194913236766 6.025476534814799 6.062292073724054 5.749359992995383 5.681864838328415 5.749359992995383 4.902602598082509 5.565282298449106 5.853670686571607 6.062292073724054 5.976389149602458 6.043884304269426 6.050020227420969 5.9518454569962875 5.884350302329319 5.921165841238575 5.252350217720435 5.436427912266712 5.246214294568893 5.853670686571607 5.988660995905543 6.019340611663256 6.068427996875596 
-64.0 -64.5 -65.0 -64.5 -64.5 -65.0 -66.0 -65.5 -65.5 -66.5 -67.5 -66.5 -67.0 -70.0 -68.0 -72.0 -71.5 -68.0 -66.0 -63.5 -60.5 -58.0 -63.5 -65.0 -61.5 -59.5 -60.0 -60.0 -59.0 -59.5 -60.0 -57.5 -62.5 -60.5 -57.5 -57.5 -58.5 -59.5 -65.0 
4.28287435977671 3.8963112012295285 4.061981126321178 4.061981126321178 4.09266074207889 3.7981364308048478 1.184233168247715 4.0558452031696355 3.749049045592507 0.09817477042468103 6.129787228391022 6.111379458936394 0.030679615757712823 5.773903685601553 5.405748296509 5.368932757599744 6.14819499784565 6.154330920997192 0.04295146206079795 0.04908738521234052 5.9088939949354895 5.915029918087033 5.859806609723149 5.853670686571607 5.939573610693203 6.037748381117884 5.448699758569798 5.816855147662351 5.64504929941916 5.632777453116074 5.71868037723767 5.93343768754166 
-68.0 -67.5 -68.5 -68.5 -67.5 -69.5 -72.0 -77.5 -76.0 -73.0 -72.0 -67.0 -63.5 -62.5 -58.5 -56.0 -61.5 -59.5 -62.5 -60.5 -58.5 -58.0 -58.5 -58.0 -57.0 -58.0 -59.0 -59.0 -62.0 -57.5 -57.0 -59.0 
