2.1782527187976104 1.88986433067511 1.8653206380689396 5.4671075280244255 5.6143696836614465 5.681864838328415 5.71868037723767 4.822835597112456 1.5953400194010667 3.8410878928656453 3.448388811166921 0.19634954084936207 0.2454369260617026 5.706408530934585 2.60776733940559 2.8716120349219203 0.36815538909255385 0.4724660826687775 1.0062913968529805 2.270291566070749 
-67.5 -68.5 -68.0 -72.0 -72.0 -72.5 -74.0 -61.5 -63.5 -63.0 -64.0 -71.0 -71.5 -73.5 -67.0 -66.5 -65.5 -64.5 -66.5 -66.5 
1.736466251886546 1.7303303287350031 1.761009944492716 1.7426021750380885 1.7671458676442586 1.6996507129772904 1.8407769454627694 1.8346410223112268 5.016117176386047 1.8346410223112268 1.564660403643354 1.8346410223112268 1.7119225592803755 1.748738098189631 1.6014759425526093 0.6442719309119693 3.9147189706841563 2.718213956133356 2.1353012567368124 2.36846633649543 2.2580197197676637 2.141437179888355 2.1046216409791 2.2027964114037806 2.2518837966161214 2.3439226438892597 2.030990563160589 0.9142525495798421 1.141281706186917 1.4787574795217582 1.5278448647340985 1.1780972450961724 1.4603497100671303 1.662835174068035 
-61.5 -62.0 -62.0 -62.5 -63.0 -62.5 -63.5 -64.0 -65.0 -63.5 -64.0 -64.0 -64.5 -66.0 -71.0 -71.0 -66.0 -62.0 -64.5 -63.5 -61.0 -61.0 -60.0 -61.5 -63.5 -62.5 -66.0 -62.5 -60.0 -60.0 -62.0 -62.0 -62.5 -61.5 
0.8528933180644165 0.8283496254582462 0.8283496254582462 0.8528933180644165 0.8713010875190442 0.8897088569736719 0.8835729338221293 0.8835729338221293 0.9173205111556134 0.9326603190344698 0.9387962421860124 0.9081166264282996 0.9326603190344698 0.8344855486097889 0.8344855486097889 0.8835729338221293 0.7547185476397354 0.7424467013366504 0.7240389318820226 0.7485826244881929 0.7547185476397354 0.9756117810952678 1.4358060174609601 4.611146248384237 1.1658253987930873 1.1903690913992575 1.2333205534600555 1.1965050145508 1.239456476611598 1.2701360923693108 1.2210487071569704 1.1965050145508 1.1965050145508 1.3008157081270237 1.41126232485479 1.3989904785517047 1.3437671701878218 1.4603497100671303 1.4296700943094176 1.214912784005428 1.043106935762236 0.9510680884890975 
-51.0 -51.0 -51.0 -51.0 -50.5 -51.0 -50.5 -50.0 -51.0 -50.0 -50.0 -50.0 -50.5 -50.5 -51.5 -51.5 -52.5 -53.0 -53.0 -53.0 -52.5 -50.5 -51.0 -51.5 -51.0 -53.0 -51.0 -51.0 -52.0 -52.5 -52.5 -52.0 -51.0 -52.0 -51.5 -51.0 -49.5 -49.0 -50.0 -49.5 -50.0 -50.5 
1.030835089459151 1.0737865515199487 1.0737865515199487 1.055378782065321 1.0185632431560658 1.0492428589137786 0.9940195505498954 1.0062913968529805 1.000155473701438 0.9940195505498954 0.9694758579437253 0.8897088569736719 0.8344855486097889 0.9510680884890975 1.000155473701438 1.000155473701438 1.0921943209745766 1.1228739367322893 1.1658253987930873 1.239456476611598 1.1965050145508 1.1658253987930873 1.239456476611598 1.3130875544301088 1.1719613219446299 1.3560390164909069 1.4971652489763858 1.41126232485479 1.4726215563702154 1.5155730184310134 1.5892040962495242 1.5278448647340985 1.564660403643354 1.4664856332186729 1.4848934026733007 1.4726215563702154 1.1658253987930873 1.1228739367322893 1.141281706186917 1.0369710126106935 0.9694758579437253 0.8958447801252144 
-54.0 -54.0 -54.0 -53.5 -54.0 -53.5 -53.5 -53.5 -54.0 -53.0 -53.0 -53.0 -53.0 -53.0 -53.5 -53.5 -54.0 -53.5 -53.5 -53.5 -54.5 -53.5 -50.5 -49.5 -49.5 -52.0 -51.0 -50.5 -51.0 -51.0 -51.0 -51.0 -51.5 -51.0 -50.5 -52.5 -52.0 -52.0 -52.0 -52.5 -52.5 -53.0 
1.3314953238847365 1.3560390164909069 1.3192234775816514 1.3130875544301088 1.3560390164909069 1.3560390164909069 1.3560390164909069 1.3621749396424494 1.389786593824391 1.380582709097077 1.3621749396424494 1.3192234775816514 1.2578642460662257 1.1903690913992575 1.1290098598838318 1.0369710126106935 0.8467573949128739 0.7240389318820226 0.6994952392758523 0.6258641614573416 0.705631162427395 0.9203884727313847 1.748738098189631 1.5830681730979816 1.5278448647340985 1.7732817907958012 1.8837284075235674 1.9696313316451632 1.9573594853420782 2.018718716857504 2.055534255766759 2.098485717827557 2.0800779483729293 1.8407769454627694 1.8100973297050567 1.902136176978195 1.9941750242513334 1.88986433067511 1.736466251886546 1.4480778637640452 1.3437671701878218 1.3867186322486196 
-53.5 -53.5 -53.5 -53.0 -53.0 -52.5 -52.5 -51.5 -52.5 -52.0 -52.0 -51.5 -51.5 -51.5 -52.0 -52.0 -53.0 -53.5 -53.5 -54.0 -54.5 -53.0 -48.0 -48.5 -50.5 -49.5 -50.0 -49.5 -49.0 -49.0 -49.0 -49.5 -50.0 -50.5 -49.0 -47.0 -49.0 -50.5 -51.0 -53.5 -53.5 -52.5 
1.6935147898257479 1.662835174068035 1.4910293258248433 1.4971652489763858 1.423534171157875 1.4664856332186729 1.5278448647340985 1.4787574795217582 1.5462526341887264 1.214912784005428 1.509437095279471 1.4910293258248433 1.4480778637640452 1.4480778637640452 1.3867186322486196 1.4296700943094176 1.5462526341887264 1.5278448647340985 1.2210487071569704 1.4971652489763858 1.607611865704152 1.6444274046134073 1.88986433067511 1.6935147898257479 2.0923497946760143 2.1475731030398975 2.055534255766759 2.110757564130642 2.043262409463674 2.1475731030398975 2.1905245651006955 2.1966604882522383 2.141437179888355 2.1598449493429825 2.030990563160589 1.9634954084936207 2.2150682577068657 2.1230294104337273 1.8653206380689396 1.6137477888556946 1.662835174068035 1.6873788666742053 
-62.0 -62.0 -62.0 -61.0 -60.5 -60.0 -59.5 -58.5 -59.0 -58.0 -57.5 -57.5 -57.5 -57.5 -57.0 -57.0 -57.5 -57.5 -58.5 -58.5 -59.5 -56.0 -52.5 -55.5 -54.0 -52.0 -52.0 -52.0 -52.0 -52.5 -52.5 -52.5 -53.0 -52.0 -54.0 -51.5 -53.0 -54.0 -55.5 -56.0 -55.5 -55.5 
4.552854978444583 4.528311285838413 4.466952054322987 4.534447208989955 4.387185053352934 4.313553975534423 4.23378697456437 4.0987966652304335 3.9975539332299808 4.0987966652304335 4.129476280988146 3.822680123411018 3.847223816017188 3.9944859716542096 0.7976700097005334 0.7117670855789375 0.4970097752749477 6.031612457966341 5.5192628748125365 6.019340611663256 5.66959299202533 6.019340611663256 5.816855147662351 5.712544454086128 5.988660995905543 5.8659425328746915 5.902758071783947 5.902758071783947 5.424156065963627 5.589825991055276 5.47937937432751 6.062292073724054 6.086835766330224 6.043884304269426 5.387340527054372 5.043728830567988 
-66.5 -67.0 -66.5 -67.0 -66.5 -65.5 -65.0 -64.5 -65.5 -64.0 -64.5 -65.0 -65.0 -65.5 -68.5 -70.0 -73.0 -58.0 -60.0 -62.0 -60.5 -60.5 -59.0 -58.5 -59.0 -59.0 -59.5 -59.0 -63.0 -59.5 -58.5 -57.0 -61.5 -61.0 -68.5 -69.0 
5.583690067903734 2.1659808724945253 5.577554144752192 5.994796919057086 6.0991076126333095 6.114447420512166 6.025476534814799 3.074097498922825 3.368621810196868 6.1420590746941075 5.93343768754166 5.712544454086128 5.50085510535791 0.15339807878856412 5.755495916146925 6.191146459906448 5.822991070813893 5.626641529964532 5.994796919057086 5.7616318392984684 5.9088939949354895 6.227961998815704 5.626641529964532 6.074563920027139 5.442563835418255 5.8475347634200645 5.773903685601553 5.780039608753096 2.1046216409791 
-72.0 -71.0 -72.0 -73.5 -74.0 -73.5 -71.0 -70.0 -69.0 -67.0 -63.0 -57.0 -63.5 -64.0 -61.0 -61.5 -59.5 -60.0 -60.0 -59.5 -60.0 -63.5 -61.5 -60.0 -63.0 -59.0 -60.0 -63.5 -74.5 
