2.1782527187976104 5.405748296509 5.4671075280244255 5.424156065963627 5.473243451175968 1.859184714917397 2.3930100291016 2.5157284921324514 5.620505606812989 5.485515297479052 4.8351074434155406 4.552854978444583 3.663146121470911 2.466641106920111 5.71868037723767 2.6691265709210157 2.5893595699509624 2.509592568980909 2.6139032625571326 3.2090878082567613 3.6201946594101133 5.8659425328746915 2.5341362615870793 
-72.0 -74.0 -75.0 -75.0 -75.5 -72.5 -69.0 -70.0 -70.5 -69.5 -66.0 -62.5 -63.5 -65.5 -70.5 -69.5 -69.0 -65.5 -66.5 -66.5 -64.0 -73.5 -63.5 
1.6260196351587797 1.7426021750380885 1.7548740213411735 1.7119225592803755 1.7241944055834606 1.8714565612204823 1.8714565612204823 1.7732817907958012 1.8837284075235674 1.6996507129772904 1.88986433067511 1.88986433067511 1.8530487917658545 1.8223691760081417 1.5278448647340985 1.932815792735908 1.7855536370988863 1.7732817907958012 1.7426021750380885 1.552388557340269 1.5033011721279284 1.4296700943094176 1.4358060174609601 1.5401167110371838 1.8346410223112268 5.8475347634200645 2.2027964114037806 2.0800779483729293 2.282563412373834 2.270291566070749 2.3316507975861747 2.337786720737717 2.325514874434632 2.270291566070749 2.2150682577068657 2.000310947402876 2.055534255766759 1.6935147898257479 1.9512235621905356 1.9266798695843652 2.030990563160589 
-65.0 -64.5 -65.0 -64.5 -65.5 -65.5 -65.0 -65.0 -64.5 -65.0 -65.0 -64.5 -65.0 -65.5 -65.5 -65.5 -65.0 -65.0 -64.5 -65.0 -66.0 -65.5 -66.0 -64.0 -64.5 -69.0 -61.5 -63.0 -62.0 -60.5 -60.0 -60.5 -61.0 -61.5 -62.5 -62.0 -60.5 -59.0 -59.0 -59.5 -59.5 
0.803805932852076 0.7976700097005334 0.7731263170943632 0.7547185476397354 0.7547185476397354 0.7363107781851077 0.7669903939428205 0.7240389318820226 0.7424467013366504 0.7363107781851077 0.7792622402459057 0.6933593161243098 0.7301748550335652 0.7792622402459057 0.7792622402459057 0.8222137023067037 0.8344855486097889 0.8774370106705868 0.803805932852076 0.8528933180644165 0.9694758579437253 0.944932165337555 1.0185632431560658 1.5401167110371838 1.5953400194010667 1.282407938672396 1.0676506283684062 1.282407938672396 1.2517283229146832 1.1596894756415448 1.1351457830353744 1.1596894756415448 1.1167380135807468 1.1903690913992575 1.2087768608538851 1.41126232485479 1.2210487071569704 1.227184630308513 1.3130875544301088 1.662835174068035 1.5155730184310134 1.2087768608538851 
-50.5 -51.0 -51.0 -51.0 -51.0 -51.0 -51.5 -51.0 -51.0 -51.0 -51.0 -51.0 -51.0 -51.0 -51.0 -51.0 -50.5 -50.0 -50.5 -50.0 -50.5 -50.0 -49.5 -50.5 -51.0 -50.0 -52.0 -54.5 -52.5 -53.0 -54.5 -55.0 -55.0 -54.5 -54.0 -56.0 -54.0 -53.0 -51.5 -52.0 -52.5 -50.5 
0.9878836273983529 1.055378782065321 1.0185632431560658 1.0983302441261191 1.055378782065321 1.0799224746714913 1.1106020904292042 1.1290098598838318 1.0676506283684062 1.0676506283684062 1.1044661672776617 1.0676506283684062 1.0799224746714913 1.030835089459151 1.0246991663076084 0.9940195505498954 0.9878836273983529 1.012427320004523 1.0369710126106935 0.944932165337555 1.0185632431560658 1.0369710126106935 0.859029241215959 1.227184630308513 1.3621749396424494 1.239456476611598 1.1780972450961724 1.4480778637640452 1.4910293258248433 1.4542137869155878 1.4910293258248433 1.4971652489763858 1.5155730184310134 1.564660403643354 1.5278448647340985 1.4173982480063325 1.4296700943094176 1.5155730184310134 1.2333205534600555 1.1228739367322893 0.8713010875190442 0.9203884727313847 
-53.5 -53.5 -53.5 -53.5 -53.5 -54.0 -54.0 -53.5 -53.5 -53.5 -53.5 -53.5 -53.0 -53.5 -53.5 -53.0 -53.0 -53.0 -53.0 -53.0 -52.5 -53.0 -53.0 -51.5 -50.5 -49.0 -50.0 -52.5 -52.0 -52.5 -52.5 -52.5 -52.5 -53.0 -53.0 -53.0 -51.5 -52.5 -53.0 -53.5 -53.5 -53.0 
1.2517283229146832 1.282407938672396 1.2210487071569704 1.214912784005428 1.1719613219446299 1.184233168247715 1.239456476611598 1.2087768608538851 1.2087768608538851 1.2087768608538851 1.1658253987930873 1.214912784005428 1.184233168247715 1.214912784005428 1.1351457830353744 1.1474176293384597 1.2210487071569704 1.2578642460662257 1.2333205534600555 1.214912784005428 1.1965050145508 1.141281706186917 1.2701360923693108 1.7916895602504288 1.8960002538266525 1.7855536370988863 1.8407769454627694 1.9819031779482483 2.1046216409791 2.227340104009951 2.3071071049800045 2.3009711818284617 2.3316507975861747 2.3316507975861747 2.2948352586769194 2.0923497946760143 2.110757564130642 2.1905245651006955 2.3316507975861747 2.2089323345553233 1.846912868614312 1.4603497100671303 
-52.5 -53.0 -53.0 -53.0 -53.0 -53.0 -53.0 -53.0 -52.5 -52.5 -52.5 -52.0 -52.0 -52.0 -51.5 -52.0 -51.5 -51.5 -51.5 -51.5 -51.0 -51.0 -51.0 -49.0 -48.5 -49.0 -50.0 -51.0 -52.5 -52.0 -52.5 -53.0 -53.5 -54.0 -54.0 -53.0 -51.0 -51.0 -53.0 -54.5 -53.5 -54.0 
1.6260196351587797 1.6505633277649499 1.5707963267948966 1.5585244804918115 1.6444274046134073 1.6198837120072371 1.7119225592803755 1.6260196351587797 1.6014759425526093 1.564660403643354 1.552388557340269 1.5401167110371838 1.4726215563702154 1.509437095279471 1.4848934026733007 1.6321555583103222 1.3437671701878218 1.533980787885641 1.5830681730979816 1.6382914814618648 1.6382914814618648 1.6382914814618648 1.576932249946439 2.000310947402876 2.0493983326152168 1.88986433067511 2.2641556429192065 2.2764274892222915 2.356194490192345 2.3009711818284617 2.380738182798515 2.399145952253143 2.411417798556228 2.36846633649543 2.405281875404685 2.2334760271614935 2.4605051837685683 2.141437179888355 2.442097414313941 2.5709518004963345 1.6505633277649499 1.6444274046134073 
-60.0 -60.0 -60.0 -60.0 -60.5 -60.5 -60.0 -60.5 -60.5 -60.0 -60.0 -60.0 -60.0 -59.5 -59.0 -58.5 -58.0 -58.0 -57.0 -56.5 -56.0 -56.0 -57.0 -55.0 -54.0 -55.5 -55.0 -53.5 -53.5 -54.0 -54.5 -54.5 -55.0 -54.5 -54.0 -54.5 -55.0 -56.0 -55.5 -60.0 -60.5 -58.0 
3.902447124381071 3.9638063558964967 3.8288160465625602 4.387185053352934 4.405592822807561 4.049709280018092 4.000621894805752 4.04357335686655 3.859495662320273 4.147884050442774 3.8963112012295285 4.061981126321178 3.816544200259475 4.104932588381976 3.736777199289422 3.9392626632903265 3.9147189706841563 3.6201946594101133 3.724505352986337 3.56497135104623 5.332117218690489 0.01227184630308513 5.957981380147831 6.031612457966341 5.368932757599744 6.092971689481767 6.043884304269426 5.896622148632405 6.031612457966341 5.970253226450915 6.086835766330224 6.178874613603362 5.859806609723149 6.025476534814799 5.822991070813893 6.277049384028044 6.135923151542564 5.743224069843841 
-67.5 -69.5 -69.0 -69.5 -70.0 -69.5 -70.0 -68.5 -68.5 -68.0 -67.5 -67.0 -66.0 -66.5 -65.5 -67.0 -67.0 -66.0 -65.5 -64.0 -73.0 -60.0 -59.5 -60.5 -63.0 -62.5 -61.0 -60.5 -61.5 -62.5 -61.0 -61.5 -64.0 -59.5 -60.5 -59.0 -63.5 -68.0 
4.933282213840222 1.88986433067511 1.5462526341887264 4.908738521234052 4.97623367590102 5.148039524144211 2.3623304133438876 2.3746022596469727 6.135923151542564 5.994796919057086 6.000932842208628 5.841398840268521 6.270913460876501 5.93343768754166 0.09203884727313846 6.1850105367549055 6.068427996875596 6.135923151542564 6.1420590746941075 6.227961998815704 0.0674951546669682 5.6941366846315 6.12365130523948 5.835262917116979 6.086835766330224 0.07976700097005335 1.3314953238847365 
-74.5 -72.0 -72.5 -74.0 -75.0 -76.5 -74.0 -70.5 -75.0 -61.5 -57.5 -65.5 -62.0 -63.5 -63.0 -62.0 -63.0 -63.5 -63.0 -63.0 -64.5 -63.5 -62.5 -69.0 -64.0 -65.0 -73.0 
