3.1968159619536762 3.215223731408304 0.2454369260617026 0.3313398501832985 3.2520392703175593 3.2581751934691017 3.6263305825616556 3.2520392703175593 0.2086213871524472 3.129320807286708 3.3011266555298997 3.2520392703175593 3.448388811166921 3.1784081924990484 0.30066023442558565 3.1231848841351653 2.9268353432858034 2.5954954931025047 5.724816300389213 2.6445828783148455 2.5893595699509624 2.497320722677824 2.60776733940559 2.509592568980909 2.7979809571034093 2.736621725587984 2.8838838812250054 3.2029518851052186 3.730641276137879 0.11044661672776616 2.9391071895888885 3.1231848841351653 3.215223731408304 3.2397674240144743 3.129320807286708 3.1354567304382504 3.160000423044421 3.3624858870453256 3.2765829629237295 3.043417883165112 3.172272269347506 3.129320807286708 3.472932503773092 
-67.5 -68.5 -68.5 -68.5 -67.0 -66.0 -68.0 -65.5 -68.5 -68.5 -68.0 -67.5 -66.5 -65.5 -66.5 -65.0 -63.0 -66.0 -68.0 -67.0 -67.5 -67.5 -67.0 -67.0 -67.5 -66.0 -64.5 -66.0 -68.0 -69.5 -66.5 -66.5 -66.0 -66.5 -66.0 -67.5 -67.0 -66.5 -67.0 -68.0 -68.0 -66.0 -68.0 
1.7671458676442586 1.6873788666742053 1.6260196351587797 1.7303303287350031 1.7548740213411735 1.718058482431918 1.6444274046134073 1.6566992509164924 1.6689710972195777 1.6689710972195777 1.4358060174609601 1.6382914814618648 1.5155730184310134 1.6198837120072371 1.576932249946439 1.2946797849754812 1.4542137869155878 5.3198453723874035 2.1230294104337273 2.012582793705961 1.7241944055834606 1.8837284075235674 1.9144080232812801 1.9634954084936207 1.8960002538266525 5.442563835418255 2.2396119503130363 1.9941750242513334 1.3744467859455345 1.2762720155208536 1.2946797849754812 1.2210487071569704 1.4787574795217582 1.509437095279471 1.6137477888556946 1.5953400194010667 1.6260196351587797 1.7241944055834606 1.6566992509164924 1.6751070203711202 1.6260196351587797 1.7303303287350031 1.748738098189631 1.6260196351587797 1.6873788666742053 1.5953400194010667 
-59.5 -59.5 -59.5 -59.5 -59.0 -59.5 -59.0 -59.5 -60.0 -59.0 -59.5 -60.0 -59.5 -59.0 -60.0 -61.5 -64.0 -67.0 -62.5 -60.5 -60.5 -60.5 -61.0 -60.0 -60.0 -62.5 -62.5 -64.0 -62.5 -61.0 -61.0 -60.5 -60.5 -59.5 -59.0 -59.0 -59.0 -59.0 -59.0 -59.0 -59.0 -59.0 -59.5 -59.5 -59.5 -59.5 
1.2578642460662257 1.2578642460662257 1.239456476611598 1.2701360923693108 1.2578642460662257 1.239456476611598 1.3008157081270237 1.239456476611598 1.2210487071569704 1.227184630308513 1.2087768608538851 1.2455923997631406 1.2455923997631406 1.1903690913992575 1.1596894756415448 1.0799224746714913 1.043106935762236 1.0737865515199487 1.2026409377023426 1.1903690913992575 1.0369710126106935 1.1044661672776617 1.0737865515199487 1.1228739367322893 1.0799224746714913 1.086058397823034 1.1044661672776617 1.2946797849754812 1.337631247036279 1.0615147052168636 1.030835089459151 1.1351457830353744 1.1719613219446299 1.2026409377023426 1.2026409377023426 1.227184630308513 1.227184630308513 1.2210487071569704 1.2333205534600555 1.227184630308513 1.239456476611598 1.282407938672396 1.2455923997631406 1.2333205534600555 1.2578642460662257 1.2210487071569704 1.2762720155208536 
-50.0 -50.0 -50.0 -50.0 -50.0 -50.0 -50.0 -49.5 -50.0 -50.0 -49.5 -50.0 -49.5 -49.5 -48.0 -49.0 -51.0 -51.5 -51.5 -51.0 -52.0 -52.0 -52.5 -52.5 -52.5 -52.5 -52.0 -51.5 -52.5 -52.5 -50.5 -49.5 -49.5 -48.5 -48.0 -48.5 -49.0 -48.5 -49.0 -48.5 -49.0 -49.0 -49.0 -49.5 -49.5 -49.0 -49.0 
1.3437671701878218 1.325359400733194 1.380582709097077 1.3560390164909069 1.3069516312785663 1.3437671701878218 1.2946797849754812 1.3008157081270237 1.2946797849754812 1.2946797849754812 1.2762720155208536 1.2701360923693108 1.3069516312785663 1.2455923997631406 1.0737865515199487 1.1106020904292042 1.4542137869155878 1.4051264017032472 1.564660403643354 1.423534171157875 1.4971652489763858 1.5953400194010667 1.5830681730979816 1.5830681730979816 1.6014759425526093 1.6321555583103222 1.4664856332186729 1.4603497100671303 1.6566992509164924 1.533980787885641 1.4787574795217582 1.2333205534600555 1.141281706186917 1.1228739367322893 1.1474176293384597 1.2026409377023426 1.2026409377023426 1.2578642460662257 1.2946797849754812 1.2701360923693108 1.2640001692177683 1.2885438618239387 1.2762720155208536 1.2885438618239387 1.282407938672396 1.2885438618239387 1.2946797849754812 
-50.5 -50.0 -50.0 -50.0 -50.0 -50.5 -50.5 -50.0 -50.5 -50.0 -50.0 -50.0 -50.0 -50.0 -50.5 -51.0 -51.5 -51.5 -51.0 -50.5 -52.0 -52.0 -51.5 -51.5 -51.5 -52.0 -52.5 -50.5 -51.0 -52.5 -52.0 -52.0 -51.5 -50.0 -50.0 -49.5 -50.0 -49.5 -50.0 -50.0 -50.0 -49.5 -49.5 -49.5 -49.5 -50.0 -50.0 
1.6689710972195777 1.6996507129772904 1.6935147898257479 1.6812429435226628 1.6935147898257479 1.6873788666742053 1.6751070203711202 1.6689710972195777 1.6751070203711202 1.6566992509164924 1.6566992509164924 1.6873788666742053 1.6689710972195777 1.6566992509164924 1.5953400194010667 1.846912868614312 1.9266798695843652 1.8837284075235674 1.7303303287350031 1.7916895602504288 1.8653206380689396 2.012582793705961 1.9941750242513334 2.0064468705544187 2.000310947402876 2.018718716857504 1.9266798695843652 1.88986433067511 1.8407769454627694 2.018718716857504 2.1230294104337273 2.098485717827557 1.9512235621905356 1.6935147898257479 1.564660403643354 1.5953400194010667 1.6198837120072371 1.6137477888556946 1.6260196351587797 1.607611865704152 1.6137477888556946 1.5953400194010667 1.6198837120072371 1.6137477888556946 1.6382914814618648 1.6566992509164924 1.6505633277649499 
-50.5 -50.5 -50.5 -50.5 -50.5 -50.5 -50.5 -50.5 -50.5 -50.5 -50.0 -50.5 -50.5 -50.5 -53.0 -51.5 -48.0 -48.0 -49.0 -50.0 -51.0 -50.5 -50.5 -50.0 -50.5 -51.5 -51.0 -50.5 -48.5 -48.0 -49.0 -50.5 -52.5 -52.5 -51.5 -51.0 -50.5 -50.0 -50.0 -50.0 -50.5 -50.0 -50.5 -50.0 -50.0 -50.0 -50.0 
2.1046216409791 2.1230294104337273 2.1046216409791 2.086213871524472 2.067806102069844 2.110757564130642 2.1046216409791 2.098485717827557 2.073942025221387 2.0493983326152168 2.073942025221387 2.0493983326152168 2.0493983326152168 2.0493983326152168 1.8223691760081417 2.067806102069844 2.350058567040802 2.3746022596469727 2.3316507975861747 2.3439226438892597 2.313243028131547 2.337786720737717 2.3439226438892597 2.356194490192345 2.380738182798515 2.3746022596469727 2.356194490192345 2.405281875404685 2.325514874434632 2.3623304133438876 2.466641106920111 2.313243028131547 2.116893487282185 1.8653206380689396 1.8837284075235674 1.9266798695843652 1.9757672547967058 2.018718716857504 2.0493983326152168 1.9941750242513334 2.0064468705544187 2.018718716857504 2.018718716857504 2.012582793705961 2.0493983326152168 2.0371264863121317 1.9696313316451632 
-50.5 -50.5 -50.0 -50.0 -50.5 -50.5 -50.0 -50.5 -50.5 -50.0 -50.0 -50.5 -50.5 -51.0 -53.0 -54.5 -52.5 -52.0 -53.0 -52.0 -52.5 -53.0 -53.0 -53.0 -53.5 -53.5 -52.5 -52.0 -54.0 -51.5 -53.0 -54.5 -54.5 -53.5 -52.0 -51.0 -50.5 -50.0 -50.0 -50.5 -50.5 -50.0 -50.0 -50.0 -49.5 -50.0 -50.0 
5.240078371417351 5.160311370447297 5.154175447295755 5.141903600992669 5.166447293598839 5.062136600022616 5.129631754689584 5.031456984264903 5.184855063053467 5.062136600022616 5.062136600022616 4.994641445355648 5.0682725231741586 5.841398840268521 6.050020227420969 5.896622148632405 5.5284667595398505 5.5714182216006485 5.798447378207723 5.890486225480862 5.976389149602458 5.927301764390117 6.092971689481767 6.007068765360171 6.074563920027139 5.896622148632405 5.939573610693203 5.460971604872882 5.915029918087033 6.209554229361076 6.135923151542564 6.19728238305799 5.062136600022616 5.356660911296659 5.111223985234957 5.166447293598839 4.945554060143307 5.295301679781233 5.123495831538041 5.037592907416445 5.00077736850719 5.062136600022616 5.013049214810275 5.092816215780329 5.074408446325701 5.019185137961818 
-64.0 -65.0 -63.5 -64.0 -64.0 -64.5 -65.0 -64.5 -64.5 -64.5 -65.0 -64.5 -65.0 -65.0 -59.5 -56.5 -56.5 -59.5 -58.5 -58.5 -58.0 -58.0 -58.5 -58.0 -58.0 -58.5 -58.5 -58.5 -56.0 -56.5 -58.5 -60.0 -62.0 -67.0 -66.0 -64.5 -64.5 -64.0 -64.0 -64.0 -64.5 -63.5 -63.5 -64.0 -64.0 -64.5 
5.534602682691394 5.595961914206819 5.675728915176872 5.651185222570702 5.5284667595398505 5.6941366846315 5.632777453116074 5.540738605842936 5.516194913236766 5.583690067903734 5.4671075280244255 5.491651220630596 5.608233760509904 5.577554144752192 6.270913460876501 0.0674951546669682 5.7616318392984684 0.17794177139473438 6.178874613603362 5.872078456026235 0.6381360077604268 0.5031456984264903 0.0859029241215959 0.09817477042468103 0.23930100291016002 0.3436116964863836 6.068427996875596 6.068427996875596 0.07363107781851078 5.921165841238575 6.166602767300278 6.258641614573416 0.14726215563702155 5.332117218690489 5.344389064993574 5.516194913236766 5.375068680751287 5.436427912266712 5.540738605842936 5.4671075280244255 5.491651220630596 5.522330836388308 5.418020142812084 5.473243451175968 5.47937937432751 
-62.0 -61.5 -61.0 -60.5 -61.5 -60.5 -61.5 -61.5 -61.5 -61.5 -61.5 -62.0 -61.5 -62.0 -70.0 -64.5 -62.5 -66.5 -62.0 -65.5 -67.0 -63.5 -62.0 -63.0 -63.0 -64.0 -69.5 -65.5 -65.0 -65.5 -62.5 -65.0 -66.0 -64.5 -63.0 -61.5 -62.0 -61.5 -62.0 -62.0 -61.0 -61.5 -61.0 -61.0 -61.0 
