0.28225246497095796 0.3988350048502667 0.4111068511533518 3.3870295796514958 3.834951969714103 3.3747577333484107 3.3011266555298997 0.4172427743048944 3.5833791205008576 0.6013204688511713 1.012427320004523 1.1044661672776617 4.252194744018997 4.01902966426038 3.472932503773092 2.9697868053466014 2.497320722677824 5.724816300389213 5.835262917116979 6.14819499784565 6.056156150572511 2.5893595699509624 2.9329712664373457 3.1354567304382504 3.448388811166921 4.000621894805752 3.9269908169872414 2.073942025221387 2.0371264863121317 1.945087639038993 2.024854640009046 
-74.5 -74.0 -74.5 -73.5 -75.5 -74.5 -74.0 -74.5 -72.0 -74.0 -74.5 -68.5 -64.0 -64.0 -62.0 -65.0 -67.5 -71.5 -71.0 -69.5 -70.5 -67.0 -66.5 -63.5 -65.0 -62.0 -64.5 -66.5 -66.0 -68.0 -65.5 
3.2949907323783574 3.3870295796514958 3.215223731408304 3.552699504743145 3.485204350076177 0.2086213871524472 3.2459033471660166 0.21475731030398976 3.08636934522591 0.23316507975861744 3.399301425954581 3.2397674240144743 0.34974761963792617 2.435961491162398 2.043262409463674 2.0493983326152168 2.086213871524472 2.3009711818284617 2.2948352586769194 2.386874105950058 2.2212041808584084 2.2212041808584084 2.2089323345553233 1.521708941582556 1.9819031779482483 1.1351457830353744 1.1106020904292042 1.3621749396424494 1.3130875544301088 1.5462526341887264 1.6689710972195777 1.7732817907958012 1.761009944492716 
-68.5 -68.5 -68.5 -68.0 -68.5 -69.5 -69.5 -70.5 -69.0 -70.5 -71.0 -71.5 -74.5 -64.5 -63.5 -63.5 -62.0 -60.0 -59.0 -60.0 -60.0 -62.0 -64.0 -64.5 -67.0 -62.5 -61.0 -61.0 -61.0 -62.0 -61.5 -62.5 -61.0 
0.5583690067903734 0.5583690067903734 0.6135923151542565 0.5522330836388308 0.5767767762450011 0.5829126993965437 0.5706408530934585 0.5767767762450011 0.5767767762450011 0.5645049299419159 0.6320000846088841 0.5767767762450011 0.5092816215780329 0.5767767762450011 0.5890486225480862 0.5399612373357456 0.5645049299419159 0.9510680884890975 1.1903690913992575 1.1903690913992575 1.030835089459151 1.1228739367322893 1.3560390164909069 1.2640001692177683 1.1596894756415448 1.2517283229146832 1.3008157081270237 1.2026409377023426 1.1719613219446299 1.2455923997631406 1.3989904785517047 1.325359400733194 1.3008157081270237 1.4296700943094176 1.4971652489763858 1.4480778637640452 1.2885438618239387 0.9756117810952678 0.8958447801252144 0.8344855486097889 0.8713010875190442 
-53.5 -53.5 -53.5 -53.5 -53.5 -54.0 -53.5 -54.0 -53.5 -54.0 -53.5 -53.5 -53.5 -53.5 -54.0 -53.0 -52.5 -50.0 -48.0 -49.0 -50.0 -53.0 -53.0 -52.0 -53.5 -54.0 -54.5 -54.0 -53.5 -52.0 -52.0 -52.0 -50.5 -50.0 -49.0 -49.0 -49.0 -49.5 -51.0 -51.0 -50.5 
1.2640001692177683 1.3437671701878218 1.2885438618239387 1.3069516312785663 1.3499030933393643 1.2885438618239387 1.3192234775816514 1.3130875544301088 1.3314953238847365 1.2946797849754812 1.2762720155208536 1.2762720155208536 1.2762720155208536 1.214912784005428 1.2026409377023426 1.2762720155208536 1.2517283229146832 1.3314953238847365 1.4358060174609601 1.2946797849754812 1.1535535524900022 1.3314953238847365 1.521708941582556 1.4296700943094176 1.521708941582556 1.5278448647340985 1.5155730184310134 1.5033011721279284 1.552388557340269 1.5401167110371838 1.5462526341887264 1.4051264017032472 1.5033011721279284 1.3928545554001621 1.3314953238847365 1.2762720155208536 1.1535535524900022 0.9694758579437253 0.9940195505498954 0.9633399347921826 1.0185632431560658 
-53.5 -53.5 -53.0 -53.0 -53.0 -53.5 -53.5 -53.0 -53.5 -53.5 -53.5 -53.0 -53.5 -53.5 -53.5 -53.5 -53.5 -52.5 -51.5 -50.5 -51.0 -51.0 -52.0 -51.5 -52.5 -52.0 -52.5 -52.0 -52.0 -52.5 -52.0 -51.0 -51.0 -51.5 -52.5 -52.5 -52.5 -53.0 -53.5 -53.5 -53.5 
0.9387962421860124 0.9694758579437253 0.9756117810952678 1.0246991663076084 0.9940195505498954 0.9387962421860124 0.9878836273983529 0.9694758579437253 0.9878836273983529 0.944932165337555 0.9756117810952678 0.9203884727313847 0.944932165337555 0.9142525495798421 0.8774370106705868 0.8528933180644165 0.9019807032767571 1.1719613219446299 1.607611865704152 1.718058482431918 1.736466251886546 1.7671458676442586 1.8407769454627694 2.030990563160589 2.1475731030398975 2.1537090261914402 2.1046216409791 2.184388641949153 2.1230294104337273 2.0800779483729293 1.8837284075235674 1.8162332528565992 1.8100973297050567 1.9573594853420782 1.9757672547967058 1.8285050991596843 1.5155730184310134 1.2640001692177683 1.2701360923693108 1.2701360923693108 1.337631247036279 
-55.5 -55.5 -55.5 -55.0 -55.0 -55.0 -55.5 -55.0 -55.0 -55.0 -55.0 -55.5 -55.0 -54.5 -55.0 -56.0 -54.5 -51.5 -49.5 -48.0 -48.5 -49.0 -50.0 -51.0 -50.0 -50.5 -50.5 -50.5 -50.5 -50.5 -50.5 -49.0 -48.0 -48.0 -49.5 -49.5 -51.0 -51.0 -51.5 -53.0 -52.5 
2.1353012567368124 2.1475731030398975 2.116893487282185 2.184388641949153 2.1353012567368124 2.12916533358527 2.098485717827557 2.0371264863121317 2.0923497946760143 2.012582793705961 5.184855063053467 2.0371264863121317 2.0064468705544187 2.061670178918302 2.0064468705544187 1.8653206380689396 1.6751070203711202 1.8100973297050567 2.12916533358527 1.9205439464328227 2.043262409463674 2.1966604882522383 2.1782527187976104 2.184388641949153 2.282563412373834 2.2886993355253766 2.313243028131547 2.270291566070749 2.227340104009951 2.2396119503130363 2.0371264863121317 2.184388641949153 2.0493983326152168 2.098485717827557 2.337786720737717 2.1782527187976104 1.736466251886546 1.5033011721279284 1.5830681730979816 1.533980787885641 1.6198837120072371 
-62.5 -62.5 -62.0 -62.5 -61.5 -61.5 -62.0 -61.5 -62.5 -62.0 -63.0 -62.5 -63.0 -62.0 -62.5 -63.0 -63.0 -57.5 -53.5 -53.5 -55.0 -53.0 -52.5 -52.5 -53.0 -53.5 -53.5 -53.5 -53.0 -52.5 -52.5 -52.5 -55.0 -52.5 -53.5 -55.0 -56.0 -57.0 -56.5 -58.0 -58.5 
5.190990986205009 4.970097752749477 5.117359908386499 5.21553467881118 5.105088062083414 5.190990986205009 5.086680292628786 5.092816215780329 5.062136600022616 5.117359908386499 5.031456984264903 4.963961829597935 5.013049214810275 4.534447208989955 5.117359908386499 4.963961829597935 4.884194828627882 5.681864838328415 5.816855147662351 5.902758071783947 5.64504929941916 5.9518454569962875 5.540738605842936 6.050020227420969 6.043884304269426 5.982525072754001 6.062292073724054 5.964117303299373 5.994796919057086 6.050020227420969 5.730952223540755 5.810719224510809 5.399612373357457 5.8475347634200645 6.191146459906448 5.8475347634200645 5.884350302329319 4.442408361716817 4.749204519293945 4.871922982324796 4.76147636559703 
-69.0 -68.5 -70.0 -70.5 -68.5 -71.0 -70.5 -70.0 -70.5 -69.0 -70.0 -69.5 -69.0 -70.0 -71.0 -70.5 -70.0 -62.5 -61.0 -57.5 -61.0 -58.5 -62.5 -60.0 -60.0 -60.5 -61.0 -60.5 -59.5 -59.0 -61.5 -58.5 -60.5 -57.0 -57.5 -61.5 -65.0 -67.5 -66.0 -67.5 -66.5 
0.7547185476397354 0.8344855486097889 0.8958447801252144 0.7547185476397354 0.7179030087304801 0.7424467013366504 0.7485826244881929 0.6565437772150544 0.6565437772150544 0.7792622402459057 0.8528933180644165 0.8160777791551611 0.7731263170943632 0.859029241215959 0.9203884727313847 0.5890486225480862 0.7547185476397354 6.105243535784852 5.755495916146925 5.632777453116074 6.215690152512618 5.93343768754166 5.964117303299373 0.0674951546669682 6.0991076126333095 5.988660995905543 5.988660995905543 5.957981380147831 5.994796919057086 6.117515382087937 5.816855147662351 5.706408530934585 6.240233845118788 5.497787143782138 6.12365130523948 5.8475347634200645 1.1044661672776617 0.3129320807286708 
-64.5 -64.0 -64.0 -63.5 -63.5 -64.0 -64.0 -63.5 -64.0 -65.0 -64.5 -64.5 -64.5 -64.5 -64.5 -64.5 -65.5 -65.5 -58.5 -58.5 -63.0 -58.0 -62.5 -62.0 -62.0 -60.0 -60.5 -60.5 -60.0 -60.0 -64.5 -59.5 -61.5 -60.0 -58.5 -61.0 -75.5 -76.0 
