2.5464081078901644 2.4911847995262812 5.773903685601553 2.6384469551633027 2.7120780329818137 2.742757648739526 2.5586799541932495 2.6875343403756435 2.6691265709210157 2.4850488763747385 2.6691265709210157 2.6998061866787286 2.6384469551633027 2.6998061866787286 2.724349879284899 2.84706834231575 6.031612457966341 2.7979809571034093 3.3502140407422405 3.2581751934691017 3.08636934522591 3.147728576741336 3.055689729468197 6.105243535784852 2.9268353432858034 3.018874190558942 2.742757648739526 2.816388726558037 0.0859029241215959 3.3379421944391554 2.9391071895888885 2.9084275738311756 2.6445828783148455 2.8409324191642074 2.834796496012665 2.5402721847386216 2.380738182798515 2.5341362615870793 2.380738182798515 2.399145952253143 2.3746022596469727 2.405281875404685 2.399145952253143 2.3623304133438876 
-64.5 -64.5 -65.0 -64.5 -65.5 -64.5 -64.5 -64.0 -64.5 -65.0 -65.5 -65.0 -65.0 -65.0 -65.5 -66.0 -67.5 -66.0 -64.5 -61.0 -61.5 -65.0 -62.0 -63.5 -63.5 -62.5 -63.0 -63.5 -64.0 -64.0 -62.5 -61.0 -61.5 -61.0 -62.0 -65.0 -66.0 -64.5 -64.0 -64.0 -64.0 -64.5 -64.0 -62.5 
2.6875343403756435 5.595961914206819 2.282563412373834 2.6139032625571326 2.1966604882522383 2.3930100291016 2.3071071049800045 2.350058567040802 2.3071071049800045 5.460971604872882 2.0923497946760143 2.2150682577068657 2.411417798556228 2.2334760271614935 2.1537090261914402 2.2334760271614935 2.0923497946760143 2.12916533358527 2.3193789512830896 1.9512235621905356 2.2396119503130363 2.454369260617026 2.6261751088602177 2.2212041808584084 2.2580197197676637 2.3930100291016 2.282563412373834 2.3439226438892597 2.429825568010856 2.8102528034064944 3.172272269347506 3.153864499892878 3.2397674240144743 2.773437264497239 2.5464081078901644 2.6691265709210157 2.36846633649543 2.2948352586769194 2.1659808724945253 2.1353012567368124 2.116893487282185 2.2150682577068657 2.313243028131547 2.399145952253143 2.2886993355253766 
-64.5 -65.5 -65.5 -65.0 -63.5 -64.5 -64.5 -65.0 -65.0 -65.5 -64.5 -64.5 -64.5 -64.5 -64.0 -64.5 -64.0 -65.5 -63.5 -63.0 -64.0 -66.0 -59.5 -61.5 -62.0 -63.5 -62.5 -62.5 -60.5 -60.0 -61.0 -62.5 -63.5 -67.0 -67.0 -64.5 -63.5 -64.0 -65.5 -66.0 -64.5 -65.5 -65.0 -65.5 -65.5 
0.36815538909255385 0.3988350048502667 0.4295146206079795 0.380427235395639 0.48473792897186263 0.42337869745643697 0.3620194659410113 0.48473792897186263 0.380427235395639 0.4663301595172349 0.5092816215780329 0.44178646691106466 0.5154175447295755 0.47860200582032003 0.5338253141842031 0.5092816215780329 0.5154175447295755 0.5092816215780329 0.4540583132141498 0.4970097752749477 0.7301748550335652 0.7792622402459057 0.705631162427395 0.8160777791551611 0.8713010875190442 0.5338253141842031 0.5645049299419159 0.5829126993965437 0.5338253141842031 0.5890486225480862 0.6320000846088841 0.5645049299419159 0.705631162427395 0.6749515466696822 0.705631162427395 0.9203884727313847 0.8467573949128739 0.6013204688511713 0.6135923151542565 0.5338253141842031 0.4172427743048944 0.34974761963792617 0.4049709280018093 0.3988350048502667 0.32520392703175593 0.3129320807286708 0.3190680038802134 0.32520392703175593 0.3313398501832985 
-51.0 -51.0 -51.0 -51.0 -51.0 -51.0 -51.0 -50.5 -50.5 -50.5 -50.5 -50.5 -50.5 -50.5 -50.5 -50.5 -50.5 -50.5 -50.5 -50.0 -50.5 -49.5 -51.0 -53.0 -50.5 -50.5 -51.5 -51.0 -51.0 -50.5 -51.0 -50.5 -51.5 -51.5 -50.5 -51.5 -53.0 -52.5 -51.0 -51.5 -51.5 -52.0 -52.0 -51.5 -51.5 -52.0 -52.0 -51.5 -51.5 
0.8283496254582462 0.8528933180644165 0.8222137023067037 0.7915340865489908 0.7792622402459057 0.7669903939428205 0.8099418560036186 0.7424467013366504 0.7669903939428205 0.7976700097005334 0.7731263170943632 0.7731263170943632 0.8344855486097889 0.6994952392758523 0.8099418560036186 0.8774370106705868 0.7976700097005334 0.7547185476397354 0.7792622402459057 0.7731263170943632 0.859029241215959 0.9326603190344698 1.0799224746714913 1.1167380135807468 0.9694758579437253 0.7547185476397354 0.9019807032767571 0.9265243958829272 0.7853981633974483 0.8099418560036186 0.8897088569736719 0.9203884727313847 0.9878836273983529 0.9019807032767571 0.859029241215959 0.9326603190344698 1.1044661672776617 1.1290098598838318 1.1106020904292042 0.9694758579437253 0.8528933180644165 0.8222137023067037 0.9019807032767571 0.8467573949128739 0.7669903939428205 0.8283496254582462 0.8283496254582462 0.8774370106705868 0.8283496254582462 
-53.5 -54.0 -53.5 -54.0 -53.5 -54.0 -53.5 -54.0 -54.0 -53.5 -53.5 -53.5 -53.5 -53.5 -53.5 -53.5 -53.5 -53.5 -53.5 -53.0 -52.0 -52.0 -52.5 -51.0 -50.5 -52.0 -52.0 -51.5 -51.5 -52.0 -52.0 -51.5 -51.0 -52.0 -51.5 -50.0 -50.0 -51.0 -51.0 -52.0 -53.0 -54.0 -53.5 -53.5 -53.5 -53.5 -54.0 -54.0 -53.5 
1.3069516312785663 1.2762720155208536 1.2762720155208536 1.227184630308513 1.2455923997631406 1.2578642460662257 1.2087768608538851 1.1780972450961724 1.1903690913992575 1.1719613219446299 1.1596894756415448 1.2026409377023426 1.1965050145508 1.1903690913992575 1.184233168247715 1.1719613219446299 1.1535535524900022 1.1719613219446299 1.1535535524900022 1.2640001692177683 1.4971652489763858 1.509437095279471 1.4787574795217582 1.239456476611598 1.043106935762236 1.0246991663076084 1.0062913968529805 0.9265243958829272 1.0185632431560658 1.043106935762236 1.030835089459151 1.055378782065321 1.1044661672776617 1.086058397823034 1.0615147052168636 1.1228739367322893 1.1965050145508 1.3989904785517047 1.4542137869155878 1.552388557340269 1.5033011721279284 1.3621749396424494 1.4296700943094176 1.380582709097077 1.2946797849754812 1.3130875544301088 1.3867186322486196 1.4358060174609601 1.4419419406125027 
-55.0 -55.0 -55.0 -55.5 -55.0 -55.0 -55.0 -55.0 -55.5 -55.5 -55.5 -55.0 -55.5 -55.5 -55.5 -55.0 -55.5 -55.0 -55.0 -55.0 -53.0 -52.0 -51.0 -49.5 -49.5 -50.5 -51.0 -50.5 -51.0 -51.0 -51.0 -51.5 -51.0 -51.5 -50.5 -50.5 -49.5 -50.0 -50.5 -51.5 -52.5 -54.5 -55.0 -55.5 -55.0 -55.0 -55.0 -55.5 -55.5 
1.5830681730979816 1.5830681730979816 1.521708941582556 1.6137477888556946 1.576932249946439 1.5830681730979816 1.5401167110371838 1.564660403643354 1.5462526341887264 1.5830681730979816 1.509437095279471 1.5401167110371838 1.564660403643354 1.607611865704152 1.5278448647340985 1.552388557340269 1.5830681730979816 1.533980787885641 1.380582709097077 1.564660403643354 1.7794177139473437 1.8714565612204823 1.8162332528565992 1.4971652489763858 1.4971652489763858 1.7671458676442586 1.6566992509164924 1.6198837120072371 1.6198837120072371 1.6751070203711202 1.718058482431918 1.6873788666742053 1.6198837120072371 1.846912868614312 1.7978254834019713 1.6935147898257479 1.6014759425526093 1.576932249946439 1.6873788666742053 1.7426021750380885 1.7548740213411735 1.761009944492716 1.662835174068035 1.5953400194010667 1.6382914814618648 1.6566992509164924 1.7119225592803755 1.7241944055834606 1.6935147898257479 
-58.5 -58.0 -58.0 -58.5 -58.0 -58.0 -58.0 -58.0 -57.5 -57.5 -57.5 -57.0 -57.0 -57.0 -57.5 -57.5 -57.0 -57.0 -57.5 -57.0 -54.5 -51.5 -52.0 -53.0 -55.5 -56.0 -56.0 -57.5 -56.5 -56.0 -55.5 -57.0 -56.5 -55.0 -56.0 -55.5 -54.5 -53.0 -52.0 -53.0 -55.5 -58.0 -57.0 -57.0 -57.5 -58.0 -58.0 -57.5 -57.5 
5.436427912266712 5.460971604872882 5.307573526084319 5.399612373357457 5.540738605842936 5.246214294568893 5.6143696836614465 5.460971604872882 5.405748296509 5.350524988145116 5.399612373357457 5.460971604872882 5.4671075280244255 5.47937937432751 5.350524988145116 5.473243451175968 5.497787143782138 5.4671075280244255 5.516194913236766 5.442563835418255 5.3627968344482015 5.227806525114265 5.117359908386499 5.019185137961818 4.804427827657828 4.8351074434155406 4.338097668140593 4.031301510563465 4.239922897715912 4.3074180523828804 4.669437518323892 4.338097668140593 4.755340442445488 5.043728830567988 5.013049214810275 4.589670517353839 5.184855063053467 5.307573526084319 5.448699758569798 5.5284667595398505 5.5100589900852235 5.5714182216006485 5.460971604872882 5.516194913236766 5.491651220630596 5.491651220630596 5.638913376267617 5.6143696836614465 
-60.0 -60.5 -59.5 -60.0 -59.5 -60.5 -60.5 -61.0 -60.5 -61.0 -60.5 -61.0 -61.0 -60.5 -60.5 -61.0 -60.5 -61.5 -61.5 -61.5 -61.0 -61.0 -58.0 -58.0 -59.0 -58.5 -58.0 -59.5 -61.5 -61.0 -61.5 -61.0 -58.0 -57.5 -58.0 -58.5 -56.5 -57.0 -57.5 -58.0 -58.5 -58.5 -59.0 -59.0 -58.5 -59.0 -59.0 -58.0 
3.7551849687440497 3.736777199289422 3.5956509668039427 3.6876898140770815 6.080699843178682 5.780039608753096 5.6143696836614465 5.387340527054372 5.534602682691394 5.945709533844745 5.730952223540755 5.589825991055276 5.399612373357457 2.8286605728611223 5.93343768754166 6.178874613603362 5.915029918087033 2.350058567040802 2.2457478734645786 5.516194913236766 5.497787143782138 5.663457068873787 6.031612457966341 2.8716120349219203 3.1906800388021335 
-76.5 -76.0 -77.5 -77.5 -76.5 -70.5 -64.0 -61.0 -60.5 -65.5 -70.5 -65.5 -64.0 -66.0 -66.5 -65.5 -65.0 -73.0 -64.0 -63.5 -64.0 -66.0 -74.5 -75.5 -76.5 
