2.380738182798515 2.650718801466388 2.4850488763747385 2.6261751088602177 2.552544031041707 2.5586799541932495 5.8045833013592665 2.5954954931025047 2.6016314162540475 2.84706834231575 2.521864415283994 2.5341362615870793 2.6200391857086753 2.6384469551633027 2.1475731030398975 2.6568547246179306 2.36846633649543 2.552544031041707 3.0066023442558567 3.074097498922825 2.9022916506796332 3.104777114680538 3.067961575771282 3.2397674240144743 2.2334760271614935 2.834796496012665 3.3440781175906977 3.2581751934691017 3.6079228131070282 3.0372819600135696 3.08636934522591 2.693670263527186 2.705942109830271 2.662990647769473 2.552544031041707 2.9329712664373457 2.9329712664373457 5.988660995905543 2.6200391857086753 2.5770877236478773 2.5832236467994196 2.773437264497239 2.6998061866787286 2.442097414313941 2.5709518004963345 
-63.5 -63.5 -63.5 -63.5 -63.0 -63.5 -64.5 -64.0 -63.0 -63.0 -63.0 -63.5 -63.0 -63.5 -64.0 -64.0 -64.5 -65.0 -63.5 -61.0 -61.0 -62.0 -63.5 -64.5 -64.0 -64.0 -64.0 -63.5 -63.0 -63.5 -64.5 -64.5 -62.0 -61.0 -62.0 -64.0 -69.5 -69.5 -67.5 -67.0 -67.5 -67.0 -66.0 -65.5 -65.0 
2.2948352586769194 2.141437179888355 2.4727770300716534 2.2396119503130363 2.184388641949153 2.2518837966161214 2.2733595276465204 2.1782527187976104 2.1905245651006955 2.2948352586769194 2.1659808724945253 2.1598449493429825 2.086213871524472 2.0923497946760143 1.9880391010997909 1.9696313316451632 2.030990563160589 2.399145952253143 2.5954954931025047 2.6691265709210157 2.5464081078901644 2.945243112740431 2.6998061866787286 2.509592568980909 2.356194490192345 2.380738182798515 2.5280003384355365 2.6139032625571326 2.399145952253143 2.791845033951867 3.0802334220743677 3.215223731408304 3.663146121470911 3.1661363461959633 2.816388726558037 2.693670263527186 2.4605051837685683 2.2212041808584084 2.564815877344792 2.767301341345697 2.442097414313941 2.5341362615870793 2.1966604882522383 
-64.0 -64.5 -64.0 -65.5 -64.0 -64.0 -65.0 -64.5 -64.5 -63.5 -64.0 -63.0 -64.5 -64.5 -63.5 -64.0 -63.5 -63.5 -63.5 -64.0 -65.0 -61.0 -61.0 -62.0 -62.5 -63.0 -62.5 -63.0 -61.5 -60.5 -61.0 -62.5 -63.0 -64.5 -63.5 -64.0 -65.0 -65.0 -65.5 -65.5 -65.0 -65.0 -65.5 
0.4295146206079795 0.5031456984264903 0.4724660826687775 0.4540583132141498 0.4970097752749477 0.4908738521234052 3.6416703904405123 0.48473792897186263 0.4908738521234052 0.5031456984264903 0.4724660826687775 0.5522330836388308 0.5338253141842031 0.5338253141842031 0.47860200582032003 0.47860200582032003 0.44178646691106466 0.4540583132141498 0.5951845456996288 0.7117670855789375 0.6994952392758523 0.8713010875190442 0.8406214717613314 0.7301748550335652 0.6933593161243098 0.6381360077604268 0.5951845456996288 0.5645049299419159 0.607456392002714 0.5767767762450011 0.5460971604872883 0.5829126993965437 0.7240389318820226 0.8406214717613314 0.7915340865489908 0.6381360077604268 0.5276893910326605 0.5767767762450011 0.44178646691106466 0.3129320807286708 0.380427235395639 0.36815538909255385 0.34974761963792617 0.35588354278946877 0.39269908169872414 0.3988350048502667 0.46019423636569234 
-51.0 -51.0 -50.5 -51.0 -51.0 -50.5 -51.5 -50.5 -50.5 -50.5 -50.5 -50.5 -50.5 -50.5 -51.0 -51.0 -51.0 -51.0 -51.0 -51.0 -52.5 -52.5 -51.0 -50.5 -51.5 -51.0 -51.0 -51.5 -51.0 -51.5 -51.5 -51.0 -51.0 -51.0 -52.5 -52.5 -51.5 -51.0 -52.0 -52.5 -52.5 -52.5 -52.0 -52.0 -52.0 -51.0 -51.0 
0.8897088569736719 0.8713010875190442 0.8713010875190442 0.8528933180644165 0.8528933180644165 0.8774370106705868 0.8344855486097889 0.859029241215959 0.8651651643675016 0.8467573949128739 0.8467573949128739 0.8283496254582462 0.8651651643675016 0.7976700097005334 0.8467573949128739 0.7853981633974483 0.803805932852076 0.8528933180644165 0.9694758579437253 1.055378782065321 1.1719613219446299 1.1596894756415448 0.8958447801252144 0.859029241215959 0.9878836273983529 1.0246991663076084 0.9387962421860124 0.8897088569736719 0.9081166264282996 0.9326603190344698 0.9387962421860124 1.000155473701438 0.9817477042468103 0.8467573949128739 1.0492428589137786 1.1780972450961724 1.1780972450961724 1.1106020904292042 1.012427320004523 1.000155473701438 0.9878836273983529 0.9142525495798421 0.9265243958829272 0.9265243958829272 0.8958447801252144 0.9203884727313847 0.8835729338221293 
-52.5 -53.0 -53.0 -52.5 -52.5 -53.0 -53.0 -53.0 -53.0 -52.5 -52.5 -53.0 -53.0 -52.5 -53.0 -53.0 -54.0 -53.0 -52.5 -52.0 -51.5 -50.0 -49.5 -50.5 -51.0 -51.0 -50.5 -51.0 -51.5 -51.0 -51.0 -51.5 -51.5 -50.5 -50.0 -51.0 -51.5 -52.0 -53.5 -54.0 -54.0 -53.0 -53.5 -53.5 -53.5 -53.5 -52.5 
1.3499030933393643 1.337631247036279 1.3499030933393643 1.2946797849754812 1.3560390164909069 1.337631247036279 1.3406992086120504 1.3192234775816514 1.3437671701878218 1.2885438618239387 1.3130875544301088 1.325359400733194 1.3008157081270237 1.3008157081270237 1.3314953238847365 1.239456476611598 1.3867186322486196 1.4603497100671303 1.5892040962495242 1.5892040962495242 1.4542137869155878 1.2946797849754812 1.1596894756415448 1.1719613219446299 1.2087768608538851 1.1780972450961724 1.1903690913992575 1.1351457830353744 1.214912784005428 1.1351457830353744 1.1044661672776617 1.141281706186917 1.086058397823034 1.2087768608538851 1.1965050145508 1.3437671701878218 1.3928545554001621 1.41126232485479 1.4664856332186729 1.4603497100671303 1.4419419406125027 1.4358060174609601 1.3069516312785663 1.2762720155208536 1.3560390164909069 1.3621749396424494 1.3130875544301088 
-55.0 -55.0 -55.0 -55.0 -55.5 -55.5 -55.5 -55.0 -55.0 -55.5 -55.0 -55.0 -55.0 -55.5 -55.5 -55.5 -55.5 -54.5 -53.0 -52.0 -50.0 -49.5 -49.5 -50.0 -50.5 -51.0 -51.0 -51.0 -51.0 -51.5 -51.0 -51.5 -51.0 -50.0 -50.0 -49.5 -50.5 -51.0 -53.0 -54.0 -54.5 -55.0 -55.0 -54.0 -54.5 -54.5 -54.5 
1.5953400194010667 1.718058482431918 1.6260196351587797 1.607611865704152 1.5892040962495242 1.6198837120072371 1.6321555583103222 1.6505633277649499 1.6505633277649499 1.5707963267948966 1.5892040962495242 1.6382914814618648 1.576932249946439 1.607611865704152 1.5953400194010667 1.5278448647340985 1.6812429435226628 1.5892040962495242 1.846912868614312 1.8653206380689396 1.718058482431918 1.5462526341887264 1.8346410223112268 1.8653206380689396 1.8407769454627694 1.552388557340269 1.8837284075235674 1.9634954084936207 1.8285050991596843 1.9573594853420782 1.859184714917397 1.7978254834019713 1.9389517158874505 1.8223691760081417 1.6505633277649499 1.6260196351587797 1.7241944055834606 1.8162332528565992 1.9266798695843652 1.8100973297050567 1.8039614065535141 1.7978254834019713 1.8039614065535141 1.748738098189631 1.7978254834019713 1.7303303287350031 1.662835174068035 
-57.5 -57.5 -57.0 -57.0 -57.0 -56.5 -57.0 -56.5 -56.5 -56.5 -56.0 -56.0 -56.5 -56.5 -56.0 -57.0 -57.5 -57.0 -54.5 -53.5 -51.5 -54.5 -55.5 -54.0 -55.0 -56.5 -55.5 -54.5 -54.0 -54.5 -56.0 -56.0 -54.5 -55.5 -55.5 -53.5 -52.0 -53.0 -57.0 -59.5 -59.0 -59.0 -59.0 -59.5 -59.5 -58.5 -58.0 
5.700272607783043 5.681864838328415 5.66959299202533 5.6941366846315 5.681864838328415 5.6573211457222445 5.553010452146021 5.743224069843841 5.534602682691394 5.522330836388308 5.638913376267617 5.540738605842936 5.706408530934585 5.620505606812989 5.638913376267617 5.344389064993574 5.6941366846315 5.663457068873787 5.64504929941916 5.638913376267617 5.295301679781233 4.878058905476339 5.043728830567988 4.963961829597935 4.773748211900116 4.620350133111551 4.853515212870168 5.019185137961818 5.0253210611133605 5.031456984264903 4.638757902566179 4.546719055293041 4.651029748869264 4.9394181369917645 4.565126824747668 4.773748211900116 5.178719139901925 5.301437602932776 5.387340527054372 5.411884219660542 5.442563835418255 5.43029198911517 5.399612373357457 5.325981295538946 5.5284667595398505 5.473243451175968 5.368932757599744 
-58.5 -58.5 -58.5 -58.0 -58.5 -59.0 -59.5 -59.0 -59.0 -59.0 -59.5 -59.5 -59.5 -59.5 -60.0 -59.5 -59.5 -59.5 -59.0 -59.0 -57.0 -57.0 -58.0 -57.5 -58.0 -59.0 -61.5 -61.0 -60.5 -61.5 -61.5 -60.0 -57.0 -57.0 -59.5 -57.0 -57.5 -58.0 -58.0 -59.5 -59.0 -59.0 -59.0 -59.0 -59.0 -58.5 -59.5 
2.2027964114037806 2.705942109830271 5.730952223540755 5.896622148632405 5.418020142812084 5.436427912266712 5.927301764390117 2.4850488763747385 5.890486225480862 5.957981380147831 6.111379458936394 5.755495916146925 5.841398840268521 5.872078456026235 5.681864838328415 5.47937937432751 5.3627968344482015 3.552699504743145 0.859029241215959 4.558990901596125 1.3744467859455345 4.01902966426038 1.1290098598838318 
-76.5 -69.0 -66.0 -62.0 -61.0 -69.0 -67.5 -66.0 -63.5 -65.5 -64.0 -63.5 -64.5 -65.0 -70.5 -62.0 -64.5 -70.0 -68.5 -73.5 -74.0 -73.5 -72.5 
