2.7550294950426117 2.662990647769473 2.5464081078901644 2.5464081078901644 5.915029918087033 2.6323110320117604 2.5954954931025047 2.6323110320117604 2.6568547246179306 2.693670263527186 2.5770877236478773 2.5832236467994196 2.552544031041707 2.5954954931025047 2.8102528034064944 2.8409324191642074 3.1906800388021335 3.098641191528995 2.9391071895888885 2.834796496012665 2.9575149590435164 3.0495538063166547 3.3072625786814425 3.129320807286708 3.0127382674073995 2.9391071895888885 3.043417883165112 6.264777537724958 3.000466421104314 2.9575149590435164 3.018874190558942 3.2397674240144743 2.356194490192345 2.791845033951867 2.7857091108003242 2.7979809571034093 2.748893571891069 2.5709518004963345 2.736621725587984 2.386874105950058 2.4605051837685683 2.4605051837685683 2.5832236467994196 2.6261751088602177 2.435961491162398 2.435961491162398 
-64.5 -63.0 -64.5 -63.5 -65.5 -64.0 -63.5 -64.0 -64.5 -65.5 -64.0 -63.5 -65.0 -65.0 -65.0 -66.0 -66.5 -64.0 -61.0 -62.0 -61.5 -63.5 -65.0 -64.0 -63.0 -61.5 -63.0 -63.5 -63.0 -63.5 -63.5 -65.5 -64.5 -63.0 -61.5 -63.0 -63.5 -67.0 -69.0 -69.0 -68.5 -68.0 -67.5 -68.0 -65.5 -65.5 
2.1353012567368124 2.386874105950058 2.0923497946760143 2.0493983326152168 2.1966604882522383 2.061670178918302 2.073942025221387 2.116893487282185 2.270291566070749 2.2150682577068657 2.1782527187976104 2.1537090261914402 1.8837284075235674 2.2886993355253766 1.9634954084936207 2.061670178918302 2.227340104009951 1.7548740213411735 2.0800779483729293 2.2948352586769194 2.454369260617026 2.3009711818284617 2.337786720737717 3.0925052683774528 3.129320807286708 2.9636508821950587 2.6200391857086753 2.423689644859313 2.411417798556228 2.442097414313941 2.4911847995262812 2.411417798556228 2.3623304133438876 2.6323110320117604 3.141592653589793 3.2704470397721868 3.067961575771282 3.3072625786814425 2.9329712664373457 2.7857091108003242 2.356194490192345 2.172116795646068 2.1598449493429825 2.0493983326152168 2.1353012567368124 2.086213871524472 2.1046216409791 2.1966604882522383 2.1905245651006955 
-64.5 -63.5 -65.5 -64.0 -64.5 -65.0 -64.5 -64.0 -63.5 -64.5 -65.0 -63.5 -64.0 -64.5 -63.5 -64.5 -64.0 -63.5 -64.0 -64.0 -63.0 -63.5 -65.5 -66.0 -63.5 -62.0 -61.0 -61.5 -62.5 -62.0 -62.5 -62.5 -61.5 -61.5 -61.5 -64.0 -65.0 -65.5 -66.0 -64.5 -63.5 -64.0 -64.5 -64.0 -65.0 -65.0 -64.0 -64.5 -64.5 
0.4295146206079795 0.42337869745643697 0.42337869745643697 0.4479223900626072 0.46019423636569234 0.4540583132141498 0.4295146206079795 0.4172427743048944 0.44178646691106466 0.4724660826687775 0.4295146206079795 0.4356505437595221 0.4295146206079795 0.46019423636569234 0.44178646691106466 0.4479223900626072 0.4295146206079795 0.36815538909255385 0.4111068511533518 0.48473792897186263 0.6994952392758523 0.7179030087304801 0.6258641614573416 0.7792622402459057 0.7547185476397354 0.619728238305799 0.6013204688511713 0.5399612373357456 0.4908738521234052 0.4970097752749477 0.5276893910326605 0.4540583132141498 0.4540583132141498 0.5645049299419159 0.7731263170943632 0.8222137023067037 0.7792622402459057 0.6933593161243098 0.5829126993965437 0.6504078540635119 0.6565437772150544 0.4970097752749477 0.44178646691106466 0.4295146206079795 0.39269908169872414 0.39269908169872414 0.3374757733348411 0.37429131224409645 0.3865631585471816 
-51.0 -51.0 -50.5 -51.0 -51.0 -50.5 -50.5 -50.5 -51.0 -50.5 -50.5 -50.5 -50.5 -50.5 -51.0 -50.5 -51.0 -51.0 -51.0 -51.5 -51.0 -50.5 -52.0 -52.5 -51.0 -50.5 -51.5 -51.0 -51.0 -51.5 -51.5 -51.5 -51.0 -51.0 -51.0 -51.0 -52.5 -53.0 -52.5 -51.5 -52.0 -52.5 -53.0 -53.0 -53.0 -53.0 -53.0 -53.0 -53.0 
0.8283496254582462 0.8406214717613314 0.8344855486097889 0.8099418560036186 0.8344855486097889 0.8406214717613314 0.8222137023067037 0.7669903939428205 0.8283496254582462 0.8160777791551611 0.8774370106705868 0.8160777791551611 0.8774370106705868 0.803805932852076 0.8467573949128739 0.803805932852076 0.8651651643675016 0.8160777791551611 0.859029241215959 0.944932165337555 1.012427320004523 1.086058397823034 1.1535535524900022 1.1965050145508 0.9510680884890975 0.8651651643675016 0.9510680884890975 0.944932165337555 0.8283496254582462 0.8344855486097889 0.8160777791551611 0.8283496254582462 0.9510680884890975 0.9694758579437253 0.8774370106705868 0.8651651643675016 1.0921943209745766 1.1658253987930873 1.2946797849754812 1.1903690913992575 1.0737865515199487 0.9940195505498954 0.9940195505498954 0.9878836273983529 0.9633399347921826 0.9265243958829272 0.9387962421860124 0.9878836273983529 0.9510680884890975 
-53.5 -53.5 -53.0 -53.0 -53.0 -53.0 -53.0 -53.0 -53.0 -53.0 -53.0 -53.0 -53.0 -53.0 -53.5 -53.5 -53.5 -54.0 -53.5 -53.0 -52.0 -52.5 -52.0 -51.0 -50.0 -51.0 -51.5 -51.0 -51.0 -51.5 -51.5 -51.0 -51.0 -51.5 -51.0 -50.0 -49.5 -50.0 -50.5 -51.0 -52.0 -53.0 -53.5 -53.0 -53.5 -53.5 -53.5 -53.5 -53.0 
1.2578642460662257 1.3130875544301088 1.2455923997631406 1.282407938672396 1.2517283229146832 1.2578642460662257 1.2517283229146832 1.2210487071569704 1.2701360923693108 1.1596894756415448 1.1719613219446299 1.1658253987930873 1.2087768608538851 1.1290098598838318 1.2517283229146832 1.2210487071569704 1.184233168247715 1.214912784005428 1.380582709097077 1.4664856332186729 1.5401167110371838 1.4910293258248433 1.41126232485479 1.282407938672396 1.055378782065321 1.0246991663076084 1.055378782065321 1.0185632431560658 1.0246991663076084 1.043106935762236 1.012427320004523 1.030835089459151 1.030835089459151 1.0737865515199487 1.055378782065321 1.1965050145508 1.2333205534600555 1.4603497100671303 1.552388557340269 1.6137477888556946 1.7303303287350031 1.748738098189631 1.6996507129772904 1.5830681730979816 1.5953400194010667 1.533980787885641 1.5585244804918115 1.607611865704152 1.576932249946439 
-55.5 -55.0 -55.0 -55.5 -55.0 -55.5 -55.5 -55.0 -55.5 -55.0 -55.0 -55.5 -55.5 -55.5 -55.5 -55.5 -55.5 -55.5 -55.5 -55.0 -53.0 -52.0 -50.0 -49.5 -50.0 -50.0 -50.5 -51.0 -51.0 -51.0 -51.0 -51.5 -51.0 -51.5 -50.5 -50.0 -49.5 -50.0 -50.5 -51.5 -52.0 -53.5 -54.0 -55.0 -55.5 -55.5 -55.5 -55.5 -55.5 
1.552388557340269 1.5401167110371838 1.576932249946439 1.552388557340269 1.5462526341887264 1.5462526341887264 1.607611865704152 1.6505633277649499 1.552388557340269 1.5401167110371838 1.5462526341887264 1.6014759425526093 1.6321555583103222 1.5462526341887264 1.5585244804918115 1.5707963267948966 1.576932249946439 1.5953400194010667 1.662835174068035 1.748738098189631 1.859184714917397 1.9205439464328227 1.7732817907958012 1.5401167110371838 1.7241944055834606 1.7548740213411735 1.6505633277649499 1.705786636128833 1.8346410223112268 1.8039614065535141 1.7855536370988863 1.8775924843720249 1.7548740213411735 1.846912868614312 1.8285050991596843 1.7794177139473437 1.6812429435226628 1.6566992509164924 1.7855536370988863 1.8714565612204823 1.9144080232812801 1.9880391010997909 1.9266798695843652 1.8223691760081417 1.8223691760081417 1.8285050991596843 1.859184714917397 1.859184714917397 1.8346410223112268 
-57.5 -57.5 -57.5 -57.5 -57.0 -57.0 -57.0 -57.5 -57.0 -57.0 -57.5 -57.5 -57.0 -57.0 -57.0 -57.5 -57.5 -58.0 -58.5 -57.5 -55.0 -52.5 -52.5 -54.5 -56.5 -55.0 -56.0 -58.0 -56.5 -55.0 -55.0 -55.5 -57.0 -56.5 -55.5 -55.5 -55.5 -54.0 -52.0 -52.0 -54.5 -56.5 -57.5 -58.0 -57.5 -57.5 -57.5 -57.5 -57.0 
5.4671075280244255 5.50392306693368 5.491651220630596 5.559146375297564 5.45483568172134 5.5284667595398505 5.534602682691394 5.45483568172134 5.393476450205914 5.497787143782138 5.418020142812084 5.45483568172134 5.393476450205914 5.460971604872882 5.546874528994478 5.497787143782138 5.442563835418255 5.473243451175968 5.638913376267617 5.5100589900852235 5.620505606812989 5.485515297479052 5.2768939103266055 4.706253057233147 4.804427827657828 4.945554060143307 4.479223900626073 4.344233591292136 4.522175362686871 4.755340442445488 4.460816131171445 4.448544284868359 4.356505437595221 4.460816131171445 4.73693267299086 5.123495831538041 4.779884135051658 4.902602598082509 5.270757987175063 5.393476450205914 5.497787143782138 5.64504929941916 5.589825991055276 5.583690067903734 5.638913376267617 5.540738605842936 5.589825991055276 5.638913376267617 5.724816300389213 
-59.0 -59.5 -60.0 -59.5 -60.0 -60.0 -60.0 -60.0 -60.5 -60.5 -60.0 -59.5 -61.0 -60.0 -60.0 -60.5 -60.5 -60.5 -60.5 -60.0 -60.5 -59.0 -57.5 -57.5 -59.5 -58.5 -58.0 -59.5 -62.0 -60.0 -61.5 -60.5 -60.0 -59.5 -58.0 -57.5 -58.5 -57.5 -57.5 -58.0 -58.0 -58.5 -58.0 -58.0 -58.5 -58.5 -57.5 -57.5 -57.5 
3.552699504743145 5.749359992995383 5.663457068873787 5.197126909356553 2.2150682577068657 5.902758071783947 5.773903685601553 5.915029918087033 5.945709533844745 5.608233760509904 5.9518454569962875 5.841398840268521 5.6573211457222445 5.921165841238575 5.688000761479957 5.577554144752192 5.47937937432751 5.424156065963627 5.565282298449106 6.17273869045182 0.25157284921324513 0.32520392703175593 6.19728238305799 2.9759227284981438 
-75.0 -68.5 -63.0 -62.0 -68.0 -69.0 -63.5 -67.0 -64.0 -65.5 -65.5 -65.5 -65.0 -64.0 -65.5 -65.0 -65.0 -64.0 -64.0 -69.0 -71.5 -78.0 -76.0 -76.0 
