2.5280003384355365 2.5341362615870793 2.4911847995262812 2.5034566458293663 2.742757648739526 2.5586799541932495 2.5402721847386216 2.6813984172241008 2.6261751088602177 2.5586799541932495 2.5280003384355365 2.5586799541932495 2.509592568980909 2.5893595699509624 2.6813984172241008 2.5770877236478773 2.5402721847386216 2.3930100291016 2.4605051837685683 2.8654761117703775 3.1354567304382504 3.11091303783208 2.9391071895888885 3.2520392703175593 3.466796580621549 3.2397674240144743 2.8777479580734626 2.564815877344792 2.3071071049800045 2.9022916506796332 5.994796919057086 6.013204688511713 3.098641191528995 3.3011266555298997 3.055689729468197 2.9759227284981438 2.8409324191642074 2.730485802436441 2.8102528034064944 2.5341362615870793 2.650718801466388 2.6323110320117604 2.675262494072558 2.5954954931025047 
-64.5 -64.0 -65.0 -64.5 -64.5 -64.5 -64.5 -64.0 -64.5 -64.5 -65.0 -64.5 -64.5 -64.5 -65.0 -65.0 -65.0 -65.5 -65.0 -65.0 -63.0 -61.0 -62.0 -63.0 -64.5 -61.5 -62.0 -62.5 -63.5 -62.5 -64.5 -63.5 -62.5 -62.5 -62.5 -62.5 -63.0 -62.0 -62.5 -66.5 -66.5 -66.5 -66.5 -65.5 
2.2212041808584084 2.2089323345553233 2.1782527187976104 2.1598449493429825 2.227340104009951 2.098485717827557 2.030990563160589 2.184388641949153 2.12916533358527 2.1598449493429825 2.067806102069844 2.116893487282185 2.067806102069844 2.110757564130642 2.184388641949153 2.012582793705961 2.141437179888355 1.9573594853420782 1.8223691760081417 2.2948352586769194 2.399145952253143 2.227340104009951 2.5464081078901644 3.141592653589793 3.0372819600135696 3.1231848841351653 2.337786720737717 2.030990563160589 1.9757672547967058 2.000310947402876 2.116893487282185 2.024854640009046 2.356194490192345 2.84706834231575 3.1354567304382504 3.2581751934691017 3.067961575771282 2.7979809571034093 2.36846633649543 2.521864415283994 2.1230294104337273 2.337786720737717 2.141437179888355 2.2150682577068657 2.2886993355253766 2.356194490192345 
-64.5 -64.0 -65.0 -65.0 -65.0 -64.5 -64.5 -65.0 -64.5 -64.0 -64.5 -64.5 -64.5 -65.0 -64.5 -64.5 -64.0 -64.5 -64.0 -63.5 -63.0 -64.5 -64.0 -65.5 -63.0 -61.0 -61.0 -62.0 -62.5 -62.5 -62.5 -61.5 -60.0 -60.5 -61.5 -64.5 -66.0 -67.0 -65.0 -62.5 -63.5 -66.0 -65.5 -66.0 -65.5 -65.0 
0.46019423636569234 0.44178646691106466 0.4356505437595221 0.46019423636569234 0.46019423636569234 0.42337869745643697 0.46019423636569234 0.4356505437595221 0.4663301595172349 0.46019423636569234 0.4663301595172349 0.47860200582032003 0.4970097752749477 0.48473792897186263 0.4663301595172349 0.4724660826687775 0.4724660826687775 0.4970097752749477 0.4908738521234052 0.6442719309119693 0.7669903939428205 0.8099418560036186 0.7792622402459057 1.012427320004523 0.9265243958829272 0.6013204688511713 0.6381360077604268 0.6688156235181395 0.6013204688511713 0.5890486225480862 0.6013204688511713 0.5583690067903734 0.5767767762450011 0.5890486225480862 0.8713010875190442 0.944932165337555 0.7485826244881929 0.6135923151542565 0.619728238305799 0.46019423636569234 0.3313398501832985 0.30679615757712825 0.2945243112740431 0.2638446955163303 0.2638446955163303 0.28838838812250056 
-51.5 -51.0 -51.0 -51.5 -51.5 -51.0 -51.0 -51.0 -51.0 -51.0 -51.0 -51.0 -51.0 -51.0 -51.0 -51.0 -51.0 -50.5 -51.0 -51.0 -51.0 -51.0 -52.5 -52.0 -50.0 -51.0 -53.0 -52.0 -51.0 -51.0 -51.0 -51.5 -53.0 -51.0 -50.0 -52.5 -53.5 -52.0 -51.5 -52.0 -52.0 -52.5 -52.5 -52.5 -52.0 -52.0 
0.9081166264282996 0.9265243958829272 0.8958447801252144 0.9142525495798421 0.9326603190344698 0.9081166264282996 0.8835729338221293 0.9019807032767571 0.8835729338221293 0.9142525495798421 0.9081166264282996 0.8713010875190442 0.8713010875190442 0.8897088569736719 0.8897088569736719 0.9019807032767571 0.8835729338221293 0.9019807032767571 0.859029241215959 0.9817477042468103 1.043106935762236 1.2333205534600555 1.337631247036279 1.2026409377023426 0.9081166264282996 0.8835729338221293 0.944932165337555 0.9510680884890975 0.9019807032767571 0.8406214717613314 0.8651651643675016 0.944932165337555 1.043106935762236 0.8406214717613314 0.8344855486097889 1.043106935762236 1.0799224746714913 1.055378782065321 1.0062913968529805 0.8222137023067037 0.9142525495798421 0.8160777791551611 0.760854470791278 0.8160777791551611 0.803805932852076 0.7424467013366504 
-52.5 -53.0 -52.5 -53.0 -52.5 -52.5 -52.5 -53.0 -52.5 -52.5 -52.5 -52.5 -52.5 -52.5 -52.5 -53.0 -52.5 -52.5 -52.5 -52.0 -52.0 -51.5 -51.0 -49.5 -50.0 -51.0 -51.5 -51.0 -50.5 -51.0 -51.0 -51.0 -51.5 -51.5 -50.5 -50.0 -50.5 -51.0 -52.0 -53.0 -53.5 -54.0 -54.0 -54.0 -54.0 -54.0 
1.3867186322486196 1.4848934026733007 1.4542137869155878 1.4787574795217582 1.4480778637640452 1.4419419406125027 1.4296700943094176 1.4358060174609601 1.4542137869155878 1.3867186322486196 1.4296700943094176 1.423534171157875 1.3989904785517047 1.380582709097077 1.4603497100671303 1.4419419406125027 1.4542137869155878 1.4051264017032472 1.509437095279471 1.7426021750380885 1.8162332528565992 1.7548740213411735 1.6689710972195777 1.2946797849754812 1.141281706186917 1.141281706186917 1.1228739367322893 1.1044661672776617 1.1351457830353744 1.1474176293384597 1.1228739367322893 1.1106020904292042 1.1044661672776617 1.1106020904292042 1.0799224746714913 1.1780972450961724 1.2762720155208536 1.4726215563702154 1.521708941582556 1.6198837120072371 1.607611865704152 1.4603497100671303 1.4358060174609601 1.3928545554001621 1.3314953238847365 1.3130875544301088 
-56.0 -56.0 -56.0 -56.0 -56.5 -56.0 -56.0 -56.0 -56.0 -56.0 -56.0 -56.5 -56.0 -56.0 -56.0 -56.0 -56.0 -56.0 -55.5 -54.0 -52.5 -51.0 -50.0 -49.0 -50.5 -50.5 -51.0 -51.5 -51.5 -51.0 -51.0 -51.5 -52.0 -50.5 -50.5 -49.5 -49.0 -50.5 -51.0 -51.5 -53.0 -54.0 -54.5 -55.5 -55.5 -55.0 
1.6935147898257479 1.7241944055834606 1.7241944055834606 1.761009944492716 1.7303303287350031 1.736466251886546 1.6935147898257479 1.7119225592803755 1.7241944055834606 1.6873788666742053 1.6873788666742053 1.705786636128833 1.6996507129772904 1.6873788666742053 1.7303303287350031 1.7548740213411735 1.6996507129772904 1.6873788666742053 1.6935147898257479 1.846912868614312 1.9634954084936207 1.9512235621905356 1.846912868614312 1.564660403643354 1.8346410223112268 1.8775924843720249 1.7303303287350031 1.7732817907958012 1.7426021750380885 1.8837284075235674 1.8039614065535141 1.8162332528565992 1.7303303287350031 1.7548740213411735 1.718058482431918 1.6812429435226628 1.576932249946439 1.6505633277649499 1.6689710972195777 1.7978254834019713 1.7548740213411735 1.8223691760081417 1.7548740213411735 1.6382914814618648 1.6505633277649499 1.705786636128833 
-57.0 -57.0 -57.0 -57.0 -57.0 -57.5 -57.0 -56.5 -57.0 -57.0 -56.5 -56.5 -56.5 -56.5 -56.5 -56.5 -56.5 -56.0 -56.0 -56.0 -53.5 -51.0 -51.0 -54.0 -54.5 -55.0 -55.0 -56.0 -55.5 -55.0 -55.0 -56.5 -56.0 -55.5 -56.0 -56.0 -53.5 -52.5 -52.5 -54.5 -55.5 -57.5 -57.5 -58.0 -58.5 -58.5 
5.712544454086128 5.651185222570702 5.712544454086128 5.700272607783043 5.663457068873787 5.786175531904639 5.724816300389213 5.688000761479957 5.6941366846315 5.688000761479957 5.651185222570702 5.724816300389213 5.6143696836614465 5.688000761479957 5.6941366846315 5.724816300389213 5.706408530934585 5.66959299202533 5.638913376267617 5.663457068873787 5.638913376267617 5.6573211457222445 5.393476450205914 4.988505522204105 5.141903600992669 5.031456984264903 4.804427827657828 4.657165672020807 5.160311370447297 5.246214294568893 5.00077736850719 4.792155981354743 4.632621979414636 4.773748211900116 5.074408446325701 4.571262747899211 4.76147636559703 5.2339424482658075 5.47937937432751 5.381204603902829 5.436427912266712 5.307573526084319 5.344389064993574 5.460971604872882 5.411884219660542 5.418020142812084 
-58.5 -58.0 -58.0 -57.5 -58.0 -58.0 -58.0 -58.5 -58.0 -58.5 -58.5 -58.5 -58.5 -58.0 -58.5 -58.0 -58.0 -58.5 -58.0 -58.0 -58.0 -56.5 -56.5 -57.0 -58.0 -57.0 -59.0 -61.5 -61.5 -59.5 -60.5 -61.0 -59.5 -59.0 -58.5 -59.5 -57.5 -57.0 -57.5 -58.0 -58.5 -59.0 -59.0 -59.0 -59.5 -59.5 
2.227340104009951 1.9266798695843652 1.9512235621905356 1.8346410223112268 1.8653206380689396 1.8039614065535141 1.736466251886546 1.8162332528565992 1.9144080232812801 4.528311285838413 4.583534594202296 5.792311455056181 5.663457068873787 5.332117218690489 5.7616318392984684 5.706408530934585 5.516194913236766 5.878214379177777 5.626641529964532 2.9329712664373457 6.007068765360171 5.9088939949354895 5.810719224510809 6.092971689481767 5.994796919057086 5.565282298449106 6.191146459906448 5.3627968344482015 5.418020142812084 5.700272607783043 5.559146375297564 0.4295146206079795 0.2761165418194154 0.11044661672776616 
-77.5 -78.5 -77.5 -77.5 -76.5 -77.0 -77.0 -76.0 -75.5 -74.0 -71.5 -71.5 -67.5 -65.0 -62.5 -61.5 -65.5 -66.5 -63.0 -67.5 -65.0 -65.0 -65.0 -65.5 -67.0 -64.0 -72.0 -66.5 -64.5 -64.5 -64.0 -74.5 -73.5 -75.0 
