2.564815877344792 2.6261751088602177 2.3746022596469727 2.5832236467994196 2.3930100291016 2.5893595699509624 2.411417798556228 2.509592568980909 2.5034566458293663 2.509592568980909 2.5709518004963345 2.736621725587984 2.227340104009951 2.3439226438892597 2.650718801466388 6.160466844148735 2.8654761117703775 2.9575149590435164 3.2949907323783574 3.2704470397721868 3.1661363461959633 2.9513790358919736 2.945243112740431 2.6998061866787286 2.890019804376548 6.21875811408839 3.184544115650591 2.718213956133356 2.84706834231575 3.0250101137104846 2.988194574801229 3.172272269347506 2.8961557275280905 2.718213956133356 2.5034566458293663 2.9145634969827183 2.742757648739526 2.8838838812250054 2.5770877236478773 2.564815877344792 2.478912953223196 2.442097414313941 2.5341362615870793 2.4605051837685683 2.411417798556228 2.5464081078901644 
-66.0 -66.0 -66.5 -66.0 -67.0 -66.5 -66.0 -67.0 -66.0 -65.5 -65.5 -65.5 -65.5 -66.0 -67.5 -67.5 -62.5 -63.5 -64.0 -61.5 -62.5 -62.5 -63.5 -63.5 -62.5 -64.0 -63.5 -63.0 -63.5 -63.5 -65.5 -65.0 -64.0 -64.5 -64.0 -66.0 -67.5 -70.5 -68.0 -68.0 -68.0 -68.0 -67.0 -66.0 -65.5 -65.0 
2.1046216409791 2.1230294104337273 2.270291566070749 2.1475731030398975 2.2089323345553233 2.116893487282185 2.067806102069844 2.1230294104337273 2.0923497946760143 2.141437179888355 2.012582793705961 2.098485717827557 1.9634954084936207 1.748738098189631 2.0064468705544187 1.9757672547967058 2.073942025221387 2.073942025221387 2.0493983326152168 2.742757648739526 2.8777479580734626 2.6384469551633027 2.478912953223196 2.399145952253143 2.1966604882522383 2.1782527187976104 2.432893529586627 2.2948352586769194 2.2948352586769194 2.411417798556228 2.4175537217077703 2.693670263527186 2.9820586516496865 2.8838838812250054 2.767301341345697 2.6016314162540475 2.3193789512830896 2.1966604882522383 2.024854640009046 2.073942025221387 1.9819031779482483 2.2580197197676637 2.184388641949153 2.1537090261914402 2.1598449493429825 2.2089323345553233 2.043262409463674 
-64.5 -64.5 -65.0 -65.0 -64.0 -65.0 -64.5 -64.5 -64.5 -64.0 -64.5 -63.5 -64.0 -63.5 -64.0 -63.5 -62.0 -62.5 -64.0 -62.5 -61.5 -61.0 -61.5 -62.0 -61.5 -63.0 -64.0 -63.5 -62.5 -63.0 -61.5 -61.5 -62.5 -63.5 -65.5 -66.0 -64.5 -64.0 -64.0 -64.5 -65.0 -65.5 -65.5 -64.5 -64.5 -64.5 -64.0 
0.18407769454627693 0.22089323345553233 0.19634954084936207 0.2086213871524472 0.2454369260617026 0.2086213871524472 0.21475731030398976 0.2270291566070749 0.2270291566070749 0.25157284921324513 0.25770877236478773 0.23930100291016002 0.23930100291016002 0.23316507975861744 0.21475731030398976 0.23316507975861744 0.5522330836388308 0.6258641614573416 0.6258641614573416 0.7853981633974483 0.6872233929727672 0.5522330836388308 0.6442719309119693 0.6442719309119693 0.6013204688511713 0.5829126993965437 0.6043884304269426 0.5890486225480862 0.5767767762450011 0.619728238305799 0.6565437772150544 0.7547185476397354 0.8774370106705868 0.9326603190344698 0.7363107781851077 0.6320000846088841 0.6565437772150544 0.5276893910326605 0.36815538909255385 0.35588354278946877 0.34974761963792617 0.2945243112740431 0.2945243112740431 0.2945243112740431 0.3190680038802134 0.3313398501832985 0.34974761963792617 
-52.5 -52.5 -52.5 -52.5 -52.5 -52.5 -52.5 -52.5 -52.5 -52.5 -52.0 -52.0 -52.0 -52.0 -52.0 -52.0 -51.5 -51.5 -53.5 -53.0 -50.5 -51.0 -52.0 -52.0 -51.5 -51.0 -51.5 -51.0 -51.5 -51.0 -51.5 -52.0 -50.5 -52.0 -54.0 -52.5 -52.0 -52.0 -52.5 -52.5 -52.5 -52.5 -52.5 -52.5 -51.5 -51.5 -51.0 
0.7915340865489908 0.803805932852076 0.7731263170943632 0.7915340865489908 0.7117670855789375 0.7669903939428205 0.7669903939428205 0.7179030087304801 0.760854470791278 0.7240389318820226 0.7240389318820226 0.7117670855789375 0.6994952392758523 0.6994952392758523 0.6504078540635119 0.6565437772150544 0.8713010875190442 0.9142525495798421 1.0369710126106935 1.055378782065321 0.8283496254582462 0.8651651643675016 0.9572040116406401 0.9633399347921826 0.9510680884890975 0.9203884727313847 0.8559612796401878 0.8774370106705868 0.9203884727313847 1.0246991663076084 1.0737865515199487 1.043106935762236 0.9817477042468103 1.0983302441261191 1.282407938672396 1.2762720155208536 1.1658253987930873 1.0799224746714913 0.9940195505498954 1.0185632431560658 1.012427320004523 0.9878836273983529 1.0246991663076084 1.000155473701438 0.9572040116406401 0.9387962421860124 0.9081166264282996 
-54.5 -54.5 -54.5 -54.5 -54.5 -55.0 -54.5 -54.5 -54.5 -54.5 -54.5 -54.0 -54.0 -54.5 -54.5 -54.5 -53.0 -52.0 -51.5 -50.5 -51.0 -51.5 -51.5 -51.5 -51.0 -51.0 -51.5 -51.5 -51.5 -50.5 -50.5 -51.0 -50.0 -49.5 -50.0 -51.0 -51.5 -52.5 -53.0 -53.0 -53.5 -53.0 -53.0 -53.5 -53.0 -53.0 -53.0 
1.239456476611598 1.2333205534600555 1.2210487071569704 1.1965050145508 1.2087768608538851 1.1719613219446299 1.227184630308513 1.2210487071569704 1.184233168247715 1.2210487071569704 1.1351457830353744 1.141281706186917 1.184233168247715 1.1965050145508 1.0921943209745766 1.227184630308513 1.4419419406125027 1.4848934026733007 1.3560390164909069 1.1658253987930873 1.0369710126106935 1.043106935762236 1.0246991663076084 1.0185632431560658 1.043106935762236 1.1228739367322893 1.1965050145508 1.1351457830353744 1.1719613219446299 1.1719613219446299 1.1719613219446299 1.214912784005428 1.3192234775816514 1.3008157081270237 1.607611865704152 1.6566992509164924 1.718058482431918 1.7241944055834606 1.6321555583103222 1.552388557340269 1.5155730184310134 1.4726215563702154 1.5033011721279284 1.4910293258248433 1.423534171157875 1.3928545554001621 1.3499030933393643 
-56.5 -56.5 -56.5 -56.5 -57.0 -57.0 -56.5 -57.0 -56.5 -56.5 -57.0 -57.0 -57.0 -57.0 -56.0 -55.5 -53.0 -52.0 -50.5 -49.0 -50.5 -50.0 -50.5 -51.0 -51.5 -51.5 -51.5 -51.0 -51.0 -51.5 -51.0 -50.5 -50.0 -49.5 -50.0 -51.0 -51.5 -52.5 -54.0 -55.0 -55.5 -56.0 -56.0 -56.0 -56.0 -56.0 -56.5 
1.6321555583103222 1.662835174068035 1.5892040962495242 1.6444274046134073 1.607611865704152 1.6198837120072371 1.6260196351587797 1.607611865704152 1.5278448647340985 1.4910293258248433 1.5707963267948966 1.533980787885641 1.564660403643354 1.564660403643354 1.4848934026733007 1.6198837120072371 1.7426021750380885 1.7548740213411735 1.7241944055834606 1.4848934026733007 1.6505633277649499 1.6812429435226628 1.6505633277649499 1.5707963267948966 1.705786636128833 1.8346410223112268 1.8315730607354554 1.8653206380689396 1.8285050991596843 1.7732817907958012 1.7303303287350031 1.8346410223112268 1.8285050991596843 1.761009944492716 1.748738098189631 1.846912868614312 1.9144080232812801 1.9144080232812801 1.902136176978195 1.88986433067511 1.8285050991596843 1.8100973297050567 1.8653206380689396 1.8530487917658545 1.7241944055834606 1.718058482431918 1.6689710972195777 
-59.5 -59.0 -59.5 -59.5 -59.0 -59.5 -59.0 -59.5 -59.0 -59.0 -59.0 -59.0 -59.0 -59.0 -59.0 -59.0 -54.5 -54.0 -53.0 -54.5 -56.5 -56.0 -56.5 -57.0 -57.0 -56.0 -55.5 -54.5 -55.0 -56.0 -56.0 -54.5 -55.0 -54.5 -53.0 -52.0 -53.5 -55.5 -58.0 -58.0 -58.5 -59.5 -59.5 -59.0 -59.0 -58.5 -58.5 
5.50392306693368 5.626641529964532 5.473243451175968 5.405748296509 5.497787143782138 5.405748296509 5.393476450205914 5.436427912266712 5.473243451175968 5.375068680751287 5.375068680751287 5.350524988145116 5.356660911296659 5.350524988145116 5.283029833478148 5.350524988145116 5.166447293598839 5.301437602932776 5.240078371417351 5.043728830567988 4.896466674930966 4.921010367537137 4.773748211900116 4.430136515413731 4.540583132141498 4.890330751779424 4.893398713355196 4.878058905476339 4.957825906446392 4.779884135051658 4.589670517353839 4.9823695990525625 5.246214294568893 5.086680292628786 5.344389064993574 5.516194913236766 5.626641529964532 5.553010452146021 5.553010452146021 5.675728915176872 5.64504929941916 5.620505606812989 5.681864838328415 5.688000761479957 5.6143696836614465 5.66959299202533 5.595961914206819 
-60.5 -60.5 -60.5 -60.0 -60.5 -61.0 -60.5 -61.5 -60.5 -60.5 -61.0 -61.0 -60.5 -61.0 -61.0 -60.0 -59.5 -60.0 -58.0 -57.5 -58.0 -57.5 -57.5 -58.0 -61.0 -61.0 -60.5 -59.5 -59.0 -60.5 -59.0 -57.0 -57.0 -58.0 -56.5 -57.5 -58.0 -58.5 -58.0 -58.0 -58.0 -58.0 -58.0 -58.0 -58.5 -58.0 -58.5 
0.9081166264282996 3.7981364308048478 0.5829126993965437 3.706097583531709 3.5342917352885173 3.5281558121369745 3.436116964863836 0.09817477042468103 5.8045833013592665 5.6573211457222445 5.546874528994478 5.264622064023521 6.056156150572511 5.780039608753096 5.5284667595398505 5.706408530934585 6.050020227420969 6.105243535784852 5.890486225480862 5.841398840268521 5.743224069843841 5.982525072754001 6.17273869045182 5.786175531904639 6.068427996875596 5.3627968344482015 5.473243451175968 5.773903685601553 5.651185222570702 6.264777537724958 4.454680208019902 4.491495746929157 4.405592822807561 4.743068596142402 4.841243366567084 5.418020142812084 
-72.5 -75.5 -75.5 -76.0 -76.5 -77.0 -76.5 -75.5 -68.5 -65.0 -61.5 -63.5 -69.0 -62.5 -64.5 -66.5 -67.0 -65.0 -65.5 -65.0 -65.5 -65.5 -67.5 -65.0 -65.5 -66.0 -63.5 -64.5 -67.0 -75.0 -79.5 -79.0 -79.0 -77.0 -78.5 -80.5 
