2.435961491162398 2.435961491162398 2.3746022596469727 2.380738182798515 2.466641106920111 2.5464081078901644 2.3623304133438876 2.5832236467994196 2.442097414313941 2.442097414313941 2.429825568010856 2.5586799541932495 2.5832236467994196 2.380738182798515 2.497320722677824 0.0 3.055689729468197 2.9329712664373457 3.1354567304382504 3.2827188860752723 3.043417883165112 2.8716120349219203 2.8532042654672924 2.9206994201342606 2.804116880254952 2.779573187648782 2.761165418194154 2.7857091108003242 3.448388811166921 3.147728576741336 3.1231848841351653 2.988194574801229 2.8286605728611223 2.9084275738311756 6.013204688511713 2.4911847995262812 2.705942109830271 2.6875343403756435 2.454369260617026 2.6016314162540475 2.3316507975861747 2.6200391857086753 2.478912953223196 2.5709518004963345 2.4911847995262812 
-65.5 -65.0 -65.0 -64.5 -65.0 -64.5 -65.0 -65.0 -65.0 -64.5 -65.0 -65.0 -65.0 -65.5 -66.5 -64.5 -62.0 -63.0 -62.0 -63.0 -61.0 -61.5 -62.0 -63.0 -62.5 -63.0 -62.0 -61.5 -62.5 -64.0 -63.0 -63.0 -61.0 -61.0 -67.5 -66.5 -64.0 -65.0 -65.5 -65.0 -65.0 -64.0 -64.0 -64.0 -64.5 
2.061670178918302 2.067806102069844 2.067806102069844 1.9941750242513334 2.000310947402876 1.9757672547967058 2.000310947402876 2.018718716857504 2.086213871524472 1.9941750242513334 2.043262409463674 1.9880391010997909 2.024854640009046 2.0800779483729293 2.055534255766759 2.2212041808584084 2.2886993355253766 2.172116795646068 2.5341362615870793 3.1906800388021335 3.06182565261974 2.693670263527186 2.5157284921324514 2.3009711818284617 2.3009711818284617 2.405281875404685 2.3439226438892597 2.2212041808584084 2.521864415283994 2.804116880254952 3.1354567304382504 3.08636934522591 2.9268353432858034 2.5770877236478773 5.583690067903734 2.2518837966161214 5.203262832508095 2.067806102069844 2.12916533358527 2.1782527187976104 2.1905245651006955 2.12916533358527 2.0800779483729293 1.932815792735908 
-64.5 -64.5 -65.5 -64.5 -64.5 -64.5 -64.5 -64.5 -64.5 -63.5 -64.5 -64.0 -65.0 -64.5 -64.5 -63.0 -62.5 -63.5 -65.0 -63.0 -62.0 -61.5 -61.5 -61.0 -62.5 -62.0 -61.5 -61.5 -61.0 -61.0 -63.0 -65.5 -66.0 -65.0 -64.5 -64.5 -65.5 -64.5 -65.0 -65.5 -64.5 -64.0 -64.5 -65.0 
0.25770877236478773 0.2761165418194154 0.25770877236478773 0.2699806186678728 0.2638446955163303 0.2761165418194154 0.30066023442558565 0.22089323345553233 0.28838838812250056 0.2761165418194154 0.2638446955163303 0.3129320807286708 0.3374757733348411 0.25770877236478773 0.2761165418194154 0.39269908169872414 0.5829126993965437 0.5890486225480862 0.5522330836388308 0.8774370106705868 0.6442719309119693 0.521553467881118 0.5829126993965437 0.5522330836388308 0.46019423636569234 0.5522330836388308 0.5460971604872883 0.5338253141842031 0.47860200582032003 0.5951845456996288 0.7915340865489908 1.0492428589137786 0.7669903939428205 0.6013204688511713 0.6933593161243098 0.5276893910326605 0.5154175447295755 0.39269908169872414 0.42337869745643697 0.3313398501832985 0.3436116964863836 0.36815538909255385 0.34974761963792617 0.39269908169872414 0.4111068511533518 0.42337869745643697 
-52.0 -52.0 -52.0 -52.0 -52.0 -52.0 -52.0 -52.0 -51.5 -52.0 -51.5 -51.5 -51.5 -52.0 -52.0 -52.0 -51.5 -52.0 -53.5 -52.0 -50.0 -52.0 -52.5 -51.5 -51.5 -51.5 -51.5 -51.5 -52.5 -52.0 -50.5 -52.0 -53.5 -51.5 -51.5 -52.0 -52.5 -52.5 -52.5 -52.0 -52.0 -52.0 -52.0 -51.5 -51.5 -51.5 
0.6810874698212247 0.7240389318820226 0.6688156235181395 0.6872233929727672 0.6933593161243098 0.6381360077604268 0.6320000846088841 0.6504078540635119 0.662679700366597 0.6810874698212247 0.6565437772150544 0.705631162427395 0.662679700366597 0.7301748550335652 0.6565437772150544 0.6442719309119693 0.760854470791278 0.7976700097005334 0.9756117810952678 1.0799224746714913 0.9878836273983529 0.7853981633974483 0.8835729338221293 0.9081166264282996 0.8835729338221293 0.8283496254582462 0.8099418560036186 0.8528933180644165 0.944932165337555 0.9940195505498954 0.9326603190344698 0.859029241215959 1.2026409377023426 1.1965050145508 1.214912784005428 1.0369710126106935 0.9387962421860124 0.8283496254582462 0.7915340865489908 0.8283496254582462 0.7731263170943632 0.7792622402459057 0.7485826244881929 0.7976700097005334 0.7424467013366504 0.7485826244881929 0.7424467013366504 
-54.0 -54.5 -54.5 -54.0 -54.0 -54.0 -54.0 -54.5 -54.0 -54.5 -54.0 -54.0 -54.0 -54.0 -54.5 -54.5 -53.5 -53.0 -52.5 -51.0 -50.0 -51.5 -51.5 -51.5 -51.0 -50.5 -51.5 -51.0 -51.0 -51.0 -51.5 -50.5 -50.0 -50.5 -51.0 -51.5 -52.5 -54.0 -54.0 -54.0 -54.5 -54.0 -54.5 -54.5 -54.0 -53.5 -53.5 
1.1228739367322893 1.141281706186917 1.1535535524900022 1.1290098598838318 1.141281706186917 1.1351457830353744 1.1044661672776617 1.0983302441261191 1.1228739367322893 1.141281706186917 1.1106020904292042 1.1596894756415448 1.1719613219446299 1.1474176293384597 1.214912784005428 1.4173982480063325 1.4358060174609601 1.41126232485479 1.3069516312785663 1.0676506283684062 0.9817477042468103 1.030835089459151 1.0246991663076084 1.0185632431560658 1.0369710126106935 1.055378782065321 1.0369710126106935 1.0615147052168636 0.9940195505498954 1.0615147052168636 1.1474176293384597 1.337631247036279 1.533980787885641 1.5892040962495242 1.6014759425526093 1.5830681730979816 1.5892040962495242 1.423534171157875 1.4971652489763858 1.3499030933393643 1.239456476611598 1.3192234775816514 1.3192234775816514 1.2946797849754812 1.2640001692177683 1.2946797849754812 
-56.5 -56.0 -56.5 -56.5 -56.5 -56.5 -56.5 -56.5 -56.0 -56.0 -56.0 -56.0 -56.0 -56.0 -55.5 -54.0 -52.5 -52.0 -50.0 -49.5 -50.5 -50.5 -51.5 -52.0 -51.0 -51.5 -51.5 -51.5 -51.0 -51.0 -50.0 -49.0 -49.5 -50.0 -51.0 -52.5 -54.0 -55.0 -56.0 -56.0 -55.5 -56.0 -56.0 -56.0 -55.5 -55.5 
1.5033011721279284 1.509437095279471 1.4971652489763858 1.4848934026733007 1.4787574795217582 1.521708941582556 1.4603497100671303 1.4051264017032472 1.4848934026733007 1.509437095279471 1.552388557340269 1.509437095279471 1.4971652489763858 1.5155730184310134 1.4848934026733007 1.5892040962495242 1.6014759425526093 1.7119225592803755 1.6689710972195777 1.6014759425526093 1.4787574795217582 1.5830681730979816 1.6321555583103222 1.6751070203711202 1.6873788666742053 1.6996507129772904 1.761009944492716 1.7548740213411735 1.7548740213411735 1.6444274046134073 1.8223691760081417 1.662835174068035 1.662835174068035 1.6444274046134073 1.7794177139473437 1.7732817907958012 1.736466251886546 1.7303303287350031 1.6505633277649499 1.5892040962495242 1.564660403643354 1.5892040962495242 1.5707963267948966 1.576932249946439 1.5585244804918115 1.5585244804918115 1.564660403643354 
-58.5 -58.5 -58.0 -58.0 -58.5 -58.0 -58.5 -58.0 -58.5 -58.0 -58.0 -58.0 -58.5 -58.5 -58.5 -58.0 -56.0 -53.5 -53.0 -53.0 -56.0 -56.0 -56.0 -57.0 -57.0 -56.0 -55.5 -56.0 -56.5 -57.0 -55.5 -55.5 -54.0 -52.5 -51.0 -51.5 -54.5 -57.0 -58.0 -57.5 -58.5 -58.5 -58.0 -57.5 -57.5 -57.0 -57.0 
5.313709449235861 5.45483568172134 5.375068680751287 5.405748296509 5.45483568172134 5.436427912266712 5.399612373357457 5.50392306693368 5.485515297479052 5.411884219660542 5.356660911296659 5.418020142812084 5.534602682691394 5.387340527054372 5.460971604872882 5.4671075280244255 5.258486140871978 5.2768939103266055 5.368932757599744 5.062136600022616 4.896466674930966 5.043728830567988 4.865787059173254 4.368777283898306 4.595806440505381 4.890330751779424 4.859651136021712 4.970097752749477 4.693981210930062 4.522175362686871 4.693981210930062 5.148039524144211 4.865787059173254 5.166447293598839 5.338253141842031 5.436427912266712 5.559146375297564 5.534602682691394 5.227806525114265 5.424156065963627 5.399612373357457 5.356660911296659 5.375068680751287 5.442563835418255 5.405748296509 5.344389064993574 5.338253141842031 
-60.5 -60.5 -60.5 -60.5 -61.0 -61.0 -61.0 -61.0 -60.5 -60.5 -61.0 -60.5 -60.5 -60.5 -60.5 -60.5 -60.0 -60.5 -59.5 -57.5 -58.5 -58.0 -57.5 -58.5 -61.0 -61.5 -60.5 -61.5 -61.0 -58.5 -58.5 -57.0 -58.5 -56.0 -56.5 -57.5 -58.5 -59.0 -59.0 -59.0 -59.5 -59.0 -59.5 -59.5 -60.0 -59.5 -60.0 
5.976389149602458 3.018874190558942 5.872078456026235 5.859806609723149 5.853670686571607 5.915029918087033 6.129787228391022 5.982525072754001 6.037748381117884 5.381204603902829 5.651185222570702 5.50392306693368 2.1230294104337273 6.062292073724054 5.688000761479957 5.5284667595398505 5.700272607783043 5.66959299202533 5.780039608753096 5.8659425328746915 2.6998061866787286 6.074563920027139 5.737088146692298 6.0991076126333095 5.1725832167503825 5.338253141842031 5.424156065963627 5.270757987175063 5.853670686571607 6.191146459906448 6.258641614573416 6.092971689481767 2.7979809571034093 2.730485802436441 
-74.0 -73.5 -74.5 -74.5 -74.5 -75.0 -71.5 -74.0 -70.0 -63.5 -62.0 -61.5 -70.5 -67.5 -63.0 -63.5 -65.5 -64.5 -66.0 -65.0 -67.0 -65.5 -63.5 -72.5 -64.5 -62.5 -63.0 -62.5 -65.0 -72.0 -74.0 -71.0 -75.0 -75.0 
