3.160000423044421 3.074097498922825 3.4054373491061236 3.2459033471660166 3.172272269347506 3.3072625786814425 3.429981041712294 3.3318062712876126 3.423845118560751 3.2336315008629315 3.055689729468197 3.074097498922825 2.9513790358919736 3.2029518851052186 3.2213596545598464 3.06182565261974 3.7122335066832517 3.6386024288647407 3.0127382674073995 2.552544031041707 2.6875343403756435 2.767301341345697 2.693670263527186 2.6998061866787286 2.779573187648782 2.6875343403756435 2.6016314162540475 3.018874190558942 2.5709518004963345 2.779573187648782 4.295146206079795 3.117048960983623 3.1661363461959633 3.356349963893783 2.9697868053466014 3.018874190558942 2.7550294950426117 3.172272269347506 2.9268353432858034 3.1231848841351653 3.0127382674073995 2.9943304979527716 3.1784081924990484 
-66.0 -65.5 -66.5 -66.5 -66.5 -66.0 -65.5 -67.0 -67.0 -67.5 -67.0 -66.0 -66.5 -66.5 -66.0 -65.0 -66.5 -65.0 -63.0 -61.5 -67.5 -66.5 -69.0 -69.0 -69.0 -70.0 -67.5 -68.0 -67.0 -64.0 -65.5 -68.0 -68.0 -66.5 -68.0 -67.5 -67.5 -66.5 -65.0 -64.5 -65.5 -65.5 -66.0 
1.7855536370988863 1.7426021750380885 1.6996507129772904 1.7426021750380885 1.7916895602504288 1.7241944055834606 1.748738098189631 1.859184714917397 1.748738098189631 1.8162332528565992 1.718058482431918 1.736466251886546 1.8039614065535141 1.6444274046134073 1.846912868614312 1.6137477888556946 1.3928545554001621 1.2455923997631406 1.6873788666742053 2.172116795646068 1.8714565612204823 1.8714565612204823 1.8530487917658545 1.8837284075235674 1.9696313316451632 2.098485717827557 2.024854640009046 1.9144080232812801 1.1780972450961724 1.1658253987930873 1.2578642460662257 1.2640001692177683 1.3192234775816514 1.3560390164909069 1.4787574795217582 1.5585244804918115 1.5278448647340985 1.41126232485479 1.4419419406125027 1.282407938672396 1.607611865704152 1.5585244804918115 1.6137477888556946 1.6935147898257479 1.564660403643354 
-60.0 -60.0 -60.0 -59.5 -59.5 -59.5 -59.0 -59.5 -59.5 -59.5 -59.5 -59.5 -60.0 -59.0 -59.0 -59.5 -61.5 -61.5 -67.5 -61.0 -60.5 -60.0 -60.5 -59.5 -60.5 -62.0 -64.5 -64.0 -62.5 -60.5 -60.0 -60.0 -61.0 -60.0 -59.5 -59.5 -60.0 -60.5 -60.5 -61.0 -61.5 -61.0 -61.0 -61.5 -60.5 
1.1903690913992575 1.214912784005428 1.2210487071569704 1.227184630308513 1.214912784005428 1.2087768608538851 1.1965050145508 1.239456476611598 1.2517283229146832 1.2701360923693108 1.239456476611598 1.2455923997631406 1.227184630308513 1.2087768608538851 1.2455923997631406 1.2026409377023426 1.1228739367322893 1.0615147052168636 1.0921943209745766 1.1903690913992575 1.1474176293384597 1.0737865515199487 1.0676506283684062 1.086058397823034 1.1044661672776617 1.0676506283684062 1.0737865515199487 1.1474176293384597 1.3499030933393643 4.362641360746763 1.1351457830353744 1.1535535524900022 1.1290098598838318 1.141281706186917 1.1658253987930873 1.2087768608538851 1.184233168247715 1.184233168247715 1.1780972450961724 1.1044661672776617 1.1167380135807468 1.0799224746714913 1.0799224746714913 1.0615147052168636 1.0799224746714913 1.055378782065321 1.0185632431560658 
-49.0 -49.0 -49.0 -49.0 -49.0 -49.0 -49.0 -49.0 -49.0 -49.0 -49.0 -49.0 -49.0 -49.0 -48.5 -48.0 -49.0 -50.0 -52.0 -52.5 -51.5 -52.0 -52.0 -52.5 -53.0 -53.0 -52.5 -51.5 -51.5 -53.0 -51.5 -50.5 -50.0 -49.5 -48.5 -48.0 -48.0 -48.0 -48.5 -48.5 -48.5 -48.0 -48.0 -48.0 -48.0 -48.0 -48.0 
1.239456476611598 1.2701360923693108 1.2517283229146832 1.2640001692177683 1.2455923997631406 1.2640001692177683 1.2762720155208536 1.2885438618239387 1.282407938672396 1.2946797849754812 1.2701360923693108 1.282407938672396 1.3130875544301088 1.282407938672396 1.2640001692177683 1.1474176293384597 1.1228739367322893 1.4419419406125027 1.3928545554001621 1.5830681730979816 1.4910293258248433 1.4664856332186729 1.607611865704152 1.6444274046134073 1.6382914814618648 1.662835174068035 1.6751070203711202 1.509437095279471 1.662835174068035 1.7548740213411735 1.4603497100671303 1.4173982480063325 1.3008157081270237 1.1903690913992575 1.0921943209745766 1.086058397823034 1.1290098598838318 1.1780972450961724 1.1719613219446299 1.1965050145508 1.184233168247715 1.184233168247715 1.1903690913992575 1.1780972450961724 1.1903690913992575 1.184233168247715 1.1719613219446299 
-49.5 -50.0 -49.5 -49.5 -50.0 -49.5 -50.0 -50.0 -50.0 -50.0 -50.0 -50.0 -50.0 -49.5 -50.0 -50.0 -51.0 -51.5 -51.5 -52.5 -51.0 -52.0 -51.5 -51.5 -51.5 -51.5 -52.0 -51.5 -50.0 -51.0 -52.5 -51.5 -51.0 -50.5 -50.0 -50.0 -50.0 -50.0 -50.5 -50.0 -50.0 -50.0 -50.0 -50.0 -50.0 -50.0 -50.0 
1.576932249946439 1.576932249946439 1.5707963267948966 1.6198837120072371 1.5707963267948966 1.6198837120072371 1.5953400194010667 1.6260196351587797 1.6198837120072371 1.6321555583103222 1.6198837120072371 1.6321555583103222 1.6444274046134073 1.6260196351587797 1.607611865704152 1.5707963267948966 1.88986433067511 2.0064468705544187 1.9144080232812801 1.8162332528565992 1.8837284075235674 1.9082721001297376 2.061670178918302 2.055534255766759 2.0371264863121317 2.073942025221387 2.067806102069844 1.9266798695843652 1.7732817907958012 5.028389022689132 1.9205439464328227 1.9512235621905356 1.9880391010997909 1.9634954084936207 1.748738098189631 1.607611865704152 1.4603497100671303 1.4542137869155878 1.3867186322486196 1.3867186322486196 1.3314953238847365 1.368310862793992 1.325359400733194 1.3560390164909069 1.3437671701878218 1.2946797849754812 1.3069516312785663 
-50.5 -50.5 -51.0 -51.0 -51.0 -50.5 -50.5 -50.5 -50.0 -50.5 -50.0 -50.5 -50.0 -50.5 -50.5 -51.5 -51.5 -49.5 -48.5 -49.5 -51.0 -51.5 -51.0 -50.5 -51.0 -51.5 -52.5 -52.0 -50.5 -49.0 -48.0 -48.5 -49.0 -51.0 -53.0 -53.0 -52.0 -51.0 -51.0 -50.5 -50.5 -50.5 -50.5 -50.0 -50.5 -50.5 -50.0 
2.000310947402876 1.9941750242513334 1.9757672547967058 1.9941750242513334 2.012582793705961 2.0064468705544187 2.012582793705961 1.9941750242513334 2.0371264863121317 2.030990563160589 2.012582793705961 2.018718716857504 2.030990563160589 2.012582793705961 2.018718716857504 1.9205439464328227 2.184388641949153 2.4175537217077703 2.350058567040802 2.4175537217077703 2.411417798556228 2.3930100291016 2.399145952253143 2.4175537217077703 2.448233337465483 2.4605051837685683 2.435961491162398 2.411417798556228 2.350058567040802 2.350058567040802 2.3193789512830896 2.350058567040802 2.282563412373834 2.061670178918302 1.8837284075235674 1.7916895602504288 1.8346410223112268 1.8530487917658545 1.8837284075235674 1.9266798695843652 1.8837284075235674 1.88986433067511 1.8346410223112268 1.8346410223112268 1.859184714917397 1.859184714917397 1.8653206380689396 
-50.5 -50.5 -50.5 -50.5 -50.0 -50.5 -50.0 -50.5 -50.5 -50.5 -50.0 -50.5 -50.5 -50.5 -50.5 -51.5 -54.5 -52.5 -53.5 -54.0 -53.0 -52.5 -53.5 -53.5 -53.5 -53.5 -53.0 -52.0 -53.5 -53.0 -52.5 -52.5 -54.0 -54.5 -54.5 -53.0 -52.0 -51.5 -51.0 -50.5 -51.0 -51.0 -51.0 -50.5 -51.0 -51.0 -51.0 
5.148039524144211 5.289165756629691 5.154175447295755 5.21553467881118 5.062136600022616 5.602097837358362 5.086680292628786 5.190990986205009 5.092816215780329 5.098952138931871 5.227806525114265 5.0682725231741586 5.098952138931871 5.154175447295755 5.209398755659637 5.424156065963627 6.074563920027139 6.12365130523948 5.737088146692298 5.890486225480862 5.835262917116979 5.945709533844745 5.896622148632405 5.8659425328746915 5.927301764390117 5.878214379177777 5.896622148632405 5.681864838328415 5.221670601962723 5.792311455056181 6.019340611663256 6.135923151542564 6.086835766330224 5.994796919057086 5.767767762450011 5.516194913236766 5.270757987175063 5.295301679781233 5.368932757599744 5.344389064993574 5.368932757599744 5.47937937432751 5.350524988145116 5.307573526084319 5.47937937432751 
-64.5 -64.5 -64.5 -64.5 -64.0 -64.5 -65.0 -64.5 -65.0 -65.5 -65.0 -65.0 -64.5 -64.5 -65.5 -64.5 -61.0 -58.5 -57.5 -59.5 -59.5 -58.0 -58.0 -58.5 -58.0 -57.5 -59.0 -59.0 -57.5 -56.0 -56.0 -57.0 -58.5 -61.0 -63.0 -65.0 -64.5 -64.0 -64.0 -64.0 -62.5 -62.0 -62.5 -63.0 -63.5 
5.5714182216006485 5.5100589900852235 5.393476450205914 5.424156065963627 5.491651220630596 5.50392306693368 5.5714182216006485 5.491651220630596 5.473243451175968 5.448699758569798 5.4671075280244255 5.43029198911517 5.313709449235861 5.534602682691394 5.381204603902829 2.804116880254952 6.234097921967246 5.927301764390117 0.5706408530934585 0.4663301595172349 6.068427996875596 0.25770877236478773 0.16566992509164924 0.19634954084936207 0.11658253987930872 0.34974761963792617 0.8283496254582462 5.915029918087033 6.277049384028044 0.07976700097005335 5.853670686571607 0.0 3.0495538063166547 6.129787228391022 5.878214379177777 5.381204603902829 5.375068680751287 5.387340527054372 5.325981295538946 2.2396119503130363 5.356660911296659 5.2768939103266055 5.375068680751287 5.2339424482658075 5.313709449235861 5.2768939103266055 
-62.5 -62.5 -62.0 -62.5 -61.5 -62.5 -62.5 -62.0 -62.0 -62.0 -62.0 -61.0 -62.0 -61.5 -63.0 -72.0 -65.5 -61.5 -69.0 -64.5 -68.5 -70.5 -65.0 -63.5 -64.0 -65.5 -67.0 -68.5 -64.5 -69.5 -64.5 -64.5 -67.5 -70.5 -71.5 -68.0 -63.0 -62.0 -63.0 -63.0 -62.5 -62.5 -63.0 -63.0 -63.0 -63.0 
