2.748893571891069 2.7120780329818137 2.761165418194154 2.564815877344792 2.675262494072558 2.6323110320117604 2.6445828783148455 2.675262494072558 2.6998061866787286 2.730485802436441 2.736621725587984 2.7857091108003242 2.7979809571034093 2.84706834231575 2.6568547246179306 2.6998061866787286 2.773437264497239 2.736621725587984 2.650718801466388 2.736621725587984 2.9084275738311756 3.2090878082567613 3.215223731408304 3.098641191528995 3.423845118560751 0.3374757733348411 3.56497135104623 3.356349963893783 3.1354567304382504 2.9820586516496865 2.9820586516496865 2.834796496012665 2.988194574801229 2.945243112740431 3.2459033471660166 0.3129320807286708 3.2765829629237295 0.018407769454627694 2.8654761117703775 2.791845033951867 2.82252464970958 2.9145634969827183 2.9022916506796332 2.773437264497239 5.8475347634200645 2.5034566458293663 2.773437264497239 
-64.5 -64.0 -64.5 -64.5 -64.0 -64.5 -64.0 -64.5 -65.0 -64.5 -65.0 -64.0 -65.5 -65.0 -65.5 -65.5 -65.0 -66.0 -66.5 -65.5 -66.5 -65.0 -61.5 -62.5 -65.0 -66.0 -64.5 -63.0 -62.0 -61.5 -63.0 -63.0 -62.5 -62.5 -63.0 -66.0 -64.0 -63.0 -61.5 -60.5 -60.0 -61.5 -66.0 -66.0 -67.0 -65.0 -67.0 
2.380738182798515 2.2580197197676637 2.2212041808584084 2.1966604882522383 2.2027964114037806 2.1782527187976104 2.110757564130642 2.1782527187976104 2.0800779483729293 2.067806102069844 1.9389517158874505 2.141437179888355 2.1230294104337273 2.000310947402876 1.9819031779482483 1.9757672547967058 2.024854640009046 1.846912868614312 1.8407769454627694 1.945087639038993 1.9819031779482483 2.2457478734645786 2.110757564130642 2.030990563160589 2.497320722677824 2.82252464970958 2.5402721847386216 2.6384469551633027 2.3623304133438876 2.2764274892222915 2.073942025221387 2.110757564130642 1.9205439464328227 2.730485802436441 3.0127382674073995 2.5586799541932495 2.356194490192345 2.1782527187976104 2.1046216409791 2.043262409463674 1.846912868614312 1.9757672547967058 1.8990682154024239 1.8407769454627694 5.129631754689584 
-65.5 -65.5 -65.0 -66.5 -65.0 -65.5 -65.0 -64.0 -65.0 -65.5 -65.5 -64.5 -64.5 -65.5 -65.0 -64.5 -64.0 -65.0 -65.0 -64.5 -63.5 -62.5 -62.0 -63.5 -66.5 -65.5 -62.0 -62.0 -62.0 -62.0 -61.5 -62.0 -62.5 -62.0 -62.5 -66.5 -66.0 -64.5 -63.5 -63.0 -64.0 -64.0 -65.5 -64.5 -65.0 
0.3988350048502667 0.4356505437595221 0.4111068511533518 0.4111068511533518 0.46019423636569234 0.4724660826687775 0.47860200582032003 0.4970097752749477 0.4970097752749477 0.4908738521234052 0.5092816215780329 0.4908738521234052 0.5031456984264903 0.521553467881118 0.5031456984264903 0.5031456984264903 0.5338253141842031 0.521553467881118 0.47860200582032003 0.4663301595172349 0.5951845456996288 0.7792622402459057 0.8222137023067037 0.7485826244881929 0.8774370106705868 1.000155473701438 0.7179030087304801 0.6320000846088841 0.705631162427395 0.7424467013366504 0.6872233929727672 0.6442719309119693 0.6442719309119693 0.6810874698212247 0.6381360077604268 0.7669903939428205 0.9633399347921826 1.086058397823034 1.012427320004523 0.8283496254582462 0.8160777791551611 0.7853981633974483 0.6994952392758523 0.5276893910326605 0.5092816215780329 0.5399612373357456 0.5399612373357456 0.5522330836388308 0.5890486225480862 
-51.0 -50.5 -50.5 -50.5 -50.5 -50.5 -50.0 -50.5 -50.5 -50.0 -50.5 -50.5 -50.5 -50.5 -50.5 -50.5 -50.5 -50.5 -50.0 -50.0 -50.0 -50.5 -50.0 -51.0 -52.5 -50.5 -50.0 -51.5 -52.0 -51.5 -51.5 -51.5 -51.5 -51.5 -52.0 -50.5 -50.0 -51.5 -52.0 -51.5 -50.5 -50.0 -51.5 -52.0 -52.0 -51.5 -51.5 -50.5 -51.0 
0.7363107781851077 0.7853981633974483 0.7731263170943632 0.8160777791551611 0.8283496254582462 0.8283496254582462 0.8344855486097889 0.8344855486097889 0.8160777791551611 0.8222137023067037 0.8222137023067037 0.7792622402459057 0.803805932852076 0.8283496254582462 0.7424467013366504 0.7731263170943632 0.7731263170943632 0.7792622402459057 0.7301748550335652 0.7669903939428205 0.8222137023067037 0.9265243958829272 0.9940195505498954 1.1596894756415448 1.227184630308513 1.086058397823034 0.8958447801252144 0.944932165337555 1.0246991663076084 1.1044661672776617 0.9878836273983529 0.9694758579437253 1.0062913968529805 1.0492428589137786 0.9878836273983529 0.9387962421860124 1.0369710126106935 1.1965050145508 1.2946797849754812 1.3314953238847365 1.2762720155208536 1.1780972450961724 1.043106935762236 0.9940195505498954 0.9940195505498954 0.9878836273983529 0.9111845880040709 0.9326603190344698 0.9357282806102412 
-53.5 -53.5 -53.5 -53.0 -53.5 -53.5 -53.0 -53.0 -53.5 -53.5 -53.0 -53.5 -53.0 -53.0 -53.0 -53.0 -53.5 -53.0 -53.0 -53.0 -52.5 -52.0 -51.5 -52.0 -50.0 -49.5 -50.0 -51.0 -51.0 -50.5 -49.5 -50.0 -50.0 -50.5 -51.0 -50.0 -49.5 -49.5 -50.5 -51.0 -51.5 -51.5 -52.5 -53.0 -53.0 -53.0 -53.5 -53.0 -53.0 
1.227184630308513 1.1474176293384597 1.1903690913992575 1.1780972450961724 1.1903690913992575 1.214912784005428 1.1535535524900022 1.1719613219446299 1.2087768608538851 1.1535535524900022 1.1228739367322893 1.0983302441261191 1.0369710126106935 1.1167380135807468 1.0615147052168636 1.0921943209745766 1.1351457830353744 1.086058397823034 1.1167380135807468 1.1658253987930873 1.3867186322486196 1.6198837120072371 1.6137477888556946 1.6321555583103222 1.4542137869155878 1.2946797849754812 1.2517283229146832 1.2946797849754812 1.3008157081270237 1.3192234775816514 1.2762720155208536 1.2026409377023426 1.1596894756415448 1.2885438618239387 1.2762720155208536 1.239456476611598 1.3499030933393643 1.3744467859455345 1.576932249946439 1.6996507129772904 1.6873788666742053 1.7732817907958012 1.7241944055834606 1.6689710972195777 1.5707963267948966 1.5033011721279284 1.4664856332186729 1.3744467859455345 4.540583132141498 
-56.0 -56.5 -56.0 -56.0 -56.0 -56.0 -55.5 -55.5 -56.0 -55.5 -55.5 -56.0 -56.0 -56.0 -56.0 -55.5 -55.5 -55.5 -55.5 -55.0 -55.0 -53.5 -52.0 -51.5 -49.5 -49.0 -50.0 -50.0 -50.0 -51.0 -51.0 -51.0 -50.5 -50.5 -51.0 -50.0 -49.5 -49.0 -49.0 -50.0 -51.0 -51.5 -53.0 -54.5 -56.0 -56.0 -55.5 -55.5 -55.5 
1.521708941582556 1.5707963267948966 1.5462526341887264 1.5401167110371838 1.552388557340269 1.5830681730979816 1.576932249946439 1.533980787885641 1.5953400194010667 1.564660403643354 1.5830681730979816 1.5401167110371838 1.5462526341887264 1.607611865704152 1.533980787885641 1.533980787885641 1.5707963267948966 1.5585244804918115 1.521708941582556 1.521708941582556 1.6751070203711202 1.8100973297050567 1.8223691760081417 1.8346410223112268 1.6689710972195777 1.6382914814618648 1.8100973297050567 1.7978254834019713 1.7426021750380885 1.7548740213411735 1.7978254834019713 1.8100973297050567 1.6996507129772904 1.6812429435226628 1.7794177139473437 1.8162332528565992 1.7855536370988863 1.662835174068035 1.705786636128833 1.8223691760081417 1.88986433067511 1.8714565612204823 1.8530487917658545 1.748738098189631 1.7303303287350031 1.7303303287350031 1.714990520856147 1.6812429435226628 1.7241944055834606 
-57.0 -57.0 -57.5 -57.0 -56.5 -57.0 -56.5 -56.5 -56.0 -56.0 -56.0 -56.0 -56.0 -56.0 -56.0 -55.5 -55.5 -55.5 -56.0 -56.0 -56.0 -54.0 -52.5 -51.5 -51.5 -54.0 -54.0 -53.5 -54.0 -55.0 -54.5 -55.0 -55.5 -55.5 -54.5 -54.5 -54.0 -53.0 -51.5 -50.5 -50.5 -51.0 -54.5 -56.0 -56.0 -55.5 -55.5 -55.5 -55.5 
5.712544454086128 5.6143696836614465 5.534602682691394 5.620505606812989 5.620505606812989 5.620505606812989 5.5714182216006485 5.497787143782138 5.602097837358362 5.5714182216006485 5.546874528994478 5.5714182216006485 5.565282298449106 5.553010452146021 5.534602682691394 5.516194913236766 5.491651220630596 5.583690067903734 5.553010452146021 5.491651220630596 5.491651220630596 5.3627968344482015 5.424156065963627 5.595961914206819 5.190990986205009 5.3627968344482015 5.252350217720435 5.221670601962723 4.896466674930966 4.884194828627882 5.037592907416445 5.056000676871073 4.896466674930966 4.792155981354743 4.95168998329485 5.209398755659637 5.197126909356553 5.307573526084319 5.436427912266712 5.6143696836614465 5.7616318392984684 5.675728915176872 5.780039608753096 5.835262917116979 5.835262917116979 5.890486225480862 5.8045833013592665 5.755495916146925 5.721748338813441 
-59.0 -59.5 -60.0 -60.0 -59.5 -60.0 -60.0 -60.0 -59.5 -60.0 -60.5 -60.5 -60.5 -59.5 -61.0 -61.0 -60.0 -60.5 -60.5 -61.0 -60.0 -60.0 -59.5 -56.5 -56.5 -57.5 -56.5 -56.0 -57.0 -58.0 -59.0 -59.5 -59.5 -59.0 -57.0 -57.0 -56.5 -57.0 -56.0 -56.5 -56.5 -57.5 -57.5 -57.0 -57.5 -57.5 -58.0 -57.5 -58.5 
1.932815792735908 1.748738098189631 1.9266798695843652 5.71868037723767 5.565282298449106 5.553010452146021 5.21553467881118 2.5034566458293663 5.71868037723767 5.786175531904639 5.5100589900852235 5.706408530934585 5.798447378207723 5.626641529964532 5.540738605842936 5.651185222570702 6.013204688511713 2.018718716857504 5.184855063053467 5.64504929941916 5.553010452146021 5.375068680751287 5.743224069843841 2.5402721847386216 5.243146332993121 
-77.5 -77.0 -74.5 -64.5 -62.5 -60.0 -61.5 -69.5 -63.0 -63.0 -63.0 -64.0 -65.0 -64.5 -65.0 -64.0 -65.5 -69.0 -61.5 -61.0 -62.0 -63.5 -67.0 -76.0 -71.0 
