2.84706834231575 2.8286605728611223 2.9820586516496865 2.8102528034064944 2.8716120349219203 2.8716120349219203 2.9022916506796332 2.804116880254952 2.9329712664373457 2.9636508821950587 2.988194574801229 2.9022916506796332 2.9943304979527716 2.988194574801229 2.859340188618835 2.8838838812250054 0.36815538909255385 3.2090878082567613 3.160000423044421 3.055689729468197 0.4049709280018093 3.6570101983193686 3.429981041712294 3.2459033471660166 2.9206994201342606 3.055689729468197 3.0372819600135696 3.1661363461959633 3.3870295796514958 3.509748042682347 0.15339807878856412 2.804116880254952 3.000466421104314 3.067961575771282 3.0250101137104846 2.8961557275280905 2.724349879284899 2.761165418194154 2.693670263527186 2.5954954931025047 2.6445828783148455 2.7979809571034093 2.7550294950426117 2.748893571891069 2.705942109830271 
-65.0 -65.0 -64.5 -66.0 -65.5 -65.5 -65.5 -65.5 -65.5 -65.5 -66.0 -65.5 -65.5 -66.5 -67.0 -66.0 -66.5 -62.0 -65.0 -67.5 -69.0 -66.0 -63.0 -63.0 -63.0 -62.5 -62.0 -62.0 -62.0 -63.5 -69.5 -65.0 -62.5 -62.0 -66.0 -69.0 -67.5 -66.5 -67.0 -67.0 -66.5 -65.5 -66.0 -65.0 -64.5 
1.8407769454627694 1.9389517158874505 1.9389517158874505 1.9941750242513334 1.9880391010997909 1.8407769454627694 2.024854640009046 1.8775924843720249 1.9266798695843652 1.9389517158874505 1.846912868614312 1.8653206380689396 1.88986433067511 1.9573594853420782 1.7732817907958012 1.8162332528565992 1.902136176978195 1.9082721001297376 1.9819031779482483 2.2580197197676637 2.736621725587984 2.804116880254952 2.405281875404685 2.466641106920111 2.36846633649543 2.466641106920111 2.466641106920111 2.767301341345697 3.104777114680538 3.147728576741336 5.565282298449106 1.8346410223112268 1.9512235621905356 2.030990563160589 1.9696313316451632 1.9144080232812801 2.012582793705961 1.662835174068035 1.7241944055834606 1.7241944055834606 1.7732817907958012 1.8162332528565992 1.8346410223112268 1.7732817907958012 
-64.0 -64.0 -64.5 -64.0 -64.0 -63.5 -64.0 -64.5 -64.0 -63.5 -64.5 -64.0 -63.5 -63.5 -64.0 -63.0 -61.5 -62.5 -64.0 -66.0 -62.5 -62.0 -61.0 -62.0 -62.0 -61.5 -61.5 -61.0 -62.5 -64.5 -67.0 -64.5 -62.5 -62.5 -63.0 -63.5 -64.0 -64.0 -64.5 -64.0 -64.0 -64.5 -63.5 -63.0 
0.760854470791278 0.7301748550335652 0.7731263170943632 0.7731263170943632 0.7669903939428205 0.7424467013366504 0.803805932852076 0.7853981633974483 0.7976700097005334 0.8222137023067037 0.8099418560036186 0.803805932852076 0.803805932852076 0.7669903939428205 0.7853981633974483 0.7853981633974483 0.9265243958829272 1.000155473701438 0.9019807032767571 0.8160777791551611 1.055378782065321 1.1167380135807468 0.8406214717613314 0.8467573949128739 0.8897088569736719 0.9203884727313847 0.9265243958829272 0.9265243958829272 0.8774370106705868 0.8283496254582462 0.859029241215959 0.9572040116406401 1.2210487071569704 1.012427320004523 0.8406214717613314 0.9326603190344698 0.8897088569736719 0.7179030087304801 0.6320000846088841 0.607456392002714 0.6381360077604268 0.5890486225480862 0.6381360077604268 0.6810874698212247 0.7301748550335652 0.7363107781851077 0.7731263170943632 
-50.5 -50.5 -50.0 -50.0 -50.0 -50.0 -50.0 -50.0 -50.0 -50.0 -50.0 -50.0 -50.0 -50.0 -50.0 -50.0 -49.5 -50.0 -50.0 -51.0 -53.0 -50.0 -50.0 -51.0 -51.5 -51.0 -51.0 -51.0 -51.5 -51.5 -51.0 -49.5 -51.5 -53.0 -51.0 -50.0 -51.0 -52.0 -51.5 -52.0 -51.5 -51.0 -51.0 -51.0 -51.0 -50.5 -50.0 
0.9265243958829272 0.9387962421860124 0.9265243958829272 0.944932165337555 0.9387962421860124 0.9694758579437253 0.944932165337555 0.944932165337555 0.9019807032767571 0.9142525495798421 0.9387962421860124 0.9387962421860124 0.9326603190344698 0.9142525495798421 0.9326603190344698 0.9265243958829272 0.9756117810952678 1.0676506283684062 1.1535535524900022 1.2517283229146832 1.3560390164909069 1.184233168247715 1.0615147052168636 1.1719613219446299 1.2455923997631406 1.2333205534600555 1.1965050145508 1.2087768608538851 1.2578642460662257 1.1596894756415448 1.086058397823034 1.055378782065321 1.2517283229146832 1.3499030933393643 1.3560390164909069 1.227184630308513 1.1290098598838318 1.0615147052168636 0.9940195505498954 0.9265243958829272 0.8528933180644165 0.7976700097005334 0.8160777791551611 0.9081166264282996 0.9510680884890975 0.9265243958829272 0.9081166264282996 
-52.0 -52.0 -51.5 -51.5 -52.0 -52.0 -52.0 -52.0 -52.0 -51.5 -52.0 -51.5 -51.5 -51.5 -51.5 -52.0 -51.0 -50.5 -52.0 -52.0 -50.0 -49.0 -50.0 -50.0 -49.5 -49.5 -49.5 -50.0 -49.5 -50.5 -50.5 -49.5 -49.5 -50.0 -51.0 -51.0 -51.5 -52.0 -52.5 -53.0 -53.0 -53.5 -53.0 -53.0 -52.5 -52.5 -52.0 
1.325359400733194 1.3130875544301088 1.3130875544301088 1.337631247036279 1.2762720155208536 1.2701360923693108 1.2578642460662257 1.2762720155208536 1.2885438618239387 1.3130875544301088 1.3744467859455345 1.282407938672396 1.282407938672396 1.3192234775816514 1.2946797849754812 1.3928545554001621 1.6014759425526093 1.718058482431918 1.6996507129772904 1.7855536370988863 1.6444274046134073 1.4787574795217582 1.4910293258248433 1.533980787885641 1.576932249946439 1.533980787885641 1.4848934026733007 1.4848934026733007 1.4358060174609601 1.552388557340269 1.4726215563702154 1.4542137869155878 1.4787574795217582 1.7303303287350031 1.8100973297050567 1.7978254834019713 1.8653206380689396 1.7794177139473437 1.6812429435226628 1.6137477888556946 1.3621749396424494 1.3560390164909069 1.3008157081270237 1.3560390164909069 1.325359400733194 1.3130875544301088 1.3008157081270237 
-55.5 -55.5 -55.5 -55.5 -55.0 -55.5 -55.0 -55.0 -55.0 -55.0 -55.0 -55.0 -55.5 -55.0 -55.0 -56.0 -54.5 -52.5 -52.0 -50.5 -49.0 -49.5 -50.5 -50.5 -50.0 -50.5 -51.0 -50.5 -50.0 -50.0 -50.5 -50.0 -49.0 -49.5 -51.5 -52.0 -53.0 -54.5 -55.5 -56.0 -56.0 -55.5 -55.5 -56.0 -55.5 -55.5 -55.5 
1.6751070203711202 1.6505633277649499 1.6873788666742053 1.6751070203711202 1.6996507129772904 1.7303303287350031 1.6689710972195777 1.7241944055834606 1.7426021750380885 1.6444274046134073 1.6812429435226628 1.7119225592803755 1.5953400194010667 1.6260196351587797 1.6689710972195777 1.6689710972195777 1.8162332528565992 1.9757672547967058 2.0493983326152168 2.0371264863121317 1.7794177139473437 1.7794177139473437 1.9512235621905356 1.9941750242513334 1.8530487917658545 1.9144080232812801 1.902136176978195 1.8775924843720249 1.8346410223112268 1.8837284075235674 2.012582793705961 1.8775924843720249 1.8223691760081417 1.8346410223112268 1.9266798695843652 1.9389517158874505 1.9389517158874505 1.8775924843720249 1.846912868614312 1.8039614065535141 1.6873788666742053 1.6321555583103222 1.6689710972195777 1.607611865704152 1.718058482431918 1.6996507129772904 1.6689710972195777 
-54.0 -54.0 -54.0 -54.0 -54.0 -53.5 -54.0 -53.5 -53.5 -53.0 -53.5 -53.5 -53.5 -53.0 -53.5 -54.0 -53.0 -52.0 -51.0 -50.0 -51.0 -52.0 -53.0 -52.5 -53.0 -53.0 -53.0 -53.0 -53.5 -53.0 -53.0 -54.0 -51.5 -51.5 -50.0 -50.0 -52.0 -54.0 -54.5 -54.5 -55.0 -55.0 -55.0 -54.5 -54.5 -53.5 -53.5 
5.737088146692298 5.8045833013592665 5.675728915176872 5.632777453116074 5.620505606812989 5.6573211457222445 5.681864838328415 5.638913376267617 5.700272607783043 5.700272607783043 5.700272607783043 5.675728915176872 5.700272607783043 5.663457068873787 5.730952223540755 5.878214379177777 5.651185222570702 5.589825991055276 5.6941366846315 5.626641529964532 5.6143696836614465 5.516194913236766 5.436427912266712 5.356660911296659 5.098952138931871 5.148039524144211 5.135767677841127 5.141903600992669 5.0253210611133605 5.123495831538041 5.295301679781233 5.393476450205914 5.368932757599744 5.399612373357457 5.7616318392984684 5.773903685601553 5.792311455056181 5.872078456026235 5.7616318392984684 5.755495916146925 5.878214379177777 5.902758071783947 5.755495916146925 5.755495916146925 5.8045833013592665 5.767767762450011 5.7616318392984684 
-59.5 -59.0 -59.5 -59.0 -59.0 -60.0 -59.5 -59.5 -59.5 -60.0 -59.5 -59.5 -59.5 -59.5 -60.0 -60.5 -60.0 -59.5 -58.5 -57.0 -56.5 -56.5 -56.5 -56.0 -56.5 -57.5 -58.0 -58.0 -58.0 -57.0 -56.0 -56.5 -57.0 -56.0 -56.5 -58.5 -58.0 -58.0 -57.5 -58.0 -58.5 -59.0 -59.5 -59.0 -59.0 -59.0 -59.0 
5.074408446325701 4.71238898038469 5.056000676871073 1.7794177139473437 5.031456984264903 4.583534594202296 4.700117134081604 5.092816215780329 5.21553467881118 4.841243366567084 4.970097752749477 5.031456984264903 5.203262832508095 5.240078371417351 5.399612373357457 5.399612373357457 5.767767762450011 5.706408530934585 5.338253141842031 5.688000761479957 5.853670686571607 5.773903685601553 5.50392306693368 5.798447378207723 5.651185222570702 5.816855147662351 5.767767762450011 5.945709533844745 5.724816300389213 5.64504929941916 5.706408530934585 5.522330836388308 5.332117218690489 5.473243451175968 5.227806525114265 1.9573594853420782 5.123495831538041 5.098952138931871 5.246214294568893 
-69.5 -67.5 -69.0 -70.0 -68.5 -68.0 -67.5 -67.0 -67.0 -66.5 -67.0 -67.5 -67.0 -65.5 -62.5 -61.0 -62.0 -60.0 -61.5 -64.5 -63.0 -61.0 -62.5 -63.5 -64.0 -63.5 -61.5 -63.0 -62.5 -62.0 -63.0 -63.0 -64.5 -69.5 -72.0 -71.5 -69.5 -69.0 -69.0 
