2.3193789512830896 2.3009711818284617 2.3193789512830896 2.356194490192345 2.325514874434632 2.3623304133438876 2.313243028131547 2.337786720737717 2.405281875404685 2.3193789512830896 2.478912953223196 2.3930100291016 2.5893595699509624 2.448233337465483 2.448233337465483 2.442097414313941 2.4605051837685683 2.60776733940559 2.282563412373834 6.209554229361076 3.104777114680538 3.0066023442558567 2.8409324191642074 3.3440781175906977 3.2949907323783574 3.472932503773092 3.3011266555298997 3.0372819600135696 6.1420590746941075 6.10217557420908 3.08636934522591 2.988194574801229 3.0372819600135696 2.9329712664373457 3.067961575771282 3.117048960983623 2.945243112740431 2.804116880254952 2.5832236467994196 2.5893595699509624 6.062292073724054 2.736621725587984 5.743224069843841 2.5157284921324514 2.3193789512830896 2.4911847995262812 2.6200391857086753 
-63.5 -63.5 -63.0 -63.0 -63.0 -63.0 -62.5 -63.0 -63.0 -62.5 -63.0 -63.0 -63.0 -63.0 -63.0 -63.0 -63.5 -64.5 -63.5 -64.5 -60.0 -60.5 -62.0 -64.0 -63.0 -63.0 -61.0 -62.0 -63.0 -63.5 -63.0 -63.5 -63.0 -62.0 -63.5 -65.5 -64.0 -63.5 -63.5 -63.5 -71.5 -70.0 -69.0 -69.0 -68.0 -68.0 -67.0 
2.60776733940559 2.411417798556228 2.337786720737717 2.466641106920111 2.2457478734645786 2.356194490192345 2.386874105950058 2.435961491162398 2.2150682577068657 2.405281875404685 2.2764274892222915 2.466641106920111 2.2518837966161214 2.3071071049800045 2.2150682577068657 2.184388641949153 2.1353012567368124 2.000310947402876 1.9082721001297376 2.141437179888355 2.2027964114037806 2.3623304133438876 2.2212041808584084 5.602097837358362 2.736621725587984 2.8961557275280905 2.9943304979527716 2.693670263527186 2.4850488763747385 2.2150682577068657 5.54994249057025 2.3071071049800045 2.5280003384355365 2.423689644859313 2.36846633649543 2.5464081078901644 2.8961557275280905 2.9820586516496865 2.767301341345697 2.36846633649543 2.3746022596469727 2.1966604882522383 1.9512235621905356 2.073942025221387 2.0064468705544187 2.2334760271614935 2.2580197197676637 2.399145952253143 
-65.0 -64.0 -64.0 -64.5 -65.0 -64.5 -65.0 -64.5 -64.0 -64.5 -64.0 -64.5 -64.5 -64.0 -64.0 -64.5 -64.0 -63.5 -63.5 -62.0 -62.0 -61.5 -64.0 -65.5 -66.5 -63.5 -63.0 -61.0 -60.0 -61.0 -62.5 -62.5 -63.0 -61.5 -61.5 -60.5 -62.5 -63.0 -65.5 -67.0 -64.5 -63.5 -64.0 -63.5 -64.5 -65.0 -65.0 -64.5 
0.2454369260617026 0.30679615757712825 0.3129320807286708 0.28838838812250056 0.2638446955163303 0.32520392703175593 0.34974761963792617 0.32520392703175593 0.34974761963792617 0.39269908169872414 0.34974761963792617 0.3620194659410113 0.3988350048502667 0.4172427743048944 0.4049709280018093 0.3988350048502667 0.39269908169872414 0.4172427743048944 0.4540583132141498 0.5276893910326605 0.7792622402459057 0.803805932852076 0.7485826244881929 0.7424467013366504 0.9265243958829272 0.9878836273983529 0.7424467013366504 0.6565437772150544 0.760854470791278 0.7669903939428205 0.7792622402459057 0.7853981633974483 0.7731263170943632 0.7792622402459057 0.7915340865489908 0.7915340865489908 0.8222137023067037 1.0492428589137786 1.043106935762236 0.8467573949128739 0.7976700097005334 0.6565437772150544 0.46019423636569234 0.42337869745643697 0.4111068511533518 0.30679615757712825 0.23930100291016002 0.28838838812250056 
-52.5 -52.5 -52.5 -52.5 -52.5 -52.5 -52.0 -52.0 -52.0 -52.0 -51.5 -51.5 -51.5 -51.5 -51.5 -51.5 -51.0 -51.0 -51.5 -51.0 -50.5 -50.5 -51.0 -52.0 -52.0 -50.5 -49.5 -50.5 -51.0 -50.5 -51.0 -50.5 -51.0 -51.0 -51.0 -51.0 -49.5 -49.5 -52.0 -52.5 -51.0 -52.0 -53.0 -53.0 -53.0 -52.5 -52.5 -52.5 
0.8713010875190442 0.9572040116406401 0.8835729338221293 0.9081166264282996 0.9265243958829272 0.8958447801252144 0.9142525495798421 0.9019807032767571 0.9081166264282996 0.8897088569736719 0.8835729338221293 0.8897088569736719 0.8835729338221293 0.8713010875190442 0.8835729338221293 0.859029241215959 0.8344855486097889 0.8283496254582462 0.8713010875190442 0.9019807032767571 0.9572040116406401 0.9510680884890975 1.1351457830353744 1.1719613219446299 1.1535535524900022 1.030835089459151 0.8897088569736719 0.9572040116406401 1.1044661672776617 1.1228739367322893 1.064582666792635 0.9817477042468103 0.9817477042468103 1.030835089459151 1.1167380135807468 1.086058397823034 1.0062913968529805 1.0799224746714913 1.239456476611598 1.2578642460662257 1.214912784005428 1.1044661672776617 0.9940195505498954 1.0492428589137786 0.9633399347921826 0.9019807032767571 0.9081166264282996 0.8958447801252144 
-53.5 -53.5 -54.0 -53.5 -53.5 -54.0 -53.5 -53.5 -53.5 -53.5 -53.5 -53.0 -53.5 -53.5 -53.0 -53.0 -53.0 -53.5 -53.0 -53.0 -52.5 -52.0 -51.5 -51.0 -49.5 -49.0 -50.0 -51.0 -50.5 -50.0 -50.5 -50.0 -50.0 -50.0 -50.0 -50.5 -49.5 -48.5 -49.0 -49.5 -50.5 -51.5 -53.5 -53.5 -53.5 -54.0 -54.0 -54.0 
1.4910293258248433 1.5278448647340985 1.4971652489763858 1.521708941582556 1.533980787885641 1.533980787885641 1.552388557340269 1.5401167110371838 1.5155730184310134 1.533980787885641 1.5033011721279284 1.5155730184310134 1.533980787885641 1.509437095279471 1.5155730184310134 1.4971652489763858 1.41126232485479 1.4542137869155878 1.5033011721279284 1.607611865704152 1.7119225592803755 1.761009944492716 1.6444274046134073 1.6444274046134073 1.41126232485479 1.3008157081270237 1.3192234775816514 1.325359400733194 1.3560390164909069 1.4051264017032472 1.4143302864305611 1.3867186322486196 1.380582709097077 1.3192234775816514 1.380582709097077 1.368310862793992 1.3744467859455345 1.4480778637640452 1.5830681730979816 1.761009944492716 1.7916895602504288 1.718058482431918 1.6751070203711202 1.6137477888556946 1.5278448647340985 1.4480778637640452 1.423534171157875 1.4173982480063325 
-55.0 -55.0 -55.0 -55.0 -55.0 -55.0 -55.0 -55.0 -55.5 -55.5 -55.5 -56.0 -56.0 -56.0 -56.5 -57.0 -56.5 -57.0 -56.0 -54.5 -53.5 -52.5 -52.0 -50.5 -49.0 -49.5 -50.0 -50.5 -50.5 -51.0 -51.0 -51.0 -51.0 -50.0 -50.5 -50.5 -49.5 -50.0 -49.0 -50.0 -51.0 -52.5 -54.5 -55.5 -56.0 -55.5 -55.5 -56.0 
1.8039614065535141 1.8714565612204823 1.8162332528565992 1.8285050991596843 1.859184714917397 1.8714565612204823 1.8223691760081417 1.7978254834019713 1.7732817907958012 1.7794177139473437 1.8039614065535141 1.7303303287350031 1.7916895602504288 1.761009944492716 1.7548740213411735 1.761009944492716 1.736466251886546 1.6935147898257479 1.7855536370988863 1.7671458676442586 1.859184714917397 1.9082721001297376 1.846912868614312 1.7119225592803755 1.5462526341887264 1.6014759425526093 1.8100973297050567 1.88986433067511 1.7794177139473437 1.8162332528565992 1.880660445947796 1.8407769454627694 1.7303303287350031 1.736466251886546 1.6935147898257479 1.8653206380689396 1.859184714917397 1.8100973297050567 1.7548740213411735 1.761009944492716 1.8653206380689396 1.902136176978195 1.88986433067511 1.8285050991596843 1.761009944492716 1.7732817907958012 1.7671458676442586 1.7855536370988863 
-58.0 -58.0 -57.5 -58.0 -58.0 -58.0 -57.5 -57.0 -57.5 -57.0 -57.0 -57.0 -57.0 -57.0 -56.5 -56.5 -56.5 -56.5 -56.5 -55.0 -54.0 -52.5 -51.0 -51.5 -53.5 -53.5 -54.0 -53.5 -54.0 -54.5 -54.5 -53.5 -53.5 -55.0 -54.5 -53.5 -53.5 -53.0 -52.0 -51.0 -51.5 -53.0 -56.5 -56.5 -57.0 -57.0 -57.5 -57.5 
5.6573211457222445 5.66959299202533 5.583690067903734 5.6573211457222445 5.681864838328415 5.675728915176872 5.737088146692298 5.663457068873787 5.755495916146925 5.755495916146925 5.743224069843841 5.792311455056181 5.755495916146925 5.792311455056181 5.7616318392984684 5.810719224510809 5.780039608753096 5.829126993965437 5.93343768754166 5.890486225480862 5.638913376267617 5.749359992995383 5.71868037723767 5.5284667595398505 5.295301679781233 5.3627968344482015 5.332117218690489 5.2768939103266055 5.006913291658733 5.080544369477243 5.230874486690037 5.338253141842031 5.2768939103266055 4.957825906446392 4.95168998329485 5.178719139901925 5.43029198911517 5.583690067903734 5.565282298449106 5.6941366846315 5.71868037723767 5.780039608753096 5.755495916146925 5.93343768754166 5.816855147662351 5.773903685601553 5.675728915176872 5.737088146692298 
-57.0 -57.5 -57.0 -57.5 -57.0 -57.0 -57.0 -56.5 -56.5 -57.0 -57.0 -57.0 -57.0 -57.0 -57.5 -57.0 -57.5 -58.0 -59.0 -58.5 -58.5 -58.5 -56.5 -56.0 -56.5 -56.5 -56.5 -56.0 -56.5 -58.0 -58.5 -57.5 -57.5 -58.0 -57.0 -55.5 -55.5 -56.0 -56.0 -55.5 -56.5 -57.0 -57.0 -57.0 -57.0 -57.5 -57.5 -57.5 
6.14819499784565 6.22182607566416 6.074563920027139 6.14819499784565 0.02454369260617026 6.209554229361076 5.712544454086128 5.957981380147831 5.872078456026235 2.5832236467994196 5.424156065963627 5.5714182216006485 5.638913376267617 5.3198453723874035 5.9088939949354895 5.737088146692298 2.3316507975861747 5.595961914206819 5.460971604872882 5.307573526084319 5.418020142812084 5.706408530934585 5.602097837358362 5.577554144752192 5.50392306693368 5.580622106327962 5.970253226450915 5.66959299202533 5.442563835418255 5.3627968344482015 5.675728915176872 5.939573610693203 5.47937937432751 5.375068680751287 5.712544454086128 5.424156065963627 5.418020142812084 5.9518454569962875 6.117515382087937 6.17273869045182 6.277049384028044 
-72.0 -69.0 -72.0 -70.0 -70.0 -70.5 -68.5 -71.0 -72.5 -73.5 -72.5 -72.0 -71.5 -71.5 -68.5 -62.0 -62.5 -61.0 -60.5 -61.5 -66.5 -64.0 -61.5 -63.0 -63.5 -64.5 -64.0 -64.5 -65.0 -63.5 -62.5 -64.5 -67.0 -62.0 -62.0 -65.0 -67.5 -74.5 -73.5 -71.5 -72.5 
