3.031146036862027 3.147728576741336 3.11091303783208 3.055689729468197 3.0250101137104846 2.5464081078901644 3.08636934522591 3.1784081924990484 3.067961575771282 3.2581751934691017 3.074097498922825 0.25157284921324513 0.2699806186678728 3.06182565261974 2.435961491162398 5.758563877722697 2.8286605728611223 2.5832236467994196 3.1906800388021335 2.8102528034064944 2.6875343403756435 2.859340188618835 2.693670263527186 3.031146036862027 2.748893571891069 2.859340188618835 3.442252888015379 3.031146036862027 3.067961575771282 0.0 3.129320807286708 3.147728576741336 0.16566992509164924 3.4054373491061236 3.2397674240144743 3.2704470397721868 3.3502140407422405 3.3072625786814425 3.2704470397721868 3.2459033471660166 3.153864499892878 
-66.0 -66.0 -66.0 -66.5 -66.5 -66.0 -65.5 -67.5 -67.5 -66.5 -65.5 -68.5 -66.0 -62.0 -64.0 -68.5 -69.0 -68.0 -67.5 -67.5 -68.0 -68.5 -68.0 -63.0 -64.0 -63.0 -67.5 -67.5 -65.5 -67.0 -67.0 -67.5 -68.0 -67.5 -66.5 -67.0 -67.0 -67.0 -66.0 -66.5 -68.0 
1.607611865704152 1.6137477888556946 1.6812429435226628 1.5830681730979816 1.6812429435226628 1.564660403643354 1.576932249946439 1.607611865704152 1.4542137869155878 1.5953400194010667 1.5155730184310134 1.5278448647340985 1.0921943209745766 1.1106020904292042 0.39269908169872414 5.396544411781686 2.012582793705961 1.7548740213411735 1.8714565612204823 1.9144080232812801 1.8775924843720249 1.8960002538266525 2.3009711818284617 2.2518837966161214 2.2886993355253766 4.804427827657828 4.509903516383785 1.2210487071569704 1.141281706186917 1.3928545554001621 1.4971652489763858 1.607611865704152 1.607611865704152 1.6137477888556946 1.705786636128833 1.576932249946439 1.662835174068035 1.8223691760081417 1.736466251886546 1.7978254834019713 1.705786636128833 1.6444274046134073 1.7671458676442586 1.7671458676442586 
-61.0 -60.5 -61.0 -61.0 -61.0 -61.0 -61.5 -61.0 -60.5 -61.5 -61.0 -61.5 -62.5 -64.5 -66.0 -64.0 -60.5 -61.0 -60.0 -60.0 -60.0 -60.0 -62.0 -64.0 -66.5 -68.5 -65.5 -62.5 -62.5 -62.0 -60.5 -59.5 -60.0 -60.0 -60.0 -60.0 -60.0 -61.0 -60.5 -60.5 -61.0 -61.0 -61.0 -61.0 
1.1167380135807468 1.055378782065321 1.0983302441261191 1.0615147052168636 1.043106935762236 1.0737865515199487 1.0799224746714913 1.0737865515199487 1.1167380135807468 1.0615147052168636 1.1167380135807468 1.0737865515199487 0.9817477042468103 1.0185632431560658 0.9940195505498954 1.1351457830353744 1.1290098598838318 1.1811652066719438 1.0615147052168636 1.0246991663076084 1.0799224746714913 1.0369710126106935 1.0615147052168636 1.0737865515199487 1.1044661672776617 1.1596894756415448 1.2210487071569704 1.086058397823034 0.9940195505498954 0.9387962421860124 0.9387962421860124 0.944932165337555 1.0246991663076084 1.0369710126106935 1.0737865515199487 1.086058397823034 1.1167380135807468 1.1351457830353744 1.141281706186917 1.141281706186917 1.1351457830353744 1.1658253987930873 1.1474176293384597 1.184233168247715 1.0983302441261191 1.141281706186917 
-48.5 -48.5 -48.5 -48.5 -48.5 -48.5 -48.5 -49.0 -49.0 -48.5 -48.5 -48.0 -48.0 -49.0 -50.5 -51.5 -51.0 -50.5 -50.5 -51.5 -51.5 -51.5 -52.0 -51.0 -50.5 -50.0 -51.0 -51.5 -51.0 -49.5 -48.5 -48.0 -47.5 -47.5 -48.0 -48.5 -48.5 -49.0 -49.0 -49.0 -49.0 -49.0 -49.5 -49.0 -49.0 -49.0 
1.2026409377023426 1.1965050145508 1.1903690913992575 1.1719613219446299 1.1780972450961724 1.2210487071569704 1.184233168247715 1.1780972450961724 1.184233168247715 1.1903690913992575 1.1596894756415448 1.1351457830353744 1.086058397823034 1.2578642460662257 1.3989904785517047 1.3437671701878218 1.564660403643354 1.4327380558851888 1.509437095279471 1.5585244804918115 1.5585244804918115 1.552388557340269 1.5707963267948966 1.5953400194010667 1.423534171157875 1.3989904785517047 1.576932249946439 1.4971652489763858 1.4051264017032472 1.2946797849754812 1.0921943209745766 1.0185632431560658 1.0737865515199487 1.055378782065321 1.1290098598838318 1.1780972450961724 1.2087768608538851 1.2333205534600555 1.2210487071569704 1.2210487071569704 1.2455923997631406 1.2517283229146832 1.2455923997631406 1.2210487071569704 1.2333205534600555 1.2333205534600555 
-49.5 -50.0 -50.0 -49.5 -50.0 -50.0 -50.0 -49.5 -50.0 -50.0 -50.5 -50.5 -51.5 -51.5 -51.0 -51.5 -51.0 -50.5 -51.5 -51.0 -51.0 -51.0 -51.0 -51.5 -51.0 -50.0 -50.5 -51.5 -51.5 -51.5 -51.0 -50.5 -50.0 -50.0 -49.5 -49.5 -49.5 -50.0 -50.0 -49.5 -50.0 -50.0 -49.5 -50.0 -50.0 -49.5 
1.3989904785517047 1.41126232485479 1.4480778637640452 1.41126232485479 1.423534171157875 1.4173982480063325 1.41126232485479 1.3560390164909069 1.4480778637640452 1.4664856332186729 1.4173982480063325 1.3744467859455345 1.5830681730979816 1.846912868614312 1.8346410223112268 1.8100973297050567 1.6689710972195777 1.718058482431918 1.8285050991596843 1.902136176978195 1.945087639038993 1.932815792735908 1.9205439464328227 1.9389517158874505 1.8162332528565992 1.736466251886546 1.6444274046134073 1.7855536370988863 1.8285050991596843 1.8530487917658545 1.8346410223112268 1.6260196351587797 1.4358060174609601 1.4358060174609601 1.4664856332186729 1.4358060174609601 1.4910293258248433 1.509437095279471 1.5155730184310134 1.5278448647340985 1.5155730184310134 1.5401167110371838 1.5462526341887264 1.521708941582556 1.521708941582556 1.4848934026733007 
-50.5 -50.5 -50.0 -50.0 -50.0 -50.0 -50.0 -50.5 -50.5 -50.5 -51.0 -52.0 -52.5 -49.5 -47.5 -47.5 -49.0 -50.0 -50.0 -49.5 -49.5 -49.0 -49.0 -49.5 -50.0 -50.0 -48.0 -46.5 -47.0 -48.0 -50.0 -52.5 -52.0 -50.5 -50.5 -50.5 -50.5 -50.5 -50.5 -51.0 -50.5 -50.5 -51.0 -50.0 -50.5 -50.5 
1.8837284075235674 1.9082721001297376 1.88986433067511 1.8960002538266525 1.8714565612204823 1.846912868614312 1.846912868614312 1.8714565612204823 1.9082721001297376 1.8960002538266525 1.9082721001297376 1.8407769454627694 1.859184714917397 2.1966604882522383 2.2212041808584084 2.2334760271614935 2.1475731030398975 5.289165756629691 2.1230294104337273 2.172116795646068 2.2948352586769194 2.2886993355253766 2.2089323345553233 2.2027964114037806 2.2150682577068657 2.1782527187976104 2.098485717827557 2.1353012567368124 2.2212041808584084 2.2150682577068657 2.043262409463674 1.8407769454627694 1.7794177139473437 1.8960002538266525 1.8530487917658545 1.88986433067511 1.9512235621905356 1.9757672547967058 1.9696313316451632 1.9880391010997909 1.945087639038993 2.0064468705544187 1.9696313316451632 1.9389517158874505 1.9634954084936207 1.8285050991596843 
-50.5 -50.5 -50.5 -50.5 -50.5 -50.5 -50.5 -51.0 -50.5 -50.5 -51.0 -52.5 -55.0 -53.5 -52.0 -52.0 -52.5 -52.0 -52.0 -52.5 -53.0 -53.0 -53.0 -52.5 -51.5 -52.0 -52.0 -50.5 -52.0 -52.5 -54.5 -55.0 -53.0 -52.0 -51.5 -50.5 -50.5 -50.0 -50.0 -50.0 -50.0 -50.0 -50.0 -50.0 -50.0 -50.5 
5.332117218690489 5.166447293598839 5.154175447295755 5.301437602932776 5.240078371417351 5.399612373357457 5.3627968344482015 5.283029833478148 5.332117218690489 5.135767677841127 5.411884219660542 5.522330836388308 5.921165841238575 6.025476534814799 5.988660995905543 5.448699758569798 5.522330836388308 5.700272607783043 5.890486225480862 5.8659425328746915 5.896622148632405 6.092971689481767 5.93343768754166 5.902758071783947 5.859806609723149 5.982525072754001 5.203262832508095 5.45483568172134 5.878214379177777 6.080699843178682 5.9518454569962875 5.890486225480862 5.71868037723767 5.516194913236766 5.283029833478148 5.289165756629691 5.258486140871978 5.2339424482658075 5.178719139901925 5.160311370447297 5.197126909356553 5.522330836388308 5.209398755659637 5.203262832508095 5.608233760509904 5.270757987175063 
-63.0 -64.0 -64.0 -63.0 -64.0 -63.0 -64.5 -63.5 -64.0 -64.5 -64.0 -63.5 -60.5 -57.5 -56.0 -57.0 -58.5 -59.0 -57.5 -57.0 -57.5 -58.5 -57.5 -57.0 -58.0 -58.5 -58.0 -55.5 -55.5 -56.5 -58.5 -60.5 -64.0 -63.5 -65.5 -65.0 -64.0 -63.0 -63.5 -64.0 -64.0 -63.5 -64.0 -63.5 -64.5 -63.5 
5.418020142812084 5.3627968344482015 5.375068680751287 5.375068680751287 5.424156065963627 5.3627968344482015 5.307573526084319 5.338253141842031 5.332117218690489 5.516194913236766 5.577554144752192 0.09203884727313846 6.007068765360171 5.749359992995383 5.859806609723149 0.2699806186678728 0.0859029241215959 0.11658253987930872 6.209554229361076 0.1595340019401067 0.2086213871524472 0.02454369260617026 5.964117303299373 6.129787228391022 5.516194913236766 5.730952223540755 5.896622148632405 5.859806609723149 5.970253226450915 5.387340527054372 5.399612373357457 5.522330836388308 5.399612373357457 5.332117218690489 5.411884219660542 5.583690067903734 5.522330836388308 5.559146375297564 5.47937937432751 5.497787143782138 5.6143696836614465 5.724816300389213 5.3627968344482015 
-63.0 -62.5 -62.5 -63.0 -62.0 -63.0 -62.5 -62.0 -63.5 -63.0 -66.5 -68.0 -61.5 -61.0 -66.5 -65.0 -63.0 -61.5 -61.0 -61.5 -63.5 -67.0 -63.0 -64.0 -64.0 -60.5 -62.0 -64.0 -69.0 -67.0 -65.0 -63.0 -62.0 -62.0 -62.0 -61.5 -61.0 -61.0 -61.5 -61.5 -62.0 -62.0 -63.0 
