0.20248546400090464 0.2086213871524472 0.1718058482431918 0.05522330836388308 0.0859029241215959 0.07363107781851078 3.117048960983623 3.000466421104314 3.067961575771282 0.09203884727313846 0.0859029241215959 0.1227184630308513 0.5645049299419159 0.8774370106705868 0.42337869745643697 1.5278448647340985 1.325359400733194 4.01902966426038 3.3072625786814425 2.8409324191642074 2.423689644859313 2.2580197197676637 6.031612457966341 2.9636508821950587 2.705942109830271 2.564815877344792 2.552544031041707 2.6323110320117604 2.834796496012665 3.0250101137104846 0.1595340019401067 0.5583690067903734 1.5155730184310134 1.1228739367322893 1.5953400194010667 4.3074180523828804 1.4358060174609601 1.2578642460662257 
-72.5 -72.0 -72.0 -71.5 -71.5 -71.5 -69.0 -69.5 -69.0 -71.0 -71.5 -71.0 -70.5 -70.5 -72.0 -75.0 -70.0 -65.0 -65.5 -66.5 -65.0 -68.0 -71.0 -69.0 -70.0 -68.0 -66.5 -66.5 -66.0 -67.5 -66.5 -67.5 -72.5 -75.0 -75.5 -75.5 -77.0 -76.5 
1.6751070203711202 1.8346410223112268 1.6505633277649499 1.6751070203711202 1.6812429435226628 1.7303303287350031 1.7548740213411735 1.748738098189631 1.8407769454627694 1.7978254834019713 1.6996507129772904 1.8100973297050567 1.6260196351587797 1.7732817907958012 1.8039614065535141 1.761009944492716 1.8653206380689396 1.705786636128833 1.9082721001297376 1.5585244804918115 1.4173982480063325 4.6448938257177215 1.8100973297050567 2.3623304133438876 2.724349879284899 2.448233337465483 2.055534255766759 1.748738098189631 1.9512235621905356 2.12916533358527 2.141437179888355 2.018718716857504 1.8837284075235674 2.12916533358527 1.9266798695843652 2.0064468705544187 1.141281706186917 1.2701360923693108 1.3989904785517047 1.3008157081270237 1.337631247036279 1.3437671701878218 1.6444274046134073 1.6935147898257479 1.7426021750380885 1.7916895602504288 1.6137477888556946 
-61.5 -61.0 -61.0 -61.0 -61.5 -61.5 -61.5 -61.0 -61.5 -62.0 -61.0 -61.0 -61.5 -61.0 -61.0 -62.0 -62.0 -62.0 -62.0 -62.5 -63.5 -65.5 -63.0 -66.0 -64.5 -64.0 -61.5 -62.5 -62.5 -60.0 -60.5 -61.0 -61.0 -62.5 -63.5 -61.5 -60.5 -59.5 -60.0 -62.0 -62.0 -61.0 -61.0 -60.0 -60.0 -60.0 -59.5 
1.2946797849754812 1.214912784005428 1.214912784005428 1.2762720155208536 1.214912784005428 1.214912784005428 1.2026409377023426 1.2087768608538851 1.1965050145508 1.1780972450961724 1.227184630308513 1.2087768608538851 1.214912784005428 1.2087768608538851 1.184233168247715 1.1106020904292042 1.2210487071569704 1.184233168247715 1.0921943209745766 1.2455923997631406 1.1351457830353744 1.0707185899441776 1.141281706186917 1.3499030933393643 1.1780972450961724 1.1044661672776617 1.1903690913992575 1.0799224746714913 1.0062913968529805 1.030835089459151 1.000155473701438 0.9633399347921826 1.0492428589137786 1.0799224746714913 1.2946797849754812 1.3069516312785663 1.086058397823034 1.0921943209745766 1.2333205534600555 1.282407938672396 1.3069516312785663 1.3928545554001621 1.3928545554001621 1.3437671701878218 1.337631247036279 1.2946797849754812 1.2333205534600555 
-53.0 -53.0 -53.0 -53.0 -53.0 -53.0 -53.0 -53.0 -53.0 -53.0 -53.0 -53.0 -53.0 -52.5 -52.5 -52.5 -52.5 -52.5 -52.5 -51.5 -49.0 -50.5 -51.0 -50.5 -50.0 -51.0 -52.0 -52.0 -53.5 -54.5 -55.0 -55.0 -54.0 -53.5 -52.5 -53.5 -52.0 -51.0 -50.5 -51.0 -50.0 -50.5 -52.0 -53.0 -54.5 -55.0 -55.0 
1.3989904785517047 1.3867186322486196 1.3437671701878218 1.380582709097077 1.368310862793992 1.3560390164909069 1.4051264017032472 1.368310862793992 1.380582709097077 1.380582709097077 1.4051264017032472 1.423534171157875 1.3069516312785663 1.3499030933393643 1.3744467859455345 1.4051264017032472 1.4051264017032472 1.325359400733194 1.2885438618239387 1.184233168247715 0.9572040116406401 1.033903051034922 1.2455923997631406 1.4173982480063325 1.3499030933393643 1.423534171157875 1.6260196351587797 1.533980787885641 1.5401167110371838 1.5585244804918115 1.41126232485479 1.5278448647340985 1.576932249946439 1.4603497100671303 1.6014759425526093 1.6382914814618648 1.4664856332186729 1.3867186322486196 1.0983302441261191 1.086058397823034 1.0799224746714913 1.1903690913992575 1.325359400733194 1.41126232485479 1.4848934026733007 1.4358060174609601 1.5033011721279284 
-51.0 -51.5 -51.0 -51.5 -51.0 -51.0 -51.5 -51.5 -51.5 -51.5 -51.5 -51.5 -51.0 -51.0 -51.0 -51.0 -51.0 -51.0 -52.0 -51.5 -51.5 -52.0 -49.5 -49.0 -50.0 -51.0 -51.0 -51.5 -52.0 -52.0 -52.5 -52.5 -52.5 -52.5 -51.0 -52.5 -52.0 -53.0 -51.0 -50.5 -50.0 -49.5 -50.5 -51.0 -51.0 -51.5 -51.0 
1.7548740213411735 1.7978254834019713 1.7426021750380885 1.736466251886546 1.7978254834019713 1.7855536370988863 1.7794177139473437 1.7916895602504288 1.7548740213411735 1.7426021750380885 1.7303303287350031 1.7548740213411735 1.7119225592803755 1.7241944055834606 1.736466251886546 1.6812429435226628 1.6505633277649499 1.5892040962495242 1.5401167110371838 1.423534171157875 1.214912784005428 1.662835174068035 1.7548740213411735 1.6260196351587797 1.7119225592803755 1.8530487917658545 1.88986433067511 2.110757564130642 2.110757564130642 2.184388641949153 2.184388641949153 2.2212041808584084 2.282563412373834 2.0800779483729293 1.9082721001297376 2.1046216409791 2.172116795646068 2.141437179888355 2.0493983326152168 1.9266798695843652 1.5707963267948966 1.5462526341887264 1.718058482431918 1.7732817907958012 1.7916895602504288 1.8346410223112268 1.8775924843720249 
-50.0 -50.0 -50.0 -50.5 -50.0 -50.0 -50.0 -50.5 -50.0 -50.5 -50.0 -50.0 -50.0 -50.0 -50.0 -50.5 -50.0 -50.0 -50.5 -50.0 -50.5 -52.0 -49.5 -47.5 -50.5 -50.0 -51.0 -51.5 -51.0 -52.0 -52.5 -53.0 -53.5 -53.5 -51.5 -49.0 -50.5 -51.5 -51.5 -52.0 -52.5 -51.5 -50.0 -50.0 -50.0 -50.0 -50.0 
2.1537090261914402 2.116893487282185 2.1475731030398975 2.1353012567368124 2.1353012567368124 2.1475731030398975 2.1537090261914402 2.1782527187976104 2.12916533358527 2.1230294104337273 2.1475731030398975 2.086213871524472 2.1230294104337273 2.0800779483729293 2.116893487282185 2.067806102069844 2.061670178918302 2.0064468705544187 1.9389517158874505 1.8653206380689396 1.6566992509164924 1.8745245227962535 2.0923497946760143 1.9941750242513334 2.2948352586769194 2.2518837966161214 2.3316507975861747 2.3930100291016 2.429825568010856 2.509592568980909 2.521864415283994 2.5280003384355365 2.4727770300716534 2.5034566458293663 2.454369260617026 2.1966604882522383 2.4605051837685683 2.5341362615870793 2.2764274892222915 1.9082721001297376 1.7916895602504288 1.846912868614312 2.0493983326152168 2.172116795646068 2.2641556429192065 2.325514874434632 2.2886993355253766 
-49.5 -50.0 -49.5 -50.0 -50.0 -50.0 -49.5 -50.0 -50.0 -50.0 -50.0 -49.5 -49.5 -50.0 -50.0 -49.5 -50.0 -49.5 -50.0 -50.5 -51.5 -52.5 -51.0 -52.0 -53.0 -52.0 -52.0 -52.5 -53.0 -52.5 -53.0 -54.0 -53.5 -52.5 -54.5 -52.0 -50.5 -52.5 -55.5 -54.5 -52.0 -50.0 -49.5 -49.5 -50.0 -50.5 -50.0 
4.988505522204105 5.160311370447297 5.21553467881118 5.21553467881118 5.197126909356553 5.154175447295755 5.1725832167503825 5.2339424482658075 5.178719139901925 5.166447293598839 5.117359908386499 5.240078371417351 5.197126909356553 5.178719139901925 5.141903600992669 4.988505522204105 5.2339424482658075 5.43029198911517 5.056000676871073 4.589670517353839 4.104932588381976 5.663457068873787 5.902758071783947 5.681864838328415 5.724816300389213 5.915029918087033 5.71868037723767 6.086835766330224 5.982525072754001 5.964117303299373 5.945709533844745 6.031612457966341 5.994796919057086 5.859806609723149 5.620505606812989 5.589825991055276 0.006135923151542565 6.252505691421874 6.105243535784852 6.025476534814799 5.872078456026235 4.706253057233147 4.749204519293945 4.95168998329485 5.031456984264903 
-60.5 -61.0 -60.5 -60.5 -61.0 -61.0 -60.5 -60.0 -60.0 -60.5 -60.5 -60.5 -60.0 -60.0 -60.5 -60.5 -60.0 -60.5 -60.0 -61.5 -65.5 -65.0 -62.0 -58.0 -60.5 -58.5 -60.5 -58.5 -59.0 -60.0 -60.0 -59.5 -59.5 -60.5 -61.5 -56.5 -57.0 -58.5 -60.0 -61.0 -65.5 -66.0 -63.0 -62.5 -62.0 
5.632777453116074 5.712544454086128 5.737088146692298 5.8045833013592665 5.8659425328746915 5.755495916146925 5.767767762450011 5.730952223540755 5.798447378207723 5.798447378207723 5.829126993965437 5.749359992995383 5.780039608753096 5.737088146692298 5.8045833013592665 5.749359992995383 5.688000761479957 5.6941366846315 5.626641529964532 5.773903685601553 6.040816342693655 6.111379458936394 5.663457068873787 0.8099418560036186 0.02454369260617026 0.28225246497095796 0.7179030087304801 0.11044661672776616 6.270913460876501 6.277049384028044 0.1902136176978195 0.8160777791551611 6.191146459906448 0.2699806186678728 5.773903685601553 5.988660995905543 0.17794177139473438 2.8716120349219203 6.086835766330224 5.730952223540755 5.902758071783947 
-60.0 -60.0 -60.5 -60.0 -60.5 -60.0 -60.5 -59.5 -60.5 -60.0 -60.0 -59.5 -58.5 -60.0 -59.5 -59.5 -60.0 -59.0 -60.0 -64.5 -62.5 -60.0 -62.0 -67.0 -62.5 -67.5 -65.0 -64.0 -64.5 -64.5 -65.0 -69.0 -69.5 -67.0 -69.5 -62.0 -64.5 -68.5 -60.0 -59.0 -59.5 
