0.19634954084936207 0.14726215563702155 3.074097498922825 0.2699806186678728 0.15339807878856412 0.1902136176978195 0.30066023442558565 0.34974761963792617 3.2643111166206444 0.3313398501832985 0.859029241215959 0.7731263170943632 3.9638063558964967 2.9820586516496865 6.080699843178682 2.6200391857086753 2.411417798556228 2.454369260617026 2.6875343403756435 2.791845033951867 2.7979809571034093 3.1968159619536762 3.184544115650591 6.129787228391022 3.215223731408304 0.5031456984264903 6.092971689481767 3.1906800388021335 0.03681553890925539 6.270913460876501 0.006135923151542565 
-73.0 -73.5 -70.0 -73.0 -73.5 -73.0 -73.0 -73.0 -71.5 -72.5 -71.0 -71.0 -67.0 -63.5 -68.5 -67.0 -69.0 -69.5 -70.5 -70.5 -69.0 -67.5 -70.0 -67.0 -64.0 -67.5 -71.5 -70.0 -73.5 -74.5 -74.0 
1.6566992509164924 1.6996507129772904 1.6444274046134073 1.6751070203711202 1.7119225592803755 1.6751070203711202 1.6935147898257479 1.705786636128833 1.7426021750380885 1.7241944055834606 1.7671458676442586 1.6751070203711202 1.7671458676442586 1.7794177139473437 1.7241944055834606 1.7303303287350031 1.6505633277649499 1.3928545554001621 1.2578642460662257 1.3069516312785663 1.6873788666742053 2.3746022596469727 5.47937937432751 1.8285050991596843 1.7671458676442586 1.7119225592803755 1.8039614065535141 1.8346410223112268 1.9757672547967058 2.12916533358527 1.748738098189631 0.9878836273983529 1.012427320004523 1.2087768608538851 1.2333205534600555 1.227184630308513 1.325359400733194 1.4726215563702154 1.3499030933393643 1.4542137869155878 1.5707963267948966 1.5707963267948966 1.6873788666742053 1.6505633277649499 1.5462526341887264 1.6935147898257479 
-61.0 -61.0 -61.0 -61.5 -61.5 -62.0 -61.0 -61.0 -61.5 -62.0 -61.5 -61.5 -62.5 -61.5 -61.5 -61.5 -62.0 -63.0 -62.5 -62.5 -63.5 -64.5 -64.5 -61.5 -61.5 -60.0 -60.5 -61.0 -60.5 -64.5 -63.0 -61.5 -61.0 -60.0 -61.0 -61.0 -60.5 -59.5 -59.5 -59.5 -60.0 -59.5 -60.5 -60.5 -60.5 -61.0 
1.2333205534600555 1.1965050145508 1.214912784005428 1.2210487071569704 1.1658253987930873 1.1658253987930873 1.1780972450961724 1.1290098598838318 1.1596894756415448 1.1596894756415448 1.1780972450961724 1.184233168247715 1.1658253987930873 1.1351457830353744 1.2087768608538851 1.1596894756415448 1.184233168247715 1.1780972450961724 1.0921943209745766 1.1290098598838318 1.1535535524900022 1.2333205534600555 1.1596894756415448 1.1044661672776617 1.0799224746714913 1.000155473701438 1.030835089459151 1.0615147052168636 1.043106935762236 1.1167380135807468 1.2333205534600555 1.4296700943094176 1.2885438618239387 1.0737865515199487 1.0615147052168636 1.1780972450961724 1.1719613219446299 1.1167380135807468 1.214912784005428 1.2762720155208536 1.3621749396424494 1.368310862793992 1.2455923997631406 1.3069516312785663 1.2455923997631406 1.3069516312785663 1.239456476611598 
-52.5 -52.5 -52.5 -52.5 -52.5 -52.0 -52.5 -52.0 -52.0 -52.0 -52.0 -52.0 -52.0 -51.5 -51.5 -51.5 -51.5 -49.5 -49.0 -51.0 -50.5 -51.0 -51.5 -52.0 -52.5 -53.5 -54.0 -54.0 -53.5 -52.5 -51.0 -52.0 -52.0 -51.0 -50.0 -49.5 -50.0 -49.5 -49.5 -50.0 -51.0 -52.0 -52.5 -53.5 -53.0 -54.0 -53.5 
1.4051264017032472 1.3989904785517047 1.3867186322486196 1.3560390164909069 1.3437671701878218 1.3621749396424494 1.3560390164909069 1.3621749396424494 1.380582709097077 1.3499030933393643 1.3621749396424494 1.380582709097077 1.3560390164909069 1.3499030933393643 1.368310862793992 1.3069516312785663 1.1903690913992575 1.012427320004523 1.030835089459151 1.1903690913992575 1.3130875544301088 1.2946797849754812 1.5278448647340985 1.509437095279471 1.576932249946439 1.552388557340269 1.4910293258248433 1.5401167110371838 1.5830681730979816 1.6382914814618648 1.5462526341887264 1.718058482431918 1.4173982480063325 1.4358060174609601 1.3621749396424494 1.1290098598838318 1.0492428589137786 1.055378782065321 1.0983302441261191 1.1903690913992575 1.2578642460662257 1.3130875544301088 1.337631247036279 1.3314953238847365 1.3744467859455345 1.368310862793992 1.3499030933393643 
-50.5 -51.0 -51.0 -51.0 -51.0 -51.0 -50.5 -51.0 -51.0 -51.0 -50.5 -51.0 -50.5 -50.5 -50.5 -51.0 -51.0 -50.5 -51.0 -49.5 -49.5 -51.5 -51.0 -52.0 -52.0 -51.5 -51.5 -51.0 -51.5 -51.5 -50.5 -51.0 -52.5 -52.0 -52.5 -52.0 -52.0 -51.0 -50.5 -50.5 -50.0 -50.5 -51.0 -51.0 -51.5 -51.5 -51.5 
1.7548740213411735 1.736466251886546 1.7548740213411735 1.7119225592803755 1.6996507129772904 1.705786636128833 1.6996507129772904 1.6935147898257479 1.6935147898257479 1.6873788666742053 1.6812429435226628 1.6566992509164924 1.6444274046134073 1.6014759425526093 1.5462526341887264 1.509437095279471 1.4480778637640452 1.3314953238847365 1.521708941582556 1.8653206380689396 1.8653206380689396 1.7855536370988863 1.8653206380689396 1.9512235621905356 2.141437179888355 2.116893487282185 2.0800779483729293 2.0923497946760143 2.110757564130642 2.1659808724945253 1.9082721001297376 1.7978254834019713 2.000310947402876 2.086213871524472 2.000310947402876 2.018718716857504 1.846912868614312 1.552388557340269 1.4910293258248433 1.5585244804918115 1.7119225592803755 1.7732817907958012 1.8653206380689396 1.902136176978195 1.8775924843720249 1.859184714917397 1.8530487917658545 
-50.0 -49.5 -50.0 -50.0 -50.0 -50.0 -49.5 -49.5 -49.5 -50.0 -50.0 -50.0 -50.0 -50.0 -50.0 -50.0 -50.0 -50.5 -53.0 -49.5 -48.0 -49.0 -51.0 -51.5 -52.0 -51.0 -50.5 -51.0 -50.5 -51.5 -51.0 -48.0 -47.5 -48.5 -50.0 -51.5 -53.0 -54.5 -52.5 -50.5 -50.0 -50.0 -50.0 -50.0 -50.0 -50.5 -50.5 
2.141437179888355 2.110757564130642 2.098485717827557 2.086213871524472 2.073942025221387 2.067806102069844 2.1046216409791 2.0800779483729293 2.0923497946760143 2.067806102069844 2.098485717827557 2.086213871524472 2.043262409463674 2.030990563160589 2.0064468705544187 2.024854640009046 1.8837284075235674 1.7978254834019713 1.7303303287350031 2.0064468705544187 2.1905245651006955 2.2396119503130363 2.3439226438892597 2.429825568010856 2.3746022596469727 2.4605051837685683 2.454369260617026 2.4605051837685683 2.466641106920111 2.3930100291016 2.435961491162398 2.073942025221387 2.184388641949153 2.429825568010856 2.2396119503130363 2.1598449493429825 1.761009944492716 1.761009944492716 1.8039614065535141 1.9573594853420782 2.0371264863121317 2.110757564130642 2.141437179888355 2.1598449493429825 2.2212041808584084 2.1782527187976104 2.1966604882522383 
-49.5 -49.5 -49.5 -49.5 -49.5 -49.5 -49.5 -49.5 -49.5 -49.5 -50.0 -49.5 -49.5 -49.5 -49.5 -50.0 -49.5 -51.0 -52.5 -52.0 -51.5 -52.5 -53.5 -52.0 -53.0 -53.5 -52.5 -52.5 -53.0 -52.5 -52.5 -52.0 -50.0 -50.5 -53.0 -56.0 -55.0 -53.0 -51.5 -50.0 -50.0 -49.5 -50.0 -50.0 -50.0 -50.5 -50.0 
5.123495831538041 5.105088062083414 5.209398755659637 5.098952138931871 5.135767677841127 5.0682725231741586 5.074408446325701 5.197126909356553 5.135767677841127 5.1725832167503825 5.092816215780329 5.141903600992669 5.160311370447297 5.098952138931871 5.184855063053467 5.037592907416445 4.908738521234052 4.221515128261284 5.994796919057086 5.896622148632405 5.915029918087033 5.565282298449106 5.780039608753096 5.915029918087033 6.092971689481767 6.007068765360171 6.025476534814799 5.994796919057086 6.037748381117884 5.994796919057086 5.890486225480862 5.270757987175063 5.841398840268521 6.117515382087937 6.154330920997192 6.17273869045182 6.2034183062095325 6.007068765360171 4.841243366567084 4.693981210930062 4.8351074434155406 4.841243366567084 4.773748211900116 4.933282213840222 5.031456984264903 5.031456984264903 
-61.5 -61.5 -61.5 -61.0 -60.5 -60.5 -61.0 -61.0 -61.0 -60.5 -61.5 -60.5 -60.5 -61.0 -60.5 -60.5 -61.5 -64.0 -63.5 -60.5 -56.5 -60.0 -60.0 -61.5 -59.0 -59.5 -60.5 -60.0 -58.5 -58.5 -59.5 -58.0 -55.0 -56.0 -57.0 -59.0 -60.5 -65.0 -68.5 -64.0 -63.5 -62.5 -62.0 -61.0 -61.5 -61.5 
5.522330836388308 5.712544454086128 5.688000761479957 5.749359992995383 5.675728915176872 5.6941366846315 5.957981380147831 5.712544454086128 5.675728915176872 5.6143696836614465 5.688000761479957 5.6941366846315 5.706408530934585 5.6941366846315 5.822991070813893 5.589825991055276 5.681864838328415 5.546874528994478 6.270913460876501 5.921165841238575 0.6749515466696822 0.4970097752749477 0.02454369260617026 1.0062913968529805 0.48473792897186263 6.277049384028044 0.22089323345553233 0.37429131224409645 0.6135923151542565 0.22089323345553233 0.11658253987930872 5.853670686571607 6.22182607566416 0.1718058482431918 4.847379289718626 5.460971604872882 5.565282298449106 5.700272607783043 5.737088146692298 5.822991070813893 5.737088146692298 5.730952223540755 5.71868037723767 
-59.5 -60.0 -59.0 -60.0 -59.5 -59.5 -60.5 -59.5 -60.0 -60.5 -60.0 -60.0 -60.0 -60.0 -59.5 -59.5 -60.0 -61.5 -63.0 -61.0 -67.5 -63.0 -65.5 -66.5 -62.5 -62.5 -63.0 -63.5 -65.5 -67.0 -67.0 -62.0 -63.0 -70.5 -65.5 -61.5 -60.5 -59.5 -59.0 -59.5 -59.5 -60.0 -59.5 
