0.46019423636569234 0.380427235395639 0.3988350048502667 0.36815538909255385 0.34974761963792617 0.28838838812250056 0.44178646691106466 0.4049709280018093 0.3988350048502667 0.5522330836388308 0.7547185476397354 0.8713010875190442 4.344233591292136 3.7122335066832517 3.3440781175906977 3.08636934522591 2.6445828783148455 2.8838838812250054 2.8838838812250054 2.9636508821950587 2.9820586516496865 0.4295146206079795 3.6570101983193686 1.4296700943094176 5.595961914206819 0.662679700366597 0.7669903939428205 
-69.0 -70.0 -70.0 -70.0 -70.0 -70.0 -70.5 -70.0 -70.5 -70.0 -70.0 -71.5 -65.5 -65.5 -67.0 -65.5 -66.5 -68.5 -68.0 -67.0 -67.5 -69.0 -66.5 -71.5 -75.0 -76.0 -75.0 
1.9880391010997909 1.9819031779482483 1.9512235621905356 1.761009944492716 1.7916895602504288 1.8162332528565992 1.748738098189631 1.7548740213411735 1.846912868614312 1.6935147898257479 4.884194828627882 1.6935147898257479 1.6935147898257479 1.736466251886546 1.6444274046134073 4.8351074434155406 1.6260196351587797 1.761009944492716 1.5155730184310134 1.227184630308513 3.2336315008629315 2.791845033951867 2.552544031041707 2.1046216409791 1.7794177139473437 2.030990563160589 2.073942025221387 2.2027964114037806 2.018718716857504 2.184388641949153 1.8960002538266525 1.5278448647340985 1.521708941582556 1.4542137869155878 1.4419419406125027 1.3867186322486196 1.6751070203711202 1.6873788666742053 1.6198837120072371 1.6382914814618648 1.6198837120072371 1.662835174068035 1.6873788666742053 
-64.0 -63.0 -64.5 -63.5 -64.0 -64.0 -64.0 -64.0 -64.5 -64.0 -64.5 -63.5 -63.0 -64.0 -63.0 -64.0 -63.0 -64.0 -64.5 -64.5 -65.5 -64.5 -63.5 -61.0 -61.0 -60.5 -60.0 -60.5 -62.0 -63.0 -64.5 -60.5 -59.5 -59.0 -61.5 -62.0 -60.5 -59.5 -60.0 -59.5 -60.5 -60.5 -60.5 
1.030835089459151 1.1044661672776617 0.9878836273983529 1.1167380135807468 1.1474176293384597 1.1106020904292042 1.1474176293384597 1.086058397823034 1.1167380135807468 1.0615147052168636 1.086058397823034 1.0983302441261191 1.0921943209745766 1.0737865515199487 1.0369710126106935 1.0492428589137786 1.0799224746714913 1.0799224746714913 1.141281706186917 0.9817477042468103 1.0062913968529805 1.0921943209745766 1.2885438618239387 1.3069516312785663 1.1719613219446299 1.1228739367322893 1.1658253987930873 1.1596894756415448 1.055378782065321 1.0615147052168636 1.1106020904292042 1.1167380135807468 1.282407938672396 1.423534171157875 1.4296700943094176 1.1903690913992575 1.2578642460662257 1.2885438618239387 1.227184630308513 1.2762720155208536 1.337631247036279 1.3130875544301088 1.2946797849754812 1.2640001692177683 1.227184630308513 1.2578642460662257 
-51.0 -50.5 -51.0 -51.0 -51.0 -50.5 -51.0 -51.0 -51.0 -51.0 -51.0 -51.0 -51.0 -51.0 -51.0 -51.5 -51.0 -51.0 -50.5 -49.0 -50.5 -51.0 -51.0 -49.5 -49.5 -50.5 -51.0 -51.5 -52.5 -53.0 -53.5 -53.5 -51.5 -51.5 -52.0 -51.0 -50.5 -50.5 -50.0 -49.5 -50.0 -51.0 -52.0 -52.0 -52.0 -52.0 
1.1780972450961724 1.1167380135807468 1.1658253987930873 1.1719613219446299 1.1903690913992575 1.1903690913992575 1.1903690913992575 1.1903690913992575 1.0737865515199487 1.2087768608538851 1.1903690913992575 1.184233168247715 1.2026409377023426 1.2210487071569704 1.184233168247715 1.1658253987930873 1.1535535524900022 1.0676506283684062 0.9326603190344698 1.012427320004523 1.1351457830353744 1.3130875544301088 1.2946797849754812 1.3989904785517047 1.4848934026733007 1.6260196351587797 1.6382914814618648 1.5830681730979816 1.607611865704152 1.7119225592803755 1.5830681730979816 1.5278448647340985 1.6566992509164924 1.5401167110371838 1.4296700943094176 1.2762720155208536 1.1290098598838318 1.0615147052168636 1.1106020904292042 1.227184630308513 1.3008157081270237 1.380582709097077 1.3989904785517047 1.380582709097077 1.3499030933393643 
-50.0 -50.0 -49.5 -49.5 -50.0 -50.0 -50.0 -50.0 -50.0 -50.0 -50.0 -50.5 -50.0 -50.0 -50.5 -50.5 -50.5 -50.5 -51.5 -51.0 -50.0 -49.5 -49.5 -50.0 -51.0 -51.0 -51.0 -51.0 -51.0 -51.5 -52.5 -51.0 -50.5 -51.0 -51.5 -51.5 -50.5 -50.5 -50.0 -49.5 -50.0 -50.5 -51.0 -50.5 -50.5 
1.423534171157875 1.4726215563702154 1.4603497100671303 1.5155730184310134 1.5155730184310134 1.509437095279471 1.380582709097077 1.4358060174609601 1.4848934026733007 1.5278448647340985 1.4848934026733007 1.4603497100671303 1.4358060174609601 1.4664856332186729 1.3560390164909069 1.3560390164909069 1.2701360923693108 1.2640001692177683 1.2517283229146832 1.1044661672776617 1.4971652489763858 1.6996507129772904 1.6812429435226628 1.5033011721279284 1.662835174068035 1.8039614065535141 1.8775924843720249 1.945087639038993 1.9819031779482483 2.012582793705961 2.1230294104337273 2.086213871524472 1.9205439464328227 1.8162332528565992 1.9512235621905356 2.055534255766759 1.9880391010997909 1.8285050991596843 1.6260196351587797 1.509437095279471 1.576932249946439 1.5953400194010667 1.6505633277649499 1.6689710972195777 1.6751070203711202 1.6505633277649499 
-50.5 -50.0 -50.0 -50.5 -50.0 -50.0 -50.0 -50.0 -50.0 -50.0 -50.0 -50.0 -50.0 -50.0 -50.0 -49.5 -49.5 -49.5 -50.0 -51.0 -51.5 -49.0 -47.5 -48.5 -50.0 -49.0 -49.5 -49.0 -49.0 -49.5 -50.5 -51.5 -51.5 -48.5 -48.0 -50.5 -51.0 -51.5 -52.0 -51.0 -50.0 -49.5 -50.0 -49.5 -49.5 -50.0 
1.8775924843720249 1.8714565612204823 1.8714565612204823 1.9082721001297376 1.902136176978195 1.88986433067511 1.8960002538266525 1.88986433067511 1.8775924843720249 1.9144080232812801 1.9144080232812801 1.8285050991596843 1.88986433067511 1.8714565612204823 1.8775924843720249 1.7916895602504288 1.7671458676442586 1.718058482431918 1.6689710972195777 1.5892040962495242 1.718058482431918 1.9696313316451632 1.9389517158874505 2.1046216409791 2.116893487282185 2.2027964114037806 2.1782527187976104 2.227340104009951 2.337786720737717 2.405281875404685 2.405281875404685 2.429825568010856 2.442097414313941 2.0923497946760143 2.1905245651006955 2.429825568010856 2.3193789512830896 1.9573594853420782 1.8100973297050567 1.8039614065535141 1.945087639038993 2.024854640009046 2.061670178918302 2.1475731030398975 2.110757564130642 2.116893487282185 
-49.5 -50.0 -50.0 -50.0 -49.5 -49.5 -50.0 -50.0 -50.0 -49.5 -49.5 -49.5 -50.0 -50.0 -49.5 -50.0 -50.0 -49.5 -50.5 -52.0 -52.0 -50.5 -51.0 -52.0 -52.0 -51.5 -50.5 -51.5 -52.0 -52.0 -52.5 -51.5 -52.5 -52.5 -50.0 -51.0 -53.0 -53.0 -52.0 -50.5 -49.0 -49.0 -49.0 -49.5 -49.5 -49.5 
4.896466674930966 4.970097752749477 5.031456984264903 5.019185137961818 4.988505522204105 4.945554060143307 4.847379289718626 4.963961829597935 4.878058905476339 4.914874444385594 4.963961829597935 4.9394181369917645 4.902602598082509 4.92714629068868 5.148039524144211 4.884194828627882 4.914874444385594 4.773748211900116 4.988505522204105 5.896622148632405 5.749359992995383 5.743224069843841 5.209398755659637 5.71868037723767 5.706408530934585 5.841398840268521 5.927301764390117 5.957981380147831 5.982525072754001 6.056156150572511 5.970253226450915 5.927301764390117 5.473243451175968 5.9088939949354895 6.264777537724958 6.215690152512618 5.982525072754001 5.976389149602458 4.614214209960009 4.454680208019902 4.632621979414636 4.988505522204105 4.963961829597935 5.013049214810275 5.049864753719531 
-61.5 -61.0 -61.0 -61.0 -60.5 -61.0 -60.5 -61.0 -60.5 -60.5 -60.5 -60.5 -60.5 -60.5 -60.5 -61.0 -60.0 -61.5 -63.5 -66.0 -61.0 -55.5 -60.5 -59.5 -58.5 -58.0 -57.5 -58.0 -58.5 -58.5 -59.5 -58.0 -58.0 -55.0 -57.0 -60.0 -61.0 -63.0 -67.0 -64.5 -63.0 -62.0 -62.5 -61.5 -62.0 
5.663457068873787 5.675728915176872 5.620505606812989 5.620505606812989 5.66959299202533 5.6143696836614465 5.5714182216006485 5.632777453116074 5.620505606812989 5.632777453116074 5.589825991055276 5.638913376267617 5.64504929941916 5.516194913236766 5.553010452146021 5.522330836388308 5.485515297479052 5.43029198911517 5.485515297479052 5.93343768754166 5.405748296509 3.6201946594101133 0.5154175447295755 5.964117303299373 0.18407769454627693 0.04908738521234052 0.12885438618239387 0.07976700097005335 0.2699806186678728 0.07363107781851078 0.030679615757712823 0.2945243112740431 5.706408530934585 6.270913460876501 6.17273869045182 6.037748381117884 5.884350302329319 5.301437602932776 5.424156065963627 5.595961914206819 5.663457068873787 5.773903685601553 5.638913376267617 5.663457068873787 
-61.0 -59.5 -59.5 -60.0 -60.0 -60.0 -60.5 -60.5 -60.5 -60.5 -60.0 -59.5 -60.0 -60.5 -60.5 -60.0 -61.5 -59.0 -60.5 -59.0 -59.5 -67.0 -63.0 -61.5 -63.5 -61.0 -61.5 -62.0 -64.0 -66.5 -65.0 -67.5 -64.5 -61.5 -65.0 -65.0 -66.0 -64.0 -60.5 -59.0 -58.5 -59.0 -58.5 -59.0 
