4.28287435977671 4.3933209765044765 4.295146206079795 4.460816131171445 4.411728745959104 4.3503695144436785 4.700117134081604 4.362641360746763 4.4362724385652745 4.368777283898306 4.577398671050753 4.368777283898306 4.362641360746763 4.417864669110647 4.381049130201391 4.417864669110647 4.399456899656019 4.454680208019902 4.3503695144436785 4.3074180523828804 4.0128937411088375 4.147884050442774 4.218447166685513 4.479223900626073 1.1259418983080607 4.086524818927348 3.822680123411018 3.5465635815916023 3.06182565261974 3.2090878082567613 3.8840393549264434 5.006913291658733 5.270757987175063 3.11091303783208 3.454524734318464 3.6263305825616556 0.8283496254582462 3.7551849687440497 3.9944859716542096 4.399456899656019 
-62.5 -62.0 -62.5 -62.5 -62.0 -62.5 -62.0 -62.5 -63.0 -62.0 -62.5 -63.0 -62.0 -62.5 -62.5 -63.0 -62.0 -62.5 -62.5 -62.5 -65.0 -66.5 -68.5 -65.5 -64.5 -63.5 -68.0 -65.5 -64.5 -64.5 -66.0 -66.0 -66.0 -67.0 -68.0 -66.0 -67.0 -64.0 -61.5 -63.0 
2.724349879284899 2.761165418194154 2.779573187648782 2.859340188618835 2.779573187648782 2.779573187648782 2.779573187648782 2.791845033951867 2.7979809571034093 2.84706834231575 2.8102528034064944 2.834796496012665 2.791845033951867 2.84706834231575 2.761165418194154 2.779573187648782 2.748893571891069 2.773437264497239 2.791845033951867 2.7120780329818137 2.705942109830271 2.6691265709210157 2.6875343403756435 2.859340188618835 2.9697868053466014 0.07669903939428206 0.2086213871524472 3.442252888015379 2.9513790358919736 3.0802334220743677 3.3011266555298997 3.104777114680538 3.160000423044421 3.1661363461959633 3.147728576741336 2.5954954931025047 3.215223731408304 3.227495577711389 2.466641106920111 2.3071071049800045 2.6016314162540475 2.8838838812250054 2.8777479580734626 2.8286605728611223 2.9145634969827183 2.7550294950426117 2.8961557275280905 2.742757648739526 2.6139032625571326 
-59.0 -59.5 -59.0 -59.0 -59.0 -59.0 -58.0 -58.5 -59.0 -59.0 -59.0 -59.0 -59.0 -59.0 -58.5 -58.0 -59.0 -58.0 -58.5 -59.0 -60.0 -60.5 -61.5 -62.0 -60.5 -58.5 -58.5 -58.5 -59.0 -63.5 -64.5 -63.5 -63.0 -63.0 -63.5 -65.5 -63.0 -64.5 -62.0 -61.0 -60.0 -60.5 -61.0 -61.0 -60.0 -59.5 -59.0 -58.5 -59.0 
2.1537090261914402 2.12916533358527 2.12916533358527 2.141437179888355 2.1598449493429825 2.1966604882522383 2.1537090261914402 2.2641556429192065 2.1966604882522383 2.2396119503130363 2.184388641949153 2.1659808724945253 2.1905245651006955 2.1782527187976104 2.12916533358527 2.1659808724945253 2.1659808724945253 2.141437179888355 2.0923497946760143 1.9266798695843652 1.7732817907958012 1.6935147898257479 1.6873788666742053 1.7119225592803755 1.6689710972195777 1.6352235198860934 1.4266021327336462 1.4173982480063325 1.7119225592803755 1.8530487917658545 1.6935147898257479 1.3437671701878218 1.945087639038993 1.7426021750380885 1.6812429435226628 1.7119225592803755 1.902136176978195 2.1537090261914402 0.7731263170943632 0.7853981633974483 0.8099418560036186 1.607611865704152 1.8162332528565992 1.9880391010997909 2.12916533358527 2.0923497946760143 2.024854640009046 1.859184714917397 1.88986433067511 1.902136176978195 2.061670178918302 2.061670178918302 
-52.0 -52.0 -52.0 -52.5 -52.5 -52.0 -52.5 -52.5 -52.5 -52.5 -53.0 -52.5 -52.5 -52.5 -52.5 -52.5 -52.0 -51.5 -51.0 -51.5 -53.5 -54.5 -54.0 -53.5 -54.0 -55.5 -56.0 -57.0 -56.0 -53.5 -54.5 -62.5 -56.0 -55.5 -55.0 -55.0 -57.0 -61.5 -67.0 -60.5 -60.0 -59.5 -56.5 -54.5 -55.0 -56.0 -56.5 -54.5 -53.5 -52.5 -52.0 -51.5 
1.5830681730979816 1.6137477888556946 1.6444274046134073 1.6444274046134073 1.6873788666742053 1.6812429435226628 1.6935147898257479 1.6812429435226628 1.718058482431918 1.736466251886546 1.6751070203711202 1.6996507129772904 1.6689710972195777 1.6812429435226628 1.6812429435226628 1.6689710972195777 1.6505633277649499 1.6321555583103222 1.564660403643354 1.3560390164909069 1.086058397823034 0.9633399347921826 1.0185632431560658 1.086058397823034 1.0983302441261191 1.0921943209745766 4.322757860261737 1.239456476611598 1.5401167110371838 1.4787574795217582 1.3130875544301088 1.7548740213411735 1.5278448647340985 1.5033011721279284 1.662835174068035 1.607611865704152 1.5585244804918115 1.6382914814618648 1.8346410223112268 2.030990563160589 1.5462526341887264 1.705786636128833 1.7794177139473437 1.859184714917397 1.6935147898257479 1.5830681730979816 1.423534171157875 1.2701360923693108 1.2885438618239387 1.337631247036279 1.3560390164909069 1.5401167110371838 
-52.0 -51.5 -51.5 -51.0 -51.5 -51.0 -51.0 -51.5 -51.5 -51.0 -51.5 -51.5 -51.0 -51.5 -51.5 -51.0 -51.5 -51.5 -51.5 -51.5 -53.5 -55.5 -55.0 -55.0 -54.5 -54.5 -54.0 -54.0 -53.0 -51.5 -53.0 -54.0 -53.5 -55.0 -54.0 -54.0 -55.0 -52.5 -52.0 -56.5 -60.5 -59.5 -58.0 -55.5 -56.5 -56.5 -56.5 -55.0 -53.0 -52.0 -51.5 -51.5 
1.6137477888556946 1.6321555583103222 1.6566992509164924 1.6996507129772904 1.7119225592803755 1.736466251886546 1.736466251886546 1.7548740213411735 1.7548740213411735 1.7548740213411735 1.748738098189631 1.736466251886546 1.7241944055834606 1.705786636128833 1.6996507129772904 1.7119225592803755 1.718058482431918 1.7241944055834606 1.6935147898257479 1.5278448647340985 1.2026409377023426 0.760854470791278 0.7424467013366504 2.0371264863121317 1.6996507129772904 1.6198837120072371 1.6198837120072371 1.7088545977046044 1.0062913968529805 1.6444274046134073 1.607611865704152 1.1719613219446299 1.736466251886546 0.09817477042468103 6.258641614573416 2.705942109830271 2.9268353432858034 4.135612204139688 2.2089323345553233 1.6935147898257479 1.6812429435226628 2.2580197197676637 2.6323110320117604 2.6445828783148455 0.6749515466696822 0.9019807032767571 1.2640001692177683 1.564660403643354 1.5953400194010667 
-53.5 -53.5 -53.0 -53.0 -53.0 -53.0 -53.0 -52.5 -53.0 -52.5 -53.0 -53.0 -53.0 -53.0 -53.5 -53.0 -53.0 -53.0 -53.5 -54.0 -54.5 -57.5 -64.0 -64.5 -61.0 -61.0 -57.0 -58.5 -59.0 -58.0 -58.5 -63.0 -64.0 -59.0 -69.5 -66.0 -64.5 -64.0 -56.0 -56.0 -57.0 -57.5 -58.5 -68.5 -60.5 -57.5 -55.5 -54.5 -54.0 
2.067806102069844 2.000310947402876 2.086213871524472 2.116893487282185 2.1353012567368124 2.1230294104337273 2.116893487282185 2.1598449493429825 2.116893487282185 2.0923497946760143 2.12916533358527 2.0800779483729293 2.1537090261914402 2.098485717827557 2.098485717827557 2.1230294104337273 2.0800779483729293 2.067806102069844 1.9757672547967058 1.7794177139473437 1.6444274046134073 1.8530487917658545 2.2334760271614935 2.337786720737717 2.350058567040802 2.000310947402876 2.0493983326152168 2.030990563160589 2.2150682577068657 2.405281875404685 2.5341362615870793 2.521864415283994 2.6875343403756435 2.4727770300716534 2.3623304133438876 2.337786720737717 2.5770877236478773 2.7857091108003242 2.6384469551633027 2.5280003384355365 2.1659808724945253 2.337786720737717 2.497320722677824 2.6998061866787286 2.761165418194154 2.4175537217077703 2.2518837966161214 2.000310947402876 1.902136176978195 1.8653206380689396 2.018718716857504 1.9696313316451632 
-52.0 -51.5 -51.5 -51.0 -52.0 -51.5 -51.5 -51.5 -52.0 -52.0 -51.5 -51.5 -51.5 -51.5 -51.5 -52.0 -51.5 -52.0 -52.0 -54.0 -58.0 -59.0 -58.0 -58.5 -56.5 -56.0 -55.5 -55.0 -54.5 -54.0 -54.0 -55.5 -54.0 -52.5 -53.5 -53.5 -53.0 -52.5 -53.0 -53.0 -54.5 -55.5 -53.0 -53.0 -55.5 -57.5 -58.0 -57.5 -56.5 -54.0 -53.0 -52.0 
6.068427996875596 6.178874613603362 5.976389149602458 5.902758071783947 6.105243535784852 5.976389149602458 5.945709533844745 6.056156150572511 5.970253226450915 6.025476534814799 5.976389149602458 5.927301764390117 5.878214379177777 5.994796919057086 6.111379458936394 5.939573610693203 5.872078456026235 5.8475347634200645 5.816855147662351 5.921165841238575 0.25157284921324513 6.258641614573416 0.6688156235181395 0.3436116964863836 0.803805932852076 0.760854470791278 5.688000761479957 5.6573211457222445 4.693981210930062 5.5714182216006485 5.730952223540755 5.982525072754001 1.3499030933393643 1.1351457830353744 0.09817477042468103 5.853670686571607 5.289165756629691 5.092816215780329 0.5154175447295755 0.6872233929727672 1.1290098598838318 0.04908738521234052 0.2761165418194154 0.4111068511533518 0.2699806186678728 
-63.0 -62.5 -63.0 -61.5 -62.5 -63.0 -62.0 -61.0 -62.0 -62.0 -62.5 -62.0 -62.5 -61.5 -62.5 -63.0 -62.5 -62.0 -62.0 -63.5 -65.5 -67.5 -64.0 -62.5 -68.5 -62.0 -63.5 -62.0 -63.0 -58.5 -66.5 -69.0 -65.5 -67.0 -63.5 -61.0 -61.0 -63.0 -62.5 -60.0 -60.0 -62.5 -61.0 -61.5 -64.5 
6.2463697682703305 6.258641614573416 6.2463697682703305 0.0 6.270913460876501 6.264777537724958 6.264777537724958 6.2463697682703305 0.0 6.277049384028044 6.258641614573416 6.252505691421874 6.277049384028044 0.018407769454627694 6.258641614573416 0.04295146206079795 6.252505691421874 0.01227184630308513 0.018407769454627694 0.006135923151542565 6.234097921967246 0.16566992509164924 0.18407769454627693 0.5767767762450011 0.3374757733348411 0.1564660403643354 0.3190680038802134 0.5031456984264903 0.8344855486097889 0.5031456984264903 0.5583690067903734 0.619728238305799 0.7669903939428205 0.7363107781851077 0.5951845456996288 0.4356505437595221 0.5890486225480862 0.5092816215780329 0.32520392703175593 0.2945243112740431 0.3313398501832985 0.28838838812250056 0.5092816215780329 0.8222137023067037 0.5276893910326605 0.15339807878856412 0.2699806186678728 0.0859029241215959 6.258641614573416 6.258641614573416 6.258641614573416 0.01227184630308513 
-56.0 -55.5 -55.5 -55.0 -55.0 -56.0 -55.5 -55.5 -55.5 -56.0 -55.5 -55.5 -56.5 -56.0 -55.5 -55.5 -55.5 -55.5 -56.0 -56.0 -58.5 -59.0 -60.5 -61.0 -59.0 -60.5 -62.5 -61.0 -59.0 -58.5 -60.5 -60.0 -61.0 -60.0 -59.0 -58.5 -57.5 -56.0 -57.5 -59.5 -60.0 -59.5 -58.5 -59.5 -62.0 -59.0 -58.0 -58.0 -57.0 -57.5 -55.5 -55.5 
