4.565126824747668 4.276738436625168 4.252194744018997 4.313553975534423 4.252194744018997 4.3503695144436785 4.411728745959104 4.528311285838413 4.442408361716817 4.516039439535327 4.675573441475434 4.626486056263094 4.583534594202296 4.577398671050753 4.246058820867455 3.06182565261974 5.056000676871073 3.8288160465625602 6.074563920027139 3.5895150436524004 3.847223816017188 3.436116964863836 3.5588354278946874 4.460816131171445 5.227806525114265 5.491651220630596 5.111223985234957 5.135767677841127 0.5890486225480862 3.54042765844006 3.423845118560751 3.822680123411018 3.877903431774901 4.227651051412827 4.289010282928253 
-62.5 -63.0 -62.0 -63.0 -62.5 -62.0 -62.5 -63.0 -62.5 -63.0 -63.0 -63.5 -63.5 -64.0 -63.5 -68.5 -75.5 -67.0 -64.5 -66.5 -67.5 -64.0 -65.0 -66.5 -64.0 -64.0 -69.5 -75.0 -74.5 -69.0 -66.5 -65.0 -65.0 -63.0 -63.0 
2.4911847995262812 2.429825568010856 2.466641106920111 2.411417798556228 2.5157284921324514 2.3930100291016 2.4850488763747385 2.5464081078901644 2.521864415283994 2.564815877344792 2.5402721847386216 2.6139032625571326 2.5709518004963345 2.6139032625571326 2.564815877344792 2.5954954931025047 2.435961491162398 2.742757648739526 2.36846633649543 2.6998061866787286 2.773437264497239 3.031146036862027 3.1231848841351653 3.117048960983623 3.32567034813607 3.098641191528995 2.675262494072558 3.1354567304382504 3.2949907323783574 3.3502140407422405 3.2336315008629315 3.1968159619536762 3.0250101137104846 2.7120780329818137 3.2029518851052186 2.9697868053466014 2.6568547246179306 2.6384469551633027 2.6813984172241008 2.60776733940559 2.521864415283994 2.521864415283994 2.718213956133356 2.6016314162540475 2.5893595699509624 2.6261751088602177 2.6691265709210157 2.6568547246179306 
-59.5 -59.0 -59.5 -59.0 -59.0 -59.5 -59.0 -59.0 -59.0 -58.5 -59.0 -59.0 -58.5 -58.5 -59.5 -59.5 -60.5 -62.5 -64.0 -63.5 -63.5 -60.5 -59.5 -59.0 -59.0 -59.5 -60.5 -63.5 -63.0 -64.0 -63.0 -64.0 -64.0 -65.0 -64.5 -65.0 -63.5 -62.5 -62.5 -62.5 -62.5 -61.5 -61.0 -60.0 -60.0 -59.0 -59.0 -58.5 
2.030990563160589 2.018718716857504 2.043262409463674 2.0371264863121317 2.0493983326152168 2.0371264863121317 2.055534255766759 2.061670178918302 2.0923497946760143 2.086213871524472 2.0800779483729293 2.073942025221387 2.043262409463674 1.9880391010997909 1.9082721001297376 1.705786636128833 1.564660403643354 1.5401167110371838 1.3989904785517047 1.380582709097077 1.4051264017032472 1.4726215563702154 1.6260196351587797 1.7241944055834606 1.7732817907958012 1.859184714917397 1.88986433067511 1.748738098189631 1.4173982480063325 1.88986433067511 2.0064468705544187 1.7732817907958012 1.7426021750380885 1.761009944492716 1.8346410223112268 1.9144080232812801 1.2701360923693108 0.42337869745643697 0.20248546400090464 0.5767767762450011 1.1351457830353744 1.5707963267948966 1.8714565612204823 1.9573594853420782 1.9389517158874505 1.846912868614312 1.7671458676442586 1.7732817907958012 1.859184714917397 1.902136176978195 1.9144080232812801 2.018718716857504 
-51.5 -51.5 -52.0 -51.5 -51.5 -51.5 -51.5 -51.5 -51.0 -51.5 -51.5 -52.0 -52.0 -51.5 -51.5 -52.0 -53.5 -55.5 -56.5 -55.5 -54.5 -54.5 -54.0 -53.5 -56.5 -54.5 -52.0 -51.5 -56.5 -57.5 -53.0 -54.0 -54.5 -55.0 -56.0 -58.5 -63.5 -64.0 -61.5 -63.0 -61.5 -56.5 -55.5 -56.0 -58.0 -58.5 -57.5 -55.5 -53.5 -53.0 -53.5 -52.5 
1.3928545554001621 1.380582709097077 1.41126232485479 1.4173982480063325 1.423534171157875 1.4480778637640452 1.4848934026733007 1.4480778637640452 1.4173982480063325 1.4726215563702154 1.4480778637640452 1.4419419406125027 1.423534171157875 1.380582709097077 1.3314953238847365 1.2210487071569704 1.0492428589137786 1.0062913968529805 1.0369710126106935 0.803805932852076 0.8774370106705868 0.8835729338221293 0.9633399347921826 1.1474176293384597 1.380582709097077 1.6505633277649499 1.6873788666742053 1.5278448647340985 1.214912784005428 1.705786636128833 1.5830681730979816 1.3437671701878218 1.4664856332186729 1.4848934026733007 1.533980787885641 1.6014759425526093 1.6321555583103222 1.8530487917658545 1.6873788666742053 1.4358060174609601 1.5155730184310134 1.4971652489763858 1.552388557340269 1.5155730184310134 1.423534171157875 1.3192234775816514 1.214912784005428 1.1228739367322893 1.2087768608538851 1.227184630308513 1.3069516312785663 1.368310862793992 
-51.5 -51.5 -51.5 -51.5 -51.5 -52.0 -51.5 -52.0 -52.0 -52.0 -51.5 -52.0 -52.0 -51.5 -51.5 -52.0 -53.5 -56.5 -57.0 -56.5 -56.0 -55.0 -53.0 -51.5 -51.5 -51.5 -50.5 -51.0 -54.5 -55.0 -53.0 -54.5 -55.5 -55.0 -54.5 -53.0 -51.5 -53.0 -58.0 -62.0 -61.5 -59.5 -59.0 -58.0 -58.5 -58.0 -56.5 -55.5 -54.0 -53.5 -53.5 -53.0 
1.3314953238847365 1.3069516312785663 1.3560390164909069 1.337631247036279 1.2640001692177683 1.3621749396424494 1.325359400733194 1.3008157081270237 1.3744467859455345 1.3437671701878218 1.3867186322486196 1.3314953238847365 1.3621749396424494 1.3008157081270237 1.2333205534600555 1.0369710126106935 0.6688156235181395 0.4295146206079795 2.1230294104337273 1.8530487917658545 1.5892040962495242 1.7241944055834606 1.5953400194010667 1.8407769454627694 0.9265243958829272 1.1106020904292042 1.3192234775816514 1.4358060174609601 1.564660403643354 1.368310862793992 0.4111068511533518 0.28225246497095796 3.0127382674073995 3.098641191528995 3.706097583531709 1.4296700943094176 1.576932249946439 1.3744467859455345 1.9757672547967058 2.478912953223196 2.724349879284899 0.22089323345553233 0.11658253987930872 0.2454369260617026 0.5645049299419159 0.803805932852076 0.9019807032767571 1.0246991663076084 
-54.0 -54.0 -53.5 -54.0 -54.0 -54.0 -54.0 -54.0 -54.0 -54.0 -54.0 -54.0 -54.0 -54.5 -54.5 -54.5 -56.5 -61.0 -64.0 -62.5 -61.5 -59.0 -57.5 -57.5 -62.0 -58.5 -58.0 -59.5 -62.5 -59.5 -57.5 -69.5 -68.5 -67.0 -66.0 -69.0 -59.5 -59.0 -58.0 -59.5 -63.0 -67.5 -64.5 -61.5 -59.5 -59.0 -58.0 -58.0 
1.8530487917658545 1.846912868614312 1.8837284075235674 1.9082721001297376 1.8837284075235674 1.9205439464328227 1.8960002538266525 1.9082721001297376 1.8960002538266525 1.902136176978195 1.902136176978195 1.88986433067511 1.8653206380689396 1.8653206380689396 1.7732817907958012 1.607611865704152 1.5953400194010667 1.9389517158874505 2.1659808724945253 2.184388641949153 2.1782527187976104 1.9880391010997909 1.932815792735908 1.9880391010997909 2.073942025221387 2.1782527187976104 2.172116795646068 2.2150682577068657 2.337786720737717 2.454369260617026 2.7550294950426117 2.5893595699509624 2.466641106920111 2.4911847995262812 2.60776733940559 2.742757648739526 2.804116880254952 2.6875343403756435 2.3746022596469727 2.356194490192345 2.4605051837685683 2.6384469551633027 2.730485802436441 2.6813984172241008 2.5157284921324514 2.3439226438892597 2.067806102069844 2.030990563160589 1.9389517158874505 1.9389517158874505 1.8775924843720249 1.9389517158874505 
-53.0 -52.5 -53.0 -53.0 -52.5 -53.0 -52.5 -52.5 -53.0 -53.0 -53.0 -53.0 -53.5 -53.0 -53.5 -55.0 -56.5 -59.5 -59.0 -59.0 -58.0 -56.5 -55.5 -54.5 -54.0 -54.0 -53.5 -54.5 -54.5 -56.0 -54.0 -52.0 -52.0 -52.5 -53.0 -52.0 -52.5 -52.5 -55.5 -57.0 -54.5 -54.0 -55.0 -57.0 -57.5 -58.0 -58.5 -58.5 -57.0 -57.5 -57.0 -56.0 
6.0991076126333095 6.178874613603362 6.14819499784565 6.209554229361076 6.062292073724054 6.111379458936394 6.080699843178682 6.14819499784565 6.129787228391022 6.025476534814799 6.092971689481767 6.135923151542564 6.092971689481767 6.17273869045182 6.12365130523948 6.2034183062095325 6.258641614573416 0.6135923151542565 0.4663301595172349 0.47860200582032003 0.7485826244881929 0.2945243112740431 5.540738605842936 5.620505606812989 5.994796919057086 5.338253141842031 5.6941366846315 5.737088146692298 5.47937937432751 5.638913376267617 5.516194913236766 5.688000761479957 1.0921943209745766 0.37429131224409645 6.025476534814799 4.448544284868359 6.111379458936394 0.25157284921324513 0.760854470791278 0.5460971604872883 0.37429131224409645 0.48473792897186263 0.5092816215780329 0.3129320807286708 0.6013204688511713 0.521553467881118 0.18407769454627693 0.030679615757712823 6.258641614573416 
-61.0 -60.5 -60.5 -61.0 -61.0 -61.0 -61.0 -61.0 -61.0 -61.0 -61.0 -61.0 -60.0 -61.5 -61.5 -62.0 -65.0 -63.5 -62.5 -67.5 -61.5 -62.5 -61.5 -60.0 -65.0 -62.0 -61.5 -59.5 -59.5 -63.0 -63.0 -66.0 -66.5 -65.5 -63.5 -63.5 -64.0 -62.5 -61.0 -63.0 -61.0 -61.0 -61.5 -62.5 -64.0 -64.5 -62.5 -63.5 -63.0 
5.988660995905543 6.068427996875596 6.050020227420969 6.080699843178682 6.043884304269426 6.0991076126333095 6.056156150572511 6.062292073724054 6.160466844148735 6.111379458936394 6.105243535784852 6.043884304269426 6.14819499784565 6.086835766330224 6.154330920997192 6.086835766330224 6.160466844148735 0.3436116964863836 0.25157284921324513 0.4970097752749477 0.5092816215780329 0.14726215563702155 0.28225246497095796 0.30679615757712825 0.3620194659410113 0.42337869745643697 0.4172427743048944 0.44178646691106466 0.8099418560036186 4.049709280018092 0.7669903939428205 0.662679700366597 0.6258641614573416 0.5951845456996288 0.5399612373357456 0.4663301595172349 0.39269908169872414 0.48473792897186263 0.30066023442558565 0.4540583132141498 0.6872233929727672 0.662679700366597 0.4479223900626072 0.35588354278946877 0.35588354278946877 0.2086213871524472 0.14726215563702155 0.11658253987930872 0.030679615757712823 0.006135923151542565 6.252505691421874 
-56.0 -56.0 -55.5 -56.0 -55.5 -56.0 -56.0 -55.5 -56.0 -56.0 -55.5 -56.0 -55.5 -56.0 -56.0 -56.5 -58.0 -59.5 -61.0 -63.5 -60.0 -60.0 -60.5 -61.5 -61.5 -59.5 -59.5 -60.5 -68.0 -66.0 -62.5 -60.5 -59.5 -59.0 -57.0 -57.5 -58.0 -63.0 -60.5 -59.0 -58.5 -61.5 -60.5 -59.5 -58.5 -58.5 -58.0 -58.5 -58.0 -57.0 -57.0 
