4.822835597112456 4.862719097597482 4.700117134081604 4.773748211900116 4.626486056263094 4.491495746929157 4.491495746929157 4.442408361716817 4.0558452031696355 4.331961744989051 3.8840393549264434 3.56497135104623 0.5645049299419159 0.02454369260617026 5.602097837358362 5.743224069843841 5.534602682691394 5.5284667595398505 5.473243451175968 1.227184630308513 3.8410878928656453 4.000621894805752 4.239922897715912 4.28287435977671 
-64.0 -64.0 -63.5 -63.5 -63.0 -62.0 -62.0 -61.5 -61.5 -63.5 -66.0 -67.0 -69.0 -65.5 -68.5 -72.5 -71.0 -71.0 -70.5 -67.5 -63.0 -62.5 -63.0 -62.5 
3.3195344249845276 3.227495577711389 0.21475731030398976 3.1968159619536762 0.24236896448593132 3.2765829629237295 3.2336315008629315 3.3624858870453256 3.2336315008629315 3.2704470397721868 3.3072625786814425 0.10737865515199488 3.2704470397721868 0.12578642460662257 3.1231848841351653 3.117048960983623 3.1231848841351653 3.000466421104314 2.9391071895888885 2.8102528034064944 2.8532042654672924 2.748893571891069 2.767301341345697 2.773437264497239 2.834796496012665 2.8532042654672924 2.791845033951867 2.6691265709210157 2.4605051837685683 2.9575149590435164 2.773437264497239 2.521864415283994 2.3930100291016 2.5893595699509624 2.6691265709210157 3.000466421104314 2.442097414313941 2.662990647769473 5.964117303299373 2.098485717827557 2.2518837966161214 2.6998061866787286 2.705942109830271 3.104777114680538 3.1906800388021335 3.031146036862027 2.804116880254952 2.730485802436441 2.8102528034064944 3.172272269347506 3.3440781175906977 3.3011266555298997 3.215223731408304 
-60.0 -59.0 -61.0 -59.0 -61.0 -59.5 -59.0 -60.0 -60.0 -60.0 -60.0 -61.0 -58.0 -61.0 -58.0 -59.0 -58.5 -59.0 -59.0 -59.0 -59.0 -59.5 -59.0 -59.0 -58.5 -58.0 -57.0 -57.0 -58.0 -65.5 -63.5 -62.0 -63.5 -65.5 -65.0 -66.0 -65.5 -66.0 -66.5 -65.0 -63.5 -61.0 -60.5 -62.5 -62.0 -62.5 -62.0 -61.5 -62.0 -61.5 -61.5 -61.5 -62.0 
2.3930100291016 2.36846633649543 2.383806144374286 2.405281875404685 2.3746022596469727 2.36846633649543 2.3746022596469727 2.405281875404685 2.380738182798515 2.325514874434632 2.3623304133438876 2.3439226438892597 2.337786720737717 5.4579036432971115 2.3623304133438876 2.313243028131547 2.2396119503130363 2.086213871524472 2.0064468705544187 1.8407769454627694 1.6505633277649499 1.8714565612204823 1.9941750242513334 1.9512235621905356 1.9082721001297376 1.6873788666742053 1.5401167110371838 1.5278448647340985 1.4726215563702154 1.41126232485479 1.4726215563702154 1.3867186322486196 1.7916895602504288 2.172116795646068 2.270291566070749 2.1966604882522383 2.110757564130642 2.030990563160589 1.8223691760081417 1.8223691760081417 1.8714565612204823 1.846912868614312 1.8530487917658545 1.7548740213411735 1.718058482431918 1.3437671701878218 0.803805932852076 0.6810874698212247 0.619728238305799 1.2640001692177683 1.6014759425526093 1.7916895602504288 1.7916895602504288 1.8714565612204823 2.024854640009046 
-53.5 -53.5 -54.0 -54.0 -54.5 -53.5 -54.5 -54.5 -53.5 -54.0 -52.5 -53.0 -52.5 -53.0 -53.0 -52.5 -52.5 -52.0 -52.0 -53.5 -55.5 -56.5 -56.5 -55.0 -56.0 -57.5 -57.0 -55.0 -53.5 -53.5 -54.0 -58.0 -62.0 -59.0 -57.0 -56.5 -57.5 -58.0 -58.0 -57.0 -56.5 -56.0 -56.5 -60.0 -61.5 -63.5 -60.0 -57.0 -58.5 -61.0 -59.0 -56.0 -55.5 -52.5 -51.5 
2.0064468705544187 1.9880391010997909 1.9512235621905356 1.9389517158874505 1.923611908008594 1.9144080232812801 1.9205439464328227 2.024854640009046 1.9880391010997909 1.9634954084936207 1.945087639038993 1.8990682154024239 1.8653206380689396 1.8561167533416258 1.88986433067511 1.8285050991596843 1.8039614065535141 1.6198837120072371 1.5462526341887264 1.2455923997631406 1.184233168247715 1.2210487071569704 1.325359400733194 1.3499030933393643 1.2762720155208536 1.2640001692177683 1.3499030933393643 1.3314953238847365 1.282407938672396 1.3499030933393643 1.2333205534600555 1.576932249946439 1.9941750242513334 2.141437179888355 2.067806102069844 1.7916895602504288 1.6812429435226628 1.5033011721279284 1.3621749396424494 1.380582709097077 1.380582709097077 1.368310862793992 1.3867186322486196 1.6689710972195777 1.6873788666742053 1.6873788666742053 1.4726215563702154 1.3560390164909069 1.239456476611598 1.3069516312785663 1.3437671701878218 1.3928545554001621 1.4664856332186729 1.4971652489763858 1.6137477888556946 
-51.0 -51.0 -51.5 -51.0 -51.5 -50.5 -51.0 -51.0 -51.0 -51.0 -51.0 -51.5 -51.5 -51.5 -51.0 -50.5 -51.0 -51.0 -51.5 -52.0 -53.5 -54.5 -54.0 -54.5 -54.0 -54.0 -54.0 -53.5 -53.5 -55.0 -57.0 -58.0 -57.0 -54.5 -53.5 -54.5 -55.0 -55.5 -55.0 -54.5 -53.5 -53.5 -55.0 -55.5 -55.0 -55.0 -55.5 -56.5 -57.5 -57.5 -55.0 -53.5 -52.5 -51.5 -51.0 
1.8100973297050567 1.8837284075235674 1.8039614065535141 1.7763497523715726 1.8100973297050567 4.914874444385594 1.7916895602504288 1.7794177139473437 1.8100973297050567 1.7978254834019713 1.8653206380689396 1.7732817907958012 4.896466674930966 1.7916895602504288 1.748738098189631 1.761009944492716 1.705786636128833 1.6873788666742053 1.5401167110371838 1.3928545554001621 1.000155473701438 0.7547185476397354 1.1965050145508 1.4419419406125027 1.748738098189631 2.2150682577068657 1.945087639038993 1.932815792735908 2.000310947402876 2.12916533358527 2.36846633649543 2.4727770300716534 2.2150682577068657 1.7119225592803755 0.9510680884890975 0.6381360077604268 0.5092816215780329 0.6013204688511713 0.8160777791551611 0.9081166264282996 1.0369710126106935 1.0185632431560658 1.1719613219446299 0.07976700097005335 6.086835766330224 6.105243535784852 6.209554229361076 5.497787143782138 2.2580197197676637 1.5830681730979816 1.1535535524900022 0.8283496254582462 0.9019807032767571 1.1044661672776617 1.4358060174609601 
-54.5 -54.5 -54.0 -55.0 -54.5 -55.0 -54.0 -55.0 -54.5 -55.0 -54.5 -54.0 -54.5 -54.0 -54.5 -54.5 -54.5 -54.5 -55.5 -55.5 -57.0 -59.5 -61.0 -62.0 -63.5 -60.5 -57.0 -57.0 -56.0 -56.0 -56.0 -57.0 -60.5 -64.0 -62.5 -61.5 -63.0 -64.0 -63.5 -62.5 -63.0 -62.0 -65.5 -68.5 -61.0 -58.0 -61.0 -60.0 -59.5 -60.5 -60.5 -61.0 -57.5 -55.5 -55.0 
2.3439226438892597 2.3623304133438876 2.2794954507980627 2.337786720737717 5.427224027539398 2.2580197197676637 2.2334760271614935 2.2764274892222915 2.356194490192345 2.350058567040802 2.2764274892222915 2.270291566070749 2.2948352586769194 2.2518837966161214 2.325514874434632 2.2150682577068657 2.1598449493429825 2.110757564130642 2.0064468705544187 1.8162332528565992 1.9144080232812801 2.141437179888355 2.1782527187976104 2.466641106920111 2.350058567040802 2.2150682577068657 2.2396119503130363 2.337786720737717 2.466641106920111 2.509592568980909 2.5402721847386216 2.521864415283994 2.521864415283994 2.5280003384355365 2.6998061866787286 2.8532042654672924 2.9575149590435164 3.0127382674073995 3.0250101137104846 2.9820586516496865 2.9084275738311756 2.705942109830271 2.859340188618835 2.724349879284899 2.6445828783148455 2.552544031041707 2.3193789512830896 2.380738182798515 2.350058567040802 2.325514874434632 2.1905245651006955 2.1905245651006955 2.018718716857504 1.9266798695843652 1.9696313316451632 
-52.0 -52.0 -52.0 -52.0 -52.0 -51.5 -52.0 -51.5 -51.5 -51.5 -51.5 -52.0 -51.5 -52.0 -51.5 -51.5 -51.5 -51.5 -52.0 -54.5 -58.0 -58.0 -58.0 -57.0 -55.5 -54.5 -54.0 -53.5 -53.0 -52.5 -54.0 -54.5 -56.5 -58.5 -58.5 -57.5 -56.5 -56.0 -55.5 -55.5 -55.5 -55.0 -55.0 -56.5 -56.0 -56.5 -55.5 -54.5 -55.5 -58.5 -57.5 -57.0 -57.0 -54.0 -52.0 
0.5890486225480862 0.14112623248547898 0.15339807878856412 6.264777537724958 6.1850105367549055 0.1595340019401067 0.07363107781851078 0.2086213871524472 0.03681553890925539 6.261709576149188 0.14726215563702155 6.209554229361076 0.12885438618239387 0.30066023442558565 0.39269908169872414 0.35588354278946877 6.086835766330224 0.6258641614573416 0.7547185476397354 6.007068765360171 0.1349903093339364 0.25157284921324513 0.4540583132141498 0.521553467881118 0.5829126993965437 0.3988350048502667 0.02454369260617026 5.5284667595398505 5.141903600992669 5.368932757599744 5.638913376267617 5.792311455056181 5.583690067903734 5.6941366846315 0.4663301595172349 0.5583690067903734 0.3620194659410113 0.2270291566070749 6.050020227420969 5.553010452146021 5.706408530934585 0.4049709280018093 6.264777537724958 5.896622148632405 6.12365130523948 5.988660995905543 
-59.5 -58.5 -59.0 -61.0 -58.5 -59.5 -59.5 -59.0 -60.0 -61.0 -59.0 -61.0 -62.0 -62.0 -62.0 -59.5 -61.5 -63.0 -63.5 -59.5 -57.5 -56.0 -55.5 -56.5 -58.0 -61.0 -64.5 -64.0 -64.0 -64.0 -62.0 -62.5 -64.5 -66.0 -61.5 -60.0 -57.5 -58.0 -60.0 -62.0 -62.5 -60.0 -61.5 -65.0 -63.0 -62.5 
0.21475731030398976 0.05522330836388308 0.12885438618239387 0.04908738521234052 0.11044661672776616 0.039883500485026674 0.1349903093339364 0.04908738521234052 0.14726215563702155 0.1349903093339364 0.1902136176978195 0.11658253987930872 6.277049384028044 5.8475347634200645 0.009203884727313847 0.07976700097005335 0.04295146206079795 0.0859029241215959 0.04908738521234052 0.04908738521234052 0.06135923151542565 0.0674951546669682 6.086835766330224 6.092971689481767 0.2699806186678728 0.7424467013366504 0.6013204688511713 0.4479223900626072 0.4049709280018093 0.1595340019401067 0.5031456984264903 0.35588354278946877 0.6504078540635119 0.4540583132141498 0.6320000846088841 0.4663301595172349 0.8467573949128739 3.7122335066832517 0.22089323345553233 0.25770877236478773 6.111379458936394 0.4908738521234052 0.44178646691106466 0.4172427743048944 0.2638446955163303 0.23316507975861744 0.1043106935762236 0.0674951546669682 6.270913460876501 0.02454369260617026 6.17273869045182 6.160466844148735 6.129787228391022 
-54.0 -54.5 -54.0 -55.0 -54.0 -55.0 -54.0 -54.0 -54.0 -54.5 -54.0 -54.0 -54.5 -53.5 -55.0 -53.5 -54.0 -54.5 -55.0 -55.5 -57.0 -58.0 -58.0 -59.5 -61.5 -60.5 -60.0 -60.5 -60.5 -59.0 -59.5 -60.0 -61.0 -62.0 -66.5 -68.5 -66.0 -70.5 -67.0 -67.5 -68.5 -63.5 -60.5 -60.5 -61.0 -60.5 -61.0 -60.0 -59.0 -58.5 -58.0 -57.0 -56.0 
