4.270602513473625 4.264466590322082 4.1172044346850605 4.190835512503572 4.172427743048944 4.295146206079795 4.331961744989051 4.313553975534423 4.28287435977671 4.289010282928253 4.448544284868359 4.381049130201391 4.4976316700806995 4.3074180523828804 4.270602513473625 3.9944859716542096 3.792000507653305 2.9513790358919736 5.190990986205009 5.638913376267617 5.405748296509 4.871922982324796 4.215379205109742 3.5588354278946874 3.11091303783208 3.1968159619536762 3.2643111166206444 3.650874275167826 4.718524903536232 5.4671075280244255 0.7363107781851077 4.111068511533518 4.313553975534423 4.356505437595221 4.583534594202296 4.583534594202296 
-62.5 -62.5 -62.5 -62.5 -62.5 -62.5 -62.5 -63.0 -62.0 -63.0 -63.0 -62.0 -62.5 -62.5 -62.0 -62.5 -64.0 -69.0 -61.5 -64.5 -61.5 -61.5 -65.5 -64.5 -65.0 -64.0 -63.5 -64.5 -63.5 -64.0 -74.0 -66.5 -64.5 -63.5 -63.0 -62.5 
2.60776733940559 2.552544031041707 2.5586799541932495 2.730485802436441 2.5586799541932495 2.521864415283994 2.6139032625571326 2.509592568980909 2.521864415283994 2.442097414313941 2.5034566458293663 2.466641106920111 2.4727770300716534 2.454369260617026 2.509592568980909 2.5034566458293663 2.5341362615870793 2.5402721847386216 2.7120780329818137 2.730485802436441 2.5770877236478773 2.7979809571034093 3.2459033471660166 4.1172044346850605 3.06182565261974 3.117048960983623 2.816388726558037 2.5280003384355365 3.5895150436524004 3.479068426924634 3.497476196379262 3.3011266555298997 3.055689729468197 3.074097498922825 3.0250101137104846 2.779573187648782 5.583690067903734 5.491651220630596 2.3930100291016 2.6384469551633027 3.0495538063166547 3.0372819600135696 3.1661363461959633 3.2397674240144743 3.1354567304382504 3.2643111166206444 3.2704470397721868 3.2029518851052186 3.227495577711389 
-59.5 -59.0 -59.5 -59.0 -59.5 -59.0 -59.0 -59.5 -59.0 -59.0 -59.5 -59.0 -59.0 -59.0 -59.0 -59.0 -60.5 -61.5 -63.5 -64.5 -64.0 -61.0 -59.0 -60.5 -65.0 -62.0 -61.5 -64.0 -65.5 -62.5 -62.5 -62.0 -61.5 -62.0 -63.5 -64.5 -65.0 -62.0 -61.5 -61.5 -61.5 -60.5 -60.0 -59.5 -60.0 -60.0 -59.5 -58.5 -59.0 
2.110757564130642 2.1598449493429825 2.1046216409791 2.116893487282185 2.0800779483729293 2.116893487282185 2.1230294104337273 2.1475731030398975 2.0923497946760143 2.116893487282185 2.116893487282185 2.1230294104337273 2.110757564130642 2.0800779483729293 2.067806102069844 1.945087639038993 1.7978254834019713 1.5830681730979816 1.533980787885641 1.4542137869155878 1.4603497100671303 1.5830681730979816 1.7978254834019713 1.7732817907958012 1.6321555583103222 1.5462526341887264 1.1780972450961724 1.3499030933393643 1.509437095279471 1.6260196351587797 2.1046216409791 2.000310947402876 1.6137477888556946 1.509437095279471 1.705786636128833 1.718058482431918 1.7794177139473437 1.6812429435226628 1.055378782065321 1.2210487071569704 1.2026409377023426 1.2578642460662257 1.2946797849754812 1.4419419406125027 1.6873788666742053 1.8653206380689396 1.8285050991596843 1.7978254834019713 1.8162332528565992 1.902136176978195 1.9082721001297376 2.0064468705544187 2.1046216409791 
-52.0 -52.0 -52.0 -52.0 -52.0 -52.0 -52.5 -52.0 -52.0 -52.0 -52.0 -51.5 -52.0 -51.5 -51.5 -51.0 -51.5 -55.0 -58.0 -57.0 -55.0 -53.5 -53.5 -55.5 -56.0 -58.0 -57.5 -55.0 -55.0 -60.5 -56.0 -51.0 -52.5 -57.5 -58.0 -56.5 -58.5 -63.5 -64.0 -60.0 -58.0 -58.0 -58.0 -55.0 -54.0 -55.0 -56.0 -56.0 -54.5 -53.5 -53.0 -53.5 -54.0 
1.5892040962495242 1.5707963267948966 1.5585244804918115 1.5892040962495242 1.5892040962495242 1.5892040962495242 1.5830681730979816 1.533980787885641 1.533980787885641 1.5278448647340985 1.509437095279471 1.509437095279471 1.509437095279471 1.4603497100671303 1.4603497100671303 1.368310862793992 1.2333205534600555 1.1596894756415448 1.282407938672396 1.2333205534600555 1.030835089459151 1.030835089459151 1.337631247036279 1.4910293258248433 1.41126232485479 1.4480778637640452 1.5707963267948966 1.6566992509164924 1.7426021750380885 1.607611865704152 1.748738098189631 1.7119225592803755 1.4051264017032472 1.1965050145508 1.6444274046134073 1.7978254834019713 1.8100973297050567 1.8039614065535141 1.6751070203711202 1.3192234775816514 1.1228739367322893 1.0492428589137786 1.1780972450961724 1.337631247036279 1.3867186322486196 1.4051264017032472 1.4296700943094176 1.3130875544301088 1.3744467859455345 1.533980787885641 1.509437095279471 1.6751070203711202 1.6505633277649499 
-51.5 -51.5 -51.5 -51.5 -51.5 -51.5 -51.5 -51.5 -51.5 -51.5 -51.5 -52.0 -51.5 -51.5 -52.0 -51.5 -52.5 -54.5 -56.5 -56.5 -55.5 -54.0 -52.0 -53.0 -54.5 -54.5 -53.5 -53.0 -51.5 -52.5 -53.0 -51.0 -52.5 -56.5 -57.5 -56.0 -55.5 -56.0 -56.5 -58.0 -58.0 -57.5 -58.0 -57.5 -56.5 -57.0 -55.5 -54.5 -54.0 -52.5 -52.5 -53.0 -52.5 
1.4848934026733007 1.4787574795217582 1.4971652489763858 1.4664856332186729 1.4358060174609601 1.4664856332186729 1.4787574795217582 1.3989904785517047 1.4480778637640452 1.4296700943094176 1.3928545554001621 1.3989904785517047 1.4173982480063325 1.3744467859455345 1.337631247036279 1.2210487071569704 0.9694758579437253 0.5338253141842031 0.4049709280018093 2.5280003384355365 1.9696313316451632 1.846912868614312 2.1475731030398975 1.9205439464328227 1.6751070203711202 1.5585244804918115 1.3989904785517047 1.2455923997631406 1.2026409377023426 1.0921943209745766 0.9694758579437253 0.6565437772150544 1.2026409377023426 2.116893487282185 2.012582793705961 1.9512235621905356 2.1046216409791 2.2580197197676637 2.5034566458293663 2.6813984172241008 2.2027964114037806 1.846912868614312 1.662835174068035 2.000310947402876 1.945087639038993 1.368310862793992 0.8283496254582462 0.859029241215959 0.9203884727313847 1.1474176293384597 1.3437671701878218 1.4971652489763858 1.6014759425526093 
-54.0 -54.0 -54.0 -54.0 -53.5 -54.0 -54.5 -54.0 -54.0 -54.0 -54.5 -54.0 -54.0 -54.5 -54.5 -54.5 -55.5 -56.5 -62.5 -66.0 -60.0 -58.5 -56.5 -58.0 -59.5 -60.5 -60.0 -61.0 -61.0 -60.5 -59.5 -59.5 -66.0 -62.0 -60.0 -59.5 -60.0 -60.5 -62.5 -61.5 -60.0 -59.0 -58.5 -58.0 -61.0 -65.5 -61.0 -60.0 -58.5 -57.0 -56.5 -56.0 -56.0 
1.9634954084936207 1.9389517158874505 1.9634954084936207 1.932815792735908 1.9757672547967058 1.9634954084936207 1.945087639038993 1.9573594853420782 1.9389517158874505 1.9144080232812801 1.932815792735908 1.9205439464328227 1.9205439464328227 1.9082721001297376 1.88986433067511 1.8100973297050567 1.7548740213411735 1.7119225592803755 2.2027964114037806 2.4175537217077703 2.350058567040802 2.2886993355253766 2.3316507975861747 2.2580197197676637 2.1782527187976104 2.3930100291016 2.1475731030398975 1.9573594853420782 2.0371264863121317 2.2212041808584084 2.1353012567368124 1.9634954084936207 2.086213871524472 2.509592568980909 2.5893595699509624 2.6568547246179306 2.6261751088602177 2.552544031041707 2.448233337465483 2.2886993355253766 2.1905245651006955 2.227340104009951 2.3193789512830896 2.5709518004963345 2.730485802436441 2.6139032625571326 2.1966604882522383 2.067806102069844 1.8346410223112268 1.8530487917658545 1.7916895602504288 1.9266798695843652 1.945087639038993 
-51.5 -51.5 -51.5 -51.5 -51.5 -52.0 -52.5 -52.0 -52.0 -52.0 -52.0 -52.5 -52.0 -52.0 -52.0 -53.0 -54.5 -58.5 -60.5 -58.0 -57.5 -56.5 -55.0 -55.0 -54.0 -55.5 -58.5 -56.5 -55.0 -54.5 -54.5 -56.0 -58.0 -57.5 -55.5 -55.5 -55.0 -55.0 -54.5 -54.5 -55.0 -56.0 -55.5 -53.5 -55.0 -56.5 -58.5 -59.0 -57.5 -56.0 -54.5 -54.0 -53.5 
0.0 5.927301764390117 6.166602767300278 6.166602767300278 6.178874613603362 6.2034183062095325 6.1850105367549055 5.9088939949354895 6.12365130523948 6.0991076126333095 6.129787228391022 6.080699843178682 6.234097921967246 6.240233845118788 6.17273869045182 6.154330920997192 0.04908738521234052 0.34974761963792617 0.6320000846088841 0.6442719309119693 0.42337869745643697 0.4908738521234052 6.252505691421874 0.04908738521234052 0.1043106935762236 5.884350302329319 5.411884219660542 5.700272607783043 6.019340611663256 5.8045833013592665 5.135767677841127 5.129631754689584 5.074408446325701 5.123495831538041 5.307573526084319 6.129787228391022 0.662679700366597 0.16566992509164924 5.418020142812084 5.608233760509904 6.031612457966341 5.822991070813893 6.111379458936394 5.945709533844745 
-61.5 -61.5 -61.0 -60.5 -61.0 -61.0 -61.5 -61.0 -61.5 -61.5 -61.5 -61.5 -62.0 -62.5 -61.5 -62.5 -63.5 -64.0 -63.0 -61.5 -67.0 -60.0 -58.5 -58.5 -59.0 -71.5 -65.5 -62.5 -61.5 -63.0 -63.0 -62.0 -61.0 -62.5 -62.5 -71.5 -66.0 -66.5 -63.0 -63.0 -64.5 -61.0 -61.0 -61.5 
6.105243535784852 6.111379458936394 6.117515382087937 6.117515382087937 6.191146459906448 6.111379458936394 6.074563920027139 6.117515382087937 6.031612457966341 6.14819499784565 6.080699843178682 6.080699843178682 6.14819499784565 6.105243535784852 6.111379458936394 6.178874613603362 6.1420590746941075 0.006135923151542565 0.20248546400090464 0.2270291566070749 0.5829126993965437 0.2699806186678728 0.21475731030398976 0.030679615757712823 0.02454369260617026 0.3313398501832985 0.7301748550335652 0.22089323345553233 0.06135923151542565 0.4908738521234052 0.5460971604872883 0.7363107781851077 0.44178646691106466 0.5829126993965437 0.4724660826687775 0.5767767762450011 0.5460971604872883 0.5767767762450011 0.6013204688511713 0.47860200582032003 0.4111068511533518 0.3436116964863836 0.3374757733348411 0.5399612373357456 0.4663301595172349 0.07363107781851078 6.270913460876501 0.0674951546669682 6.258641614573416 0.030679615757712823 0.1043106935762236 0.17794177139473438 0.1902136176978195 
-56.0 -56.0 -55.5 -55.5 -56.0 -56.0 -55.5 -56.0 -55.5 -56.0 -56.0 -55.5 -56.0 -56.0 -56.0 -56.5 -57.0 -58.0 -59.5 -60.0 -63.0 -59.0 -58.0 -60.5 -61.0 -59.0 -60.5 -66.0 -65.0 -62.0 -61.0 -64.5 -68.0 -67.5 -65.0 -63.0 -61.5 -59.5 -60.0 -61.5 -63.5 -62.0 -61.5 -60.0 -60.5 -59.5 -58.0 -58.5 -58.0 -57.0 -56.5 -56.0 -56.5 
