5.227806525114265 5.098952138931871 5.0253210611133605 4.957825906446392 4.963961829597935 4.957825906446392 5.123495831538041 5.086680292628786 5.148039524144211 5.043728830567988 5.135767677841127 5.0253210611133605 4.963961829597935 5.141903600992669 4.988505522204105 5.019185137961818 4.865787059173254 4.675573441475434 4.381049130201391 4.049709280018092 4.0558452031696355 3.368621810196868 3.356349963893783 0.030679615757712823 5.798447378207723 4.0987966652304335 1.012427320004523 4.430136515413731 4.921010367537137 5.424156065963627 5.743224069843841 4.331961744989051 
-63.5 -65.0 -65.0 -65.0 -65.5 -66.0 -65.5 -65.5 -65.0 -65.5 -65.5 -65.5 -66.5 -65.5 -65.5 -65.0 -64.5 -63.5 -62.5 -63.0 -64.0 -64.5 -66.0 -63.5 -61.5 -70.5 -72.5 -69.0 -67.5 -68.0 -65.5 -65.0 
3.380893656499953 3.32567034813607 3.3870295796514958 3.368621810196868 3.3440781175906977 3.313398501832985 3.5158839658338894 3.4913402732277192 3.436116964863836 3.472932503773092 3.522019888985432 3.4913402732277192 3.479068426924634 3.423845118560751 3.3011266555298997 3.479068426924634 3.442252888015379 3.3502140407422405 3.215223731408304 2.9084275738311756 2.718213956133356 2.6875343403756435 2.724349879284899 2.6261751088602177 2.429825568010856 2.2580197197676637 2.6200391857086753 3.834951969714103 5.982525072754001 2.693670263527186 2.564815877344792 2.9759227284981438 2.9759227284981438 3.215223731408304 3.454524734318464 3.5588354278946874 3.3379421944391554 3.3502140407422405 2.6200391857086753 2.270291566070749 2.804116880254952 3.6570101983193686 3.436116964863836 2.8654761117703775 0.07363107781851078 3.2888548092268146 3.423845118560751 3.706097583531709 4.09266074207889 3.8717675086233583 3.706097583531709 3.485204350076177 
-61.5 -62.0 -62.0 -62.0 -62.0 -62.0 -61.5 -61.5 -62.0 -62.0 -61.5 -61.0 -61.0 -60.5 -60.5 -61.0 -60.0 -59.0 -59.0 -59.5 -59.0 -59.0 -58.5 -58.5 -59.0 -62.0 -67.5 -64.0 -64.5 -63.0 -63.5 -64.5 -63.5 -63.0 -62.5 -63.0 -63.5 -65.0 -64.0 -62.0 -61.0 -61.5 -62.5 -59.5 -59.0 -57.5 -58.5 -60.5 -60.0 -63.0 -63.0 -62.5 
2.4850488763747385 2.429825568010856 2.442097414313941 2.399145952253143 2.399145952253143 2.380738182798515 2.3439226438892597 2.3439226438892597 2.350058567040802 2.3746022596469727 2.399145952253143 2.356194490192345 2.399145952253143 2.380738182798515 2.3439226438892597 2.3439226438892597 2.325514874434632 2.2518837966161214 2.061670178918302 1.761009944492716 1.662835174068035 1.8285050991596843 1.8162332528565992 1.4910293258248433 1.3192234775816514 1.3560390164909069 1.509437095279471 2.018718716857504 2.429825568010856 2.356194490192345 2.1230294104337273 2.024854640009046 2.0371264863121317 2.086213871524472 2.0800779483729293 2.110757564130642 2.1475731030398975 2.1966604882522383 2.3009711818284617 2.3623304133438876 2.478912953223196 1.9266798695843652 1.2517283229146832 1.0737865515199487 1.2701360923693108 1.662835174068035 1.859184714917397 1.8653206380689396 1.7978254834019713 1.7978254834019713 1.6137477888556946 1.859184714917397 2.018718716857504 
-56.0 -57.0 -56.5 -56.0 -56.0 -56.0 -56.0 -56.5 -56.5 -56.5 -56.5 -57.0 -56.5 -56.0 -56.0 -55.5 -54.5 -54.0 -52.5 -54.0 -56.0 -57.5 -57.0 -58.0 -58.0 -57.5 -58.5 -58.5 -54.5 -52.0 -52.5 -54.0 -54.5 -55.0 -55.0 -55.0 -55.0 -55.5 -56.0 -56.5 -56.5 -59.5 -59.5 -53.0 -52.5 -54.5 -54.5 -55.5 -55.5 -55.5 -54.5 -53.0 -53.0 
2.055534255766759 2.0371264863121317 2.043262409463674 2.0923497946760143 2.0371264863121317 2.0800779483729293 2.086213871524472 2.061670178918302 2.055534255766759 2.086213871524472 2.073942025221387 2.086213871524472 2.1046216409791 2.0800779483729293 2.073942025221387 2.0493983326152168 1.9941750242513334 1.8407769454627694 1.6382914814618648 1.184233168247715 1.1596894756415448 1.239456476611598 1.1965050145508 1.0615147052168636 1.1780972450961724 1.3069516312785663 1.5892040962495242 1.9757672547967058 2.3746022596469727 2.12916533358527 2.000310947402876 1.8346410223112268 1.7916895602504288 1.7548740213411735 2.9206994201342606 1.7978254834019713 1.7732817907958012 1.705786636128833 1.662835174068035 1.748738098189631 1.9389517158874505 1.9696313316451632 1.662835174068035 1.0369710126106935 0.9817477042468103 1.184233168247715 1.368310862793992 1.521708941582556 1.576932249946439 1.6321555583103222 1.6812429435226628 1.718058482431918 1.8162332528565992 
-51.5 -51.0 -51.5 -51.5 -51.5 -52.0 -52.0 -51.5 -51.5 -51.5 -51.5 -52.0 -51.5 -51.5 -52.0 -51.5 -51.5 -51.0 -51.0 -51.5 -53.0 -53.5 -54.0 -54.5 -55.5 -55.5 -57.0 -56.0 -53.0 -52.0 -52.0 -51.5 -52.5 -52.5 -52.5 -53.5 -54.0 -54.5 -54.5 -54.5 -54.0 -56.0 -56.5 -54.5 -53.0 -52.5 -52.0 -52.5 -52.0 -51.0 -51.0 -50.5 -50.5 
2.141437179888355 2.086213871524472 2.1353012567368124 2.1782527187976104 2.172116795646068 2.172116795646068 2.1659808724945253 2.12916533358527 2.1353012567368124 2.1353012567368124 2.12916533358527 2.12916533358527 2.0923497946760143 2.116893487282185 2.0923497946760143 2.086213871524472 2.043262409463674 1.8837284075235674 1.705786636128833 1.1351457830353744 0.8528933180644165 1.2210487071569704 1.6873788666742053 1.8653206380689396 1.9389517158874505 2.12916533358527 2.2764274892222915 2.405281875404685 2.662990647769473 2.8716120349219203 2.724349879284899 2.399145952253143 2.270291566070749 2.3009711818284617 2.411417798556228 2.675262494072558 2.6998061866787286 2.675262494072558 2.724349879284899 2.6016314162540475 2.024854640009046 2.1782527187976104 1.7241944055834606 1.5707963267948966 1.1167380135807468 1.0737865515199487 1.0246991663076084 1.1903690913992575 1.325359400733194 
-53.5 -53.0 -53.5 -53.5 -53.5 -53.5 -53.5 -53.5 -53.5 -53.5 -53.5 -53.5 -54.0 -54.0 -53.5 -53.5 -53.5 -53.5 -54.0 -56.0 -58.5 -60.0 -62.0 -58.0 -55.5 -54.5 -55.0 -57.0 -59.0 -54.5 -52.0 -51.5 -52.5 -53.5 -53.5 -54.0 -55.5 -57.5 -59.0 -62.0 -56.5 -58.5 -61.5 -62.0 -61.5 -59.5 -57.5 -57.0 -56.5 
2.478912953223196 2.478912953223196 2.4911847995262812 2.5280003384355365 2.509592568980909 2.521864415283994 2.552544031041707 2.509592568980909 2.521864415283994 2.497320722677824 2.5280003384355365 2.5034566458293663 2.5586799541932495 2.509592568980909 2.4605051837685683 2.478912953223196 2.429825568010856 2.325514874434632 2.1230294104337273 1.7426021750380885 1.7671458676442586 1.9880391010997909 2.3071071049800045 2.1905245651006955 2.2641556429192065 2.4911847995262812 2.564815877344792 2.6323110320117604 2.736621725587984 2.773437264497239 2.5954954931025047 2.36846633649543 2.3316507975861747 2.2580197197676637 2.3071071049800045 2.454369260617026 2.5954954931025047 2.718213956133356 2.8961557275280905 2.9636508821950587 2.9759227284981438 2.8654761117703775 2.423689644859313 2.141437179888355 2.1475731030398975 2.086213871524472 2.2518837966161214 2.1905245651006955 2.1598449493429825 1.8223691760081417 1.8775924843720249 1.945087639038993 2.018718716857504 
-51.5 -51.5 -51.5 -51.5 -51.5 -51.5 -51.5 -51.5 -52.0 -51.5 -52.0 -52.0 -51.5 -52.0 -52.0 -52.0 -51.5 -52.0 -52.0 -54.5 -57.0 -57.5 -57.0 -54.5 -54.0 -52.5 -52.5 -52.5 -52.5 -50.5 -50.0 -51.0 -51.5 -51.0 -50.5 -50.0 -49.5 -49.5 -50.0 -52.0 -53.0 -56.0 -57.5 -55.0 -54.5 -55.5 -57.0 -57.0 -57.0 -56.5 -55.0 -53.5 -53.5 
6.2463697682703305 0.01227184630308513 6.240233845118788 0.04295146206079795 0.11658253987930872 6.277049384028044 0.03681553890925539 0.05522330836388308 0.11044661672776616 0.006135923151542565 0.03681553890925539 0.09203884727313846 6.252505691421874 0.1227184630308513 0.09817477042468103 0.12885438618239387 0.11044661672776616 0.19634954084936207 0.0 6.252505691421874 0.28838838812250056 6.074563920027139 0.3374757733348411 5.767767762450011 5.393476450205914 5.47937937432751 5.688000761479957 6.0991076126333095 0.06135923151542565 0.4111068511533518 0.6810874698212247 0.7669903939428205 0.8651651643675016 1.055378782065321 1.043106935762236 0.8467573949128739 0.6013204688511713 0.18407769454627693 0.09203884727313846 0.02454369260617026 6.135923151542564 5.988660995905543 5.737088146692298 0.030679615757712823 5.681864838328415 5.927301764390117 
-61.5 -61.5 -61.5 -61.0 -61.0 -61.0 -61.0 -61.5 -61.5 -61.5 -62.0 -61.5 -61.5 -61.5 -61.0 -61.0 -61.5 -63.5 -63.5 -64.0 -62.5 -60.0 -67.0 -62.5 -60.0 -58.5 -58.0 -59.5 -59.0 -56.5 -55.5 -55.0 -55.0 -56.0 -59.5 -62.0 -62.5 -63.5 -62.5 -61.0 -60.0 -59.0 -58.5 -63.0 -64.5 -62.0 
0.30679615757712825 0.23316507975861744 0.28838838812250056 0.3129320807286708 0.30679615757712825 0.28838838812250056 0.3129320807286708 0.3190680038802134 0.35588354278946877 0.3374757733348411 0.28838838812250056 0.3129320807286708 0.3129320807286708 0.3436116964863836 0.28838838812250056 0.2761165418194154 0.3190680038802134 0.30066023442558565 0.21475731030398976 0.04908738521234052 6.240233845118788 5.982525072754001 0.25157284921324513 0.5092816215780329 0.4970097752749477 0.4479223900626072 0.48473792897186263 0.380427235395639 0.2761165418194154 0.2454369260617026 0.2270291566070749 0.11044661672776616 0.12885438618239387 0.0674951546669682 0.1595340019401067 0.4111068511533518 0.4049709280018093 0.380427235395639 0.32520392703175593 0.47860200582032003 0.28225246497095796 0.4049709280018093 0.14726215563702155 0.20248546400090464 0.28838838812250056 0.18407769454627693 0.3129320807286708 0.030679615757712823 6.037748381117884 6.17273869045182 6.007068765360171 5.976389149602458 6.092971689481767 
-54.5 -54.5 -54.5 -54.5 -54.5 -54.0 -54.5 -54.5 -54.5 -54.5 -54.5 -54.5 -54.5 -54.0 -54.5 -54.5 -54.5 -55.0 -56.0 -57.5 -58.0 -58.0 -61.5 -61.0 -61.0 -61.5 -61.5 -59.0 -57.5 -57.0 -56.5 -56.0 -56.0 -56.0 -55.5 -56.0 -57.0 -58.0 -59.0 -60.0 -61.0 -60.0 -62.0 -64.0 -62.0 -64.0 -62.0 -62.0 -59.5 -57.0 -56.0 -56.0 -55.5 
