4.154019973594316 4.104932588381976 3.9822141253511245 4.479223900626073 4.1172044346850605 4.184699589352029 4.221515128261284 4.227651051412827 4.381049130201391 4.3503695144436785 4.28287435977671 4.387185053352934 4.3503695144436785 4.399456899656019 4.460816131171445 4.552854978444583 4.319689898685965 4.23378697456437 3.5895150436524004 0.5276893910326605 4.1417481272912315 4.3933209765044765 1.3928545554001621 3.9944859716542096 3.9147189706841563 0.25157284921324513 3.6324665057131984 3.368621810196868 3.6754179677739964 3.9576704327449543 4.227651051412827 4.479223900626073 4.166291819897402 4.074252972624263 3.8963112012295285 
-60.5 -61.0 -61.5 -61.5 -62.0 -62.0 -62.0 -62.5 -63.0 -62.5 -63.0 -63.5 -63.5 -63.5 -63.0 -63.0 -63.0 -62.5 -65.0 -67.5 -62.0 -64.5 -64.5 -63.0 -64.5 -68.0 -65.0 -64.5 -62.0 -62.5 -63.0 -63.0 -65.5 -65.0 -63.5 
2.36846633649543 2.3930100291016 2.4850488763747385 2.466641106920111 2.478912953223196 2.5770877236478773 2.6200391857086753 2.5586799541932495 2.5832236467994196 2.650718801466388 2.5770877236478773 2.6568547246179306 2.6691265709210157 2.6691265709210157 2.662990647769473 2.6875343403756435 2.6813984172241008 2.521864415283994 2.509592568980909 2.6200391857086753 3.018874190558942 3.0372819600135696 2.890019804376548 2.7979809571034093 3.0802334220743677 3.9515345095934116 3.7122335066832517 3.7122335066832517 3.5772431973493153 3.018874190558942 0.21782527187976106 6.056156150572511 2.9145634969827183 6.068427996875596 2.9391071895888885 3.0925052683774528 3.0066023442558567 2.423689644859313 2.435961491162398 2.8716120349219203 2.8409324191642074 2.816388726558037 2.6998061866787286 2.5954954931025047 5.724816300389213 2.2764274892222915 2.0923497946760143 
-59.0 -58.5 -58.5 -58.5 -58.0 -58.5 -58.0 -57.5 -57.5 -57.0 -57.0 -57.5 -57.0 -57.0 -57.0 -57.0 -57.0 -57.5 -58.5 -61.5 -63.5 -65.5 -65.0 -60.5 -58.0 -59.0 -60.5 -60.0 -59.5 -59.5 -61.5 -63.5 -62.0 -64.0 -62.5 -61.5 -62.0 -63.5 -59.5 -58.0 -58.5 -58.5 -58.0 -58.0 -59.5 -58.0 -60.5 
1.9941750242513334 2.000310947402876 2.018718716857504 1.9880391010997909 2.024854640009046 2.012582793705961 2.0371264863121317 1.9941750242513334 2.024854640009046 2.018718716857504 2.110757564130642 2.061670178918302 2.030990563160589 2.0923497946760143 2.055534255766759 2.0064468705544187 1.9941750242513334 1.8775924843720249 1.761009944492716 1.6014759425526093 1.6566992509164924 1.6321555583103222 1.4542137869155878 1.4664856332186729 1.8039614065535141 1.5155730184310134 1.0185632431560658 0.5092816215780329 0.4663301595172349 0.4970097752749477 1.4296700943094176 2.098485717827557 2.098485717827557 1.846912868614312 2.5372042231628504 2.325514874434632 2.3316507975861747 2.1537090261914402 2.12916533358527 2.1353012567368124 2.411417798556228 2.5341362615870793 1.0737865515199487 1.7426021750380885 4.850447251294398 1.6996507129772904 1.6873788666742053 1.8837284075235674 2.055534255766759 2.061670178918302 2.116893487282185 5.111223985234957 1.902136176978195 1.9144080232812801 
-53.0 -52.5 -52.5 -53.0 -53.0 -53.0 -53.5 -54.0 -53.5 -53.5 -53.5 -53.5 -53.0 -53.0 -53.5 -53.0 -53.0 -52.5 -53.0 -56.5 -59.5 -61.0 -57.5 -54.0 -54.0 -58.5 -61.0 -60.0 -60.5 -62.0 -68.0 -58.0 -54.5 -63.0 -62.0 -56.0 -54.5 -55.5 -55.0 -55.5 -56.5 -59.0 -63.5 -58.5 -56.5 -55.5 -54.5 -53.0 -53.0 -54.0 -55.5 -56.0 -55.5 -55.0 
1.3621749396424494 1.3499030933393643 1.3499030933393643 1.380582709097077 1.3437671701878218 1.3928545554001621 1.3621749396424494 1.380582709097077 1.41126232485479 1.4358060174609601 1.4419419406125027 1.41126232485479 1.4910293258248433 1.4910293258248433 1.5155730184310134 1.4419419406125027 1.3744467859455345 1.2946797849754812 1.1535535524900022 1.1658253987930873 1.3437671701878218 1.5033011721279284 1.4051264017032472 1.1106020904292042 1.4296700943094176 1.4603497100671303 1.3928545554001621 1.3437671701878218 1.423534171157875 1.4358060174609601 1.4664856332186729 1.509437095279471 1.5707963267948966 1.7916895602504288 5.356660911296659 2.043262409463674 1.9634954084936207 1.88986433067511 1.902136176978195 1.9634954084936207 2.1782527187976104 2.2212041808584084 2.1905245651006955 1.9512235621905356 1.8346410223112268 1.7794177139473437 1.8346410223112268 1.8775924843720249 1.8100973297050567 1.8837284075235674 1.8162332528565992 1.6566992509164924 1.3437671701878218 1.3928545554001621 
-52.0 -51.5 -52.0 -51.5 -51.5 -51.5 -51.5 -51.5 -51.5 -51.5 -51.0 -51.5 -51.0 -51.5 -51.5 -51.0 -51.0 -52.0 -52.5 -55.5 -57.0 -58.5 -59.0 -57.0 -54.0 -55.0 -55.5 -55.5 -54.5 -54.0 -54.5 -54.5 -53.0 -56.5 -54.0 -52.5 -52.5 -53.5 -53.0 -52.5 -52.5 -53.0 -54.5 -56.0 -57.5 -55.0 -54.5 -54.0 -54.5 -55.0 -56.0 -57.0 -56.5 -57.0 
1.533980787885641 1.4358060174609601 1.423534171157875 1.4480778637640452 1.4173982480063325 1.4480778637640452 1.4664856332186729 1.4480778637640452 1.4848934026733007 1.533980787885641 1.564660403643354 1.6137477888556946 1.5585244804918115 1.576932249946439 1.6198837120072371 1.6014759425526093 1.184233168247715 0.5767767762450011 0.7424467013366504 2.60776733940559 2.086213871524472 1.8775924843720249 1.902136176978195 1.3928545554001621 0.9265243958829272 1.0062913968529805 1.0737865515199487 0.9203884727313847 1.2640001692177683 1.5401167110371838 5.755495916146925 2.6998061866787286 5.838330878692751 2.1353012567368124 5.473243451175968 5.50392306693368 2.2150682577068657 2.018718716857504 1.8407769454627694 1.945087639038993 1.9205439464328227 1.714990520856147 1.6444274046134073 2.1659808724945253 2.411417798556228 2.448233337465483 2.448233337465483 2.5034566458293663 2.3316507975861747 
-54.0 -54.0 -54.0 -54.0 -54.5 -54.0 -54.0 -54.5 -54.0 -54.5 -54.5 -54.0 -54.0 -54.0 -54.0 -54.5 -55.5 -59.0 -68.5 -61.5 -61.5 -58.0 -57.5 -61.0 -60.0 -60.0 -59.0 -61.5 -62.5 -63.5 -63.0 -60.0 -59.5 -60.5 -61.0 -60.0 -59.5 -58.5 -58.0 -58.5 -58.0 -60.0 -58.0 -57.0 -57.0 -59.5 -61.0 -63.5 -67.0 
1.9266798695843652 1.8960002538266525 1.902136176978195 1.9144080232812801 1.8960002538266525 1.9512235621905356 1.9266798695843652 1.9389517158874505 1.9512235621905356 1.9144080232812801 1.9266798695843652 1.9634954084936207 1.9757672547967058 1.9573594853420782 1.9634954084936207 1.9757672547967058 5.080544369477243 1.8714565612204823 1.6812429435226628 1.9573594853420782 2.5341362615870793 2.6139032625571326 2.5770877236478773 2.356194490192345 2.3623304133438876 2.1598449493429825 2.012582793705961 2.2089323345553233 2.2886993355253766 2.2886993355253766 2.2027964114037806 2.325514874434632 2.356194490192345 2.5280003384355365 5.730952223540755 2.6261751088602177 2.724349879284899 2.6691265709210157 2.693670263527186 2.5832236467994196 2.5341362615870793 2.5157284921324514 2.423689644859313 2.2764274892222915 2.380738182798515 2.478912953223196 2.423689644859313 2.3623304133438876 2.4727770300716534 2.60776733940559 2.693670263527186 2.6875343403756435 2.748893571891069 5.780039608753096 2.386874105950058 2.3930100291016 
-52.0 -52.0 -52.0 -52.5 -52.0 -52.5 -52.5 -52.0 -52.0 -52.0 -52.0 -52.0 -52.0 -52.0 -52.0 -52.5 -53.0 -53.0 -54.5 -59.0 -59.0 -57.0 -56.5 -55.5 -55.0 -55.5 -55.0 -55.5 -55.5 -57.0 -56.0 -54.5 -54.0 -53.5 -53.5 -52.5 -52.0 -52.5 -52.5 -52.5 -52.5 -53.0 -54.5 -54.5 -55.0 -54.5 -53.5 -53.5 -52.5 -53.0 -54.0 -55.5 -56.0 -57.0 -57.0 -58.0 
0.0674951546669682 6.2463697682703305 6.1850105367549055 0.02454369260617026 6.129787228391022 6.258641614573416 6.270913460876501 5.994796919057086 6.22182607566416 6.1420590746941075 6.240233845118788 6.092971689481767 6.1850105367549055 6.17273869045182 6.12365130523948 6.105243535784852 5.982525072754001 6.074563920027139 6.191146459906448 0.3129320807286708 0.803805932852076 0.6320000846088841 1.0921943209745766 0.4111068511533518 4.859651136021712 5.031456984264903 4.994641445355648 6.043884304269426 3.736777199289422 0.7424467013366504 0.8160777791551611 0.760854470791278 0.9633399347921826 0.7485826244881929 5.8659425328746915 6.092971689481767 6.234097921967246 6.000932842208628 5.7524279545711545 5.9088939949354895 6.178874613603362 6.086835766330224 6.037748381117884 0.3129320807286708 0.3620194659410113 0.5154175447295755 
-62.5 -62.5 -62.0 -62.0 -63.5 -62.5 -62.5 -62.0 -62.0 -62.0 -61.5 -61.5 -62.0 -61.5 -62.0 -61.5 -62.5 -62.5 -64.0 -63.0 -62.0 -61.5 -63.5 -60.0 -65.0 -61.5 -60.5 -63.5 -63.0 -58.0 -59.5 -58.5 -58.0 -59.0 -66.5 -68.0 -67.0 -65.5 -63.5 -60.5 -60.0 -64.0 -61.5 -61.0 -61.5 -62.5 
6.160466844148735 6.234097921967246 0.018407769454627694 6.22182607566416 6.240233845118788 6.209554229361076 6.2463697682703305 6.270913460876501 0.02454369260617026 0.02454369260617026 0.018407769454627694 6.252505691421874 0.0 0.030679615757712823 0.0 0.05522330836388308 0.07976700097005335 0.018407769454627694 6.234097921967246 0.1349903093339364 0.4111068511533518 0.3313398501832985 0.8160777791551611 0.28838838812250056 0.23930100291016002 0.12885438618239387 0.17794177139473438 0.20248546400090464 3.730641276137879 0.6442719309119693 0.4970097752749477 0.34974761963792617 0.28838838812250056 0.28225246497095796 0.28225246497095796 0.5338253141842031 0.3190680038802134 0.4172427743048944 0.3190680038802134 0.4540583132141498 0.4172427743048944 0.42337869745643697 0.39269908169872414 0.6013204688511713 0.380427235395639 0.6135923151542565 0.29145634969827183 0.3313398501832985 0.5951845456996288 0.7424467013366504 0.4540583132141498 0.4295146206079795 0.4295146206079795 0.5184855063053467 0.5399612373357456 0.4970097752749477 
-56.5 -56.5 -57.0 -57.0 -57.0 -56.5 -57.0 -57.0 -57.0 -56.5 -57.0 -57.0 -56.5 -56.0 -57.0 -56.5 -57.0 -57.0 -57.5 -59.0 -59.0 -60.5 -59.5 -58.0 -58.0 -62.0 -60.5 -60.0 -62.5 -63.5 -64.0 -60.0 -59.0 -57.5 -58.0 -56.5 -58.0 -57.5 -56.0 -57.0 -57.0 -58.5 -60.0 -62.0 -60.5 -59.5 -59.5 -57.5 -58.5 -61.0 -62.0 -59.5 -60.0 -60.5 -58.0 -58.5 
