0.48473792897186263 3.2643111166206444 4.01902966426038 3.8533597391687304 3.859495662320273 4.166291819897402 4.3074180523828804 4.166291819897402 4.1417481272912315 3.7122335066832517 3.9576704327449543 3.485204350076177 2.8961557275280905 5.399612373357457 5.056000676871073 0.5031456984264903 3.6815538909255388 4.405592822807561 0.7915340865489908 3.552699504743145 5.5100589900852235 4.81056375080937 3.792000507653305 0.7117670855789375 3.5588354278946874 3.5465635815916023 4.552854978444583 5.00077736850719 5.534602682691394 3.479068426924634 3.5158839658338894 3.6600781598951397 
-66.0 -64.0 -62.5 -62.5 -62.5 -62.5 -63.0 -61.5 -62.0 -63.0 -62.0 -65.0 -66.5 -76.0 -76.0 -75.0 -69.0 -65.5 -64.0 -62.5 -68.0 -68.0 -67.0 -73.0 -69.5 -68.0 -69.5 -66.5 -66.5 -67.5 -64.5 -67.5 
1.9205439464328227 2.2396119503130363 2.1659808724945253 2.043262409463674 2.000310947402876 2.313243028131547 2.184388641949153 2.086213871524472 2.454369260617026 2.1598449493429825 2.141437179888355 2.2886993355253766 2.3071071049800045 2.2641556429192065 2.2580197197676637 2.3071071049800045 2.2212041808584084 2.270291566070749 2.227340104009951 2.2886993355253766 2.4911847995262812 2.748893571891069 2.6139032625571326 2.7979809571034093 3.1968159619536762 3.442252888015379 3.890175278077986 3.663146121470911 3.2336315008629315 2.478912953223196 2.024854640009046 2.9759227284981438 3.399301425954581 2.8654761117703775 2.9268353432858034 2.8838838812250054 3.0127382674073995 2.5464081078901644 2.411417798556228 2.9329712664373457 3.5342917352885173 3.0802334220743677 2.705942109830271 2.6691265709210157 2.779573187648782 2.890019804376548 2.8102528034064944 2.6875343403756435 2.5586799541932495 2.4605051837685683 2.371534298071201 
-61.0 -61.0 -61.5 -61.0 -60.0 -59.0 -60.5 -59.5 -60.0 -60.0 -59.5 -59.0 -59.0 -58.5 -59.0 -59.5 -59.5 -59.5 -61.5 -62.0 -63.0 -62.5 -61.0 -59.5 -59.0 -57.5 -57.0 -57.0 -58.0 -61.0 -64.5 -65.5 -62.5 -63.0 -62.5 -64.0 -63.5 -63.5 -62.0 -60.5 -61.0 -65.0 -63.5 -61.5 -60.5 -60.0 -60.0 -59.5 -59.5 -59.5 -60.5 
2.110757564130642 2.012582793705961 1.9819031779482483 1.9573594853420782 2.018718716857504 1.9941750242513334 5.1204278699622705 2.0371264863121317 2.012582793705961 2.024854640009046 2.0064468705544187 2.043262409463674 2.043262409463674 2.061670178918302 1.9757672547967058 1.9941750242513334 2.0064468705544187 1.9696313316451632 1.88986433067511 1.7855536370988863 1.6751070203711202 1.7548740213411735 1.8285050991596843 1.7671458676442586 1.6996507129772904 1.7303303287350031 1.8223691760081417 1.6505633277649499 0.9081166264282996 1.0615147052168636 1.4787574795217582 1.7794177139473437 1.8039614065535141 1.3867186322486196 1.3499030933393643 1.8346410223112268 5.102020100507643 1.9205439464328227 1.7855536370988863 1.718058482431918 1.761009944492716 1.846912868614312 2.030990563160589 0.8222137023067037 1.3314953238847365 1.5707963267948966 1.6751070203711202 1.9144080232812801 2.061670178918302 2.1966604882522383 2.043262409463674 1.859184714917397 4.911806482809823 
-52.0 -52.0 -51.5 -51.5 -52.0 -51.5 -52.5 -51.5 -51.5 -52.0 -52.0 -52.0 -51.5 -52.0 -52.0 -52.5 -52.0 -52.5 -52.5 -53.5 -55.5 -57.5 -58.0 -56.5 -55.5 -56.5 -57.5 -60.5 -60.0 -60.5 -62.0 -58.0 -54.0 -54.5 -58.5 -56.5 -54.0 -52.0 -52.5 -53.0 -53.5 -55.0 -60.0 -61.5 -59.0 -57.0 -56.0 -55.0 -55.5 -57.0 -57.5 -55.5 -54.5 
1.2455923997631406 1.2087768608538851 1.3069516312785663 1.3989904785517047 1.3621749396424494 1.325359400733194 1.2762720155208536 1.368310862793992 1.3499030933393643 1.3499030933393643 1.3130875544301088 1.3867186322486196 1.3744467859455345 1.3560390164909069 1.3437671701878218 1.3437671701878218 1.380582709097077 1.325359400733194 1.337631247036279 1.2026409377023426 1.1474176293384597 1.2578642460662257 1.3130875544301088 1.2333205534600555 1.1658253987930873 1.1474176293384597 1.325359400733194 1.325359400733194 1.380582709097077 1.5585244804918115 1.6014759425526093 1.6505633277649499 1.4726215563702154 1.214912784005428 1.368310862793992 1.6566992509164924 1.6045439041283807 1.423534171157875 1.3314953238847365 1.2578642460662257 1.1658253987930873 1.3130875544301088 1.5155730184310134 1.8223691760081417 1.9082721001297376 1.8100973297050567 1.6566992509164924 1.6321555583103222 1.5033011721279284 1.4173982480063325 1.552388557340269 1.521708941582556 1.4051264017032472 1.2455923997631406 1.0829904362472627 
-53.5 -53.0 -53.5 -54.0 -53.5 -53.5 -54.0 -53.5 -53.0 -53.0 -53.0 -52.5 -52.5 -52.5 -52.5 -52.5 -52.5 -52.5 -52.5 -53.0 -54.5 -56.5 -57.0 -56.5 -55.5 -55.5 -55.0 -55.5 -56.5 -55.5 -54.0 -52.0 -51.5 -53.0 -57.0 -54.5 -55.0 -54.5 -55.0 -56.0 -55.5 -54.5 -52.5 -52.0 -53.5 -58.5 -60.0 -59.0 -58.5 -56.5 -56.0 -56.5 -56.0 -55.0 -55.5 
1.030835089459151 0.9756117810952678 1.0492428589137786 0.9694758579437253 0.9326603190344698 1.1351457830353744 0.8989127417009857 0.9387962421860124 1.012427320004523 1.0676506283684062 1.1535535524900022 1.0062913968529805 1.1719613219446299 1.0921943209745766 1.0921943209745766 1.000155473701438 1.0369710126106935 0.9633399347921826 0.9326603190344698 0.6258641614573416 0.2699806186678728 0.3129320807286708 2.012582793705961 2.0800779483729293 1.9819031779482483 2.073942025221387 1.8407769454627694 1.4910293258248433 1.0492428589137786 1.3008157081270237 1.4542137869155878 1.3314953238847365 1.043106935762236 0.6442719309119693 0.7976700097005334 2.141437179888355 2.448233337465483 2.435961491162398 2.2457478734645786 2.2089323345553233 1.9082721001297376 1.8775924843720249 2.2396119503130363 2.3071071049800045 2.386874105950058 2.325514874434632 0.859029241215959 0.4970097752749477 0.5675728915176872 
-57.0 -57.0 -57.0 -57.5 -57.0 -55.5 -57.5 -56.5 -57.0 -56.5 -56.5 -56.5 -56.0 -56.5 -56.5 -56.0 -56.5 -57.0 -57.0 -58.0 -59.5 -64.0 -67.5 -65.5 -63.0 -61.0 -59.5 -61.0 -60.0 -58.0 -59.0 -60.5 -60.0 -63.0 -67.0 -70.0 -71.0 -64.5 -61.5 -57.0 -57.5 -57.0 -58.0 -58.5 -61.5 -64.5 -67.0 -61.5 -60.0 
1.9696313316451632 1.8837284075235674 1.8162332528565992 1.8530487917658545 2.12916533358527 1.9082721001297376 1.9205439464328227 2.012582793705961 1.9389517158874505 1.9266798695843652 2.0371264863121317 1.9205439464328227 1.932815792735908 1.88986433067511 1.9082721001297376 1.8407769454627694 1.8653206380689396 1.8100973297050567 1.8285050991596843 1.718058482431918 1.8714565612204823 2.3316507975861747 2.5157284921324514 2.423689644859313 2.3746022596469727 2.2580197197676637 2.0800779483729293 1.945087639038993 1.9880391010997909 2.141437179888355 2.3439226438892597 2.4605051837685683 2.448233337465483 2.448233337465483 2.6323110320117604 2.5402721847386216 5.688000761479957 2.4911847995262812 2.386874105950058 2.3930100291016 2.3930100291016 2.5034566458293663 2.5341362615870793 2.5280003384355365 2.380738182798515 2.2457478734645786 2.337786720737717 2.4605051837685683 2.4175537217077703 2.5832236467994196 2.60776733940559 2.509592568980909 2.337786720737717 2.086213871524472 1.923611908008594 
-54.5 -54.0 -54.5 -54.0 -54.0 -54.5 -54.5 -54.0 -54.0 -54.0 -54.0 -53.5 -54.0 -54.0 -53.5 -54.0 -53.5 -54.5 -55.0 -56.5 -59.0 -59.0 -58.0 -58.5 -57.0 -56.5 -56.0 -55.0 -54.5 -53.0 -53.5 -54.0 -54.5 -55.0 -54.0 -53.0 -52.5 -52.0 -52.0 -52.5 -53.0 -52.5 -52.0 -51.5 -52.5 -54.0 -54.5 -55.0 -55.0 -55.0 -57.0 -57.5 -59.0 -58.5 -58.0 
6.209554229361076 0.018407769454627694 6.166602767300278 6.154330920997192 0.0 6.17273869045182 6.117515382087937 6.227961998815704 0.006135923151542565 6.12365130523948 0.04908738521234052 0.09203884727313846 6.007068765360171 0.0859029241215959 0.0 0.15339807878856412 0.2761165418194154 0.14726215563702155 0.1595340019401067 0.6258641614573416 0.6872233929727672 0.21475731030398976 0.9510680884890975 0.5031456984264903 0.18407769454627693 0.19634954084936207 5.166447293598839 5.442563835418255 5.307573526084319 5.313709449235861 5.197126909356553 6.043884304269426 6.111379458936394 6.105243535784852 0.23930100291016002 0.4479223900626072 0.1227184630308513 6.043884304269426 5.368932757599744 0.02454369260617026 0.07363107781851078 0.607456392002714 0.25157284921324513 0.39269908169872414 0.37429131224409645 0.5829126993965437 0.06135923151542565 
-60.5 -60.0 -62.0 -62.0 -61.0 -62.5 -62.5 -60.5 -60.5 -61.5 -61.0 -61.0 -62.0 -62.5 -62.0 -63.0 -63.0 -63.5 -63.5 -61.5 -61.0 -63.5 -61.5 -60.0 -60.5 -61.5 -61.0 -59.0 -60.5 -61.5 -63.0 -64.5 -64.0 -65.0 -66.5 -66.0 -65.0 -63.0 -62.0 -59.0 -60.0 -60.5 -62.0 -61.0 -61.5 -62.5 -64.5 
6.117515382087937 6.135923151542564 6.1420590746941075 6.111379458936394 6.1420590746941075 6.056156150572511 6.083767804754453 6.234097921967246 6.056156150572511 6.191146459906448 0.02454369260617026 6.166602767300278 6.277049384028044 6.056156150572511 6.215690152512618 6.178874613603362 0.018407769454627694 6.277049384028044 6.234097921967246 0.018407769454627694 0.006135923151542565 0.2945243112740431 0.4356505437595221 0.25157284921324513 0.4908738521234052 0.2699806186678728 0.2270291566070749 0.3374757733348411 0.4049709280018093 0.4724660826687775 0.4172427743048944 0.5031456984264903 0.4295146206079795 0.5154175447295755 0.44178646691106466 0.607456392002714 0.6135923151542565 0.5583690067903734 0.44178646691106466 0.37429131224409645 0.4295146206079795 0.36815538909255385 0.3865631585471816 0.36815538909255385 0.22089323345553233 0.3436116964863836 0.25157284921324513 0.2638446955163303 0.46019423636569234 0.662679700366597 0.4049709280018093 0.2699806186678728 0.4663301595172349 0.11044661672776616 0.006135923151542565 
-56.5 -57.5 -56.5 -56.5 -56.5 -56.0 -58.0 -56.5 -56.0 -57.0 -57.0 -56.5 -56.5 -57.0 -56.5 -56.5 -56.5 -57.0 -57.5 -57.5 -58.5 -59.0 -59.5 -63.0 -60.0 -59.0 -59.5 -60.0 -58.5 -59.5 -59.5 -59.0 -59.0 -60.5 -61.0 -60.5 -62.0 -60.5 -60.0 -60.0 -59.0 -57.0 -56.5 -57.5 -61.5 -62.0 -60.0 -58.0 -57.5 -58.5 -61.5 -59.5 -59.5 -58.5 -59.0 
