4.387185053352934 4.540583132141498 4.405592822807561 4.387185053352934 4.313553975534423 4.430136515413731 4.430136515413731 4.411728745959104 4.583534594202296 4.381049130201391 4.3074180523828804 4.460816131171445 4.381049130201391 4.325825821837508 4.190835512503572 4.006757817957295 3.767456815047135 2.12916533358527 2.2334760271614935 1.0246991663076084 4.338097668140593 3.902447124381071 3.7122335066832517 3.5895150436524004 4.681709364626977 4.399456899656019 3.479068426924634 3.356349963893783 3.380893656499953 3.3379421944391554 3.0495538063166547 3.1906800388021335 3.06182565261974 3.663146121470911 4.3074180523828804 4.804427827657828 5.2339424482658075 5.964117303299373 3.313398501832985 
-65.0 -64.0 -65.0 -63.5 -64.5 -65.0 -64.5 -64.5 -64.0 -64.5 -65.0 -63.5 -64.5 -63.5 -64.0 -64.0 -65.0 -71.0 -71.0 -71.5 -66.0 -63.5 -63.0 -63.0 -69.0 -63.5 -63.5 -64.0 -65.5 -62.5 -65.0 -64.0 -64.5 -66.0 -65.5 -65.5 -67.5 -78.0 -67.5 
2.9575149590435164 2.859340188618835 2.8777479580734626 2.8532042654672924 2.9022916506796332 2.9084275738311756 2.804116880254952 2.8777479580734626 2.8409324191642074 2.773437264497239 2.730485802436441 2.791845033951867 2.8102528034064944 2.6200391857086753 2.650718801466388 2.6139032625571326 2.6200391857086753 2.6384469551633027 2.693670263527186 2.767301341345697 2.6384469551633027 3.0802334220743677 3.067961575771282 3.472932503773092 3.5956509668039427 3.399301425954581 2.8532042654672924 2.227340104009951 3.380893656499953 3.32567034813607 3.055689729468197 3.055689729468197 3.423845118560751 3.1784081924990484 3.3011266555298997 3.147728576741336 3.2213596545598464 3.0925052683774528 3.2520392703175593 3.2520392703175593 2.0493983326152168 2.2150682577068657 2.270291566070749 2.4605051837685683 2.386874105950058 2.2580197197676637 2.2764274892222915 2.110757564130642 2.0923497946760143 2.1353012567368124 
-60.0 -59.5 -59.5 -59.5 -59.5 -60.0 -59.0 -59.5 -59.0 -59.0 -59.5 -59.5 -59.5 -59.5 -59.0 -59.0 -59.5 -61.0 -62.0 -63.0 -63.5 -61.5 -59.5 -58.0 -57.5 -57.0 -58.0 -62.5 -64.0 -61.5 -61.5 -62.5 -62.0 -62.0 -63.0 -63.0 -63.5 -63.5 -62.5 -62.0 -62.5 -61.0 -61.5 -61.5 -62.5 -63.0 -61.5 -61.5 -61.5 -62.0 
2.2457478734645786 2.2334760271614935 2.1966604882522383 2.227340104009951 2.1782527187976104 2.110757564130642 2.1966604882522383 2.184388641949153 2.184388641949153 2.1598449493429825 2.141437179888355 2.12916533358527 2.141437179888355 2.116893487282185 2.061670178918302 2.0064468705544187 1.8285050991596843 1.5830681730979816 1.5462526341887264 1.5462526341887264 1.521708941582556 1.576932249946439 1.736466251886546 1.5953400194010667 1.4358060174609601 1.3069516312785663 1.88986433067511 1.8714565612204823 1.5585244804918115 2.098485717827557 1.9389517158874505 1.8407769454627694 1.6812429435226628 1.6689710972195777 1.7794177139473437 2.0923497946760143 2.3623304133438876 2.5893595699509624 1.8285050991596843 1.8530487917658545 1.7916895602504288 1.9880391010997909 2.110757564130642 2.1537090261914402 2.2334760271614935 2.1598449493429825 2.012582793705961 1.859184714917397 1.8285050991596843 1.7732817907958012 1.7426021750380885 
-53.5 -53.0 -53.0 -53.0 -53.0 -52.5 -53.0 -53.0 -53.0 -52.5 -52.5 -52.5 -52.0 -52.0 -51.5 -51.0 -51.0 -53.5 -56.0 -58.0 -57.5 -55.5 -55.5 -56.5 -58.0 -63.5 -58.5 -55.0 -57.0 -57.5 -56.0 -55.0 -55.5 -55.0 -55.5 -56.0 -57.5 -60.0 -61.5 -58.0 -56.0 -54.0 -54.0 -55.5 -56.5 -57.0 -57.0 -56.0 -55.0 -54.5 -53.5 
1.8100973297050567 1.7916895602504288 1.8223691760081417 1.7978254834019713 1.7978254834019713 1.8162332528565992 1.8039614065535141 1.8039614065535141 1.761009944492716 1.761009944492716 1.748738098189631 1.7303303287350031 1.718058482431918 1.718058482431918 1.6689710972195777 1.6137477888556946 1.4419419406125027 1.282407938672396 1.1290098598838318 1.1719613219446299 1.012427320004523 1.0246991663076084 1.1474176293384597 1.3314953238847365 1.41126232485479 1.4910293258248433 1.6260196351587797 1.4848934026733007 1.2701360923693108 1.9757672547967058 2.0371264863121317 1.6996507129772904 1.6444274046134073 1.662835174068035 1.6935147898257479 1.7119225592803755 1.7426021750380885 1.8653206380689396 1.9819031779482483 2.098485717827557 1.8530487917658545 1.8714565612204823 1.8837284075235674 1.9696313316451632 2.073942025221387 2.1475731030398975 2.116893487282185 2.030990563160589 1.8039614065535141 1.509437095279471 1.4910293258248433 1.3008157081270237 1.1965050145508 1.1658253987930873 
-51.5 -51.5 -51.5 -51.5 -51.5 -51.5 -51.5 -51.5 -51.5 -51.5 -51.5 -51.5 -51.5 -51.5 -51.5 -52.0 -52.0 -53.0 -54.5 -57.5 -56.5 -55.5 -55.0 -55.0 -54.5 -56.0 -53.5 -52.5 -55.0 -55.0 -52.5 -53.5 -54.0 -55.0 -54.5 -54.5 -54.0 -53.0 -53.5 -55.5 -58.0 -56.0 -54.5 -54.0 -54.0 -55.0 -56.0 -57.0 -58.0 -58.5 -58.0 -56.5 -55.5 -55.0 
2.172116795646068 2.1537090261914402 2.12916533358527 2.12916533358527 2.1046216409791 2.116893487282185 2.0800779483729293 2.067806102069844 2.067806102069844 2.030990563160589 1.9941750242513334 1.9880391010997909 1.932815792735908 1.859184714917397 1.8039614065535141 1.6014759425526093 1.337631247036279 1.000155473701438 0.36815538909255385 0.5092816215780329 1.6873788666742053 1.533980787885641 1.902136176978195 1.6689710972195777 1.3867186322486196 0.6565437772150544 0.8099418560036186 0.9081166264282996 1.8346410223112268 2.3316507975861747 6.092971689481767 2.816388726558037 2.8961557275280905 2.9943304979527716 3.1906800388021335 3.031146036862027 2.3439226438892597 1.4173982480063325 1.337631247036279 1.1658253987930873 1.5278448647340985 2.0923497946760143 2.435961491162398 2.3746022596469727 0.705631162427395 0.4663301595172349 0.6565437772150544 0.7976700097005334 
-53.0 -52.5 -52.5 -52.5 -52.0 -52.0 -52.5 -52.5 -52.5 -52.0 -52.0 -52.0 -52.5 -52.5 -52.5 -53.0 -53.5 -55.0 -57.0 -65.5 -65.0 -61.0 -58.5 -58.5 -59.5 -58.5 -61.0 -65.5 -67.5 -61.0 -75.0 -69.0 -65.5 -63.5 -62.0 -63.0 -63.5 -62.0 -61.0 -59.5 -57.5 -59.0 -59.0 -62.5 -62.5 -60.0 -58.0 -57.5 
2.3746022596469727 2.356194490192345 2.350058567040802 2.3439226438892597 2.2948352586769194 2.3316507975861747 2.3439226438892597 2.3193789512830896 2.270291566070749 2.2518837966161214 2.270291566070749 2.2457478734645786 2.2212041808584084 2.184388641949153 2.1598449493429825 2.018718716857504 1.9266798695843652 1.7794177139473437 1.7548740213411735 2.325514874434632 2.1782527187976104 2.2150682577068657 2.2641556429192065 2.024854640009046 2.000310947402876 1.9757672547967058 2.12916533358527 2.2212041808584084 2.380738182798515 2.448233337465483 2.5402721847386216 2.742757648739526 2.675262494072558 2.662990647769473 2.6016314162540475 2.650718801466388 2.6568547246179306 2.650718801466388 2.5157284921324514 2.3009711818284617 2.386874105950058 2.386874105950058 2.356194490192345 2.4727770300716534 2.5402721847386216 2.6691265709210157 2.5893595699509624 2.5402721847386216 2.448233337465483 2.356194490192345 2.2027964114037806 2.000310947402876 1.9266798695843652 1.8223691760081417 
-52.0 -52.0 -52.0 -51.5 -52.0 -52.0 -51.5 -52.0 -52.0 -51.5 -52.0 -51.5 -51.5 -51.5 -51.5 -51.5 -52.0 -55.5 -59.0 -59.5 -59.5 -58.0 -56.0 -56.0 -55.0 -54.5 -54.0 -54.5 -55.5 -55.5 -56.0 -53.5 -53.5 -53.0 -53.0 -53.0 -52.0 -52.0 -53.5 -55.0 -55.0 -54.5 -53.5 -52.0 -52.5 -53.5 -54.0 -55.5 -55.5 -56.5 -57.5 -57.0 -56.5 -56.0 
0.2699806186678728 0.16566992509164924 0.20248546400090464 0.1227184630308513 0.1902136176978195 0.1043106935762236 0.14112623248547898 0.15339807878856412 0.11044661672776616 0.16566992509164924 0.1595340019401067 0.12885438618239387 0.07363107781851078 0.0674951546669682 0.030679615757712823 0.0 0.030679615757712823 0.14726215563702155 0.4049709280018093 0.8958447801252144 0.5829126993965437 0.859029241215959 0.018407769454627694 6.1420590746941075 6.154330920997192 5.031456984264903 0.803805932852076 0.48473792897186263 0.36815538909255385 0.28838838812250056 0.32520392703175593 0.44178646691106466 0.4663301595172349 6.252505691421874 5.712544454086128 6.22182607566416 0.20248546400090464 0.3436116964863836 0.47860200582032003 0.23930100291016002 0.380427235395639 0.5890486225480862 0.5154175447295755 0.6872233929727672 0.46019423636569234 0.5276893910326605 0.4663301595172349 0.0859029241215959 
-61.5 -61.5 -61.5 -61.0 -61.0 -61.5 -61.0 -61.0 -61.5 -61.0 -61.0 -61.0 -61.5 -60.5 -61.5 -62.5 -63.5 -62.0 -64.5 -62.0 -63.0 -61.5 -60.5 -60.5 -61.5 -64.0 -63.0 -62.5 -64.0 -66.5 -68.0 -65.5 -65.0 -65.5 -66.5 -61.5 -61.5 -60.0 -61.5 -62.0 -60.0 -60.0 -61.5 -61.0 -61.0 -63.0 -63.0 -63.5 
0.2086213871524472 0.14112623248547898 0.12885438618239387 0.14726215563702155 0.11658253987930872 0.15339807878856412 0.1349903093339364 0.1902136176978195 0.1227184630308513 0.09817477042468103 0.14726215563702155 0.04295146206079795 0.06135923151542565 0.09203884727313846 0.018407769454627694 6.240233845118788 6.22182607566416 6.240233845118788 0.15339807878856412 0.23930100291016002 0.1043106935762236 0.4295146206079795 0.1902136176978195 0.2638446955163303 0.3988350048502667 0.28225246497095796 0.11658253987930872 0.2454369260617026 0.1718058482431918 0.5829126993965437 0.5767767762450011 0.4540583132141498 0.5890486225480862 0.4172427743048944 0.3620194659410113 0.4540583132141498 0.30679615757712825 0.30679615757712825 0.28225246497095796 0.5154175447295755 0.42337869745643697 0.3190680038802134 0.5338253141842031 0.5706408530934585 0.5890486225480862 0.3374757733348411 0.32520392703175593 0.2699806186678728 0.3190680038802134 0.25157284921324513 0.30066023442558565 0.1718058482431918 0.07976700097005335 6.240233845118788 
-55.0 -55.5 -55.0 -55.5 -55.5 -55.0 -55.0 -55.0 -55.0 -55.5 -55.5 -55.0 -55.5 -55.0 -55.5 -56.0 -56.5 -57.0 -59.0 -59.5 -62.5 -60.0 -59.0 -60.5 -62.0 -60.5 -59.5 -59.5 -60.5 -60.0 -59.0 -59.0 -59.5 -59.5 -59.0 -57.5 -57.0 -57.0 -60.5 -60.5 -60.5 -59.5 -58.0 -59.0 -59.5 -61.0 -59.5 -59.0 -59.0 -58.0 -58.5 -59.0 -58.0 -57.5 
