0.5491651220630596 3.6324665057131984 3.3747577333484107 3.4913402732277192 3.5465635815916023 0.5276893910326605 3.54042765844006 3.4606606574700063 3.172272269347506 0.6135923151542565 0.5951845456996288 3.522019888985432 3.6876898140770815 3.5281558121369745 2.945243112740431 3.2704470397721868 2.030990563160589 0.4540583132141498 4.902602598082509 4.381049130201391 5.086680292628786 5.197126909356553 5.497787143782138 5.780039608753096 6.270913460876501 
-70.0 -67.0 -66.0 -67.5 -67.0 -69.5 -67.0 -66.0 -66.0 -68.5 -68.5 -64.5 -65.0 -65.0 -64.5 -65.5 -72.5 -71.0 -69.0 -69.5 -64.5 -61.0 -62.0 -65.0 -70.0 
2.736621725587984 2.662990647769473 2.662990647769473 2.675262494072558 2.6875343403756435 2.705942109830271 2.730485802436441 2.6691265709210157 2.6200391857086753 2.767301341345697 2.736621725587984 2.718213956133356 2.6016314162540475 2.736621725587984 2.6875343403756435 2.736621725587984 2.7857091108003242 2.705942109830271 2.4850488763747385 2.7120780329818137 2.693670263527186 2.6384469551633027 2.6813984172241008 2.6323110320117604 2.509592568980909 2.399145952253143 2.6261751088602177 2.724349879284899 2.5832236467994196 2.2764274892222915 5.620505606812989 2.6568547246179306 2.6384469551633027 2.773437264497239 2.8409324191642074 2.9759227284981438 2.816388726558037 2.6384469551633027 2.564815877344792 1.8346410223112268 1.6935147898257479 2.478912953223196 2.9513790358919736 3.3440781175906977 3.5036121195308043 2.705942109830271 2.5280003384355365 2.2027964114037806 2.1905245651006955 2.184388641949153 2.2396119503130363 2.3930100291016 2.3439226438892597 
-60.5 -60.0 -60.0 -60.0 -60.5 -60.0 -60.0 -60.0 -60.5 -60.5 -60.5 -60.0 -60.5 -60.5 -59.5 -60.0 -60.0 -59.5 -59.0 -58.5 -60.0 -59.5 -62.0 -62.0 -63.0 -61.0 -59.0 -58.0 -58.0 -59.5 -65.5 -62.0 -62.0 -63.5 -64.5 -63.5 -63.5 -63.0 -63.0 -63.0 -63.0 -60.0 -60.0 -61.0 -64.0 -66.5 -64.5 -63.5 -62.0 -63.0 -62.5 -62.5 -63.0 
5.089748254204557 2.0493983326152168 1.9573594853420782 2.024854640009046 2.018718716857504 2.012582793705961 2.055534255766759 1.9696313316451632 2.012582793705961 1.9941750242513334 2.000310947402876 1.9512235621905356 2.0064468705544187 1.9757672547967058 2.030990563160589 2.000310947402876 2.043262409463674 2.067806102069844 2.1046216409791 2.030990563160589 1.9634954084936207 1.8100973297050567 1.5585244804918115 1.4480778637640452 1.4910293258248433 1.846912868614312 1.9266798695843652 1.6198837120072371 1.3192234775816514 1.1903690913992575 1.2333205534600555 1.2210487071569704 1.0615147052168636 0.9387962421860124 1.6812429435226628 1.88986433067511 1.859184714917397 1.8285050991596843 1.6751070203711202 1.5401167110371838 1.3867186322486196 1.3008157081270237 1.552388557340269 2.1659808724945253 2.3009711818284617 2.3071071049800045 2.4605051837685683 2.2334760271614935 2.1046216409791 2.184388641949153 2.2027964114037806 2.0923497946760143 1.9880391010997909 1.9696313316451632 1.8653206380689396 1.8407769454627694 
-52.5 -52.0 -52.0 -52.0 -52.0 -52.0 -52.0 -52.0 -52.0 -52.0 -52.0 -52.5 -52.0 -52.0 -52.0 -52.0 -52.0 -52.0 -52.0 -52.0 -52.0 -52.5 -54.0 -55.5 -59.5 -60.5 -57.5 -57.0 -55.5 -55.0 -54.5 -56.0 -59.5 -65.0 -61.0 -55.0 -52.5 -51.5 -52.0 -53.5 -54.5 -56.0 -59.5 -55.5 -53.5 -56.5 -59.0 -56.5 -53.5 -53.5 -54.0 -55.0 -54.5 -55.0 -55.5 -56.0 
1.5707963267948966 1.6260196351587797 1.6137477888556946 1.6935147898257479 1.6996507129772904 1.718058482431918 1.6996507129772904 1.7119225592803755 1.6689710972195777 1.6935147898257479 1.6444274046134073 1.6321555583103222 1.6014759425526093 1.662835174068035 1.662835174068035 1.718058482431918 1.7548740213411735 1.7732817907958012 1.736466251886546 1.7671458676442586 1.6321555583103222 1.4664856332186729 1.325359400733194 1.0983302441261191 1.0615147052168636 1.1965050145508 1.1351457830353744 1.1903690913992575 1.3069516312785663 1.3314953238847365 1.2455923997631406 1.2210487071569704 1.521708941582556 1.8162332528565992 1.7241944055834606 1.5707963267948966 1.2762720155208536 1.1290098598838318 1.012427320004523 0.9817477042468103 0.9817477042468103 1.1228739367322893 1.4051264017032472 1.5585244804918115 1.7794177139473437 1.8714565612204823 2.0064468705544187 2.1046216409791 2.0923497946760143 1.9941750242513334 1.8960002538266525 1.8223691760081417 1.6382914814618648 1.4726215563702154 1.2640001692177683 1.2640001692177683 
-52.0 -52.0 -52.0 -52.0 -52.0 -51.5 -51.5 -52.0 -52.0 -52.0 -52.0 -52.0 -51.5 -52.0 -51.5 -52.0 -52.0 -51.5 -51.5 -51.5 -52.0 -52.0 -52.0 -53.5 -56.5 -57.0 -56.5 -56.0 -55.5 -55.5 -55.5 -56.5 -57.5 -55.5 -52.5 -52.5 -52.0 -53.5 -56.0 -57.0 -58.0 -57.5 -55.5 -54.5 -53.0 -51.5 -52.0 -53.0 -54.0 -55.5 -55.0 -56.5 -57.5 -57.5 -57.0 -56.5 
1.2640001692177683 1.2517283229146832 1.3130875544301088 1.2578642460662257 1.3437671701878218 1.2517283229146832 1.4173982480063325 1.3008157081270237 1.282407938672396 1.325359400733194 1.3560390164909069 1.3314953238847365 1.3867186322486196 1.3744467859455345 1.3867186322486196 1.5155730184310134 1.4848934026733007 1.5155730184310134 1.4787574795217582 1.5033011721279284 1.3928545554001621 1.184233168247715 1.0246991663076084 0.7240389318820226 0.8651651643675016 1.6444274046134073 1.9696313316451632 1.7303303287350031 1.8162332528565992 2.024854640009046 2.3071071049800045 2.6998061866787286 0.760854470791278 0.705631162427395 0.8406214717613314 2.1598449493429825 2.4850488763747385 2.5954954931025047 2.6691265709210157 2.8532042654672924 2.8716120349219203 2.1966604882522383 1.3621749396424494 0.9019807032767571 1.4173982480063325 2.2641556429192065 2.429825568010856 2.1598449493429825 2.435961491162398 1.761009944492716 1.1167380135807468 0.8222137023067037 0.6504078540635119 
-53.5 -53.5 -53.0 -53.0 -53.0 -53.0 -53.0 -52.5 -53.0 -52.5 -52.5 -52.5 -52.5 -52.5 -52.5 -52.5 -53.0 -52.5 -52.5 -53.0 -53.0 -53.5 -55.5 -60.0 -63.0 -61.0 -55.5 -55.0 -55.5 -57.0 -58.5 -63.0 -59.5 -61.0 -65.5 -67.0 -63.0 -59.0 -58.5 -54.5 -52.5 -53.5 -56.0 -57.0 -57.5 -58.0 -59.0 -60.5 -61.0 -66.5 -64.5 -61.0 -59.5 
1.902136176978195 1.932815792735908 1.9389517158874505 1.9573594853420782 1.945087639038993 1.9389517158874505 1.932815792735908 1.9573594853420782 1.945087639038993 1.9757672547967058 1.9573594853420782 1.9389517158874505 1.9573594853420782 1.9696313316451632 1.9880391010997909 2.0064468705544187 1.9941750242513334 2.030990563160589 2.000310947402876 2.024854640009046 1.9819031779482483 1.932815792735908 1.6996507129772904 2.0493983326152168 2.030990563160589 2.0923497946760143 2.067806102069844 2.1537090261914402 2.1905245651006955 2.399145952253143 2.497320722677824 2.662990647769473 2.675262494072558 2.693670263527186 2.6384469551633027 2.466641106920111 2.3623304133438876 2.3193789512830896 2.2580197197676637 2.2334760271614935 2.2764274892222915 2.350058567040802 2.3930100291016 2.1659808724945253 1.9880391010997909 1.9757672547967058 2.282563412373834 2.705942109830271 2.804116880254952 2.705942109830271 2.6200391857086753 2.521864415283994 2.2948352586769194 2.0923497946760143 2.1659808724945253 
-51.5 -52.0 -52.0 -51.5 -51.5 -51.5 -52.0 -52.0 -52.0 -51.5 -51.5 -51.5 -51.5 -51.0 -51.5 -51.5 -51.5 -51.0 -51.5 -51.5 -51.5 -53.0 -55.0 -58.0 -59.0 -57.5 -54.0 -53.5 -53.0 -54.0 -54.0 -54.0 -54.5 -55.0 -54.5 -53.5 -53.0 -53.0 -53.5 -54.0 -53.5 -51.0 -50.0 -50.5 -51.5 -54.5 -54.5 -53.0 -54.0 -55.0 -55.0 -56.5 -57.5 -57.5 -57.0 
6.096039651057538 6.111379458936394 0.03681553890925539 6.270913460876501 6.025476534814799 5.976389149602458 6.240233845118788 6.166602767300278 6.227961998815704 0.07976700097005335 6.068427996875596 6.056156150572511 6.178874613603362 6.258641614573416 6.160466844148735 6.258641614573416 0.006135923151542565 5.773903685601553 6.17273869045182 0.11658253987930872 6.105243535784852 0.14726215563702155 0.47860200582032003 0.19634954084936207 0.5399612373357456 0.0859029241215959 5.816855147662351 5.755495916146925 6.086835766330224 0.16566992509164924 0.4970097752749477 0.9878836273983529 6.1420590746941075 0.4908738521234052 0.47860200582032003 0.7853981633974483 0.9510680884890975 0.6135923151542565 0.02454369260617026 5.424156065963627 5.129631754689584 5.6143696836614465 0.20248546400090464 0.4663301595172349 0.018407769454627694 6.2463697682703305 0.28838838812250056 0.3190680038802134 0.3620194659410113 0.23316507975861744 0.25157284921324513 
-62.5 -61.0 -61.0 -61.5 -61.0 -60.5 -61.0 -61.0 -61.0 -61.0 -62.0 -60.0 -60.5 -60.5 -60.5 -61.0 -60.5 -60.5 -62.5 -62.0 -65.5 -67.0 -64.0 -62.5 -65.0 -62.5 -62.0 -61.5 -58.0 -59.0 -60.5 -65.0 -67.5 -64.5 -64.0 -63.5 -60.5 -57.5 -58.0 -61.0 -65.5 -67.0 -63.0 -60.0 -63.5 -59.5 -60.0 -60.5 -61.0 -61.0 -61.0 
6.071495958451368 6.154330920997192 6.178874613603362 6.191146459906448 6.191146459906448 6.129787228391022 6.12365130523948 6.135923151542564 6.19728238305799 6.1420590746941075 6.154330920997192 6.240233845118788 6.117515382087937 6.215690152512618 6.2463697682703305 6.240233845118788 6.166602767300278 6.234097921967246 6.252505691421874 0.006135923151542565 0.05522330836388308 0.07976700097005335 0.20248546400090464 0.1595340019401067 0.05522330836388308 6.264777537724958 0.4970097752749477 0.4479223900626072 0.47860200582032003 0.30066023442558565 0.25157284921324513 0.5890486225480862 0.705631162427395 0.7976700097005334 0.5829126993965437 0.39269908169872414 0.32520392703175593 0.11658253987930872 0.11658253987930872 0.15339807878856412 6.264777537724958 6.043884304269426 6.092971689481767 0.09203884727313846 0.07976700097005335 0.3865631585471816 0.7363107781851077 0.9142525495798421 0.36815538909255385 0.39269908169872414 0.3374757733348411 0.3313398501832985 0.20248546400090464 0.2086213871524472 
-56.5 -55.5 -55.0 -55.5 -55.5 -55.0 -55.5 -55.5 -55.5 -55.0 -55.0 -55.0 -55.0 -54.5 -54.5 -55.0 -55.0 -55.0 -55.0 -55.0 -55.5 -56.0 -57.5 -58.0 -59.5 -60.5 -62.5 -59.5 -59.5 -59.5 -61.5 -58.5 -58.5 -60.0 -62.0 -61.0 -59.5 -59.0 -57.5 -56.5 -56.5 -58.0 -60.5 -61.0 -62.0 -60.5 -61.5 -63.5 -62.0 -60.5 -59.5 -59.5 -60.0 -59.0 
