4.23378697456437 1.1044661672776617 1.3192234775816514 1.337631247036279 1.1228739367322893 0.7731263170943632 0.2086213871524472 5.970253226450915 5.780039608753096 5.21553467881118 5.148039524144211 5.148039524144211 5.178719139901925 5.209398755659637 5.957981380147831 5.786175531904639 
-70.5 -70.5 -71.5 -72.0 -72.0 -74.5 -67.0 -71.0 -71.0 -68.0 -67.0 -65.5 -68.0 -71.0 -67.5 -73.5 
2.945243112740431 3.018874190558942 2.9636508821950587 3.000466421104314 3.055689729468197 2.9943304979527716 2.9759227284981438 2.9636508821950587 3.043417883165112 3.0250101137104846 3.043417883165112 3.031146036862027 3.0127382674073995 3.018874190558942 3.000466421104314 3.055689729468197 3.018874190558942 2.9206994201342606 2.9575149590435164 3.104777114680538 2.9022916506796332 3.129320807286708 3.141592653589793 3.2397674240144743 3.117048960983623 3.7122335066832517 3.5833791205008576 3.4177091954092087 3.466796580621549 3.1784081924990484 3.0066023442558567 2.84706834231575 3.000466421104314 2.9575149590435164 2.945243112740431 2.8532042654672924 2.773437264497239 2.8716120349219203 2.890019804376548 2.9391071895888885 2.9329712664373457 3.2827188860752723 2.9697868053466014 2.9697868053466014 2.761165418194154 2.509592568980909 2.761165418194154 3.1906800388021335 3.509748042682347 2.6139032625571326 3.11091303783208 3.3011266555298997 3.141592653589793 3.552699504743145 2.337786720737717 
-60.5 -61.0 -61.0 -60.5 -60.5 -61.0 -61.0 -60.5 -60.0 -61.5 -61.0 -61.0 -61.5 -61.5 -61.5 -60.5 -61.5 -61.0 -61.5 -61.5 -61.5 -62.5 -62.0 -64.0 -64.0 -65.0 -66.5 -65.0 -64.0 -62.0 -60.0 -59.5 -59.5 -61.0 -62.0 -63.0 -62.5 -63.5 -63.5 -63.5 -63.0 -63.5 -63.5 -63.5 -62.5 -62.5 -62.0 -63.5 -64.0 -63.5 -62.0 -62.0 -62.5 -65.0 -63.0 
2.0064468705544187 2.012582793705961 2.018718716857504 2.086213871524472 2.018718716857504 2.0371264863121317 2.0371264863121317 1.9819031779482483 1.9757672547967058 2.0064468705544187 2.000310947402876 2.018718716857504 2.018718716857504 1.9757672547967058 1.9941750242513334 2.030990563160589 2.061670178918302 2.018718716857504 2.055534255766759 1.9880391010997909 1.9880391010997909 1.9819031779482483 1.8837284075235674 1.6321555583103222 1.4603497100671303 1.3008157081270237 1.380582709097077 1.7794177139473437 1.8714565612204823 1.6382914814618648 1.6014759425526093 1.521708941582556 1.6014759425526093 1.705786636128833 1.8162332528565992 1.9205439464328227 2.0493983326152168 2.086213871524472 2.0800779483729293 2.043262409463674 2.024854640009046 2.024854640009046 2.0064468705544187 1.9819031779482483 2.024854640009046 2.018718716857504 1.9144080232812801 1.88986433067511 1.6751070203711202 1.509437095279471 1.5401167110371838 1.705786636128833 1.8162332528565992 1.932815792735908 1.736466251886546 1.6260196351587797 1.7978254834019713 1.8407769454627694 
-53.5 -53.0 -53.5 -53.5 -54.0 -53.5 -53.5 -53.5 -54.0 -53.5 -53.5 -53.5 -53.5 -53.5 -54.0 -54.0 -54.0 -54.0 -53.5 -53.5 -53.0 -53.0 -52.5 -53.5 -55.0 -57.5 -60.5 -61.0 -57.5 -57.5 -56.5 -55.0 -55.0 -55.5 -58.0 -57.0 -56.0 -55.0 -54.0 -54.0 -53.5 -54.0 -54.0 -54.5 -54.5 -55.0 -56.0 -57.0 -55.5 -54.5 -55.0 -56.5 -57.0 -60.5 -59.0 -56.0 -54.0 -52.5 
1.9757672547967058 2.018718716857504 1.9512235621905356 1.9144080232812801 1.945087639038993 1.9573594853420782 1.9573594853420782 1.945087639038993 1.902136176978195 1.9144080232812801 1.8960002538266525 1.9266798695843652 1.932815792735908 1.9266798695843652 1.9205439464328227 1.932815792735908 1.9205439464328227 1.932815792735908 1.8775924843720249 1.9573594853420782 1.8775924843720249 1.8223691760081417 1.736466251886546 1.5033011721279284 1.3621749396424494 1.423534171157875 1.4480778637640452 1.6566992509164924 1.6382914814618648 1.5830681730979816 1.5278448647340985 1.5278448647340985 1.607611865704152 1.761009944492716 1.9389517158874505 1.945087639038993 1.8039614065535141 1.6751070203711202 1.607611865704152 1.5462526341887264 1.6444274046134073 1.6321555583103222 1.6444274046134073 1.6812429435226628 1.6812429435226628 1.8100973297050567 1.8775924843720249 1.846912868614312 1.6505633277649499 1.4971652489763858 1.4787574795217582 1.705786636128833 1.7426021750380885 1.859184714917397 1.6444274046134073 1.5892040962495242 1.5462526341887264 1.6260196351587797 
-52.5 -52.5 -52.5 -52.0 -52.5 -52.0 -52.5 -52.0 -52.5 -52.5 -52.5 -52.0 -52.5 -52.5 -52.5 -52.5 -52.5 -52.5 -52.5 -52.5 -52.5 -52.5 -52.0 -53.0 -54.5 -56.0 -57.0 -57.0 -56.0 -55.0 -54.0 -53.0 -52.5 -53.0 -54.0 -54.5 -55.0 -54.5 -54.0 -54.0 -54.0 -54.0 -53.5 -54.0 -53.5 -52.5 -52.0 -52.0 -52.5 -52.5 -53.5 -55.5 -56.0 -57.0 -57.0 -56.0 -54.5 -54.0 
2.12916533358527 2.098485717827557 2.1046216409791 2.055534255766759 2.110757564130642 2.073942025221387 2.073942025221387 2.061670178918302 2.067806102069844 2.055534255766759 2.012582793705961 2.012582793705961 1.9573594853420782 2.024854640009046 2.024854640009046 2.000310947402876 2.018718716857504 2.073942025221387 2.086213871524472 1.9634954084936207 1.9757672547967058 1.88986433067511 1.7978254834019713 1.6566992509164924 1.5707963267948966 1.4910293258248433 1.3744467859455345 1.8653206380689396 2.2764274892222915 2.399145952253143 2.1659808724945253 2.030990563160589 2.012582793705961 1.859184714917397 1.705786636128833 1.7978254834019713 1.88986433067511 2.018718716857504 2.110757564130642 2.116893487282185 2.116893487282185 2.067806102069844 2.0800779483729293 1.9880391010997909 1.932815792735908 1.7855536370988863 1.5707963267948966 1.2210487071569704 1.5401167110371838 1.8653206380689396 2.270291566070749 2.5954954931025047 2.6016314162540475 1.282407938672396 1.3192234775816514 1.5033011721279284 
-53.5 -54.0 -53.5 -54.0 -53.5 -53.5 -53.5 -53.5 -54.0 -54.0 -54.0 -54.0 -54.0 -53.5 -54.0 -54.0 -54.5 -54.0 -54.5 -54.0 -54.0 -53.5 -53.5 -53.5 -54.5 -56.0 -58.5 -61.0 -61.5 -59.0 -58.5 -57.5 -58.0 -60.0 -60.5 -59.0 -58.0 -56.5 -56.5 -55.5 -56.0 -55.5 -55.0 -55.5 -56.0 -57.0 -60.5 -63.0 -63.5 -60.0 -58.5 -59.0 -63.0 -60.0 -57.5 -55.0 
2.448233337465483 2.509592568980909 2.466641106920111 2.429825568010856 2.454369260617026 2.4727770300716534 2.454369260617026 2.442097414313941 2.466641106920111 2.399145952253143 2.435961491162398 2.429825568010856 2.411417798556228 2.429825568010856 2.423689644859313 2.405281875404685 2.4850488763747385 2.423689644859313 2.399145952253143 2.423689644859313 2.380738182798515 2.2948352586769194 2.172116795646068 1.9144080232812801 1.705786636128833 1.761009944492716 1.8285050991596843 2.184388641949153 2.36846633649543 2.325514874434632 2.2641556429192065 2.3316507975861747 2.325514874434632 2.350058567040802 2.36846633649543 2.386874105950058 2.423689644859313 2.4911847995262812 2.478912953223196 2.478912953223196 2.4605051837685683 2.448233337465483 2.405281875404685 2.3316507975861747 2.313243028131547 2.325514874434632 2.380738182798515 2.423689644859313 2.3316507975861747 2.1659808724945253 2.116893487282185 2.411417798556228 2.5709518004963345 2.399145952253143 2.1353012567368124 1.9512235621905356 1.932815792735908 1.9941750242513334 
-51.0 -51.0 -51.5 -51.0 -51.5 -51.5 -51.5 -51.5 -51.0 -51.0 -51.5 -51.5 -51.5 -51.5 -51.5 -51.5 -51.5 -51.5 -51.5 -51.5 -51.5 -51.5 -51.5 -52.0 -53.5 -55.5 -56.0 -55.5 -54.5 -53.0 -53.0 -52.5 -52.5 -52.5 -52.0 -51.0 -50.5 -50.0 -50.5 -50.5 -50.5 -50.5 -50.5 -50.5 -50.5 -51.0 -51.5 -51.5 -52.0 -52.0 -52.5 -53.5 -53.5 -55.5 -56.0 -54.0 -54.0 -52.0 
0.12885438618239387 0.1902136176978195 0.2761165418194154 0.2638446955163303 0.16566992509164924 0.2270291566070749 0.18407769454627693 0.18407769454627693 0.22089323345553233 0.1043106935762236 0.25157284921324513 0.22089323345553233 0.11044661672776616 0.21475731030398976 6.264777537724958 0.14112623248547898 0.15339807878856412 0.2270291566070749 0.16566992509164924 0.1595340019401067 0.30066023442558565 0.3313398501832985 0.12885438618239387 6.264777537724958 6.277049384028044 0.25770877236478773 0.1902136176978195 5.878214379177777 0.47860200582032003 0.4970097752749477 0.2270291566070749 6.2463697682703305 6.043884304269426 0.04908738521234052 0.23316507975861744 0.1349903093339364 6.2463697682703305 6.160466844148735 6.000932842208628 6.037748381117884 6.068427996875596 6.080699843178682 6.007068765360171 5.835262917116979 5.859806609723149 5.8045833013592665 6.117515382087937 0.04295146206079795 5.841398840268521 5.939573610693203 6.277049384028044 0.859029241215959 0.5706408530934585 0.006135923151542565 0.1718058482431918 6.252505691421874 6.086835766330224 0.0674951546669682 
-58.5 -58.5 -58.5 -58.5 -58.5 -58.5 -58.5 -58.0 -59.5 -58.5 -58.5 -59.0 -59.5 -59.0 -58.5 -59.0 -58.5 -58.5 -59.0 -59.5 -59.5 -59.5 -59.5 -59.0 -60.5 -61.5 -59.0 -62.0 -64.0 -61.5 -60.5 -61.0 -59.5 -59.0 -58.5 -60.5 -60.5 -60.0 -61.0 -59.5 -60.5 -60.0 -60.0 -60.5 -60.5 -62.0 -62.0 -61.5 -61.5 -62.5 -61.0 -61.5 -59.0 -59.5 -57.5 -59.0 -60.5 -59.5 
0.2945243112740431 0.25157284921324513 0.3190680038802134 0.3436116964863836 0.37429131224409645 0.34974761963792617 0.2638446955163303 0.2699806186678728 0.2761165418194154 0.2945243112740431 0.25157284921324513 0.2638446955163303 0.25157284921324513 0.2699806186678728 0.23316507975861744 0.37429131224409645 0.34974761963792617 0.3374757733348411 0.36815538909255385 0.32520392703175593 0.2699806186678728 0.20248546400090464 0.14112623248547898 0.11658253987930872 0.03681553890925539 0.1227184630308513 6.234097921967246 6.252505691421874 0.25157284921324513 0.25157284921324513 0.28225246497095796 0.09817477042468103 0.380427235395639 0.25770877236478773 0.2761165418194154 0.19634954084936207 0.30066023442558565 0.11044661672776616 6.240233845118788 6.0991076126333095 6.14819499784565 6.160466844148735 6.17273869045182 6.215690152512618 0.3865631585471816 0.28225246497095796 0.3988350048502667 0.2699806186678728 0.28838838812250056 0.0674951546669682 0.030679615757712823 0.2945243112740431 0.1349903093339364 6.14819499784565 6.1850105367549055 6.191146459906448 0.006135923151542565 0.07976700097005335 
-54.5 -54.5 -55.0 -54.5 -54.5 -55.0 -55.0 -55.0 -55.5 -55.0 -55.0 -55.0 -55.5 -55.5 -55.0 -55.0 -55.0 -55.0 -55.0 -55.0 -55.0 -55.0 -55.5 -57.0 -58.0 -58.5 -58.0 -62.0 -64.5 -61.5 -61.0 -60.5 -60.0 -61.0 -62.5 -63.0 -62.0 -60.0 -59.0 -59.0 -58.5 -59.0 -58.5 -60.5 -61.0 -64.0 -61.0 -60.5 -62.0 -64.5 -63.0 -61.0 -61.0 -60.0 -58.5 -57.5 -57.5 -55.0 
