5.043728830567988 5.258486140871978 5.1725832167503825 5.117359908386499 5.184855063053467 4.933282213840222 5.178719139901925 5.074408446325701 5.178719139901925 5.178719139901925 5.197126909356553 5.117359908386499 5.129631754689584 5.221670601962723 5.21553467881118 5.141903600992669 5.080544369477243 4.994641445355648 5.160311370447297 4.994641445355648 4.828971520263998 4.878058905476339 4.804427827657828 4.552854978444583 4.479223900626073 1.141281706186917 3.9576704327449543 4.583534594202296 4.669437518323892 
-65.5 -67.0 -66.0 -65.5 -65.5 -66.5 -67.0 -66.5 -66.5 -65.5 -65.5 -64.5 -66.0 -65.5 -66.0 -66.0 -66.0 -65.0 -65.5 -65.5 -66.0 -69.0 -66.0 -64.0 -63.5 -66.0 -65.5 -66.0 -67.0 
3.5895150436524004 3.6017868899554855 3.6447383520162835 3.6876898140770815 3.6263305825616556 3.7122335066832517 3.724505352986337 3.5711072741977725 3.650874275167826 3.6754179677739964 3.6999616603801666 3.761320891895592 3.6754179677739964 3.785864584501762 3.5281558121369745 3.6201946594101133 3.6140587362585705 3.6079228131070282 3.718369429834794 3.7981364308048478 3.761320891895592 3.6876898140770815 3.6447383520162835 3.7429131224409646 3.724505352986337 3.5772431973493153 3.6386024288647407 3.436116964863836 3.313398501832985 2.8654761117703775 2.4605051837685683 2.386874105950058 2.773437264497239 2.325514874434632 2.423689644859313 2.834796496012665 2.859340188618835 3.000466421104314 3.000466421104314 3.2704470397721868 2.9575149590435164 5.964117303299373 2.6139032625571326 2.675262494072558 2.662990647769473 3.11091303783208 3.3072625786814425 3.497476196379262 2.8961557275280905 2.773437264497239 3.117048960983623 3.6447383520162835 4.135612204139688 4.178563666200486 
-61.0 -61.5 -61.5 -61.5 -62.0 -62.0 -62.0 -62.5 -63.0 -63.0 -62.0 -63.0 -62.5 -63.0 -63.0 -63.0 -63.0 -63.0 -62.5 -61.5 -60.0 -59.5 -59.0 -59.0 -59.0 -59.0 -58.5 -57.5 -56.5 -56.0 -58.0 -63.0 -62.0 -61.5 -63.0 -63.0 -62.5 -63.0 -63.5 -63.5 -64.5 -65.0 -62.5 -61.5 -60.0 -60.0 -60.5 -63.0 -62.5 -59.0 -58.0 -57.5 -61.0 -61.5 
2.2948352586769194 2.313243028131547 2.3746022596469727 2.356194490192345 2.3316507975861747 2.2886993355253766 2.2212041808584084 2.2150682577068657 2.2150682577068657 2.1905245651006955 2.172116795646068 2.2396119503130363 2.2518837966161214 2.337786720737717 2.3316507975861747 2.3316507975861747 2.313243028131547 2.313243028131547 2.2886993355253766 2.270291566070749 2.1598449493429825 1.8775924843720249 1.8039614065535141 1.846912868614312 1.8714565612204823 1.8530487917658545 1.945087639038993 1.7548740213411735 1.748738098189631 1.6751070203711202 1.6321555583103222 1.4358060174609601 1.239456476611598 1.9266798695843652 2.270291566070749 2.024854640009046 1.8346410223112268 1.7855536370988863 1.7426021750380885 1.718058482431918 1.6873788666742053 4.9302142522644505 1.736466251886546 1.6505633277649499 1.6996507129772904 1.5830681730979816 1.2026409377023426 1.3437671701878218 1.325359400733194 1.5401167110371838 1.7241944055834606 1.6873788666742053 1.5830681730979816 1.607611865704152 
-56.5 -56.5 -57.0 -57.0 -56.5 -57.0 -57.0 -57.0 -57.5 -58.0 -58.5 -58.5 -58.5 -58.5 -58.5 -58.5 -58.5 -58.5 -58.0 -56.5 -55.0 -54.5 -56.0 -58.0 -57.5 -58.0 -57.0 -55.5 -54.0 -52.0 -51.5 -53.0 -57.5 -60.5 -59.0 -58.5 -57.0 -56.5 -55.5 -55.5 -55.5 -56.0 -57.5 -58.0 -60.5 -63.0 -59.0 -54.0 -52.0 -52.0 -54.0 -58.0 -60.5 -56.5 
2.12916533358527 2.1537090261914402 2.12916533358527 2.141437179888355 2.1475731030398975 2.1598449493429825 2.1782527187976104 2.2150682577068657 2.2027964114037806 2.2641556429192065 2.2334760271614935 2.2396119503130363 2.227340104009951 2.2150682577068657 2.2334760271614935 2.227340104009951 2.2089323345553233 2.2212041808584084 2.2089323345553233 2.1598449493429825 2.000310947402876 1.6566992509164924 1.521708941582556 1.4358060174609601 1.4848934026733007 1.552388557340269 1.4787574795217582 1.4358060174609601 1.521708941582556 1.4358060174609601 1.3867186322486196 1.1474176293384597 1.6873788666742053 1.9880391010997909 1.7671458676442586 1.4358060174609601 1.3130875544301088 1.3314953238847365 1.282407938672396 1.2026409377023426 1.1719613219446299 1.175029283520401 1.2517283229146832 1.4051264017032472 1.7303303287350031 1.8100973297050567 1.6260196351587797 1.2578642460662257 1.1044661672776617 1.1535535524900022 1.3314953238847365 1.4542137869155878 1.4726215563702154 1.533980787885641 
-52.5 -52.0 -52.0 -52.5 -52.5 -52.5 -52.5 -53.0 -52.5 -53.0 -53.0 -52.5 -53.0 -53.0 -53.0 -53.0 -53.0 -53.0 -52.5 -52.0 -50.5 -50.5 -51.0 -51.5 -52.5 -53.5 -54.0 -54.0 -53.5 -52.5 -52.5 -55.5 -58.0 -54.5 -55.0 -56.5 -55.5 -55.5 -55.0 -54.5 -54.5 -54.5 -54.0 -54.5 -55.0 -55.5 -56.5 -55.5 -53.5 -52.0 -51.5 -52.5 -53.5 -53.0 
2.0064468705544187 2.067806102069844 2.0923497946760143 2.12916533358527 2.098485717827557 2.1230294104337273 2.073942025221387 2.0800779483729293 2.0493983326152168 2.012582793705961 2.0923497946760143 2.061670178918302 2.030990563160589 2.1230294104337273 2.1353012567368124 2.1230294104337273 2.1230294104337273 2.098485717827557 2.055534255766759 2.0064468705544187 1.8530487917658545 1.3621749396424494 1.1290098598838318 1.282407938672396 1.2333205534600555 1.2333205534600555 1.5462526341887264 2.012582793705961 2.2764274892222915 2.4175537217077703 1.533980787885641 0.8222137023067037 0.6442719309119693 1.3989904785517047 2.1659808724945253 2.3193789512830896 2.3071071049800045 1.7855536370988863 4.663301595172349 1.346835131763593 1.2517283229146832 0.8283496254582462 0.5154175447295755 0.2945243112740431 0.705631162427395 2.141437179888355 2.380738182798515 2.429825568010856 2.043262409463674 1.2333205534600555 1.1290098598838318 1.0799224746714913 
-55.0 -54.5 -54.5 -55.0 -54.5 -54.5 -54.5 -55.0 -55.0 -55.0 -54.5 -55.0 -54.5 -55.0 -55.0 -55.0 -55.0 -55.0 -54.5 -55.0 -54.0 -55.0 -56.5 -58.0 -58.0 -60.0 -61.5 -60.5 -59.5 -58.5 -60.0 -58.5 -61.0 -66.0 -63.5 -63.0 -65.5 -67.5 -66.5 -66.0 -65.5 -61.5 -59.0 -59.0 -62.5 -60.5 -56.5 -57.5 -60.0 -59.5 -60.0 -58.5 
2.478912953223196 2.466641106920111 2.454369260617026 2.5034566458293663 2.497320722677824 2.509592568980909 2.497320722677824 2.4911847995262812 2.5034566458293663 2.5280003384355365 2.5341362615870793 2.521864415283994 2.5586799541932495 2.5893595699509624 2.5832236467994196 2.564815877344792 2.5832236467994196 2.564815877344792 2.5157284921324514 2.4727770300716534 2.3193789512830896 1.9144080232812801 1.8100973297050567 1.8100973297050567 1.8285050991596843 2.067806102069844 2.2396119503130363 2.435961491162398 2.521864415283994 2.564815877344792 2.5341362615870793 2.3746022596469727 2.2089323345553233 2.791845033951867 2.9206994201342606 3.0802334220743677 2.859340188618835 2.816388726558037 2.8838838812250054 2.890019804376548 2.9022916506796332 6.145127036269878 2.9329712664373457 2.8409324191642074 2.650718801466388 2.448233337465483 2.2580197197676637 2.3009711818284617 2.3316507975861747 2.3193789512830896 2.2641556429192065 1.9941750242513334 1.8867963690993386 1.8960002538266525 
-52.5 -52.0 -52.5 -52.5 -52.5 -53.0 -53.0 -53.0 -53.0 -52.5 -53.0 -53.0 -52.5 -53.0 -53.0 -53.0 -53.0 -53.0 -52.5 -52.5 -52.0 -52.5 -54.0 -54.5 -55.0 -55.5 -55.0 -54.0 -53.5 -53.0 -54.0 -55.5 -57.0 -59.5 -56.5 -53.0 -51.5 -51.5 -52.0 -52.5 -53.0 -54.0 -54.0 -56.5 -58.5 -59.0 -57.5 -55.5 -54.5 -53.5 -54.5 -55.0 -56.0 -54.5 
0.23316507975861744 0.2086213871524472 0.12885438618239387 0.15339807878856412 0.1595340019401067 0.18407769454627693 0.2270291566070749 0.18407769454627693 0.2086213871524472 0.22089323345553233 0.2761165418194154 0.1718058482431918 0.21475731030398976 0.22089323345553233 0.2638446955163303 0.2086213871524472 0.2699806186678728 0.22089323345553233 0.2270291566070749 0.4049709280018093 0.14112623248547898 0.30066023442558565 0.1902136176978195 6.191146459906448 5.964117303299373 5.6573211457222445 0.03681553890925539 0.6258641614573416 0.8651651643675016 0.7915340865489908 0.8651651643675016 0.5767767762450011 5.295301679781233 4.718524903536232 4.908738521234052 5.246214294568893 5.160311370447297 5.553010452146021 5.439495873842484 5.522330836388308 5.970253226450915 0.3865631585471816 0.760854470791278 0.6872233929727672 0.521553467881118 0.3313398501832985 6.135923151542564 5.632777453116074 6.191146459906448 
-61.0 -61.0 -61.0 -61.0 -61.0 -60.5 -61.0 -60.0 -60.5 -60.5 -61.5 -61.5 -61.5 -61.5 -62.0 -61.5 -61.5 -62.0 -61.5 -61.5 -62.5 -62.5 -60.0 -58.5 -62.5 -65.0 -62.0 -58.0 -57.5 -58.0 -58.5 -60.5 -67.0 -66.0 -65.5 -63.0 -62.5 -62.5 -63.0 -63.0 -62.5 -61.0 -58.0 -56.5 -56.0 -57.5 -60.5 -61.0 -58.5 
0.2454369260617026 0.3313398501832985 0.30679615757712825 0.35588354278946877 0.3620194659410113 0.3313398501832985 0.3374757733348411 0.34974761963792617 0.3865631585471816 0.42337869745643697 0.3988350048502667 0.42337869745643697 0.4111068511533518 0.3865631585471816 0.4356505437595221 0.39269908169872414 0.4479223900626072 0.4356505437595221 0.44178646691106466 0.3865631585471816 0.37429131224409645 0.02454369260617026 6.14819499784565 5.970253226450915 6.215690152512618 0.3620194659410113 0.5583690067903734 0.5460971604872883 0.5276893910326605 0.23316507975861744 0.3374757733348411 0.35588354278946877 0.42337869745643697 0.6135923151542565 0.7853981633974483 0.8897088569736719 0.7915340865489908 0.7485826244881929 0.7240389318820226 0.6872233929727672 0.6135923151542565 3.773592738198677 3.80427235395639 0.3374757733348411 0.32520392703175593 0.3620194659410113 0.19634954084936207 0.2454369260617026 0.2761165418194154 0.14726215563702155 
-54.5 -54.5 -54.0 -54.5 -54.5 -54.5 -54.5 -54.5 -54.5 -54.5 -54.5 -55.0 -54.5 -54.5 -54.5 -54.5 -54.5 -54.5 -54.5 -55.0 -55.5 -57.5 -58.0 -59.0 -61.5 -62.5 -63.0 -62.0 -60.5 -58.5 -58.0 -59.5 -60.5 -62.0 -63.0 -63.5 -62.0 -61.5 -62.5 -65.0 -66.0 -69.0 -70.5 -64.0 -61.5 -60.5 -61.0 -60.5 -60.5 -60.5 
