6.037748381117884 6.277049384028044 2.8961557275280905 3.436116964863836 0.14726215563702155 0.1902136176978195 3.4606606574700063 3.055689729468197 0.2638446955163303 3.522019888985432 3.0250101137104846 0.46019423636569234 0.15339807878856412 6.037748381117884 4.632621979414636 4.540583132141498 4.7307967498393175 4.841243366567084 4.95168998329485 4.822835597112456 4.9394181369917645 5.442563835418255 0.46019423636569234 0.7915340865489908 0.4908738521234052 3.4606606574700063 
-71.5 -69.5 -67.5 -66.5 -68.0 -68.0 -64.5 -65.0 -67.5 -66.5 -66.0 -71.0 -66.5 -70.0 -68.5 -68.5 -68.5 -68.0 -70.5 -71.0 -79.5 -76.0 -66.0 -66.0 -65.5 -62.0 
2.5709518004963345 2.5832236467994196 2.6384469551633027 2.5954954931025047 2.5954954931025047 2.5832236467994196 2.6813984172241008 2.693670263527186 2.7550294950426117 2.693670263527186 2.742757648739526 2.736621725587984 2.7979809571034093 2.7550294950426117 2.779573187648782 2.6691265709210157 2.650718801466388 2.650718801466388 2.779573187648782 2.8409324191642074 3.0127382674073995 2.8716120349219203 3.2090878082567613 3.031146036862027 2.7550294950426117 2.9636508821950587 3.2949907323783574 0.14112623248547898 2.7120780329818137 2.3316507975861747 2.423689644859313 2.9206994201342606 3.055689729468197 3.074097498922825 3.1906800388021335 3.2397674240144743 3.11091303783208 2.8716120349219203 2.3623304133438876 2.435961491162398 2.767301341345697 3.1906800388021335 3.2888548092268146 3.074097498922825 2.8838838812250054 2.5832236467994196 3.0802334220743677 2.9268353432858034 3.2029518851052186 3.141592653589793 3.0802334220743677 2.736621725587984 2.521864415283994 2.429825568010856 2.5341362615870793 
-61.0 -61.0 -61.5 -61.0 -61.0 -60.5 -60.5 -60.5 -60.5 -61.5 -61.0 -60.5 -61.0 -62.0 -60.5 -60.5 -60.5 -60.0 -61.0 -63.0 -64.5 -65.0 -65.0 -64.5 -63.5 -63.0 -61.5 -62.5 -61.5 -63.0 -65.0 -65.0 -65.5 -65.0 -65.0 -64.5 -64.5 -64.5 -62.5 -61.5 -61.0 -61.0 -62.5 -63.5 -62.5 -63.5 -64.0 -65.5 -65.0 -63.0 -63.0 -62.5 -61.5 -60.5 -60.0 
1.4910293258248433 1.5585244804918115 1.509437095279471 1.5155730184310134 1.533980787885641 1.5462526341887264 1.5892040962495242 1.5278448647340985 1.6014759425526093 1.5953400194010667 1.521708941582556 1.5953400194010667 1.5892040962495242 1.6812429435226628 1.576932249946439 1.6014759425526093 1.5462526341887264 1.5707963267948966 1.509437095279471 1.282407938672396 1.1044661672776617 0.7301748550335652 6.240233845118788 1.2701360923693108 4.727728788263546 1.736466251886546 1.8653206380689396 1.846912868614312 1.8653206380689396 1.8285050991596843 1.7978254834019713 1.7916895602504288 1.8039614065535141 1.7978254834019713 1.8285050991596843 1.8775924843720249 1.8039614065535141 1.902136176978195 1.932815792735908 2.030990563160589 1.9696313316451632 1.9205439464328227 6.074563920027139 0.09203884727313846 1.2455923997631406 1.576932249946439 1.5278448647340985 1.6137477888556946 1.7303303287350031 1.7671458676442586 1.8346410223112268 
-55.5 -55.5 -55.0 -55.0 -54.5 -55.0 -54.5 -54.5 -54.0 -54.0 -54.0 -54.0 -54.0 -54.0 -53.5 -53.5 -53.5 -53.5 -53.5 -54.5 -59.5 -61.5 -69.0 -59.0 -58.5 -56.5 -56.0 -55.5 -54.0 -53.0 -52.5 -53.0 -54.0 -54.5 -56.0 -56.0 -56.5 -57.0 -57.0 -57.0 -59.0 -63.0 -74.5 -73.0 -60.5 -57.5 -56.0 -54.5 -53.5 -52.5 -51.5 
1.1965050145508 1.1474176293384597 1.282407938672396 1.2578642460662257 1.3008157081270237 1.2640001692177683 1.2455923997631406 1.2701360923693108 1.2701360923693108 1.2640001692177683 1.380582709097077 1.337631247036279 1.2701360923693108 1.325359400733194 1.3314953238847365 1.3008157081270237 1.282407938672396 1.3192234775816514 1.2333205534600555 1.1290098598838318 1.239456476611598 1.2517283229146832 1.3192234775816514 1.2210487071569704 1.2701360923693108 1.3499030933393643 1.6996507129772904 1.892932292250881 1.9941750242513334 1.846912868614312 1.6444274046134073 1.5830681730979816 1.6444274046134073 1.7119225592803755 1.6935147898257479 1.705786636128833 1.5892040962495242 1.4542137869155878 1.6566992509164924 1.9082721001297376 2.0371264863121317 2.0800779483729293 2.018718716857504 1.859184714917397 1.6751070203711202 1.607611865704152 1.4726215563702154 1.5462526341887264 1.4173982480063325 1.0615147052168636 1.086058397823034 1.0369710126106935 1.1044661672776617 1.0983302441261191 1.3008157081270237 1.2946797849754812 1.423534171157875 
-53.0 -53.0 -53.0 -53.0 -53.0 -52.5 -52.5 -52.5 -52.5 -52.5 -52.5 -52.5 -52.0 -52.0 -52.0 -52.0 -52.0 -52.0 -52.0 -53.5 -56.0 -57.0 -58.5 -57.5 -57.5 -55.0 -54.0 -53.0 -52.0 -52.0 -53.5 -54.0 -54.0 -54.0 -54.0 -54.0 -54.5 -53.5 -52.0 -51.0 -51.5 -52.0 -52.0 -53.0 -55.0 -57.5 -59.5 -60.0 -60.5 -61.5 -59.0 -57.5 -55.5 -54.0 -52.5 -51.5 -51.5 
0.5767767762450011 0.619728238305799 0.619728238305799 0.7301748550335652 0.7179030087304801 0.7669903939428205 0.760854470791278 0.8406214717613314 0.8406214717613314 0.803805932852076 0.8774370106705868 0.8835729338221293 0.8713010875190442 0.9142525495798421 0.9265243958829272 0.9633399347921826 1.1167380135807468 0.9694758579437253 0.7485826244881929 0.18407769454627693 0.1227184630308513 2.337786720737717 6.129787228391022 3.117048960983623 0.05522330836388308 2.859340188618835 2.4727770300716534 2.024854640009046 1.9082721001297376 1.9757672547967058 1.9573594853420782 1.9144080232812801 1.8837284075235674 1.7916895602504288 1.6935147898257479 1.9512235621905356 2.2580197197676637 2.6261751088602177 2.791845033951867 3.104777114680538 3.1784081924990484 3.3011266555298997 3.1354567304382504 3.11091303783208 0.4479223900626072 0.4970097752749477 0.6135923151542565 0.9019807032767571 0.8467573949128739 1.1596894756415448 1.2701360923693108 1.4603497100671303 
-56.5 -56.0 -56.0 -56.0 -55.5 -55.5 -55.5 -55.5 -55.5 -55.0 -55.5 -55.5 -55.0 -55.0 -54.5 -54.5 -55.0 -55.0 -56.0 -58.5 -61.0 -65.0 -64.0 -61.0 -60.0 -59.5 -61.0 -58.0 -56.5 -55.5 -55.5 -56.0 -56.5 -57.0 -58.0 -58.0 -58.5 -56.5 -56.5 -56.5 -57.0 -57.0 -59.5 -63.0 -64.5 -60.0 -58.5 -56.5 -56.0 -54.5 -54.0 -53.5 
1.7548740213411735 1.7426021750380885 1.761009944492716 1.748738098189631 1.718058482431918 1.7794177139473437 1.6996507129772904 1.8100973297050567 1.6935147898257479 1.7303303287350031 1.662835174068035 1.748738098189631 1.718058482431918 1.7732817907958012 1.736466251886546 1.718058482431918 1.8100973297050567 1.7732817907958012 1.736466251886546 1.7119225592803755 1.8346410223112268 2.073942025221387 2.325514874434632 2.313243028131547 2.227340104009951 2.3930100291016 2.5341362615870793 2.5678838389205634 2.5157284921324514 2.36846633649543 2.2886993355253766 2.2518837966161214 2.2457478734645786 2.282563412373834 2.1966604882522383 2.1659808724945253 2.086213871524472 2.055534255766759 2.1659808724945253 2.2641556429192065 2.423689644859313 2.5157284921324514 2.6445828783148455 2.675262494072558 2.6875343403756435 2.7979809571034093 2.8716120349219203 2.8532042654672924 2.779573187648782 2.3439226438892597 2.086213871524472 1.8039614065535141 1.8039614065535141 1.6812429435226628 1.7548740213411735 1.7426021750380885 1.8285050991596843 
-56.5 -57.0 -56.5 -56.5 -56.0 -56.0 -55.5 -56.0 -55.5 -55.0 -55.0 -55.0 -55.0 -55.0 -54.5 -54.0 -54.5 -54.5 -55.0 -57.0 -60.5 -61.0 -61.0 -60.0 -59.0 -57.5 -55.5 -55.5 -53.5 -52.5 -52.0 -51.5 -51.5 -52.0 -52.0 -52.5 -52.0 -51.5 -51.5 -51.5 -52.0 -52.5 -54.0 -55.5 -56.0 -57.5 -58.5 -60.0 -61.0 -64.0 -62.5 -60.0 -58.5 -57.0 -55.0 -53.5 -52.5 
6.111379458936394 6.007068765360171 5.982525072754001 5.872078456026235 5.939573610693203 5.878214379177777 5.902758071783947 5.841398840268521 5.773903685601553 5.724816300389213 0.7976700097005334 1.1106020904292042 1.718058482431918 0.30679615757712825 0.4663301595172349 0.22089323345553233 0.11658253987930872 0.17794177139473438 0.25770877236478773 0.3129320807286708 0.04295146206079795 0.0859029241215959 6.178874613603362 0.04908738521234052 0.06135923151542565 0.07363107781851078 6.277049384028044 6.086835766330224 5.994796919057086 6.209554229361076 6.080699843178682 0.3374757733348411 6.050020227420969 5.884350302329319 6.129787228391022 6.191146459906448 
-66.0 -66.0 -66.0 -63.5 -66.0 -65.5 -65.5 -65.5 -66.0 -67.0 -65.5 -73.5 -67.0 -61.0 -61.0 -60.5 -60.0 -58.5 -58.0 -58.0 -59.0 -58.5 -59.0 -59.5 -58.5 -59.0 -60.0 -60.0 -62.5 -66.5 -74.0 -65.5 -65.5 -61.5 -62.0 -60.0 
6.234097921967246 6.234097921967246 6.264777537724958 6.22182607566416 6.166602767300278 6.160466844148735 6.1850105367549055 6.1850105367549055 6.22182607566416 6.1850105367549055 6.160466844148735 6.129787228391022 6.135923151542564 6.135923151542564 6.166602767300278 6.068427996875596 6.19728238305799 6.2034183062095325 6.17273869045182 0.1718058482431918 0.4295146206079795 3.724505352986337 0.8958447801252144 1.368310862793992 1.0615147052168636 0.8283496254582462 0.5982525072754 0.6749515466696822 0.6381360077604268 6.227961998815704 6.135923151542564 6.1420590746941075 6.031612457966341 6.105243535784852 6.154330920997192 6.074563920027139 6.154330920997192 0.06135923151542565 0.1595340019401067 0.22089323345553233 0.42337869745643697 0.4908738521234052 0.5829126993965437 0.8099418560036186 1.2455923997631406 0.4049709280018093 0.6933593161243098 0.7363107781851077 0.7179030087304801 0.21475731030398976 0.1902136176978195 0.04908738521234052 6.191146459906448 6.17273869045182 6.154330920997192 
-59.0 -59.5 -58.5 -58.5 -58.5 -58.5 -57.5 -58.0 -58.0 -57.5 -57.0 -58.0 -57.5 -58.0 -57.5 -57.0 -57.0 -57.5 -57.5 -60.0 -60.5 -66.0 -63.5 -64.0 -63.5 -62.5 -61.0 -60.5 -64.5 -63.0 -60.5 -59.5 -58.5 -58.5 -59.0 -60.5 -62.0 -62.5 -60.5 -61.0 -61.0 -63.5 -65.5 -67.0 -65.0 -64.5 -62.5 -60.5 -59.0 -60.0 -58.0 -58.5 -57.5 -57.0 -57.0 
