4.2092432819582 4.215379205109742 4.276738436625168 4.264466590322082 4.178563666200486 4.368777283898306 3.8963112012295285 3.9208548938356986 4.25833066717054 4.25833066717054 4.086524818927348 4.01902966426038 0.6504078540635119 6.178874613603362 6.2034183062095325 6.234097921967246 6.2463697682703305 6.126719266815251 5.896622148632405 5.915029918087033 4.7860200582032 4.896466674930966 4.632621979414636 4.601942363656923 4.663301595172349 4.693981210930062 4.755340442445488 4.583534594202296 5.00077736850719 5.129631754689584 5.5100589900852235 4.154019973594316 4.06811704947272 0.6381360077604268 1.2026409377023426 0.1902136176978195 
-66.0 -66.5 -66.0 -68.0 -66.5 -69.0 -68.0 -66.0 -66.5 -67.5 -66.0 -65.0 -70.0 -68.5 -68.0 -68.0 -67.5 -68.0 -70.5 -67.0 -72.0 -67.5 -68.0 -67.5 -69.5 -69.5 -69.0 -68.5 -66.5 -69.0 -70.0 -79.0 -79.5 -77.0 -76.0 -66.0 
3.1354567304382504 3.141592653589793 3.1354567304382504 3.1968159619536762 3.227495577711389 3.2029518851052186 3.0802334220743677 3.2029518851052186 3.104777114680538 3.1784081924990484 3.2581751934691017 3.1968159619536762 3.0802334220743677 3.0250101137104846 3.0802334220743677 2.9943304979527716 6.025476534814799 2.8961557275280905 3.1354567304382504 3.0250101137104846 3.104777114680538 3.215223731408304 3.1661363461959633 3.0802334220743677 3.0495538063166547 3.1354567304382504 2.945243112740431 2.804116880254952 2.5402721847386216 2.6384469551633027 2.9943304979527716 3.0495538063166547 3.1354567304382504 3.2949907323783574 3.1661363461959633 3.2827188860752723 3.313398501832985 3.2213596545598464 3.1661363461959633 3.3502140407422405 3.2704470397721868 3.0802334220743677 2.675262494072558 2.6568547246179306 2.8286605728611223 3.0495538063166547 3.172272269347506 2.9268353432858034 3.1354567304382504 3.172272269347506 3.5465635815916023 3.3502140407422405 3.2213596545598464 
-61.0 -61.0 -62.0 -61.5 -61.5 -62.0 -61.5 -61.5 -61.0 -61.5 -61.5 -61.5 -62.0 -60.5 -61.0 -59.0 -64.0 -65.0 -64.0 -64.0 -63.0 -62.5 -62.5 -61.5 -61.5 -61.5 -61.5 -61.5 -63.5 -66.0 -66.0 -63.5 -63.0 -62.0 -61.5 -62.0 -62.0 -61.5 -62.0 -62.5 -63.0 -63.5 -63.5 -63.0 -60.5 -62.5 -62.0 -62.5 -63.5 -64.0 -65.0 -66.0 -64.5 
2.2580197197676637 2.2764274892222915 2.2457478734645786 2.2580197197676637 2.2948352586769194 2.3316507975861747 2.2886993355253766 2.282563412373834 2.325514874434632 2.3930100291016 2.2886993355253766 2.36846633649543 2.36846633649543 2.3193789512830896 2.1598449493429825 1.9266798695843652 1.6505633277649499 1.214912784005428 1.3989904785517047 1.8960002538266525 2.1905245651006955 2.0923497946760143 2.012582793705961 5.5284667595398505 2.3930100291016 1.902136176978195 1.8223691760081417 1.736466251886546 1.7119225592803755 1.8162332528565992 1.902136176978195 1.8223691760081417 1.88986433067511 1.8223691760081417 1.902136176978195 1.9082721001297376 1.88986433067511 1.8714565612204823 1.7916895602504288 1.7732817907958012 1.7732817907958012 1.846912868614312 2.0371264863121317 2.1230294104337273 2.141437179888355 1.8775924843720249 1.859184714917397 1.8653206380689396 1.9696313316451632 2.3439226438892597 2.5893595699509624 
-57.5 -57.5 -58.0 -58.0 -58.0 -58.0 -57.5 -57.5 -57.5 -57.0 -57.5 -57.0 -56.5 -55.0 -53.5 -52.5 -54.5 -59.0 -65.5 -64.5 -62.0 -61.5 -62.5 -67.0 -64.5 -61.0 -57.0 -56.0 -56.5 -56.5 -56.5 -56.5 -56.5 -57.5 -58.0 -58.5 -58.5 -58.0 -58.5 -59.0 -60.5 -60.0 -58.5 -57.5 -56.5 -54.5 -54.0 -55.0 -56.0 -58.0 -60.0 
2.1598449493429825 2.0923497946760143 2.1475731030398975 2.1598449493429825 2.1659808724945253 2.2150682577068657 2.2457478734645786 2.1905245651006955 2.2580197197676637 2.2027964114037806 2.1537090261914402 2.2027964114037806 2.1598449493429825 2.067806102069844 1.9205439464328227 1.6014759425526093 1.380582709097077 1.2701360923693108 1.3989904785517047 1.6505633277649499 1.6751070203711202 1.576932249946439 1.6260196351587797 1.6382914814618648 1.748738098189631 1.8100973297050567 1.88986433067511 1.8285050991596843 1.7241944055834606 1.5585244804918115 1.6198837120072371 1.7916895602504288 1.9205439464328227 1.932815792735908 1.902136176978195 1.9144080232812801 1.8162332528565992 1.8530487917658545 1.8653206380689396 1.7978254834019713 1.6996507129772904 1.5033011721279284 1.3928545554001621 1.6014759425526093 1.6566992509164924 1.6260196351587797 1.6689710972195777 1.7548740213411735 1.8285050991596843 2.0064468705544187 1.9266798695843652 1.748738098189631 1.4358060174609601 
-53.5 -54.0 -54.0 -54.0 -54.0 -54.0 -54.0 -54.0 -53.5 -54.0 -53.0 -53.5 -53.5 -52.0 -51.5 -51.5 -52.5 -55.0 -57.0 -56.0 -55.0 -54.5 -54.5 -55.0 -55.5 -55.0 -53.0 -51.0 -51.0 -53.0 -54.0 -54.0 -54.0 -53.5 -53.5 -53.5 -53.5 -53.5 -54.0 -54.5 -55.5 -55.5 -53.5 -52.5 -52.0 -52.0 -52.0 -53.0 -54.0 -55.5 -56.5 -59.0 -59.5 
2.4175537217077703 2.386874105950058 2.356194490192345 2.423689644859313 2.399145952253143 2.405281875404685 2.3930100291016 2.2764274892222915 2.3746022596469727 2.36846633649543 2.399145952253143 2.337786720737717 2.3009711818284617 2.1966604882522383 1.932815792735908 1.3314953238847365 0.7547185476397354 0.23316507975861744 2.9575149590435164 2.724349879284899 2.6261751088602177 2.6261751088602177 2.6261751088602177 2.60776733940559 2.5832236467994196 2.3439226438892597 2.030990563160589 1.736466251886546 1.7548740213411735 1.7794177139473437 1.8223691760081417 2.0800779483729293 2.1475731030398975 2.172116795646068 2.098485717827557 2.116893487282185 2.067806102069844 1.9757672547967058 1.9205439464328227 1.6505633277649499 1.3989904785517047 1.736466251886546 2.141437179888355 2.3439226438892597 2.337786720737717 2.429825568010856 2.5893595699509624 2.8532042654672924 3.0495538063166547 2.8961557275280905 
-54.5 -54.5 -55.0 -54.5 -54.5 -54.0 -54.5 -54.5 -54.0 -54.5 -54.5 -54.5 -54.5 -54.0 -54.0 -55.0 -55.5 -60.0 -57.0 -56.5 -57.5 -56.5 -56.5 -55.0 -53.5 -54.0 -56.0 -58.0 -59.0 -57.5 -57.5 -57.5 -58.0 -58.5 -59.0 -59.0 -58.5 -59.0 -58.5 -58.5 -60.0 -60.5 -56.5 -53.5 -53.0 -51.0 -51.5 -52.5 -56.5 -65.0 
2.5280003384355365 2.5586799541932495 2.564815877344792 2.5709518004963345 2.509592568980909 2.5954954931025047 2.5709518004963345 2.5709518004963345 2.5709518004963345 2.552544031041707 2.5893595699509624 2.552544031041707 2.509592568980909 2.448233337465483 2.2457478734645786 1.9144080232812801 1.761009944492716 2.0371264863121317 2.454369260617026 2.6261751088602177 2.6323110320117604 2.6016314162540475 2.5280003384355365 2.466641106920111 2.466641106920111 2.3930100291016 2.36846633649543 2.270291566070749 2.1782527187976104 2.061670178918302 2.018718716857504 2.1353012567368124 2.227340104009951 2.3071071049800045 2.3746022596469727 2.356194490192345 2.399145952253143 2.3316507975861747 2.3623304133438876 2.2334760271614935 2.1598449493429825 2.043262409463674 1.9082721001297376 2.024854640009046 2.2150682577068657 2.3009711818284617 2.435961491162398 2.4911847995262812 2.6813984172241008 2.8286605728611223 2.9391071895888885 2.718213956133356 2.5157284921324514 
-53.0 -53.0 -52.5 -53.0 -52.5 -53.0 -53.0 -53.0 -53.0 -52.5 -53.0 -53.0 -53.0 -53.0 -52.5 -53.5 -55.5 -60.5 -59.0 -55.0 -54.5 -54.0 -53.5 -53.5 -54.5 -54.0 -53.0 -52.5 -52.5 -52.5 -53.0 -53.5 -54.0 -54.5 -55.5 -56.0 -56.0 -55.5 -55.5 -55.5 -54.5 -53.5 -53.0 -53.5 -53.5 -52.5 -51.5 -50.5 -51.5 -53.0 -54.5 -59.0 -62.0 
0.30066023442558565 0.28838838812250056 0.521553467881118 0.3313398501832985 0.39269908169872414 0.3374757733348411 0.3620194659410113 0.47860200582032003 0.3620194659410113 0.5092816215780329 0.3190680038802134 0.2699806186678728 0.44178646691106466 0.30066023442558565 0.2699806186678728 6.019340611663256 1.5401167110371838 1.214912784005428 0.7792622402459057 1.3437671701878218 1.2333205534600555 0.7915340865489908 0.5890486225480862 5.730952223540755 5.700272607783043 5.767767762450011 5.491651220630596 5.724816300389213 6.013204688511713 0.06135923151542565 0.14112623248547898 0.25157284921324513 0.11658253987930872 0.14112623248547898 0.20248546400090464 6.215690152512618 6.092971689481767 5.884350302329319 5.835262917116979 6.0991076126333095 6.129787228391022 5.872078456026235 5.743224069843841 6.056156150572511 0.3313398501832985 0.9694758579437253 0.5583690067903734 0.8528933180644165 0.9081166264282996 
-60.0 -60.5 -60.0 -60.0 -60.0 -60.0 -59.5 -59.5 -59.0 -59.5 -59.0 -59.5 -59.5 -59.5 -60.5 -64.0 -62.0 -61.0 -61.5 -64.0 -61.0 -61.0 -61.5 -61.5 -60.5 -60.5 -60.0 -59.5 -60.0 -60.5 -60.0 -61.0 -60.5 -60.5 -61.0 -60.5 -60.0 -61.0 -62.0 -60.5 -60.0 -59.0 -60.5 -62.5 -62.5 -64.5 -64.0 -62.5 -64.0 
0.4356505437595221 0.5338253141842031 0.4479223900626072 0.48473792897186263 0.5276893910326605 0.48473792897186263 0.5092816215780329 0.48473792897186263 0.48473792897186263 0.46019423636569234 0.4663301595172349 0.44178646691106466 0.4172427743048944 0.3190680038802134 0.2086213871524472 0.05522330836388308 0.09817477042468103 0.5338253141842031 0.7976700097005334 0.6810874698212247 0.5951845456996288 0.9817477042468103 0.5399612373357456 0.5338253141842031 0.5767767762450011 0.3865631585471816 0.32520392703175593 0.030679615757712823 6.209554229361076 6.258641614573416 5.927301764390117 6.031612457966341 6.154330920997192 6.22182607566416 6.264777537724958 6.2463697682703305 6.160466844148735 6.1850105367549055 6.160466844148735 6.080699843178682 5.988660995905543 6.019340611663256 6.14819499784565 6.178874613603362 0.04908738521234052 0.06135923151542565 0.3129320807286708 0.5583690067903734 0.8651651643675016 0.9878836273983529 0.6135923151542565 0.5706408530934585 
-55.0 -54.5 -54.5 -54.5 -54.5 -54.5 -54.5 -55.0 -54.5 -54.0 -54.5 -54.5 -54.0 -54.5 -55.0 -54.5 -57.0 -59.0 -59.5 -60.0 -62.0 -61.5 -59.0 -59.0 -57.5 -58.0 -58.0 -58.5 -59.5 -62.5 -64.5 -63.0 -63.0 -62.0 -61.5 -61.5 -61.0 -61.5 -61.5 -61.5 -61.0 -62.5 -64.0 -67.5 -61.0 -59.0 -59.0 -60.0 -61.0 -62.0 -59.5 -59.5 
