4.049709280018092 4.184699589352029 4.025165587411922 3.933126740138784 3.988350048502667 3.9392626632903265 3.9453985864418692 3.877903431774901 3.8410878928656453 1.0369710126106935 3.9515345095934116 3.890175278077986 3.9269908169872414 4.104932588381976 0.7976700097005334 6.117515382087937 6.160466844148735 0.2270291566070749 0.0674951546669682 6.025476534814799 5.246214294568893 1.1535535524900022 6.000932842208628 0.14726215563702155 0.3436116964863836 
-64.0 -63.5 -63.5 -63.5 -63.5 -64.0 -63.5 -65.5 -64.5 -65.5 -63.5 -63.5 -64.0 -63.5 -67.5 -68.0 -68.0 -67.5 -67.5 -71.5 -68.0 -73.0 -68.0 -67.5 -68.5 
2.82252464970958 2.7857091108003242 2.761165418194154 2.730485802436441 2.7120780329818137 2.718213956133356 2.5341362615870793 2.6445828783148455 2.7550294950426117 2.6261751088602177 2.724349879284899 2.693670263527186 2.7550294950426117 2.724349879284899 2.761165418194154 5.859806609723149 2.6998061866787286 2.435961491162398 2.705942109830271 2.6384469551633027 2.773437264497239 2.718213956133356 2.890019804376548 3.0066023442558567 3.104777114680538 3.153864499892878 3.11091303783208 2.9084275738311756 3.2397674240144743 2.724349879284899 2.5341362615870793 2.521864415283994 2.8409324191642074 3.0802334220743677 3.0372819600135696 3.3379421944391554 3.184544115650591 3.160000423044421 3.0250101137104846 2.8777479580734626 2.773437264497239 2.8838838812250054 3.098641191528995 2.7979809571034093 2.9575149590435164 3.0925052683774528 3.153864499892878 3.399301425954581 3.399301425954581 2.9145634969827183 2.8409324191642074 2.5586799541932495 2.6445828783148455 2.552544031041707 2.6200391857086753 
-58.5 -59.0 -58.5 -59.0 -59.0 -60.0 -60.0 -60.0 -59.0 -59.0 -59.0 -59.5 -59.0 -59.5 -59.0 -60.0 -58.5 -60.0 -60.0 -61.5 -62.5 -64.0 -65.5 -65.5 -64.5 -63.0 -63.0 -61.0 -60.5 -62.0 -63.5 -63.5 -62.5 -62.5 -62.0 -62.5 -62.5 -63.0 -62.0 -61.0 -61.5 -61.5 -62.0 -61.5 -61.0 -63.0 -65.0 -65.0 -65.5 -64.5 -63.0 -61.5 -61.5 -60.0 -59.5 
2.1353012567368124 2.172116795646068 2.12916533358527 2.1598449493429825 2.110757564130642 2.12916533358527 2.1046216409791 2.1046216409791 2.12916533358527 2.067806102069844 2.1230294104337273 2.1598449493429825 2.1353012567368124 2.184388641949153 2.1230294104337273 2.141437179888355 5.221670601962723 2.043262409463674 1.9696313316451632 1.8407769454627694 1.607611865704152 1.3928545554001621 1.184233168247715 1.4971652489763858 1.6444274046134073 1.4480778637640452 1.846912868614312 1.6260196351587797 1.7548740213411735 1.7978254834019713 1.88986433067511 1.9573594853420782 1.9634954084936207 1.9266798695843652 1.9144080232812801 1.8960002538266525 1.9389517158874505 1.945087639038993 2.030990563160589 2.0923497946760143 2.043262409463674 2.1966604882522383 1.9144080232812801 2.043262409463674 2.6998061866787286 3.1231848841351653 0.39269908169872414 1.1474176293384597 1.5033011721279284 1.214912784005428 1.5033011721279284 1.7119225592803755 1.736466251886546 
-52.5 -53.0 -52.5 -52.5 -52.5 -52.5 -52.5 -52.5 -52.5 -52.0 -52.0 -52.0 -52.5 -52.5 -52.5 -52.5 -53.0 -52.5 -53.0 -53.0 -54.5 -56.5 -60.0 -63.0 -63.5 -67.5 -68.5 -60.5 -57.5 -57.5 -57.5 -56.5 -55.0 -54.5 -54.5 -55.0 -56.0 -56.0 -59.5 -60.0 -60.5 -58.0 -56.0 -56.5 -59.5 -64.0 -75.5 -68.0 -60.0 -56.5 -55.0 -53.5 -53.0 
1.8407769454627694 1.7794177139473437 1.736466251886546 1.705786636128833 1.705786636128833 1.7119225592803755 1.6873788666742053 1.6812429435226628 1.718058482431918 1.7241944055834606 1.7303303287350031 1.7303303287350031 1.761009944492716 1.748738098189631 1.7303303287350031 1.6597672124922638 1.662835174068035 1.607611865704152 1.4787574795217582 1.239456476611598 1.0983302441261191 1.2578642460662257 1.423534171157875 1.576932249946439 1.5462526341887264 1.5953400194010667 1.6689710972195777 1.6689710972195777 1.7732817907958012 1.8714565612204823 1.88986433067511 1.7548740213411735 1.6014759425526093 1.5401167110371838 1.6689710972195777 1.533980787885641 1.564660403643354 1.3130875544301088 1.3437671701878218 1.4787574795217582 1.8100973297050567 1.9819031779482483 2.055534255766759 1.88986433067511 1.8837284075235674 2.055534255766759 1.8960002538266525 1.6812429435226628 1.4910293258248433 1.2701360923693108 1.1351457830353744 1.2026409377023426 1.2578642460662257 1.3499030933393643 1.337631247036279 
-51.0 -51.0 -51.0 -51.5 -51.0 -51.5 -51.5 -51.5 -51.0 -51.5 -51.5 -51.5 -51.5 -51.5 -51.5 -52.0 -52.0 -52.0 -52.5 -53.0 -54.0 -56.5 -57.0 -57.5 -58.5 -59.5 -58.5 -56.5 -54.0 -52.0 -52.5 -54.0 -54.5 -54.5 -54.5 -54.0 -54.0 -54.0 -54.0 -54.0 -53.5 -53.0 -52.0 -51.5 -53.0 -56.5 -59.0 -61.5 -61.0 -58.5 -57.0 -55.0 -53.5 -52.5 -51.5 
1.932815792735908 1.859184714917397 1.846912868614312 1.8223691760081417 1.7978254834019713 1.8100973297050567 1.7548740213411735 1.718058482431918 1.7119225592803755 1.7732817907958012 1.761009944492716 1.8223691760081417 1.761009944492716 1.8714565612204823 1.8039614065535141 1.7763497523715726 1.7426021750380885 1.6014759425526093 1.4358060174609601 0.9817477042468103 0.6933593161243098 0.5522330836388308 2.5034566458293663 2.5893595699509624 2.60776733940559 2.724349879284899 2.736621725587984 2.718213956133356 2.779573187648782 2.8409324191642074 2.662990647769473 2.1598449493429825 1.9757672547967058 2.172116795646068 2.1659808724945253 2.1475731030398975 2.1353012567368124 2.1537090261914402 2.061670178918302 1.9205439464328227 2.018718716857504 2.4605051837685683 2.693670263527186 2.82252464970958 2.9820586516496865 2.7550294950426117 0.8835729338221293 0.6013204688511713 0.5338253141842031 0.8528933180644165 0.7976700097005334 1.086058397823034 1.1167380135807468 
-51.5 -51.5 -51.5 -52.0 -52.0 -52.5 -52.5 -52.5 -53.0 -52.5 -52.0 -52.5 -52.5 -52.0 -52.5 -53.0 -53.5 -53.5 -54.0 -55.0 -56.5 -61.0 -65.5 -63.5 -62.5 -59.0 -59.0 -58.0 -56.5 -55.5 -57.5 -60.0 -57.5 -57.0 -57.0 -57.5 -59.0 -57.5 -56.5 -58.5 -60.5 -60.0 -56.0 -52.0 -52.5 -55.5 -65.0 -61.0 -59.0 -58.5 -57.5 -56.0 -55.5 
2.0923497946760143 2.0923497946760143 2.0923497946760143 2.067806102069844 2.0493983326152168 2.030990563160589 1.9880391010997909 1.9880391010997909 2.030990563160589 1.9941750242513334 1.9941750242513334 2.0923497946760143 2.0064468705544187 2.012582793705961 2.110757564130642 5.148039524144211 2.000310947402876 1.88986433067511 1.8100973297050567 1.736466251886546 1.7548740213411735 2.110757564130642 2.509592568980909 2.6998061866787286 2.730485802436441 2.6998061866787286 2.60776733940559 2.564815877344792 2.5464081078901644 2.497320722677824 2.3930100291016 2.270291566070749 2.2641556429192065 2.411417798556228 2.4727770300716534 2.405281875404685 2.3746022596469727 2.411417798556228 2.4175537217077703 2.313243028131547 2.2212041808584084 2.227340104009951 2.429825568010856 2.448233337465483 2.718213956133356 2.8409324191642074 2.6139032625571326 2.5157284921324514 2.4175537217077703 2.2457478734645786 2.0064468705544187 1.7426021750380885 1.7241944055834606 1.7548740213411735 1.8407769454627694 
-51.0 -51.0 -51.0 -51.0 -51.0 -51.5 -51.5 -51.5 -51.5 -51.0 -51.5 -51.5 -51.0 -51.0 -51.0 -52.0 -51.5 -52.5 -53.5 -55.0 -58.0 -61.0 -61.0 -58.5 -57.0 -56.0 -56.5 -55.5 -54.5 -53.0 -52.5 -51.5 -51.0 -51.5 -52.5 -53.5 -54.5 -54.0 -52.5 -51.0 -51.0 -52.0 -52.5 -52.5 -52.0 -54.5 -57.5 -59.5 -62.0 -62.5 -61.0 -58.5 -57.5 -55.5 -54.5 
6.258641614573416 6.2463697682703305 0.22089323345553233 0.04908738521234052 6.14819499784565 0.006135923151542565 0.07976700097005335 6.14819499784565 0.14112623248547898 0.07363107781851078 0.07976700097005335 0.05522330836388308 0.11044661672776616 6.264777537724958 0.17794177139473438 6.237165883543017 0.01227184630308513 6.14819499784565 1.000155473701438 0.9265243958829272 1.423534171157875 1.4480778637640452 1.086058397823034 1.000155473701438 5.964117303299373 0.18407769454627693 0.20248546400090464 0.25770877236478773 0.34974761963792617 0.19634954084936207 0.09203884727313846 0.2945243112740431 0.25157284921324513 0.2699806186678728 0.34974761963792617 0.2945243112740431 0.35588354278946877 6.264777537724958 6.264777537724958 6.000932842208628 0.02454369260617026 0.4049709280018093 0.3374757733348411 0.3436116964863836 6.135923151542564 5.9518454569962875 
-59.0 -59.0 -58.5 -59.0 -59.5 -60.0 -59.5 -60.0 -59.0 -59.5 -59.0 -59.0 -60.0 -59.5 -59.0 -60.5 -60.0 -64.5 -64.0 -63.0 -64.0 -61.0 -62.0 -62.5 -61.5 -60.0 -60.0 -59.5 -59.0 -59.0 -60.0 -60.0 -60.0 -59.5 -59.5 -59.0 -57.5 -56.0 -59.5 -62.5 -63.0 -62.5 -63.5 -65.0 -68.0 -65.0 
6.252505691421874 6.227961998815704 6.234097921967246 6.178874613603362 6.074563920027139 6.154330920997192 6.14819499784565 6.135923151542564 6.1850105367549055 6.178874613603362 6.191146459906448 6.209554229361076 6.215690152512618 6.160466844148735 6.234097921967246 6.1942144214822195 0.16566992509164924 6.19728238305799 6.227961998815704 6.105243535784852 6.166602767300278 0.5092816215780329 0.6320000846088841 1.0799224746714913 0.8958447801252144 0.8160777791551611 0.803805932852076 0.6872233929727672 0.619728238305799 0.3313398501832985 0.34974761963792617 0.1227184630308513 0.07363107781851078 6.080699843178682 5.9518454569962875 5.915029918087033 6.013204688511713 5.927301764390117 6.000932842208628 6.1850105367549055 0.0 0.006135923151542565 6.252505691421874 0.1902136176978195 0.30679615757712825 0.4049709280018093 0.36815538909255385 0.5092816215780329 0.380427235395639 0.4540583132141498 0.2945243112740431 0.030679615757712823 6.17273869045182 6.17273869045182 6.068427996875596 
-54.5 -54.5 -54.5 -55.0 -56.0 -55.0 -55.5 -55.0 -55.0 -55.0 -55.0 -55.0 -55.0 -55.0 -54.5 -56.0 -54.5 -55.0 -55.0 -58.5 -59.5 -60.5 -60.0 -62.0 -60.0 -59.0 -59.0 -60.0 -59.5 -60.5 -61.0 -63.5 -60.5 -58.5 -57.5 -57.5 -57.5 -56.5 -57.5 -59.0 -60.5 -62.5 -62.0 -61.5 -63.0 -62.5 -60.0 -59.5 -60.0 -61.0 -60.0 -60.0 -59.0 -58.5 -57.5 
