4.657165672020807 4.571262747899211 4.583534594202296 4.681709364626977 4.651029748869264 4.663301595172349 4.638757902566179 4.6448938257177215 4.755340442445488 4.626486056263094 4.608078286808466 4.601942363656923 4.614214209960009 4.626486056263094 4.632621979414636 4.411728745959104 4.669437518323892 4.417864669110647 4.503767593232243 4.227651051412827 3.9638063558964967 3.2704470397721868 2.1659808724945253 0.9878836273983529 2.521864415283994 5.620505606812989 5.00077736850719 3.8717675086233583 0.5491651220630596 3.767456815047135 4.190835512503572 
-62.0 -62.5 -62.5 -62.5 -62.0 -62.0 -62.0 -62.0 -62.0 -62.5 -62.5 -63.5 -63.5 -63.0 -63.5 -63.0 -63.0 -63.5 -63.5 -62.5 -62.0 -63.5 -75.0 -75.0 -73.5 -76.0 -65.5 -78.0 -72.0 -65.5 -64.0 
3.0372819600135696 3.0250101137104846 3.0925052683774528 3.160000423044421 3.2029518851052186 3.215223731408304 3.1354567304382504 3.1968159619536762 3.1784081924990484 3.3195344249845276 3.172272269347506 3.1784081924990484 3.0925052683774528 3.141592653589793 3.141592653589793 3.2336315008629315 3.2888548092268146 3.184544115650591 3.2397674240144743 3.098641191528995 2.9022916506796332 2.724349879284899 2.356194490192345 2.6323110320117604 2.730485802436441 2.662990647769473 2.3193789512830896 2.3071071049800045 2.356194490192345 2.2457478734645786 2.350058567040802 2.3746022596469727 2.2027964114037806 2.779573187648782 2.4727770300716534 2.2304080655857224 3.0802334220743677 3.055689729468197 3.018874190558942 3.0250101137104846 3.08636934522591 3.11091303783208 2.8838838812250054 3.3379421944391554 3.2765829629237295 2.8838838812250054 2.098485717827557 2.12916533358527 2.675262494072558 3.1354567304382504 2.834796496012665 2.9084275738311756 3.055689729468197 
-60.0 -59.5 -60.0 -60.0 -60.0 -60.0 -60.0 -60.0 -60.0 -60.0 -59.5 -59.5 -59.0 -60.0 -59.5 -59.5 -59.5 -59.0 -59.5 -59.0 -59.0 -59.5 -61.0 -63.5 -63.0 -62.5 -62.5 -60.0 -58.0 -58.5 -60.0 -60.5 -64.0 -66.5 -63.0 -67.0 -65.0 -63.5 -63.5 -63.0 -62.5 -62.5 -63.0 -63.0 -64.0 -65.0 -64.5 -61.0 -59.0 -62.0 -63.0 -60.0 -60.5 
2.313243028131547 2.337786720737717 2.2948352586769194 2.3193789512830896 2.337786720737717 2.3009711818284617 2.3071071049800045 2.325514874434632 2.3009711818284617 2.3439226438892597 2.3316507975861747 2.2886993355253766 2.2948352586769194 2.2764274892222915 2.2886993355253766 2.2764274892222915 2.2764274892222915 2.2580197197676637 2.2089323345553233 2.12916533358527 1.9819031779482483 1.7978254834019713 1.6382914814618648 1.6812429435226628 1.88986433067511 1.576932249946439 1.4051264017032472 1.859184714917397 1.945087639038993 1.7671458676442586 1.705786636128833 1.8837284075235674 2.055534255766759 1.6137477888556946 2.2212041808584084 2.1874566035249243 1.7978254834019713 1.5707963267948966 1.5462526341887264 1.5033011721279284 1.5401167110371838 1.5462526341887264 1.521708941582556 1.4848934026733007 1.5462526341887264 1.8407769454627694 1.902136176978195 1.6996507129772904 0.9510680884890975 0.9940195505498954 1.3192234775816514 1.8100973297050567 1.6260196351587797 
-54.0 -54.0 -54.0 -54.5 -54.5 -54.5 -54.5 -54.5 -54.5 -54.5 -54.5 -54.5 -54.5 -54.5 -54.5 -54.5 -55.0 -54.5 -54.0 -53.5 -52.5 -54.0 -57.0 -61.5 -61.0 -60.0 -59.0 -56.5 -56.0 -58.5 -58.5 -57.5 -56.0 -61.0 -67.0 -58.0 -55.5 -56.0 -55.5 -55.5 -54.5 -55.0 -56.0 -56.5 -56.5 -56.0 -58.0 -62.5 -59.5 -53.5 -53.0 -57.0 -57.0 
1.8285050991596843 1.8039614065535141 1.7916895602504288 1.8223691760081417 1.8223691760081417 1.8285050991596843 1.846912868614312 1.8285050991596843 1.8837284075235674 1.8714565612204823 1.8407769454627694 1.8407769454627694 1.8285050991596843 1.859184714917397 1.8530487917658545 1.8714565612204823 1.859184714917397 1.88986433067511 1.9144080232812801 1.8100973297050567 1.6505633277649499 1.3499030933393643 1.214912784005428 1.4603497100671303 1.552388557340269 1.282407938672396 1.3008157081270237 1.4910293258248433 1.761009944492716 1.8285050991596843 1.8775924843720249 2.055534255766759 2.1353012567368124 2.2089323345553233 2.227340104009951 1.7548740213411735 1.6260196351587797 1.7794177139473437 1.7303303287350031 1.6996507129772904 1.6751070203711202 1.6198837120072371 1.6321555583103222 1.5830681730979816 1.5401167110371838 1.282407938672396 1.337631247036279 1.736466251886546 1.9512235621905356 1.4480778637640452 1.2026409377023426 1.1228739367322893 1.1719613219446299 
-51.0 -51.0 -51.0 -51.0 -51.0 -51.0 -51.0 -51.0 -51.0 -51.0 -50.5 -51.0 -51.0 -51.0 -51.0 -51.0 -50.5 -50.5 -50.5 -51.0 -51.5 -53.0 -55.0 -57.0 -57.5 -59.0 -59.0 -58.0 -56.5 -55.5 -56.0 -56.0 -56.0 -56.0 -53.0 -52.5 -56.5 -54.5 -55.0 -55.0 -55.0 -55.5 -56.5 -56.0 -57.5 -56.5 -55.0 -53.5 -54.5 -58.5 -57.5 -56.5 -55.5 
1.761009944492716 1.7119225592803755 1.6996507129772904 1.6935147898257479 1.705786636128833 1.7119225592803755 1.6935147898257479 1.705786636128833 1.6689710972195777 1.6996507129772904 1.662835174068035 1.705786636128833 1.718058482431918 1.6873788666742053 1.7426021750380885 1.6996507129772904 1.6873788666742053 1.7241944055834606 1.6812429435226628 1.6321555583103222 1.5707963267948966 1.0615147052168636 0.8344855486097889 1.0615147052168636 1.9144080232812801 2.3193789512830896 1.9144080232812801 1.9389517158874505 1.9696313316451632 1.4542137869155878 1.2026409377023426 1.5830681730979816 2.098485717827557 2.5893595699509624 2.748893571891069 2.380738182798515 2.6323110320117604 2.5893595699509624 2.2027964114037806 2.067806102069844 1.902136176978195 2.043262409463674 2.2948352586769194 2.5586799541932495 2.736621725587984 2.8838838812250054 4.331961744989051 2.7979809571034093 2.705942109830271 2.4911847995262812 2.4175537217077703 1.4787574795217582 1.3989904785517047 
-53.5 -53.5 -53.5 -53.5 -53.5 -53.5 -54.0 -54.0 -54.0 -54.0 -53.5 -53.5 -54.0 -53.5 -53.5 -54.0 -54.0 -54.0 -54.0 -54.5 -54.5 -57.5 -61.5 -69.5 -67.0 -65.0 -60.0 -57.0 -56.5 -59.5 -58.0 -57.5 -56.0 -56.5 -55.0 -57.5 -58.5 -55.5 -56.5 -57.5 -57.5 -57.5 -57.5 -57.5 -58.5 -64.5 -71.5 -64.5 -59.5 -56.5 -57.0 -60.0 -60.0 
2.184388641949153 2.1475731030398975 2.172116795646068 2.184388641949153 2.1782527187976104 2.1782527187976104 2.1966604882522383 2.1905245651006955 2.184388641949153 2.172116795646068 2.1966604882522383 2.2212041808584084 2.1782527187976104 2.1659808724945253 2.184388641949153 2.1905245651006955 2.2027964114037806 2.2027964114037806 2.2027964114037806 2.1537090261914402 2.024854640009046 1.8530487917658545 2.043262409463674 2.4605051837685683 2.5280003384355365 2.497320722677824 2.3009711818284617 2.2641556429192065 2.1537090261914402 2.141437179888355 2.073942025221387 2.1475731030398975 2.429825568010856 2.662990647769473 2.6691265709210157 5.783107570328867 2.4605051837685683 2.2641556429192065 2.2334760271614935 2.2089323345553233 2.2027964114037806 2.2150682577068657 2.2641556429192065 2.3623304133438876 2.5034566458293663 2.6691265709210157 2.8654761117703775 2.9329712664373457 2.7550294950426117 2.564815877344792 2.4605051837685683 2.0493983326152168 1.9941750242513334 
-51.5 -51.5 -51.5 -52.0 -51.5 -52.0 -51.5 -52.0 -52.0 -52.0 -52.0 -52.0 -52.0 -52.0 -52.0 -51.5 -51.5 -51.5 -51.5 -52.0 -52.0 -55.5 -58.0 -58.0 -57.5 -56.0 -56.0 -55.5 -54.0 -54.5 -54.5 -53.5 -52.5 -51.0 -51.0 -51.0 -51.0 -53.0 -54.0 -54.5 -54.5 -54.0 -54.0 -53.5 -52.5 -51.5 -51.0 -52.0 -52.0 -52.5 -53.5 -57.5 -57.0 
6.258641614573416 6.252505691421874 6.1420590746941075 0.09817477042468103 6.264777537724958 6.12365130523948 0.14112623248547898 6.258641614573416 0.018407769454627694 6.209554229361076 6.227961998815704 6.270913460876501 0.018407769454627694 0.03681553890925539 0.04295146206079795 0.0 0.04908738521234052 0.01227184630308513 0.1043106935762236 0.2761165418194154 0.3620194659410113 0.3436116964863836 0.42337869745643697 0.36815538909255385 0.6381360077604268 0.8099418560036186 0.7853981633974483 0.4111068511533518 0.16566992509164924 0.11658253987930872 6.068427996875596 5.620505606812989 5.418020142812084 5.780039608753096 0.3988350048502667 0.7731263170943632 0.47860200582032003 0.6258641614573416 0.7179030087304801 0.5522330836388308 0.5583690067903734 0.5522330836388308 0.7915340865489908 0.9510680884890975 1.1044661672776617 1.325359400733194 1.1474176293384597 0.9265243958829272 0.5583690067903734 0.4908738521234052 0.42337869745643697 5.976389149602458 6.166602767300278 
-61.5 -62.0 -62.0 -62.5 -62.0 -62.0 -62.5 -62.0 -62.0 -62.0 -62.0 -62.5 -62.0 -62.0 -62.0 -62.0 -62.5 -61.5 -62.0 -61.0 -61.5 -61.5 -61.5 -59.5 -62.5 -60.5 -59.5 -59.5 -61.0 -61.5 -64.0 -64.0 -62.0 -59.0 -61.0 -59.5 -60.0 -60.0 -59.0 -58.5 -58.0 -58.5 -59.5 -58.5 -58.5 -58.5 -59.0 -58.5 -59.0 -58.5 -60.5 -62.5 -59.5 
6.270913460876501 0.07976700097005335 0.04295146206079795 6.277049384028044 0.04295146206079795 0.01227184630308513 0.0 6.252505691421874 0.030679615757712823 0.0859029241215959 0.06135923151542565 0.02454369260617026 0.02454369260617026 0.01227184630308513 0.018407769454627694 6.277049384028044 0.04295146206079795 0.05522330836388308 0.04908738521234052 0.0 6.234097921967246 6.258641614573416 0.09203884727313846 0.0674951546669682 0.46019423636569234 0.6381360077604268 0.5522330836388308 0.3129320807286708 0.12885438618239387 0.2699806186678728 0.3988350048502667 0.25770877236478773 0.018407769454627694 0.1227184630308513 0.3865631585471816 0.1349903093339364 0.1902136176978195 6.277049384028044 0.0 6.2463697682703305 6.215690152512618 0.1043106935762236 0.11658253987930872 0.11044661672776616 0.1349903093339364 0.2638446955163303 0.4540583132141498 0.5276893910326605 0.36815538909255385 0.25157284921324513 0.46019423636569234 0.20248546400090464 6.270913460876501 
-55.5 -55.5 -55.0 -55.0 -55.0 -55.5 -55.0 -55.0 -55.5 -55.5 -55.0 -54.5 -55.5 -55.0 -55.0 -55.0 -55.0 -55.0 -55.0 -55.5 -56.0 -57.5 -59.0 -61.0 -63.0 -61.0 -59.5 -58.0 -58.5 -59.0 -60.0 -60.0 -60.5 -59.0 -55.5 -56.0 -55.5 -56.0 -57.0 -57.0 -58.0 -57.5 -56.5 -56.0 -55.5 -55.5 -55.5 -57.0 -59.0 -60.5 -59.5 -58.0 -57.5 
