5.902758071783947 5.786175531904639 5.780039608753096 1.0369710126106935 0.803805932852076 0.4479223900626072 2.8654761117703775 2.791845033951867 2.1598449493429825 2.429825568010856 2.5832236467994196 3.9515345095934116 4.147884050442774 3.9085830475326135 3.6570101983193686 3.5588354278946874 0.34974761963792617 3.0372819600135696 3.043417883165112 3.147728576741336 2.7979809571034093 5.798447378207723 5.9088939949354895 0.3190680038802134 0.662679700366597 1.1658253987930873 2.073942025221387 
-70.0 -69.5 -70.5 -69.5 -66.5 -69.0 -65.5 -64.0 -69.5 -64.0 -64.0 -66.5 -66.5 -66.5 -66.5 -66.5 -68.0 -64.5 -63.5 -64.5 -66.5 -66.5 -66.0 -67.5 -69.0 -69.0 -70.0 
2.0923497946760143 2.2089323345553233 1.945087639038993 2.030990563160589 2.086213871524472 1.9696313316451632 2.1598449493429825 1.9512235621905356 1.9819031779482483 2.1874566035249243 2.030990563160589 2.141437179888355 2.172116795646068 2.1230294104337273 1.9205439464328227 1.9144080232812801 1.8775924843720249 1.8285050991596843 2.8102528034064944 2.7120780329818137 2.748893571891069 2.2027964114037806 1.736466251886546 1.552388557340269 1.7426021750380885 2.1537090261914402 1.945087639038993 1.8530487917658545 0.5890486225480862 3.172272269347506 2.9206994201342606 2.6445828783148455 2.564815877344792 2.337786720737717 2.3316507975861747 2.423689644859313 2.6998061866787286 2.9391071895888885 3.3502140407422405 3.098641191528995 2.018718716857504 1.3192234775816514 1.748738098189631 2.184388641949153 2.411417798556228 2.521864415283994 2.184388641949153 2.000310947402876 1.9082721001297376 1.6812429435226628 2.012582793705961 2.086213871524472 
-60.5 -61.0 -60.5 -61.0 -61.0 -60.5 -61.0 -61.5 -61.0 -62.0 -61.0 -60.5 -61.0 -61.0 -60.5 -61.5 -62.0 -63.0 -62.5 -62.5 -61.0 -62.5 -63.0 -67.0 -69.0 -65.0 -62.5 -63.5 -71.0 -60.5 -61.5 -61.5 -62.0 -62.0 -62.0 -61.5 -59.0 -59.5 -61.0 -63.5 -69.0 -63.0 -61.5 -60.0 -62.0 -63.0 -63.5 -64.0 -63.5 -62.5 -62.0 -60.5 
0.8774370106705868 0.8528933180644165 0.8344855486097889 0.8406214717613314 0.7976700097005334 0.8406214717613314 0.8406214717613314 0.8406214717613314 0.8222137023067037 0.8620972027917303 0.7853981633974483 0.8222137023067037 0.7853981633974483 0.8222137023067037 0.8283496254582462 0.7424467013366504 0.6749515466696822 0.7179030087304801 0.705631162427395 0.8774370106705868 1.0983302441261191 1.239456476611598 1.4480778637640452 1.4848934026733007 1.2455923997631406 0.8835729338221293 1.000155473701438 1.1658253987930873 1.184233168247715 1.0983302441261191 0.9387962421860124 0.859029241215959 0.7485826244881929 0.5951845456996288 0.4908738521234052 0.44178646691106466 0.4356505437595221 0.2699806186678728 0.3436116964863836 0.5522330836388308 1.0676506283684062 1.0983302441261191 0.9265243958829272 1.0369710126106935 1.239456476611598 1.368310862793992 1.2762720155208536 1.1474176293384597 1.0676506283684062 1.0492428589137786 0.8835729338221293 0.8222137023067037 0.7424467013366504 0.7792622402459057 
-53.5 -54.0 -54.0 -54.5 -54.5 -54.0 -54.0 -54.0 -54.5 -54.5 -54.0 -54.0 -54.0 -54.5 -54.0 -55.0 -55.5 -56.0 -57.0 -56.0 -54.5 -54.5 -54.5 -52.0 -50.0 -51.5 -54.5 -53.5 -52.5 -52.0 -52.5 -52.5 -53.0 -53.0 -53.0 -53.5 -54.0 -53.5 -53.5 -52.5 -52.5 -53.0 -51.0 -49.0 -49.5 -51.5 -54.5 -54.0 -54.5 -54.5 -54.5 -54.5 -55.5 -55.5 
0.47860200582032003 0.48473792897186263 0.46019423636569234 0.47860200582032003 0.42337869745643697 0.5154175447295755 0.48473792897186263 0.4111068511533518 0.5399612373357456 0.5031456984264903 0.44178646691106466 0.4479223900626072 0.46019423636569234 0.48473792897186263 0.4724660826687775 0.42337869745643697 0.46019423636569234 0.6565437772150544 1.4971652489763858 1.902136176978195 1.4971652489763858 1.239456476611598 0.8713010875190442 0.8099418560036186 0.6994952392758523 0.8651651643675016 1.1106020904292042 1.2578642460662257 1.3130875544301088 1.337631247036279 1.1044661672776617 1.0369710126106935 0.9510680884890975 0.8222137023067037 0.6749515466696822 0.6442719309119693 0.5583690067903734 0.5829126993965437 0.6258641614573416 0.8344855486097889 1.2087768608538851 1.1228739367322893 0.8406214717613314 0.760854470791278 0.8160777791551611 1.030835089459151 1.1535535524900022 1.380582709097077 1.662835174068035 1.7241944055834606 1.521708941582556 1.0062913968529805 0.6933593161243098 0.4724660826687775 
-56.0 -56.0 -56.5 -56.5 -56.0 -57.0 -56.5 -56.5 -56.0 -57.0 -56.0 -56.0 -56.0 -56.0 -56.5 -57.5 -59.0 -60.5 -58.5 -53.0 -50.5 -50.0 -51.0 -51.5 -53.0 -54.0 -54.0 -53.5 -54.5 -54.5 -53.0 -51.5 -51.5 -52.0 -52.0 -53.0 -53.5 -54.5 -54.5 -55.5 -56.5 -56.5 -55.5 -54.0 -51.5 -50.5 -50.0 -50.5 -52.0 -53.0 -57.5 -59.5 -60.0 -59.0 
5.301437602932776 5.246214294568893 5.270757987175063 5.203262832508095 5.105088062083414 5.190990986205009 5.197126909356553 5.160311370447297 5.21553467881118 5.249282256144664 5.283029833478148 5.313709449235861 5.368932757599744 5.283029833478148 5.295301679781233 5.2339424482658075 5.424156065963627 1.859184714917397 1.6505633277649499 1.521708941582556 1.2640001692177683 1.2578642460662257 1.043106935762236 0.9694758579437253 1.3560390164909069 1.5155730184310134 1.509437095279471 1.1535535524900022 0.9265243958829272 0.8713010875190442 0.7240389318820226 0.760854470791278 0.8467573949128739 0.9265243958829272 1.0983302441261191 1.0615147052168636 1.1290098598838318 1.1596894756415448 0.8160777791551611 0.5645049299419159 0.48473792897186263 0.7179030087304801 0.8713010875190442 0.9756117810952678 1.1474176293384597 1.3621749396424494 1.6382914814618648 1.8162332528565992 1.9819031779482483 2.3316507975861747 3.736777199289422 4.681709364626977 
-59.0 -59.5 -59.5 -59.5 -59.5 -59.5 -59.0 -59.5 -59.5 -59.5 -59.0 -59.5 -59.5 -59.0 -59.0 -59.5 -61.5 -53.0 -50.5 -50.5 -50.5 -51.5 -53.5 -58.0 -60.0 -58.5 -57.0 -54.5 -53.0 -52.5 -53.0 -54.0 -55.5 -55.5 -55.5 -55.5 -55.5 -58.5 -65.5 -62.5 -60.0 -56.0 -51.5 -50.0 -48.5 -48.5 -49.5 -50.5 -54.5 -62.5 -66.5 -64.0 
1.3130875544301088 1.3437671701878218 1.3008157081270237 1.41126232485479 1.4051264017032472 1.3867186322486196 1.4603497100671303 1.3437671701878218 1.2762720155208536 1.402058440127476 1.2333205534600555 1.3008157081270237 1.3008157081270237 1.4787574795217582 1.2885438618239387 1.3928545554001621 1.4971652489763858 2.043262409463674 2.3623304133438876 2.423689644859313 1.902136176978195 1.6505633277649499 1.3621749396424494 1.3314953238847365 1.5278448647340985 1.6935147898257479 1.8775924843720249 1.9266798695843652 2.061670178918302 1.9512235621905356 1.5892040962495242 1.4664856332186729 1.4726215563702154 1.4051264017032472 1.5278448647340985 1.6505633277649499 1.576932249946439 1.6751070203711202 1.736466251886546 1.8162332528565992 1.9266798695843652 1.88986433067511 1.7671458676442586 1.564660403643354 1.2762720155208536 1.2946797849754812 1.4173982480063325 1.6935147898257479 2.0493983326152168 2.313243028131547 2.4911847995262812 2.435961491162398 2.2212041808584084 1.902136176978195 
-61.0 -61.0 -61.5 -61.5 -61.5 -62.5 -61.5 -61.5 -62.0 -62.0 -62.0 -61.5 -61.0 -61.5 -61.5 -61.5 -61.5 -58.5 -56.0 -51.0 -48.5 -48.5 -50.0 -51.0 -53.0 -52.5 -52.0 -52.0 -53.5 -54.0 -54.0 -54.0 -54.0 -54.0 -55.0 -55.5 -55.0 -54.5 -54.0 -53.5 -53.5 -54.5 -54.5 -53.5 -51.5 -49.5 -49.0 -47.5 -48.5 -50.0 -53.5 -56.5 -60.0 -62.0 
5.350524988145116 5.393476450205914 5.295301679781233 5.387340527054372 5.313709449235861 5.270757987175063 5.338253141842031 5.3627968344482015 5.307573526084319 5.316777410811632 5.411884219660542 5.246214294568893 5.283029833478148 5.270757987175063 5.350524988145116 5.405748296509 5.540738605842936 5.700272607783043 5.872078456026235 5.835262917116979 5.700272607783043 5.8659425328746915 5.632777453116074 5.749359992995383 5.8659425328746915 5.939573610693203 6.068427996875596 6.135923151542564 6.14819499784565 6.1850105367549055 5.577554144752192 5.5100589900852235 5.534602682691394 5.399612373357457 5.258486140871978 5.313709449235861 5.5100589900852235 5.9088939949354895 0.14112623248547898 5.939573610693203 5.522330836388308 5.405748296509 5.755495916146925 5.307573526084319 5.393476450205914 5.577554144752192 5.6143696836614465 5.841398840268521 5.939573610693203 5.964117303299373 6.007068765360171 5.835262917116979 5.71868037723767 
-57.0 -57.0 -57.5 -57.0 -57.5 -57.5 -57.5 -57.0 -56.5 -57.5 -57.5 -57.0 -56.5 -56.5 -57.5 -57.5 -57.5 -58.0 -57.0 -56.0 -55.5 -55.0 -54.5 -55.0 -56.0 -57.0 -57.0 -58.0 -57.5 -57.5 -60.5 -60.0 -61.0 -61.5 -62.5 -62.5 -64.5 -63.0 -60.0 -60.0 -62.0 -62.5 -59.0 -56.0 -55.0 -54.0 -56.0 -55.0 -56.0 -57.0 -57.5 -58.5 -58.5 
5.258486140871978 5.184855063053467 5.141903600992669 5.141903600992669 5.190990986205009 5.227806525114265 5.190990986205009 5.006913291658733 5.098952138931871 5.009981253234504 5.148039524144211 5.1725832167503825 5.074408446325701 4.76147636559703 5.178719139901925 5.111223985234957 5.178719139901925 5.994796919057086 5.71868037723767 2.791845033951867 5.5100589900852235 5.325981295538946 5.325981295538946 5.688000761479957 6.166602767300278 5.994796919057086 5.6573211457222445 0.09203884727313846 0.2086213871524472 0.3190680038802134 0.21475731030398976 0.17794177139473438 0.03681553890925539 0.04908738521234052 0.09203884727313846 0.1902136176978195 0.4295146206079795 0.36815538909255385 0.09817477042468103 5.822991070813893 5.252350217720435 5.117359908386499 5.675728915176872 5.706408530934585 5.921165841238575 6.117515382087937 0.15339807878856412 6.264777537724958 2.564815877344792 
-64.0 -65.5 -65.0 -66.0 -65.5 -66.0 -65.0 -65.5 -64.0 -66.0 -65.5 -65.5 -64.5 -66.0 -65.0 -66.0 -66.0 -60.5 -59.0 -60.0 -58.0 -60.0 -66.0 -66.0 -63.5 -63.0 -63.0 -61.5 -59.5 -60.5 -62.5 -62.5 -63.0 -64.0 -63.0 -63.0 -62.5 -61.0 -62.0 -64.0 -60.5 -59.5 -57.0 -59.5 -58.0 -60.0 -63.5 -69.5 -73.5 
