6.000932842208628 6.013204688511713 5.921165841238575 5.921165841238575 1.5707963267948966 1.1965050145508 0.8406214717613314 0.7424467013366504 5.227806525114265 3.56497135104623 3.11091303783208 2.073942025221387 4.614214209960009 3.6692820446224537 0.6381360077604268 3.9208548938356986 3.988350048502667 3.890175278077986 3.6754179677739964 3.368621810196868 3.098641191528995 3.4054373491061236 3.6386024288647407 3.6017868899554855 4.6878452877785195 5.47937937432751 5.540738605842936 5.485515297479052 4.773748211900116 2.791845033951867 2.6384469551633027 2.6445828783148455 2.5893595699509624 2.442097414313941 2.6323110320117604 
-69.0 -68.5 -69.0 -69.0 -68.5 -67.0 -65.5 -69.0 -74.0 -69.5 -65.0 -71.0 -70.0 -65.5 -68.0 -68.0 -67.0 -66.5 -68.0 -67.0 -65.0 -64.0 -65.5 -65.5 -64.5 -66.5 -68.0 -68.0 -76.5 -70.5 -69.0 -67.0 -68.0 -69.0 -66.5 
5.4671075280244255 2.1537090261914402 2.2027964114037806 2.2457478734645786 2.3930100291016 2.227340104009951 2.2948352586769194 2.2334760271614935 2.2396119503130363 2.2518837966161214 2.2150682577068657 2.2396119503130363 2.2580197197676637 2.184388641949153 2.116893487282185 1.8223691760081417 2.1353012567368124 2.2150682577068657 2.282563412373834 2.5280003384355365 2.442097414313941 2.36846633649543 1.9266798695843652 1.8039614065535141 2.0800779483729293 2.3746022596469727 2.779573187648782 0.521553467881118 3.2459033471660166 2.3009711818284617 2.442097414313941 2.2457478734645786 2.2334760271614935 2.442097414313941 2.804116880254952 3.2029518851052186 3.411573272257666 1.88986433067511 1.8775924843720249 1.7978254834019713 2.1537090261914402 2.2457478734645786 2.3930100291016 2.1966604882522383 2.325514874434632 2.067806102069844 2.116893487282185 2.030990563160589 2.0064468705544187 1.945087639038993 
-61.0 -60.0 -60.5 -60.5 -60.5 -60.5 -60.5 -60.5 -60.5 -60.0 -60.5 -60.5 -61.5 -61.0 -62.0 -62.0 -62.5 -62.5 -62.0 -62.0 -62.5 -60.5 -60.5 -62.0 -65.0 -64.0 -63.5 -65.0 -60.5 -60.5 -61.0 -61.5 -61.0 -61.0 -59.0 -60.5 -61.5 -65.5 -63.0 -61.0 -61.0 -63.5 -64.0 -64.0 -62.5 -62.0 -61.0 -62.0 -61.5 -61.5 
0.9142525495798421 0.8897088569736719 0.9142525495798421 0.9019807032767571 0.8897088569736719 0.8897088569736719 0.9265243958829272 0.8897088569736719 0.8835729338221293 0.859029241215959 0.8406214717613314 0.7853981633974483 0.8344855486097889 0.8467573949128739 0.7976700097005334 0.7853981633974483 0.7485826244881929 0.7669903939428205 0.760854470791278 0.9203884727313847 0.9756117810952678 1.0676506283684062 1.2701360923693108 1.423534171157875 1.3928545554001621 1.1903690913992575 1.0615147052168636 1.2701360923693108 1.1228739367322893 0.8467573949128739 0.7301748550335652 0.607456392002714 0.521553467881118 0.4295146206079795 0.4049709280018093 0.42337869745643697 0.6994952392758523 0.9817477042468103 1.1044661672776617 1.0615147052168636 1.282407938672396 1.2701360923693108 1.1474176293384597 1.0983302441261191 1.0615147052168636 1.0369710126106935 1.043106935762236 1.1965050145508 1.184233168247715 1.1474176293384597 1.1044661672776617 0.9694758579437253 0.9081166264282996 
-54.0 -53.5 -53.5 -53.5 -53.5 -53.5 -53.5 -53.5 -54.0 -54.0 -54.0 -54.0 -54.0 -54.0 -54.5 -55.5 -57.0 -57.5 -57.0 -55.0 -54.0 -55.5 -55.5 -53.0 -51.5 -51.5 -55.0 -55.5 -52.0 -52.0 -53.0 -53.0 -54.0 -55.5 -55.5 -54.0 -52.5 -51.5 -51.5 -50.5 -49.5 -51.0 -52.5 -52.5 -52.5 -53.5 -54.0 -54.0 -54.5 -55.0 -55.0 -55.5 -54.5 
0.607456392002714 0.6135923151542565 0.5276893910326605 0.5338253141842031 0.5522330836388308 0.5338253141842031 0.5031456984264903 0.5399612373357456 0.48473792897186263 0.5092816215780329 0.44178646691106466 0.5092816215780329 0.47860200582032003 0.4970097752749477 0.4663301595172349 0.3865631585471816 0.4479223900626072 1.1596894756415448 1.736466251886546 1.6260196351587797 1.509437095279471 1.239456476611598 1.1719613219446299 0.9940195505498954 0.8958447801252144 0.9510680884890975 1.0062913968529805 1.0983302441261191 1.086058397823034 0.9203884727313847 0.8406214717613314 0.760854470791278 0.7301748550335652 0.5951845456996288 0.6320000846088841 0.6872233929727672 0.7792622402459057 1.055378782065321 1.227184630308513 0.9756117810952678 0.8160777791551611 0.7792622402459057 1.0062913968529805 1.227184630308513 1.4173982480063325 1.533980787885641 1.761009944492716 1.8100973297050567 1.662835174068035 1.4848934026733007 1.368310862793992 1.0983302441261191 0.859029241215959 
-55.5 -55.0 -55.5 -55.0 -55.0 -54.5 -55.0 -54.5 -55.0 -55.5 -56.0 -56.0 -56.0 -56.5 -56.0 -58.5 -61.0 -62.5 -56.5 -52.0 -51.0 -51.0 -51.0 -51.5 -53.5 -54.5 -55.5 -56.5 -54.0 -52.0 -53.0 -53.5 -54.0 -54.5 -55.0 -55.0 -54.5 -54.5 -54.5 -56.0 -55.0 -52.5 -50.5 -50.0 -51.0 -52.0 -53.0 -54.5 -55.5 -57.0 -58.0 -59.0 -59.5 
5.47937937432751 5.5714182216006485 5.47937937432751 5.45483568172134 5.442563835418255 5.2768939103266055 5.350524988145116 5.375068680751287 5.375068680751287 5.356660911296659 5.344389064993574 5.246214294568893 5.129631754689584 5.166447293598839 5.178719139901925 4.994641445355648 5.0253210611133605 1.7671458676442586 1.6444274046134073 1.4296700943094176 1.2578642460662257 1.141281706186917 1.012427320004523 0.7731263170943632 0.5399612373357456 0.619728238305799 0.9756117810952678 1.1719613219446299 1.086058397823034 0.9510680884890975 0.8344855486097889 0.7853981633974483 0.6994952392758523 0.7179030087304801 0.7976700097005334 0.7363107781851077 0.662679700366597 0.6013204688511713 0.705631162427395 0.7117670855789375 0.8160777791551611 1.2210487071569704 1.3437671701878218 1.4971652489763858 1.7978254834019713 2.184388641949153 2.3316507975861747 2.564815877344792 2.6813984172241008 3.2949907323783574 3.54042765844006 
-58.5 -59.0 -58.5 -58.5 -58.5 -58.5 -58.5 -58.5 -58.5 -59.5 -59.5 -59.0 -59.0 -59.5 -59.5 -60.5 -61.0 -50.5 -49.5 -50.0 -51.0 -52.0 -53.0 -54.5 -56.5 -58.5 -55.5 -51.5 -51.0 -51.5 -52.5 -53.5 -53.5 -54.0 -55.0 -59.5 -61.5 -57.5 -56.5 -57.0 -54.5 -51.5 -51.0 -51.5 -52.5 -54.5 -55.5 -58.0 -59.5 -62.5 -63.5 
1.2946797849754812 1.1535535524900022 1.2333205534600555 1.1903690913992575 1.2455923997631406 1.1535535524900022 1.1351457830353744 1.1965050145508 1.2455923997631406 1.141281706186917 1.3314953238847365 1.3069516312785663 1.3499030933393643 1.3928545554001621 1.3989904785517047 1.4910293258248433 1.509437095279471 2.2212041808584084 2.466641106920111 2.2641556429192065 1.9941750242513334 1.6505633277649499 1.6014759425526093 1.6566992509164924 1.7303303287350031 1.748738098189631 1.748738098189631 1.8407769454627694 1.859184714917397 1.7303303287350031 1.5033011721279284 1.3499030933393643 1.3069516312785663 1.2946797849754812 1.2640001692177683 1.4173982480063325 1.552388557340269 1.8162332528565992 1.9266798695843652 1.8837284075235674 1.7916895602504288 1.6996507129772904 1.4910293258248433 1.6689710972195777 1.8223691760081417 2.0064468705544187 2.3439226438892597 2.4850488763747385 2.5402721847386216 2.5586799541932495 2.442097414313941 2.3623304133438876 2.043262409463674 
-59.5 -59.5 -59.5 -59.5 -59.0 -59.0 -59.5 -60.0 -59.5 -60.5 -60.5 -61.0 -60.5 -60.5 -61.5 -61.5 -61.5 -58.0 -53.5 -49.5 -47.5 -48.5 -49.5 -51.5 -53.0 -54.5 -56.0 -56.5 -53.0 -52.0 -52.0 -53.0 -54.0 -55.5 -55.5 -54.0 -52.5 -52.0 -53.5 -57.5 -57.0 -54.5 -52.5 -50.0 -49.0 -49.5 -52.0 -52.5 -53.5 -55.5 -56.5 -58.5 -60.0 
5.313709449235861 5.2339424482658075 5.264622064023521 5.2768939103266055 5.240078371417351 5.313709449235861 5.283029833478148 5.307573526084319 5.21553467881118 5.3198453723874035 5.258486140871978 5.393476450205914 5.307573526084319 5.50392306693368 5.368932757599744 5.5100589900852235 5.64504929941916 5.853670686571607 5.988660995905543 5.8659425328746915 5.724816300389213 5.816855147662351 5.559146375297564 5.4671075280244255 5.5284667595398505 5.307573526084319 5.301437602932776 5.577554144752192 5.675728915176872 5.730952223540755 5.602097837358362 5.074408446325701 4.9823695990525625 4.988505522204105 4.970097752749477 5.313709449235861 5.822991070813893 5.737088146692298 5.47937937432751 4.804427827657828 5.289165756629691 5.755495916146925 5.749359992995383 5.66959299202533 5.853670686571607 6.037748381117884 6.068427996875596 6.025476534814799 6.068427996875596 5.945709533844745 5.749359992995383 
-57.0 -57.0 -57.5 -57.0 -57.5 -57.0 -57.5 -57.5 -57.0 -57.5 -58.0 -58.0 -58.0 -57.5 -57.5 -57.5 -57.0 -57.0 -57.0 -55.5 -56.0 -54.5 -56.0 -58.0 -58.0 -58.0 -58.5 -59.5 -60.0 -60.0 -60.5 -59.5 -60.0 -60.5 -60.5 -62.5 -60.0 -60.0 -60.5 -60.5 -60.5 -56.0 -57.0 -56.0 -56.0 -56.0 -56.0 -57.0 -57.5 -58.0 -59.0 
4.963961829597935 5.148039524144211 5.049864753719531 4.859651136021712 4.914874444385594 5.019185137961818 5.166447293598839 4.963961829597935 5.178719139901925 4.933282213840222 5.123495831538041 5.160311370447297 5.221670601962723 5.405748296509 5.6143696836614465 5.957981380147831 6.0991076126333095 5.9088939949354895 5.700272607783043 5.737088146692298 5.356660911296659 5.283029833478148 5.295301679781233 5.209398755659637 5.203262832508095 5.516194913236766 5.902758071783947 6.154330920997192 6.1850105367549055 6.111379458936394 5.9088939949354895 5.780039608753096 5.970253226450915 0.04908738521234052 0.2761165418194154 0.21475731030398976 0.09203884727313846 5.921165841238575 5.47937937432751 6.166602767300278 5.792311455056181 5.8475347634200645 6.068427996875596 0.18407769454627693 0.2699806186678728 0.2945243112740431 0.1043106935762236 
-62.5 -62.5 -62.5 -62.0 -62.5 -62.5 -64.0 -63.5 -64.5 -64.5 -64.5 -65.0 -65.0 -64.5 -63.0 -63.0 -62.5 -58.5 -59.0 -57.0 -57.5 -60.0 -60.0 -59.5 -61.0 -61.5 -62.5 -62.5 -61.5 -59.5 -60.5 -61.5 -61.5 -62.5 -61.5 -62.5 -66.0 -69.0 -63.5 -60.5 -61.0 -59.0 -60.5 -61.0 -62.5 -65.5 -66.5 
