6.043884304269426 2.6998061866787286 6.043884304269426 6.0991076126333095 6.12365130523948 3.067961575771282 6.111379458936394 2.9575149590435164 6.105243535784852 6.12365130523948 0.859029241215959 0.2270291566070749 0.030679615757712823 5.651185222570702 4.933282213840222 3.5281558121369745 3.5833791205008576 3.8963112012295285 3.730641276137879 3.773592738198677 3.865631585471816 3.9760782021995817 3.6201946594101133 3.4177091954092087 3.423845118560751 3.393165502803038 3.104777114680538 3.2643111166206444 4.295146206079795 4.841243366567084 5.64504929941916 5.964117303299373 2.2641556429192065 
-70.5 -68.0 -69.5 -70.0 -71.0 -68.5 -71.0 -68.0 -72.5 -76.5 -73.0 -68.5 -69.5 -74.0 -70.5 -65.0 -67.0 -66.5 -66.5 -66.5 -66.5 -66.5 -66.0 -65.5 -64.5 -65.0 -66.5 -66.5 -70.5 -67.5 -68.0 -71.5 -68.0 
2.2396119503130363 2.172116795646068 2.1537090261914402 2.350058567040802 2.2580197197676637 2.2457478734645786 2.172116795646068 2.2396119503130363 2.3316507975861747 2.1905245651006955 2.2150682577068657 2.1905245651006955 2.350058567040802 2.1353012567368124 2.073942025221387 1.9696313316451632 1.945087639038993 2.2150682577068657 2.5341362615870793 2.4175537217077703 2.5402721847386216 2.380738182798515 2.2150682577068657 1.8223691760081417 1.552388557340269 2.2212041808584084 2.742757648739526 2.8286605728611223 3.423845118560751 3.509748042682347 3.356349963893783 2.82252464970958 2.6139032625571326 2.4605051837685683 2.2641556429192065 2.5770877236478773 2.6139032625571326 2.8838838812250054 3.098641191528995 3.32567034813607 3.4606606574700063 1.564660403643354 1.5462526341887264 1.945087639038993 2.423689644859313 2.834796496012665 5.651185222570702 2.086213871524472 2.000310947402876 
-61.0 -61.0 -60.5 -60.5 -60.5 -61.5 -60.5 -60.5 -60.5 -60.5 -60.5 -60.5 -60.5 -60.5 -60.5 -61.5 -62.5 -63.0 -62.0 -64.0 -63.0 -63.0 -60.5 -61.5 -63.5 -68.5 -67.0 -66.0 -64.0 -61.0 -60.0 -60.0 -60.0 -61.0 -61.0 -61.0 -60.5 -60.0 -60.0 -61.0 -63.0 -66.5 -62.5 -60.0 -59.5 -62.5 -65.5 -63.5 -62.5 
0.8835729338221293 0.8467573949128739 0.859029241215959 0.9326603190344698 0.8713010875190442 4.025165587411922 0.803805932852076 0.8344855486097889 0.8406214717613314 0.8344855486097889 0.8897088569736719 0.859029241215959 0.9019807032767571 0.859029241215959 0.8283496254582462 0.8406214717613314 0.7117670855789375 0.7915340865489908 0.8835729338221293 1.0246991663076084 1.1719613219446299 1.3744467859455345 1.368310862793992 1.3130875544301088 1.1351457830353744 0.8406214717613314 0.7363107781851077 0.7547185476397354 0.9572040116406401 0.7117670855789375 0.6442719309119693 0.6258641614573416 0.619728238305799 0.5645049299419159 0.6320000846088841 0.619728238305799 0.6258641614573416 0.5890486225480862 0.6810874698212247 0.6872233929727672 0.8958447801252144 1.1044661672776617 1.0799224746714913 1.1351457830353744 1.239456476611598 1.3437671701878218 1.4419419406125027 1.337631247036279 1.1719613219446299 1.0369710126106935 0.9387962421860124 0.7915340865489908 0.7669903939428205 
-54.5 -54.0 -54.0 -53.5 -53.5 -54.5 -54.5 -54.0 -54.0 -54.0 -54.0 -54.5 -54.5 -54.5 -55.0 -56.0 -58.0 -57.0 -56.0 -55.5 -55.5 -51.5 -51.5 -49.5 -48.5 -50.5 -51.5 -53.0 -54.0 -54.5 -55.0 -54.0 -54.5 -54.0 -54.0 -54.0 -54.0 -53.0 -53.0 -52.5 -52.0 -51.0 -50.0 -49.0 -49.5 -50.5 -52.0 -54.5 -55.5 -56.5 -58.0 -58.0 -57.5 
0.5399612373357456 0.5522330836388308 0.5767767762450011 0.4908738521234052 0.5399612373357456 0.6043884304269426 0.5583690067903734 0.607456392002714 0.6135923151542565 0.5645049299419159 0.5645049299419159 0.6135923151542565 0.5645049299419159 0.5645049299419159 0.5338253141842031 0.5154175447295755 0.7117670855789375 1.607611865704152 1.7119225592803755 1.2762720155208536 1.2578642460662257 1.1719613219446299 0.859029241215959 0.6994952392758523 0.6258641614573416 1.0737865515199487 1.1965050145508 1.184233168247715 1.2517283229146832 0.8099418560036186 0.6504078540635119 0.7240389318820226 0.7669903939428205 0.7976700097005334 0.8283496254582462 0.8222137023067037 0.8160777791551611 0.7915340865489908 0.7301748550335652 0.8774370106705868 1.0983302441261191 1.2455923997631406 1.0246991663076084 0.6872233929727672 0.6504078540635119 0.803805932852076 1.1044661672776617 1.4910293258248433 1.7303303287350031 1.7732817907958012 4.8013598660820564 1.141281706186917 0.8160777791551611 
-57.0 -56.5 -56.5 -56.0 -56.0 -56.5 -56.5 -56.5 -56.0 -56.0 -56.0 -56.0 -56.5 -56.5 -57.0 -59.5 -62.0 -57.5 -52.5 -52.0 -52.5 -50.5 -51.0 -52.0 -54.0 -55.0 -54.0 -52.0 -52.5 -56.0 -55.5 -54.0 -53.0 -53.0 -52.5 -52.5 -53.0 -53.0 -53.5 -54.0 -53.0 -54.5 -56.0 -54.5 -51.5 -50.0 -48.5 -50.0 -51.0 -54.0 -57.5 -59.5 -60.0 
5.221670601962723 5.197126909356553 5.313709449235861 5.325981295538946 5.3627968344482015 5.267690025599292 5.301437602932776 5.344389064993574 5.3198453723874035 5.313709449235861 5.307573526084319 5.350524988145116 5.497787143782138 5.246214294568893 5.252350217720435 5.166447293598839 4.963961829597935 2.061670178918302 1.8162332528565992 1.5462526341887264 1.3989904785517047 1.3621749396424494 1.1719613219446299 1.0369710126106935 0.9019807032767571 1.0983302441261191 1.3192234775816514 1.0492428589137786 0.6688156235181395 0.3313398501832985 0.4172427743048944 0.7424467013366504 0.760854470791278 0.7976700097005334 0.7424467013366504 0.7792622402459057 0.8099418560036186 0.803805932852076 0.8406214717613314 0.6381360077604268 0.6933593161243098 0.7731263170943632 0.7853981633974483 0.8528933180644165 0.9572040116406401 1.3069516312785663 1.552388557340269 1.7916895602504288 1.8714565612204823 2.012582793705961 5.178719139901925 5.013049214810275 5.129631754689584 
-58.5 -58.0 -58.5 -58.5 -58.5 -59.0 -58.0 -58.0 -58.0 -57.5 -58.0 -58.0 -58.5 -58.0 -58.0 -59.0 -64.5 -60.0 -51.5 -51.0 -50.5 -49.5 -50.0 -50.5 -52.5 -56.5 -58.0 -60.5 -63.5 -60.0 -57.0 -54.5 -55.0 -54.0 -54.0 -54.0 -54.0 -53.5 -54.0 -55.0 -56.0 -58.5 -58.5 -57.0 -54.5 -51.0 -50.5 -50.5 -52.5 -56.5 -63.5 -65.5 -64.0 
1.380582709097077 1.3560390164909069 1.3130875544301088 1.3744467859455345 1.380582709097077 1.380582709097077 1.3314953238847365 1.282407938672396 1.3130875544301088 1.2701360923693108 1.2885438618239387 1.239456476611598 1.2333205534600555 1.3130875544301088 1.3130875544301088 1.4726215563702154 2.073942025221387 2.4605051837685683 2.2518837966161214 1.761009944492716 1.5033011721279284 1.423534171157875 1.3437671701878218 1.4542137869155878 1.607611865704152 1.932815792735908 2.043262409463674 2.012582793705961 1.9512235621905356 1.576932249946439 1.337631247036279 1.2333205534600555 1.2210487071569704 1.2640001692177683 1.2578642460662257 1.1596894756415448 1.1474176293384597 1.3069516312785663 1.4173982480063325 1.6444274046134073 1.7978254834019713 1.9941750242513334 2.0064468705544187 1.8285050991596843 1.4726215563702154 1.521708941582556 1.6260196351587797 1.902136176978195 2.1598449493429825 2.386874105950058 2.4390294527381693 2.2150682577068657 1.9266798695843652 
-60.5 -60.5 -60.5 -60.0 -59.5 -60.5 -60.0 -59.5 -60.0 -60.0 -60.5 -59.5 -59.5 -59.5 -60.5 -60.0 -59.5 -55.5 -50.0 -48.5 -49.5 -50.5 -52.5 -55.0 -55.0 -52.5 -51.0 -50.5 -52.0 -55.5 -56.0 -55.5 -55.0 -55.5 -55.0 -55.5 -54.5 -54.0 -53.5 -53.0 -53.0 -53.0 -53.5 -54.5 -53.0 -51.0 -49.5 -49.0 -49.5 -52.0 -55.5 -58.5 -60.0 
5.301437602932776 5.393476450205914 5.344389064993574 5.295301679781233 5.258486140871978 5.31064148766009 5.289165756629691 5.399612373357457 5.338253141842031 5.368932757599744 5.313709449235861 5.270757987175063 5.289165756629691 5.332117218690489 5.3627968344482015 5.491651220630596 5.7616318392984684 6.135923151542564 5.8475347634200645 5.835262917116979 5.970253226450915 5.71868037723767 5.638913376267617 5.6941366846315 5.755495916146925 6.007068765360171 6.043884304269426 6.209554229361076 5.902758071783947 5.9518454569962875 5.516194913236766 4.933282213840222 5.00077736850719 4.902602598082509 4.9394181369917645 4.945554060143307 4.9394181369917645 5.074408446325701 5.080544369477243 6.013204688511713 5.988660995905543 5.663457068873787 5.553010452146021 5.442563835418255 5.583690067903734 5.780039608753096 5.902758071783947 5.872078456026235 6.074563920027139 6.117515382087937 6.040816342693655 5.810719224510809 5.546874528994478 
-58.0 -58.0 -58.0 -58.0 -58.0 -58.5 -58.0 -58.0 -58.0 -57.5 -57.5 -57.5 -57.5 -58.0 -58.0 -58.0 -57.5 -57.0 -56.0 -55.5 -54.0 -55.0 -53.5 -54.5 -55.0 -57.0 -57.5 -58.5 -58.0 -59.5 -64.5 -61.5 -59.5 -58.5 -58.0 -59.0 -59.0 -61.0 -62.0 -59.5 -58.5 -59.5 -61.0 -63.0 -58.0 -56.0 -56.0 -55.5 -55.5 -57.0 -58.0 -57.0 -57.0 
5.0682725231741586 5.092816215780329 5.148039524144211 5.160311370447297 5.074408446325701 5.0345249458406744 5.049864753719531 5.0682725231741586 5.166447293598839 5.037592907416445 5.166447293598839 5.0682725231741586 5.062136600022616 5.148039524144211 5.111223985234957 5.4671075280244255 5.583690067903734 6.178874613603362 5.915029918087033 5.6941366846315 5.6941366846315 5.209398755659637 5.540738605842936 5.945709533844745 6.080699843178682 0.04295146206079795 6.2034183062095325 6.2463697682703305 6.117515382087937 6.117515382087937 6.092971689481767 6.000932842208628 5.859806609723149 5.767767762450011 5.638913376267617 5.724816300389213 5.755495916146925 6.086835766330224 0.04295146206079795 0.3374757733348411 0.2945243112740431 0.14112623248547898 5.994796919057086 5.8659425328746915 5.970253226450915 5.810719224510809 5.651185222570702 5.8045833013592665 5.957981380147831 6.019340611663256 6.132855189966794 6.019340611663256 5.602097837358362 
-64.0 -63.5 -63.5 -63.5 -63.5 -64.0 -63.0 -63.5 -63.5 -63.0 -63.0 -62.5 -63.5 -62.0 -62.5 -63.0 -62.5 -62.5 -59.0 -57.5 -57.0 -62.0 -63.0 -66.0 -62.5 -60.5 -60.0 -58.5 -56.5 -57.0 -59.5 -61.5 -62.5 -62.0 -61.0 -61.0 -61.5 -62.0 -61.5 -59.5 -58.5 -61.0 -65.5 -64.5 -61.0 -61.5 -64.0 -60.0 -60.5 -62.5 -65.5 -67.0 -67.5 
