5.737088146692298 2.116893487282185 5.681864838328415 1.0492428589137786 6.013204688511713 3.3440781175906977 3.160000423044421 3.368621810196868 3.2336315008629315 3.2765829629237295 3.055689729468197 3.2090878082567613 3.411573272257666 3.172272269347506 6.074563920027139 0.35588354278946877 0.6258641614573416 2.509592568980909 
-67.5 -67.0 -68.5 -65.0 -71.0 -63.5 -64.0 -66.0 -66.0 -67.5 -66.0 -65.0 -65.0 -63.0 -65.0 -66.0 -68.5 -69.0 
1.7548740213411735 1.8653206380689396 1.9512235621905356 1.8346410223112268 1.8039614065535141 2.000310947402876 2.030990563160589 1.945087639038993 1.8530487917658545 1.9819031779482483 1.9512235621905356 1.8039614065535141 1.88986433067511 1.9512235621905356 1.9573594853420782 1.6382914814618648 1.4173982480063325 1.5830681730979816 5.056000676871073 1.945087639038993 2.0493983326152168 2.313243028131547 2.1475731030398975 1.7732817907958012 1.6137477888556946 2.227340104009951 2.9820586516496865 2.5157284921324514 2.1353012567368124 2.024854640009046 1.9144080232812801 2.024854640009046 2.3746022596469727 2.6998061866787286 3.2949907323783574 2.693670263527186 2.3193789512830896 1.6198837120072371 4.681709364626977 1.932815792735908 2.3439226438892597 2.7979809571034093 1.9512235621905356 2.043262409463674 2.0064468705544187 2.0493983326152168 1.9757672547967058 2.0064468705544187 
-60.5 -60.5 -61.0 -61.0 -61.0 -60.5 -60.5 -60.5 -60.0 -60.5 -60.5 -61.0 -60.5 -60.5 -60.5 -61.0 -63.0 -62.5 -64.0 -65.0 -67.0 -63.5 -61.5 -61.0 -63.0 -64.5 -60.0 -61.0 -62.0 -64.0 -64.0 -63.5 -62.0 -60.0 -62.0 -67.0 -63.0 -65.0 -64.5 -62.0 -61.5 -65.5 -65.0 -63.5 -62.5 -62.5 -62.5 -61.5 
0.8344855486097889 0.8897088569736719 0.8344855486097889 0.803805932852076 0.8283496254582462 0.8406214717613314 0.8160777791551611 0.8160777791551611 0.803805932852076 0.803805932852076 0.8283496254582462 0.8344855486097889 0.8897088569736719 0.8528933180644165 0.8774370106705868 0.8835729338221293 0.859029241215959 0.7853981633974483 0.8958447801252144 0.8651651643675016 0.8835729338221293 1.012427320004523 1.1228739367322893 1.1290098598838318 1.2517283229146832 1.2087768608538851 1.1106020904292042 0.9817477042468103 1.0185632431560658 0.9817477042468103 0.760854470791278 0.6258641614573416 0.5951845456996288 0.5951845456996288 0.619728238305799 0.705631162427395 0.8713010875190442 1.0185632431560658 1.1167380135807468 0.9940195505498954 0.9633399347921826 1.0492428589137786 1.380582709097077 1.3744467859455345 1.1106020904292042 1.0676506283684062 1.1290098598838318 1.0799224746714913 0.9694758579437253 0.8897088569736719 0.8283496254582462 0.8528933180644165 0.803805932852076 
-54.0 -54.0 -53.5 -53.5 -54.0 -53.5 -54.0 -54.5 -54.0 -54.5 -54.5 -54.0 -54.0 -54.0 -54.5 -54.5 -55.0 -56.5 -55.5 -54.0 -54.5 -54.0 -53.0 -53.5 -50.5 -49.0 -50.0 -52.5 -53.5 -53.5 -54.0 -54.0 -54.0 -54.0 -53.5 -53.0 -53.0 -52.5 -52.0 -51.0 -49.5 -49.0 -50.5 -53.5 -54.5 -54.0 -54.0 -54.5 -55.5 -56.0 -57.0 -57.0 -57.0 
0.37429131224409645 0.46019423636569234 0.4049709280018093 0.4111068511533518 0.46019423636569234 0.4540583132141498 0.44178646691106466 0.4172427743048944 0.4970097752749477 0.4970097752749477 0.4724660826687775 0.46019423636569234 0.4540583132141498 0.5031456984264903 0.4540583132141498 0.4663301595172349 0.380427235395639 0.7179030087304801 1.5953400194010667 1.8285050991596843 1.3130875544301088 1.1903690913992575 1.1228739367322893 0.9203884727313847 0.5092816215780329 0.48473792897186263 0.7240389318820226 1.0799224746714913 1.2578642460662257 1.1658253987930873 0.9756117810952678 1.0062913968529805 0.944932165337555 0.9878836273983529 1.0246991663076084 0.9203884727313847 0.9817477042468103 1.0799224746714913 1.1719613219446299 0.9572040116406401 0.7240389318820226 0.6258641614573416 0.7424467013366504 1.0246991663076084 1.3744467859455345 1.521708941582556 1.7426021750380885 1.6996507129772904 1.4910293258248433 1.1719613219446299 0.9081166264282996 0.7363107781851077 0.6013204688511713 
-56.0 -56.5 -56.5 -56.5 -56.5 -56.5 -56.5 -56.5 -56.5 -56.5 -56.0 -56.5 -56.0 -56.0 -56.5 -57.0 -59.0 -64.5 -60.5 -54.0 -53.0 -53.5 -51.0 -50.5 -52.0 -54.0 -56.5 -56.0 -55.5 -56.0 -55.5 -56.0 -55.5 -55.5 -55.5 -55.0 -55.0 -55.5 -56.0 -57.0 -54.0 -53.0 -50.5 -49.5 -50.0 -51.5 -53.0 -55.0 -58.0 -59.0 -60.5 -59.5 -59.5 
5.154175447295755 5.197126909356553 5.1725832167503825 5.307573526084319 5.246214294568893 5.381204603902829 5.264622064023521 5.209398755659637 5.203262832508095 5.203262832508095 5.166447293598839 5.258486140871978 5.2768939103266055 5.332117218690489 5.325981295538946 5.240078371417351 5.240078371417351 1.902136176978195 1.552388557340269 1.4173982480063325 1.3499030933393643 1.2640001692177683 1.0246991663076084 0.9756117810952678 0.34974761963792617 1.423534171157875 1.3744467859455345 1.0799224746714913 1.2517283229146832 1.2762720155208536 1.0983302441261191 0.9510680884890975 0.8958447801252144 6.12365130523948 6.080699843178682 0.32520392703175593 0.5829126993965437 0.760854470791278 0.9694758579437253 1.1167380135807468 1.3560390164909069 1.5033011721279284 1.88986433067511 2.0371264863121317 2.098485717827557 2.36846633649543 4.7860200582032 
-61.5 -62.0 -62.0 -61.5 -61.5 -61.5 -61.5 -61.0 -61.0 -61.5 -61.0 -61.5 -61.5 -61.0 -61.0 -61.5 -64.0 -52.0 -50.5 -50.0 -49.5 -50.0 -52.5 -54.5 -60.5 -70.0 -62.5 -60.0 -59.0 -58.0 -57.5 -58.0 -61.5 -68.0 -64.0 -60.0 -57.5 -54.0 -51.0 -49.5 -48.5 -49.5 -51.0 -54.5 -59.5 -64.0 -65.0 
1.4296700943094176 1.4542137869155878 1.4910293258248433 1.5953400194010667 1.4296700943094176 1.4910293258248433 1.4358060174609601 1.4848934026733007 1.325359400733194 1.3621749396424494 1.4173982480063325 1.3744467859455345 1.2455923997631406 1.3499030933393643 1.2517283229146832 1.4910293258248433 1.718058482431918 2.043262409463674 2.423689644859313 2.380738182798515 1.8285050991596843 1.5155730184310134 1.337631247036279 1.282407938672396 1.4358060174609601 1.607611865704152 1.88986433067511 2.0371264863121317 2.000310947402876 1.9573594853420782 1.7916895602504288 1.8039614065535141 1.7978254834019713 1.7978254834019713 1.7671458676442586 1.7978254834019713 1.8223691760081417 1.9389517158874505 1.9757672547967058 1.88986433067511 1.846912868614312 1.5155730184310134 1.1228739367322893 1.3744467859455345 1.6321555583103222 1.8346410223112268 2.1966604882522383 2.380738182798515 2.466641106920111 2.448233337465483 2.325514874434632 2.1046216409791 1.9205439464328227 
-62.5 -63.0 -62.5 -61.5 -61.5 -62.0 -62.0 -61.5 -62.5 -61.5 -62.5 -62.0 -62.5 -62.0 -61.5 -60.5 -60.5 -59.5 -55.5 -51.0 -48.5 -49.0 -50.0 -52.0 -54.0 -54.5 -53.5 -54.0 -53.5 -53.5 -53.5 -53.5 -53.5 -54.0 -54.5 -54.5 -54.0 -54.5 -56.0 -56.0 -55.0 -55.0 -51.0 -50.0 -49.0 -49.0 -51.0 -53.0 -54.0 -57.0 -60.0 -61.0 -62.5 
5.436427912266712 5.448699758569798 5.368932757599744 5.436427912266712 5.47937937432751 5.405748296509 5.405748296509 5.442563835418255 5.418020142812084 5.368932757599744 5.399612373357457 5.387340527054372 5.405748296509 5.405748296509 5.45483568172134 5.45483568172134 5.553010452146021 5.755495916146925 5.915029918087033 5.835262917116979 5.810719224510809 5.927301764390117 5.822991070813893 5.810719224510809 5.872078456026235 5.822991070813893 5.651185222570702 6.0991076126333095 6.062292073724054 6.0991076126333095 6.209554229361076 5.822991070813893 5.700272607783043 5.6941366846315 5.589825991055276 5.798447378207723 5.755495916146925 5.516194913236766 4.97623367590102 5.283029833478148 5.546874528994478 5.589825991055276 5.651185222570702 5.706408530934585 5.859806609723149 5.982525072754001 6.013204688511713 5.9088939949354895 5.902758071783947 5.786175531904639 5.589825991055276 
-58.5 -58.5 -58.0 -58.5 -58.5 -58.0 -57.5 -58.0 -58.0 -58.0 -58.0 -58.0 -58.0 -58.0 -58.0 -58.0 -57.0 -56.5 -56.5 -55.5 -57.0 -55.5 -55.0 -54.5 -56.0 -57.5 -61.5 -64.0 -61.5 -63.0 -62.5 -64.0 -65.0 -64.0 -64.0 -62.5 -62.0 -64.0 -65.5 -61.5 -57.0 -54.0 -55.5 -55.0 -54.5 -56.0 -56.5 -57.5 -57.5 -57.5 -57.5 
4.804427827657828 4.963961829597935 5.062136600022616 5.0253210611133605 5.240078371417351 4.95168998329485 5.049864753719531 4.7307967498393175 5.209398755659637 5.086680292628786 5.123495831538041 5.0253210611133605 4.9823695990525625 5.062136600022616 5.074408446325701 5.2768939103266055 5.368932757599744 5.841398840268521 6.1850105367549055 5.945709533844745 5.712544454086128 5.712544454086128 5.049864753719531 0.36815538909255385 0.12885438618239387 6.252505691421874 0.018407769454627694 0.07363107781851078 0.14726215563702155 0.04908738521234052 6.154330920997192 0.0859029241215959 6.000932842208628 6.215690152512618 6.007068765360171 2.5464081078901644 5.565282298449106 5.730952223540755 5.792311455056181 5.939573610693203 6.258641614573416 0.2761165418194154 0.19634954084936207 2.748893571891069 6.19728238305799 5.681864838328415 
-66.5 -67.0 -65.5 -67.0 -65.5 -65.5 -65.5 -66.0 -66.5 -65.5 -65.5 -66.5 -65.5 -65.5 -65.5 -64.5 -62.5 -62.0 -61.0 -59.5 -57.0 -57.0 -62.5 -66.0 -67.0 -63.5 -62.5 -63.0 -63.5 -65.5 -66.0 -66.5 -65.5 -64.0 -63.5 -73.5 -58.0 -60.5 -58.5 -60.5 -62.0 -65.0 -68.5 -72.0 -69.0 -67.5 
