2.386874105950058 5.64504929941916 2.399145952253143 2.227340104009951 2.2518837966161214 2.2886993355253766 2.5709518004963345 2.356194490192345 2.466641106920111 2.6384469551633027 2.6691265709210157 3.098641191528995 3.0925052683774528 2.448233337465483 1.325359400733194 1.4848934026733007 0.6381360077604268 4.025165587411922 0.4540583132141498 3.6263305825616556 3.54042765844006 3.6201946594101133 3.6386024288647407 3.4913402732277192 3.497476196379262 3.5158839658338894 4.178563666200486 4.706253057233147 5.313709449235861 2.1537090261914402 2.742757648739526 2.411417798556228 2.5586799541932495 2.4850488763747385 2.5893595699509624 2.742757648739526 2.773437264497239 2.82252464970958 
-70.0 -72.0 -72.0 -69.5 -68.0 -69.0 -68.0 -67.0 -66.5 -69.0 -67.5 -67.5 -68.0 -67.5 -65.5 -66.0 -66.5 -72.5 -69.0 -66.0 -66.5 -67.0 -67.0 -64.5 -64.5 -68.0 -70.0 -66.0 -64.0 -74.0 -69.5 -68.0 -66.5 -65.5 -65.5 -65.0 -65.5 -65.5 
2.030990563160589 2.024854640009046 1.8162332528565992 2.018718716857504 2.116893487282185 2.110757564130642 1.9573594853420782 1.9941750242513334 2.098485717827557 2.1353012567368124 2.0923497946760143 2.325514874434632 2.282563412373834 2.184388641949153 2.030990563160589 2.1782527187976104 1.6935147898257479 2.1659808724945253 2.4605051837685683 2.1353012567368124 2.2027964114037806 2.061670178918302 1.6260196351587797 5.491651220630596 0.7976700097005334 3.706097583531709 3.055689729468197 2.791845033951867 2.564815877344792 2.7979809571034093 3.06182565261974 3.3747577333484107 3.5711072741977725 2.7979809571034093 1.7978254834019713 2.000310947402876 2.067806102069844 5.381204603902829 2.1046216409791 1.932815792735908 1.9205439464328227 1.9634954084936207 1.9205439464328227 1.932815792735908 1.932815792735908 1.9512235621905356 2.098485717827557 2.0923497946760143 
-61.5 -61.5 -61.5 -61.0 -62.0 -61.5 -62.5 -61.5 -62.0 -61.5 -60.5 -60.5 -60.5 -61.0 -61.0 -62.5 -63.0 -62.5 -63.5 -63.0 -62.0 -61.5 -63.0 -68.0 -67.0 -63.5 -61.0 -61.5 -61.5 -61.0 -61.0 -61.0 -64.0 -66.5 -61.5 -61.5 -63.5 -65.0 -64.0 -62.5 -62.0 -60.5 -61.0 -60.5 -60.5 -60.5 -60.5 -60.5 
0.7915340865489908 0.7792622402459057 0.7424467013366504 0.803805932852076 0.7669903939428205 0.7485826244881929 0.7424467013366504 0.7424467013366504 0.7915340865489908 0.803805932852076 0.803805932852076 0.8160777791551611 0.8528933180644165 0.8283496254582462 0.7301748550335652 0.8406214717613314 0.8835729338221293 0.9387962421860124 0.8958447801252144 1.030835089459151 1.337631247036279 1.4910293258248433 1.4051264017032472 1.1474176293384597 1.141281706186917 1.1351457830353744 1.0062913968529805 0.8774370106705868 0.760854470791278 0.6320000846088841 0.607456392002714 0.7424467013366504 0.9265243958829272 1.1290098598838318 1.227184630308513 1.2333205534600555 1.3008157081270237 1.3130875544301088 1.3192234775816514 1.1596894756415448 1.0921943209745766 1.1658253987930873 1.1535535524900022 1.0062913968529805 0.9572040116406401 0.9142525495798421 0.9265243958829272 0.9019807032767571 0.9081166264282996 0.9019807032767571 0.9081166264282996 0.9081166264282996 
-54.5 -55.0 -55.0 -55.0 -55.0 -55.0 -54.5 -55.0 -54.5 -54.0 -54.0 -54.0 -53.5 -54.0 -54.5 -55.0 -54.5 -54.0 -53.5 -54.5 -54.0 -51.5 -51.0 -53.5 -55.5 -53.5 -52.5 -52.0 -52.0 -52.0 -52.0 -52.0 -52.5 -52.0 -52.5 -50.5 -49.0 -50.5 -53.0 -54.5 -54.5 -54.0 -54.5 -54.5 -55.0 -54.0 -54.0 -53.5 -53.5 -53.5 -53.5 -54.0 
0.5767767762450011 0.6135923151542565 0.607456392002714 0.4970097752749477 0.42337869745643697 0.4049709280018093 0.37429131224409645 0.4111068511533518 0.380427235395639 0.4540583132141498 0.46019423636569234 0.4908738521234052 0.5154175447295755 0.4970097752749477 0.4356505437595221 0.6013204688511713 1.0246991663076084 1.7671458676442586 1.4480778637640452 1.2026409377023426 1.0799224746714913 0.8099418560036186 0.8344855486097889 0.8222137023067037 1.0615147052168636 1.1658253987930873 1.0369710126106935 0.9081166264282996 0.7669903939428205 0.6994952392758523 0.7240389318820226 0.8099418560036186 0.9142525495798421 1.3314953238847365 1.3192234775816514 0.9019807032767571 0.7915340865489908 0.7485826244881929 0.9817477042468103 1.1719613219446299 1.4542137869155878 1.8346410223112268 1.8162332528565992 1.4910293258248433 1.2087768608538851 1.030835089459151 0.7853981633974483 0.6320000846088841 0.5767767762450011 0.5338253141842031 0.5583690067903734 0.5522330836388308 
-58.0 -58.5 -59.0 -59.0 -58.5 -57.5 -57.5 -57.0 -57.0 -56.5 -57.0 -56.5 -56.0 -56.5 -57.5 -61.0 -62.5 -54.0 -52.0 -51.5 -51.0 -52.0 -53.5 -55.0 -55.5 -54.5 -52.5 -52.0 -51.5 -52.0 -52.0 -52.5 -53.5 -54.5 -55.0 -56.0 -54.0 -51.5 -50.5 -50.0 -51.0 -53.0 -55.0 -57.5 -58.0 -58.5 -58.5 -57.5 -57.0 -56.5 -56.5 -56.0 
5.227806525114265 5.166447293598839 5.141903600992669 5.295301679781233 5.381204603902829 5.436427912266712 5.5284667595398505 5.632777453116074 5.516194913236766 5.485515297479052 5.424156065963627 5.381204603902829 5.411884219660542 5.344389064993574 5.350524988145116 5.393476450205914 1.7794177139473437 1.9757672547967058 1.6751070203711202 1.3560390164909069 1.282407938672396 1.1290098598838318 0.8835729338221293 0.7179030087304801 0.6135923151542565 0.9081166264282996 1.141281706186917 1.141281706186917 1.086058397823034 1.000155473701438 1.0369710126106935 1.0185632431560658 0.944932165337555 0.5276893910326605 0.39269908169872414 0.607456392002714 0.9387962421860124 1.055378782065321 1.1106020904292042 1.1596894756415448 1.4173982480063325 1.7794177139473437 2.0371264863121317 1.9819031779482483 2.8532042654672924 4.362641360746763 4.767612288748572 1.8653206380689396 5.258486140871978 5.246214294568893 5.313709449235861 
-60.5 -60.5 -60.0 -59.0 -58.5 -58.5 -58.0 -58.5 -58.0 -58.5 -58.0 -58.0 -58.5 -58.5 -59.0 -63.0 -62.5 -53.0 -50.0 -50.0 -50.5 -53.0 -54.5 -54.5 -55.5 -56.5 -54.5 -53.0 -53.5 -53.5 -54.0 -54.0 -55.5 -59.0 -60.0 -58.0 -56.5 -52.5 -51.0 -50.5 -52.0 -54.0 -57.0 -61.0 -67.5 -69.0 -67.5 -66.0 -62.5 -61.0 -60.0 
1.564660403643354 1.748738098189631 1.6505633277649499 1.552388557340269 1.4542137869155878 1.3621749396424494 1.3437671701878218 1.2026409377023426 1.2333205534600555 1.239456476611598 1.2026409377023426 1.337631247036279 1.3499030933393643 1.3437671701878218 1.3989904785517047 1.748738098189631 2.1537090261914402 2.405281875404685 2.024854640009046 1.552388557340269 1.4419419406125027 1.6014759425526093 1.736466251886546 1.846912868614312 1.9634954084936207 2.0064468705544187 1.8960002538266525 1.718058482431918 1.6260196351587797 1.5033011721279284 1.552388557340269 1.6873788666742053 1.8407769454627694 2.012582793705961 2.0493983326152168 1.9512235621905356 1.8530487917658545 1.4971652489763858 1.368310862793992 1.4664856332186729 1.8346410223112268 2.3009711818284617 2.4727770300716534 2.509592568980909 2.454369260617026 2.2457478734645786 2.043262409463674 1.8100973297050567 1.5830681730979816 1.5585244804918115 1.4051264017032472 1.325359400733194 
-62.0 -62.0 -61.5 -61.5 -60.5 -59.5 -59.5 -59.5 -59.5 -59.5 -60.0 -60.5 -60.5 -60.0 -61.5 -61.0 -58.0 -51.0 -48.0 -49.0 -50.0 -52.0 -53.0 -54.0 -56.5 -57.5 -55.5 -55.0 -55.5 -55.5 -55.5 -55.5 -54.0 -54.0 -54.5 -54.5 -54.5 -53.5 -50.5 -50.0 -49.0 -52.0 -53.0 -55.5 -58.0 -59.0 -60.5 -60.5 -61.0 -61.0 -60.5 -60.5 
5.47937937432751 5.559146375297564 5.559146375297564 5.47937937432751 5.540738605842936 5.497787143782138 5.497787143782138 5.448699758569798 5.45483568172134 5.338253141842031 5.350524988145116 5.338253141842031 5.301437602932776 5.442563835418255 5.344389064993574 5.516194913236766 5.890486225480862 5.9518454569962875 5.651185222570702 5.872078456026235 5.66959299202533 5.559146375297564 5.602097837358362 5.399612373357457 5.442563835418255 5.424156065963627 5.473243451175968 5.313709449235861 5.2768939103266055 5.289165756629691 5.227806525114265 5.411884219660542 5.6573211457222445 5.577554144752192 5.534602682691394 5.368932757599744 5.43029198911517 5.559146375297564 5.577554144752192 5.798447378207723 5.64504929941916 5.8475347634200645 5.921165841238575 5.878214379177777 5.822991070813893 5.8045833013592665 5.71868037723767 5.565282298449106 5.497787143782138 5.4671075280244255 5.387340527054372 5.45483568172134 
-59.0 -59.0 -59.0 -58.5 -57.5 -57.5 -57.5 -57.5 -57.0 -57.5 -58.0 -57.5 -58.0 -58.0 -58.5 -57.5 -57.5 -56.0 -56.5 -54.0 -55.5 -57.0 -57.5 -60.0 -60.0 -61.0 -60.5 -59.0 -59.5 -59.5 -61.0 -61.5 -61.0 -62.0 -62.5 -61.0 -59.0 -58.5 -56.0 -55.0 -56.0 -55.5 -55.5 -57.0 -58.0 -58.0 -58.5 -59.0 -58.5 -59.0 -59.0 -58.0 
5.497787143782138 5.608233760509904 5.190990986205009 5.473243451175968 5.608233760509904 5.651185222570702 5.5284667595398505 5.356660911296659 5.270757987175063 5.2339424482658075 5.203262832508095 5.117359908386499 5.283029833478148 5.197126909356553 5.411884219660542 5.638913376267617 5.890486225480862 6.105243535784852 5.681864838328415 5.755495916146925 5.154175447295755 5.4671075280244255 5.688000761479957 5.50392306693368 5.780039608753096 5.859806609723149 5.982525072754001 5.93343768754166 5.878214379177777 5.878214379177777 6.043884304269426 5.982525072754001 5.964117303299373 6.050020227420969 0.09817477042468103 6.264777537724958 5.43029198911517 5.890486225480862 5.798447378207723 6.105243535784852 6.22182607566416 6.270913460876501 6.160466844148735 6.025476534814799 5.620505606812989 5.4671075280244255 5.295301679781233 5.1725832167503825 5.141903600992669 4.884194828627882 
-68.5 -67.5 -65.0 -63.0 -62.5 -62.5 -61.5 -61.0 -60.0 -62.5 -62.5 -63.0 -63.5 -63.0 -62.5 -62.5 -62.5 -59.0 -57.5 -57.0 -58.5 -63.0 -62.0 -62.5 -62.0 -61.5 -61.0 -61.5 -62.0 -62.0 -62.0 -61.0 -61.0 -61.0 -65.0 -67.5 -61.5 -61.5 -59.0 -60.5 -61.5 -65.5 -67.0 -67.5 -66.5 -65.5 -66.0 -65.5 -65.0 -63.5 
