5.730952223540755 5.841398840268521 5.859806609723149 5.835262917116979 6.013204688511713 0.5767767762450011 4.0558452031696355 2.9022916506796332 2.5832236467994196 3.6201946594101133 0.6872233929727672 0.7363107781851077 1.3621749396424494 3.055689729468197 5.47937937432751 5.64504929941916 0.2086213871524472 1.2640001692177683 1.8714565612204823 2.3009711818284617 3.0925052683774528 2.497320722677824 5.786175531904639 2.3930100291016 2.662990647769473 3.031146036862027 3.043417883165112 
-70.5 -71.0 -71.0 -71.0 -74.0 -70.5 -77.5 -65.5 -68.5 -65.5 -69.5 -70.0 -69.5 -65.5 -71.5 -67.5 -67.5 -66.5 -69.0 -70.0 -69.0 -67.5 -68.0 -65.5 -65.0 -64.0 -63.5 
2.018718716857504 2.0923497946760143 2.0493983326152168 2.1782527187976104 1.902136176978195 2.0800779483729293 2.110757564130642 2.1046216409791 1.9082721001297376 1.9941750242513334 5.390408488630143 2.0923497946760143 2.1659808724945253 2.2580197197676637 2.030990563160589 2.0064468705544187 1.8960002538266525 1.8223691760081417 2.2212041808584084 2.6568547246179306 2.60776733940559 2.36846633649543 2.227340104009951 2.184388641949153 1.8407769454627694 5.553010452146021 3.5895150436524004 3.2213596545598464 3.104777114680538 2.791845033951867 2.791845033951867 3.06182565261974 3.356349963893783 3.0802334220743677 5.356660911296659 1.7855536370988863 2.030990563160589 2.3623304133438876 2.423689644859313 5.583690067903734 1.8100973297050567 2.000310947402876 2.0064468705544187 2.061670178918302 2.0371264863121317 1.859184714917397 1.9757672547967058 1.9819031779482483 2.2457478734645786 
-61.0 -60.5 -61.0 -61.0 -61.0 -61.5 -61.0 -61.0 -61.0 -61.5 -62.0 -61.0 -61.0 -61.0 -61.0 -61.5 -61.0 -63.0 -62.0 -61.5 -61.0 -60.5 -61.0 -61.0 -62.5 -67.0 -61.5 -60.5 -60.0 -60.5 -60.5 -60.0 -60.5 -67.5 -66.5 -62.5 -60.5 -62.0 -62.0 -65.0 -63.5 -62.5 -61.5 -61.0 -61.0 -61.0 -61.0 -59.0 -58.5 
0.6933593161243098 0.7792622402459057 0.6872233929727672 0.7301748550335652 0.662679700366597 0.7547185476397354 0.7731263170943632 0.7669903939428205 0.7731263170943632 0.7301748550335652 0.7731263170943632 0.760854470791278 0.7731263170943632 0.760854470791278 0.7731263170943632 0.8222137023067037 0.7669903939428205 0.8651651643675016 1.0799224746714913 1.0737865515199487 1.2026409377023426 1.3192234775816514 1.3621749396424494 1.4726215563702154 1.4419419406125027 1.2640001692177683 1.2455923997631406 1.1965050145508 1.0676506283684062 0.9081166264282996 0.859029241215959 0.7976700097005334 0.705631162427395 0.7424467013366504 0.7976700097005334 1.000155473701438 1.1474176293384597 1.2762720155208536 1.2455923997631406 1.3867186322486196 1.3314953238847365 1.1474176293384597 1.141281706186917 1.055378782065321 1.0737865515199487 0.9940195505498954 0.859029241215959 0.859029241215959 0.7547185476397354 0.7853981633974483 0.8283496254582462 0.8528933180644165 0.9694758579437253 1.1351457830353744 1.1535535524900022 
-55.0 -55.0 -54.5 -54.5 -55.0 -55.0 -55.0 -55.5 -55.5 -55.0 -55.5 -55.5 -55.5 -55.5 -55.5 -56.0 -57.0 -60.0 -60.0 -58.0 -57.0 -56.5 -54.0 -53.5 -52.5 -53.0 -55.0 -53.5 -51.5 -51.0 -51.5 -51.5 -51.5 -51.5 -51.5 -51.0 -52.0 -56.0 -53.5 -51.5 -52.5 -53.5 -54.0 -54.0 -55.0 -54.5 -54.0 -54.5 -55.0 -55.0 -54.5 -53.5 -53.0 -53.5 -55.0 
0.34974761963792617 0.42337869745643697 0.380427235395639 0.47860200582032003 0.4663301595172349 0.4970097752749477 0.4540583132141498 0.4540583132141498 0.4970097752749477 0.5092816215780329 0.5031456984264903 0.4970097752749477 0.5522330836388308 0.5338253141842031 0.4908738521234052 0.47860200582032003 0.25770877236478773 0.5092816215780329 1.662835174068035 1.9144080232812801 1.4296700943094176 1.1351457830353744 1.0921943209745766 0.8099418560036186 0.6258641614573416 0.6320000846088841 1.1044661672776617 1.1965050145508 1.1044661672776617 0.9817477042468103 0.8713010875190442 0.8467573949128739 0.8344855486097889 0.8467573949128739 0.8651651643675016 0.9694758579437253 1.2517283229146832 1.0185632431560658 0.7731263170943632 0.7424467013366504 0.7976700097005334 0.944932165337555 1.2885438618239387 1.4910293258248433 1.8653206380689396 1.5401167110371838 1.214912784005428 0.859029241215959 0.662679700366597 0.5583690067903734 0.46019423636569234 0.3988350048502667 0.4908738521234052 0.5829126993965437 0.8897088569736719 
-57.5 -57.5 -57.5 -57.5 -57.5 -58.0 -58.0 -57.5 -57.5 -58.0 -58.0 -58.0 -58.0 -57.5 -58.0 -58.5 -61.0 -64.0 -58.5 -52.0 -51.5 -51.5 -50.5 -51.5 -53.5 -55.5 -55.5 -54.5 -53.5 -53.5 -53.0 -52.5 -52.0 -52.0 -52.5 -52.0 -53.0 -56.5 -55.0 -54.0 -51.5 -50.5 -50.5 -51.0 -53.5 -55.5 -59.0 -59.5 -59.5 -60.0 -58.5 -58.0 -56.0 -55.0 -55.0 
5.086680292628786 5.062136600022616 5.1725832167503825 5.043728830567988 5.049864753719531 5.0253210611133605 4.945554060143307 4.921010367537137 4.9823695990525625 5.013049214810275 4.997709406931419 5.111223985234957 4.9823695990525625 4.963961829597935 5.037592907416445 5.013049214810275 5.00077736850719 4.9394181369917645 2.3439226438892597 2.024854640009046 1.5892040962495242 1.4051264017032472 1.3744467859455345 1.3437671701878218 1.1351457830353744 0.8406214717613314 0.7547185476397354 0.9387962421860124 1.043106935762236 1.2333205534600555 1.214912784005428 1.227184630308513 1.2333205534600555 1.2517283229146832 1.2701360923693108 1.3560390164909069 1.1965050145508 0.7731263170943632 0.7485826244881929 0.9817477042468103 1.0369710126106935 1.1228739367322893 1.3989904785517047 1.662835174068035 2.1966604882522383 4.878058905476339 4.963961829597935 5.117359908386499 5.516194913236766 
-59.0 -59.0 -59.5 -59.0 -59.0 -59.5 -59.5 -60.0 -59.5 -59.5 -60.0 -59.0 -59.0 -59.5 -59.5 -59.5 -59.0 -61.5 -62.0 -52.5 -50.5 -50.5 -51.0 -53.0 -55.0 -56.5 -56.0 -56.5 -54.5 -53.5 -52.5 -52.0 -51.5 -51.5 -51.0 -51.5 -54.5 -56.0 -55.5 -55.0 -51.5 -49.5 -49.0 -50.0 -62.0 -63.5 -62.5 -62.5 -66.5 
1.4296700943094176 1.3499030933393643 1.5278448647340985 1.3192234775816514 1.4726215563702154 1.5585244804918115 1.5401167110371838 1.564660403643354 1.5585244804918115 1.3989904785517047 1.4787574795217582 1.5462526341887264 1.4603497100671303 1.4358060174609601 1.521708941582556 1.6137477888556946 1.8960002538266525 2.4911847995262812 2.380738182798515 1.846912868614312 1.4542137869155878 1.4971652489763858 1.6444274046134073 1.7855536370988863 1.8039614065535141 1.9634954084936207 2.0064468705544187 1.7978254834019713 1.846912868614312 1.7855536370988863 1.6996507129772904 1.6321555583103222 1.6137477888556946 1.6751070203711202 1.859184714917397 2.061670178918302 1.9082721001297376 1.8653206380689396 1.6996507129772904 1.2640001692177683 1.337631247036279 1.6382914814618648 1.9205439464328227 5.589825991055276 2.466641106920111 2.411417798556228 2.337786720737717 2.0923497946760143 1.9389517158874505 1.6812429435226628 1.6935147898257479 1.564660403643354 1.5707963267948966 1.4358060174609601 
-62.0 -62.0 -62.5 -62.0 -61.5 -61.5 -62.0 -62.0 -62.0 -62.0 -62.0 -62.0 -62.0 -62.5 -61.0 -61.0 -61.0 -55.5 -50.5 -48.0 -49.5 -50.5 -52.5 -53.5 -54.0 -55.5 -56.0 -54.5 -53.5 -54.0 -54.5 -54.5 -54.5 -54.0 -53.0 -54.5 -58.5 -55.0 -53.5 -52.0 -49.5 -48.0 -48.0 -51.5 -53.5 -56.5 -60.0 -60.5 -61.5 -61.5 -62.0 -62.0 -60.0 -58.5 
5.356660911296659 5.418020142812084 5.436427912266712 5.375068680751287 5.405748296509 5.424156065963627 5.43029198911517 5.45483568172134 5.559146375297564 5.448699758569798 5.399612373357457 5.387340527054372 5.418020142812084 5.442563835418255 5.4671075280244255 5.4671075280244255 5.50392306693368 5.6143696836614465 5.902758071783947 5.988660995905543 5.786175531904639 5.841398840268521 5.6941366846315 5.724816300389213 5.780039608753096 5.638913376267617 5.872078456026235 5.6941366846315 5.6143696836614465 5.743224069843841 5.387340527054372 5.5284667595398505 5.436427912266712 5.368932757599744 5.350524988145116 5.534602682691394 5.675728915176872 5.411884219660542 5.473243451175968 5.418020142812084 5.608233760509904 5.737088146692298 5.786175531904639 5.970253226450915 6.013204688511713 5.970253226450915 5.798447378207723 5.681864838328415 5.565282298449106 5.540738605842936 5.5284667595398505 5.497787143782138 5.405748296509 5.424156065963627 
-58.5 -58.0 -58.5 -58.0 -58.0 -58.0 -58.5 -58.0 -58.0 -58.0 -58.5 -58.0 -58.0 -58.0 -58.0 -58.5 -57.0 -57.5 -56.5 -56.0 -56.0 -53.0 -55.5 -55.5 -57.0 -58.5 -59.0 -59.5 -60.0 -59.0 -59.5 -57.5 -57.5 -57.5 -58.0 -59.0 -59.5 -59.5 -57.0 -56.0 -54.5 -56.0 -56.0 -55.5 -56.5 -57.5 -58.0 -58.5 -58.0 -58.5 -58.5 -58.5 -56.5 -56.5 
5.056000676871073 5.056000676871073 5.111223985234957 5.166447293598839 5.123495831538041 5.307573526084319 5.129631754689584 5.2339424482658075 5.1725832167503825 2.0371264863121317 5.141903600992669 5.240078371417351 5.043728830567988 5.190990986205009 5.270757987175063 5.460971604872882 5.626641529964532 6.086835766330224 6.252505691421874 5.896622148632405 5.706408530934585 5.166447293598839 5.638913376267617 5.798447378207723 5.638913376267617 2.724349879284899 2.724349879284899 5.829126993965437 5.829126993965437 5.755495916146925 5.688000761479957 5.706408530934585 5.626641529964532 5.6941366846315 5.3627968344482015 5.792311455056181 5.957981380147831 5.270757987175063 5.43029198911517 5.270757987175063 5.338253141842031 5.6941366846315 5.859806609723149 6.056156150572511 6.166602767300278 6.234097921967246 5.798447378207723 5.565282298449106 2.3316507975861747 5.283029833478148 5.270757987175063 5.123495831538041 5.062136600022616 
-65.0 -66.5 -66.0 -66.5 -67.5 -67.0 -65.5 -66.5 -65.5 -67.5 -67.5 -66.0 -66.0 -66.0 -66.5 -63.5 -62.0 -62.5 -60.0 -58.0 -55.0 -60.5 -62.5 -63.5 -63.0 -62.5 -63.5 -62.0 -61.5 -61.0 -61.5 -61.5 -60.5 -61.0 -62.0 -60.5 -62.0 -63.0 -62.0 -61.0 -58.5 -58.5 -57.5 -60.5 -62.0 -68.0 -69.5 -68.5 -68.5 -67.5 -66.0 -65.5 -64.5 
