6.191146459906448 5.945709533844745 5.970253226450915 5.939573610693203 6.062292073724054 5.9088939949354895 5.356660911296659 5.203262832508095 2.724349879284899 2.8961557275280905 2.6875343403756435 3.129320807286708 3.3502140407422405 3.6447383520162835 3.718369429834794 0.8835729338221293 3.3011266555298997 3.08636934522591 2.718213956133356 3.129320807286708 4.657165672020807 5.620505606812989 0.1349903093339364 0.6565437772150544 2.3009711818284617 3.393165502803038 3.0495538063166547 2.945243112740431 3.3195344249845276 3.0495538063166547 
-68.5 -68.5 -68.5 -68.5 -68.5 -68.5 -66.0 -70.0 -63.0 -61.5 -63.0 -69.5 -67.5 -67.5 -70.0 -72.0 -64.5 -67.0 -62.0 -62.0 -67.0 -67.0 -69.5 -70.0 -70.5 -72.0 -70.5 -68.0 -70.5 -67.5 
2.36846633649543 5.6143696836614465 2.411417798556228 2.497320722677824 2.2396119503130363 2.454369260617026 2.448233337465483 2.3316507975861747 2.454369260617026 2.337786720737717 1.9389517158874505 2.3009711818284617 2.2212041808584084 5.473243451175968 2.067806102069844 2.018718716857504 2.000310947402876 2.442097414313941 2.448233337465483 2.405281875404685 2.12916533358527 1.7794177139473437 1.9696313316451632 1.8714565612204823 1.9144080232812801 3.2090878082567613 2.9022916506796332 2.8654761117703775 6.105243535784852 3.0250101137104846 3.509748042682347 3.5158839658338894 2.5034566458293663 1.6505633277649499 2.018718716857504 2.399145952253143 2.5341362615870793 2.1905245651006955 1.8837284075235674 2.0586022173425302 1.7671458676442586 1.9696313316451632 2.2150682577068657 2.3746022596469727 2.3071071049800045 2.325514874434632 2.313243028131547 
-61.0 -62.0 -60.5 -61.0 -60.5 -61.5 -60.0 -61.0 -60.5 -62.5 -60.5 -61.0 -61.5 -62.0 -62.0 -63.0 -64.0 -63.5 -63.0 -61.0 -60.0 -60.5 -62.5 -61.5 -63.5 -61.5 -62.0 -62.5 -62.5 -61.5 -63.5 -66.0 -66.5 -61.5 -61.5 -62.0 -62.5 -63.0 -63.5 -64.5 -62.0 -62.5 -61.0 -62.0 -61.5 -61.5 -61.0 
0.760854470791278 0.7915340865489908 0.7915340865489908 0.7669903939428205 0.6135923151542565 0.7792622402459057 0.7301748550335652 0.8160777791551611 0.6994952392758523 0.705631162427395 0.7516505860639642 0.6320000846088841 0.6565437772150544 0.662679700366597 0.7424467013366504 0.6504078540635119 0.607456392002714 0.607456392002714 0.7731263170943632 0.7179030087304801 0.803805932852076 1.1167380135807468 1.3560390164909069 1.4848934026733007 1.368310862793992 1.2640001692177683 1.214912784005428 1.1167380135807468 1.0615147052168636 1.012427320004523 1.000155473701438 0.9326603190344698 0.8713010875190442 0.8406214717613314 0.859029241215959 1.043106935762236 1.1535535524900022 1.184233168247715 1.2701360923693108 1.2578642460662257 1.3560390164909069 1.2946797849754812 1.1106020904292042 1.184233168247715 1.1780972450961724 1.055378782065321 0.9970875121256667 0.859029241215959 0.7547185476397354 0.8099418560036186 0.8099418560036186 0.8958447801252144 0.8160777791551611 0.8222137023067037 
-54.5 -55.0 -54.5 -54.5 -54.5 -54.5 -54.5 -55.0 -54.5 -55.0 -55.5 -55.0 -55.0 -55.0 -54.5 -54.5 -55.5 -56.0 -56.5 -55.0 -56.5 -57.0 -55.5 -54.5 -53.0 -52.5 -53.0 -53.0 -53.0 -53.0 -51.5 -51.5 -51.5 -51.5 -51.5 -51.0 -50.5 -53.0 -53.5 -50.0 -50.5 -52.0 -52.0 -52.5 -53.0 -54.0 -54.5 -54.5 -56.5 -57.0 -57.0 -56.5 -56.5 -56.5 
0.6135923151542565 0.4970097752749477 0.5522330836388308 0.6442719309119693 0.5522330836388308 0.521553467881118 0.521553467881118 0.5399612373357456 0.44178646691106466 0.5399612373357456 0.5829126993965437 0.4663301595172349 0.5706408530934585 0.5338253141842031 0.5706408530934585 0.4295146206079795 0.18407769454627693 0.3129320807286708 1.521708941582556 1.5155730184310134 1.184233168247715 1.1044661672776617 1.1719613219446299 0.7731263170943632 0.7363107781851077 0.8958447801252144 1.0369710126106935 1.3621749396424494 1.3499030933393643 1.1167380135807468 0.9817477042468103 0.8713010875190442 0.760854470791278 0.7853981633974483 0.7853981633974483 0.8774370106705868 1.1596894756415448 1.3867186322486196 1.2762720155208536 0.9326603190344698 0.7117670855789375 0.705631162427395 1.055378782065321 1.2946797849754812 1.6198837120072371 1.705786636128833 1.4480778637640452 0.9817477042468103 0.705631162427395 0.7547185476397354 0.6872233929727672 0.6994952392758523 0.7363107781851077 0.6320000846088841 
-58.0 -58.0 -57.0 -57.0 -58.0 -57.5 -58.0 -58.0 -57.0 -57.5 -58.5 -58.5 -57.0 -57.5 -57.5 -57.5 -60.0 -63.5 -58.0 -54.0 -53.0 -52.5 -51.5 -53.0 -54.5 -57.0 -57.0 -55.0 -53.0 -51.5 -50.5 -51.5 -51.5 -51.5 -52.0 -52.0 -52.0 -54.0 -55.5 -55.5 -53.5 -51.5 -49.0 -49.5 -51.0 -54.0 -58.0 -59.0 -60.0 -59.5 -58.5 -58.5 -58.0 -57.5 
5.246214294568893 5.270757987175063 5.246214294568893 5.166447293598839 5.178719139901925 5.1725832167503825 5.209398755659637 5.160311370447297 5.1725832167503825 5.135767677841127 5.1817871014776955 5.154175447295755 5.135767677841127 5.098952138931871 5.209398755659637 5.313709449235861 5.301437602932776 5.442563835418255 1.6444274046134073 1.88986433067511 1.6505633277649499 1.4480778637640452 1.5462526341887264 1.4787574795217582 1.2946797849754812 1.1596894756415448 1.141281706186917 1.184233168247715 1.0921943209745766 0.803805932852076 0.6258641614573416 0.6320000846088841 0.7240389318820226 0.8160777791551611 0.7853981633974483 0.9203884727313847 0.9142525495798421 0.8713010875190442 1.0369710126106935 1.030835089459151 1.2333205534600555 1.000155473701438 1.2455923997631406 1.5401167110371838 1.6935147898257479 1.8960002538266525 5.154175447295755 1.6382914814618648 4.804427827657828 4.749204519293945 4.828971520263998 4.804427827657828 4.97623367590102 5.043728830567988 
-58.5 -58.0 -58.5 -59.0 -57.5 -58.0 -58.5 -57.5 -58.0 -58.5 -59.0 -59.0 -57.5 -58.5 -59.0 -59.0 -59.5 -62.0 -62.0 -53.0 -51.5 -52.0 -52.0 -53.0 -54.0 -54.0 -52.5 -52.0 -52.5 -53.5 -54.0 -55.0 -55.0 -55.0 -55.0 -54.5 -54.5 -54.5 -55.5 -57.5 -55.0 -50.5 -48.0 -49.0 -49.5 -52.5 -61.0 -67.5 -65.0 -61.0 -61.0 -60.0 -60.0 -59.0 
1.6812429435226628 1.662835174068035 1.6505633277649499 1.859184714917397 1.8039614065535141 1.5953400194010667 1.576932249946439 1.6137477888556946 1.6260196351587797 1.739534213462317 1.6689710972195777 1.6198837120072371 1.6689710972195777 1.607611865704152 1.5830681730979816 1.8407769454627694 1.9757672547967058 2.2089323345553233 2.325514874434632 1.9819031779482483 1.5953400194010667 1.662835174068035 1.8100973297050567 1.9512235621905356 2.2089323345553233 2.1905245651006955 2.1598449493429825 1.945087639038993 1.7241944055834606 1.6014759425526093 1.3989904785517047 1.3069516312785663 1.2517283229146832 1.41126232485479 1.5462526341887264 1.859184714917397 2.0064468705544187 2.067806102069844 1.9696313316451632 1.6751070203711202 1.2762720155208536 1.4419419406125027 1.7794177139473437 2.0371264863121317 2.4175537217077703 5.608233760509904 2.3193789512830896 1.9266798695843652 1.748738098189631 1.6505633277649499 1.5401167110371838 1.4480778637640452 1.4542137869155878 
-61.0 -60.0 -60.5 -60.0 -61.0 -60.5 -59.5 -60.5 -60.0 -61.0 -60.5 -60.0 -59.5 -60.5 -60.0 -61.0 -59.0 -56.0 -51.0 -49.0 -50.0 -51.0 -52.5 -53.0 -54.0 -55.5 -56.5 -56.0 -55.0 -55.0 -54.5 -54.5 -54.5 -54.5 -54.5 -54.0 -54.0 -52.5 -52.0 -54.5 -51.0 -49.0 -48.5 -49.0 -52.5 -55.5 -59.0 -60.5 -61.0 -61.0 -61.0 -61.0 -61.0 
5.418020142812084 5.338253141842031 5.4671075280244255 5.344389064993574 5.301437602932776 5.424156065963627 5.50392306693368 5.424156065963627 5.295301679781233 5.368932757599744 5.295301679781233 5.3198453723874035 5.301437602932776 5.368932757599744 5.2768939103266055 5.375068680751287 5.583690067903734 5.66959299202533 5.816855147662351 5.829126993965437 5.737088146692298 5.841398840268521 5.902758071783947 5.878214379177777 5.927301764390117 5.822991070813893 5.595961914206819 5.638913376267617 5.399612373357457 5.2768939103266055 5.178719139901925 5.252350217720435 5.393476450205914 5.43029198911517 5.45483568172134 5.2768939103266055 5.344389064993574 5.485515297479052 5.632777453116074 6.074563920027139 5.780039608753096 5.491651220630596 5.6573211457222445 5.663457068873787 5.841398840268521 5.970253226450915 5.921165841238575 5.798447378207723 5.632777453116074 5.553010452146021 5.491651220630596 5.3627968344482015 5.399612373357457 5.399612373357457 
-58.0 -58.0 -58.0 -58.0 -58.5 -58.0 -58.0 -57.5 -58.0 -57.0 -58.0 -57.5 -58.0 -57.0 -57.0 -57.0 -58.0 -58.0 -57.5 -57.0 -56.5 -53.5 -54.0 -54.5 -55.5 -58.0 -58.5 -58.5 -57.5 -57.0 -57.0 -57.5 -57.0 -57.5 -58.5 -58.5 -59.0 -59.5 -58.5 -57.0 -55.5 -55.0 -54.0 -55.5 -55.0 -56.0 -57.5 -58.0 -58.5 -58.0 -58.0 -58.0 -57.5 -57.5 
5.049864753719531 5.111223985234957 5.086680292628786 5.221670601962723 5.166447293598839 5.203262832508095 5.154175447295755 5.154175447295755 4.988505522204105 5.3198453723874035 1.892932292250881 4.988505522204105 5.105088062083414 5.117359908386499 5.049864753719531 5.178719139901925 2.3746022596469727 5.688000761479957 5.945709533844745 6.019340611663256 5.792311455056181 5.66959299202533 5.890486225480862 6.240233845118788 6.240233845118788 6.111379458936394 0.16566992509164924 6.191146459906448 5.896622148632405 5.9088939949354895 5.945709533844745 5.878214379177777 5.902758071783947 5.964117303299373 5.976389149602458 5.810719224510809 6.000932842208628 6.22182607566416 6.252505691421874 2.1598449493429825 5.595961914206819 5.608233760509904 5.835262917116979 6.086835766330224 6.163534805724506 5.902758071783947 5.786175531904639 5.405748296509 5.6143696836614465 5.178719139901925 5.295301679781233 5.178719139901925 
-64.0 -64.0 -64.5 -64.5 -64.0 -63.0 -64.0 -63.5 -62.0 -62.5 -64.0 -63.5 -63.0 -63.5 -64.0 -62.5 -61.5 -60.5 -60.5 -58.5 -57.0 -55.5 -62.0 -61.0 -60.5 -60.5 -62.0 -62.5 -60.0 -59.5 -59.5 -59.0 -59.0 -58.5 -57.5 -59.0 -59.5 -62.0 -61.5 -62.0 -60.0 -59.0 -58.0 -61.0 -64.0 -66.5 -67.0 -66.5 -65.0 -64.5 -64.0 -63.5 
