3.706097583531709 3.423845118560751 0.21475731030398976 3.215223731408304 3.454524734318464 3.1906800388021335 0.1902136176978195 3.055689729468197 3.160000423044421 0.7976700097005334 3.3318062712876126 3.2581751934691017 2.5832236467994196 2.1905245651006955 2.2948352586769194 2.448233337465483 5.9518454569962875 2.3316507975861747 2.6261751088602177 2.4911847995262812 2.454369260617026 2.5280003384355365 2.650718801466388 3.000466421104314 0.28838838812250056 3.1231848841351653 3.055689729468197 2.945243112740431 2.859340188618835 3.11091303783208 2.7120780329818137 2.9943304979527716 3.043417883165112 3.0250101137104846 3.0127382674073995 3.0802334220743677 
-67.0 -67.0 -68.0 -67.5 -67.5 -67.5 -67.5 -65.0 -65.5 -69.5 -63.0 -61.0 -61.5 -66.0 -67.5 -68.0 -70.5 -68.5 -69.0 -68.0 -68.0 -65.5 -63.5 -64.5 -72.0 -69.5 -68.5 -66.0 -67.0 -65.5 -66.5 -67.0 -67.0 -69.0 -66.5 -68.0 
1.6935147898257479 1.6137477888556946 1.7303303287350031 1.705786636128833 1.6873788666742053 1.521708941582556 1.6996507129772904 1.7241944055834606 1.6689710972195777 1.7426021750380885 1.6444274046134073 1.8530487917658545 1.7303303287350031 1.4971652489763858 1.1351457830353744 0.9817477042468103 4.841243366567084 1.8960002538266525 1.748738098189631 1.9880391010997909 1.88986433067511 1.8653206380689396 1.8285050991596843 2.073942025221387 2.1782527187976104 2.067806102069844 1.41126232485479 1.2762720155208536 1.2026409377023426 1.1167380135807468 1.2885438618239387 1.4051264017032472 1.576932249946439 1.4848934026733007 1.6321555583103222 1.6505633277649499 1.5953400194010667 1.662835174068035 1.6260196351587797 1.6935147898257479 1.607611865704152 1.4848934026733007 1.5585244804918115 
-61.5 -62.0 -61.5 -61.0 -61.0 -61.0 -61.0 -61.0 -61.0 -61.5 -60.5 -61.0 -61.5 -62.0 -63.0 -64.5 -69.5 -61.5 -61.5 -60.5 -60.5 -60.5 -60.5 -62.5 -63.5 -63.5 -63.0 -61.5 -60.5 -61.0 -60.5 -60.0 -58.5 -58.5 -59.0 -59.5 -59.0 -59.5 -59.5 -59.5 -59.5 -60.0 -60.0 
1.1719613219446299 1.1780972450961724 1.1474176293384597 1.2087768608538851 1.184233168247715 1.1965050145508 1.1903690913992575 1.2026409377023426 1.1903690913992575 1.1596894756415448 1.1780972450961724 1.1965050145508 1.1965050145508 1.1596894756415448 1.0737865515199487 1.1167380135807468 1.1596894756415448 1.1106020904292042 1.1719613219446299 1.214912784005428 1.141281706186917 1.0799224746714913 1.030835089459151 1.030835089459151 1.055378782065321 1.0246991663076084 1.0369710126106935 1.1474176293384597 1.2946797849754812 1.1780972450961724 1.0676506283684062 0.9878836273983529 1.043106935762236 1.0799224746714913 1.1106020904292042 1.1535535524900022 1.184233168247715 1.184233168247715 1.2210487071569704 1.2026409377023426 1.1965050145508 1.2210487071569704 1.2210487071569704 1.2087768608538851 1.1965050145508 1.1658253987930873 1.1719613219446299 
-49.5 -49.5 -49.5 -49.5 -49.5 -49.5 -49.5 -49.5 -49.5 -49.5 -49.0 -49.5 -49.0 -48.5 -48.5 -49.5 -51.0 -51.0 -51.5 -52.0 -52.0 -52.5 -53.0 -53.5 -53.0 -53.0 -52.0 -52.0 -52.0 -52.5 -52.5 -51.0 -49.5 -49.5 -48.5 -48.0 -48.5 -48.5 -49.0 -49.5 -49.0 -49.0 -49.0 -49.0 -49.0 -49.0 -49.5 
1.214912784005428 1.2762720155208536 1.214912784005428 1.2640001692177683 1.2701360923693108 1.2640001692177683 1.3008157081270237 1.2455923997631406 1.2578642460662257 1.2517283229146832 1.2578642460662257 1.2701360923693108 1.2026409377023426 1.1228739367322893 1.0369710126106935 1.227184630308513 1.380582709097077 1.3314953238847365 1.533980787885641 1.564660403643354 1.509437095279471 1.576932249946439 1.576932249946439 1.5462526341887264 1.5401167110371838 1.5707963267948966 1.533980787885641 1.4542137869155878 1.6321555583103222 1.6260196351587797 1.41126232485479 1.4296700943094176 1.1351457830353744 1.043106935762236 1.043106935762236 1.0369710126106935 1.1044661672776617 1.1780972450961724 1.2210487071569704 1.3130875544301088 1.2885438618239387 1.2640001692177683 1.2762720155208536 1.2517283229146832 1.2455923997631406 1.2517283229146832 1.2333205534600555 
-50.0 -50.0 -50.0 -50.0 -50.0 -50.0 -50.0 -50.0 -50.0 -50.0 -50.0 -50.0 -50.5 -50.5 -51.5 -51.0 -50.5 -50.5 -52.0 -51.0 -51.5 -51.5 -52.0 -52.0 -51.5 -51.5 -51.5 -51.5 -50.5 -52.5 -52.0 -52.0 -51.5 -51.0 -50.5 -50.0 -50.0 -49.5 -50.0 -50.5 -50.5 -50.0 -50.0 -50.0 -50.5 -50.5 -50.0 
1.5585244804918115 1.6014759425526093 1.576932249946439 1.5953400194010667 1.6137477888556946 1.6014759425526093 1.5953400194010667 1.5892040962495242 1.5462526341887264 1.5462526341887264 1.552388557340269 1.5278448647340985 1.564660403643354 1.4664856332186729 1.7119225592803755 1.8407769454627694 1.8162332528565992 1.8039614065535141 1.8100973297050567 1.8775924843720249 1.932815792735908 2.061670178918302 2.116893487282185 2.098485717827557 2.086213871524472 2.061670178918302 2.0800779483729293 1.9573594853420782 1.8223691760081417 1.8837284075235674 2.018718716857504 2.055534255766759 2.043262409463674 1.9819031779482483 1.6321555583103222 1.5585244804918115 1.5892040962495242 1.607611865704152 1.6198837120072371 1.5953400194010667 1.5953400194010667 1.6014759425526093 1.5892040962495242 1.5401167110371838 1.533980787885641 1.576932249946439 1.521708941582556 
-50.5 -50.5 -50.0 -50.5 -50.5 -50.0 -50.5 -50.0 -50.0 -50.0 -50.0 -50.5 -50.5 -51.5 -52.0 -48.5 -48.0 -48.5 -49.5 -49.5 -51.5 -51.5 -51.5 -51.0 -51.0 -51.0 -51.0 -50.5 -49.5 -48.0 -48.0 -48.5 -50.5 -51.5 -53.0 -52.5 -51.5 -50.5 -50.0 -50.0 -50.5 -50.5 -50.5 -50.5 -50.5 -50.5 -50.5 
1.9389517158874505 1.9696313316451632 1.9819031779482483 1.9880391010997909 1.9819031779482483 1.9634954084936207 1.9634954084936207 1.9819031779482483 1.932815792735908 1.932815792735908 1.9696313316451632 1.9512235621905356 1.945087639038993 1.859184714917397 1.9082721001297376 2.2212041808584084 2.1659808724945253 2.2457478734645786 2.337786720737717 2.2457478734645786 2.325514874434632 2.411417798556228 2.435961491162398 2.466641106920111 2.4605051837685683 2.429825568010856 2.3746022596469727 2.3623304133438876 2.4175537217077703 2.325514874434632 2.337786720737717 2.423689644859313 2.270291566070749 2.012582793705961 1.7732817907958012 1.8162332528565992 1.9205439464328227 2.024854640009046 2.0371264863121317 2.0064468705544187 2.030990563160589 2.000310947402876 2.018718716857504 1.9819031779482483 1.9880391010997909 1.9757672547967058 1.9819031779482483 
-50.0 -50.0 -50.0 -50.5 -50.5 -50.0 -50.0 -50.0 -50.0 -50.0 -50.0 -50.0 -51.0 -51.5 -53.5 -52.5 -53.0 -53.0 -52.5 -52.0 -52.5 -53.0 -53.5 -53.5 -53.5 -53.5 -52.5 -52.0 -53.0 -53.0 -51.5 -52.0 -55.0 -54.5 -53.0 -52.0 -51.5 -50.5 -50.5 -50.0 -50.5 -50.5 -50.5 -50.5 -50.5 -50.5 -51.0 
5.049864753719531 5.160311370447297 5.019185137961818 5.21553467881118 5.166447293598839 5.368932757599744 5.178719139901925 5.853670686571607 5.184855063053467 5.166447293598839 5.105088062083414 5.307573526084319 5.295301679781233 5.884350302329319 5.982525072754001 5.841398840268521 5.945709533844745 5.620505606812989 5.730952223540755 5.767767762450011 5.896622148632405 6.050020227420969 6.068427996875596 6.000932842208628 5.970253226450915 6.050020227420969 5.93343768754166 5.982525072754001 5.706408530934585 5.246214294568893 6.013204688511713 6.17273869045182 5.743224069843841 5.2768939103266055 4.994641445355648 4.988505522204105 5.344389064993574 5.123495831538041 5.074408446325701 5.129631754689584 5.080544369477243 5.117359908386499 5.2339424482658075 
-63.5 -63.0 -63.5 -63.5 -63.5 -63.0 -63.0 -63.5 -63.0 -64.0 -63.5 -64.0 -63.5 -65.0 -61.5 -57.0 -56.0 -57.5 -59.0 -58.0 -59.5 -57.5 -57.5 -59.0 -58.0 -57.5 -58.0 -59.0 -59.5 -58.0 -56.5 -56.5 -64.0 -66.0 -67.0 -64.5 -64.0 -64.0 -63.0 -64.0 -64.0 -63.5 -64.0 
5.448699758569798 5.405748296509 5.43029198911517 5.516194913236766 5.5100589900852235 5.485515297479052 5.43029198911517 5.356660911296659 5.338253141842031 5.301437602932776 5.325981295538946 5.252350217720435 5.565282298449106 5.534602682691394 6.209554229361076 5.982525072754001 5.902758071783947 3.3318062712876126 0.04295146206079795 5.9088939949354895 0.1718058482431918 0.6565437772150544 0.09203884727313846 0.05522330836388308 0.17794177139473438 0.30679615757712825 0.47860200582032003 5.988660995905543 0.0859029241215959 5.749359992995383 6.068427996875596 6.154330920997192 5.031456984264903 5.270757987175063 5.301437602932776 5.473243451175968 5.497787143782138 5.411884219660542 5.344389064993574 5.356660911296659 5.338253141842031 5.565282298449106 5.411884219660542 5.344389064993574 
-61.5 -61.5 -62.0 -61.5 -61.0 -61.5 -61.0 -61.0 -61.0 -61.5 -61.5 -60.5 -61.5 -64.5 -64.0 -61.0 -60.0 -67.5 -62.5 -66.0 -70.0 -66.0 -64.0 -62.5 -63.0 -63.0 -68.5 -66.5 -64.0 -65.0 -61.5 -67.0 -69.5 -65.0 -60.5 -61.0 -61.0 -61.0 -61.5 -62.0 -61.0 -62.0 -61.5 -62.0 
