0.39269908169872414 0.3865631585471816 0.7179030087304801 0.6688156235181395 0.8283496254582462 0.803805932852076 0.7853981633974483 0.8160777791551611 0.8222137023067037 4.0558452031696355 0.9510680884890975 1.030835089459151 1.6382914814618648 3.11091303783208 5.859806609723149 2.313243028131547 2.0923497946760143 2.2886993355253766 2.521864415283994 2.82252464970958 3.1906800388021335 3.3318062712876126 5.019185137961818 5.841398840268521 6.12365130523948 5.988660995905543 
-74.5 -75.0 -74.5 -74.0 -73.5 -73.5 -72.5 -71.5 -71.0 -70.0 -70.0 -68.5 -71.5 -65.5 -65.5 -66.0 -68.0 -68.0 -66.0 -65.5 -66.5 -67.0 -74.0 -71.5 -72.0 -74.0 
1.6137477888556946 1.6505633277649499 1.7426021750380885 1.662835174068035 1.5707963267948966 1.662835174068035 1.6505633277649499 1.8100973297050567 1.6873788666742053 1.6873788666742053 1.6382914814618648 1.3867186322486196 1.6137477888556946 1.5462526341887264 1.6198837120072371 1.6873788666742053 1.6935147898257479 1.6413594430376361 4.8351074434155406 4.816699673960914 1.7303303287350031 2.9268353432858034 5.620505606812989 1.7303303287350031 1.4726215563702154 1.8285050991596843 1.9205439464328227 1.8837284075235674 1.9266798695843652 2.0800779483729293 2.0493983326152168 1.8346410223112268 1.552388557340269 1.5155730184310134 1.4173982480063325 1.6014759425526093 1.509437095279471 1.6137477888556946 1.718058482431918 1.7732817907958012 1.7241944055834606 1.8223691760081417 1.9634954084936207 1.7548740213411735 1.748738098189631 
-61.5 -61.5 -61.5 -61.5 -61.5 -61.5 -61.5 -62.5 -61.5 -61.5 -63.0 -62.5 -62.0 -62.0 -62.0 -63.5 -62.0 -64.0 -64.5 -67.0 -65.5 -65.5 -64.5 -61.0 -62.0 -61.5 -61.0 -61.0 -60.0 -62.5 -64.5 -63.5 -61.0 -59.0 -59.0 -60.0 -61.5 -59.5 -58.5 -58.5 -59.0 -59.0 -60.0 -60.0 -60.0 
1.239456476611598 1.214912784005428 1.227184630308513 1.2087768608538851 1.214912784005428 1.2701360923693108 1.1658253987930873 1.2210487071569704 1.214912784005428 1.1719613219446299 1.1965050145508 1.214912784005428 1.1290098598838318 1.0676506283684062 1.0676506283684062 1.1320778214596032 1.055378782065321 4.242990859291684 1.086058397823034 1.0799224746714913 1.000155473701438 1.0799224746714913 1.184233168247715 1.325359400733194 1.239456476611598 4.230719012988598 1.1535535524900022 1.0799224746714913 1.000155473701438 1.0062913968529805 0.9633399347921826 1.086058397823034 1.1044661672776617 1.2762720155208536 1.368310862793992 1.2578642460662257 1.1351457830353744 1.3069516312785663 1.3192234775816514 1.2701360923693108 1.3130875544301088 1.3008157081270237 1.2762720155208536 1.3499030933393643 1.2946797849754812 1.3499030933393643 1.2885438618239387 1.41126232485479 
-52.5 -52.5 -53.0 -53.0 -53.0 -53.0 -53.0 -53.0 -52.5 -53.0 -52.5 -52.5 -52.0 -52.0 -51.5 -52.0 -51.5 -52.0 -51.0 -48.5 -49.0 -50.5 -51.0 -50.5 -50.0 -52.0 -52.0 -52.0 -53.0 -53.0 -53.5 -53.5 -52.5 -52.0 -52.5 -52.0 -51.0 -50.5 -51.0 -50.5 -50.0 -51.0 -52.5 -53.5 -53.5 -53.5 -53.5 -53.0 
1.3989904785517047 1.3989904785517047 1.4358060174609601 1.3621749396424494 1.368310862793992 1.3621749396424494 1.4296700943094176 1.4051264017032472 1.3314953238847365 1.3867186322486196 1.282407938672396 1.3008157081270237 1.282407938672396 1.2640001692177683 1.2701360923693108 1.2455923997631406 1.2210487071569704 1.1873011298234863 1.1167380135807468 0.8713010875190442 0.9756117810952678 1.1167380135807468 1.368310862793992 1.3437671701878218 1.325359400733194 1.4787574795217582 1.6014759425526093 1.5585244804918115 1.533980787885641 1.5278448647340985 1.5892040962495242 1.607611865704152 1.4542137869155878 1.6321555583103222 1.607611865704152 1.4848934026733007 1.4051264017032472 1.0983302441261191 1.0737865515199487 1.0185632431560658 1.086058397823034 1.1965050145508 1.3008157081270237 1.3989904785517047 1.3928545554001621 1.4296700943094176 1.4480778637640452 1.4603497100671303 
-51.5 -51.5 -51.0 -51.0 -51.0 -51.5 -51.0 -51.0 -51.0 -51.0 -51.0 -50.5 -50.5 -50.5 -50.5 -51.5 -51.0 -51.5 -51.0 -51.5 -51.0 -50.0 -49.5 -49.5 -50.0 -51.0 -51.5 -51.5 -51.5 -51.5 -52.0 -52.5 -52.5 -51.0 -51.5 -52.0 -52.5 -51.5 -51.5 -51.0 -50.0 -50.5 -50.5 -51.0 -51.0 -51.0 -51.5 -51.0 
1.718058482431918 1.705786636128833 1.718058482431918 1.6873788666742053 1.662835174068035 1.6812429435226628 1.6321555583103222 1.6996507129772904 1.6321555583103222 1.607611865704152 1.576932249946439 1.5278448647340985 1.5033011721279284 1.4603497100671303 1.3621749396424494 1.3192234775816514 1.2701360923693108 1.239456476611598 1.1780972450961724 1.0983302441261191 1.423534171157875 1.7671458676442586 1.8223691760081417 1.662835174068035 1.705786636128833 5.092816215780329 1.9696313316451632 2.0371264863121317 2.067806102069844 2.061670178918302 2.141437179888355 2.172116795646068 2.0064468705544187 1.9573594853420782 2.012582793705961 2.055534255766759 2.055534255766759 1.9757672547967058 1.9144080232812801 1.7426021750380885 1.6137477888556946 1.6566992509164924 1.7548740213411735 1.8346410223112268 1.859184714917397 1.8162332528565992 1.7978254834019713 1.7978254834019713 
-49.5 -50.0 -50.0 -50.0 -50.0 -50.5 -50.0 -50.0 -50.0 -50.0 -50.0 -50.0 -50.0 -50.0 -49.5 -50.0 -49.5 -50.0 -50.0 -51.0 -52.5 -49.5 -48.5 -48.5 -50.0 -50.5 -51.0 -50.5 -50.0 -50.5 -51.0 -52.5 -52.5 -51.0 -48.5 -49.5 -51.0 -51.0 -51.5 -52.5 -51.0 -49.0 -49.0 -49.0 -48.5 -49.0 -49.0 -49.0 
2.110757564130642 2.1475731030398975 2.1230294104337273 2.116893487282185 2.1659808724945253 2.12916533358527 2.1046216409791 2.098485717827557 2.043262409463674 2.0493983326152168 2.0064468705544187 1.9696313316451632 1.9757672547967058 1.88986433067511 1.8653206380689396 1.8346410223112268 1.7855536370988863 1.739534213462317 1.662835174068035 1.564660403643354 1.6873788666742053 2.073942025221387 2.098485717827557 2.141437179888355 2.2764274892222915 2.2610876813434353 2.2580197197676637 2.2886993355253766 2.36846633649543 2.405281875404685 2.435961491162398 2.4175537217077703 2.466641106920111 2.399145952253143 2.1966604882522383 2.3193789512830896 2.4175537217077703 2.337786720737717 1.9819031779482483 1.8285050991596843 1.8960002538266525 2.012582793705961 2.1537090261914402 2.1966604882522383 2.184388641949153 2.1475731030398975 2.1905245651006955 2.1353012567368124 
-50.0 -49.5 -49.5 -49.5 -50.0 -50.0 -49.5 -50.0 -50.0 -50.0 -49.5 -49.5 -49.5 -50.0 -50.0 -50.5 -50.0 -51.0 -51.5 -52.0 -53.0 -51.0 -50.5 -53.0 -53.0 -52.5 -51.0 -52.5 -52.5 -52.5 -53.0 -52.5 -52.0 -54.0 -53.0 -50.5 -51.5 -54.0 -54.5 -52.0 -50.0 -49.5 -49.5 -49.5 -49.0 -49.0 -49.0 -48.5 
5.197126909356553 5.344389064993574 5.1725832167503825 5.098952138931871 5.166447293598839 5.21553467881118 5.111223985234957 5.031456984264903 5.123495831538041 4.9823695990525625 5.117359908386499 5.111223985234957 5.332117218690489 4.963961829597935 4.792155981354743 4.6448938257177215 4.614214209960009 4.172427743048944 3.77972866135022 5.246214294568893 5.706408530934585 5.939573610693203 5.473243451175968 5.6941366846315 5.7616318392984684 5.927301764390117 6.0991076126333095 6.074563920027139 6.062292073724054 6.074563920027139 6.111379458936394 5.927301764390117 5.8475347634200645 5.577554144752192 6.1850105367549055 0.07976700097005335 6.178874613603362 6.013204688511713 5.939573610693203 4.509903516383785 4.706253057233147 4.92714629068868 5.111223985234957 5.197126909356553 5.264622064023521 4.878058905476339 5.00077736850719 
-61.0 -61.0 -61.0 -61.0 -61.0 -60.5 -61.0 -60.5 -60.5 -60.0 -60.0 -60.0 -60.0 -59.5 -61.0 -60.5 -61.5 -61.5 -63.0 -66.5 -63.0 -58.0 -60.0 -61.5 -59.5 -59.5 -59.0 -59.5 -60.0 -59.5 -59.5 -60.5 -59.5 -58.0 -56.5 -58.0 -62.0 -62.0 -65.5 -68.0 -64.0 -62.5 -61.0 -60.5 -61.0 -60.0 -60.0 
5.71868037723767 5.688000761479957 5.755495916146925 5.749359992995383 5.786175531904639 5.786175531904639 5.773903685601553 5.786175531904639 5.6573211457222445 5.7616318392984684 5.620505606812989 5.749359992995383 5.6941366846315 5.724816300389213 5.64504929941916 5.580622106327962 5.5714182216006485 5.375068680751287 5.399612373357457 5.141903600992669 6.14819499784565 6.019340611663256 5.485515297479052 0.607456392002714 0.5706408530934585 6.224894037239932 0.47860200582032003 0.3988350048502667 0.15339807878856412 0.15339807878856412 0.380427235395639 0.4663301595172349 6.215690152512618 0.1043106935762236 0.4663301595172349 5.712544454086128 0.1349903093339364 6.2463697682703305 6.025476534814799 5.1725832167503825 5.577554144752192 5.688000761479957 5.663457068873787 5.675728915176872 5.786175531904639 5.6941366846315 5.64504929941916 
-59.5 -59.5 -60.0 -59.5 -59.0 -59.5 -59.0 -60.0 -59.0 -59.0 -59.5 -59.5 -60.0 -58.0 -59.0 -60.0 -58.5 -59.5 -59.5 -64.0 -61.5 -59.5 -59.0 -69.5 -66.0 -62.5 -66.0 -63.5 -62.5 -62.5 -64.0 -68.5 -66.5 -64.0 -67.5 -63.5 -60.5 -64.0 -67.0 -61.5 -60.0 -58.5 -58.0 -57.5 -57.5 -58.0 -58.0 
