0.18407769454627693 0.2699806186678728 0.1043106935762236 0.09203884727313846 0.03681553890925539 0.05522330836388308 0.07363107781851078 6.240233845118788 6.209554229361076 6.086835766330224 6.129787228391022 6.12365130523948 6.080699843178682 6.166602767300278 6.277049384028044 0.6013204688511713 4.718524903536232 4.779884135051658 1.0676506283684062 3.54042765844006 6.2463697682703305 2.429825568010856 6.031612457966341 5.970253226450915 5.9088939949354895 3.147728576741336 3.6570101983193686 5.632777453116074 1.3928545554001621 0.9878836273983529 1.0246991663076084 
-73.5 -73.5 -73.5 -73.5 -73.5 -73.5 -73.5 -73.5 -73.5 -73.0 -73.5 -73.5 -73.5 -74.0 -73.0 -70.5 -73.5 -69.5 -67.5 -68.5 -68.0 -69.0 -72.5 -72.5 -68.0 -67.0 -67.5 -74.0 -74.5 -74.5 -74.5 
1.521708941582556 1.5892040962495242 1.5953400194010667 1.6198837120072371 1.5462526341887264 1.4419419406125027 1.5278448647340985 1.4910293258248433 1.6260196351587797 1.5278448647340985 1.5892040962495242 1.6321555583103222 1.4173982480063325 1.6873788666742053 1.6137477888556946 1.607611865704152 1.6566992509164924 1.6812429435226628 1.662835174068035 1.6935147898257479 1.6505633277649499 5.411884219660542 5.988660995905543 3.0372819600135696 2.6691265709210157 1.7794177139473437 1.6873788666742053 1.6689710972195777 1.8162332528565992 1.8960002538266525 2.086213871524472 2.1782527187976104 2.0800779483729293 1.6689710972195777 1.3867186322486196 1.4542137869155878 1.6505633277649499 1.6014759425526093 1.6137477888556946 
-62.5 -62.5 -62.0 -63.0 -61.5 -62.0 -62.0 -61.5 -61.5 -62.0 -62.0 -62.0 -62.0 -62.0 -61.5 -61.5 -61.5 -61.5 -62.0 -63.5 -63.5 -64.0 -67.5 -67.0 -66.5 -61.0 -61.5 -61.0 -61.0 -61.0 -63.0 -65.0 -65.5 -63.0 -59.5 -62.0 -61.0 -61.0 -61.0 
1.2087768608538851 1.2333205534600555 1.227184630308513 1.214912784005428 1.1903690913992575 1.214912784005428 1.2210487071569704 1.2333205534600555 1.2333205534600555 1.227184630308513 1.239456476611598 1.2333205534600555 1.1658253987930873 1.2087768608538851 1.2210487071569704 1.2087768608538851 1.2455923997631406 1.2026409377023426 1.2087768608538851 1.1596894756415448 1.1780972450961724 1.1228739367322893 1.1044661672776617 1.141281706186917 1.1474176293384597 1.055378782065321 1.030835089459151 1.380582709097077 1.2762720155208536 1.1290098598838318 1.1167380135807468 1.1106020904292042 0.9940195505498954 0.9817477042468103 1.012427320004523 1.055378782065321 1.1658253987930873 1.2087768608538851 1.3989904785517047 1.3928545554001621 1.2026409377023426 1.2087768608538851 1.2087768608538851 1.1719613219446299 1.239456476611598 1.2762720155208536 1.2640001692177683 
-51.5 -52.0 -51.5 -52.0 -52.0 -52.0 -52.0 -52.0 -52.0 -52.0 -52.0 -52.0 -52.0 -52.0 -51.5 -51.5 -51.5 -51.5 -51.5 -51.5 -51.5 -52.0 -51.5 -50.5 -49.0 -51.0 -52.0 -52.0 -50.5 -50.5 -52.0 -51.5 -52.5 -53.0 -53.0 -52.5 -52.5 -51.0 -50.5 -50.5 -50.0 -50.5 -50.0 -50.0 -50.5 -51.5 -51.5 
1.3130875544301088 1.325359400733194 1.368310862793992 1.325359400733194 1.2762720155208536 1.3192234775816514 1.337631247036279 1.337631247036279 1.3069516312785663 1.2946797849754812 1.3437671701878218 1.3069516312785663 1.3192234775816514 1.3069516312785663 1.3008157081270237 1.3192234775816514 1.227184630308513 1.282407938672396 1.2885438618239387 1.227184630308513 1.1965050145508 1.1474176293384597 1.030835089459151 0.8651651643675016 1.000155473701438 1.184233168247715 1.4296700943094176 1.3560390164909069 1.4419419406125027 1.576932249946439 1.5585244804918115 1.5830681730979816 1.5462526341887264 1.5585244804918115 1.6198837120072371 1.552388557340269 1.5278448647340985 1.552388557340269 1.423534171157875 1.1780972450961724 1.1106020904292042 1.0369710126106935 1.0799224746714913 1.227184630308513 1.2026409377023426 1.3314953238847365 
-50.5 -50.0 -50.5 -50.0 -50.0 -50.0 -50.5 -50.0 -50.0 -50.5 -50.0 -50.0 -50.5 -50.0 -50.0 -50.5 -50.0 -50.5 -51.0 -51.0 -51.0 -51.5 -52.0 -52.0 -51.0 -49.5 -49.5 -49.5 -50.5 -51.0 -51.0 -51.0 -51.0 -51.5 -51.5 -51.5 -50.5 -50.5 -50.0 -49.5 -50.5 -51.0 -50.5 -50.5 -50.5 -50.5 
1.6444274046134073 1.6566992509164924 1.564660403643354 1.6444274046134073 1.6382914814618648 1.6566992509164924 1.662835174068035 1.6566992509164924 1.6751070203711202 1.6505633277649499 1.6444274046134073 1.6566992509164924 1.6198837120072371 1.6260196351587797 1.5953400194010667 1.5830681730979816 1.5892040962495242 1.552388557340269 1.423534171157875 1.4173982480063325 1.3069516312785663 1.3314953238847365 1.227184630308513 1.1965050145508 1.214912784005428 1.5462526341887264 1.6444274046134073 1.7426021750380885 1.6566992509164924 1.8100973297050567 1.9266798695843652 1.9941750242513334 2.030990563160589 2.018718716857504 2.0493983326152168 2.116893487282185 1.9819031779482483 1.8714565612204823 1.7794177139473437 1.7426021750380885 1.6505633277649499 1.748738098189631 1.4358060174609601 1.3744467859455345 1.4419419406125027 1.4848934026733007 1.5462526341887264 
-49.5 -49.5 -49.5 -49.5 -49.5 -49.5 -49.5 -49.0 -49.5 -49.5 -49.0 -49.5 -49.5 -49.0 -49.0 -49.0 -49.0 -49.0 -49.0 -49.0 -48.5 -48.5 -48.5 -49.0 -50.5 -51.5 -49.0 -47.5 -50.5 -50.5 -50.0 -50.5 -49.5 -50.0 -50.0 -51.0 -51.0 -50.0 -48.5 -48.0 -50.0 -51.0 -52.0 -50.0 -50.0 -49.5 -49.5 
1.9819031779482483 2.0064468705544187 1.9573594853420782 1.9757672547967058 1.9819031779482483 1.9573594853420782 1.945087639038993 1.9819031779482483 1.8837284075235674 1.945087639038993 1.9512235621905356 1.9634954084936207 1.9266798695843652 1.9573594853420782 1.9082721001297376 1.8346410223112268 1.8960002538266525 1.8162332528565992 1.7732817907958012 1.5462526341887264 1.7119225592803755 1.6812429435226628 1.552388557340269 1.576932249946439 1.7548740213411735 1.9266798695843652 2.024854640009046 2.1782527187976104 2.1782527187976104 2.2457478734645786 2.2212041808584084 2.337786720737717 2.350058567040802 2.313243028131547 2.2886993355253766 2.3623304133438876 2.337786720737717 2.024854640009046 1.9941750242513334 2.1046216409791 1.8714565612204823 1.7548740213411735 1.7732817907958012 1.88986433067511 1.9819031779482483 2.012582793705961 
-49.5 -49.0 -49.0 -49.5 -49.0 -49.0 -49.5 -49.0 -49.5 -49.5 -49.0 -49.0 -49.0 -49.0 -49.0 -49.0 -49.0 -49.5 -50.0 -50.0 -49.5 -50.5 -51.5 -52.5 -51.5 -50.5 -51.5 -52.0 -52.0 -51.0 -52.0 -52.0 -52.5 -53.0 -52.5 -51.0 -52.5 -51.5 -49.5 -50.0 -51.5 -51.5 -50.0 -49.5 -49.0 -48.5 
5.086680292628786 5.117359908386499 5.148039524144211 5.111223985234957 5.092816215780329 5.203262832508095 5.049864753719531 5.123495831538041 5.129631754689584 5.332117218690489 5.129631754689584 5.056000676871073 5.160311370447297 5.160311370447297 5.123495831538041 5.056000676871073 5.178719139901925 5.098952138931871 4.92714629068868 4.8351074434155406 4.6448938257177215 4.890330751779424 5.749359992995383 5.4671075280244255 5.50392306693368 5.896622148632405 5.786175531904639 6.037748381117884 6.086835766330224 6.013204688511713 6.037748381117884 6.013204688511713 5.822991070813893 5.7616318392984684 5.460971604872882 5.700272607783043 5.921165841238575 5.9518454569962875 5.240078371417351 4.816699673960914 4.7307967498393175 4.988505522204105 5.135767677841127 
-60.0 -60.5 -59.5 -60.0 -60.0 -60.0 -59.5 -60.0 -60.0 -60.0 -59.5 -59.5 -59.5 -58.5 -59.0 -59.0 -59.0 -59.5 -59.0 -59.0 -60.0 -61.0 -60.0 -57.5 -61.0 -58.5 -60.5 -58.5 -59.0 -59.0 -59.5 -58.5 -59.5 -58.5 -58.5 -55.5 -58.0 -59.5 -67.5 -66.0 -63.5 -61.5 -60.5 
5.534602682691394 5.663457068873787 5.700272607783043 5.620505606812989 5.583690067903734 5.583690067903734 5.577554144752192 5.534602682691394 5.620505606812989 5.583690067903734 5.638913376267617 5.595961914206819 5.583690067903734 5.608233760509904 5.485515297479052 5.6143696836614465 5.749359992995383 5.577554144752192 5.577554144752192 5.436427912266712 5.270757987175063 5.344389064993574 5.3627968344482015 5.301437602932776 2.7550294950426117 6.019340611663256 5.546874528994478 0.5338253141842031 0.4111068511533518 6.1850105367549055 0.4540583132141498 0.25770877236478773 0.14112623248547898 0.25157284921324513 0.4295146206079795 6.117515382087937 0.12885438618239387 0.2699806186678728 5.289165756629691 5.964117303299373 5.939573610693203 2.399145952253143 5.43029198911517 5.5284667595398505 5.522330836388308 5.50392306693368 
-60.0 -60.5 -60.5 -59.5 -59.5 -60.0 -60.0 -60.0 -60.5 -60.0 -59.0 -60.0 -59.5 -59.0 -60.0 -60.0 -59.5 -59.5 -59.0 -59.0 -59.5 -59.5 -58.5 -60.0 -62.0 -58.5 -60.0 -67.5 -63.5 -64.0 -66.0 -62.0 -62.0 -63.0 -66.5 -66.5 -62.5 -67.5 -63.5 -59.5 -61.5 -65.0 -61.0 -60.5 -58.5 -58.0 
