3.2765829629237295 3.129320807286708 3.32567034813607 3.313398501832985 2.9943304979527716 3.448388811166921 3.3440781175906977 3.0372819600135696 2.9022916506796332 3.1231848841351653 3.08636934522591 2.9575149590435164 3.3624858870453256 2.8102528034064944 3.1661363461959633 3.2827188860752723 2.7120780329818137 2.804116880254952 2.509592568980909 2.4727770300716534 2.5954954931025047 2.7120780329818137 2.4911847995262812 2.110757564130642 5.6941366846315 2.767301341345697 2.6384469551633027 3.3072625786814425 3.2949907323783574 3.792000507653305 3.4391849264396077 0.0 3.0066023442558567 3.3011266555298997 0.2454369260617026 3.184544115650591 3.3747577333484107 3.2397674240144743 2.650718801466388 
-66.5 -67.0 -67.0 -64.0 -66.0 -67.0 -67.0 -67.0 -67.0 -66.5 -68.0 -66.5 -67.0 -67.0 -67.5 -62.5 -63.0 -66.0 -67.0 -68.5 -69.0 -69.5 -70.0 -69.0 -69.0 -67.5 -63.0 -64.0 -64.5 -68.5 -72.0 -68.0 -67.5 -68.0 -69.5 -68.0 -68.5 -69.0 -68.5 
1.4358060174609601 1.5707963267948966 1.4603497100671303 1.423534171157875 1.5278448647340985 1.4419419406125027 1.5033011721279284 1.662835174068035 1.4910293258248433 1.552388557340269 1.4910293258248433 1.3192234775816514 1.5707963267948966 1.576932249946439 1.3008157081270237 1.3989904785517047 1.055378782065321 0.8713010875190442 1.41126232485479 2.073942025221387 1.8100973297050567 1.7732817907958012 1.6996507129772904 1.9389517158874505 1.7978254834019713 1.8837284075235674 5.286097795053919 5.148039524144211 1.1474176293384597 1.3928545554001621 1.3192234775816514 1.41126232485479 1.5155730184310134 1.6198837120072371 1.6566992509164924 1.5830681730979816 1.6873788666742053 1.7241944055834606 1.718058482431918 1.6689710972195777 1.6566992509164924 1.6137477888556946 
-62.0 -62.0 -62.0 -62.0 -61.5 -61.5 -61.5 -62.0 -62.5 -61.5 -62.0 -61.5 -61.5 -61.5 -61.0 -62.0 -61.5 -64.0 -66.0 -63.5 -62.5 -62.0 -61.5 -60.5 -61.5 -61.0 -63.0 -64.5 -61.5 -61.5 -61.0 -61.5 -60.0 -59.0 -58.0 -59.0 -59.0 -59.0 -59.0 -59.0 -59.0 -59.5 
1.1044661672776617 1.1044661672776617 1.0737865515199487 1.055378782065321 1.0737865515199487 1.0676506283684062 1.0676506283684062 1.0921943209745766 1.043106935762236 1.0921943209745766 1.0615147052168636 1.0615147052168636 1.0676506283684062 1.0737865515199487 1.086058397823034 1.0615147052168636 0.9817477042468103 0.9878836273983529 1.0369710126106935 1.1044661672776617 1.0983302441261191 1.1903690913992575 1.1780972450961724 1.0737865515199487 1.0246991663076084 1.0615147052168636 1.0185632431560658 0.9878836273983529 4.316621937110194 1.239456476611598 1.1780972450961724 1.055378782065321 1.086058397823034 1.1780972450961724 4.304350090807109 1.1719613219446299 1.2455923997631406 1.2517283229146832 1.2578642460662257 1.2762720155208536 1.3192234775816514 1.2762720155208536 1.2701360923693108 1.2762720155208536 1.227184630308513 
-49.0 -49.0 -49.0 -49.0 -49.0 -49.0 -49.0 -49.0 -49.0 -49.0 -49.0 -49.0 -49.5 -49.5 -49.5 -49.0 -48.5 -49.5 -51.0 -51.0 -51.5 -51.5 -51.5 -52.0 -53.0 -53.5 -53.5 -53.5 -53.0 -52.5 -53.0 -52.5 -50.0 -49.5 -49.0 -48.0 -48.0 -48.5 -49.5 -50.0 -50.0 -50.0 -50.0 -50.0 -50.0 
1.184233168247715 1.2026409377023426 1.214912784005428 1.1596894756415448 1.1658253987930873 1.1903690913992575 1.1658253987930873 1.1658253987930873 1.1535535524900022 1.2087768608538851 1.214912784005428 1.1903690913992575 1.1965050145508 1.2333205534600555 1.227184630308513 1.1290098598838318 0.9878836273983529 1.1106020904292042 1.3560390164909069 1.3437671701878218 1.4542137869155878 1.521708941582556 1.5462526341887264 1.5830681730979816 1.564660403643354 1.576932249946439 1.564660403643354 1.5830681730979816 1.552388557340269 1.6260196351587797 1.5585244804918115 1.4910293258248433 1.368310862793992 1.2087768608538851 1.1167380135807468 1.1044661672776617 1.1965050145508 1.325359400733194 1.337631247036279 1.337631247036279 1.368310862793992 1.3621749396424494 1.3744467859455345 1.337631247036279 1.325359400733194 
-50.0 -50.0 -50.5 -50.5 -50.0 -50.5 -50.5 -50.0 -50.0 -50.5 -50.0 -50.5 -50.0 -50.0 -50.5 -50.5 -51.0 -51.5 -50.5 -50.5 -52.0 -51.0 -51.0 -51.5 -52.0 -52.0 -52.0 -52.0 -51.5 -51.0 -53.0 -51.5 -51.5 -51.0 -51.0 -49.5 -49.5 -50.0 -50.5 -50.0 -50.5 -50.0 -50.5 -50.0 -50.0 
1.4848934026733007 1.4726215563702154 1.4542137869155878 1.4419419406125027 1.4358060174609601 1.4296700943094176 1.4603497100671303 1.4603497100671303 1.4603497100671303 1.4480778637640452 1.4848934026733007 1.4726215563702154 1.4848934026733007 1.552388557340269 1.4664856332186729 1.4173982480063325 1.4971652489763858 1.7855536370988863 1.8407769454627694 1.7978254834019713 1.7671458676442586 1.748738098189631 1.8653206380689396 2.030990563160589 2.0923497946760143 2.098485717827557 2.067806102069844 2.073942025221387 1.9757672547967058 1.846912868614312 1.9512235621905356 1.9880391010997909 2.030990563160589 2.012582793705961 1.714990520856147 1.5155730184310134 1.5278448647340985 1.5830681730979816 1.6260196351587797 1.6137477888556946 1.6751070203711202 1.6321555583103222 1.662835174068035 1.662835174068035 1.6689710972195777 
-51.0 -50.5 -50.5 -50.5 -50.5 -51.0 -50.5 -51.0 -50.5 -51.0 -50.5 -51.0 -50.5 -50.5 -50.5 -50.5 -52.5 -50.5 -48.5 -48.5 -50.0 -49.5 -51.0 -51.5 -51.0 -51.0 -51.5 -51.5 -52.5 -50.5 -48.0 -48.0 -49.0 -49.5 -52.5 -52.0 -51.0 -50.0 -50.0 -50.0 -50.0 -50.0 -50.0 -50.0 -50.0 
1.8837284075235674 1.859184714917397 1.902136176978195 1.9389517158874505 1.9205439464328227 1.9144080232812801 1.932815792735908 1.9144080232812801 1.9144080232812801 1.902136176978195 1.9144080232812801 1.9144080232812801 1.8775924843720249 1.9266798695843652 1.9512235621905356 1.8775924843720249 1.7855536370988863 2.1046216409791 2.2764274892222915 2.3439226438892597 2.3623304133438876 2.270291566070749 2.3193789512830896 2.423689644859313 2.435961491162398 2.435961491162398 2.4605051837685683 2.429825568010856 2.448233337465483 2.399145952253143 2.337786720737717 2.411417798556228 2.4175537217077703 2.2212041808584084 1.880660445947796 1.8223691760081417 1.9144080232812801 2.030990563160589 2.098485717827557 2.0493983326152168 2.0923497946760143 2.067806102069844 2.1046216409791 2.0923497946760143 2.098485717827557 
-51.0 -51.5 -51.0 -51.0 -51.0 -51.0 -51.0 -51.0 -51.0 -51.0 -51.0 -51.0 -50.5 -50.5 -50.5 -51.0 -54.5 -54.0 -53.0 -53.5 -53.0 -52.5 -52.0 -53.0 -53.0 -54.0 -54.0 -53.0 -53.0 -53.0 -53.0 -52.0 -52.5 -54.0 -54.0 -52.0 -51.0 -50.0 -49.5 -49.5 -50.0 -49.5 -49.5 -50.0 -50.0 
5.105088062083414 5.2768939103266055 5.190990986205009 5.190990986205009 5.393476450205914 5.2339424482658075 5.307573526084319 5.105088062083414 5.344389064993574 5.283029833478148 5.148039524144211 5.2339424482658075 4.908738521234052 4.994641445355648 5.730952223540755 5.859806609723149 6.050020227420969 5.93343768754166 5.608233760509904 5.64504929941916 5.712544454086128 5.8659425328746915 6.013204688511713 6.025476534814799 5.957981380147831 6.019340611663256 6.025476534814799 5.964117303299373 5.915029918087033 5.602097837358362 5.915029918087033 6.160466844148735 6.086835766330224 5.979457111178229 5.356660911296659 4.7307967498393175 5.043728830567988 5.135767677841127 5.062136600022616 5.098952138931871 5.178719139901925 5.00077736850719 5.006913291658733 5.074408446325701 
-64.0 -64.0 -64.0 -63.5 -63.5 -64.0 -64.5 -64.5 -63.0 -64.0 -65.5 -63.5 -64.0 -64.0 -65.0 -64.5 -60.0 -57.0 -58.0 -58.5 -59.0 -59.5 -58.5 -58.5 -59.0 -59.0 -58.0 -60.0 -60.0 -57.0 -56.5 -56.5 -59.0 -63.0 -64.5 -65.0 -63.0 -63.5 -63.5 -63.0 -63.0 -63.0 -63.0 -64.0 
5.2339424482658075 5.436427912266712 5.485515297479052 5.442563835418255 5.393476450205914 5.5100589900852235 5.651185222570702 5.190990986205009 5.460971604872882 5.3627968344482015 5.295301679781233 5.424156065963627 5.289165756629691 5.332117218690489 5.516194913236766 5.522330836388308 0.2454369260617026 6.1420590746941075 5.896622148632405 6.086835766330224 6.270913460876501 0.7669903939428205 0.3436116964863836 0.1595340019401067 0.20248546400090464 0.5092816215780329 5.807651262935037 0.01227184630308513 0.3313398501832985 5.7616318392984684 6.215690152512618 6.117515382087937 2.5494760694659355 2.2518837966161214 5.448699758569798 5.902758071783947 5.516194913236766 5.5100589900852235 5.6143696836614465 5.485515297479052 
-63.5 -63.0 -63.5 -64.0 -63.0 -63.0 -63.0 -63.5 -62.0 -63.5 -63.0 -63.0 -62.5 -62.5 -62.0 -62.5 -68.5 -63.5 -62.0 -62.0 -70.0 -68.0 -64.0 -64.0 -64.5 -65.5 -69.0 -63.0 -68.5 -65.5 -62.5 -64.0 -69.5 -65.5 -61.0 -59.5 -60.0 -60.0 -60.5 -60.5 
