2.6200391857086753 2.5586799541932495 2.4727770300716534 2.454369260617026 2.4727770300716534 2.5709518004963345 2.5586799541932495 2.5770877236478773 2.4850488763747385 2.6813984172241008 5.841398840268521 2.5034566458293663 2.6323110320117604 2.411417798556228 2.662990647769473 2.5402721847386216 2.6139032625571326 6.074563920027139 3.2397674240144743 3.497476196379262 3.429981041712294 3.522019888985432 3.8963112012295285 3.706097583531709 3.32567034813607 3.0925052683774528 6.022408573239027 3.067961575771282 3.0372819600135696 2.988194574801229 2.8777479580734626 2.8716120349219203 3.1784081924990484 3.399301425954581 3.11091303783208 2.9084275738311756 2.9636508821950587 3.147728576741336 2.9206994201342606 2.742757648739526 2.36846633649543 2.411417798556228 2.3623304133438876 2.442097414313941 2.478912953223196 
-61.5 -61.5 -62.0 -62.0 -62.0 -62.5 -62.0 -62.0 -63.0 -62.5 -63.5 -63.5 -63.0 -63.0 -63.0 -62.5 -62.5 -65.0 -65.0 -62.5 -62.0 -65.0 -65.0 -63.0 -63.0 -62.0 -63.5 -62.0 -62.0 -63.5 -62.5 -61.0 -61.0 -64.5 -64.0 -63.5 -61.0 -61.0 -64.0 -67.5 -65.0 -66.5 -67.5 -67.0 -64.5 
2.000310947402876 2.098485717827557 2.024854640009046 2.018718716857504 1.8960002538266525 2.043262409463674 1.8775924843720249 1.88986433067511 1.9144080232812801 2.1598449493429825 1.9941750242513334 1.7916895602504288 1.945087639038993 1.8714565612204823 2.043262409463674 1.8100973297050567 2.1905245651006955 2.012582793705961 2.1230294104337273 2.3623304133438876 2.2641556429192065 2.386874105950058 2.730485802436441 2.9820586516496865 2.8409324191642074 5.884350302329319 2.5034566458293663 2.6261751088602177 2.8286605728611223 2.435961491162398 2.325514874434632 2.9084275738311756 3.184544115650591 3.1784081924990484 3.098641191528995 2.6261751088602177 2.4727770300716534 2.429825568010856 2.270291566070749 2.067806102069844 2.061670178918302 2.270291566070749 2.073942025221387 2.141437179888355 1.9757672547967058 1.9634954084936207 
-63.0 -63.0 -63.0 -63.5 -63.0 -63.0 -63.0 -63.0 -63.0 -62.0 -63.0 -62.0 -62.0 -62.0 -62.0 -63.0 -62.0 -61.5 -61.5 -61.5 -61.5 -63.0 -63.5 -62.0 -61.5 -62.5 -61.0 -62.0 -63.0 -62.0 -60.5 -59.5 -61.0 -62.5 -65.5 -64.0 -63.5 -62.5 -64.0 -63.0 -63.0 -63.5 -63.5 -63.5 -63.0 -62.5 
0.4049709280018093 0.4172427743048944 0.3865631585471816 0.3865631585471816 0.3620194659410113 0.36815538909255385 0.4049709280018093 0.3865631585471816 0.42337869745643697 0.3865631585471816 0.4049709280018093 0.4295146206079795 0.4356505437595221 0.4724660826687775 0.48473792897186263 0.4724660826687775 0.4356505437595221 0.47860200582032003 0.5890486225480862 0.7853981633974483 0.6872233929727672 0.7363107781851077 1.0185632431560658 0.8406214717613314 0.6872233929727672 0.7240389318820226 0.7271068934577939 0.6258641614573416 0.5583690067903734 0.5338253141842031 0.4540583132141498 0.5583690067903734 0.5583690067903734 0.5829126993965437 0.9387962421860124 0.6872233929727672 0.4663301595172349 0.5767767762450011 0.5276893910326605 0.22089323345553233 0.19634954084936207 0.25157284921324513 0.21475731030398976 0.2270291566070749 0.22089323345553233 0.2945243112740431 0.28838838812250056 
-50.5 -50.5 -50.5 -50.5 -50.5 -51.0 -50.5 -50.5 -50.5 -50.5 -50.5 -50.5 -50.5 -50.5 -50.5 -50.5 -50.5 -50.5 -51.5 -52.5 -53.0 -54.5 -52.0 -51.0 -52.5 -53.0 -52.5 -51.5 -51.5 -51.5 -52.0 -52.5 -52.5 -51.5 -51.5 -53.5 -52.5 -52.0 -52.0 -52.5 -53.0 -53.0 -53.0 -53.0 -53.0 -53.0 -52.5 
0.7363107781851077 0.7669903939428205 0.705631162427395 0.7179030087304801 0.6933593161243098 0.6994952392758523 0.7485826244881929 0.6810874698212247 0.6565437772150544 0.6872233929727672 0.6504078540635119 0.6749515466696822 0.7179030087304801 0.7117670855789375 0.6810874698212247 0.7240389318820226 0.7240389318820226 0.7424467013366504 0.8099418560036186 0.9265243958829272 1.055378782065321 1.2210487071569704 1.1658253987930873 1.030835089459151 1.030835089459151 0.9817477042468103 0.9480001269133262 0.9142525495798421 0.8344855486097889 0.9019807032767571 0.8713010875190442 0.9878836273983529 0.9756117810952678 0.8344855486097889 0.9694758579437253 1.0983302441261191 1.1290098598838318 0.9817477042468103 0.8713010875190442 0.7240389318820226 0.7853981633974483 0.7731263170943632 0.7117670855789375 0.7179030087304801 0.7301748550335652 0.7485826244881929 0.7976700097005334 
-52.0 -52.0 -52.5 -52.5 -52.5 -52.5 -52.0 -52.5 -52.5 -52.0 -52.5 -52.0 -52.0 -52.0 -52.0 -52.0 -52.0 -52.0 -52.0 -51.5 -51.5 -51.5 -50.0 -50.5 -50.5 -50.5 -51.5 -51.0 -52.0 -52.0 -51.0 -51.0 -51.5 -51.0 -50.0 -50.5 -51.5 -52.0 -53.0 -54.0 -54.0 -54.5 -54.5 -54.5 -54.0 -54.0 -53.5 
1.1228739367322893 1.2026409377023426 1.141281706186917 1.1474176293384597 1.1658253987930873 1.0676506283684062 1.1719613219446299 1.1351457830353744 1.141281706186917 1.1228739367322893 1.1780972450961724 1.1351457830353744 1.1658253987930873 1.1167380135807468 1.1044661672776617 1.1167380135807468 1.1474176293384597 1.3314953238847365 1.6505633277649499 1.7671458676442586 1.5892040962495242 1.5401167110371838 1.3008157081270237 1.2210487071569704 1.1535535524900022 1.141281706186917 1.1320778214596032 1.0062913968529805 1.0615147052168636 1.0246991663076084 1.000155473701438 1.0062913968529805 0.9756117810952678 0.9510680884890975 0.9940195505498954 1.2087768608538851 1.3621749396424494 1.3928545554001621 1.4419419406125027 1.3499030933393643 1.2640001692177683 1.337631247036279 1.282407938672396 1.2455923997631406 1.3069516312785663 1.368310862793992 1.3560390164909069 
-55.5 -55.5 -55.5 -55.5 -55.5 -55.5 -55.5 -55.5 -55.5 -55.5 -56.0 -55.0 -55.0 -55.5 -55.5 -55.0 -55.5 -55.5 -54.0 -52.5 -51.5 -50.5 -49.0 -50.5 -51.0 -51.5 -52.5 -52.0 -52.0 -52.0 -52.0 -52.0 -52.0 -51.5 -50.0 -49.5 -51.5 -52.5 -53.5 -55.0 -55.5 -56.0 -56.5 -56.0 -56.0 -56.0 -56.0 
1.5953400194010667 1.552388557340269 1.576932249946439 1.5155730184310134 1.5033011721279284 1.4971652489763858 1.509437095279471 1.4971652489763858 1.5585244804918115 1.552388557340269 1.5707963267948966 1.576932249946439 1.5830681730979816 1.552388557340269 1.5033011721279284 1.5401167110371838 1.4542137869155878 1.7732817907958012 1.9389517158874505 1.8837284075235674 1.8775924843720249 1.6505633277649499 1.7426021750380885 1.8162332528565992 1.8039614065535141 4.954757944870621 1.7855536370988863 1.8100973297050567 1.859184714917397 1.8162332528565992 1.8100973297050567 1.7916895602504288 1.7732817907958012 1.6566992509164924 1.662835174068035 1.7732817907958012 1.7241944055834606 1.736466251886546 1.748738098189631 1.7303303287350031 1.6505633277649499 1.6260196351587797 1.7119225592803755 1.6812429435226628 1.718058482431918 1.6935147898257479 
-55.0 -55.5 -55.5 -55.5 -56.0 -55.5 -55.5 -55.0 -55.5 -55.0 -55.5 -55.0 -55.0 -55.0 -54.5 -55.0 -55.0 -54.5 -53.0 -51.5 -51.0 -53.0 -54.0 -56.0 -55.5 -57.0 -56.5 -55.5 -55.5 -56.5 -57.0 -55.5 -56.5 -56.5 -54.0 -52.5 -52.5 -55.5 -59.0 -59.0 -59.0 -58.5 -59.5 -59.0 -59.0 -58.0 
5.43029198911517 5.436427912266712 5.497787143782138 5.436427912266712 5.399612373357457 5.540738605842936 5.540738605842936 5.47937937432751 5.448699758569798 5.3198453723874035 5.485515297479052 5.436427912266712 5.418020142812084 5.381204603902829 5.375068680751287 5.50392306693368 5.4671075280244255 5.381204603902829 5.418020142812084 5.246214294568893 5.295301679781233 5.325981295538946 5.270757987175063 5.074408446325701 5.0682725231741586 4.847379289718626 4.724660826687775 5.062136600022616 4.841243366567084 5.00077736850719 4.558990901596125 4.558990901596125 4.718524903536232 4.724660826687775 4.804427827657828 4.706253057233147 5.184855063053467 5.295301679781233 5.338253141842031 5.264622064023521 5.307573526084319 5.516194913236766 5.356660911296659 5.344389064993574 5.3627968344482015 5.448699758569798 5.516194913236766 
-61.0 -61.0 -61.0 -61.0 -61.0 -61.0 -61.5 -61.0 -61.0 -60.5 -60.5 -61.0 -61.0 -61.0 -61.0 -61.5 -61.0 -60.5 -61.0 -61.5 -60.0 -59.0 -58.5 -58.5 -58.0 -59.5 -62.5 -62.0 -62.0 -62.0 -63.0 -61.5 -59.0 -59.5 -60.0 -58.5 -59.5 -61.0 -61.0 -61.0 -60.5 -60.5 -60.5 -61.0 -60.5 -60.5 -60.5 
2.141437179888355 2.2580197197676637 5.062136600022616 4.865787059173254 5.638913376267617 5.516194913236766 5.730952223540755 5.93343768754166 5.227806525114265 2.9759227284981438 5.927301764390117 5.559146375297564 5.684932799904186 6.2034183062095325 5.884350302329319 6.062292073724054 5.9088939949354895 5.798447378207723 5.4671075280244255 5.884350302329319 2.116893487282185 5.546874528994478 5.577554144752192 5.8475347634200645 0.07976700097005335 3.693825737228624 3.3870295796514958 
-75.0 -74.5 -71.5 -70.0 -66.5 -63.0 -63.0 -62.5 -66.5 -68.5 -64.0 -62.5 -67.0 -66.0 -63.5 -65.0 -64.5 -65.5 -64.0 -64.5 -66.5 -62.0 -62.5 -66.5 -69.0 -75.0 -76.0 
