2.3623304133438876 2.6016314162540475 2.5770877236478773 2.4605051837685683 2.2948352586769194 2.6016314162540475 2.5034566458293663 2.3193789512830896 2.5464081078901644 2.405281875404685 2.5034566458293663 2.6323110320117604 2.5034566458293663 2.5770877236478773 2.773437264497239 2.791845033951867 3.3440781175906977 3.32567034813607 3.215223731408304 3.3747577333484107 3.6692820446224537 3.54042765844006 3.184544115650591 2.9943304979527716 2.6261751088602177 3.031146036862027 3.0495538063166547 3.0250101137104846 2.8716120349219203 2.9268353432858034 3.2397674240144743 3.6692820446224537 0.021475731030398976 3.0372819600135696 2.9943304979527716 3.2336315008629315 3.1354567304382504 2.8716120349219203 2.7979809571034093 2.650718801466388 2.8777479580734626 2.773437264497239 2.779573187648782 2.8654761117703775 2.8286605728611223 2.834796496012665 2.9513790358919736 
-65.0 -63.5 -63.5 -65.0 -64.0 -64.0 -64.5 -65.0 -64.5 -64.0 -64.5 -64.0 -64.0 -65.0 -65.5 -65.0 -65.5 -62.5 -63.0 -64.5 -64.0 -62.0 -61.0 -61.0 -61.5 -62.0 -63.0 -61.5 -62.5 -61.5 -61.0 -65.0 -65.5 -64.0 -62.0 -61.5 -65.0 -66.5 -65.0 -63.5 -65.0 -64.5 -63.5 -63.0 -63.0 -62.5 -63.0 
1.932815792735908 1.8346410223112268 1.9082721001297376 2.024854640009046 1.9512235621905356 2.030990563160589 2.018718716857504 2.086213871524472 2.0493983326152168 2.055534255766759 1.9512235621905356 2.098485717827557 2.073942025221387 2.012582793705961 2.2089323345553233 2.1046216409791 2.2764274892222915 2.3930100291016 2.4175537217077703 2.429825568010856 2.82252464970958 2.9084275738311756 2.7857091108003242 2.761165418194154 2.4911847995262812 2.270291566070749 2.5280003384355365 2.442097414313941 2.2212041808584084 2.5402721847386216 2.8409324191642074 3.3195344249845276 0.06442719309119693 2.8716120349219203 2.313243028131547 2.018718716857504 2.2886993355253766 2.116893487282185 2.1230294104337273 1.9941750242513334 1.9696313316451632 2.0923497946760143 1.9696313316451632 1.9941750242513334 2.000310947402876 2.0371264863121317 1.9573594853420782 
-63.0 -62.5 -62.5 -62.5 -62.5 -62.5 -62.5 -62.5 -62.5 -62.5 -63.0 -62.5 -63.0 -62.0 -63.0 -62.0 -61.5 -61.0 -62.0 -62.5 -62.0 -61.0 -61.0 -61.0 -61.0 -62.5 -62.5 -61.5 -60.5 -60.5 -60.5 -62.5 -65.5 -65.0 -66.0 -63.5 -62.5 -63.5 -63.5 -63.0 -62.5 -62.5 -62.5 -61.5 -61.5 -61.5 -62.5 
0.28225246497095796 0.2638446955163303 0.23930100291016002 0.23930100291016002 0.28225246497095796 0.2454369260617026 0.25770877236478773 0.1902136176978195 0.19634954084936207 0.2638446955163303 0.23930100291016002 0.2638446955163303 0.23316507975861744 0.22089323345553233 0.23930100291016002 0.30066023442558565 0.5706408530934585 0.705631162427395 0.6872233929727672 0.7669903939428205 0.9203884727313847 0.7485826244881929 0.5399612373357456 0.6565437772150544 0.619728238305799 0.5522330836388308 0.5583690067903734 0.607456392002714 0.5706408530934585 0.5399612373357456 0.5767767762450011 0.7179030087304801 4.129476280988146 0.9510680884890975 0.662679700366597 0.6994952392758523 0.7301748550335652 0.5951845456996288 0.5092816215780329 0.5645049299419159 0.6442719309119693 0.6320000846088841 0.6994952392758523 0.7485826244881929 0.7853981633974483 0.7976700097005334 0.8283496254582462 
-52.0 -52.0 -52.0 -52.0 -52.0 -52.0 -52.0 -52.5 -52.0 -52.0 -52.0 -52.0 -52.0 -52.0 -51.5 -52.0 -52.0 -52.0 -53.5 -54.0 -51.5 -51.0 -52.5 -53.0 -51.5 -51.5 -51.0 -51.5 -52.0 -52.5 -51.5 -50.5 -52.0 -53.5 -52.0 -51.0 -51.0 -50.5 -50.5 -50.0 -50.0 -49.5 -50.0 -49.5 -49.5 -49.5 -49.5 
0.5890486225480862 0.5829126993965437 0.6258641614573416 0.5706408530934585 0.5951845456996288 0.6135923151542565 0.5706408530934585 0.6013204688511713 0.5829126993965437 0.5829126993965437 0.6013204688511713 0.5522330836388308 0.607456392002714 0.6135923151542565 0.619728238305799 0.6749515466696822 0.7853981633974483 0.8897088569736719 1.0983302441261191 1.2210487071569704 1.0185632431560658 0.9265243958829272 0.944932165337555 0.9633399347921826 0.9142525495798421 0.8774370106705868 0.8528933180644165 0.8651651643675016 0.9510680884890975 1.086058397823034 1.043106935762236 0.8713010875190442 1.0921943209745766 1.227184630308513 1.227184630308513 1.1658253987930873 0.9878836273983529 0.9081166264282996 0.8467573949128739 0.9142525495798421 0.7853981633974483 0.7915340865489908 0.8406214717613314 0.8774370106705868 0.8897088569736719 0.8897088569736719 0.8897088569736719 
-53.0 -53.0 -53.0 -53.5 -54.0 -53.5 -54.0 -53.5 -53.5 -53.5 -53.5 -53.5 -53.5 -53.5 -53.5 -53.5 -52.5 -52.0 -52.0 -50.5 -50.0 -50.5 -51.5 -51.5 -51.0 -51.5 -52.0 -52.0 -51.0 -51.0 -51.0 -50.0 -50.5 -50.5 -51.0 -52.0 -52.0 -52.0 -52.5 -52.5 -52.0 -52.0 -51.5 -51.5 -51.0 -50.5 -51.0 
1.0921943209745766 1.1106020904292042 1.086058397823034 1.0799224746714913 1.0799224746714913 1.0737865515199487 1.1044661672776617 1.0492428589137786 1.0737865515199487 1.0737865515199487 1.0983302441261191 1.055378782065321 1.055378782065321 1.055378782065321 1.214912784005428 1.3008157081270237 1.4726215563702154 1.576932249946439 1.5155730184310134 1.4419419406125027 1.1106020904292042 0.9940195505498954 0.9878836273983529 0.9878836273983529 1.0185632431560658 1.0492428589137786 1.0921943209745766 1.086058397823034 1.0676506283684062 1.1535535524900022 1.1044661672776617 1.043106935762236 1.1198059751565181 1.3744467859455345 1.5707963267948966 1.6382914814618648 1.705786636128833 1.5462526341887264 1.3928545554001621 1.3314953238847365 1.282407938672396 1.227184630308513 1.2701360923693108 1.3008157081270237 1.239456476611598 1.227184630308513 1.2026409377023426 
-56.5 -56.5 -56.5 -56.0 -56.5 -56.5 -56.5 -57.0 -56.5 -56.5 -56.5 -56.5 -56.0 -56.5 -56.0 -55.0 -54.0 -52.5 -51.5 -51.0 -49.5 -50.5 -50.5 -51.0 -52.0 -52.0 -51.5 -51.5 -51.5 -51.0 -51.5 -50.5 -50.5 -49.5 -51.5 -52.0 -53.0 -55.5 -55.5 -56.0 -55.5 -55.0 -55.0 -55.0 -55.0 -54.5 -54.5 
1.552388557340269 1.4603497100671303 1.521708941582556 1.4664856332186729 1.564660403643354 1.4910293258248433 1.4603497100671303 1.4971652489763858 1.5953400194010667 1.4787574795217582 1.5033011721279284 1.5155730184310134 1.5155730184310134 1.5278448647340985 1.6198837120072371 1.662835174068035 1.7732817907958012 1.8223691760081417 1.7978254834019713 1.761009944492716 1.5953400194010667 1.718058482431918 1.7916895602504288 1.7671458676442586 1.7426021750380885 1.8162332528565992 1.9205439464328227 1.8100973297050567 1.8162332528565992 1.8039614065535141 1.8285050991596843 1.8100973297050567 1.7548740213411735 1.6996507129772904 1.8162332528565992 1.9512235621905356 1.902136176978195 1.7241944055834606 1.6689710972195777 1.6444274046134073 1.6321555583103222 1.6137477888556946 1.6260196351587797 1.6198837120072371 1.6321555583103222 1.6321555583103222 1.6689710972195777 
-57.5 -58.0 -57.5 -57.5 -58.0 -58.0 -57.5 -58.5 -58.0 -57.5 -58.0 -58.0 -58.0 -57.5 -58.0 -58.0 -55.0 -53.5 -52.0 -52.5 -55.0 -56.0 -56.5 -56.0 -56.5 -56.0 -54.5 -55.0 -55.5 -56.5 -54.5 -56.0 -55.0 -54.0 -51.5 -51.5 -54.0 -56.0 -56.0 -55.5 -55.0 -55.0 -54.5 -53.5 -53.5 -53.5 -53.0 
5.448699758569798 5.123495831538041 5.289165756629691 5.289165756629691 5.375068680751287 5.460971604872882 5.3627968344482015 5.381204603902829 5.270757987175063 5.418020142812084 5.338253141842031 5.356660911296659 5.3198453723874035 5.227806525114265 5.160311370447297 5.258486140871978 5.332117218690489 5.098952138931871 5.3198453723874035 5.117359908386499 4.8351074434155406 4.792155981354743 4.92714629068868 4.448544284868359 4.693981210930062 4.878058905476339 4.914874444385594 4.896466674930966 4.792155981354743 4.3933209765044765 4.718524903536232 5.0253210611133605 4.847379289718626 4.865787059173254 5.638913376267617 5.602097837358362 5.583690067903734 5.577554144752192 5.559146375297564 5.473243451175968 5.460971604872882 5.411884219660542 5.332117218690489 5.3627968344482015 5.448699758569798 5.3198453723874035 5.405748296509 
-62.5 -63.0 -62.0 -62.5 -62.0 -62.0 -62.0 -63.0 -62.5 -62.5 -63.0 -62.5 -62.5 -61.5 -61.5 -62.0 -61.0 -62.0 -60.0 -58.5 -58.5 -59.5 -59.0 -60.0 -63.0 -62.0 -61.0 -61.0 -62.0 -61.0 -59.5 -58.5 -60.0 -58.5 -57.5 -59.0 -60.5 -60.0 -60.0 -60.0 -61.5 -61.0 -61.5 -60.0 -61.0 -61.0 -61.5 
6.135923151542564 6.1420590746941075 5.583690067903734 5.43029198911517 5.829126993965437 5.375068680751287 2.3009711818284617 5.970253226450915 5.706408530934585 5.6143696836614465 2.8532042654672924 5.976389149602458 5.9518454569962875 5.878214379177777 5.945709533844745 5.8659425328746915 5.8475347634200645 6.050020227420969 5.289165756629691 5.522330836388308 5.724816300389213 5.577554144752192 5.460971604872882 1.4848934026733007 1.4603497100671303 4.583534594202296 1.6198837120072371 4.6448938257177215 4.589670517353839 4.71238898038469 
-77.0 -76.5 -67.0 -64.0 -61.5 -62.0 -73.0 -67.5 -63.0 -64.5 -66.5 -66.5 -64.0 -64.5 -65.5 -65.0 -64.0 -66.5 -69.5 -64.0 -64.0 -63.5 -68.5 -80.0 -74.5 -69.0 -69.5 -67.0 -67.0 -67.5 
