2.773437264497239 2.804116880254952 2.834796496012665 2.8102528034064944 2.859340188618835 2.8777479580734626 2.8102528034064944 2.8777479580734626 2.9759227284981438 2.816388726558037 2.9084275738311756 2.730485802436441 2.8532042654672924 2.9513790358919736 3.509748042682347 3.0802334220743677 3.3747577333484107 3.6140587362585705 3.380893656499953 2.779573187648782 2.8654761117703775 3.1784081924990484 2.8838838812250054 3.399301425954581 3.184544115650591 3.0495538063166547 2.9145634969827183 3.1231848841351653 3.2459033471660166 2.945243112740431 3.043417883165112 2.9513790358919736 3.0925052683774528 2.730485802436441 2.718213956133356 2.736621725587984 2.8286605728611223 2.8716120349219203 2.779573187648782 2.9943304979527716 2.84706834231575 3.0127382674073995 
-63.5 -63.5 -64.0 -64.0 -63.0 -63.5 -64.5 -63.0 -64.5 -64.0 -64.5 -64.5 -65.5 -66.5 -61.0 -64.0 -65.0 -64.0 -64.5 -65.0 -64.5 -65.0 -65.5 -63.5 -65.0 -65.0 -65.0 -65.5 -66.0 -62.5 -63.0 -62.5 -63.0 -64.0 -64.0 -64.0 -64.0 -64.0 -64.5 -64.0 -63.5 -64.0 
2.043262409463674 2.086213871524472 1.9941750242513334 2.061670178918302 2.0064468705544187 1.9941750242513334 2.1230294104337273 2.024854640009046 2.024854640009046 2.043262409463674 1.9696313316451632 1.9819031779482483 1.9205439464328227 2.138369218312584 2.116893487282185 2.110757564130642 2.2641556429192065 2.564815877344792 2.890019804376548 3.1906800388021335 2.9329712664373457 2.5770877236478773 2.3316507975861747 2.4175537217077703 2.3009711818284617 2.521864415283994 2.2764274892222915 2.36846633649543 2.442097414313941 2.9145634969827183 3.3440781175906977 3.3195344249845276 2.9636508821950587 2.552544031041707 2.2212041808584084 1.9266798695843652 1.7916895602504288 1.9634954084936207 1.8837284075235674 1.8837284075235674 1.7548740213411735 1.9144080232812801 1.8960002538266525 2.024854640009046 1.9941750242513334 1.9205439464328227 
-63.0 -63.5 -62.0 -63.0 -63.0 -63.0 -63.0 -63.0 -64.0 -63.0 -63.5 -62.5 -62.5 -63.0 -62.0 -62.0 -62.5 -63.5 -65.0 -62.5 -62.0 -61.0 -62.0 -63.0 -62.5 -63.0 -62.0 -62.5 -62.0 -61.0 -64.0 -64.0 -66.0 -65.0 -63.0 -61.5 -62.0 -62.5 -62.5 -63.0 -62.5 -63.0 -63.5 -62.0 -62.5 -61.5 
0.7301748550335652 0.7179030087304801 0.7179030087304801 0.7301748550335652 0.6933593161243098 0.6933593161243098 0.662679700366597 0.6320000846088841 0.6381360077604268 0.6258641614573416 0.5890486225480862 0.5706408530934585 0.619728238305799 3.767456815047135 0.6565437772150544 0.8222137023067037 0.7669903939428205 0.7792622402459057 1.0799224746714913 0.9756117810952678 0.7731263170943632 0.7792622402459057 0.7976700097005334 0.7424467013366504 0.7792622402459057 0.8160777791551611 0.7731263170943632 0.7363107781851077 0.7669903939428205 0.8467573949128739 0.9878836273983529 1.0983302441261191 0.8713010875190442 0.7915340865489908 0.8406214717613314 0.7301748550335652 0.6135923151542565 0.5767767762450011 0.5522330836388308 0.5767767762450011 0.6135923151542565 0.6381360077604268 0.6872233929727672 0.6994952392758523 0.7976700097005334 0.7731263170943632 
-50.0 -49.5 -49.5 -49.5 -49.5 -49.5 -49.5 -49.5 -49.5 -49.5 -50.0 -49.5 -50.0 -50.5 -50.5 -51.0 -51.5 -53.0 -52.5 -50.5 -51.5 -52.5 -52.0 -52.0 -51.5 -52.0 -52.0 -52.0 -52.0 -52.0 -50.5 -52.5 -54.0 -52.0 -51.0 -51.0 -50.5 -50.5 -50.5 -50.0 -50.0 -50.0 -50.0 -49.5 -49.5 -49.5 
0.9081166264282996 0.8713010875190442 0.9019807032767571 0.8897088569736719 0.9203884727313847 0.8897088569736719 0.8406214717613314 0.859029241215959 0.8651651643675016 0.8713010875190442 0.8528933180644165 0.8467573949128739 0.8958447801252144 0.8989127417009857 0.9019807032767571 1.0676506283684062 1.0676506283684062 1.3130875544301088 1.4173982480063325 1.1290098598838318 1.0615147052168636 1.184233168247715 1.1780972450961724 1.0921943209745766 1.0737865515199487 1.1228739367322893 1.1535535524900022 1.214912784005428 1.2517283229146832 1.2578642460662257 1.1167380135807468 1.3069516312785663 1.4173982480063325 1.3867186322486196 1.2210487071569704 0.9940195505498954 0.803805932852076 0.8283496254582462 0.7853981633974483 0.7731263170943632 0.7363107781851077 0.8222137023067037 0.8467573949128739 0.8406214717613314 0.8835729338221293 0.9203884727313847 
-51.5 -51.5 -51.5 -51.5 -52.0 -51.5 -52.0 -51.5 -52.0 -52.0 -52.0 -52.0 -52.0 -52.0 -51.0 -51.0 -52.0 -51.5 -50.0 -49.0 -50.0 -51.0 -50.0 -50.5 -51.0 -51.0 -50.5 -50.0 -50.0 -50.5 -50.0 -49.5 -50.5 -52.0 -52.0 -52.0 -52.5 -52.0 -52.0 -52.5 -52.5 -52.0 -52.0 -51.0 -51.0 -51.0 
1.2210487071569704 1.2087768608538851 1.1965050145508 1.239456476611598 1.141281706186917 1.227184630308513 1.1535535524900022 1.1780972450961724 1.1903690913992575 1.1658253987930873 1.2026409377023426 1.1535535524900022 1.2026409377023426 1.3621749396424494 1.4971652489763858 1.7548740213411735 1.8039614065535141 1.7303303287350031 1.533980787885641 1.3130875544301088 1.3314953238847365 1.3314953238847365 1.337631247036279 1.3744467859455345 1.4726215563702154 1.4603497100671303 1.4971652489763858 1.4603497100671303 1.4419419406125027 1.4358060174609601 1.4542137869155878 1.521708941582556 1.7548740213411735 1.7671458676442586 1.8162332528565992 1.6198837120072371 1.4296700943094176 1.2701360923693108 1.239456476611598 1.184233168247715 1.1167380135807468 1.1719613219446299 1.214912784005428 1.2026409377023426 1.227184630308513 1.184233168247715 
-55.0 -55.0 -55.0 -55.0 -55.0 -55.0 -55.5 -55.5 -55.5 -55.5 -55.0 -55.5 -55.0 -56.0 -55.0 -53.0 -52.5 -50.0 -49.0 -50.0 -50.0 -51.0 -51.0 -51.0 -51.0 -51.5 -51.5 -51.5 -52.0 -51.5 -50.5 -50.5 -49.5 -51.5 -52.0 -54.5 -55.5 -55.5 -55.5 -55.5 -55.5 -55.0 -55.0 -55.0 -54.5 -54.0 
1.607611865704152 1.576932249946439 1.6260196351587797 1.5892040962495242 1.576932249946439 1.576932249946439 1.533980787885641 1.5892040962495242 1.533980787885641 1.564660403643354 1.552388557340269 1.5585244804918115 1.5278448647340985 1.564660403643354 1.6812429435226628 1.9941750242513334 2.0800779483729293 1.9819031779482483 1.7794177139473437 1.9266798695843652 1.9573594853420782 1.8714565612204823 1.9512235621905356 2.073942025221387 2.061670178918302 2.043262409463674 2.086213871524472 2.1353012567368124 1.8714565612204823 2.116893487282185 2.086213871524472 1.9696313316451632 1.8775924843720249 2.024854640009046 2.024854640009046 1.6996507129772904 1.6444274046134073 1.607611865704152 1.5892040962495242 1.5462526341887264 1.5585244804918115 1.6873788666742053 1.607611865704152 1.6382914814618648 1.5892040962495242 1.6444274046134073 
-54.5 -55.0 -54.5 -54.5 -55.0 -55.5 -55.0 -55.0 -55.5 -55.5 -55.5 -55.5 -55.5 -56.5 -55.5 -53.5 -52.5 -51.0 -53.0 -54.5 -54.0 -55.5 -55.5 -55.0 -53.5 -54.0 -54.0 -55.5 -55.5 -54.0 -54.5 -53.5 -52.5 -52.0 -53.0 -55.5 -56.0 -55.0 -55.0 -55.0 -55.0 -54.5 -54.0 -53.5 -53.0 -52.5 
5.313709449235861 5.473243451175968 5.540738605842936 5.47937937432751 5.50392306693368 5.491651220630596 5.485515297479052 5.460971604872882 5.405748296509 5.546874528994478 5.50392306693368 5.473243451175968 5.491651220630596 5.534602682691394 5.64504929941916 5.583690067903734 5.663457068873787 5.602097837358362 5.166447293598839 5.307573526084319 5.252350217720435 4.890330751779424 5.062136600022616 5.1725832167503825 5.387340527054372 5.393476450205914 5.301437602932776 5.141903600992669 4.970097752749477 5.203262832508095 5.436427912266712 5.3627968344482015 5.45483568172134 5.786175531904639 5.712544454086128 5.66959299202533 5.66959299202533 5.553010452146021 5.4671075280244255 5.516194913236766 5.546874528994478 5.559146375297564 5.50392306693368 5.45483568172134 5.387340527054372 5.399612373357457 
-60.5 -60.5 -60.5 -61.0 -61.5 -61.0 -61.0 -61.0 -61.0 -61.5 -61.0 -61.5 -61.5 -61.5 -60.5 -61.0 -61.0 -57.5 -57.0 -58.5 -57.5 -58.0 -61.0 -60.5 -59.0 -59.5 -60.0 -60.5 -59.5 -57.5 -57.5 -58.0 -57.5 -58.0 -58.5 -59.5 -60.0 -60.0 -60.5 -60.5 -61.0 -61.0 -60.5 -60.5 -61.0 -60.5 
4.1601558967458585 3.8840393549264434 4.061981126321178 4.06811704947272 4.221515128261284 4.0987966652304335 4.123340357836604 4.0558452031696355 4.190835512503572 4.1172044346850605 4.1601558967458585 1.1535535524900022 4.804427827657828 2.2641556429192065 5.786175531904639 5.638913376267617 5.098952138931871 3.2090878082567613 5.927301764390117 5.994796919057086 6.031612457966341 5.945709533844745 6.037748381117884 6.129787228391022 6.227961998815704 6.117515382087937 5.829126993965437 5.822991070813893 5.577554144752192 5.6143696836614465 5.620505606812989 1.576932249946439 1.5401167110371838 4.749204519293945 5.019185137961818 4.6878452877785195 
-70.0 -70.0 -69.5 -70.0 -69.5 -70.0 -70.5 -71.0 -71.0 -70.5 -69.5 -74.5 -74.5 -69.0 -64.0 -63.5 -66.0 -71.0 -66.5 -65.5 -67.5 -67.0 -66.0 -65.0 -66.5 -66.5 -69.0 -66.0 -65.5 -65.0 -67.0 -72.5 -70.5 -69.0 -69.0 -66.5 
