2.7979809571034093 2.8409324191642074 2.724349879284899 2.834796496012665 2.9145634969827183 2.718213956133356 2.7857091108003242 2.7120780329818137 2.6016314162540475 2.82252464970958 2.84706834231575 2.9022916506796332 2.7120780329818137 2.8654761117703775 2.767301341345697 6.215690152512618 3.472932503773092 3.2704470397721868 3.2336315008629315 3.368621810196868 3.6263305825616556 3.2336315008629315 3.3870295796514958 3.411573272257666 0.09203884727313846 3.423845118560751 3.1968159619536762 3.3195344249845276 3.442252888015379 3.098641191528995 2.7857091108003242 3.055689729468197 2.9820586516496865 3.3011266555298997 3.368621810196868 2.9145634969827183 2.9022916506796332 2.773437264497239 2.6813984172241008 2.7120780329818137 2.6568547246179306 2.742757648739526 2.761165418194154 2.6875343403756435 2.816388726558037 
-63.5 -63.5 -63.5 -63.0 -63.0 -63.5 -63.5 -63.5 -63.0 -63.5 -63.0 -62.5 -64.0 -64.0 -65.0 -67.0 -61.5 -62.5 -62.5 -63.5 -66.0 -64.5 -65.5 -66.0 -67.0 -64.0 -64.5 -66.0 -65.5 -66.0 -63.0 -62.0 -62.5 -62.0 -63.5 -67.5 -66.0 -65.5 -65.5 -65.0 -65.0 -65.5 -65.5 -64.5 -64.5 
1.8346410223112268 2.0371264863121317 2.172116795646068 2.061670178918302 2.043262409463674 2.172116795646068 2.0493983326152168 2.030990563160589 2.1230294104337273 2.1230294104337273 2.141437179888355 2.0064468705544187 2.0371264863121317 2.043262409463674 1.9941750242513334 2.2580197197676637 2.552544031041707 2.662990647769473 2.8777479580734626 3.2949907323783574 3.1354567304382504 2.9022916506796332 2.497320722677824 2.5709518004963345 2.325514874434632 2.2518837966161214 2.448233337465483 2.380738182798515 3.0802334220743677 3.2029518851052186 3.2029518851052186 3.000466421104314 2.7857091108003242 2.6016314162540475 2.5954954931025047 2.12916533358527 2.1966604882522383 1.9696313316451632 1.9389517158874505 1.9573594853420782 1.9634954084936207 1.9389517158874505 1.9266798695843652 1.9634954084936207 1.8960002538266525 
-61.5 -62.5 -62.0 -63.0 -62.5 -62.0 -63.0 -63.0 -63.0 -62.5 -62.5 -63.0 -62.5 -63.0 -63.0 -63.5 -64.0 -64.0 -66.5 -63.5 -63.0 -62.0 -62.5 -63.5 -63.0 -61.5 -62.5 -62.0 -62.0 -63.0 -64.0 -66.5 -65.0 -64.0 -63.0 -63.5 -63.0 -64.0 -63.5 -62.5 -63.5 -63.5 -62.5 -64.0 -63.5 
0.7240389318820226 0.6994952392758523 0.6749515466696822 0.6810874698212247 0.6565437772150544 0.6320000846088841 0.6381360077604268 0.607456392002714 0.6258641614573416 0.619728238305799 0.6135923151542565 0.607456392002714 0.5767767762450011 0.607456392002714 0.6135923151542565 0.6258641614573416 0.6994952392758523 0.8835729338221293 0.8835729338221293 0.803805932852076 0.9694758579437253 1.043106935762236 0.9510680884890975 1.0062913968529805 0.8651651643675016 0.803805932852076 0.7976700097005334 0.803805932852076 0.760854470791278 0.8406214717613314 0.9326603190344698 1.0246991663076084 1.000155473701438 0.8528933180644165 0.7669903939428205 0.8099418560036186 0.8099418560036186 0.5951845456996288 0.46019423636569234 0.521553467881118 0.521553467881118 0.6135923151542565 0.5829126993965437 0.5890486225480862 0.6258641614573416 0.6258641614573416 0.6688156235181395 
-49.5 -50.0 -50.0 -50.0 -50.0 -50.0 -49.5 -50.0 -50.0 -50.0 -50.0 -50.0 -50.0 -50.0 -50.0 -50.0 -50.5 -51.0 -50.5 -52.0 -52.5 -50.5 -50.5 -51.5 -52.0 -52.5 -53.0 -53.0 -52.5 -51.5 -51.0 -51.0 -52.5 -52.5 -52.0 -51.0 -51.0 -51.0 -50.5 -51.0 -50.5 -50.0 -50.0 -50.0 -50.0 -50.0 -49.5 
0.8528933180644165 0.7792622402459057 0.8406214717613314 0.7117670855789375 0.7853981633974483 0.7792622402459057 0.760854470791278 0.8283496254582462 0.7731263170943632 0.7792622402459057 0.7915340865489908 0.7976700097005334 0.7792622402459057 0.7731263170943632 0.7669903939428205 0.7792622402459057 0.8774370106705868 0.9756117810952678 1.1903690913992575 1.3314953238847365 1.4480778637640452 1.1780972450961724 1.0799224746714913 1.1535535524900022 1.2578642460662257 1.2087768608538851 1.1596894756415448 1.184233168247715 1.1596894756415448 1.2640001692177683 1.2455923997631406 1.055378782065321 1.2701360923693108 1.4542137869155878 1.368310862793992 1.239456476611598 1.000155473701438 0.9203884727313847 0.8283496254582462 0.8406214717613314 0.8651651643675016 0.7976700097005334 0.7976700097005334 0.8406214717613314 0.7976700097005334 0.8222137023067037 0.8406214717613314 
-51.0 -51.5 -52.0 -51.5 -51.5 -52.0 -52.0 -52.0 -52.0 -52.0 -52.0 -52.0 -52.0 -52.0 -52.0 -52.5 -52.0 -51.5 -52.5 -52.5 -51.5 -49.5 -49.5 -51.0 -51.0 -51.0 -51.0 -50.5 -50.5 -50.5 -51.0 -49.5 -49.5 -50.5 -51.5 -52.0 -52.0 -53.0 -53.5 -53.5 -53.5 -53.0 -53.0 -53.0 -52.5 -52.5 -52.5 
1.2026409377023426 1.2333205534600555 1.2026409377023426 1.1780972450961724 1.227184630308513 1.184233168247715 1.141281706186917 1.1903690913992575 1.1535535524900022 1.1658253987930873 1.239456476611598 1.184233168247715 1.1596894756415448 1.1474176293384597 1.1535535524900022 1.1596894756415448 1.380582709097077 1.6935147898257479 1.6996507129772904 1.7426021750380885 1.718058482431918 1.4603497100671303 1.4664856332186729 1.5401167110371838 1.552388557340269 1.4910293258248433 1.509437095279471 1.3744467859455345 1.4726215563702154 1.4726215563702154 1.521708941582556 1.41126232485479 1.4726215563702154 1.6444274046134073 1.705786636128833 1.7119225592803755 1.6566992509164924 1.5401167110371838 1.4358060174609601 1.214912784005428 1.2087768608538851 1.1535535524900022 1.1290098598838318 1.1290098598838318 1.1719613219446299 1.1535535524900022 1.1290098598838318 
-55.0 -54.5 -54.5 -54.5 -54.5 -55.0 -55.0 -55.0 -55.0 -55.0 -54.5 -55.0 -54.5 -55.0 -55.0 -55.0 -55.0 -54.0 -52.5 -51.5 -49.0 -50.0 -50.0 -51.0 -52.0 -51.5 -52.0 -52.5 -52.0 -52.0 -51.5 -49.5 -49.5 -49.5 -50.5 -51.5 -53.0 -55.0 -55.5 -55.5 -55.0 -55.0 -55.0 -55.0 -55.0 -54.5 -54.5 
1.6260196351587797 1.5892040962495242 1.564660403643354 1.5401167110371838 1.5585244804918115 1.533980787885641 1.5830681730979816 1.576932249946439 1.552388557340269 1.552388557340269 1.521708941582556 1.5585244804918115 1.509437095279471 1.509437095279471 1.509437095279471 1.5155730184310134 1.6444274046134073 1.8960002538266525 2.055534255766759 2.043262409463674 1.8162332528565992 1.9144080232812801 2.018718716857504 1.9696313316451632 1.9205439464328227 2.086213871524472 2.116893487282185 2.055534255766759 2.098485717827557 1.9696313316451632 1.9634954084936207 2.018718716857504 1.859184714917397 1.8039614065535141 1.945087639038993 2.024854640009046 1.7916895602504288 1.6873788666742053 1.607611865704152 1.368310862793992 1.564660403643354 1.5033011721279284 1.5278448647340985 1.4726215563702154 1.5462526341887264 1.5707963267948966 1.5462526341887264 
-53.5 -53.5 -54.0 -54.5 -54.0 -54.5 -54.5 -54.0 -54.5 -54.5 -54.0 -54.5 -54.0 -54.5 -54.5 -55.5 -55.5 -54.5 -52.5 -51.0 -51.0 -54.0 -53.5 -53.5 -55.5 -54.5 -53.5 -53.5 -54.5 -55.0 -54.0 -53.5 -54.0 -51.5 -51.0 -52.5 -54.0 -57.0 -57.5 -56.0 -55.5 -55.5 -56.0 -55.5 -55.5 -55.0 -55.0 
5.5714182216006485 5.381204603902829 5.418020142812084 5.411884219660542 5.516194913236766 5.47937937432751 5.589825991055276 5.424156065963627 5.559146375297564 5.418020142812084 5.381204603902829 5.307573526084319 5.442563835418255 5.356660911296659 5.411884219660542 5.436427912266712 5.583690067903734 5.418020142812084 5.583690067903734 5.681864838328415 5.47937937432751 5.350524988145116 5.442563835418255 5.2768939103266055 4.994641445355648 5.356660911296659 5.595961914206819 5.583690067903734 5.473243451175968 5.043728830567988 5.043728830567988 5.356660911296659 5.141903600992669 5.252350217720435 5.5284667595398505 5.626641529964532 5.638913376267617 5.608233760509904 5.4671075280244255 5.553010452146021 5.47937937432751 5.4671075280244255 5.589825991055276 5.595961914206819 5.632777453116074 5.50392306693368 5.546874528994478 
-61.5 -61.0 -60.5 -61.0 -60.5 -61.0 -61.0 -61.0 -62.5 -61.0 -61.0 -62.0 -61.5 -62.0 -60.5 -61.5 -61.0 -61.0 -60.5 -57.5 -57.0 -57.5 -57.0 -57.0 -58.5 -60.5 -59.5 -59.5 -61.0 -58.5 -57.5 -57.0 -57.5 -57.0 -57.5 -59.0 -60.0 -60.0 -59.5 -61.0 -61.0 -62.0 -61.0 -60.5 -61.0 -61.5 -61.5 
5.0253210611133605 4.853515212870168 4.92714629068868 4.853515212870168 4.620350133111551 4.853515212870168 4.970097752749477 4.614214209960009 4.601942363656923 4.614214209960009 4.608078286808466 4.4976316700806995 4.865787059173254 4.81056375080937 1.6137477888556946 2.675262494072558 5.767767762450011 5.129631754689584 5.884350302329319 5.878214379177777 6.062292073724054 6.068427996875596 6.037748381117884 2.9329712664373457 6.234097921967246 5.681864838328415 6.240233845118788 5.939573610693203 5.7616318392984684 5.632777453116074 5.356660911296659 5.553010452146021 5.688000761479957 1.4848934026733007 1.3744467859455345 
-68.5 -67.5 -69.5 -67.5 -70.0 -69.0 -68.5 -71.0 -70.5 -70.0 -71.0 -70.5 -69.0 -71.5 -74.0 -66.0 -62.0 -64.0 -69.0 -68.0 -67.5 -66.5 -66.0 -67.0 -67.0 -66.0 -68.0 -68.0 -70.5 -65.5 -63.0 -63.0 -63.0 -76.5 -73.5 
