2.6813984172241008 2.6998061866787286 2.9575149590435164 2.767301341345697 2.7979809571034093 3.043417883165112 2.767301341345697 2.8716120349219203 2.7979809571034093 3.141592653589793 2.8777479580734626 2.9206994201342606 2.791845033951867 2.8838838812250054 0.0 0.3129320807286708 3.5772431973493153 3.2765829629237295 3.172272269347506 3.1784081924990484 3.6017868899554855 3.448388811166921 3.411573272257666 3.129320807286708 3.141592653589793 0.14112623248547898 3.5281558121369745 3.4913402732277192 3.11091303783208 2.9820586516496865 3.2090878082567613 3.4177091954092087 3.5342917352885173 0.2761165418194154 2.9820586516496865 3.1354567304382504 2.9697868053466014 3.2459033471660166 6.258641614573416 6.270913460876501 2.988194574801229 3.436116964863836 3.0372819600135696 3.031146036862027 
-63.5 -64.0 -64.0 -64.5 -65.0 -65.0 -63.5 -63.5 -64.5 -65.0 -64.5 -64.5 -65.5 -63.5 -67.5 -67.5 -62.5 -63.5 -63.5 -65.0 -65.0 -65.5 -66.0 -66.0 -67.0 -67.5 -64.5 -64.5 -65.5 -62.0 -63.0 -63.0 -63.5 -69.5 -66.5 -65.5 -65.0 -65.0 -66.5 -66.0 -64.0 -64.5 -64.5 -65.0 
1.945087639038993 1.8714565612204823 1.945087639038993 1.8837284075235674 1.9573594853420782 1.7978254834019713 2.0064468705544187 1.9696313316451632 1.8653206380689396 1.9205439464328227 1.846912868614312 1.8775924843720249 1.7978254834019713 1.7426021750380885 1.9573594853420782 1.859184714917397 2.3071071049800045 2.172116795646068 2.1475731030398975 2.325514874434632 2.454369260617026 2.337786720737717 2.2334760271614935 2.067806102069844 1.9819031779482483 2.0923497946760143 2.442097414313941 2.8716120349219203 2.748893571891069 2.2886993355253766 1.9205439464328227 1.761009944492716 2.000310947402876 2.2089323345553233 2.018718716857504 2.000310947402876 1.8285050991596843 1.902136176978195 1.902136176978195 1.9573594853420782 1.9634954084936207 1.9389517158874505 1.9819031779482483 2.043262409463674 
-63.5 -63.5 -63.0 -63.5 -63.5 -63.5 -63.5 -62.5 -63.0 -63.0 -63.0 -63.5 -63.0 -63.5 -63.0 -63.0 -60.5 -62.0 -62.5 -63.0 -62.5 -63.0 -62.5 -62.0 -62.5 -62.5 -62.5 -63.5 -65.5 -65.5 -62.5 -62.0 -61.5 -62.0 -61.5 -61.0 -62.0 -62.0 -62.0 -61.5 -60.5 -61.0 -61.0 -61.5 
0.662679700366597 0.6504078540635119 0.6749515466696822 0.619728238305799 0.6688156235181395 0.6442719309119693 0.619728238305799 0.619728238305799 0.607456392002714 0.6442719309119693 0.6688156235181395 0.6258641614573416 0.662679700366597 0.607456392002714 0.6810874698212247 0.8160777791551611 0.8651651643675016 0.9326603190344698 0.8344855486097889 1.000155473701438 1.141281706186917 0.8897088569736719 0.859029241215959 0.8344855486097889 0.803805932852076 0.7915340865489908 0.8222137023067037 0.7792622402459057 0.8651651643675016 0.9387962421860124 1.0492428589137786 1.1719613219446299 0.9756117810952678 0.9387962421860124 1.0615147052168636 1.000155473701438 0.8774370106705868 0.9142525495798421 0.9019807032767571 0.9326603190344698 1.000155473701438 1.0062913968529805 1.0737865515199487 1.0676506283684062 1.0492428589137786 1.0492428589137786 
-50.0 -49.5 -50.0 -49.5 -49.5 -49.5 -49.5 -50.0 -50.0 -49.5 -50.0 -50.0 -49.5 -50.0 -50.0 -50.5 -50.5 -50.5 -51.5 -52.0 -51.0 -50.5 -52.0 -52.0 -52.0 -52.0 -52.0 -52.5 -52.5 -51.5 -50.5 -52.5 -51.0 -50.0 -50.0 -50.0 -49.5 -49.5 -49.5 -49.0 -49.5 -49.0 -49.0 -49.0 -49.0 -49.0 
0.8406214717613314 0.8344855486097889 0.7485826244881929 0.859029241215959 0.8651651643675016 0.8344855486097889 0.8160777791551611 0.8528933180644165 0.7853981633974483 0.7424467013366504 0.859029241215959 0.8774370106705868 0.8651651643675016 0.8528933180644165 0.8713010875190442 0.8897088569736719 1.0492428589137786 1.0737865515199487 1.337631247036279 1.3867186322486196 1.3989904785517047 1.086058397823034 1.1780972450961724 1.2640001692177683 1.1596894756415448 1.1474176293384597 1.1965050145508 1.227184630308513 1.3008157081270237 1.2762720155208536 1.2333205534600555 1.5155730184310134 1.3928545554001621 1.2946797849754812 1.1658253987930873 1.1290098598838318 1.000155473701438 0.9633399347921826 1.000155473701438 1.012427320004523 1.0246991663076084 1.012427320004523 1.0185632431560658 1.0615147052168636 1.1290098598838318 1.0799224746714913 
-52.5 -52.5 -52.5 -52.5 -52.5 -52.5 -52.5 -52.5 -52.5 -52.5 -52.5 -52.5 -52.5 -52.5 -52.5 -52.0 -51.0 -51.5 -52.5 -52.5 -50.0 -50.0 -51.0 -50.5 -50.0 -50.5 -50.5 -50.5 -51.0 -50.5 -49.5 -52.0 -53.0 -52.5 -51.5 -51.0 -51.0 -51.5 -51.0 -51.0 -51.0 -50.5 -50.5 -50.5 -50.0 -50.0 
1.0676506283684062 1.1290098598838318 1.1228739367322893 1.1228739367322893 1.1474176293384597 1.1535535524900022 1.1228739367322893 1.1106020904292042 1.1167380135807468 1.0983302441261191 1.0983302441261191 1.1780972450961724 1.1290098598838318 1.0983302441261191 1.2026409377023426 1.3928545554001621 1.6935147898257479 1.7303303287350031 1.8346410223112268 1.7978254834019713 1.533980787885641 1.4542137869155878 1.4480778637640452 1.3867186322486196 1.3130875544301088 1.3192234775816514 1.3437671701878218 1.3989904785517047 1.509437095279471 1.5585244804918115 1.521708941582556 1.662835174068035 1.8223691760081417 1.8039614065535141 1.8162332528565992 1.6873788666742053 1.380582709097077 1.2578642460662257 1.2455923997631406 1.239456476611598 1.3008157081270237 1.368310862793992 1.239456476611598 1.337631247036279 1.4051264017032472 1.380582709097077 
-54.5 -54.5 -55.0 -55.0 -55.0 -54.5 -54.5 -55.0 -55.0 -54.5 -54.5 -54.5 -54.5 -54.5 -55.0 -55.0 -54.0 -53.5 -51.5 -49.5 -49.5 -50.0 -50.5 -50.5 -51.0 -51.0 -51.0 -51.0 -51.0 -51.0 -50.0 -49.0 -50.5 -52.5 -52.5 -54.0 -54.5 -53.0 -53.0 -52.5 -52.5 -52.5 -52.5 -52.5 -52.0 -52.0 
1.509437095279471 1.5278448647340985 1.564660403643354 1.5278448647340985 1.5462526341887264 1.533980787885641 1.533980787885641 1.521708941582556 1.5462526341887264 1.5462526341887264 1.5585244804918115 1.5585244804918115 1.5707963267948966 1.564660403643354 1.5278448647340985 1.5953400194010667 1.8346410223112268 2.043262409463674 2.1782527187976104 2.0493983326152168 1.8775924843720249 2.0064468705544187 1.9880391010997909 1.902136176978195 1.945087639038993 2.018718716857504 2.055534255766759 1.9696313316451632 1.88986433067511 2.030990563160589 1.9819031779482483 1.9573594853420782 2.110757564130642 2.2150682577068657 2.141437179888355 1.8775924843720249 1.6137477888556946 1.6260196351587797 1.5953400194010667 1.6812429435226628 1.6996507129772904 1.7241944055834606 1.7732817907958012 1.7855536370988863 1.8285050991596843 1.8039614065535141 
-55.0 -55.0 -55.0 -54.5 -55.0 -55.0 -55.0 -54.5 -54.5 -54.5 -54.5 -54.5 -54.5 -55.0 -55.0 -55.0 -54.0 -53.5 -52.0 -51.0 -53.0 -53.5 -53.5 -55.0 -54.5 -53.5 -53.5 -54.5 -54.5 -53.5 -53.5 -52.0 -51.5 -52.0 -53.5 -53.5 -53.0 -52.5 -52.0 -52.0 -51.5 -51.5 -51.0 -51.5 -51.0 -50.5 
5.473243451175968 5.485515297479052 5.460971604872882 5.399612373357457 5.47937937432751 5.381204603902829 5.43029198911517 5.387340527054372 5.411884219660542 5.338253141842031 5.411884219660542 5.411884219660542 5.460971604872882 5.43029198911517 5.47937937432751 5.602097837358362 5.632777453116074 5.638913376267617 5.724816300389213 5.638913376267617 5.258486140871978 5.393476450205914 5.3198453723874035 4.92714629068868 4.97623367590102 4.988505522204105 5.0253210611133605 5.056000676871073 4.988505522204105 5.270757987175063 5.460971604872882 5.338253141842031 5.706408530934585 5.8475347634200645 5.730952223540755 5.675728915176872 5.516194913236766 5.356660911296659 5.246214294568893 5.3627968344482015 5.295301679781233 5.240078371417351 5.1725832167503825 5.21553467881118 5.135767677841127 5.178719139901925 
-60.5 -60.5 -61.5 -62.0 -61.5 -61.5 -61.0 -61.5 -61.5 -62.0 -61.5 -61.5 -62.0 -62.0 -62.0 -61.0 -62.0 -61.5 -57.5 -56.5 -57.5 -57.0 -56.5 -58.0 -60.5 -60.5 -60.0 -60.0 -57.5 -57.0 -57.0 -57.5 -56.5 -57.0 -59.5 -61.0 -61.0 -61.0 -61.0 -61.5 -61.0 -60.0 -61.0 -60.5 -60.0 -60.0 
1.325359400733194 1.3928545554001621 1.1719613219446299 1.3069516312785663 1.3621749396424494 4.325825821837508 1.3314953238847365 1.2578642460662257 5.663457068873787 5.743224069843841 5.884350302329319 5.442563835418255 6.019340611663256 0.1227184630308513 5.755495916146925 5.737088146692298 5.878214379177777 5.970253226450915 0.0 6.031612457966341 6.14819499784565 5.5100589900852235 5.8475347634200645 5.927301764390117 5.6941366846315 5.4671075280244255 4.6448938257177215 4.620350133111551 4.804427827657828 4.841243366567084 5.006913291658733 5.098952138931871 4.994641445355648 5.184855063053467 5.105088062083414 
-72.0 -72.5 -72.5 -72.5 -71.5 -69.5 -72.0 -73.5 -66.0 -65.0 -62.5 -62.5 -67.0 -65.0 -65.0 -65.5 -66.0 -66.5 -66.5 -66.0 -72.0 -63.5 -63.0 -64.5 -64.0 -67.0 -68.5 -65.5 -63.0 -63.5 -61.5 -62.5 -62.0 -61.5 -62.0 
