2.7979809571034093 2.8532042654672924 3.0127382674073995 3.4606606574700063 3.0495538063166547 3.117048960983623 3.055689729468197 3.074097498922825 3.06182565261974 3.3747577333484107 3.1968159619536762 3.043417883165112 0.2454369260617026 3.6017868899554855 3.153864499892878 3.0802334220743677 3.5588354278946874 3.6815538909255388 3.3747577333484107 3.074097498922825 0.11658253987930872 3.129320807286708 0.14112623248547898 0.10737865515199488 3.730641276137879 2.9084275738311756 2.84706834231575 6.264777537724958 2.816388726558037 2.8102528034064944 3.11091303783208 3.0495538063166547 2.9084275738311756 2.9513790358919736 3.067961575771282 3.055689729468197 3.1354567304382504 3.147728576741336 
-65.0 -65.5 -64.0 -65.0 -64.5 -66.5 -66.5 -66.0 -66.5 -66.0 -65.0 -67.0 -69.5 -65.0 -65.0 -67.5 -68.0 -67.5 -65.5 -66.0 -67.5 -66.5 -66.5 -67.0 -66.5 -64.5 -63.0 -67.0 -65.0 -64.5 -63.5 -64.5 -64.0 -64.0 -64.0 -63.0 -64.5 -63.5 
1.9696313316451632 1.9144080232812801 1.9573594853420782 1.9941750242513334 1.9389517158874505 2.0064468705544187 1.9512235621905356 1.9696313316451632 1.9266798695843652 2.0371264863121317 2.1782527187976104 1.7978254834019713 1.8960002538266525 1.9266798695843652 1.9205439464328227 2.2089323345553233 2.1475731030398975 2.1230294104337273 2.36846633649543 2.761165418194154 2.9206994201342606 2.6384469551633027 2.2334760271614935 2.2027964114037806 2.030990563160589 2.030990563160589 2.086213871524472 5.325981295538946 2.5034566458293663 2.8409324191642074 5.7616318392984684 2.024854640009046 1.9389517158874505 1.9205439464328227 1.9757672547967058 1.9082721001297376 1.8100973297050567 1.8285050991596843 1.8407769454627694 1.9512235621905356 1.761009944492716 1.9880391010997909 1.9389517158874505 1.9696313316451632 2.024854640009046 1.9573594853420782 
-62.5 -63.0 -62.0 -63.0 -63.0 -63.0 -63.0 -62.5 -62.5 -62.5 -62.5 -62.5 -63.0 -62.0 -62.0 -61.5 -62.5 -63.0 -63.5 -64.5 -64.0 -63.0 -62.0 -62.0 -63.0 -62.0 -62.0 -62.0 -62.0 -65.0 -66.5 -64.5 -63.0 -62.0 -60.5 -61.5 -61.0 -60.5 -60.0 -60.0 -60.5 -60.0 -60.0 -60.5 -59.5 -60.0 
0.8713010875190442 0.7669903939428205 0.8222137023067037 0.8406214717613314 0.8344855486097889 0.859029241215959 0.8528933180644165 0.8713010875190442 0.8897088569736719 0.9387962421860124 0.8713010875190442 0.9142525495798421 0.9203884727313847 0.8774370106705868 0.8835729338221293 0.9817477042468103 0.9694758579437253 0.8651651643675016 1.0246991663076084 1.2762720155208536 0.9940195505498954 0.859029241215959 0.9142525495798421 0.8713010875190442 0.8897088569736719 0.8713010875190442 0.8344855486097889 0.8130098175793898 0.8897088569736719 1.0185632431560658 1.1965050145508 1.012427320004523 0.8283496254582462 0.8344855486097889 0.8897088569736719 0.8222137023067037 0.7792622402459057 0.7731263170943632 0.859029241215959 0.8897088569736719 0.9510680884890975 0.9633399347921826 1.0062913968529805 1.0492428589137786 1.055378782065321 1.043106935762236 
-49.5 -49.5 -49.5 -49.5 -49.5 -49.5 -49.5 -49.0 -49.0 -49.0 -49.0 -49.0 -49.0 -49.0 -49.0 -50.0 -51.0 -52.0 -52.5 -51.5 -50.0 -52.0 -52.5 -52.0 -52.0 -52.0 -52.0 -52.5 -51.5 -50.5 -52.5 -53.0 -51.0 -50.5 -50.5 -50.0 -50.0 -50.0 -50.0 -49.5 -49.5 -49.5 -49.0 -49.0 -49.0 -48.5 
0.9265243958829272 0.8651651643675016 0.9142525495798421 0.8713010875190442 0.9203884727313847 0.8774370106705868 0.9387962421860124 0.8958447801252144 0.9326603190344698 0.9203884727313847 0.8099418560036186 0.9387962421860124 0.9387962421860124 0.9633399347921826 0.9387962421860124 1.0369710126106935 1.0983302441261191 1.2885438618239387 1.6382914814618648 1.4726215563702154 1.227184630308513 1.2762720155208536 1.3069516312785663 1.1965050145508 1.1596894756415448 1.1535535524900022 1.2087768608538851 1.2670681307935396 1.2640001692177683 1.1535535524900022 1.423534171157875 1.4358060174609601 1.3560390164909069 1.2087768608538851 1.1106020904292042 0.944932165337555 0.8897088569736719 0.944932165337555 0.9878836273983529 1.0492428589137786 1.0369710126106935 1.086058397823034 1.0983302441261191 1.141281706186917 1.1228739367322893 1.1106020904292042 
-51.0 -51.5 -51.5 -51.5 -51.0 -51.0 -51.0 -51.0 -50.5 -51.0 -51.0 -51.0 -51.0 -50.5 -51.0 -51.0 -51.5 -53.0 -52.5 -50.0 -50.0 -51.0 -51.5 -50.0 -50.5 -50.5 -50.0 -51.0 -51.0 -49.5 -50.0 -52.0 -52.5 -52.0 -51.0 -51.5 -51.5 -51.0 -51.0 -50.0 -50.0 -50.5 -50.5 -50.0 -50.0 -50.0 
1.1596894756415448 1.1535535524900022 1.1719613219446299 1.1535535524900022 1.1228739367322893 1.2455923997631406 1.1719613219446299 1.1903690913992575 1.1965050145508 1.239456476611598 1.239456476611598 1.2578642460662257 1.2210487071569704 1.2701360923693108 1.337631247036279 1.5585244804918115 1.859184714917397 1.932815792735908 1.9819031779482483 1.7426021750380885 1.705786636128833 1.576932249946439 1.533980787885641 1.4603497100671303 1.3867186322486196 1.41126232485479 1.41126232485479 4.629554017838865 1.4971652489763858 1.4726215563702154 1.533980787885641 1.7426021750380885 1.7303303287350031 1.7855536370988863 1.6321555583103222 1.3989904785517047 1.2701360923693108 1.325359400733194 1.2455923997631406 1.2946797849754812 1.3008157081270237 1.337631247036279 1.380582709097077 1.3314953238847365 1.3744467859455345 1.3867186322486196 
-52.5 -52.5 -52.5 -52.5 -52.5 -52.5 -52.5 -52.5 -52.0 -52.0 -52.0 -52.5 -52.0 -53.0 -54.0 -54.5 -53.5 -53.0 -51.0 -49.5 -50.5 -51.0 -51.0 -51.5 -51.0 -51.5 -51.0 -51.0 -51.5 -50.0 -50.0 -49.5 -52.0 -53.0 -54.5 -55.0 -54.0 -53.5 -53.5 -53.0 -53.5 -53.5 -53.5 -53.0 -53.0 -53.0 
1.6566992509164924 1.607611865704152 1.6014759425526093 1.6260196351587797 1.6321555583103222 1.6382914814618648 1.6321555583103222 1.6382914814618648 1.6566992509164924 1.662835174068035 1.6751070203711202 1.6751070203711202 1.6751070203711202 1.6873788666742053 1.6689710972195777 1.8223691760081417 2.0923497946760143 2.2886993355253766 2.1966604882522383 2.0064468705544187 2.061670178918302 2.024854640009046 1.9144080232812801 1.9573594853420782 1.9696313316451632 1.9941750242513334 1.9757672547967058 1.932815792735908 1.9205439464328227 1.8346410223112268 1.8714565612204823 1.9082721001297376 2.012582793705961 2.1046216409791 1.846912868614312 1.736466251886546 1.6505633277649499 1.6812429435226628 1.7548740213411735 1.7732817907958012 1.7671458676442586 1.7916895602504288 1.8346410223112268 1.8407769454627694 1.8653206380689396 1.8837284075235674 
-52.5 -52.5 -52.5 -53.0 -52.5 -52.5 -52.0 -52.0 -52.0 -51.5 -51.5 -51.5 -52.0 -52.0 -53.0 -53.5 -53.5 -52.5 -51.0 -51.5 -53.0 -53.5 -54.0 -55.0 -54.0 -54.0 -54.0 -55.5 -54.0 -54.0 -53.0 -52.0 -51.0 -52.0 -52.5 -53.5 -53.5 -52.5 -51.5 -51.5 -51.5 -51.5 -51.0 -51.0 -50.5 -51.0 
5.019185137961818 5.074408446325701 5.062136600022616 4.9394181369917645 5.062136600022616 5.043728830567988 5.062136600022616 5.031456984264903 5.00077736850719 4.988505522204105 5.056000676871073 5.0682725231741586 4.95168998329485 5.111223985234957 5.491651220630596 5.5714182216006485 5.522330836388308 5.798447378207723 5.724816300389213 5.375068680751287 5.583690067903734 5.559146375297564 5.1725832167503825 5.043728830567988 5.21553467881118 5.190990986205009 5.221670601962723 4.8872627902036525 5.0253210611133605 5.460971604872882 5.148039524144211 5.43029198911517 5.737088146692298 5.964117303299373 5.798447378207723 5.540738605842936 5.45483568172134 5.436427912266712 5.4671075280244255 5.418020142812084 5.418020142812084 5.6573211457222445 5.270757987175063 5.246214294568893 5.21553467881118 5.227806525114265 
-61.5 -60.5 -60.5 -61.0 -60.5 -60.5 -62.0 -61.5 -60.5 -60.5 -60.5 -61.0 -61.0 -60.5 -62.0 -61.5 -62.0 -59.5 -56.5 -57.5 -57.0 -56.5 -57.5 -59.5 -60.5 -60.5 -60.0 -60.0 -57.5 -57.0 -57.0 -56.5 -57.0 -59.5 -60.5 -61.5 -62.5 -60.5 -60.5 -61.0 -60.5 -60.0 -60.5 -60.5 -60.5 -60.0 
4.945554060143307 4.921010367537137 4.902602598082509 4.7307967498393175 4.804427827657828 4.859651136021712 4.865787059173254 4.816699673960914 4.816699673960914 4.896466674930966 4.8351074434155406 4.921010367537137 4.804427827657828 4.822835597112456 5.675728915176872 6.129787228391022 5.700272607783043 4.963961829597935 6.135923151542564 6.14819499784565 6.062292073724054 6.092971689481767 5.9088939949354895 5.9088939949354895 6.117515382087937 5.890486225480862 5.712544454086128 5.773903685601553 5.749359992995383 5.786175531904639 5.227806525114265 4.945554060143307 4.994641445355648 4.914874444385594 5.080544369477243 5.0253210611133605 4.767612288748572 5.00077736850719 4.957825906446392 4.9394181369917645 4.97623367590102 
-66.5 -65.0 -65.5 -66.5 -66.0 -65.5 -64.5 -64.5 -64.0 -64.5 -65.0 -64.0 -64.0 -66.0 -66.5 -64.5 -62.0 -69.0 -69.0 -65.5 -66.5 -66.0 -65.0 -63.5 -66.0 -66.5 -63.5 -65.0 -63.0 -63.5 -67.5 -68.5 -66.0 -64.0 -63.5 -64.0 -63.5 -62.0 -63.0 -62.0 -62.0 
