2.718213956133356 2.748893571891069 2.7857091108003242 2.693670263527186 2.724349879284899 2.675262494072558 2.7979809571034093 2.8409324191642074 2.8409324191642074 2.730485802436441 2.8102528034064944 2.9084275738311756 2.773437264497239 6.252505691421874 0.47860200582032003 3.650874275167826 3.356349963893783 2.8961557275280905 3.1354567304382504 4.04357335686655 3.5281558121369745 3.1354567304382504 3.0495538063166547 3.055689729468197 3.184544115650591 3.1784081924990484 3.313398501832985 3.6692820446224537 3.0802334220743677 3.1968159619536762 3.6017868899554855 3.7122335066832517 3.018874190558942 6.14819499784565 2.8838838812250054 2.988194574801229 2.9084275738311756 2.9575149590435164 2.9022916506796332 3.0372819600135696 3.147728576741336 3.0066023442558567 3.1968159619536762 3.1354567304382504 
-63.5 -64.0 -64.0 -64.0 -64.0 -64.0 -64.0 -64.0 -64.5 -63.5 -63.5 -65.0 -64.0 -67.5 -66.5 -63.5 -62.0 -65.5 -66.0 -67.5 -65.5 -64.0 -65.0 -63.5 -64.5 -64.5 -65.5 -64.0 -63.0 -62.0 -61.5 -64.5 -65.0 -65.0 -62.5 -62.5 -64.5 -63.5 -64.0 -63.5 -63.5 -63.5 -64.0 -64.5 
2.098485717827557 2.024854640009046 2.055534255766759 1.945087639038993 1.9941750242513334 1.9880391010997909 2.030990563160589 2.000310947402876 2.0800779483729293 2.030990563160589 1.9880391010997909 1.8039614065535141 1.9082721001297376 2.1659808724945253 2.1353012567368124 2.3009711818284617 2.0923497946760143 2.2518837966161214 2.6998061866787286 3.055689729468197 2.773437264497239 2.030990563160589 2.2150682577068657 2.2518837966161214 2.2518837966161214 2.313243028131547 2.509592568980909 2.9513790358919736 3.0066023442558567 2.405281875404685 2.2886993355253766 1.9512235621905356 1.932815792735908 5.264622064023521 1.8837284075235674 1.9512235621905356 1.9389517158874505 1.902136176978195 1.902136176978195 1.662835174068035 1.859184714917397 1.859184714917397 1.9573594853420782 1.9389517158874505 1.9573594853420782 1.902136176978195 
-63.0 -63.5 -63.0 -63.0 -62.5 -62.5 -62.0 -63.0 -63.0 -62.5 -62.5 -62.0 -63.0 -63.0 -61.5 -62.0 -62.0 -64.0 -65.5 -64.0 -62.0 -61.5 -62.0 -62.5 -62.0 -61.5 -61.5 -62.5 -65.0 -64.5 -66.0 -61.5 -61.5 -62.5 -61.0 -60.5 -60.5 -60.5 -61.0 -61.0 -60.5 -60.5 -61.0 -60.0 -59.5 -60.0 
0.7240389318820226 0.6872233929727672 0.6504078540635119 0.6135923151542565 0.6258641614573416 0.6504078540635119 0.6442719309119693 0.7179030087304801 0.6933593161243098 0.6810874698212247 0.6994952392758523 0.7179030087304801 0.6688156235181395 0.7516505860639642 0.8467573949128739 0.8713010875190442 0.7792622402459057 0.8344855486097889 1.2333205534600555 0.8528933180644165 0.7240389318820226 0.8344855486097889 0.8283496254582462 0.8835729338221293 0.859029241215959 0.8222137023067037 0.8222137023067037 0.8528933180644165 0.9142525495798421 1.1596894756415448 0.9572040116406401 0.8344855486097889 0.9142525495798421 0.9940195505498954 0.8897088569736719 0.8406214717613314 0.8528933180644165 0.8774370106705868 0.9081166264282996 0.9633399347921826 0.9265243958829272 0.9940195505498954 1.0369710126106935 1.0799224746714913 1.0799224746714913 1.1106020904292042 
-49.5 -50.0 -50.0 -50.0 -49.5 -50.0 -49.5 -49.5 -49.5 -49.5 -49.5 -49.5 -49.5 -50.0 -50.5 -51.0 -51.5 -52.5 -52.0 -50.0 -52.0 -52.0 -51.5 -51.5 -51.5 -51.5 -51.5 -51.0 -50.0 -52.5 -52.5 -50.5 -50.0 -49.5 -49.0 -49.0 -49.5 -49.5 -49.0 -49.0 -49.0 -49.0 -48.5 -48.5 -48.5 -48.5 
0.8713010875190442 0.8835729338221293 0.8344855486097889 0.7547185476397354 0.803805932852076 0.8283496254582462 0.8283496254582462 0.8344855486097889 0.8099418560036186 0.8344855486097889 0.8344855486097889 0.8406214717613314 0.8528933180644165 0.9203884727313847 1.030835089459151 1.0737865515199487 1.1290098598838318 1.3621749396424494 1.3989904785517047 1.086058397823034 1.1474176293384597 1.214912784005428 1.1596894756415448 1.1290098598838318 1.1596894756415448 1.184233168247715 1.2517283229146832 1.184233168247715 1.055378782065321 1.325359400733194 1.4480778637640452 1.2762720155208536 1.1290098598838318 1.0737865515199487 1.000155473701438 0.944932165337555 0.9510680884890975 0.9694758579437253 0.9633399347921826 0.9878836273983529 1.030835089459151 1.055378782065321 1.1044661672776617 1.0676506283684062 1.1167380135807468 1.0676506283684062 
-52.0 -52.0 -52.0 -52.5 -52.0 -52.0 -52.0 -51.5 -52.0 -51.5 -51.5 -52.0 -52.0 -52.0 -51.0 -51.0 -52.5 -52.5 -50.5 -50.0 -50.5 -50.5 -50.0 -50.0 -50.5 -50.0 -50.5 -50.5 -50.0 -50.0 -52.0 -52.5 -51.5 -51.0 -51.0 -51.0 -50.5 -51.0 -51.0 -50.5 -50.5 -50.5 -50.5 -50.0 -50.5 -50.5 
1.1658253987930873 1.1719613219446299 1.1903690913992575 1.1351457830353744 1.1044661672776617 1.1535535524900022 1.1290098598838318 1.0246991663076084 1.1658253987930873 1.1106020904292042 1.0983302441261191 1.141281706186917 1.1535535524900022 1.3130875544301088 1.576932249946439 1.7119225592803755 1.736466251886546 1.7426021750380885 1.521708941582556 1.325359400733194 1.380582709097077 1.4173982480063325 1.3621749396424494 1.4051264017032472 1.380582709097077 1.3867186322486196 1.4848934026733007 1.3560390164909069 1.337631247036279 1.4787574795217582 1.7119225592803755 1.7794177139473437 1.7119225592803755 1.6566992509164924 1.423534171157875 1.2701360923693108 1.2455923997631406 1.2946797849754812 1.2762720155208536 1.2640001692177683 1.3192234775816514 1.3069516312785663 1.3314953238847365 1.4358060174609601 1.368310862793992 1.3867186322486196 
-55.5 -55.0 -55.5 -55.0 -55.0 -55.0 -54.5 -54.5 -54.5 -54.5 -54.5 -54.5 -54.5 -55.5 -54.0 -53.0 -52.5 -50.0 -49.0 -50.0 -50.5 -50.5 -50.5 -51.0 -50.5 -50.5 -50.5 -50.5 -50.0 -49.5 -49.5 -52.0 -53.0 -53.5 -54.5 -54.0 -53.5 -53.5 -53.0 -53.0 -53.0 -53.0 -53.0 -53.0 -53.0 -53.0 
1.576932249946439 1.552388557340269 1.552388557340269 1.564660403643354 1.552388557340269 1.509437095279471 1.5585244804918115 1.5585244804918115 1.5892040962495242 1.5953400194010667 1.5830681730979816 1.5953400194010667 1.552388557340269 1.5984079809768381 1.7855536370988863 2.0064468705544187 2.1475731030398975 1.9880391010997909 1.7794177139473437 1.902136176978195 1.859184714917397 1.859184714917397 1.9266798695843652 1.9819031779482483 1.9573594853420782 1.9389517158874505 1.8714565612204823 1.9819031779482483 1.9389517158874505 1.7671458676442586 1.9819031779482483 2.1353012567368124 2.086213871524472 1.88986433067511 1.6689710972195777 1.6505633277649499 1.6689710972195777 1.7303303287350031 1.7241944055834606 1.718058482431918 1.7732817907958012 1.7671458676442586 1.7978254834019713 1.8039614065535141 1.7916895602504288 1.7855536370988863 
-54.5 -54.5 -54.5 -54.5 -54.5 -54.5 -54.0 -54.0 -54.0 -54.0 -54.0 -54.0 -54.0 -55.0 -54.5 -53.0 -52.5 -50.5 -52.5 -53.5 -53.5 -55.0 -54.5 -54.0 -54.0 -54.5 -54.5 -53.5 -54.0 -53.0 -51.5 -51.0 -52.5 -53.5 -54.0 -53.0 -52.5 -52.0 -52.0 -52.0 -52.0 -51.5 -51.5 -51.5 -51.0 -51.5 
5.368932757599744 5.497787143782138 5.332117218690489 5.3198453723874035 5.258486140871978 5.21553467881118 5.344389064993574 5.240078371417351 5.209398755659637 5.240078371417351 5.283029833478148 5.332117218690489 5.368932757599744 5.439495873842484 5.540738605842936 5.589825991055276 5.638913376267617 5.534602682691394 5.129631754689584 5.307573526084319 5.056000676871073 4.871922982324796 5.013049214810275 5.141903600992669 5.117359908386499 4.841243366567084 4.81056375080937 5.105088062083414 5.2768939103266055 5.098952138931871 5.47937937432751 5.780039608753096 5.638913376267617 5.540738605842936 5.675728915176872 5.405748296509 5.411884219660542 5.307573526084319 5.411884219660542 5.301437602932776 5.289165756629691 5.295301679781233 5.313709449235861 5.295301679781233 5.3198453723874035 
-62.0 -61.0 -62.5 -61.5 -62.0 -61.5 -62.5 -62.0 -62.0 -62.0 -62.5 -62.0 -61.5 -62.5 -61.0 -61.5 -59.0 -56.5 -57.5 -58.0 -57.0 -58.5 -60.0 -60.0 -60.0 -60.0 -58.5 -57.0 -57.0 -57.0 -56.5 -57.0 -60.5 -60.5 -61.0 -61.5 -61.5 -61.5 -61.0 -61.0 -60.5 -60.5 -61.0 -60.5 -60.5 
4.28287435977671 4.184699589352029 1.2455923997631406 1.2517283229146832 4.454680208019902 4.25833066717054 1.4664856332186729 4.558990901596125 4.626486056263094 1.4480778637640452 4.626486056263094 4.6878452877785195 1.3499030933393643 4.936350175415993 5.559146375297564 5.8659425328746915 5.915029918087033 5.638913376267617 5.332117218690489 6.092971689481767 5.780039608753096 5.755495916146925 5.798447378207723 5.8475347634200645 5.798447378207723 5.491651220630596 5.798447378207723 5.822991070813893 5.810719224510809 5.270757987175063 5.700272607783043 5.71868037723767 5.632777453116074 5.074408446325701 4.853515212870168 4.896466674930966 4.693981210930062 4.755340442445488 4.767612288748572 4.8351074434155406 4.902602598082509 4.957825906446392 4.970097752749477 4.878058905476339 
-70.5 -70.0 -72.5 -72.0 -70.0 -70.0 -70.5 -69.0 -68.5 -70.5 -68.5 -70.0 -72.5 -72.0 -66.0 -65.0 -65.0 -63.0 -66.5 -68.0 -65.0 -65.0 -67.0 -65.5 -66.5 -66.0 -65.0 -66.0 -77.0 -64.0 -64.5 -64.5 -63.0 -67.0 -66.0 -63.0 -64.5 -63.0 -64.5 -63.0 -62.0 -62.5 -62.0 -62.5 
