2.8654761117703775 2.834796496012665 2.6568547246179306 2.9022916506796332 2.8409324191642074 2.82252464970958 2.8286605728611223 2.9145634969827183 2.9145634969827183 3.031146036862027 2.9820586516496865 3.0127382674073995 2.988194574801229 2.9697868053466014 0.08897088569736719 0.6933593161243098 0.45099035163837853 3.147728576741336 3.2520392703175593 3.11091303783208 3.000466421104314 3.32567034813607 0.16566992509164924 3.06182565261974 3.1231848841351653 3.3440781175906977 0.01227184630308513 2.82252464970958 3.067961575771282 2.988194574801229 3.227495577711389 3.0495538063166547 2.9268353432858034 2.564815877344792 2.6139032625571326 2.6445828783148455 2.4727770300716534 2.564815877344792 2.405281875404685 2.662990647769473 2.6998061866787286 2.650718801466388 2.5586799541932495 
-64.0 -64.0 -63.5 -64.5 -64.0 -64.0 -64.0 -64.5 -64.5 -63.0 -65.0 -65.0 -65.0 -64.5 -67.5 -67.5 -64.0 -63.0 -65.0 -66.5 -65.5 -66.0 -65.5 -65.0 -64.0 -66.5 -67.5 -64.0 -62.5 -61.5 -63.0 -66.5 -67.5 -67.5 -67.5 -67.0 -67.0 -67.5 -67.0 -65.0 -66.0 -66.0 -65.5 
2.073942025221387 1.859184714917397 2.055534255766759 1.9082721001297376 2.018718716857504 1.9819031779482483 2.0923497946760143 1.9880391010997909 1.9880391010997909 2.0371264863121317 1.9389517158874505 2.000310947402876 1.9880391010997909 5.341321103417803 2.086213871524472 2.1966604882522383 2.018718716857504 2.5034566458293663 2.773437264497239 2.5832236467994196 2.405281875404685 2.067806102069844 2.3071071049800045 5.497787143782138 2.325514874434632 2.350058567040802 2.5157284921324514 2.724349879284899 3.1231848841351653 2.9391071895888885 2.497320722677824 2.1353012567368124 2.1046216409791 2.2396119503130363 2.141437179888355 1.9941750242513334 1.9941750242513334 2.012582793705961 1.9696313316451632 2.024854640009046 2.055534255766759 2.110757564130642 2.141437179888355 2.12916533358527 2.411417798556228 
-63.0 -62.5 -62.0 -62.5 -62.5 -62.5 -62.5 -62.0 -62.0 -62.0 -62.0 -61.5 -61.5 -62.5 -62.0 -62.5 -62.0 -64.0 -63.5 -62.5 -62.0 -62.0 -61.5 -63.0 -62.0 -61.5 -61.0 -62.0 -64.0 -65.0 -67.0 -64.5 -63.0 -62.0 -62.0 -63.5 -63.0 -63.0 -63.0 -63.5 -63.0 -64.0 -64.0 -63.5 -63.5 
0.7915340865489908 0.8283496254582462 0.803805932852076 0.7731263170943632 0.7915340865489908 0.8222137023067037 0.8713010875190442 0.859029241215959 0.8651651643675016 0.9019807032767571 0.9019807032767571 0.9019807032767571 0.9081166264282996 0.8835729338221293 0.9357282806102412 1.030835089459151 1.000155473701438 0.8958447801252144 1.1228739367322893 0.9633399347921826 0.8774370106705868 0.8528933180644165 0.8406214717613314 0.8835729338221293 0.8713010875190442 0.8774370106705868 0.8528933180644165 0.803805932852076 0.8897088569736719 0.9081166264282996 1.1167380135807468 0.9326603190344698 0.7976700097005334 0.8651651643675016 0.705631162427395 0.5154175447295755 0.4663301595172349 0.4356505437595221 0.4295146206079795 0.4663301595172349 0.48473792897186263 0.5031456984264903 0.5092816215780329 0.5276893910326605 0.5092816215780329 0.4663301595172349 
-49.0 -49.0 -49.0 -49.0 -49.0 -49.0 -49.0 -49.0 -49.0 -49.0 -49.0 -49.0 -49.0 -49.0 -49.5 -51.0 -51.5 -51.5 -51.5 -51.0 -51.5 -51.5 -51.5 -51.5 -51.5 -51.5 -51.5 -51.5 -51.0 -51.0 -52.0 -53.0 -51.0 -50.5 -50.5 -50.0 -51.0 -51.0 -50.5 -50.5 -50.5 -50.0 -50.0 -50.0 -50.0 -50.0 
0.944932165337555 0.9326603190344698 0.8835729338221293 0.9142525495798421 0.9142525495798421 0.9142525495798421 0.9142525495798421 0.9265243958829272 0.9203884727313847 0.944932165337555 0.9756117810952678 0.9387962421860124 0.9326603190344698 0.944932165337555 1.009359358428752 1.1167380135807468 1.1136700520049756 1.3130875544301088 1.521708941582556 1.2210487071569704 1.1965050145508 1.2946797849754812 1.2210487071569704 1.227184630308513 1.1965050145508 1.1658253987930873 1.2333205534600555 1.2333205534600555 1.2026409377023426 1.1596894756415448 1.380582709097077 1.4603497100671303 1.3928545554001621 1.1044661672776617 0.9756117810952678 0.8897088569736719 0.8713010875190442 0.859029241215959 0.8774370106705868 0.8467573949128739 0.8713010875190442 0.8651651643675016 0.9019807032767571 0.8651651643675016 0.8099418560036186 0.8344855486097889 
-51.5 -51.5 -51.5 -51.5 -51.5 -51.5 -51.5 -51.5 -51.5 -51.0 -51.5 -51.5 -51.0 -51.5 -51.5 -51.0 -52.5 -53.0 -51.0 -49.5 -51.0 -51.0 -50.0 -50.5 -51.0 -51.0 -50.5 -50.0 -51.0 -50.5 -50.0 -51.5 -52.0 -51.5 -52.0 -52.5 -53.5 -53.0 -53.5 -53.0 -53.5 -53.5 -53.0 -52.5 -53.0 -53.0 
1.2087768608538851 1.1658253987930873 1.227184630308513 1.2517283229146832 1.1596894756415448 1.2333205534600555 1.227184630308513 1.3008157081270237 1.2333205534600555 1.282407938672396 1.227184630308513 1.2517283229146832 1.2517283229146832 1.282407938672396 4.580466632626525 1.6873788666742053 1.8070293681292853 1.902136176978195 1.6382914814618648 1.552388557340269 1.4726215563702154 1.5155730184310134 1.4726215563702154 1.5033011721279284 1.4726215563702154 1.5155730184310134 1.4480778637640452 1.4603497100671303 1.4603497100671303 1.4173982480063325 1.4971652489763858 1.736466251886546 1.8530487917658545 1.8346410223112268 1.6873788666742053 1.4419419406125027 1.282407938672396 1.239456476611598 1.1535535524900022 1.1780972450961724 1.2087768608538851 1.1658253987930873 1.1474176293384597 1.1535535524900022 1.1290098598838318 1.1106020904292042 
-54.0 -54.0 -53.5 -53.5 -53.5 -54.0 -53.0 -53.5 -53.5 -53.5 -53.0 -53.0 -53.0 -53.5 -55.0 -54.0 -54.5 -52.0 -49.5 -50.5 -50.5 -51.5 -51.5 -51.5 -51.0 -51.5 -51.0 -51.0 -51.0 -50.5 -50.0 -49.5 -51.5 -52.0 -54.0 -55.0 -55.5 -56.0 -56.0 -55.5 -56.0 -56.0 -55.0 -55.0 -55.5 -55.5 
1.6444274046134073 1.607611865704152 1.5892040962495242 1.6137477888556946 1.607611865704152 1.6137477888556946 1.607611865704152 1.662835174068035 1.6689710972195777 1.6444274046134073 1.6689710972195777 1.6689710972195777 1.705786636128833 1.6137477888556946 1.7088545977046044 1.8039614065535141 2.2518837966161214 2.2641556429192065 1.8285050991596843 1.9389517158874505 2.012582793705961 1.945087639038993 2.0371264863121317 2.043262409463674 1.9880391010997909 1.9082721001297376 2.018718716857504 1.9389517158874505 1.9205439464328227 2.000310947402876 1.9573594853420782 2.030990563160589 2.116893487282185 2.1537090261914402 1.8346410223112268 1.6689710972195777 1.6137477888556946 1.6137477888556946 1.521708941582556 1.5585244804918115 1.5462526341887264 1.521708941582556 1.521708941582556 1.5278448647340985 1.5278448647340985 1.533980787885641 
-54.0 -54.0 -54.0 -54.0 -54.0 -53.5 -53.5 -53.0 -53.5 -53.0 -53.0 -53.0 -53.0 -53.0 -54.5 -54.5 -54.5 -52.5 -52.5 -54.0 -54.0 -55.0 -55.0 -53.5 -53.0 -53.5 -54.5 -54.5 -54.0 -54.5 -53.0 -52.0 -51.5 -52.0 -55.0 -57.0 -57.0 -57.5 -58.0 -58.5 -58.5 -58.0 -57.5 -57.0 -57.5 -57.5 
5.381204603902829 5.307573526084319 5.258486140871978 5.356660911296659 5.264622064023521 5.289165756629691 5.325981295538946 5.227806525114265 5.227806525114265 5.350524988145116 5.258486140871978 5.301437602932776 5.424156065963627 5.506991028509452 5.853670686571607 5.681864838328415 5.853670686571607 5.356660911296659 5.491651220630596 5.387340527054372 5.013049214810275 5.0682725231741586 5.221670601962723 5.375068680751287 5.424156065963627 5.21553467881118 4.92714629068868 5.049864753719531 5.227806525114265 5.418020142812084 5.45483568172134 5.651185222570702 5.675728915176872 5.6573211457222445 5.595961914206819 5.724816300389213 5.688000761479957 5.638913376267617 5.522330836388308 5.632777453116074 5.663457068873787 5.534602682691394 5.6143696836614465 5.45483568172134 5.460971604872882 
-61.0 -61.5 -61.0 -61.5 -61.5 -61.0 -62.0 -61.5 -60.5 -61.5 -61.5 -60.5 -61.5 -62.0 -61.5 -62.5 -57.5 -58.0 -57.5 -57.0 -57.5 -59.5 -59.5 -58.5 -58.5 -60.0 -59.0 -57.5 -57.0 -58.0 -57.5 -58.5 -59.5 -60.0 -60.5 -60.0 -60.0 -60.5 -60.5 -60.5 -61.0 -61.5 -61.5 -61.5 -61.5 
1.3744467859455345 4.086524818927348 4.608078286808466 4.0987966652304335 4.92714629068868 4.595806440505381 4.4976316700806995 4.608078286808466 4.700117134081604 4.473087977474529 4.657165672020807 4.71238898038469 4.914874444385594 1.543184672612955 5.712544454086128 5.289165756629691 5.9088939949354895 2.693670263527186 6.117515382087937 6.062292073724054 5.915029918087033 6.2463697682703305 6.12365130523948 6.129787228391022 6.14819499784565 5.749359992995383 5.553010452146021 2.4175537217077703 5.743224069843841 5.45483568172134 5.178719139901925 0.9019807032767571 6.215690152512618 0.5583690067903734 
-69.0 -67.5 -67.5 -68.0 -67.0 -66.5 -66.0 -66.5 -66.0 -66.5 -65.5 -65.5 -65.5 -68.5 -64.0 -64.5 -68.5 -69.0 -66.0 -66.5 -65.0 -65.5 -64.5 -65.0 -64.0 -67.5 -66.5 -64.5 -63.5 -64.0 -69.5 -79.0 -77.0 -77.5 
