3.454524734318464 3.1968159619536762 3.368621810196868 3.2888548092268146 3.104777114680538 0.2270291566070749 3.3440781175906977 3.08636934522591 3.2029518851052186 0.2761165418194154 3.5158839658338894 3.067961575771282 3.663146121470911 2.816388726558037 2.5832236467994196 2.380738182798515 2.5832236467994196 2.9268353432858034 2.60776733940559 2.7857091108003242 5.706408530934585 2.2150682577068657 2.9022916506796332 0.14112623248547898 1.0768545130957201 2.9268353432858034 0.0674951546669682 3.184544115650591 3.0802334220743677 2.834796496012665 3.147728576741336 0.06135923151542565 3.2949907323783574 3.117048960983623 3.2336315008629315 3.5588354278946874 3.3011266555298997 
-67.0 -68.0 -67.5 -68.0 -67.5 -69.5 -68.0 -68.5 -68.5 -70.0 -69.0 -68.5 -63.5 -62.5 -65.5 -67.5 -67.0 -67.0 -69.0 -66.5 -68.0 -66.5 -62.5 -65.5 -73.0 -70.5 -70.0 -68.0 -67.0 -69.5 -69.5 -70.0 -69.0 -68.0 -66.5 -67.5 -70.0 
1.6935147898257479 1.7119225592803755 1.5892040962495242 1.576932249946439 1.5707963267948966 1.5830681730979816 1.576932249946439 1.4664856332186729 1.533980787885641 1.6505633277649499 1.7119225592803755 1.4603497100671303 1.6444274046134073 1.6137477888556946 1.5953400194010667 1.564660403643354 1.2701360923693108 1.043106935762236 1.141281706186917 1.3867186322486196 2.098485717827557 2.024854640009046 1.8407769454627694 1.9266798695843652 1.9819031779482483 2.061670178918302 2.12916533358527 2.116893487282185 2.043262409463674 2.073942025221387 1.8775924843720249 1.945087639038993 1.5155730184310134 1.3437671701878218 1.2455923997631406 4.519107401111099 1.380582709097077 1.5401167110371838 1.5462526341887264 1.533980787885641 1.521708941582556 1.6382914814618648 1.6689710972195777 1.6014759425526093 1.6996507129772904 1.6198837120072371 1.6505633277649499 1.6689710972195777 
-61.0 -61.0 -60.5 -60.5 -61.0 -60.0 -60.0 -60.5 -60.0 -60.5 -60.5 -60.5 -60.5 -60.0 -60.0 -60.5 -61.5 -61.0 -61.5 -63.0 -63.5 -62.5 -60.5 -60.0 -60.5 -60.5 -59.5 -61.0 -60.0 -60.5 -63.0 -63.5 -62.0 -60.5 -59.5 -61.0 -60.5 -59.5 -59.0 -58.5 -59.0 -59.0 -59.0 -59.5 -58.5 -58.5 -58.5 -58.5 
1.214912784005428 1.2026409377023426 1.2210487071569704 1.2026409377023426 1.2455923997631406 1.227184630308513 1.227184630308513 1.2026409377023426 1.239456476611598 1.2578642460662257 1.227184630308513 1.2640001692177683 1.2762720155208536 1.2333205534600555 1.239456476611598 1.227184630308513 1.1474176293384597 1.1228739367322893 1.1719613219446299 1.141281706186917 1.1535535524900022 1.214912784005428 1.2210487071569704 1.1474176293384597 1.0492428589137786 1.0369710126106935 1.0062913968529805 1.0615147052168636 1.0246991663076084 1.1290098598838318 1.2578642460662257 1.282407938672396 1.1719613219446299 1.1044661672776617 1.1719613219446299 1.227184630308513 1.2455923997631406 1.2701360923693108 1.282407938672396 1.3192234775816514 1.3437671701878218 1.3192234775816514 1.3069516312785663 1.337631247036279 1.3130875544301088 1.3069516312785663 1.3069516312785663 1.3008157081270237 
-49.5 -49.5 -49.0 -49.5 -49.5 -49.5 -49.5 -49.5 -49.5 -49.5 -50.0 -50.0 -50.0 -50.0 -49.5 -49.0 -48.5 -49.0 -50.0 -51.0 -52.0 -52.0 -52.5 -53.0 -54.0 -54.5 -54.5 -54.0 -54.0 -52.5 -52.5 -52.5 -51.5 -50.5 -49.5 -50.5 -48.5 -48.5 -49.0 -49.5 -50.0 -50.5 -50.5 -50.5 -51.0 -51.0 -51.0 -51.0 
1.282407938672396 1.2701360923693108 1.2885438618239387 1.2946797849754812 1.3008157081270237 1.2885438618239387 1.3008157081270237 1.3314953238847365 1.3069516312785663 1.3192234775816514 1.337631247036279 1.325359400733194 1.3130875544301088 1.3130875544301088 1.2026409377023426 1.0737865515199487 1.0983302441261191 1.368310862793992 1.3192234775816514 1.3928545554001621 1.5830681730979816 1.5462526341887264 1.5278448647340985 1.5892040962495242 1.5892040962495242 1.5707963267948966 1.576932249946439 1.5585244804918115 1.4971652489763858 1.6014759425526093 1.6137477888556946 1.4358060174609601 1.4051264017032472 1.2333205534600555 1.1719613219446299 1.1106020904292042 1.1290098598838318 1.239456476611598 1.3008157081270237 1.337631247036279 1.325359400733194 1.3192234775816514 1.380582709097077 1.3867186322486196 1.41126232485479 1.3928545554001621 1.3867186322486196 
-50.0 -49.5 -50.0 -50.0 -50.0 -50.0 -49.5 -50.0 -50.0 -50.5 -50.0 -50.0 -50.0 -50.5 -50.0 -50.5 -51.0 -51.0 -50.0 -52.0 -51.5 -52.0 -53.0 -52.5 -52.5 -52.5 -52.0 -52.5 -52.5 -51.0 -52.5 -51.5 -52.0 -51.5 -51.5 -50.5 -50.0 -50.5 -50.5 -51.0 -50.5 -51.0 -51.0 -50.5 -51.0 -50.5 -50.5 
1.5462526341887264 1.5401167110371838 1.5401167110371838 1.5707963267948966 1.576932249946439 1.5953400194010667 1.5953400194010667 1.5401167110371838 1.6198837120072371 1.6198837120072371 1.6321555583103222 1.6198837120072371 1.6382914814618648 1.6137477888556946 1.5462526341887264 1.607611865704152 1.846912868614312 1.945087639038993 1.8775924843720249 1.902136176978195 1.902136176978195 1.9512235621905356 2.043262409463674 2.172116795646068 2.1230294104337273 2.141437179888355 2.141437179888355 2.1475731030398975 2.012582793705961 1.8530487917658545 1.8837284075235674 1.945087639038993 1.9573594853420782 1.9941750242513334 5.108156023659185 1.5953400194010667 1.5155730184310134 1.6014759425526093 1.662835174068035 1.662835174068035 1.705786636128833 1.718058482431918 1.718058482431918 1.7732817907958012 1.8100973297050567 1.8039614065535141 1.7671458676442586 
-50.0 -50.5 -50.5 -50.5 -50.5 -50.0 -50.0 -50.0 -50.0 -50.0 -50.0 -50.0 -50.0 -50.0 -51.0 -52.5 -51.5 -49.0 -48.5 -49.5 -50.0 -51.0 -52.5 -52.0 -52.0 -51.5 -51.5 -52.0 -51.5 -50.5 -48.5 -48.0 -49.0 -49.5 -52.0 -53.0 -52.0 -50.0 -50.0 -50.0 -49.5 -49.5 -49.5 -50.0 -50.0 -50.0 -50.0 
1.9941750242513334 1.9573594853420782 1.9880391010997909 1.9819031779482483 1.9819031779482483 2.000310947402876 2.030990563160589 1.9389517158874505 2.0493983326152168 2.012582793705961 1.9941750242513334 2.024854640009046 2.067806102069844 2.0064468705544187 1.9205439464328227 1.8653206380689396 2.055534255766759 2.350058567040802 2.2764274892222915 2.380738182798515 2.411417798556228 2.399145952253143 2.448233337465483 2.4605051837685683 2.5034566458293663 2.4850488763747385 2.5157284921324514 2.4605051837685683 2.435961491162398 2.380738182798515 2.3193789512830896 2.313243028131547 2.2948352586769194 2.2518837966161214 2.03405852473636 1.8039614065535141 1.88986433067511 1.9696313316451632 2.0371264863121317 2.067806102069844 2.116893487282185 2.0923497946760143 2.086213871524472 2.172116795646068 2.1537090261914402 2.116893487282185 2.1537090261914402 
-50.0 -50.0 -50.0 -50.0 -50.0 -49.5 -50.0 -50.0 -50.5 -50.0 -50.0 -50.0 -50.0 -50.5 -51.0 -53.0 -54.0 -53.0 -53.5 -54.0 -53.0 -52.5 -53.0 -53.5 -54.0 -54.0 -54.0 -53.5 -52.5 -53.0 -53.5 -52.0 -53.0 -53.5 -54.5 -52.0 -51.5 -50.5 -50.5 -50.0 -50.0 -50.0 -50.0 -50.0 -50.0 -50.0 -50.5 
4.933282213840222 4.767612288748572 5.037592907416445 4.963961829597935 4.994641445355648 5.240078371417351 5.019185137961818 5.037592907416445 5.037592907416445 4.945554060143307 5.283029833478148 4.95168998329485 4.865787059173254 5.013049214810275 5.062136600022616 5.853670686571607 6.031612457966341 6.111379458936394 5.9088939949354895 5.651185222570702 5.884350302329319 5.786175531904639 6.019340611663256 6.14819499784565 6.068427996875596 6.062292073724054 6.062292073724054 6.12365130523948 5.988660995905543 5.890486225480862 5.47937937432751 6.043884304269426 6.2463697682703305 6.154330920997192 6.092971689481767 5.896622148632405 5.307573526084319 5.105088062083414 4.92714629068868 4.859651136021712 4.945554060143307 5.049864753719531 5.074408446325701 5.037592907416445 4.957825906446392 5.00077736850719 5.006913291658733 
-63.0 -63.0 -63.0 -62.5 -62.5 -63.0 -63.0 -63.0 -63.5 -62.5 -63.0 -63.0 -63.5 -64.0 -67.0 -65.0 -61.0 -58.0 -57.0 -58.5 -58.5 -59.0 -59.0 -58.0 -59.0 -58.0 -58.5 -58.0 -59.5 -59.0 -58.5 -56.0 -56.5 -59.0 -61.5 -66.0 -66.5 -64.5 -64.5 -64.0 -63.5 -63.5 -63.0 -63.5 -63.5 -64.0 -63.0 
5.559146375297564 5.436427912266712 5.47937937432751 5.497787143782138 5.737088146692298 5.583690067903734 5.5100589900852235 5.442563835418255 5.5100589900852235 5.608233760509904 5.448699758569798 5.540738605842936 5.589825991055276 5.5100589900852235 5.620505606812989 5.620505606812989 0.006135923151542565 0.018407769454627694 6.068427996875596 6.270913460876501 5.921165841238575 0.2086213871524472 0.30066023442558565 0.02454369260617026 0.02454369260617026 0.0674951546669682 0.2638446955163303 2.60776733940559 0.17794177139473438 5.8045833013592665 6.1850105367549055 6.007068765360171 6.0040008037843995 5.497787143782138 5.166447293598839 5.442563835418255 5.418020142812084 5.540738605842936 5.368932757599744 5.522330836388308 5.559146375297564 5.602097837358362 5.50392306693368 5.589825991055276 5.375068680751287 
-60.5 -61.0 -61.0 -61.5 -61.0 -61.0 -60.5 -61.0 -61.0 -60.5 -60.5 -60.0 -60.5 -60.5 -60.5 -64.0 -71.0 -66.0 -62.0 -63.0 -69.0 -69.5 -65.5 -64.5 -64.0 -63.5 -66.5 -66.0 -66.5 -64.5 -62.0 -64.0 -69.0 -70.0 -65.5 -62.5 -61.5 -60.0 -60.5 -60.0 -60.5 -60.5 -60.0 -60.0 -60.0 
