2.6384469551633027 2.5954954931025047 2.693670263527186 2.859340188618835 2.5893595699509624 2.718213956133356 2.5034566458293663 2.705942109830271 2.6568547246179306 2.7120780329818137 2.724349879284899 2.705942109830271 2.662990647769473 2.4605051837685683 2.742757648739526 2.1782527187976104 0.19634954084936207 3.172272269347506 3.147728576741336 3.5036121195308043 3.6815538909255388 3.4177091954092087 3.0066023442558567 2.9022916506796332 2.816388726558037 2.9084275738311756 2.834796496012665 3.0250101137104846 2.9268353432858034 2.9575149590435164 3.448388811166921 3.2765829629237295 3.074097498922825 2.82252464970958 2.9513790358919736 3.074097498922825 3.067961575771282 5.93343768754166 2.4850488763747385 2.6384469551633027 2.6016314162540475 2.6691265709210157 2.6568547246179306 2.60776733940559 2.6261751088602177 2.767301341345697 
-63.5 -63.5 -64.0 -63.5 -64.5 -64.5 -64.5 -64.0 -64.0 -63.5 -64.5 -64.0 -64.5 -64.0 -64.5 -66.0 -66.0 -62.0 -66.5 -67.5 -64.0 -64.0 -63.5 -63.0 -63.5 -63.5 -64.0 -64.0 -62.0 -63.5 -65.0 -67.0 -62.5 -62.5 -61.5 -61.5 -64.0 -67.5 -66.5 -65.5 -64.5 -65.5 -66.0 -65.0 -64.0 -64.5 
1.8223691760081417 1.761009944492716 1.8837284075235674 1.859184714917397 1.88986433067511 1.8775924843720249 1.8223691760081417 1.945087639038993 1.8960002538266525 1.8837284075235674 1.9082721001297376 1.8162332528565992 1.8837284075235674 1.7671458676442586 1.761009944492716 1.7732817907958012 1.9819031779482483 2.1905245651006955 2.2518837966161214 2.411417798556228 2.748893571891069 2.6998061866787286 2.5954954931025047 2.3193789512830896 2.3193789512830896 2.1966604882522383 2.2089323345553233 2.184388641949153 2.3746022596469727 2.405281875404685 2.748893571891069 2.8961557275280905 2.4727770300716534 1.8653206380689396 2.000310947402876 2.043262409463674 1.9819031779482483 1.932815792735908 1.7794177139473437 1.6935147898257479 1.8100973297050567 1.8407769454627694 5.098952138931871 1.9205439464328227 1.8100973297050567 1.846912868614312 
-64.0 -63.5 -63.5 -64.0 -64.0 -63.5 -63.5 -62.5 -63.0 -63.0 -63.0 -63.0 -62.5 -63.0 -63.0 -62.0 -60.0 -61.0 -63.0 -65.0 -63.0 -62.5 -61.5 -61.5 -61.5 -62.0 -62.5 -62.5 -61.5 -61.0 -62.5 -64.5 -64.0 -65.5 -63.5 -62.5 -62.0 -61.5 -63.0 -63.5 -63.5 -63.0 -64.5 -63.0 -64.0 -64.0 
0.5092816215780329 0.5276893910326605 0.5399612373357456 0.5522330836388308 0.5583690067903734 0.5522330836388308 0.5706408530934585 0.5890486225480862 0.6381360077604268 0.6258641614573416 0.6504078540635119 0.6688156235181395 0.6749515466696822 0.6504078540635119 0.6810874698212247 0.6933593161243098 0.8160777791551611 0.859029241215959 0.8835729338221293 1.1351457830353744 0.9817477042468103 0.7853981633974483 0.8467573949128739 0.9203884727313847 0.859029241215959 0.8467573949128739 0.8651651643675016 0.8835729338221293 0.8160777791551611 0.8099418560036186 0.7853981633974483 1.0062913968529805 1.2333205534600555 1.0737865515199487 0.8835729338221293 0.9203884727313847 0.9572040116406401 0.7792622402459057 0.6320000846088841 0.6013204688511713 0.6381360077604268 0.6504078540635119 0.6258641614573416 0.6320000846088841 0.7117670855789375 0.7117670855789375 
-50.0 -50.0 -50.0 -50.0 -50.0 -50.0 -49.5 -49.5 -49.5 -50.0 -50.0 -49.5 -49.5 -49.5 -49.5 -50.0 -50.5 -51.0 -52.5 -51.0 -49.5 -50.5 -52.0 -51.5 -51.0 -51.0 -51.0 -51.0 -51.5 -51.5 -51.0 -49.5 -52.5 -52.0 -51.5 -50.0 -50.5 -51.0 -51.5 -51.5 -51.0 -50.5 -51.0 -50.5 -50.5 -50.5 
0.8897088569736719 0.8835729338221293 0.9081166264282996 0.859029241215959 0.859029241215959 0.9142525495798421 0.8958447801252144 0.8958447801252144 0.9142525495798421 0.9265243958829272 0.9142525495798421 0.9203884727313847 0.944932165337555 0.9387962421860124 0.9081166264282996 0.8958447801252144 1.000155473701438 1.2026409377023426 1.368310862793992 1.41126232485479 1.1965050145508 1.1903690913992575 1.282407938672396 1.3560390164909069 1.2701360923693108 1.1965050145508 1.1535535524900022 1.184233168247715 1.1965050145508 1.2762720155208536 1.1658253987930873 1.1965050145508 1.3928545554001621 1.521708941582556 1.3928545554001621 1.3314953238847365 1.214912784005428 1.0246991663076084 0.9203884727313847 0.9019807032767571 0.8344855486097889 0.8160777791551611 0.803805932852076 0.8283496254582462 0.8897088569736719 0.859029241215959 
-52.0 -52.0 -52.0 -52.5 -52.0 -52.0 -52.0 -51.5 -51.5 -51.5 -51.0 -51.5 -51.5 -51.5 -51.0 -51.5 -51.0 -51.5 -51.5 -50.0 -49.5 -49.5 -50.5 -50.0 -49.5 -49.5 -50.0 -50.0 -49.5 -49.5 -50.0 -49.5 -49.5 -51.0 -51.5 -51.5 -51.5 -52.0 -52.5 -53.0 -53.0 -53.0 -52.5 -52.5 -52.5 -52.0 
1.1228739367322893 1.1228739367322893 1.0921943209745766 1.0737865515199487 1.055378782065321 1.141281706186917 1.1106020904292042 1.0983302441261191 1.141281706186917 1.184233168247715 1.2087768608538851 1.1596894756415448 1.1351457830353744 1.1535535524900022 1.1965050145508 1.2762720155208536 1.6321555583103222 1.8223691760081417 1.8285050991596843 1.6260196351587797 1.4848934026733007 1.4358060174609601 1.4419419406125027 1.4971652489763858 1.4726215563702154 1.3928545554001621 1.423534171157875 1.3130875544301088 1.3621749396424494 1.3744467859455345 1.3621749396424494 1.4419419406125027 1.607611865704152 1.8162332528565992 1.8407769454627694 1.8100973297050567 1.736466251886546 1.533980787885641 1.4910293258248433 1.4358060174609601 1.3437671701878218 1.337631247036279 1.2210487071569704 1.2946797849754812 1.2640001692177683 1.2455923997631406 
-57.0 -56.5 -56.0 -57.0 -56.5 -56.5 -56.5 -56.0 -56.5 -56.0 -56.5 -56.0 -56.0 -56.0 -56.0 -56.5 -55.0 -53.5 -51.5 -49.5 -50.0 -50.0 -50.5 -51.0 -51.5 -51.5 -51.5 -51.5 -51.0 -51.0 -51.0 -50.5 -49.5 -50.0 -53.0 -53.0 -53.0 -56.0 -57.0 -56.5 -56.0 -56.0 -56.0 -56.0 -56.0 -55.5 
1.6321555583103222 1.6321555583103222 1.6260196351587797 1.6137477888556946 1.5892040962495242 1.6382914814618648 1.6444274046134073 1.6505633277649499 1.6566992509164924 1.6689710972195777 1.662835174068035 1.6689710972195777 1.6505633277649499 1.662835174068035 1.6873788666742053 1.6198837120072371 1.8407769454627694 2.0800779483729293 2.0923497946760143 1.9819031779482483 1.9082721001297376 2.012582793705961 2.012582793705961 1.8960002538266525 2.000310947402876 2.030990563160589 1.8960002538266525 1.9512235621905356 1.9266798695843652 1.8837284075235674 2.000310947402876 1.9205439464328227 1.9389517158874505 1.9573594853420782 2.086213871524472 2.098485717827557 1.9573594853420782 1.748738098189631 1.6689710972195777 1.6505633277649499 1.6566992509164924 1.6382914814618648 1.6321555583103222 1.6566992509164924 1.6566992509164924 1.6444274046134073 
-55.0 -55.0 -55.0 -55.0 -55.0 -55.0 -54.5 -54.5 -54.5 -54.0 -54.0 -54.0 -53.5 -53.5 -54.0 -54.5 -53.5 -52.0 -51.5 -52.0 -53.5 -53.5 -54.0 -54.5 -54.0 -54.0 -53.5 -54.0 -54.5 -55.0 -53.5 -54.0 -52.5 -51.5 -51.0 -51.5 -52.5 -54.5 -55.5 -55.0 -54.5 -55.0 -55.0 -54.5 -54.5 -54.0 
5.47937937432751 5.5100589900852235 5.448699758569798 5.45483568172134 5.5284667595398505 5.405748296509 5.5284667595398505 5.50392306693368 5.5100589900852235 5.546874528994478 5.534602682691394 5.5284667595398505 5.620505606812989 5.534602682691394 5.522330836388308 5.608233760509904 5.534602682691394 5.620505606812989 5.66959299202533 5.350524988145116 5.332117218690489 5.307573526084319 5.105088062083414 4.957825906446392 5.092816215780329 5.141903600992669 5.178719139901925 5.148039524144211 4.890330751779424 4.798291904506286 5.111223985234957 5.3627968344482015 5.356660911296659 5.620505606812989 5.810719224510809 5.7616318392984684 5.66959299202533 5.767767762450011 5.6941366846315 5.681864838328415 5.620505606812989 5.675728915176872 5.608233760509904 5.632777453116074 5.64504929941916 5.448699758569798 
-60.5 -60.5 -60.5 -60.5 -60.5 -60.5 -60.5 -60.5 -60.0 -60.5 -60.5 -60.5 -60.5 -60.5 -60.0 -60.0 -60.0 -59.5 -57.0 -56.5 -57.0 -56.5 -56.5 -58.0 -58.0 -58.5 -59.0 -58.5 -59.5 -57.5 -56.5 -56.0 -56.5 -55.5 -57.0 -58.0 -58.5 -58.0 -59.0 -58.5 -59.0 -59.5 -59.5 -60.0 -60.0 -60.0 
1.3008157081270237 1.3989904785517047 1.3069516312785663 1.3560390164909069 1.3437671701878218 1.4603497100671303 4.743068596142402 1.5462526341887264 4.620350133111551 4.577398671050753 4.700117134081604 4.454680208019902 1.607611865704152 5.270757987175063 5.3627968344482015 5.675728915176872 5.313709449235861 2.405281875404685 5.712544454086128 5.626641529964532 5.620505606812989 5.878214379177777 2.718213956133356 5.8659425328746915 6.056156150572511 5.810719224510809 5.460971604872882 5.841398840268521 1.8530487917658545 5.559146375297564 5.688000761479957 5.399612373357457 5.258486140871978 1.5033011721279284 1.380582709097077 1.4296700943094176 1.5401167110371838 1.4664856332186729 1.552388557340269 1.552388557340269 
-73.5 -73.5 -72.5 -71.5 -70.5 -69.5 -67.5 -68.5 -67.5 -66.5 -66.0 -67.0 -68.5 -64.5 -63.5 -63.0 -63.0 -77.5 -68.0 -66.0 -65.5 -67.0 -69.0 -67.5 -67.0 -65.5 -66.0 -66.5 -67.5 -63.5 -64.5 -63.0 -64.5 -73.0 -73.0 -74.0 -74.0 -73.0 -71.5 -71.0 
