2.650718801466388 2.718213956133356 2.6813984172241008 2.6875343403756435 2.509592568980909 2.6568547246179306 2.6384469551633027 2.6568547246179306 2.767301341345697 2.5586799541932495 2.5341362615870793 2.6016314162540475 2.6875343403756435 2.552544031041707 2.60776733940559 2.8409324191642074 3.0495538063166547 3.043417883165112 3.227495577711389 3.2827188860752723 3.380893656499953 3.147728576741336 3.1231848841351653 2.9513790358919736 3.018874190558942 3.104777114680538 3.1354567304382504 3.018874190558942 3.067961575771282 3.2213596545598464 3.32567034813607 6.231029960391474 3.0127382674073995 2.9022916506796332 2.9759227284981438 3.11091303783208 3.153864499892878 6.086835766330224 2.7120780329818137 2.84706834231575 2.988194574801229 2.761165418194154 2.9513790358919736 2.945243112740431 2.730485802436441 
-63.5 -64.0 -64.5 -64.0 -64.0 -63.5 -64.0 -64.0 -64.0 -64.5 -64.0 -64.5 -64.0 -63.5 -65.0 -65.5 -62.0 -63.5 -63.5 -63.5 -64.5 -63.5 -63.5 -63.0 -64.0 -63.5 -63.0 -64.0 -63.5 -66.0 -67.0 -65.5 -63.5 -63.5 -62.0 -61.0 -63.0 -66.0 -63.5 -63.0 -62.5 -63.5 -63.5 -63.5 -62.5 
1.9757672547967058 2.018718716857504 2.0923497946760143 2.1475731030398975 1.9266798695843652 2.1475731030398975 2.0064468705544187 1.9696313316451632 1.902136176978195 1.9082721001297376 1.9389517158874505 1.88986433067511 1.9082721001297376 1.9512235621905356 1.7548740213411735 1.8223691760081417 5.270757987175063 2.2580197197676637 2.2334760271614935 2.3009711818284617 2.3009711818284617 2.7857091108003242 2.8716120349219203 2.767301341345697 2.5157284921324514 2.172116795646068 2.3930100291016 2.3746022596469727 2.3930100291016 2.4911847995262812 2.6016314162540475 2.804116880254952 3.074097498922825 6.227961998815704 2.730485802436441 2.184388641949153 2.1537090261914402 2.12916533358527 2.073942025221387 5.295301679781233 1.8346410223112268 1.859184714917397 1.8407769454627694 1.9757672547967058 1.9696313316451632 1.9880391010997909 1.8714565612204823 2.024854640009046 
-64.5 -64.0 -63.5 -64.0 -63.5 -64.5 -63.0 -64.0 -64.5 -63.5 -64.5 -63.5 -64.0 -64.5 -63.0 -63.5 -63.5 -62.5 -62.5 -63.0 -65.5 -63.0 -62.0 -61.5 -62.0 -62.0 -62.5 -63.5 -63.0 -62.5 -61.5 -61.5 -64.0 -66.5 -63.5 -67.0 -64.5 -63.0 -63.0 -62.5 -62.0 -60.5 -61.0 -61.5 -61.5 -62.0 -61.5 -61.0 
0.4908738521234052 0.521553467881118 0.5031456984264903 0.48473792897186263 0.4908738521234052 0.4908738521234052 0.5092816215780329 0.47860200582032003 0.5399612373357456 0.5338253141842031 0.5460971604872883 0.5399612373357456 0.5460971604872883 0.5829126993965437 0.5645049299419159 0.5645049299419159 0.6013204688511713 0.8651651643675016 0.8528933180644165 0.8897088569736719 1.0369710126106935 1.0676506283684062 0.8835729338221293 0.803805932852076 0.8713010875190442 0.9142525495798421 0.9142525495798421 0.8897088569736719 0.8835729338221293 0.8835729338221293 0.8713010875190442 0.8651651643675016 1.0062913968529805 4.396388938080247 1.3314953238847365 1.0615147052168636 1.0062913968529805 0.9510680884890975 1.055378782065321 0.9817477042468103 0.8774370106705868 0.859029241215959 0.8897088569736719 0.8897088569736719 0.9142525495798421 0.9326603190344698 0.8958447801252144 0.944932165337555 
-50.0 -50.0 -50.0 -50.5 -50.0 -50.5 -50.0 -50.0 -50.0 -50.0 -50.5 -50.0 -50.0 -50.0 -50.0 -50.0 -50.5 -50.5 -50.5 -52.5 -52.0 -50.0 -49.5 -51.0 -51.5 -51.0 -50.5 -50.5 -51.0 -51.0 -51.0 -50.5 -50.0 -51.5 -52.5 -52.0 -51.5 -51.0 -50.5 -50.5 -50.5 -50.0 -50.5 -50.0 -50.0 -49.5 -49.5 -49.5 
0.8528933180644165 0.859029241215959 0.8774370106705868 0.8897088569736719 0.8406214717613314 0.8344855486097889 0.8222137023067037 0.8467573949128739 0.8344855486097889 0.8406214717613314 0.8528933180644165 0.8467573949128739 0.9019807032767571 0.8713010875190442 0.8651651643675016 0.8713010875190442 0.8897088569736719 1.0185632431560658 1.141281706186917 1.3621749396424494 1.3499030933393643 1.1535535524900022 1.055378782065321 1.1596894756415448 1.2455923997631406 1.2333205534600555 1.1474176293384597 1.086058397823034 1.0983302441261191 1.1719613219446299 1.239456476611598 1.214912784005428 1.1719613219446299 1.2670681307935396 1.4787574795217582 1.5585244804918115 1.5462526341887264 1.3560390164909069 1.2455923997631406 1.1044661672776617 0.9817477042468103 0.9817477042468103 0.9878836273983529 0.9694758579437253 1.012427320004523 1.012427320004523 1.0185632431560658 1.030835089459151 
-52.0 -52.0 -52.0 -52.5 -52.0 -52.5 -52.0 -52.0 -52.5 -52.0 -52.0 -52.0 -52.0 -52.0 -52.0 -52.0 -51.5 -51.0 -51.0 -50.5 -50.0 -49.0 -49.5 -50.5 -50.5 -49.5 -49.5 -50.0 -50.0 -49.5 -50.0 -50.0 -49.5 -49.5 -49.5 -51.0 -52.0 -52.0 -51.5 -51.0 -51.0 -51.0 -50.5 -50.5 -50.0 -50.0 -50.0 -50.0 
1.214912784005428 1.184233168247715 1.184233168247715 1.2885438618239387 1.2026409377023426 1.2333205534600555 1.2087768608538851 1.2087768608538851 1.2701360923693108 1.1658253987930873 1.227184630308513 1.227184630308513 1.1780972450961724 1.1474176293384597 1.2087768608538851 1.2210487071569704 1.4726215563702154 1.7303303287350031 1.8285050991596843 1.748738098189631 1.6505633277649499 1.4173982480063325 1.4051264017032472 1.4296700943094176 1.4848934026733007 1.4726215563702154 1.4910293258248433 1.5155730184310134 1.41126232485479 1.4173982480063325 1.4971652489763858 1.5401167110371838 1.509437095279471 4.752272480869716 1.7548740213411735 1.9696313316451632 1.945087639038993 1.88986433067511 1.846912868614312 1.7548740213411735 1.509437095279471 1.4051264017032472 1.3560390164909069 1.2701360923693108 1.3069516312785663 1.2517283229146832 1.2701360923693108 1.2885438618239387 
-56.5 -56.5 -56.5 -56.5 -56.0 -57.0 -56.5 -56.5 -56.5 -56.5 -56.0 -56.5 -56.5 -56.0 -56.0 -56.5 -56.5 -54.5 -53.5 -51.5 -50.0 -50.0 -50.5 -50.5 -51.0 -51.0 -51.5 -51.0 -51.0 -50.5 -50.5 -51.0 -50.5 -50.5 -49.5 -50.5 -52.5 -54.0 -54.5 -55.5 -56.5 -56.0 -55.5 -55.5 -55.0 -55.0 -55.0 -55.5 
1.718058482431918 1.6505633277649499 1.7303303287350031 1.5585244804918115 1.736466251886546 1.7241944055834606 1.6689710972195777 1.7671458676442586 1.6935147898257479 1.6751070203711202 1.6812429435226628 1.662835174068035 1.6873788666742053 1.6935147898257479 1.6996507129772904 1.6321555583103222 1.6321555583103222 1.9144080232812801 1.9819031779482483 1.945087639038993 1.8714565612204823 1.7855536370988863 1.9819031779482483 1.9941750242513334 1.9266798695843652 2.000310947402876 1.9757672547967058 1.9512235621905356 1.9512235621905356 1.9082721001297376 1.846912868614312 1.932815792735908 1.9757672547967058 1.9604274469178493 1.945087639038993 2.030990563160589 2.1475731030398975 2.1353012567368124 2.098485717827557 1.8837284075235674 1.8100973297050567 1.748738098189631 1.7855536370988863 1.7978254834019713 1.7916895602504288 1.846912868614312 1.8285050991596843 1.7978254834019713 
-54.5 -54.5 -54.5 -54.5 -54.5 -55.0 -55.0 -55.0 -55.0 -54.5 -54.5 -54.5 -54.0 -54.0 -54.5 -54.5 -55.0 -53.0 -52.0 -51.0 -51.0 -53.5 -53.0 -53.0 -54.0 -54.0 -53.5 -53.0 -53.5 -54.5 -54.5 -53.5 -53.5 -53.0 -51.5 -50.5 -50.5 -51.0 -52.0 -53.0 -53.5 -52.5 -51.5 -52.0 -51.5 -52.0 -51.5 -52.0 
5.424156065963627 5.534602682691394 5.405748296509 5.436427912266712 5.516194913236766 5.620505606812989 5.418020142812084 5.608233760509904 5.583690067903734 5.608233760509904 5.638913376267617 5.651185222570702 5.626641529964532 5.626641529964532 5.6143696836614465 5.6573211457222445 5.66959299202533 5.64504929941916 5.663457068873787 5.706408530934585 5.5284667595398505 5.442563835418255 5.4671075280244255 5.411884219660542 5.129631754689584 5.221670601962723 5.2768939103266055 5.375068680751287 5.197126909356553 5.031456984264903 4.871922982324796 5.209398755659637 5.5714182216006485 5.553010452146021 5.589825991055276 5.792311455056181 5.8659425328746915 5.810719224510809 5.749359992995383 5.743224069843841 5.835262917116979 5.638913376267617 5.64504929941916 5.589825991055276 5.5714182216006485 5.595961914206819 5.583690067903734 5.589825991055276 
-60.5 -60.0 -59.5 -59.0 -59.0 -60.0 -59.5 -59.5 -59.0 -60.0 -60.0 -59.5 -60.0 -59.5 -60.0 -59.5 -59.0 -59.0 -59.0 -56.0 -56.0 -56.0 -56.0 -56.0 -57.0 -58.0 -57.5 -57.0 -57.5 -57.5 -57.0 -56.0 -56.0 -56.5 -56.5 -55.0 -56.5 -58.5 -58.5 -57.5 -58.5 -58.0 -58.0 -58.5 -58.5 -58.5 -59.0 -59.0 
1.8162332528565992 4.693981210930062 1.7119225592803755 1.7671458676442586 5.019185137961818 4.7307967498393175 4.8351074434155406 4.767612288748572 5.006913291658733 5.123495831538041 5.460971604872882 5.209398755659637 5.289165756629691 5.583690067903734 5.50392306693368 2.313243028131547 5.651185222570702 5.620505606812989 5.534602682691394 5.589825991055276 5.473243451175968 5.651185222570702 5.534602682691394 5.663457068873787 5.411884219660542 5.553010452146021 2.2457478734645786 5.393476450205914 5.663457068873787 5.50392306693368 2.030990563160589 5.160311370447297 4.9823695990525625 5.037592907416445 4.988505522204105 5.080544369477243 5.043728830567988 5.031456984264903 5.080544369477243 5.056000676871073 
-71.5 -69.5 -71.5 -70.5 -68.0 -68.0 -68.5 -67.5 -68.5 -68.5 -66.5 -64.0 -62.5 -60.5 -61.0 -70.0 -66.0 -64.5 -63.5 -65.5 -65.0 -66.0 -65.0 -65.0 -64.0 -64.0 -62.5 -63.0 -62.5 -65.0 -63.5 -64.0 -64.5 -64.0 -63.5 -63.5 -63.0 -63.0 -63.0 -63.5 
