3.098641191528995 0.1349903093339364 3.3624858870453256 3.184544115650591 3.1354567304382504 3.067961575771282 3.1906800388021335 3.1906800388021335 3.098641191528995 3.2827188860752723 2.9329712664373457 3.393165502803038 0.16566992509164924 0.07976700097005335 0.21475731030398976 0.23316507975861744 6.22182607566416 3.0372819600135696 2.350058567040802 2.3930100291016 2.6139032625571326 2.350058567040802 3.0066023442558567 2.84706834231575 2.478912953223196 5.749359992995383 2.4175537217077703 6.160466844148735 0.0859029241215959 3.6201946594101133 6.160466844148735 2.9759227284981438 6.264777537724958 3.141592653589793 3.2581751934691017 3.055689729468197 3.08636934522591 3.067961575771282 3.2643111166206444 
-67.0 -68.0 -67.5 -68.0 -67.0 -66.5 -67.0 -66.5 -67.0 -68.5 -67.5 -66.5 -68.5 -68.5 -69.0 -69.0 -63.5 -62.0 -68.0 -68.0 -69.5 -69.0 -69.0 -68.5 -67.0 -69.5 -63.5 -65.5 -67.0 -66.5 -70.5 -66.5 -68.5 -67.5 -68.5 -66.5 -66.5 -67.5 -67.0 
1.5585244804918115 1.4787574795217582 1.5278448647340985 1.6260196351587797 1.5707963267948966 1.5462526341887264 1.6505633277649499 1.5830681730979816 1.5585244804918115 1.6137477888556946 1.509437095279471 1.5830681730979816 1.5707963267948966 1.6751070203711202 1.5278448647340985 1.3867186322486196 1.0615147052168636 1.055378782065321 1.9941750242513334 2.2396119503130363 2.012582793705961 1.9266798695843652 1.88986433067511 1.9941750242513334 2.141437179888355 2.1475731030398975 1.9696313316451632 1.945087639038993 1.932815792735908 2.055534255766759 1.5953400194010667 1.2087768608538851 1.2210487071569704 1.368310862793992 1.4051264017032472 1.5585244804918115 1.552388557340269 1.5892040962495242 1.607611865704152 1.5830681730979816 1.6014759425526093 1.6137477888556946 1.6505633277649499 1.509437095279471 1.564660403643354 1.564660403643354 
-61.5 -61.5 -62.0 -61.5 -61.5 -61.0 -61.5 -61.0 -61.5 -60.5 -60.5 -61.0 -60.5 -60.5 -61.0 -62.0 -62.5 -62.0 -66.5 -63.5 -62.5 -61.0 -61.5 -60.5 -61.0 -60.5 -60.5 -60.5 -63.0 -62.0 -63.0 -61.0 -60.0 -60.5 -61.0 -60.0 -59.5 -59.0 -59.0 -59.0 -59.0 -59.0 -59.5 -59.5 -59.0 -59.5 
1.055378782065321 1.1044661672776617 1.0799224746714913 1.0799224746714913 1.0737865515199487 1.0983302441261191 1.0983302441261191 1.1290098598838318 1.0983302441261191 1.1596894756415448 1.0983302441261191 1.1351457830353744 1.1474176293384597 1.1106020904292042 1.141281706186917 1.0799224746714913 1.0492428589137786 1.086058397823034 1.1535535524900022 1.141281706186917 1.2578642460662257 1.1780972450961724 1.0799224746714913 1.1167380135807468 1.1290098598838318 1.1044661672776617 1.0615147052168636 1.0983302441261191 1.3192234775816514 1.3008157081270237 1.1228739367322893 1.0246991663076084 1.0492428589137786 1.0921943209745766 1.1106020904292042 1.0983302441261191 1.1596894756415448 1.2701360923693108 1.2640001692177683 1.2455923997631406 1.2701360923693108 1.239456476611598 1.2946797849754812 1.2640001692177683 1.2517283229146832 1.2517283229146832 
-49.0 -49.0 -49.0 -49.0 -49.0 -49.5 -49.0 -49.0 -49.5 -49.5 -49.0 -49.0 -49.0 -49.5 -49.0 -48.5 -49.0 -50.0 -51.0 -51.5 -52.0 -51.5 -52.0 -52.5 -53.5 -53.0 -53.0 -52.5 -52.5 -53.0 -53.5 -52.0 -50.5 -50.0 -49.5 -48.5 -48.5 -48.5 -49.0 -49.0 -49.0 -49.0 -49.5 -49.0 -49.0 -49.0 
1.214912784005428 1.2210487071569704 1.2087768608538851 1.1965050145508 1.227184630308513 1.2333205534600555 1.2578642460662257 1.2026409377023426 1.2210487071569704 1.239456476611598 1.214912784005428 1.227184630308513 1.2455923997631406 1.2455923997631406 1.1474176293384597 1.012427320004523 1.1106020904292042 1.2946797849754812 1.3499030933393643 1.3867186322486196 1.5953400194010667 1.552388557340269 1.5892040962495242 1.5462526341887264 1.533980787885641 1.5892040962495242 1.5830681730979816 1.5585244804918115 1.6321555583103222 1.6689710972195777 1.4480778637640452 1.4480778637640452 1.3867186322486196 1.2885438618239387 1.0983302441261191 1.0799224746714913 1.1106020904292042 1.184233168247715 1.1903690913992575 1.227184630308513 1.2210487071569704 1.2578642460662257 1.2578642460662257 1.239456476611598 1.2762720155208536 1.2701360923693108 
-50.0 -50.0 -50.0 -50.0 -49.5 -50.0 -50.0 -49.5 -50.5 -50.0 -50.0 -50.0 -50.0 -50.5 -50.5 -51.0 -51.0 -50.5 -50.0 -52.0 -51.0 -51.5 -52.0 -52.0 -52.0 -51.5 -52.0 -52.0 -51.0 -51.5 -52.5 -52.0 -52.0 -52.0 -52.0 -51.0 -50.5 -50.5 -50.5 -50.0 -50.0 -50.0 -50.5 -50.5 -50.0 -50.5 
1.4358060174609601 1.4480778637640452 1.4296700943094176 1.4358060174609601 1.4971652489763858 1.509437095279471 1.4848934026733007 1.5033011721279284 1.4542137869155878 1.4787574795217582 1.4848934026733007 1.4480778637640452 1.4603497100671303 1.4358060174609601 1.423534171157875 1.3621749396424494 1.761009944492716 1.932815792735908 1.846912868614312 1.8162332528565992 1.8714565612204823 1.846912868614312 2.0371264863121317 2.067806102069844 2.086213871524472 2.086213871524472 2.0800779483729293 2.024854640009046 1.902136176978195 1.8714565612204823 1.9941750242513334 2.0064468705544187 2.055534255766759 2.030990563160589 1.7916895602504288 1.564660403643354 1.552388557340269 1.576932249946439 1.509437095279471 1.576932249946439 1.607611865704152 1.6260196351587797 1.6014759425526093 1.607611865704152 1.607611865704152 1.564660403643354 
-50.0 -49.5 -50.0 -50.0 -50.0 -50.0 -49.5 -50.0 -50.0 -50.0 -50.5 -50.0 -50.0 -50.0 -50.5 -51.5 -51.0 -49.0 -48.5 -49.5 -49.5 -50.5 -50.5 -50.0 -50.0 -50.5 -50.5 -51.5 -50.5 -49.0 -48.0 -48.0 -50.0 -50.5 -53.0 -53.0 -52.0 -50.5 -50.5 -50.0 -50.0 -50.0 -50.5 -50.0 -50.0 -50.0 
1.902136176978195 1.859184714917397 1.9144080232812801 1.88986433067511 1.932815792735908 1.9573594853420782 1.945087639038993 1.945087639038993 1.945087639038993 1.9512235621905356 1.9512235621905356 1.9634954084936207 1.9512235621905356 1.9512235621905356 1.8653206380689396 1.8223691760081417 2.024854640009046 2.227340104009951 2.1966604882522383 2.448233337465483 2.2886993355253766 2.3623304133438876 2.405281875404685 2.386874105950058 2.4727770300716534 2.466641106920111 2.435961491162398 2.4175537217077703 2.454369260617026 2.405281875404685 2.2886993355253766 2.386874105950058 2.429825568010856 2.3316507975861747 1.9266798695843652 1.8285050991596843 1.9573594853420782 1.902136176978195 1.9880391010997909 2.000310947402876 1.9819031779482483 2.024854640009046 2.000310947402876 1.9696313316451632 2.0064468705544187 1.9941750242513334 
-50.5 -50.5 -50.5 -50.0 -50.5 -50.0 -50.0 -50.5 -50.0 -50.5 -50.5 -50.5 -50.0 -50.5 -51.5 -53.0 -53.5 -52.0 -53.5 -53.5 -52.5 -52.5 -53.0 -52.5 -53.0 -53.0 -53.0 -52.5 -53.0 -53.5 -52.5 -52.0 -54.0 -55.0 -55.5 -54.0 -52.0 -51.0 -51.0 -50.5 -51.0 -50.5 -50.5 -50.5 -50.0 -50.5 
5.037592907416445 4.908738521234052 5.043728830567988 4.798291904506286 5.037592907416445 5.105088062083414 4.878058905476339 4.71238898038469 4.9394181369917645 4.8351074434155406 4.822835597112456 4.945554060143307 4.963961829597935 5.019185137961818 4.773748211900116 5.706408530934585 5.890486225480862 5.902758071783947 5.71868037723767 5.706408530934585 5.810719224510809 5.780039608753096 6.019340611663256 5.945709533844745 5.884350302329319 6.025476534814799 6.031612457966341 5.921165841238575 6.007068765360171 5.47937937432751 5.816855147662351 6.17273869045182 6.117515382087937 6.160466844148735 6.092971689481767 6.0991076126333095 5.442563835418255 5.190990986205009 5.117359908386499 4.9394181369917645 5.105088062083414 5.0253210611133605 4.945554060143307 4.988505522204105 4.8351074434155406 5.031456984264903 
-63.0 -63.5 -62.5 -63.0 -63.0 -64.0 -63.0 -63.0 -63.5 -63.0 -63.0 -63.5 -63.0 -64.0 -66.0 -65.0 -60.0 -57.5 -57.5 -58.0 -58.5 -59.5 -57.0 -58.0 -58.5 -57.5 -57.5 -58.5 -59.0 -59.0 -56.0 -56.5 -57.5 -59.0 -60.5 -63.0 -65.0 -65.5 -64.5 -65.5 -65.0 -64.5 -65.0 -63.5 -64.5 -65.0 
5.289165756629691 5.270757987175063 5.270757987175063 5.375068680751287 5.3198453723874035 5.301437602932776 5.344389064993574 5.332117218690489 5.816855147662351 5.344389064993574 5.203262832508095 5.368932757599744 5.325981295538946 5.3627968344482015 5.460971604872882 5.970253226450915 6.025476534814799 0.7424467013366504 5.829126993965437 6.013204688511713 0.30679615757712825 6.166602767300278 6.037748381117884 0.07363107781851078 0.4172427743048944 5.859806609723149 5.945709533844745 0.2761165418194154 0.006135923151542565 5.798447378207723 0.01227184630308513 6.264777537724958 2.6016314162540475 5.203262832508095 5.45483568172134 5.418020142812084 5.43029198911517 5.375068680751287 5.50392306693368 5.418020142812084 5.387340527054372 5.338253141842031 
-61.5 -61.0 -61.5 -61.5 -61.5 -61.5 -61.0 -61.0 -60.5 -60.5 -60.5 -60.5 -60.5 -61.5 -63.0 -62.5 -70.0 -65.0 -64.0 -69.0 -65.5 -63.0 -63.5 -63.0 -65.0 -72.0 -63.5 -63.5 -69.0 -63.0 -64.5 -68.5 -77.0 -63.5 -62.0 -61.5 -62.0 -61.5 -62.0 -61.5 -61.5 -61.5 
