2.6568547246179306 3.2090878082567613 2.9329712664373457 2.6200391857086753 3.0372819600135696 3.08636934522591 3.08636934522591 3.0066023442558567 2.9329712664373457 0.0 6.227961998815704 3.7981364308048478 3.3870295796514958 2.8102528034064944 2.552544031041707 2.478912953223196 2.5402721847386216 2.8102528034064944 2.7979809571034093 2.7120780329818137 2.5157284921324514 2.5464081078901644 2.9206994201342606 3.0802334220743677 3.172272269347506 0.619728238305799 1.5830681730979816 4.448544284868359 5.553010452146021 2.6200391857086753 2.718213956133356 2.748893571891069 2.7979809571034093 2.82252464970958 2.8716120349219203 2.773437264497239 2.804116880254952 2.8286605728611223 
-68.5 -66.5 -67.5 -68.0 -68.5 -67.5 -68.0 -68.0 -66.0 -68.5 -68.5 -66.0 -63.5 -64.5 -64.5 -67.5 -70.0 -70.0 -68.0 -70.0 -67.5 -65.5 -66.0 -67.0 -66.0 -70.5 -77.0 -79.5 -72.5 -67.5 -66.0 -65.0 -65.0 -65.0 -66.0 -65.5 -66.0 -67.5 
1.533980787885641 1.4419419406125027 1.4848934026733007 4.552854978444583 1.380582709097077 1.4173982480063325 1.368310862793992 1.4848934026733007 1.533980787885641 1.423534171157875 1.4910293258248433 1.521708941582556 1.4910293258248433 1.3069516312785663 1.4664856332186729 1.3744467859455345 2.4727770300716534 2.313243028131547 2.2641556429192065 1.736466251886546 1.9512235621905356 2.0064468705544187 2.0064468705544187 2.012582793705961 1.9144080232812801 2.030990563160589 1.9573594853420782 1.7916895602504288 1.5892040962495242 1.3314953238847365 1.3499030933393643 1.41126232485479 1.5830681730979816 1.7916895602504288 1.7303303287350031 1.736466251886546 1.8100973297050567 1.8100973297050567 1.8100973297050567 1.8346410223112268 1.6996507129772904 1.8530487917658545 1.748738098189631 
-64.0 -63.5 -63.5 -64.0 -63.5 -63.5 -62.5 -62.5 -63.0 -62.5 -63.5 -62.5 -63.0 -63.0 -63.5 -63.5 -67.5 -64.0 -63.5 -62.5 -62.5 -60.5 -60.5 -61.0 -61.5 -61.5 -64.0 -62.5 -61.0 -61.0 -60.5 -61.5 -62.5 -60.5 -61.0 -59.5 -60.5 -61.0 -60.0 -61.0 -61.0 -61.5 -61.0 
1.0369710126106935 1.0799224746714913 1.1044661672776617 1.0737865515199487 1.0983302441261191 1.0615147052168636 1.043106935762236 1.0737865515199487 1.055378782065321 1.0246991663076084 1.0246991663076084 1.030835089459151 1.0369710126106935 1.0492428589137786 1.0676506283684062 1.1106020904292042 1.1351457830353744 1.214912784005428 1.141281706186917 1.1535535524900022 1.0921943209745766 1.0062913968529805 1.000155473701438 1.0185632431560658 0.9940195505498954 1.0246991663076084 1.0799224746714913 1.1658253987930873 1.1965050145508 1.1658253987930873 1.0737865515199487 1.1474176293384597 1.1658253987930873 1.1106020904292042 1.1228739367322893 1.0983302441261191 1.1044661672776617 1.1290098598838318 1.1351457830353744 1.1167380135807468 1.1658253987930873 1.1351457830353744 1.1474176293384597 1.1535535524900022 
-48.5 -48.5 -48.5 -48.5 -48.5 -48.5 -49.0 -48.5 -49.0 -48.5 -48.5 -49.0 -48.5 -48.5 -48.5 -49.5 -50.5 -50.5 -51.0 -52.5 -51.5 -52.5 -53.5 -53.5 -53.5 -53.5 -53.0 -52.0 -52.0 -51.5 -51.0 -50.0 -50.0 -49.5 -49.5 -49.0 -49.0 -48.5 -48.5 -48.5 -49.0 -48.5 -48.5 -48.5 
1.1106020904292042 1.086058397823034 1.1044661672776617 1.1228739367322893 1.0062913968529805 0.9817477042468103 1.1106020904292042 1.1044661672776617 1.1106020904292042 1.0737865515199487 1.1474176293384597 1.0921943209745766 1.0737865515199487 1.0676506283684062 1.1719613219446299 1.3314953238847365 1.3928545554001621 1.239456476611598 1.4173982480063325 1.4910293258248433 1.4971652489763858 1.4910293258248433 1.4603497100671303 1.4910293258248433 1.4848934026733007 1.5401167110371838 1.533980787885641 1.41126232485479 1.552388557340269 1.3499030933393643 1.3928545554001621 1.2578642460662257 1.2210487071569704 1.0921943209745766 1.0737865515199487 1.0615147052168636 1.1167380135807468 1.1106020904292042 1.1290098598838318 1.141281706186917 1.1596894756415448 1.1167380135807468 1.1351457830353744 1.1228739367322893 
-51.0 -51.0 -51.0 -51.0 -51.0 -51.0 -50.5 -50.5 -51.0 -50.5 -51.0 -50.5 -51.0 -51.5 -52.0 -51.5 -50.5 -50.5 -51.0 -52.0 -51.5 -51.5 -51.5 -51.5 -52.0 -52.0 -52.5 -50.5 -51.0 -51.0 -51.0 -52.0 -52.0 -52.0 -51.5 -51.5 -51.0 -51.0 -50.5 -51.0 -51.0 -50.5 -50.5 -51.0 
1.4173982480063325 1.41126232485479 1.41126232485479 1.4542137869155878 1.4296700943094176 1.4480778637640452 1.41126232485479 1.4051264017032472 1.4296700943094176 1.3928545554001621 1.4603497100671303 1.4603497100671303 1.4419419406125027 1.4542137869155878 1.5585244804918115 1.9634954084936207 1.9205439464328227 1.88986433067511 1.9205439464328227 1.9512235621905356 2.043262409463674 2.098485717827557 2.110757564130642 2.1046216409791 2.1046216409791 2.055534255766759 2.110757564130642 1.9266798695843652 1.8714565612204823 1.945087639038993 2.0064468705544187 1.9573594853420782 1.8714565612204823 1.5892040962495242 1.564660403643354 1.5585244804918115 1.5401167110371838 1.5707963267948966 1.5707963267948966 1.5401167110371838 1.5892040962495242 1.5707963267948966 1.5462526341887264 1.5707963267948966 
-50.0 -50.0 -50.0 -50.0 -50.0 -50.0 -49.5 -49.5 -50.0 -49.5 -50.0 -49.5 -50.0 -51.5 -52.5 -50.0 -48.5 -48.0 -51.0 -50.5 -52.0 -51.5 -51.5 -51.5 -51.5 -52.5 -53.0 -51.5 -49.5 -48.5 -49.5 -51.0 -52.5 -53.0 -52.5 -51.5 -51.0 -51.0 -51.0 -51.0 -51.5 -50.5 -50.5 -51.0 
1.8223691760081417 1.7732817907958012 1.7855536370988863 1.8039614065535141 1.7978254834019713 1.736466251886546 1.8223691760081417 1.7855536370988863 1.7794177139473437 1.748738098189631 1.662835174068035 1.7855536370988863 1.7732817907958012 1.761009944492716 1.8960002538266525 2.3193789512830896 2.1966604882522383 2.3316507975861747 2.435961491162398 2.3439226438892597 2.3439226438892597 2.380738182798515 2.423689644859313 2.4175537217077703 2.411417798556228 2.3623304133438876 2.350058567040802 2.429825568010856 2.282563412373834 2.1659808724945253 2.3439226438892597 2.36846633649543 2.0923497946760143 1.9634954084936207 1.8530487917658545 1.8285050991596843 1.8714565612204823 1.8714565612204823 1.8530487917658545 1.8775924843720249 1.902136176978195 1.902136176978195 1.8960002538266525 1.8530487917658545 
-52.0 -52.0 -52.0 -52.0 -52.0 -52.0 -52.0 -51.5 -52.0 -51.5 -52.0 -52.0 -52.0 -54.0 -55.0 -53.0 -52.0 -54.5 -53.0 -52.5 -53.0 -53.5 -53.0 -53.0 -53.5 -54.0 -52.5 -52.5 -54.0 -51.0 -51.0 -53.5 -55.0 -54.5 -53.5 -53.5 -53.0 -52.5 -52.5 -52.5 -52.5 -52.0 -52.0 -52.0 
5.2339424482658075 4.8351074434155406 5.006913291658733 5.006913291658733 4.7860200582032 4.81056375080937 4.792155981354743 4.706253057233147 4.6878452877785195 4.632621979414636 4.767612288748572 4.816699673960914 6.12365130523948 6.117515382087937 5.47937937432751 5.890486225480862 5.534602682691394 6.086835766330224 6.086835766330224 5.8475347634200645 5.93343768754166 5.939573610693203 6.025476534814799 5.93343768754166 6.025476534814799 5.436427912266712 6.0991076126333095 0.16566992509164924 6.17273869045182 6.154330920997192 5.737088146692298 5.264622064023521 5.246214294568893 4.994641445355648 5.0253210611133605 5.184855063053467 5.105088062083414 5.0253210611133605 5.074408446325701 4.921010367537137 4.957825906446392 
-65.5 -65.5 -65.5 -65.5 -65.0 -65.5 -66.0 -66.0 -65.5 -66.0 -64.5 -67.0 -62.0 -58.0 -60.0 -60.0 -60.5 -60.0 -59.0 -60.0 -60.5 -60.0 -59.5 -60.5 -60.0 -60.0 -57.0 -57.0 -60.5 -61.5 -65.0 -67.5 -66.5 -67.0 -65.5 -66.0 -65.0 -65.0 -65.0 -65.5 -65.5 
2.1659808724945253 5.166447293598839 5.595961914206819 5.258486140871978 5.313709449235861 5.203262832508095 5.258486140871978 5.148039524144211 2.1782527187976104 2.1782527187976104 5.056000676871073 2.3623304133438876 0.030679615757712823 5.853670686571607 0.28225246497095796 0.0859029241215959 0.5767767762450011 0.380427235395639 0.01227184630308513 0.02454369260617026 0.1043106935762236 0.5276893910326605 6.025476534814799 0.2086213871524472 5.798447378207723 6.080699843178682 0.04295146206079795 0.12885438618239387 2.36846633649543 2.0800779483729293 5.283029833478148 2.2027964114037806 2.141437179888355 4.97623367590102 5.092816215780329 2.0800779483729293 5.227806525114265 5.154175447295755 
-68.5 -67.5 -68.0 -66.5 -65.5 -66.5 -66.5 -66.0 -67.5 -67.5 -65.5 -73.0 -65.0 -60.5 -65.0 -67.5 -67.0 -64.0 -63.5 -63.0 -64.0 -65.5 -64.0 -64.0 -65.5 -60.0 -64.0 -67.0 -76.0 -73.0 -67.5 -70.5 -70.5 -67.5 -66.5 -68.5 -67.0 -66.5 
