3.1968159619536762 2.9575149590435164 2.9575149590435164 2.761165418194154 3.153864499892878 2.9145634969827183 0.1595340019401067 0.14112623248547898 2.816388726558037 3.2704470397721868 3.1968159619536762 0.14112623248547898 0.8835729338221293 3.6999616603801666 3.6754179677739964 2.9697868053466014 2.6384469551633027 2.454369260617026 6.086835766330224 2.8716120349219203 2.662990647769473 2.5034566458293663 2.8777479580734626 3.043417883165112 3.4177091954092087 0.5767767762450011 5.632777453116074 6.135923151542564 0.14726215563702155 0.18407769454627693 
-66.0 -66.0 -67.5 -66.0 -67.5 -67.5 -68.5 -68.5 -67.5 -67.0 -67.5 -69.5 -68.0 -64.0 -61.5 -62.0 -64.5 -65.5 -70.5 -69.5 -67.5 -66.0 -66.0 -65.0 -65.0 -68.5 -74.5 -71.5 -71.0 -71.5 
1.6873788666742053 1.705786636128833 1.6260196351587797 1.6812429435226628 1.6996507129772904 1.5033011721279284 1.5401167110371838 1.6321555583103222 1.564660403643354 1.4726215563702154 1.5953400194010667 1.533980787885641 1.7241944055834606 1.564660403643354 1.3928545554001621 6.258641614573416 2.4911847995262812 2.227340104009951 1.9266798695843652 1.7426021750380885 1.7916895602504288 2.024854640009046 1.9880391010997909 1.8530487917658545 1.9512235621905356 2.0800779483729293 2.073942025221387 1.718058482431918 1.325359400733194 1.1228739367322893 1.2087768608538851 1.3437671701878218 1.3744467859455345 1.662835174068035 1.6137477888556946 1.564660403643354 1.564660403643354 1.5278448647340985 1.4664856332186729 1.4480778637640452 1.4419419406125027 1.4726215563702154 
-65.5 -65.5 -65.5 -66.0 -65.5 -64.5 -66.0 -66.0 -66.0 -66.0 -66.0 -66.0 -66.0 -65.5 -65.0 -65.5 -63.0 -62.0 -62.0 -62.5 -61.0 -60.5 -60.5 -61.5 -61.5 -62.5 -63.0 -62.0 -61.0 -59.5 -61.5 -61.5 -60.0 -60.0 -60.5 -60.5 -60.5 -60.0 -60.5 -60.0 -60.5 -60.0 
0.8160777791551611 0.7915340865489908 0.8099418560036186 0.8160777791551611 0.7976700097005334 0.8099418560036186 0.7915340865489908 0.7731263170943632 0.7240389318820226 0.7301748550335652 0.7179030087304801 0.760854470791278 0.7301748550335652 0.8344855486097889 0.803805932852076 0.8528933180644165 0.9572040116406401 1.1228739367322893 1.1228739367322893 1.055378782065321 1.012427320004523 1.1106020904292042 1.0676506283684062 1.055378782065321 1.0615147052168636 1.030835089459151 1.0246991663076084 1.1290098598838318 1.1719613219446299 1.2946797849754812 1.2210487071569704 1.055378782065321 1.086058397823034 1.1044661672776617 1.0799224746714913 1.086058397823034 1.1351457830353744 1.1596894756415448 1.1719613219446299 1.214912784005428 1.1044661672776617 1.2455923997631406 1.2333205534600555 1.2333205534600555 1.214912784005428 
-48.5 -48.5 -48.5 -48.5 -48.5 -49.0 -49.0 -49.0 -49.0 -49.0 -49.0 -49.0 -49.0 -49.0 -49.0 -49.0 -49.5 -50.0 -49.5 -49.5 -50.5 -50.5 -51.0 -52.5 -52.5 -53.0 -52.0 -52.0 -51.5 -51.5 -51.5 -50.5 -49.5 -49.5 -49.0 -48.5 -49.0 -49.0 -49.5 -49.5 -49.5 -49.5 -49.5 -49.5 -49.5 
1.0062913968529805 1.0246991663076084 1.0492428589137786 1.086058397823034 1.0185632431560658 1.0246991663076084 1.043106935762236 0.9878836273983529 0.9940195505498954 0.9940195505498954 0.9572040116406401 0.9633399347921826 0.9510680884890975 0.9940195505498954 0.9510680884890975 1.1044661672776617 1.2210487071569704 1.2210487071569704 1.055378782065321 1.282407938672396 1.4173982480063325 1.4971652489763858 1.509437095279471 1.5278448647340985 1.4726215563702154 1.423534171157875 1.5401167110371838 1.5278448647340985 1.4419419406125027 1.564660403643354 1.3130875544301088 1.3069516312785663 1.1965050145508 1.0615147052168636 0.9940195505498954 1.000155473701438 1.1106020904292042 1.0615147052168636 1.086058397823034 1.1290098598838318 1.1290098598838318 1.1474176293384597 1.1474176293384597 1.1535535524900022 1.1474176293384597 
-51.5 -51.5 -51.5 -51.5 -51.5 -51.0 -51.0 -51.5 -51.5 -51.5 -51.5 -51.0 -51.0 -51.5 -51.5 -52.0 -51.0 -49.5 -50.0 -51.0 -51.0 -50.5 -51.0 -51.0 -51.0 -51.5 -51.5 -52.0 -51.0 -52.0 -51.5 -51.0 -51.5 -51.5 -51.5 -51.0 -50.5 -50.5 -50.5 -50.5 -50.0 -50.5 -50.5 -50.5 -50.5 
1.2333205534600555 1.1535535524900022 1.214912784005428 1.214912784005428 1.2026409377023426 1.1106020904292042 1.1044661672776617 1.086058397823034 1.1106020904292042 1.0983302441261191 1.0737865515199487 1.012427320004523 1.0185632431560658 1.0921943209745766 1.0799224746714913 1.41126232485479 1.662835174068035 1.6014759425526093 1.5462526341887264 1.576932249946439 1.7303303287350031 1.8285050991596843 1.9819031779482483 1.9757672547967058 2.018718716857504 2.0493983326152168 2.030990563160589 2.018718716857504 1.9512235621905356 1.9266798695843652 1.9819031779482483 1.945087639038993 1.9696313316451632 1.8162332528565992 1.509437095279471 1.3867186322486196 1.423534171157875 1.4419419406125027 1.4910293258248433 1.5155730184310134 1.5033011721279284 1.5585244804918115 1.5401167110371838 1.5462526341887264 1.5892040962495242 
-51.0 -51.0 -51.0 -51.0 -51.0 -51.0 -50.5 -51.0 -51.0 -51.0 -51.5 -51.0 -51.0 -50.5 -51.5 -51.5 -49.0 -48.0 -48.0 -49.5 -48.5 -50.0 -49.5 -49.0 -49.5 -50.0 -50.5 -51.0 -51.0 -48.5 -48.0 -49.0 -50.0 -51.5 -52.5 -51.5 -50.0 -49.5 -49.5 -50.0 -50.0 -50.0 -50.0 -50.0 -50.0 
1.748738098189631 1.6873788666742053 1.6935147898257479 1.705786636128833 1.7119225592803755 1.718058482431918 1.662835174068035 1.6260196351587797 1.6014759425526093 1.6444274046134073 1.576932249946439 1.6014759425526093 1.6198837120072371 1.6689710972195777 1.6321555583103222 1.7916895602504288 2.055534255766759 1.9205439464328227 2.067806102069844 2.1353012567368124 2.098485717827557 2.1537090261914402 2.2948352586769194 2.356194490192345 2.411417798556228 2.423689644859313 2.2886993355253766 2.337786720737717 2.3930100291016 2.2027964114037806 2.337786720737717 2.3071071049800045 2.1046216409791 1.8775924843720249 1.7241944055834606 1.7426021750380885 1.7916895602504288 1.8223691760081417 1.8407769454627694 1.8775924843720249 1.7855536370988863 1.9082721001297376 1.8960002538266525 1.8775924843720249 1.9144080232812801 
-53.5 -54.0 -54.0 -53.5 -53.5 -53.0 -53.5 -54.0 -54.0 -54.0 -54.5 -54.0 -54.0 -54.0 -55.0 -54.5 -52.0 -52.0 -53.5 -51.5 -50.5 -51.0 -52.5 -52.5 -52.5 -53.0 -53.5 -52.0 -52.5 -53.0 -52.0 -52.0 -54.0 -54.5 -53.5 -52.0 -50.5 -51.0 -50.5 -50.5 -50.5 -51.0 -50.5 -51.0 -51.0 
5.4671075280244255 5.154175447295755 5.350524988145116 4.95168998329485 5.3198453723874035 5.307573526084319 5.368932757599744 5.47937937432751 5.123495831538041 5.356660911296659 5.3198453723874035 5.589825991055276 5.7616318392984684 5.927301764390117 5.270757987175063 5.749359992995383 5.595961914206819 5.915029918087033 6.013204688511713 5.884350302329319 5.890486225480862 6.000932842208628 6.068427996875596 6.031612457966341 5.890486225480862 5.3198453723874035 5.755495916146925 0.05522330836388308 6.277049384028044 6.14819499784565 5.982525072754001 5.485515297479052 4.792155981354743 4.706253057233147 4.6448938257177215 4.908738521234052 4.558990901596125 4.466952054322987 4.743068596142402 4.503767593232243 4.620350133111551 
-64.0 -64.0 -65.0 -64.0 -66.0 -66.0 -65.5 -64.5 -66.0 -65.5 -65.5 -64.0 -60.0 -56.5 -59.5 -59.5 -58.0 -59.0 -58.5 -59.0 -59.5 -59.5 -59.0 -60.0 -59.5 -59.0 -56.0 -57.0 -58.5 -60.5 -65.0 -68.0 -68.5 -66.0 -66.5 -65.5 -66.0 -66.0 -65.5 -66.5 -66.5 
5.859806609723149 2.693670263527186 2.423689644859313 2.6016314162540475 2.5832236467994196 2.356194490192345 5.8475347634200645 5.6573211457222445 0.04295146206079795 0.04908738521234052 6.007068765360171 0.3436116964863836 0.1043106935762236 6.215690152512618 0.05522330836388308 0.47860200582032003 0.17794177139473438 6.227961998815704 0.46019423636569234 5.915029918087033 0.4724660826687775 5.160311370447297 5.135767677841127 5.375068680751287 5.473243451175968 5.381204603902829 5.47937937432751 5.325981295538946 5.534602682691394 5.313709449235861 5.325981295538946 
-73.0 -73.0 -72.5 -72.5 -74.0 -70.5 -59.0 -59.0 -66.5 -62.0 -60.5 -65.5 -62.5 -62.0 -62.5 -65.5 -68.0 -63.5 -70.5 -61.5 -64.0 -68.0 -64.5 -63.5 -61.5 -63.0 -63.5 -63.5 -64.0 -63.5 -64.0 
