0.2454369260617026 0.1349903093339364 0.14726215563702155 0.1718058482431918 3.0495538063166547 3.172272269347506 0.22089323345553233 0.2454369260617026 0.25157284921324513 0.3374757733348411 0.47860200582032003 4.405592822807561 3.9147189706841563 3.1231848841351653 2.350058567040802 2.386874105950058 2.2457478734645786 2.521864415283994 2.8961557275280905 2.5893595699509624 2.380738182798515 2.5709518004963345 2.767301341345697 3.380893656499953 0.7547185476397354 5.859806609723149 2.816388726558037 6.037748381117884 
-71.5 -72.0 -71.5 -71.5 -71.5 -71.0 -71.0 -71.0 -70.5 -70.5 -72.0 -67.5 -66.0 -65.0 -63.5 -64.5 -68.0 -68.5 -71.0 -68.5 -66.0 -67.0 -65.5 -66.5 -70.0 -73.5 -67.5 -68.5 
1.4419419406125027 1.368310862793992 1.4787574795217582 1.5155730184310134 1.4480778637640452 1.337631247036279 1.4358060174609601 1.4480778637640452 1.533980787885641 1.5033011721279284 1.5278448647340985 1.4296700943094176 1.4542137869155878 1.3989904785517047 1.3744467859455345 1.4726215563702154 1.3192234775816514 1.1167380135807468 0.944932165337555 0.9326603190344698 1.8100973297050567 2.5464081078901644 2.172116795646068 2.030990563160589 1.7794177139473437 1.88986433067511 2.116893487282185 2.1905245651006955 2.1537090261914402 1.9819031779482483 1.9757672547967058 1.859184714917397 2.067806102069844 1.9819031779482483 1.1780972450961724 1.2026409377023426 1.4787574795217582 1.4971652489763858 1.5401167110371838 1.5033011721279284 1.5585244804918115 1.5278448647340985 1.4480778637640452 1.5155730184310134 
-60.0 -61.0 -60.0 -61.0 -60.5 -60.5 -61.0 -61.5 -61.0 -61.5 -61.5 -62.5 -61.5 -61.5 -62.0 -63.0 -62.5 -63.5 -66.0 -63.5 -63.5 -65.0 -62.5 -62.0 -60.5 -62.0 -61.5 -60.5 -60.5 -62.0 -61.0 -62.0 -62.0 -62.0 -60.5 -61.0 -62.5 -61.5 -60.0 -60.0 -61.0 -61.0 -61.0 -61.5 
1.239456476611598 1.239456476611598 1.2026409377023426 1.2578642460662257 1.2026409377023426 1.184233168247715 1.227184630308513 1.227184630308513 1.184233168247715 1.1535535524900022 1.184233168247715 1.1596894756415448 1.1228739367322893 1.1044661672776617 1.1351457830353744 1.0737865515199487 1.043106935762236 1.055378782065321 1.0492428589137786 1.1658253987930873 1.1596894756415448 1.2026409377023426 1.1290098598838318 1.1351457830353744 1.0615147052168636 0.9817477042468103 0.9940195505498954 0.9756117810952678 0.9326603190344698 0.9265243958829272 1.0615147052168636 1.1719613219446299 1.2210487071569704 1.2455923997631406 1.0676506283684062 1.1474176293384597 1.0921943209745766 1.086058397823034 1.1106020904292042 1.141281706186917 1.2087768608538851 1.239456476611598 1.2517283229146832 1.2640001692177683 
-50.0 -50.0 -50.0 -50.0 -50.0 -49.5 -50.0 -50.0 -49.5 -50.0 -49.5 -49.5 -49.5 -49.5 -49.0 -49.5 -49.0 -48.5 -49.0 -50.0 -51.0 -51.5 -52.0 -52.5 -51.5 -52.5 -54.0 -55.0 -54.5 -54.0 -53.0 -53.0 -52.5 -52.5 -51.0 -50.0 -50.0 -49.0 -49.0 -49.0 -49.0 -49.5 -49.5 -49.5 
1.1965050145508 1.214912784005428 1.2333205534600555 1.1903690913992575 1.184233168247715 1.1596894756415448 1.1596894756415448 1.1167380135807468 1.1780972450961724 1.1596894756415448 1.1228739367322893 1.1596894756415448 1.1719613219446299 1.1596894756415448 1.1290098598838318 1.0983302441261191 1.043106935762236 0.9081166264282996 1.086058397823034 1.2762720155208536 1.4051264017032472 1.2333205534600555 1.3867186322486196 1.5892040962495242 1.5033011721279284 1.4480778637640452 1.4603497100671303 1.3867186322486196 1.4542137869155878 1.4296700943094176 1.4971652489763858 1.4173982480063325 1.4542137869155878 1.3437671701878218 1.3928545554001621 1.3621749396424494 1.1903690913992575 1.1106020904292042 1.086058397823034 1.086058397823034 1.1044661672776617 1.1351457830353744 1.1596894756415448 1.184233168247715 
-50.5 -50.5 -50.5 -50.5 -50.5 -50.5 -50.5 -50.5 -50.5 -50.5 -50.0 -50.5 -50.0 -50.5 -50.5 -50.5 -51.0 -51.5 -51.0 -51.0 -50.0 -50.5 -51.5 -52.0 -51.5 -51.5 -52.0 -52.0 -52.0 -52.0 -52.5 -52.0 -52.0 -51.5 -51.5 -52.5 -53.0 -52.0 -51.5 -51.0 -50.5 -51.0 -50.5 -50.5 
1.564660403643354 1.5892040962495242 1.5462526341887264 1.6321555583103222 1.6014759425526093 1.6014759425526093 1.564660403643354 1.5707963267948966 1.509437095279471 1.533980787885641 1.509437095279471 1.4910293258248433 1.4726215563702154 1.3989904785517047 1.4051264017032472 1.3744467859455345 1.3069516312785663 1.227184630308513 1.6137477888556946 1.8775924843720249 1.8837284075235674 1.8530487917658545 1.9389517158874505 1.945087639038993 2.055534255766759 2.1046216409791 2.12916533358527 2.1475731030398975 2.1659808724945253 2.2089323345553233 2.141437179888355 1.9819031779482483 1.9512235621905356 2.061670178918302 2.055534255766759 1.9082721001297376 1.7855536370988863 1.4971652489763858 1.509437095279471 1.5278448647340985 1.5401167110371838 1.521708941582556 1.5462526341887264 1.533980787885641 
-50.0 -50.0 -50.0 -49.5 -50.0 -50.0 -50.0 -50.0 -50.0 -49.5 -49.5 -50.0 -49.5 -49.5 -49.5 -49.0 -49.5 -50.5 -51.0 -49.0 -48.0 -49.0 -50.5 -50.5 -51.5 -50.5 -51.0 -52.0 -52.0 -52.0 -53.0 -52.0 -50.0 -48.5 -50.0 -51.5 -53.0 -52.5 -51.5 -50.0 -50.0 -50.0 -50.0 -50.0 
1.9082721001297376 1.9266798695843652 1.9205439464328227 1.945087639038993 1.9205439464328227 1.8960002538266525 1.9266798695843652 1.8837284075235674 1.7978254834019713 1.8530487917658545 1.859184714917397 1.8714565612204823 1.705786636128833 1.8530487917658545 1.6566992509164924 1.7916895602504288 1.5953400194010667 1.576932249946439 1.902136176978195 2.184388641949153 2.172116795646068 2.356194490192345 2.313243028131547 2.325514874434632 2.3193789512830896 2.386874105950058 2.380738182798515 2.435961491162398 2.466641106920111 2.380738182798515 2.4175537217077703 2.399145952253143 2.3071071049800045 2.2886993355253766 2.380738182798515 2.0800779483729293 2.018718716857504 1.8714565612204823 1.8100973297050567 1.9389517158874505 1.88986433067511 1.8960002538266525 1.9512235621905356 1.8960002538266525 
-50.5 -51.0 -50.5 -50.5 -51.0 -50.5 -50.5 -50.5 -51.0 -51.0 -51.0 -51.0 -50.5 -50.5 -50.5 -50.5 -51.5 -53.0 -52.5 -52.0 -53.0 -54.0 -52.5 -52.0 -52.5 -53.0 -53.0 -52.5 -53.0 -54.0 -53.0 -52.5 -53.5 -52.0 -52.5 -54.0 -55.0 -54.0 -52.5 -51.5 -51.0 -51.0 -50.5 -51.0 
4.749204519293945 4.503767593232243 4.534447208989955 4.81056375080937 4.724660826687775 4.485359823777615 4.693981210930062 4.565126824747668 4.6878452877785195 4.933282213840222 4.675573441475434 4.76147636559703 5.332117218690489 4.565126824747668 4.7307967498393175 4.473087977474529 4.485359823777615 5.9518454569962875 5.982525072754001 5.485515297479052 6.154330920997192 5.786175531904639 6.17273869045182 6.068427996875596 6.074563920027139 5.982525072754001 6.14819499784565 6.14819499784565 5.988660995905543 5.9518454569962875 5.651185222570702 5.798447378207723 0.07363107781851078 6.2034183062095325 6.154330920997192 5.332117218690489 5.117359908386499 4.81056375080937 4.963961829597935 4.9394181369917645 4.779884135051658 
-64.5 -66.0 -65.0 -64.0 -65.0 -65.0 -64.5 -64.5 -64.5 -64.0 -65.0 -65.5 -66.5 -65.0 -64.0 -64.5 -66.0 -61.0 -58.0 -60.5 -59.5 -60.0 -59.5 -59.5 -59.5 -59.5 -60.0 -60.0 -60.5 -60.5 -59.5 -57.0 -58.0 -61.5 -64.0 -68.0 -66.0 -66.5 -65.0 -65.5 -65.5 
5.246214294568893 5.47937937432751 5.50392306693368 5.47937937432751 5.546874528994478 5.270757987175063 5.393476450205914 5.411884219660542 5.43029198911517 5.45483568172134 5.43029198911517 5.344389064993574 5.368932757599744 5.350524988145116 5.344389064993574 5.399612373357457 5.5714182216006485 6.166602767300278 5.915029918087033 0.5154175447295755 0.15339807878856412 6.264777537724958 0.5154175447295755 0.5031456984264903 0.07976700097005335 0.0 0.14726215563702155 0.4479223900626072 0.23316507975861744 6.092971689481767 0.4356505437595221 6.013204688511713 6.111379458936394 0.018407769454627694 2.110757564130642 5.178719139901925 5.3198453723874035 5.50392306693368 5.43029198911517 
-62.5 -61.5 -63.0 -63.5 -63.5 -63.5 -63.0 -63.0 -63.5 -63.5 -62.5 -63.5 -63.0 -63.0 -61.5 -62.0 -65.5 -60.5 -61.0 -68.0 -63.0 -64.0 -66.0 -63.0 -62.5 -62.5 -63.0 -65.5 -70.0 -63.5 -64.0 -68.0 -60.5 -63.5 -67.5 -64.5 -65.5 -64.5 -63.5 
