0.01227184630308513 0.018407769454627694 2.730485802436441 0.01227184630308513 2.9636508821950587 2.9206994201342606 0.14726215563702155 0.2761165418194154 0.23930100291016002 0.09817477042468103 0.30066023442558565 0.5645049299419159 1.2087768608538851 4.865787059173254 4.196971435655114 2.6813984172241008 1.7794177139473437 2.5709518004963345 6.013204688511713 3.153864499892878 2.5464081078901644 2.6445828783148455 2.773437264497239 3.055689729468197 0.3988350048502667 4.0128937411088375 0.7976700097005334 2.8102528034064944 2.8716120349219203 2.9329712664373457 6.135923151542564 6.129787228391022 6.031612457966341 
-71.0 -71.5 -69.5 -71.5 -67.0 -70.5 -71.5 -71.5 -71.5 -71.5 -71.0 -72.5 -74.0 -70.0 -64.0 -65.0 -66.5 -69.0 -71.5 -69.5 -68.5 -66.0 -66.0 -65.0 -67.0 -67.0 -77.5 -70.0 -67.0 -67.0 -67.5 -69.0 -70.0 
1.4787574795217582 1.4848934026733007 1.5033011721279284 1.4358060174609601 1.6198837120072371 1.3928545554001621 1.0983302441261191 1.4419419406125027 1.5155730184310134 1.4542137869155878 1.4787574795217582 1.380582709097077 1.423534171157875 1.3928545554001621 1.4173982480063325 1.3560390164909069 1.2578642460662257 1.3560390164909069 1.2640001692177683 1.0737865515199487 1.0737865515199487 1.1228739367322893 2.3439226438892597 2.650718801466388 2.4850488763747385 2.313243028131547 1.8775924843720249 2.043262409463674 2.098485717827557 2.2580197197676637 1.9941750242513334 1.8285050991596843 1.9696313316451632 2.0371264863121317 1.6996507129772904 1.607611865704152 1.3989904785517047 1.4971652489763858 1.662835174068035 1.7916895602504288 1.8346410223112268 1.7978254834019713 1.8223691760081417 1.7855536370988863 1.6935147898257479 
-60.0 -60.5 -61.0 -61.0 -61.5 -61.0 -61.0 -61.0 -62.0 -61.5 -62.0 -62.0 -62.0 -62.0 -62.0 -62.5 -62.5 -63.0 -62.5 -63.5 -64.5 -63.0 -67.5 -65.5 -64.0 -62.5 -61.0 -61.5 -61.5 -60.5 -61.0 -61.0 -62.5 -62.0 -61.0 -60.5 -58.5 -59.0 -60.5 -59.5 -58.0 -59.0 -59.0 -59.5 -59.5 
1.214912784005428 1.2578642460662257 1.1965050145508 1.239456476611598 1.2210487071569704 1.1719613219446299 1.2026409377023426 1.2087768608538851 1.2087768608538851 1.1965050145508 1.2087768608538851 1.1719613219446299 1.1719613219446299 1.1903690913992575 1.141281706186917 1.2087768608538851 1.1474176293384597 1.1535535524900022 1.0492428589137786 1.0737865515199487 1.1167380135807468 1.2455923997631406 1.3008157081270237 1.3499030933393643 1.1106020904292042 1.141281706186917 1.2026409377023426 1.0185632431560658 1.012427320004523 0.9510680884890975 0.8774370106705868 1.0737865515199487 1.1167380135807468 1.2885438618239387 1.239456476611598 1.1044661672776617 1.1167380135807468 1.1474176293384597 1.1535535524900022 1.0799224746714913 1.1719613219446299 1.2517283229146832 1.2517283229146832 1.3069516312785663 1.3314953238847365 
-50.0 -50.0 -50.0 -50.0 -49.5 -49.5 -50.0 -49.5 -49.5 -49.5 -49.5 -49.5 -49.5 -49.5 -49.5 -49.5 -49.5 -49.5 -49.0 -48.5 -48.5 -49.5 -50.5 -49.5 -50.0 -52.0 -51.5 -52.5 -54.0 -54.5 -54.0 -53.5 -53.0 -53.0 -53.0 -51.5 -50.5 -50.5 -50.0 -49.5 -49.5 -49.5 -50.0 -50.5 -50.5 
1.1290098598838318 1.1780972450961724 1.184233168247715 1.1965050145508 1.214912784005428 1.1903690913992575 1.184233168247715 1.214912784005428 1.1535535524900022 1.2210487071569704 1.184233168247715 1.1535535524900022 1.1780972450961724 1.1780972450961724 1.0921943209745766 1.1474176293384597 1.2210487071569704 1.1535535524900022 1.030835089459151 1.1228739367322893 1.1106020904292042 1.2640001692177683 1.4173982480063325 1.2885438618239387 1.2578642460662257 1.4664856332186729 1.5892040962495242 1.509437095279471 1.4664856332186729 1.509437095279471 1.4848934026733007 1.5278448647340985 1.4664856332186729 1.576932249946439 1.4173982480063325 1.3744467859455345 1.3069516312785663 1.0983302441261191 1.0492428589137786 1.030835089459151 1.0737865515199487 1.1351457830353744 1.2210487071569704 1.2087768608538851 1.2026409377023426 
-50.5 -50.5 -50.5 -51.0 -50.5 -50.5 -50.5 -50.5 -50.5 -50.5 -51.0 -50.5 -50.5 -50.5 -50.5 -50.5 -50.5 -51.0 -51.0 -51.0 -51.0 -51.0 -49.5 -49.0 -50.5 -52.0 -51.5 -51.5 -52.0 -52.5 -52.5 -52.5 -52.0 -51.5 -52.5 -52.0 -52.0 -52.0 -51.5 -51.0 -50.5 -50.0 -50.5 -50.5 -50.0 
1.5892040962495242 1.5953400194010667 1.607611865704152 1.5892040962495242 1.607611865704152 1.5707963267948966 1.576932249946439 1.576932249946439 1.552388557340269 1.5707963267948966 1.5278448647340985 1.564660403643354 1.5033011721279284 1.552388557340269 1.4848934026733007 1.4603497100671303 1.4173982480063325 1.3314953238847365 1.3560390164909069 1.214912784005428 1.6444274046134073 1.8653206380689396 1.7794177139473437 1.662835174068035 1.8653206380689396 1.9082721001297376 2.024854640009046 2.116893487282185 2.1598449493429825 2.1966604882522383 2.2027964114037806 2.2212041808584084 1.9573594853420782 1.9512235621905356 2.030990563160589 2.073942025221387 2.012582793705961 1.9757672547967058 1.705786636128833 1.4971652489763858 1.6444274046134073 1.6566992509164924 1.552388557340269 1.7119225592803755 1.6873788666742053 
-50.0 -50.0 -50.0 -50.0 -50.0 -50.0 -50.0 -50.0 -50.0 -50.0 -50.0 -50.0 -49.5 -50.0 -50.0 -49.5 -49.0 -49.0 -49.5 -50.5 -51.0 -49.0 -47.5 -48.5 -49.5 -49.0 -50.5 -50.5 -51.0 -52.0 -52.0 -52.5 -51.5 -50.5 -48.5 -49.5 -51.0 -51.5 -52.5 -52.0 -51.0 -50.0 -49.5 -49.0 -49.0 
1.902136176978195 1.9082721001297376 1.846912868614312 1.9573594853420782 1.8714565612204823 1.859184714917397 1.8837284075235674 1.8775924843720249 1.8960002538266525 1.8837284075235674 1.8407769454627694 1.902136176978195 1.8407769454627694 1.8653206380689396 1.859184714917397 1.6812429435226628 1.7241944055834606 1.748738098189631 1.7978254834019713 1.6996507129772904 1.9266798695843652 2.1537090261914402 2.012582793705961 2.1598449493429825 2.2518837966161214 2.2334760271614935 2.2457478734645786 2.350058567040802 2.448233337465483 2.4911847995262812 2.435961491162398 2.380738182798515 2.454369260617026 2.442097414313941 2.282563412373834 2.3930100291016 2.466641106920111 2.12916533358527 1.846912868614312 1.7916895602504288 1.846912868614312 1.9512235621905356 1.9389517158874505 1.9696313316451632 1.9266798695843652 
-51.0 -51.0 -51.0 -51.0 -51.0 -51.0 -51.0 -51.0 -51.0 -51.0 -50.5 -51.0 -50.5 -51.0 -50.5 -50.5 -51.0 -51.0 -51.5 -53.5 -53.5 -52.0 -51.5 -54.0 -52.0 -51.0 -52.0 -52.5 -52.5 -52.5 -53.5 -52.5 -52.5 -53.5 -52.5 -52.0 -52.5 -55.0 -54.5 -53.0 -51.5 -50.0 -50.0 -50.0 -50.0 
4.865787059173254 4.651029748869264 4.681709364626977 4.841243366567084 4.73693267299086 4.73693267299086 4.792155981354743 4.7860200582032 4.534447208989955 4.6878452877785195 4.706253057233147 4.399456899656019 4.755340442445488 4.7307967498393175 4.460816131171445 4.878058905476339 4.9394181369917645 4.638757902566179 4.853515212870168 5.9518454569962875 5.798447378207723 5.473243451175968 6.092971689481767 5.8045833013592665 6.062292073724054 6.135923151542564 6.050020227420969 6.056156150572511 6.117515382087937 0.04295146206079795 6.050020227420969 5.9518454569962875 5.841398840268521 6.209554229361076 0.11044661672776616 6.264777537724958 6.160466844148735 5.491651220630596 5.074408446325701 4.755340442445488 4.4976316700806995 
-64.5 -64.0 -64.5 -65.0 -65.0 -65.5 -65.0 -64.0 -64.5 -65.5 -65.5 -65.0 -64.5 -64.5 -64.5 -65.5 -65.5 -63.5 -63.5 -62.0 -57.5 -60.5 -59.0 -58.5 -59.0 -59.5 -59.5 -59.5 -60.0 -61.0 -61.0 -60.5 -58.0 -57.0 -58.5 -60.5 -64.0 -70.5 -67.0 -64.5 -64.5 
2.2457478734645786 5.270757987175063 5.375068680751287 5.350524988145116 5.338253141842031 5.356660911296659 5.332117218690489 5.227806525114265 5.418020142812084 5.3627968344482015 5.344389064993574 5.442563835418255 5.418020142812084 5.399612373357457 5.295301679781233 5.307573526084319 5.221670601962723 2.172116795646068 0.12885438618239387 6.2034183062095325 5.921165841238575 0.25157284921324513 0.17794177139473438 0.0 0.22089323345553233 0.2270291566070749 0.1227184630308513 0.07976700097005335 0.5706408530934585 0.2761165418194154 6.1420590746941075 0.44178646691106466 0.09203884727313846 0.1349903093339364 5.289165756629691 5.3627968344482015 5.448699758569798 5.448699758569798 5.4671075280244255 
-64.0 -63.5 -63.0 -63.5 -64.0 -63.5 -66.0 -64.0 -64.0 -64.0 -64.0 -64.5 -64.5 -63.5 -64.0 -62.5 -63.5 -64.5 -66.0 -59.5 -59.0 -65.5 -62.5 -62.5 -64.5 -63.0 -64.0 -63.5 -65.5 -69.0 -65.5 -65.5 -61.5 -66.0 -64.0 -62.0 -61.5 -61.0 -61.0 
