6.178874613603362 2.9820586516496865 6.1850105367549055 6.1420590746941075 6.209554229361076 6.215690152512618 0.09817477042468103 5.105088062083414 4.859651136021712 4.589670517353839 3.6201946594101133 3.0925052683774528 2.705942109830271 2.429825568010856 5.792311455056181 5.921165841238575 2.478912953223196 2.8961557275280905 3.6754179677739964 2.791845033951867 2.834796496012665 2.988194574801229 3.000466421104314 2.9268353432858034 3.0127382674073995 3.0066023442558567 
-71.0 -69.5 -70.5 -70.5 -70.5 -72.0 -72.5 -74.5 -69.5 -67.0 -67.0 -66.5 -65.5 -66.0 -70.0 -69.5 -64.5 -66.0 -68.5 -66.5 -66.0 -66.0 -66.0 -66.5 -67.0 -67.5 
1.748738098189631 1.552388557340269 1.607611865704152 1.6321555583103222 1.6996507129772904 1.6382914814618648 1.6382914814618648 1.6198837120072371 1.6566992509164924 1.6321555583103222 1.7548740213411735 1.6260196351587797 1.8039614065535141 1.6505633277649499 1.5830681730979816 1.1290098598838318 1.3314953238847365 1.4358060174609601 1.4848934026733007 2.7120780329818137 2.36846633649543 2.043262409463674 1.8100973297050567 1.8162332528565992 2.1782527187976104 2.2457478734645786 2.2457478734645786 1.945087639038993 2.000310947402876 1.9819031779482483 1.932815792735908 1.736466251886546 1.564660403643354 1.7671458676442586 1.662835174068035 1.8714565612204823 2.030990563160589 1.9512235621905356 2.018718716857504 2.0493983326152168 2.0371264863121317 1.9880391010997909 1.8039614065535141 
-60.0 -60.0 -60.0 -59.5 -59.5 -59.5 -60.0 -60.0 -60.0 -60.0 -60.5 -60.0 -60.5 -60.5 -61.5 -63.0 -63.5 -61.5 -62.5 -69.0 -65.0 -62.0 -61.5 -62.5 -62.0 -61.5 -62.0 -61.5 -61.5 -63.0 -61.0 -60.0 -57.5 -60.0 -60.5 -60.0 -59.0 -59.0 -58.5 -59.0 -58.0 -58.5 -59.0 
1.2578642460662257 1.2885438618239387 1.2333205534600555 1.2455923997631406 1.214912784005428 1.2333205534600555 1.239456476611598 1.2762720155208536 1.2333205534600555 1.2762720155208536 1.227184630308513 1.2640001692177683 1.239456476611598 1.282407938672396 1.0921943209745766 1.2087768608538851 1.214912784005428 1.214912784005428 1.1474176293384597 1.3008157081270237 1.3192234775816514 1.1167380135807468 1.1167380135807468 1.0921943209745766 1.0246991663076084 0.9572040116406401 0.944932165337555 1.000155473701438 1.0369710126106935 1.1290098598838318 1.1903690913992575 1.3130875544301088 1.1903690913992575 1.214912784005428 1.282407938672396 1.2640001692177683 1.1780972450961724 1.3437671701878218 1.3130875544301088 1.282407938672396 1.3621749396424494 1.3130875544301088 1.3130875544301088 1.41126232485479 
-50.0 -50.0 -50.0 -50.0 -50.5 -50.5 -50.5 -50.5 -50.5 -50.5 -50.5 -50.5 -50.5 -50.5 -50.5 -49.5 -48.5 -50.0 -50.5 -51.0 -50.5 -51.5 -53.0 -52.5 -53.5 -54.5 -55.0 -54.5 -53.5 -54.0 -52.5 -52.0 -51.5 -51.5 -51.5 -51.0 -50.5 -51.0 -51.5 -51.5 -51.5 -51.0 -51.0 -51.0 
1.1596894756415448 1.214912784005428 1.2333205534600555 1.2210487071569704 1.1903690913992575 1.2455923997631406 1.214912784005428 1.1780972450961724 1.2455923997631406 1.2026409377023426 1.2517283229146832 1.227184630308513 1.239456476611598 1.1658253987930873 1.1167380135807468 1.000155473701438 1.030835089459151 1.1965050145508 1.3928545554001621 1.3744467859455345 1.3314953238847365 1.5462526341887264 1.5462526341887264 1.5155730184310134 1.4603497100671303 1.4726215563702154 1.4664856332186729 1.4726215563702154 1.5033011721279284 1.4358060174609601 1.4358060174609601 1.4787574795217582 1.2701360923693108 1.141281706186917 1.000155473701438 1.0369710126106935 1.1106020904292042 1.184233168247715 1.2333205534600555 1.184233168247715 1.2578642460662257 1.2210487071569704 1.214912784005428 
-50.5 -50.5 -50.5 -50.5 -50.5 -50.5 -50.5 -50.5 -50.5 -50.5 -50.5 -50.5 -51.0 -51.0 -51.0 -50.5 -50.5 -50.0 -50.0 -49.5 -51.0 -52.5 -52.0 -52.5 -52.5 -52.5 -52.5 -52.5 -52.0 -51.5 -51.5 -51.0 -52.0 -51.5 -51.0 -50.5 -50.5 -50.0 -50.5 -50.5 -50.5 -50.5 -50.5 
1.6689710972195777 1.6505633277649499 1.6505633277649499 1.662835174068035 1.6812429435226628 1.6566992509164924 1.6873788666742053 1.552388557340269 1.6812429435226628 1.662835174068035 1.718058482431918 1.6689710972195777 1.662835174068035 1.552388557340269 1.380582709097077 1.3867186322486196 1.6812429435226628 1.859184714917397 1.846912868614312 1.736466251886546 1.9573594853420782 2.0064468705544187 2.061670178918302 2.1537090261914402 2.172116795646068 2.184388641949153 2.1598449493429825 2.1659808724945253 2.116893487282185 2.012582793705961 1.9512235621905356 1.9880391010997909 1.9573594853420782 2.000310947402876 1.846912868614312 1.6996507129772904 1.718058482431918 1.8162332528565992 1.8530487917658545 1.8714565612204823 1.846912868614312 1.8223691760081417 1.7732817907958012 
-49.5 -50.0 -49.5 -49.5 -49.5 -49.5 -49.5 -49.5 -49.5 -49.5 -49.5 -49.5 -49.5 -49.5 -49.5 -50.0 -51.5 -50.0 -48.0 -48.5 -50.0 -50.5 -52.0 -51.5 -51.5 -51.5 -52.0 -52.5 -51.5 -50.0 -49.0 -49.0 -51.0 -51.5 -52.5 -50.5 -50.0 -49.5 -49.0 -49.0 -49.0 -49.5 -49.0 
1.945087639038993 1.9634954084936207 1.9512235621905356 1.9634954084936207 1.9696313316451632 1.9512235621905356 2.000310947402876 1.9573594853420782 1.9634954084936207 1.9880391010997909 1.9266798695843652 1.9696313316451632 1.9757672547967058 1.8837284075235674 1.8039614065535141 1.6935147898257479 1.859184714917397 1.9634954084936207 2.024854640009046 2.116893487282185 2.313243028131547 2.380738182798515 2.282563412373834 2.4605051837685683 2.454369260617026 2.4605051837685683 2.478912953223196 2.3746022596469727 2.423689644859313 2.356194490192345 2.184388641949153 2.2764274892222915 2.2948352586769194 2.1230294104337273 1.9819031779482483 1.9082721001297376 1.9696313316451632 2.110757564130642 2.1537090261914402 2.1537090261914402 2.1537090261914402 2.116893487282185 2.055534255766759 
-50.5 -50.5 -50.5 -50.5 -50.5 -50.0 -50.0 -50.0 -49.5 -50.0 -50.0 -50.0 -50.0 -49.5 -50.0 -51.0 -51.5 -51.5 -51.0 -53.0 -52.5 -51.5 -52.0 -53.0 -52.5 -53.0 -53.5 -53.5 -52.0 -53.0 -52.0 -51.0 -52.0 -53.0 -52.5 -50.0 -49.5 -50.0 -50.0 -50.0 -50.0 -50.0 -49.5 
4.749204519293945 4.822835597112456 4.595806440505381 4.828971520263998 4.81056375080937 4.681709364626977 4.779884135051658 4.76147636559703 4.798291904506286 4.9394181369917645 4.651029748869264 4.73693267299086 4.871922982324796 4.6448938257177215 4.313553975534423 6.0991076126333095 5.853670686571607 5.47937937432751 5.957981380147831 5.767767762450011 6.092971689481767 6.17273869045182 6.1420590746941075 6.1420590746941075 6.227961998815704 6.22182607566416 5.8659425328746915 5.853670686571607 5.577554144752192 6.264777537724958 0.11658253987930872 6.043884304269426 5.460971604872882 4.509903516383785 4.338097668140593 4.552854978444583 4.595806440505381 4.724660826687775 4.657165672020807 4.921010367537137 4.657165672020807 
-64.0 -64.5 -65.5 -64.0 -64.0 -65.0 -65.0 -63.5 -63.0 -65.0 -64.0 -63.5 -64.0 -63.0 -63.5 -62.5 -57.0 -61.0 -59.5 -60.5 -60.0 -60.0 -60.0 -60.5 -60.5 -60.5 -61.0 -59.5 -59.0 -56.5 -60.5 -63.0 -69.5 -67.0 -64.5 -64.5 -64.0 -63.0 -63.5 -64.0 -63.5 
5.4671075280244255 5.485515297479052 5.50392306693368 5.45483568172134 5.43029198911517 5.393476450205914 5.448699758569798 5.399612373357457 5.45483568172134 5.375068680751287 5.448699758569798 5.436427912266712 5.436427912266712 5.553010452146021 5.602097837358362 6.086835766330224 6.2463697682703305 6.050020227420969 6.037748381117884 0.3190680038802134 0.0 0.607456392002714 0.44178646691106466 0.380427235395639 0.32520392703175593 0.39269908169872414 0.6565437772150544 0.04908738521234052 0.18407769454627693 5.71868037723767 6.037748381117884 0.018407769454627694 6.258641614573416 5.822991070813893 5.092816215780329 5.375068680751287 5.473243451175968 5.442563835418255 5.448699758569798 5.540738605842936 5.497787143782138 5.375068680751287 
-60.5 -62.0 -62.5 -61.5 -61.0 -61.5 -61.0 -61.0 -60.5 -61.0 -60.0 -61.0 -60.0 -60.0 -61.5 -65.5 -61.0 -59.5 -67.0 -62.5 -65.5 -66.5 -65.0 -63.5 -64.0 -64.5 -66.5 -66.0 -63.0 -64.5 -59.5 -61.5 -64.0 -65.5 -63.5 -61.5 -61.0 -59.5 -60.5 -60.0 -60.5 -60.5 
