6.227961998815704 6.22182607566416 6.277049384028044 0.01227184630308513 3.1661363461959633 3.0802334220743677 0.07976700097005335 6.264777537724958 5.810719224510809 2.6139032625571326 2.2518837966161214 2.429825568010856 2.834796496012665 2.6813984172241008 2.6384469551633027 2.337786720737717 2.6261751088602177 3.32567034813607 1.1351457830353744 4.847379289718626 0.8528933180644165 2.761165418194154 6.013204688511713 2.718213956133356 2.8654761117703775 2.9084275738311756 2.816388726558037 6.17273869045182 
-70.5 -70.5 -70.5 -70.5 -69.5 -68.5 -70.5 -70.5 -69.0 -66.0 -64.5 -67.5 -69.5 -68.5 -68.0 -66.0 -66.0 -64.5 -70.0 -73.5 -79.0 -68.0 -69.0 -67.5 -66.0 -65.5 -66.5 -68.5 
1.4910293258248433 1.509437095279471 1.5278448647340985 1.2885438618239387 1.1596894756415448 1.576932249946439 1.4296700943094176 1.564660403643354 1.4664856332186729 1.5401167110371838 1.423534171157875 1.6382914814618648 1.718058482431918 1.6198837120072371 1.4664856332186729 1.4664856332186729 1.5462526341887264 2.1046216409791 2.3193789512830896 2.1046216409791 1.9757672547967058 1.9819031779482483 2.350058567040802 2.3316507975861747 2.1598449493429825 2.073942025221387 2.067806102069844 2.1598449493429825 1.9266798695843652 1.6996507129772904 1.6873788666742053 1.748738098189631 1.8039614065535141 1.932815792735908 1.9634954084936207 1.9880391010997909 1.9941750242513334 1.8653206380689396 1.8775924843720249 1.8285050991596843 1.8162332528565992 
-61.0 -60.5 -61.0 -61.0 -61.0 -61.5 -60.5 -62.0 -61.0 -61.0 -61.0 -61.5 -62.5 -62.0 -61.0 -62.0 -61.0 -62.0 -63.0 -60.5 -59.5 -61.5 -61.5 -61.0 -62.0 -60.5 -61.5 -60.5 -60.5 -58.5 -59.0 -59.5 -60.0 -58.5 -58.0 -59.5 -59.5 -59.5 -59.5 -60.0 -59.5 
1.3130875544301088 1.239456476611598 1.2578642460662257 1.2210487071569704 1.2640001692177683 1.3069516312785663 1.2578642460662257 1.214912784005428 1.2517283229146832 1.227184630308513 1.214912784005428 1.1719613219446299 1.1719613219446299 1.055378782065321 1.1596894756415448 1.227184630308513 1.2701360923693108 1.2578642460662257 1.2087768608538851 1.2762720155208536 1.2455923997631406 1.000155473701438 1.055378782065321 0.8835729338221293 0.8283496254582462 0.7792622402459057 0.8222137023067037 0.9142525495798421 1.1780972450961724 1.1780972450961724 1.1106020904292042 1.214912784005428 1.3192234775816514 1.2946797849754812 1.282407938672396 1.2885438618239387 1.2455923997631406 1.2640001692177683 1.227184630308513 1.282407938672396 1.2333205534600555 1.1965050145508 1.2640001692177683 
-50.5 -50.0 -50.0 -50.0 -50.0 -50.0 -49.5 -49.5 -50.0 -49.5 -49.5 -49.5 -50.0 -49.5 -49.5 -49.5 -49.5 -51.0 -52.0 -53.0 -54.0 -53.5 -54.5 -55.5 -57.0 -56.5 -56.0 -55.0 -55.5 -54.0 -53.0 -52.0 -53.0 -52.0 -51.0 -50.5 -51.5 -51.5 -51.0 -50.5 -50.5 -50.0 -50.0 
1.2455923997631406 1.2087768608538851 1.1780972450961724 1.2087768608538851 1.2026409377023426 1.227184630308513 1.1780972450961724 1.1535535524900022 1.184233168247715 1.1228739367322893 1.184233168247715 1.2087768608538851 1.2517283229146832 1.1351457830353744 1.141281706186917 1.0615147052168636 1.1228739367322893 1.2885438618239387 1.4603497100671303 1.533980787885641 1.3867186322486196 1.2517283229146832 1.4848934026733007 1.3130875544301088 1.2885438618239387 1.2946797849754812 1.2885438618239387 1.3560390164909069 1.380582709097077 1.3621749396424494 1.4051264017032472 1.2701360923693108 1.1167380135807468 1.0492428589137786 1.0185632431560658 1.0369710126106935 1.1106020904292042 1.141281706186917 1.2087768608538851 1.1658253987930873 1.1780972450961724 1.1903690913992575 1.239456476611598 
-50.5 -50.5 -50.5 -50.5 -50.5 -50.0 -50.0 -50.5 -50.5 -50.5 -50.5 -50.5 -50.5 -51.0 -51.0 -51.0 -51.5 -52.0 -52.0 -51.0 -50.0 -53.0 -53.0 -52.5 -53.0 -53.0 -53.0 -53.0 -52.5 -53.0 -52.0 -52.5 -52.5 -51.5 -51.0 -50.5 -50.5 -51.0 -51.0 -50.5 -50.5 -50.5 -50.5 
1.6873788666742053 1.6935147898257479 1.6873788666742053 1.705786636128833 1.6873788666742053 1.6566992509164924 1.6444274046134073 1.6444274046134073 1.607611865704152 1.5707963267948966 1.5462526341887264 1.552388557340269 1.533980787885641 1.4910293258248433 1.4664856332186729 1.3928545554001621 1.5462526341887264 1.9757672547967058 2.086213871524472 2.098485717827557 1.9266798695843652 2.1782527187976104 2.2580197197676637 2.2027964114037806 2.2089323345553233 2.2027964114037806 2.2334760271614935 2.2886993355253766 2.024854640009046 2.141437179888355 2.061670178918302 2.172116795646068 2.116893487282185 1.8714565612204823 1.748738098189631 1.7548740213411735 1.7916895602504288 1.7855536370988863 1.761009944492716 1.761009944492716 1.736466251886546 1.7303303287350031 1.718058482431918 
-49.0 -49.0 -49.5 -49.0 -49.5 -49.0 -48.5 -49.0 -49.0 -48.5 -49.0 -48.5 -48.5 -48.5 -48.5 -50.0 -51.5 -51.0 -50.5 -49.5 -50.0 -53.0 -53.0 -53.5 -54.5 -55.0 -54.5 -55.0 -53.5 -50.5 -51.0 -52.5 -52.5 -52.5 -51.5 -50.0 -49.5 -49.0 -49.0 -48.5 -49.0 -49.0 -49.0 
1.9573594853420782 1.9389517158874505 1.9512235621905356 1.9512235621905356 1.945087639038993 1.945087639038993 1.9144080232812801 1.8775924843720249 1.8837284075235674 1.8714565612204823 1.8714565612204823 1.9144080232812801 1.846912868614312 1.8223691760081417 1.846912868614312 1.7794177139473437 1.846912868614312 2.270291566070749 2.380738182798515 2.282563412373834 2.466641106920111 2.4727770300716534 2.429825568010856 2.521864415283994 2.5709518004963345 2.5280003384355365 2.5034566458293663 2.429825568010856 2.5157284921324514 2.423689644859313 2.386874105950058 2.466641106920111 2.2886993355253766 2.024854640009046 1.9573594853420782 1.932815792735908 2.000310947402876 1.9573594853420782 2.030990563160589 2.018718716857504 2.012582793705961 1.9941750242513334 1.9941750242513334 
-50.5 -50.5 -50.5 -50.5 -50.5 -50.5 -50.5 -50.5 -50.0 -50.0 -50.0 -50.0 -50.0 -50.0 -50.5 -52.0 -53.5 -53.5 -52.5 -53.5 -55.0 -53.5 -53.0 -54.5 -54.5 -54.5 -55.5 -53.5 -54.0 -53.5 -52.5 -53.5 -54.5 -52.5 -52.0 -51.0 -50.5 -50.5 -50.0 -50.0 -50.5 -50.0 -50.5 
4.571262747899211 4.700117134081604 4.632621979414636 4.571262747899211 4.6878452877785195 4.693981210930062 4.6878452877785195 4.620350133111551 4.614214209960009 4.558990901596125 4.589670517353839 4.6448938257177215 4.381049130201391 4.552854978444583 5.037592907416445 4.945554060143307 6.019340611663256 6.013204688511713 5.896622148632405 5.148039524144211 6.019340611663256 5.896622148632405 6.19728238305799 6.160466844148735 6.086835766330224 6.2034183062095325 6.117515382087937 5.8045833013592665 5.730952223540755 6.2463697682703305 0.15339807878856412 0.02454369260617026 4.276738436625168 4.614214209960009 4.651029748869264 4.816699673960914 4.651029748869264 4.331961744989051 4.681709364626977 4.399456899656019 
-63.5 -63.0 -63.0 -62.5 -63.5 -62.5 -63.0 -62.5 -63.0 -62.5 -62.5 -62.0 -63.0 -63.5 -64.0 -69.5 -65.0 -64.5 -59.5 -62.0 -61.5 -61.5 -62.5 -63.0 -63.0 -63.0 -62.0 -61.0 -59.5 -58.5 -62.5 -64.5 -65.5 -66.0 -65.0 -63.5 -65.5 -65.0 -64.0 -64.0 
5.2768939103266055 5.086680292628786 5.190990986205009 5.252350217720435 5.240078371417351 5.129631754689584 5.178719139901925 5.190990986205009 5.129631754689584 5.1725832167503825 5.154175447295755 4.9394181369917645 5.031456984264903 5.252350217720435 5.184855063053467 2.2764274892222915 0.11658253987930872 6.086835766330224 0.6688156235181395 0.4111068511533518 0.6504078540635119 0.4724660826687775 0.6258641614573416 0.7669903939428205 0.662679700366597 0.5706408530934585 6.092971689481767 5.982525072754001 0.30679615757712825 0.1043106935762236 6.1420590746941075 5.387340527054372 5.2339424482658075 5.344389064993574 5.473243451175968 5.436427912266712 5.418020142812084 5.448699758569798 5.375068680751287 5.2768939103266055 
-63.0 -62.5 -62.5 -62.5 -62.0 -64.5 -62.5 -62.0 -63.5 -62.5 -61.5 -62.0 -62.0 -61.0 -62.0 -69.0 -60.5 -63.0 -65.5 -66.0 -65.5 -65.0 -66.0 -67.0 -70.5 -65.0 -70.0 -62.5 -63.0 -64.5 -68.0 -67.0 -64.5 -63.0 -62.0 -61.5 -61.5 -62.0 -62.0 -61.5 
