2.6016314162540475 2.8777479580734626 2.693670263527186 3.0250101137104846 2.6384469551633027 5.976389149602458 2.6568547246179306 2.6016314162540475 2.5157284921324514 6.000932842208628 2.779573187648782 5.9518454569962875 2.5341362615870793 2.5832236467994196 2.859340188618835 3.2643111166206444 2.890019804376548 2.5402721847386216 0.03681553890925539 3.104777114680538 2.8777479580734626 2.9697868053466014 2.5893595699509624 2.6998061866787286 2.8532042654672924 3.074097498922825 3.0127382674073995 2.804116880254952 2.650718801466388 3.031146036862027 0.4356505437595221 3.1906800388021335 2.945243112740431 2.890019804376548 2.816388726558037 6.14819499784565 6.14819499784565 2.7979809571034093 2.7550294950426117 5.890486225480862 2.736621725587984 2.429825568010856 5.8045833013592665 
-68.0 -67.5 -68.0 -65.5 -67.5 -69.0 -68.0 -68.0 -66.0 -69.0 -67.5 -68.5 -67.5 -67.5 -68.5 -66.5 -64.0 -62.5 -64.0 -61.5 -61.5 -61.0 -60.5 -60.5 -59.5 -61.5 -61.5 -61.0 -58.5 -60.0 -64.5 -61.0 -64.0 -61.5 -61.0 -66.0 -68.5 -68.0 -68.5 -68.5 -66.5 -66.0 -67.5 
2.767301341345697 2.650718801466388 2.736621725587984 2.7979809571034093 2.8838838812250054 2.8102528034064944 2.8102528034064944 2.804116880254952 2.705942109830271 2.5954954931025047 2.767301341345697 2.662990647769473 2.6200391857086753 2.718213956133356 2.761165418194154 2.773437264497239 2.693670263527186 2.466641106920111 2.5280003384355365 2.9759227284981438 2.8409324191642074 2.60776733940559 2.5770877236478773 2.5280003384355365 2.730485802436441 2.6445828783148455 2.8716120349219203 2.773437264497239 2.399145952253143 2.84706834231575 3.2949907323783574 3.08636934522591 3.0250101137104846 2.773437264497239 2.650718801466388 2.945243112740431 2.6016314162540475 2.650718801466388 2.693670263527186 2.8286605728611223 2.8654761117703775 2.5770877236478773 2.4727770300716534 2.834796496012665 
-63.5 -64.0 -64.5 -63.0 -65.0 -65.0 -63.0 -63.5 -64.5 -64.5 -65.0 -64.5 -65.0 -64.5 -64.5 -63.0 -61.0 -63.0 -60.5 -61.0 -59.0 -59.5 -58.5 -60.5 -61.5 -61.0 -60.5 -61.0 -59.0 -60.0 -62.0 -61.5 -63.5 -65.0 -62.5 -66.0 -65.0 -64.5 -66.0 -64.5 -65.0 -65.5 -64.5 -64.5 
6.22182607566416 6.191146459906448 6.227961998815704 6.135923151542564 6.166602767300278 6.258641614573416 6.17273869045182 6.191146459906448 6.234097921967246 6.270913460876501 0.04908738521234052 6.191146459906448 6.209554229361076 6.240233845118788 6.215690152512618 0.04295146206079795 0.4111068511533518 0.5154175447295755 0.6749515466696822 0.6688156235181395 0.46019423636569234 0.3374757733348411 0.39269908169872414 0.3620194659410113 0.34974761963792617 0.30679615757712825 0.3313398501832985 0.35588354278946877 0.39269908169872414 0.3865631585471816 0.5123495831538042 0.9203884727313847 0.5154175447295755 0.4540583132141498 0.42337869745643697 0.2638446955163303 0.04908738521234052 6.252505691421874 6.22182607566416 6.258641614573416 6.191146459906448 6.22182607566416 6.22182607566416 0.006135923151542565 6.191146459906448 6.264777537724958 
-58.0 -58.0 -58.0 -57.5 -58.0 -57.5 -57.5 -57.0 -57.5 -57.5 -57.0 -57.0 -57.0 -57.0 -57.0 -56.5 -53.5 -54.0 -55.5 -53.0 -52.0 -53.5 -55.0 -54.0 -53.5 -53.5 -53.5 -53.5 -54.0 -54.5 -52.0 -53.0 -56.0 -55.5 -54.0 -54.0 -56.5 -56.5 -56.5 -57.0 -57.0 -57.5 -56.5 -56.0 -56.5 -57.0 
0.9019807032767571 0.9694758579437253 0.9510680884890975 0.9203884727313847 0.8528933180644165 0.944932165337555 0.8774370106705868 0.9142525495798421 0.9019807032767571 0.8774370106705868 0.8651651643675016 0.859029241215959 0.8467573949128739 0.859029241215959 0.8651651643675016 0.8344855486097889 0.7117670855789375 0.8528933180644165 0.8160777791551611 0.662679700366597 0.6504078540635119 0.6320000846088841 0.6565437772150544 0.6442719309119693 0.6013204688511713 0.6320000846088841 0.7363107781851077 0.6749515466696822 0.7547185476397354 0.7240389318820226 0.7025632008516236 0.7547185476397354 0.8835729338221293 0.8651651643675016 0.7853981633974483 0.6320000846088841 0.6872233929727672 0.8344855486097889 0.8406214717613314 0.9019807032767571 0.8467573949128739 0.7424467013366504 0.760854470791278 0.7976700097005334 0.7792622402459057 0.8099418560036186 
-57.0 -57.5 -57.0 -57.5 -57.5 -57.5 -57.0 -57.5 -57.0 -57.5 -57.5 -57.5 -57.5 -57.5 -57.5 -57.0 -56.0 -54.0 -53.0 -53.0 -54.5 -54.0 -54.5 -55.0 -55.0 -55.5 -55.5 -55.0 -54.5 -54.5 -53.0 -53.0 -53.0 -53.0 -54.5 -55.5 -57.5 -58.5 -57.5 -57.5 -58.0 -58.0 -57.5 -57.5 -57.5 -57.5 
1.2333205534600555 1.214912784005428 1.1965050145508 1.1658253987930873 1.2640001692177683 1.1965050145508 1.1658253987930873 1.1719613219446299 1.2333205534600555 1.184233168247715 1.214912784005428 1.2087768608538851 1.1719613219446299 1.2026409377023426 1.1719613219446299 1.1658253987930873 1.0799224746714913 1.012427320004523 0.8897088569736719 0.6688156235181395 0.5031456984264903 0.3988350048502667 0.4540583132141498 0.4663301595172349 0.5031456984264903 0.521553467881118 0.5338253141842031 0.47860200582032003 0.6688156235181395 0.6504078540635119 0.5246214294568893 0.6749515466696822 0.760854470791278 1.0921943209745766 0.9265243958829272 0.9878836273983529 1.1290098598838318 1.0921943209745766 1.1044661672776617 1.086058397823034 1.0921943209745766 1.1351457830353744 1.0369710126106935 1.141281706186917 1.227184630308513 1.055378782065321 
-56.0 -56.5 -56.0 -56.0 -56.5 -56.5 -56.5 -56.0 -56.5 -56.5 -56.5 -56.0 -56.5 -56.0 -55.5 -54.5 -53.0 -52.5 -51.5 -51.5 -52.5 -53.5 -53.5 -53.5 -53.5 -54.0 -54.0 -53.5 -53.5 -53.0 -53.0 -52.0 -51.0 -52.5 -54.0 -53.5 -55.0 -56.5 -57.0 -56.5 -57.0 -57.0 -57.0 -56.5 -56.5 -56.5 
2.086213871524472 2.1046216409791 2.116893487282185 2.1353012567368124 2.116893487282185 2.1537090261914402 2.0800779483729293 2.067806102069844 2.0800779483729293 2.098485717827557 2.0064468705544187 2.172116795646068 2.0923497946760143 2.0923497946760143 2.184388641949153 2.1046216409791 1.564660403643354 1.5953400194010667 1.2701360923693108 1.5953400194010667 1.5953400194010667 1.7978254834019713 1.564660403643354 1.9389517158874505 1.7241944055834606 1.7303303287350031 1.7548740213411735 1.8285050991596843 1.7426021750380885 1.718058482431918 1.5830681730979816 1.509437095279471 1.4910293258248433 1.368310862793992 1.423534171157875 1.564660403643354 1.7978254834019713 1.945087639038993 2.067806102069844 1.9757672547967058 2.0064468705544187 2.000310947402876 1.9696313316451632 1.9819031779482483 1.9512235621905356 1.9266798695843652 
-60.5 -60.5 -61.0 -60.0 -60.5 -61.5 -61.5 -61.5 -61.5 -61.5 -61.5 -62.0 -62.0 -61.0 -60.5 -59.0 -57.5 -56.5 -56.5 -61.0 -60.0 -59.5 -60.0 -61.0 -59.5 -59.0 -59.5 -59.0 -58.5 -57.5 -60.5 -57.5 -56.5 -55.5 -55.0 -57.0 -59.5 -60.5 -62.0 -62.5 -62.5 -62.5 -61.5 -62.0 -62.0 -62.0 
5.049864753719531 5.092816215780329 5.190990986205009 5.080544369477243 5.0682725231741586 5.356660911296659 5.135767677841127 5.006913291658733 4.681709364626977 5.056000676871073 5.00077736850719 4.7307967498393175 4.196971435655114 4.583534594202296 4.147884050442774 3.8410878928656453 3.6201946594101133 3.8533597391687304 3.1906800388021335 6.227961998815704 0.1902136176978195 0.7731263170943632 3.380893656499953 3.3870295796514958 4.006757817957295 4.08959278050312 3.933126740138784 3.736777199289422 4.651029748869264 4.92714629068868 4.681709364626977 5.0682725231741586 5.1725832167503825 5.227806525114265 5.264622064023521 5.313709449235861 5.516194913236766 5.258486140871978 5.497787143782138 5.442563835418255 
-68.5 -68.5 -66.5 -69.0 -69.0 -66.5 -69.0 -68.0 -68.0 -67.5 -68.5 -65.5 -68.5 -69.0 -64.5 -62.5 -67.0 -63.0 -62.0 -69.0 -71.5 -72.0 -71.5 -67.0 -64.0 -65.0 -65.0 -65.0 -66.5 -71.5 -71.5 -70.0 -70.5 -69.5 -69.5 -70.5 -70.0 -69.5 -68.0 -67.0 
0.11044661672776616 0.16566992509164924 0.06135923151542565 0.17794177139473438 0.11658253987930872 0.19634954084936207 0.21475731030398976 0.15339807878856412 0.1718058482431918 0.2945243112740431 0.19634954084936207 0.09203884727313846 0.28225246497095796 0.23930100291016002 0.07363107781851078 6.111379458936394 5.859806609723149 5.724816300389213 5.436427912266712 2.6998061866787286 5.853670686571607 5.602097837358362 5.595961914206819 5.957981380147831 5.872078456026235 5.853670686571607 5.829126993965437 5.712544454086128 5.976389149602458 2.662990647769473 5.546874528994478 5.553010452146021 5.6143696836614465 5.5714182216006485 6.007068765360171 6.2034183062095325 0.01227184630308513 0.23316507975861744 0.0859029241215959 0.1718058482431918 0.3190680038802134 0.28225246497095796 0.11658253987930872 0.2699806186678728 
-61.0 -62.5 -62.5 -61.5 -62.0 -62.0 -61.5 -62.0 -62.0 -62.0 -62.0 -62.5 -62.5 -62.5 -62.0 -61.5 -61.5 -60.5 -62.5 -66.0 -62.5 -61.0 -63.0 -60.5 -61.0 -61.0 -61.0 -60.0 -63.0 -64.5 -62.0 -61.5 -61.0 -60.5 -61.0 -61.0 -61.0 -62.0 -62.0 -62.5 -62.0 -63.0 -62.5 -62.0 
