2.6813984172241008 2.791845033951867 2.6384469551633027 2.761165418194154 2.718213956133356 2.773437264497239 2.791845033951867 2.6813984172241008 2.8409324191642074 2.834796496012665 2.761165418194154 2.705942109830271 2.742757648739526 2.804116880254952 2.693670263527186 6.17273869045182 3.3624858870453256 3.2397674240144743 3.0802334220743677 3.466796580621549 3.2704470397721868 3.08636934522591 3.0066023442558567 3.074097498922825 3.141592653589793 3.0066023442558567 2.6016314162540475 2.5034566458293663 2.4850488763747385 2.8409324191642074 2.6323110320117604 5.737088146692298 2.60776733940559 2.435961491162398 2.5832236467994196 2.5893595699509624 
-62.5 -62.5 -63.0 -62.5 -62.5 -62.5 -63.0 -63.0 -63.0 -63.0 -63.0 -62.0 -63.0 -64.0 -64.0 -67.5 -64.5 -64.0 -64.0 -64.0 -65.5 -67.5 -66.0 -63.0 -64.0 -64.0 -62.0 -61.0 -62.0 -62.0 -66.0 -66.0 -65.5 -64.0 -64.5 -64.5 
1.9573594853420782 1.9696313316451632 2.024854640009046 2.055534255766759 2.116893487282185 1.9144080232812801 2.0371264863121317 2.043262409463674 2.0800779483729293 2.000310947402876 1.9880391010997909 2.030990563160589 2.012582793705961 1.945087639038993 2.110757564130642 2.2948352586769194 2.448233337465483 2.423689644859313 2.804116880254952 3.2765829629237295 3.08636934522591 2.736621725587984 2.448233337465483 2.4727770300716534 2.435961491162398 2.067806102069844 2.497320722677824 2.435961491162398 3.0066023442558567 3.3011266555298997 3.3011266555298997 3.4913402732277192 2.9145634969827183 2.509592568980909 2.184388641949153 2.0493983326152168 2.0064468705544187 2.024854640009046 2.0064468705544187 2.1598449493429825 2.1966604882522383 1.9757672547967058 
-62.5 -61.0 -61.5 -61.5 -62.0 -62.5 -62.5 -62.0 -61.0 -60.5 -62.0 -61.5 -61.5 -62.0 -62.5 -62.5 -61.5 -63.0 -65.5 -63.5 -62.0 -61.5 -62.0 -61.5 -62.0 -62.0 -62.5 -62.0 -61.0 -61.0 -63.0 -65.5 -66.5 -64.0 -63.0 -64.0 -63.5 -63.0 -63.0 -63.0 -63.0 -63.0 
0.8099418560036186 0.8344855486097889 0.8651651643675016 0.7976700097005334 0.8222137023067037 0.8283496254582462 0.8283496254582462 0.8160777791551611 0.8344855486097889 0.859029241215959 0.8283496254582462 0.8344855486097889 0.859029241215959 0.803805932852076 0.7792622402459057 0.8283496254582462 0.8713010875190442 0.7915340865489908 0.9510680884890975 1.0737865515199487 0.8897088569736719 0.8897088569736719 0.7547185476397354 0.7240389318820226 0.7363107781851077 0.7301748550335652 0.705631162427395 0.619728238305799 0.7485826244881929 0.9142525495798421 1.0246991663076084 0.803805932852076 0.6688156235181395 0.7179030087304801 0.5276893910326605 0.4663301595172349 0.4540583132141498 0.4663301595172349 0.4724660826687775 0.5338253141842031 0.5645049299419159 0.5890486225480862 0.5829126993965437 0.6013204688511713 
-49.0 -49.5 -49.0 -49.0 -49.0 -49.0 -49.0 -49.0 -49.0 -49.0 -49.0 -49.0 -49.0 -49.0 -49.5 -50.5 -51.0 -52.0 -53.0 -51.5 -51.0 -51.5 -51.5 -51.5 -51.5 -51.5 -51.5 -51.0 -51.5 -50.5 -51.5 -54.0 -52.5 -51.0 -51.0 -51.0 -51.0 -51.0 -50.5 -50.5 -50.0 -50.0 -50.0 -49.5 
0.8835729338221293 0.9019807032767571 0.7669903939428205 0.8774370106705868 0.859029241215959 0.8958447801252144 0.9081166264282996 0.8774370106705868 0.8651651643675016 0.859029241215959 0.9081166264282996 0.9019807032767571 0.8651651643675016 0.8774370106705868 0.859029241215959 0.9510680884890975 1.0369710126106935 1.3069516312785663 1.4848934026733007 1.2333205534600555 1.1474176293384597 1.184233168247715 1.227184630308513 1.1228739367322893 1.1351457830353744 1.0369710126106935 1.000155473701438 1.1596894756415448 1.141281706186917 0.9694758579437253 1.1044661672776617 1.2517283229146832 1.2640001692177683 1.1290098598838318 0.9081166264282996 0.8528933180644165 0.8283496254582462 0.7485826244881929 0.7485826244881929 0.760854470791278 0.705631162427395 0.6933593161243098 0.7240389318820226 0.7179030087304801 
-51.0 -51.0 -51.0 -51.0 -51.0 -50.5 -51.0 -50.5 -51.0 -50.5 -51.0 -50.5 -50.5 -51.0 -51.0 -51.0 -51.5 -52.5 -51.5 -49.5 -49.5 -50.5 -50.0 -50.0 -50.5 -50.5 -50.5 -50.5 -50.5 -50.0 -49.5 -50.5 -51.0 -51.5 -52.0 -53.0 -53.0 -53.0 -52.5 -52.5 -52.0 -52.0 -52.0 -52.0 
1.3008157081270237 1.239456476611598 1.2640001692177683 1.2517283229146832 1.214912784005428 1.2885438618239387 1.3069516312785663 1.2701360923693108 1.239456476611598 1.2946797849754812 1.282407938672396 1.2885438618239387 1.1351457830353744 1.2455923997631406 1.3621749396424494 1.6444274046134073 1.8039614065535141 1.8285050991596843 1.8407769454627694 1.552388557340269 1.509437095279471 1.4664856332186729 1.4173982480063325 1.4480778637640452 1.4296700943094176 1.337631247036279 1.2578642460662257 1.2701360923693108 1.239456476611598 1.2762720155208536 1.2578642460662257 1.4910293258248433 1.5401167110371838 1.6321555583103222 1.6260196351587797 1.5707963267948966 1.423534171157875 1.4051264017032472 1.2455923997631406 1.227184630308513 1.2026409377023426 1.214912784005428 1.2517283229146832 1.2701360923693108 
-53.5 -53.5 -53.5 -53.0 -53.0 -53.5 -53.5 -53.5 -53.5 -53.5 -53.5 -53.0 -53.5 -54.0 -55.0 -54.5 -53.0 -52.0 -49.5 -50.0 -50.0 -51.0 -51.0 -51.5 -51.0 -50.5 -51.0 -50.5 -51.0 -50.0 -49.5 -49.5 -50.0 -50.5 -52.5 -55.0 -55.5 -55.5 -55.5 -55.5 -56.0 -55.5 -56.0 -55.5 
1.6321555583103222 1.607611865704152 1.6014759425526093 1.607611865704152 1.5953400194010667 1.6260196351587797 1.6505633277649499 1.6996507129772904 1.6873788666742053 1.6014759425526093 1.6137477888556946 1.6873788666742053 1.6260196351587797 1.6382914814618648 1.564660403643354 1.8162332528565992 1.9819031779482483 2.172116795646068 1.9634954084936207 1.8530487917658545 2.067806102069844 1.9696313316451632 2.030990563160589 2.086213871524472 2.018718716857504 2.0064468705544187 1.8653206380689396 1.8775924843720249 1.945087639038993 1.9389517158874505 1.8346410223112268 1.7119225592803755 1.8653206380689396 1.88986433067511 1.6751070203711202 1.662835174068035 1.6812429435226628 1.4971652489763858 1.5462526341887264 1.5155730184310134 1.6321555583103222 1.5278448647340985 1.5462526341887264 1.509437095279471 
-53.5 -53.0 -53.5 -53.5 -53.5 -53.5 -53.5 -53.5 -53.0 -53.5 -53.0 -53.0 -53.0 -53.5 -55.0 -54.5 -54.0 -52.5 -51.5 -54.0 -54.0 -53.5 -55.5 -54.0 -53.5 -53.0 -54.0 -55.5 -54.0 -54.5 -54.0 -52.5 -51.0 -52.0 -54.0 -56.5 -57.0 -56.5 -56.0 -56.0 -56.0 -55.5 -55.0 -55.0 
4.957825906446392 5.031456984264903 5.098952138931871 4.822835597112456 5.037592907416445 5.141903600992669 4.902602598082509 5.080544369477243 4.908738521234052 4.92714629068868 4.841243366567084 4.896466674930966 5.1725832167503825 5.522330836388308 5.786175531904639 5.675728915176872 5.252350217720435 5.283029833478148 4.865787059173254 4.767612288748572 5.105088062083414 4.828971520263998 4.608078286808466 4.724660826687775 5.074408446325701 4.988505522204105 5.074408446325701 5.338253141842031 5.724816300389213 5.473243451175968 5.45483568172134 5.368932757599744 5.497787143782138 5.3627968344482015 5.2768939103266055 4.95168998329485 5.0682725231741586 4.755340442445488 
-63.0 -62.5 -63.0 -63.0 -62.5 -63.5 -63.0 -61.5 -63.0 -62.5 -63.0 -62.0 -63.5 -64.5 -60.0 -57.5 -60.0 -58.0 -58.5 -61.0 -61.5 -62.5 -61.5 -59.0 -58.0 -59.5 -58.0 -59.0 -59.5 -59.5 -62.0 -62.5 -62.0 -63.5 -63.0 -63.5 -63.5 -63.0 
2.0800779483729293 2.067806102069844 2.024854640009046 1.9696313316451632 2.0800779483729293 5.577554144752192 5.325981295538946 2.000310947402876 2.325514874434632 5.921165841238575 6.22182607566416 5.773903685601553 0.14112623248547898 6.258641614573416 5.878214379177777 6.135923151542564 6.068427996875596 5.957981380147831 5.976389149602458 5.93343768754166 6.031612457966341 5.773903685601553 6.270913460876501 2.5464081078901644 5.602097837358362 5.6941366846315 5.64504929941916 6.000932842208628 0.11044661672776616 2.9636508821950587 2.6568547246179306 
-69.0 -69.0 -69.0 -69.0 -68.5 -68.0 -66.0 -68.0 -72.5 -67.0 -62.5 -62.0 -69.0 -65.0 -64.5 -65.0 -63.5 -62.5 -61.5 -62.0 -63.0 -63.5 -65.0 -64.5 -61.5 -61.0 -62.5 -67.0 -71.0 -75.5 -74.5 
