2.6016314162540475 2.761165418194154 2.773437264497239 2.761165418194154 5.915029918087033 5.939573610693203 2.767301341345697 5.915029918087033 5.835262917116979 2.84706834231575 6.129787228391022 3.4054373491061236 3.0495538063166547 3.098641191528995 3.117048960983623 0.29145634969827183 3.4177091954092087 3.018874190558942 3.031146036862027 3.129320807286708 0.07976700097005335 0.1227184630308513 3.2029518851052186 3.3318062712876126 2.834796496012665 2.82252464970958 2.773437264497239 2.8961557275280905 6.111379458936394 5.841398840268521 2.6691265709210157 2.429825568010856 2.736621725587984 5.712544454086128 2.5709518004963345 5.7616318392984684 
-64.0 -65.0 -64.5 -63.0 -65.5 -66.0 -65.5 -67.0 -67.5 -68.0 -70.5 -68.5 -63.0 -63.5 -64.5 -64.0 -63.5 -63.5 -64.0 -63.5 -64.0 -64.0 -64.5 -63.5 -66.0 -62.5 -62.5 -62.5 -67.0 -69.5 -66.5 -65.0 -66.0 -67.0 -65.5 -65.5 
2.0064468705544187 2.055534255766759 1.9819031779482483 2.073942025221387 1.7119225592803755 2.1230294104337273 1.3560390164909069 1.9696313316451632 2.0064468705544187 5.148039524144211 1.9941750242513334 2.030990563160589 1.9941750242513334 2.0493983326152168 2.172116795646068 2.067806102069844 2.1782527187976104 2.2764274892222915 2.5954954931025047 2.4911847995262812 6.1850105367549055 6.237165883543017 2.84706834231575 2.724349879284899 2.5157284921324514 5.878214379177777 2.662990647769473 2.509592568980909 2.5034566458293663 2.356194490192345 2.9206994201342606 3.0925052683774528 0.006135923151542565 2.890019804376548 2.350058567040802 2.36846633649543 2.1537090261914402 1.9757672547967058 2.012582793705961 1.9512235621905356 1.8653206380689396 2.0371264863121317 2.1537090261914402 2.0371264863121317 2.086213871524472 
-62.5 -62.5 -63.0 -63.0 -62.5 -62.0 -62.5 -62.5 -64.0 -64.0 -61.5 -63.5 -62.0 -63.0 -64.5 -64.5 -64.0 -63.5 -60.5 -60.5 -64.0 -63.0 -60.5 -61.5 -61.5 -63.5 -62.5 -62.5 -62.0 -62.0 -62.0 -63.0 -66.0 -66.0 -65.0 -63.0 -62.5 -63.5 -63.5 -64.0 -64.0 -62.5 -64.5 -64.0 -64.5 
0.6933593161243098 0.705631162427395 0.7240389318820226 0.705631162427395 0.6688156235181395 0.5890486225480862 0.6013204688511713 0.6258641614573416 0.6013204688511713 0.5522330836388308 0.6258641614573416 0.5767767762450011 0.5338253141842031 0.5460971604872883 0.4663301595172349 0.4295146206079795 0.3436116964863836 0.48473792897186263 0.8344855486097889 0.6994952392758523 0.8528933180644165 4.0036898563815235 0.7915340865489908 0.760854470791278 0.6810874698212247 0.662679700366597 0.6994952392758523 0.705631162427395 0.705631162427395 0.7424467013366504 0.7976700097005334 0.8222137023067037 0.9572040116406401 0.7792622402459057 0.7547185476397354 0.760854470791278 0.46019423636569234 0.4724660826687775 0.3865631585471816 0.47860200582032003 0.39269908169872414 0.3988350048502667 0.4356505437595221 0.4049709280018093 0.5031456984264903 
-49.5 -49.5 -49.5 -49.5 -49.5 -49.5 -49.0 -49.5 -49.5 -49.5 -49.5 -50.0 -49.5 -49.5 -50.0 -50.0 -50.5 -51.0 -50.5 -51.5 -51.5 -50.5 -50.5 -51.0 -51.0 -51.0 -50.5 -51.5 -51.5 -51.0 -51.0 -50.5 -52.0 -52.0 -51.5 -51.0 -51.0 -51.0 -51.0 -50.5 -50.5 -51.0 -50.5 -50.5 -50.0 
0.8651651643675016 0.8222137023067037 0.8467573949128739 0.8099418560036186 0.7669903939428205 0.7547185476397354 0.7669903939428205 0.6565437772150544 0.7669903939428205 0.7240389318820226 0.5890486225480862 0.6749515466696822 0.6994952392758523 0.7669903939428205 0.607456392002714 0.6810874698212247 0.6381360077604268 0.760854470791278 0.8774370106705868 1.1474176293384597 1.1596894756415448 1.000155473701438 0.9081166264282996 0.9756117810952678 1.043106935762236 0.9387962421860124 0.9387962421860124 0.8713010875190442 1.0062913968529805 1.0615147052168636 1.055378782065321 1.000155473701438 1.2885438618239387 1.325359400733194 1.3192234775816514 1.0983302441261191 0.8835729338221293 0.7976700097005334 0.7976700097005334 0.7853981633974483 0.6933593161243098 0.7301748550335652 0.7363107781851077 0.760854470791278 0.6994952392758523 
-51.5 -51.5 -51.5 -51.5 -51.5 -52.0 -51.5 -52.0 -51.5 -51.5 -52.0 -52.0 -52.0 -52.5 -53.0 -53.0 -53.5 -54.0 -52.5 -52.5 -51.0 -50.5 -50.5 -51.0 -50.5 -50.5 -50.5 -51.0 -50.5 -50.5 -50.5 -49.5 -50.0 -51.0 -51.5 -52.0 -53.0 -53.0 -53.0 -53.0 -53.0 -53.5 -53.0 -53.5 -53.0 
1.2578642460662257 1.2210487071569704 1.1474176293384597 1.1535535524900022 1.1596894756415448 1.1965050145508 1.1658253987930873 1.1903690913992575 1.1719613219446299 1.1719613219446299 1.214912784005428 1.055378782065321 1.086058397823034 1.0983302441261191 1.012427320004523 0.9633399347921826 1.0185632431560658 1.2640001692177683 1.564660403643354 1.4542137869155878 1.4051264017032472 1.2762720155208536 1.2578642460662257 1.2210487071569704 1.227184630308513 1.2210487071569704 1.2517283229146832 1.3008157081270237 1.3192234775816514 1.2946797849754812 1.3192234775816514 1.239456476611598 1.423534171157875 1.5830681730979816 1.6505633277649499 1.6198837120072371 1.4664856332186729 1.423534171157875 1.3560390164909069 1.282407938672396 1.2946797849754812 1.3130875544301088 1.282407938672396 1.1780972450961724 1.239456476611598 
-54.0 -54.0 -54.0 -54.0 -53.5 -54.0 -54.0 -54.0 -54.0 -54.0 -54.0 -54.0 -54.0 -54.0 -54.0 -54.5 -54.5 -53.5 -52.0 -52.0 -49.5 -49.5 -49.0 -49.5 -50.0 -50.5 -50.5 -50.5 -50.5 -50.5 -50.5 -50.0 -49.5 -50.0 -51.5 -52.5 -55.0 -55.5 -56.0 -56.0 -56.0 -56.0 -55.5 -56.0 -56.0 
1.6014759425526093 1.6014759425526093 1.5830681730979816 1.607611865704152 1.6260196351587797 1.5830681730979816 1.6444274046134073 1.5830681730979816 1.576932249946439 1.5462526341887264 1.564660403643354 1.5462526341887264 1.4603497100671303 1.4787574795217582 1.4726215563702154 1.4787574795217582 1.4603497100671303 1.5278448647340985 1.8285050991596843 1.8100973297050567 1.5892040962495242 1.6720390587953489 1.7671458676442586 1.748738098189631 1.6505633277649499 1.8100973297050567 1.8775924843720249 1.8100973297050567 1.8714565612204823 1.7426021750380885 1.9144080232812801 1.8100973297050567 1.7732817907958012 1.6996507129772904 1.9819031779482483 1.9634954084936207 1.736466251886546 1.6996507129772904 1.5278448647340985 1.5953400194010667 1.5278448647340985 1.6935147898257479 1.552388557340269 1.5401167110371838 1.564660403643354 
-54.0 -54.0 -53.5 -54.5 -54.0 -54.0 -54.5 -54.5 -54.5 -54.0 -54.5 -54.5 -55.0 -55.0 -55.5 -56.0 -57.5 -58.0 -54.5 -53.0 -52.5 -55.5 -54.0 -54.0 -56.0 -55.0 -54.5 -54.0 -54.5 -55.5 -54.0 -54.0 -54.0 -52.5 -51.0 -53.0 -57.0 -57.5 -56.5 -57.0 -57.0 -57.5 -57.5 -57.0 -56.5 
5.031456984264903 5.080544369477243 4.890330751779424 5.043728830567988 4.841243366567084 4.9823695990525625 5.031456984264903 4.626486056263094 5.037592907416445 4.988505522204105 4.933282213840222 4.743068596142402 4.865787059173254 4.841243366567084 4.773748211900116 4.8351074434155406 4.871922982324796 4.816699673960914 5.71868037723767 5.117359908386499 4.933282213840222 5.111223985234957 5.148039524144211 4.546719055293041 4.657165672020807 4.847379289718626 4.921010367537137 4.620350133111551 4.595806440505381 5.043728830567988 5.332117218690489 5.049864753719531 5.203262832508095 5.675728915176872 5.595961914206819 5.5714182216006485 5.577554144752192 5.5284667595398505 5.5100589900852235 5.4671075280244255 5.546874528994478 5.577554144752192 5.5284667595398505 5.418020142812084 
-62.5 -63.0 -64.5 -64.5 -63.0 -63.5 -64.0 -65.0 -64.0 -65.0 -64.5 -63.5 -64.0 -64.5 -64.5 -64.5 -64.0 -62.5 -61.0 -58.0 -59.5 -58.0 -57.5 -58.0 -60.5 -61.5 -61.0 -61.5 -58.5 -57.5 -58.0 -59.0 -58.0 -59.0 -61.0 -61.5 -60.5 -61.0 -61.5 -62.0 -62.0 -62.5 -62.5 -63.0 
5.6573211457222445 3.479068426924634 5.3627968344482015 5.893554187056633 5.786175531904639 5.66959299202533 5.583690067903734 5.773903685601553 5.902758071783947 5.976389149602458 5.982525072754001 6.068427996875596 5.798447378207723 5.982525072754001 5.810719224510809 5.626641529964532 5.93343768754166 5.945709533844745 4.338097668140593 
-71.5 -70.0 -60.5 -66.0 -61.0 -61.5 -63.0 -63.5 -63.0 -63.0 -63.0 -63.5 -64.0 -66.0 -65.0 -62.0 -60.0 -64.0 -77.5 
