2.791845033951867 2.6261751088602177 2.6016314162540475 2.6998061866787286 2.6568547246179306 2.5709518004963345 2.736621725587984 2.521864415283994 2.5709518004963345 2.693670263527186 2.742757648739526 2.60776733940559 2.6445828783148455 2.4911847995262812 2.675262494072558 2.761165418194154 5.976389149602458 0.2761165418194154 2.9697868053466014 0.5092816215780329 3.2336315008629315 3.4913402732277192 3.0495538063166547 3.055689729468197 2.834796496012665 2.6139032625571326 2.6323110320117604 2.6139032625571326 3.147728576741336 3.411573272257666 3.160000423044421 2.988194574801229 2.9391071895888885 2.9943304979527716 2.9575149590435164 2.5770877236478773 2.7550294950426117 2.6568547246179306 2.6445828783148455 2.6445828783148455 2.7120780329818137 2.7979809571034093 
-64.5 -64.0 -62.5 -63.5 -63.0 -63.0 -64.5 -64.0 -64.0 -63.5 -63.5 -64.5 -63.5 -64.0 -63.0 -64.5 -66.5 -64.0 -64.5 -66.5 -64.0 -63.0 -63.5 -65.0 -64.5 -64.5 -63.5 -64.5 -65.0 -65.0 -64.5 -63.0 -64.0 -63.5 -64.5 -66.0 -64.0 -61.5 -63.0 -63.5 -62.0 -62.0 
2.067806102069844 2.116893487282185 2.2396119503130363 2.1230294104337273 2.012582793705961 2.061670178918302 2.098485717827557 1.9757672547967058 2.1046216409791 2.0493983326152168 2.2212041808584084 2.2396119503130363 2.067806102069844 1.9880391010997909 2.030990563160589 1.8837284075235674 2.0586022173425302 2.0064468705544187 2.337786720737717 2.435961491162398 2.650718801466388 2.9022916506796332 2.816388726558037 2.705942109830271 2.0923497946760143 2.2518837966161214 2.1598449493429825 2.086213871524472 2.12916533358527 2.386874105950058 2.9575149590435164 3.055689729468197 2.6445828783148455 2.282563412373834 2.227340104009951 2.000310947402876 1.8714565612204823 2.024854640009046 1.9696313316451632 1.932815792735908 1.9266798695843652 1.932815792735908 1.9757672547967058 
-64.0 -63.5 -62.5 -63.0 -64.0 -63.5 -63.5 -64.0 -64.0 -63.5 -63.5 -64.0 -64.0 -63.0 -64.0 -63.5 -64.0 -61.0 -62.0 -63.0 -65.0 -62.5 -63.0 -61.5 -62.5 -62.5 -62.0 -62.5 -62.5 -61.5 -63.0 -64.0 -65.0 -64.0 -62.5 -61.5 -61.0 -62.5 -63.0 -62.5 -62.5 -60.5 -62.5 
0.7240389318820226 0.6749515466696822 0.6810874698212247 0.6933593161243098 0.662679700366597 0.6810874698212247 0.6688156235181395 0.6688156235181395 0.662679700366597 0.6381360077604268 0.6933593161243098 0.6442719309119693 0.6565437772150544 0.6258641614573416 0.619728238305799 0.662679700366597 0.8344855486097889 0.9387962421860124 0.8344855486097889 1.1658253987930873 1.1474176293384597 0.9572040116406401 0.8835729338221293 0.9817477042468103 0.8835729338221293 0.8160777791551611 0.8099418560036186 0.7240389318820226 0.8344855486097889 0.8651651643675016 1.0246991663076084 1.000155473701438 0.8160777791551611 0.8406214717613314 0.803805932852076 0.6688156235181395 0.5583690067903734 0.5890486225480862 0.5890486225480862 0.662679700366597 0.7424467013366504 0.7731263170943632 
-50.0 -49.5 -49.5 -50.0 -49.5 -50.0 -50.0 -50.0 -50.0 -50.0 -50.0 -50.0 -50.0 -50.0 -50.0 -50.5 -51.0 -51.5 -52.5 -52.5 -50.5 -50.5 -52.0 -52.5 -52.0 -52.0 -52.0 -52.0 -52.0 -51.5 -50.5 -52.5 -52.5 -51.5 -51.0 -50.5 -50.0 -50.0 -49.5 -49.0 -49.0 -48.5 
0.8160777791551611 0.7792622402459057 0.8344855486097889 0.803805932852076 0.803805932852076 0.8283496254582462 0.7976700097005334 0.7853981633974483 0.7669903939428205 0.7792622402459057 0.7731263170943632 0.7424467013366504 0.7853981633974483 0.8160777791551611 0.7485826244881929 0.7853981633974483 0.7792622402459057 0.9081166264282996 1.0615147052168636 1.2517283229146832 1.41126232485479 1.3499030933393643 1.2210487071569704 1.3192234775816514 1.2640001692177683 1.227184630308513 1.1596894756415448 1.141281706186917 1.2087768608538851 1.2333205534600555 1.1167380135807468 1.1474176293384597 1.325359400733194 1.3437671701878218 1.141281706186917 0.9081166264282996 0.8222137023067037 0.8406214717613314 0.7547185476397354 0.8099418560036186 0.8344855486097889 0.8528933180644165 0.9265243958829272 
-52.0 -52.0 -52.0 -52.0 -52.5 -52.5 -52.0 -52.0 -52.0 -52.5 -52.0 -52.0 -52.0 -52.0 -52.0 -52.0 -52.5 -51.5 -51.5 -52.0 -51.0 -49.5 -49.5 -50.5 -50.0 -50.0 -50.0 -50.5 -50.0 -50.5 -50.5 -49.0 -51.5 -52.0 -51.5 -51.5 -52.0 -52.0 -52.0 -51.5 -51.0 -50.5 -50.5 
1.2640001692177683 1.2517283229146832 1.2210487071569704 1.1903690913992575 1.282407938672396 1.1780972450961724 1.1965050145508 1.3192234775816514 1.2333205534600555 1.2517283229146832 1.1106020904292042 1.2087768608538851 1.282407938672396 1.2578642460662257 1.2333205534600555 1.389786593824391 1.533980787885641 1.8407769454627694 1.8407769454627694 1.7303303287350031 1.533980787885641 1.607611865704152 1.5401167110371838 1.6137477888556946 1.5033011721279284 1.4480778637640452 1.3437671701878218 1.3314953238847365 1.4051264017032472 1.4051264017032472 1.41126232485479 1.5892040962495242 1.7671458676442586 1.8346410223112268 1.7978254834019713 1.5953400194010667 1.214912784005428 1.141281706186917 1.0737865515199487 1.0492428589137786 1.1719613219446299 1.1596894756415448 
-55.0 -55.0 -55.0 -55.0 -55.0 -55.0 -54.5 -55.0 -55.0 -55.0 -55.0 -55.5 -55.0 -55.5 -55.0 -56.0 -54.0 -52.5 -51.0 -49.0 -49.5 -50.5 -51.0 -51.5 -52.0 -51.5 -51.5 -51.0 -51.0 -50.5 -50.0 -49.0 -50.5 -51.5 -54.0 -56.0 -57.0 -56.0 -56.0 -55.5 -55.5 -55.5 
1.533980787885641 1.5830681730979816 1.576932249946439 1.5707963267948966 1.5462526341887264 1.5462526341887264 1.5278448647340985 1.5830681730979816 1.552388557340269 1.521708941582556 1.5707963267948966 1.533980787885641 1.5155730184310134 1.552388557340269 1.5401167110371838 1.5462526341887264 1.5615924420675826 1.718058482431918 1.9634954084936207 2.0800779483729293 1.8653206380689396 1.9205439464328227 2.0064468705544187 2.067806102069844 2.030990563160589 2.061670178918302 1.932815792735908 2.043262409463674 1.8960002538266525 1.9082721001297376 2.067806102069844 1.9757672547967058 1.8407769454627694 2.012582793705961 2.030990563160589 1.8960002538266525 1.6321555583103222 1.5953400194010667 1.5953400194010667 1.5892040962495242 1.5953400194010667 1.6382914814618648 1.6935147898257479 
-55.0 -54.5 -55.0 -55.0 -55.0 -55.0 -55.0 -55.5 -55.0 -55.0 -55.5 -55.0 -55.0 -55.5 -55.0 -55.5 -56.0 -55.0 -53.0 -51.0 -51.0 -53.0 -54.0 -54.0 -55.0 -55.5 -55.0 -55.0 -55.5 -55.0 -54.5 -54.0 -53.5 -52.0 -52.5 -54.0 -55.5 -54.5 -55.0 -54.5 -53.5 -54.0 -53.0 
5.418020142812084 5.405748296509 5.1725832167503825 5.497787143782138 5.344389064993574 5.270757987175063 5.3198453723874035 5.313709449235861 5.295301679781233 5.240078371417351 5.3627968344482015 5.350524988145116 5.3198453723874035 5.307573526084319 5.375068680751287 5.283029833478148 5.365864796023973 5.47937937432751 5.534602682691394 5.66959299202533 5.5100589900852235 5.2768939103266055 5.50392306693368 5.4671075280244255 5.270757987175063 5.436427912266712 5.5284667595398505 5.056000676871073 4.798291904506286 4.902602598082509 5.105088062083414 5.405748296509 5.184855063053467 5.608233760509904 5.767767762450011 5.66959299202533 5.516194913236766 5.056000676871073 5.2768939103266055 5.154175447295755 5.111223985234957 5.154175447295755 5.240078371417351 
-63.0 -62.5 -63.0 -62.5 -62.5 -62.5 -62.5 -62.5 -63.0 -62.5 -62.0 -61.0 -63.0 -62.5 -62.5 -61.0 -63.0 -61.0 -62.0 -58.5 -56.0 -58.5 -57.5 -57.0 -59.0 -61.0 -60.5 -61.0 -61.0 -58.5 -57.5 -57.5 -57.0 -57.0 -59.5 -60.5 -62.0 -62.0 -62.5 -62.5 -62.0 -61.0 -61.5 
2.055534255766759 2.1046216409791 2.012582793705961 2.110757564130642 2.2150682577068657 2.2396119503130363 2.086213871524472 2.3071071049800045 5.798447378207723 5.890486225480862 5.976389149602458 5.583690067903734 6.074563920027139 0.23316507975861744 5.994796919057086 6.178874613603362 6.252505691421874 6.117515382087937 0.04295146206079795 0.48473792897186263 5.8475347634200645 5.810719224510809 5.957981380147831 5.9088939949354895 2.12916533358527 1.8285050991596843 
-74.5 -74.5 -74.0 -74.5 -73.5 -73.5 -73.5 -73.5 -69.0 -63.5 -61.0 -61.5 -74.5 -66.0 -63.5 -64.0 -65.5 -66.0 -64.0 -68.5 -63.5 -62.0 -62.5 -69.0 -76.5 -72.5 
