2.6016314162540475 2.8102528034064944 2.730485802436441 2.773437264497239 2.736621725587984 2.6016314162540475 2.675262494072558 2.6323110320117604 2.6568547246179306 2.6384469551633027 2.804116880254952 2.724349879284899 2.5341362615870793 5.93343768754166 6.007068765360171 0.03681553890925539 3.5772431973493153 3.436116964863836 3.1231848841351653 3.1906800388021335 3.54042765844006 3.32567034813607 3.2949907323783574 3.2704470397721868 2.84706834231575 3.0250101137104846 3.0127382674073995 3.104777114680538 3.153864499892878 3.3195344249845276 2.9268353432858034 3.055689729468197 3.000466421104314 3.08636934522591 3.098641191528995 6.000932842208628 2.6016314162540475 2.6813984172241008 2.3316507975861747 2.4850488763747385 2.4605051837685683 2.5157284921324514 2.478912953223196 2.454369260617026 2.509592568980909 2.521864415283994 
-63.0 -62.5 -63.0 -62.5 -63.0 -63.0 -63.0 -63.0 -63.0 -63.5 -63.0 -63.5 -63.5 -65.0 -65.5 -66.5 -63.0 -61.5 -62.5 -63.0 -63.0 -64.0 -64.5 -64.0 -64.5 -64.0 -64.0 -64.5 -64.0 -64.5 -63.0 -63.0 -62.5 -61.5 -61.5 -65.5 -65.5 -65.5 -63.5 -65.0 -64.5 -64.0 -64.0 -64.5 -63.5 -63.5 
1.9266798695843652 2.018718716857504 1.945087639038993 1.9819031779482483 1.88986433067511 1.9266798695843652 1.9696313316451632 1.9634954084936207 1.761009944492716 1.902136176978195 2.061670178918302 1.9573594853420782 1.9512235621905356 1.9144080232812801 5.184855063053467 1.9880391010997909 2.411417798556228 2.4911847995262812 2.521864415283994 2.8838838812250054 2.988194574801229 2.9513790358919736 2.6445828783148455 2.405281875404685 2.2641556429192065 2.12916533358527 2.435961491162398 2.6200391857086753 2.988194574801229 3.172272269347506 3.2397674240144743 2.6384469551633027 2.4727770300716534 2.043262409463674 2.073942025221387 1.9941750242513334 2.012582793705961 1.509437095279471 1.8039614065535141 1.88986433067511 1.9082721001297376 1.9512235621905356 1.9512235621905356 1.8039614065535141 1.8960002538266525 
-62.5 -64.0 -62.5 -63.5 -63.0 -63.0 -63.0 -63.0 -63.0 -63.0 -63.0 -63.5 -63.5 -63.5 -64.0 -63.0 -61.5 -63.0 -64.5 -64.5 -63.5 -62.0 -61.5 -62.0 -62.5 -61.5 -62.0 -61.5 -61.5 -63.5 -66.0 -66.0 -64.5 -63.0 -61.5 -62.5 -64.0 -63.5 -63.5 -64.0 -63.0 -64.0 -63.5 -64.0 -64.0 
0.7915340865489908 0.7669903939428205 0.7792622402459057 0.7731263170943632 0.6872233929727672 0.7301748550335652 0.7117670855789375 0.7485826244881929 0.7240389318820226 0.705631162427395 0.6381360077604268 0.6504078540635119 0.6749515466696822 0.6933593161243098 0.6718835850939109 0.7731263170943632 0.8713010875190442 0.8897088569736719 0.8528933180644165 0.9940195505498954 1.055378782065321 0.9265243958829272 0.8406214717613314 0.8344855486097889 0.7240389318820226 0.7485826244881929 0.7485826244881929 0.7669903939428205 0.7853981633974483 0.8774370106705868 1.0615147052168636 1.0615147052168636 0.8713010875190442 0.7976700097005334 0.8528933180644165 0.7363107781851077 0.5583690067903734 0.4908738521234052 0.46019423636569234 0.46019423636569234 0.46019423636569234 0.44178646691106466 0.4663301595172349 0.4540583132141498 0.4172427743048944 0.48473792897186263 
-49.5 -49.5 -49.5 -49.5 -49.5 -50.0 -50.0 -50.0 -49.5 -49.5 -49.5 -49.5 -49.5 -50.0 -50.0 -50.5 -50.5 -50.5 -52.5 -52.5 -50.5 -50.0 -51.0 -51.5 -51.5 -51.5 -51.5 -51.0 -51.5 -51.0 -50.0 -52.0 -52.5 -51.5 -50.5 -51.0 -51.0 -50.5 -50.5 -50.5 -50.5 -50.5 -50.5 -50.5 -50.5 -50.5 
0.9387962421860124 0.9572040116406401 0.8406214717613314 0.9203884727313847 0.8467573949128739 0.9019807032767571 0.8897088569736719 0.8528933180644165 0.8528933180644165 0.8774370106705868 0.8897088569736719 0.8774370106705868 0.8958447801252144 0.859029241215959 0.8528933180644165 0.9081166264282996 1.0246991663076084 1.086058397823034 1.368310862793992 1.3867186322486196 1.214912784005428 1.0921943209745766 1.055378782065321 1.1719613219446299 1.1596894756415448 1.1535535524900022 1.1351457830353744 1.1658253987930873 1.1780972450961724 1.1719613219446299 1.086058397823034 1.3437671701878218 1.4358060174609601 1.3744467859455345 1.1106020904292042 0.9510680884890975 0.8467573949128739 0.803805932852076 0.8344855486097889 0.7792622402459057 0.760854470791278 0.7485826244881929 0.7669903939428205 0.7853981633974483 0.7976700097005334 0.760854470791278 
-51.0 -51.0 -51.5 -51.0 -51.5 -51.5 -51.5 -51.5 -51.5 -52.0 -51.5 -52.0 -52.0 -52.0 -52.5 -51.5 -50.5 -51.5 -51.5 -51.0 -49.0 -49.0 -50.0 -50.5 -50.0 -49.5 -50.0 -50.0 -50.0 -50.0 -49.0 -50.0 -51.0 -51.0 -51.0 -51.0 -52.0 -52.5 -52.5 -52.0 -52.5 -52.0 -52.0 -52.5 -52.5 -52.0 
1.2885438618239387 1.3008157081270237 1.2455923997631406 1.2640001692177683 1.2946797849754812 1.3008157081270237 1.282407938672396 1.3192234775816514 1.2762720155208536 1.3560390164909069 1.227184630308513 1.3008157081270237 1.239456476611598 1.2885438618239387 1.3314953238847365 1.4726215563702154 1.6689710972195777 1.7978254834019713 1.7916895602504288 1.748738098189631 1.4726215563702154 1.4358060174609601 1.3928545554001621 1.4787574795217582 1.4051264017032472 1.3314953238847365 1.3621749396424494 1.41126232485479 1.3928545554001621 1.3744467859455345 1.41126232485479 1.576932249946439 1.7732817907958012 1.846912868614312 1.8775924843720249 1.6321555583103222 1.6689710972195777 1.5155730184310134 1.380582709097077 1.3130875544301088 1.227184630308513 1.227184630308513 1.214912784005428 1.282407938672396 1.2517283229146832 1.3130875544301088 
-55.0 -55.5 -55.0 -55.0 -55.5 -55.5 -55.5 -55.5 -55.5 -55.5 -55.5 -55.5 -55.5 -56.0 -56.5 -56.0 -53.5 -52.5 -50.5 -49.0 -50.0 -50.5 -50.5 -51.0 -51.0 -51.0 -50.5 -51.0 -51.5 -51.0 -50.0 -49.5 -49.5 -51.0 -52.5 -54.0 -56.5 -56.0 -56.5 -56.5 -56.0 -56.0 -56.5 -56.5 -56.5 -56.5 
1.662835174068035 1.6689710972195777 1.6566992509164924 1.6566992509164924 1.662835174068035 1.6382914814618648 1.6198837120072371 1.6566992509164924 1.607611865704152 1.5953400194010667 1.6566992509164924 1.6505633277649499 1.6198837120072371 1.6014759425526093 1.6014759425526093 1.5953400194010667 1.9205439464328227 2.098485717827557 1.9634954084936207 1.902136176978195 1.859184714917397 1.9573594853420782 2.067806102069844 1.932815792735908 1.9082721001297376 1.9634954084936207 2.012582793705961 1.8285050991596843 1.932815792735908 2.024854640009046 1.88986433067511 1.8653206380689396 1.9144080232812801 2.055534255766759 1.9880391010997909 1.8100973297050567 1.736466251886546 1.6505633277649499 1.6321555583103222 1.6014759425526093 1.6014759425526093 1.6014759425526093 1.6137477888556946 1.607611865704152 1.576932249946439 1.5953400194010667 
-53.5 -54.0 -54.0 -53.5 -54.0 -54.5 -54.0 -54.0 -54.5 -54.0 -54.5 -54.0 -54.5 -54.5 -55.0 -55.0 -54.0 -52.5 -50.5 -50.5 -53.5 -53.5 -53.0 -53.5 -55.0 -54.0 -54.5 -55.0 -54.5 -53.5 -54.0 -53.0 -51.0 -51.0 -52.0 -54.0 -56.0 -56.0 -55.5 -55.5 -55.5 -55.5 -55.5 -55.5 -55.0 -55.0 
5.399612373357457 5.522330836388308 5.534602682691394 5.50392306693368 5.546874528994478 5.5100589900852235 5.553010452146021 5.602097837358362 5.589825991055276 5.577554144752192 5.485515297479052 5.540738605842936 5.442563835418255 5.516194913236766 5.442563835418255 5.663457068873787 5.608233760509904 5.700272607783043 5.620505606812989 5.43029198911517 5.436427912266712 5.418020142812084 5.350524988145116 5.049864753719531 4.914874444385594 5.00077736850719 5.031456984264903 4.97623367590102 4.871922982324796 5.056000676871073 5.313709449235861 5.074408446325701 5.712544454086128 5.712544454086128 5.688000761479957 5.608233760509904 5.565282298449106 5.602097837358362 5.534602682691394 5.50392306693368 5.5714182216006485 5.5714182216006485 5.497787143782138 5.559146375297564 5.491651220630596 5.583690067903734 
-60.0 -60.5 -60.5 -61.0 -60.5 -61.0 -61.0 -60.5 -60.5 -60.5 -60.5 -61.0 -60.5 -61.5 -62.0 -60.0 -60.5 -60.0 -57.5 -57.0 -57.5 -57.5 -57.0 -57.5 -59.5 -60.5 -60.0 -60.0 -58.5 -58.0 -57.5 -58.0 -57.5 -58.0 -59.5 -59.5 -60.0 -60.0 -60.5 -61.0 -61.0 -61.0 -61.0 -61.5 -61.5 -61.5 
1.9757672547967058 2.0923497946760143 1.9512235621905356 1.9573594853420782 2.0371264863121317 2.024854640009046 5.5284667595398505 2.024854640009046 2.1537090261914402 5.915029918087033 5.700272607783043 5.546874528994478 5.553010452146021 6.031612457966341 5.6941366846315 5.853670686571607 5.884350302329319 5.982525072754001 5.976389149602458 6.019340611663256 5.9518454569962875 5.835262917116979 2.6384469551633027 5.473243451175968 5.8659425328746915 5.915029918087033 5.700272607783043 5.50392306693368 5.485515297479052 2.405281875404685 2.3746022596469727 5.945709533844745 5.626641529964532 5.4671075280244255 2.4911847995262812 
-69.0 -69.0 -69.5 -69.5 -69.5 -69.5 -67.5 -70.0 -70.0 -62.5 -60.0 -61.0 -67.0 -65.0 -64.0 -65.0 -63.5 -63.0 -63.0 -64.0 -66.0 -63.0 -71.0 -64.0 -61.0 -61.5 -63.5 -65.5 -71.0 -73.0 -71.5 -68.5 -70.5 -70.0 -72.0 
