2.5034566458293663 2.5157284921324514 2.454369260617026 2.5034566458293663 2.6261751088602177 2.4605051837685683 2.3930100291016 2.5954954931025047 2.650718801466388 2.466641106920111 2.5280003384355365 2.5280003384355365 2.282563412373834 2.386874105950058 2.448233337465483 5.859806609723149 2.9636508821950587 3.172272269347506 3.1354567304382504 3.117048960983623 0.3190680038802134 3.8410878928656453 3.454524734318464 3.1968159619536762 2.859340188618835 2.8961557275280905 2.816388726558037 2.816388726558037 2.9697868053466014 3.055689729468197 3.356349963893783 3.2520392703175593 3.2827188860752723 3.4913402732277192 3.2704470397721868 6.234097921967246 6.050020227420969 2.9575149590435164 2.748893571891069 2.724349879284899 2.4727770300716534 2.7979809571034093 2.718213956133356 2.8532042654672924 2.662990647769473 
-63.5 -64.0 -63.5 -63.5 -63.5 -64.0 -64.0 -64.5 -64.0 -64.5 -64.0 -64.5 -64.5 -65.0 -65.0 -66.0 -66.0 -64.0 -61.0 -62.0 -65.0 -62.5 -63.0 -62.0 -62.0 -62.0 -62.0 -63.5 -62.5 -63.0 -63.0 -63.0 -61.0 -60.5 -63.0 -65.5 -66.0 -64.0 -64.5 -65.0 -64.5 -64.5 -64.0 -63.5 -62.5 
1.945087639038993 1.8653206380689396 1.8837284075235674 1.9819031779482483 2.000310947402876 2.0064468705544187 1.9082721001297376 1.8714565612204823 1.8530487917658545 1.8960002538266525 1.8960002538266525 1.9634954084936207 1.9205439464328227 1.9880391010997909 1.8775924843720249 1.9144080232812801 2.0923497946760143 2.2027964114037806 2.313243028131547 2.3071071049800045 2.5402721847386216 2.6384469551633027 2.988194574801229 2.6139032625571326 2.509592568980909 2.509592568980909 2.4727770300716534 2.5893595699509624 2.497320722677824 2.705942109830271 3.104777114680538 3.184544115650591 2.84706834231575 2.5341362615870793 2.098485717827557 2.1659808724945253 2.012582793705961 5.264622064023521 5.098952138931871 1.9389517158874505 1.9819031779482483 1.7916895602504288 2.0800779483729293 2.098485717827557 2.073942025221387 2.0064468705544187 
-63.0 -62.0 -63.5 -63.5 -63.0 -63.5 -63.5 -63.5 -64.0 -63.0 -63.0 -64.0 -63.5 -63.0 -63.5 -62.5 -61.5 -62.0 -61.5 -63.0 -65.0 -62.5 -62.5 -61.5 -61.0 -61.5 -61.5 -62.0 -61.0 -60.5 -61.5 -65.0 -64.5 -66.0 -63.5 -63.0 -62.0 -64.0 -64.0 -63.0 -62.5 -63.0 -63.5 -64.5 -63.0 -64.5 
0.5460971604872883 0.5583690067903734 0.4908738521234052 0.4970097752749477 0.48473792897186263 0.4970097752749477 0.4663301595172349 0.5092816215780329 0.4970097752749477 0.47860200582032003 0.5092816215780329 0.47860200582032003 0.4663301595172349 0.4970097752749477 0.4724660826687775 0.4724660826687775 0.6013204688511713 0.7669903939428205 0.859029241215959 0.7669903939428205 1.030835089459151 1.0983302441261191 0.8099418560036186 0.7424467013366504 0.8467573949128739 0.8958447801252144 0.8344855486097889 0.8835729338221293 0.8651651643675016 0.8897088569736719 0.8713010875190442 1.012427320004523 1.2210487071569704 1.0983302441261191 0.9326603190344698 1.043106935762236 0.9756117810952678 0.9756117810952678 0.8099418560036186 0.8160777791551611 0.7792622402459057 0.8467573949128739 0.7976700097005334 0.7915340865489908 0.7731263170943632 0.7669903939428205 0.7485826244881929 
-50.5 -50.5 -50.5 -50.5 -50.5 -50.5 -50.5 -50.5 -50.5 -50.5 -50.5 -50.5 -50.5 -50.5 -50.5 -51.0 -51.0 -51.5 -51.0 -52.5 -52.5 -50.5 -50.5 -52.0 -52.0 -51.5 -51.5 -51.0 -51.5 -51.5 -51.0 -49.5 -52.5 -52.5 -50.0 -49.5 -49.5 -49.0 -49.5 -50.0 -50.0 -49.5 -49.5 -49.5 -49.5 -49.5 -50.0 
0.7853981633974483 0.7792622402459057 0.7669903939428205 0.7424467013366504 0.7424467013366504 0.7669903939428205 0.7485826244881929 0.760854470791278 0.7424467013366504 0.7424467013366504 0.760854470791278 0.760854470791278 0.7179030087304801 0.7485826244881929 0.7240389318820226 0.7424467013366504 0.8528933180644165 0.8958447801252144 1.0983302441261191 1.3192234775816514 1.3314953238847365 1.1535535524900022 1.0185632431560658 1.0983302441261191 1.1658253987930873 1.1535535524900022 1.1290098598838318 1.1351457830353744 1.1903690913992575 1.2333205534600555 1.1903690913992575 1.1351457830353744 1.4296700943094176 1.4664856332186729 1.3499030933393643 1.2517283229146832 1.1474176293384597 1.0737865515199487 0.9878836273983529 0.9756117810952678 1.000155473701438 0.9633399347921826 0.9940195505498954 0.9265243958829272 0.9756117810952678 0.9142525495798421 0.8835729338221293 
-52.5 -52.5 -52.5 -52.5 -52.5 -52.0 -52.0 -52.0 -52.5 -52.5 -52.5 -52.0 -52.0 -52.5 -52.5 -52.5 -52.0 -51.5 -51.0 -51.0 -50.0 -49.5 -50.0 -50.5 -50.0 -49.5 -49.5 -50.0 -50.0 -50.0 -50.0 -49.0 -49.5 -51.0 -51.5 -51.0 -50.5 -51.0 -51.0 -51.0 -51.5 -51.5 -51.5 -51.0 -51.0 -51.5 -51.5 
1.2517283229146832 1.2701360923693108 1.2517283229146832 1.239456476611598 1.2640001692177683 1.2578642460662257 1.2946797849754812 1.282407938672396 1.325359400733194 1.2701360923693108 1.2701360923693108 1.184233168247715 1.2578642460662257 1.3130875544301088 1.2762720155208536 1.3744467859455345 1.6505633277649499 1.7794177139473437 1.8223691760081417 1.8530487917658545 1.576932249946439 1.423534171157875 1.3928545554001621 1.3867186322486196 1.4480778637640452 1.4726215563702154 1.4664856332186729 1.5155730184310134 1.5155730184310134 1.5585244804918115 1.564660403643354 1.5278448647340985 1.6566992509164924 1.8530487917658545 1.9082721001297376 1.8960002538266525 1.7855536370988863 1.6321555583103222 1.3744467859455345 1.3314953238847365 1.3560390164909069 1.239456476611598 1.2210487071569704 1.1965050145508 1.282407938672396 1.227184630308513 1.2517283229146832 
-56.5 -56.5 -57.0 -57.0 -57.0 -57.0 -57.0 -57.0 -57.0 -57.0 -57.0 -56.5 -57.0 -57.0 -56.5 -56.5 -55.0 -53.5 -52.0 -51.0 -49.5 -50.0 -51.0 -50.5 -51.0 -51.5 -51.0 -51.0 -51.0 -51.0 -51.5 -51.0 -49.5 -49.5 -52.0 -52.5 -53.5 -56.0 -57.0 -56.0 -56.5 -56.0 -55.5 -56.0 -56.0 -56.0 -56.0 
1.6198837120072371 1.6321555583103222 1.5830681730979816 1.5707963267948966 1.552388557340269 1.5707963267948966 1.607611865704152 1.5585244804918115 1.5707963267948966 1.5585244804918115 1.552388557340269 1.6014759425526093 1.564660403643354 1.576932249946439 1.5892040962495242 1.5892040962495242 1.7794177139473437 1.859184714917397 1.9819031779482483 2.0064468705544187 1.718058482431918 1.8100973297050567 1.8285050991596843 1.9266798695843652 1.8837284075235674 1.9512235621905356 1.945087639038993 1.9696313316451632 1.9941750242513334 1.9634954084936207 2.012582793705961 2.0064468705544187 1.9880391010997909 1.9757672547967058 2.2027964114037806 2.227340104009951 2.0493983326152168 1.8039614065535141 1.748738098189631 1.748738098189631 1.7548740213411735 1.718058482431918 1.6996507129772904 1.705786636128833 1.7303303287350031 1.6996507129772904 1.6321555583103222 
-55.5 -55.5 -55.5 -55.5 -55.5 -56.0 -55.5 -55.5 -56.0 -55.5 -55.5 -55.5 -55.5 -55.5 -56.0 -55.5 -55.5 -53.5 -52.0 -51.5 -51.5 -53.0 -53.5 -53.5 -53.5 -54.5 -53.5 -53.5 -54.0 -54.0 -53.0 -53.5 -52.5 -51.5 -51.0 -51.5 -53.0 -53.5 -54.0 -53.5 -53.5 -53.5 -53.5 -54.0 -54.0 -54.0 -54.5 
5.5284667595398505 5.47937937432751 5.651185222570702 5.522330836388308 5.663457068873787 5.608233760509904 5.553010452146021 5.5714182216006485 5.540738605842936 5.546874528994478 5.583690067903734 5.565282298449106 5.632777453116074 5.534602682691394 5.381204603902829 5.448699758569798 5.47937937432751 5.45483568172134 5.50392306693368 5.546874528994478 5.3627968344482015 5.313709449235861 5.43029198911517 5.1725832167503825 5.111223985234957 5.062136600022616 5.019185137961818 5.154175447295755 5.043728830567988 5.123495831538041 5.264622064023521 5.632777453116074 5.565282298449106 5.5284667595398505 5.927301764390117 5.976389149602458 5.927301764390117 5.915029918087033 5.767767762450011 5.663457068873787 5.7616318392984684 5.841398840268521 5.71868037723767 5.730952223540755 5.712544454086128 5.681864838328415 5.688000761479957 
-61.5 -62.0 -60.5 -61.5 -61.5 -61.5 -61.5 -61.5 -61.5 -61.0 -61.0 -61.5 -61.5 -62.0 -61.0 -61.5 -60.5 -60.5 -59.5 -57.0 -57.0 -58.0 -57.5 -57.0 -58.0 -59.0 -59.5 -59.0 -59.0 -58.0 -57.5 -57.0 -58.0 -57.0 -56.5 -58.0 -59.0 -60.0 -60.0 -59.5 -59.5 -60.5 -60.5 -60.5 -60.5 -60.5 -61.0 
2.466641106920111 2.2764274892222915 2.3930100291016 2.380738182798515 5.516194913236766 2.399145952253143 5.546874528994478 5.3627968344482015 5.816855147662351 5.773903685601553 5.485515297479052 5.8659425328746915 6.105243535784852 5.859806609723149 5.841398840268521 5.767767762450011 5.884350302329319 5.878214379177777 5.872078456026235 5.890486225480862 5.872078456026235 6.191146459906448 5.589825991055276 5.595961914206819 5.884350302329319 5.755495916146925 5.497787143782138 4.528311285838413 5.086680292628786 1.9880391010997909 1.9757672547967058 5.056000676871073 1.8714565612204823 5.197126909356553 1.8285050991596843 
-73.0 -73.5 -72.5 -72.5 -69.0 -72.0 -65.5 -63.0 -61.5 -59.5 -61.5 -67.0 -64.5 -61.5 -61.5 -62.5 -64.0 -63.0 -62.5 -63.0 -62.5 -65.5 -64.0 -61.5 -61.0 -61.0 -62.5 -65.5 -65.5 -68.0 -69.0 -66.5 -69.0 -66.0 -70.0 
