2.5893595699509624 2.736621725587984 3.018874190558942 2.791845033951867 2.5280003384355365 2.779573187648782 2.84706834231575 2.8777479580734626 2.662990647769473 2.7857091108003242 2.7857091108003242 2.8838838812250054 2.705942109830271 2.748893571891069 3.356349963893783 3.141592653589793 3.2029518851052186 3.718369429834794 3.6017868899554855 3.54042765844006 3.3195344249845276 3.2336315008629315 3.2643111166206444 3.3011266555298997 3.6754179677739964 0.04295146206079795 2.9329712664373457 2.834796496012665 3.031146036862027 3.117048960983623 3.215223731408304 5.884350302329319 2.6139032625571326 2.478912953223196 5.8475347634200645 2.6323110320117604 2.6384469551633027 2.748893571891069 2.761165418194154 2.724349879284899 
-63.5 -64.0 -63.5 -63.5 -62.0 -64.5 -64.0 -64.0 -64.0 -64.5 -64.0 -64.5 -65.0 -63.5 -66.0 -64.0 -69.5 -68.0 -66.0 -65.5 -65.5 -66.5 -65.0 -64.5 -67.5 -70.5 -65.5 -65.5 -64.0 -62.5 -63.0 -66.0 -65.0 -63.5 -65.0 -63.5 -63.0 -62.5 -62.5 -62.5 
2.0064468705544187 2.043262409463674 1.9941750242513334 1.7916895602504288 2.12916533358527 1.945087639038993 1.8653206380689396 2.012582793705961 1.945087639038993 1.9389517158874505 1.9205439464328227 1.9634954084936207 1.8653206380689396 1.9757672547967058 1.9880391010997909 5.255418179296207 2.3439226438892597 5.411884219660542 2.337786720737717 2.3746022596469727 2.6323110320117604 2.890019804376548 2.7857091108003242 2.4911847995262812 2.3623304133438876 2.3746022596469727 2.6323110320117604 2.5954954931025047 2.8654761117703775 2.9206994201342606 2.282563412373834 2.270291566070749 2.1046216409791 2.098485717827557 1.9573594853420782 1.9358837543116791 1.6996507129772904 1.6321555583103222 1.5892040962495242 1.5953400194010667 1.7119225592803755 1.6751070203711202 1.6321555583103222 1.9205439464328227 1.8346410223112268 
-62.5 -63.5 -63.5 -62.5 -63.0 -63.0 -63.0 -63.0 -62.5 -62.5 -63.5 -63.0 -63.0 -62.5 -62.0 -62.5 -61.0 -62.5 -63.0 -65.0 -64.5 -65.0 -62.5 -61.5 -61.0 -61.0 -62.0 -61.0 -63.5 -67.5 -64.5 -63.0 -62.5 -61.0 -61.0 -62.5 -61.5 -63.0 -62.0 -62.5 -63.5 -63.0 -62.0 -62.0 -62.5 
0.7976700097005334 0.803805932852076 0.7853981633974483 0.760854470791278 0.8160777791551611 0.8099418560036186 0.7853981633974483 0.8467573949128739 0.8283496254582462 0.8344855486097889 0.8897088569736719 0.8897088569736719 0.8897088569736719 0.8713010875190442 0.8897088569736719 4.052777241593864 1.000155473701438 0.8897088569736719 0.9940195505498954 1.282407938672396 1.1535535524900022 0.9081166264282996 0.859029241215959 0.944932165337555 0.9510680884890975 0.9633399347921826 0.944932165337555 0.9203884727313847 0.9019807032767571 1.0062913968529805 1.1903690913992575 0.9694758579437253 0.8528933180644165 0.8958447801252144 0.8774370106705868 0.7853981633974483 0.6565437772150544 0.619728238305799 0.6381360077604268 0.607456392002714 0.607456392002714 0.6749515466696822 0.6872233929727672 0.7424467013366504 0.7485826244881929 
-49.5 -50.0 -49.5 -50.0 -49.5 -49.5 -50.0 -49.5 -49.5 -49.5 -49.5 -49.5 -49.5 -49.5 -49.0 -50.0 -51.5 -51.5 -53.0 -53.5 -51.0 -50.5 -52.0 -52.0 -51.5 -51.5 -51.5 -51.0 -51.0 -50.0 -53.0 -52.5 -50.5 -50.0 -50.0 -50.5 -50.0 -50.0 -50.0 -50.0 -50.0 -50.0 -50.0 -50.0 -50.0 
0.8835729338221293 0.9142525495798421 0.9019807032767571 0.8774370106705868 0.8651651643675016 0.9203884727313847 0.8713010875190442 0.9019807032767571 0.8958447801252144 0.9203884727313847 0.9326603190344698 0.9019807032767571 0.9203884727313847 0.9510680884890975 0.9019807032767571 0.9756117810952678 1.1044661672776617 1.282407938672396 1.5462526341887264 1.5462526341887264 1.3130875544301088 1.2333205534600555 1.3192234775816514 1.3867186322486196 1.4173982480063325 1.3621749396424494 1.337631247036279 1.2885438618239387 1.184233168247715 1.1903690913992575 1.3192234775816514 1.3499030933393643 1.2333205534600555 1.1167380135807468 1.1044661672776617 0.9633399347921826 0.803805932852076 0.859029241215959 0.8099418560036186 0.8160777791551611 0.8222137023067037 0.8774370106705868 0.8774370106705868 0.9326603190344698 0.9326603190344698 
-51.5 -51.0 -51.5 -51.0 -51.0 -51.0 -51.0 -50.5 -51.0 -51.0 -51.0 -50.5 -50.5 -50.5 -50.5 -51.0 -50.0 -52.0 -51.5 -50.5 -49.5 -50.0 -50.5 -50.5 -50.0 -49.5 -50.0 -50.0 -50.0 -49.5 -50.5 -51.0 -51.5 -51.0 -50.5 -51.0 -51.0 -50.5 -51.0 -51.0 -51.0 -51.0 -50.5 -50.5 -50.5 
1.0799224746714913 1.2333205534600555 1.2026409377023426 1.141281706186917 1.184233168247715 1.1290098598838318 1.1228739367322893 1.1719613219446299 1.1903690913992575 1.227184630308513 1.1596894756415448 1.2087768608538851 1.0369710126106935 1.1965050145508 1.1780972450961724 1.5186409800067848 1.8653206380689396 1.9512235621905356 2.030990563160589 1.7548740213411735 1.7119225592803755 1.7119225592803755 1.736466251886546 1.7548740213411735 1.748738098189631 1.6505633277649499 1.5892040962495242 1.6566992509164924 1.576932249946439 1.5462526341887264 1.7241944055834606 1.8162332528565992 1.8223691760081417 1.736466251886546 1.718058482431918 1.5800002115222105 1.2885438618239387 1.1780972450961724 1.227184630308513 1.2210487071569704 1.2026409377023426 1.2946797849754812 1.2517283229146832 1.1965050145508 1.3192234775816514 
-56.0 -56.0 -56.0 -56.0 -56.0 -55.5 -55.5 -55.5 -55.5 -55.5 -56.0 -55.5 -55.5 -55.5 -56.0 -57.0 -54.5 -54.5 -51.0 -49.5 -50.5 -51.0 -51.5 -51.0 -50.0 -50.5 -50.5 -50.0 -51.5 -50.5 -49.0 -50.0 -52.0 -53.0 -53.5 -56.0 -55.5 -55.0 -56.0 -56.0 -56.0 -56.0 -56.0 -56.0 -56.0 
1.6566992509164924 1.6751070203711202 1.6505633277649499 1.662835174068035 1.6505633277649499 1.6751070203711202 1.6260196351587797 1.6689710972195777 1.6751070203711202 1.6751070203711202 1.6689710972195777 1.662835174068035 1.718058482431918 1.607611865704152 1.6014759425526093 1.7886215986746576 2.0371264863121317 2.2334760271614935 2.1475731030398975 2.0064468705544187 2.110757564130642 2.2150682577068657 2.2334760271614935 2.086213871524472 1.9880391010997909 2.086213871524472 1.8837284075235674 2.018718716857504 2.0923497946760143 1.9696313316451632 1.932815792735908 2.061670178918302 2.0800779483729293 2.0371264863121317 1.9389517158874505 1.7732817907958012 1.607611865704152 1.6198837120072371 1.5830681730979816 1.6505633277649499 1.6505633277649499 1.7119225592803755 1.705786636128833 1.7241944055834606 1.748738098189631 
-54.0 -53.5 -53.5 -53.5 -53.0 -53.0 -53.0 -53.0 -53.0 -53.0 -52.5 -53.0 -52.5 -52.5 -52.5 -54.0 -53.0 -52.0 -50.5 -51.5 -52.5 -54.0 -53.0 -52.5 -53.0 -53.0 -53.0 -53.0 -53.0 -53.5 -51.5 -51.5 -51.0 -51.0 -52.0 -54.0 -53.0 -52.5 -52.5 -53.0 -53.0 -52.5 -52.5 -52.5 -52.5 
5.559146375297564 5.638913376267617 5.675728915176872 5.792311455056181 5.724816300389213 5.338253141842031 5.626641529964532 5.706408530934585 5.583690067903734 5.626641529964532 5.141903600992669 5.583690067903734 5.50392306693368 5.47937937432751 5.553010452146021 5.586758029479505 5.743224069843841 5.7616318392984684 5.767767762450011 5.553010452146021 5.602097837358362 5.577554144752192 5.485515297479052 5.344389064993574 5.141903600992669 5.178719139901925 4.97623367590102 5.056000676871073 5.332117218690489 5.485515297479052 5.424156065963627 5.473243451175968 5.835262917116979 5.810719224510809 5.675728915176872 5.626641529964532 5.5714182216006485 5.540738605842936 5.546874528994478 5.71868037723767 5.71868037723767 5.688000761479957 5.565282298449106 5.663457068873787 5.5714182216006485 
-61.5 -61.5 -61.5 -61.5 -61.5 -61.5 -62.0 -61.0 -61.0 -61.0 -61.0 -61.5 -60.5 -61.0 -62.0 -62.5 -62.0 -60.0 -57.0 -58.0 -57.5 -57.0 -57.0 -57.5 -57.5 -58.5 -58.0 -57.5 -58.0 -57.0 -57.0 -57.0 -57.0 -59.5 -60.0 -60.5 -60.5 -61.0 -60.0 -60.5 -60.0 -60.0 -61.0 -60.5 -60.5 
1.932815792735908 1.8960002538266525 5.178719139901925 5.160311370447297 5.178719139901925 5.141903600992669 5.264622064023521 5.160311370447297 5.246214294568893 5.056000676871073 5.258486140871978 5.5284667595398505 2.9206994201342606 5.749359992995383 5.2768939103266055 5.436427912266712 6.019340611663256 5.915029918087033 5.688000761479957 5.6941366846315 5.6143696836614465 5.700272607783043 5.626641529964532 5.9088939949354895 5.945709533844745 5.583690067903734 5.71868037723767 5.902758071783947 5.688000761479957 5.546874528994478 5.553010452146021 5.338253141842031 5.338253141842031 5.516194913236766 5.534602682691394 5.473243451175968 5.3198453723874035 5.485515297479052 5.332117218690489 5.338253141842031 
-68.0 -67.5 -65.0 -64.5 -64.5 -65.0 -64.5 -63.5 -64.0 -64.5 -66.5 -63.0 -64.5 -61.0 -62.0 -68.5 -65.5 -63.5 -63.0 -63.0 -63.5 -63.0 -62.5 -63.0 -65.0 -61.0 -61.0 -61.5 -60.5 -60.5 -65.0 -66.0 -65.5 -64.0 -64.5 -64.0 -65.0 -65.0 -64.0 -64.0 
