3.6570101983193686 0.2761165418194154 3.399301425954581 3.2397674240144743 3.1231848841351653 3.0066023442558567 3.411573272257666 3.3318062712876126 0.1902136176978195 3.117048960983623 3.018874190558942 3.08636934522591 3.0372819600135696 3.074097498922825 2.9820586516496865 3.018874190558942 2.945243112740431 0.5645049299419159 3.9699422790480394 3.5281558121369745 0.1718058482431918 2.9268353432858034 5.884350302329319 2.4605051837685683 2.8838838812250054 3.0802334220743677 3.3379421944391554 4.338097668140593 0.3190680038802134 0.28838838812250056 3.2704470397721868 3.3072625786814425 
-67.5 -69.0 -68.0 -67.0 -68.0 -68.0 -65.5 -66.5 -67.0 -66.5 -66.5 -65.0 -65.0 -65.5 -62.0 -65.0 -64.5 -66.5 -62.5 -62.0 -62.5 -63.0 -65.5 -68.5 -69.5 -65.5 -64.5 -64.0 -71.5 -69.5 -68.5 -68.0 
1.5585244804918115 1.4542137869155878 1.5401167110371838 1.5401167110371838 1.5953400194010667 1.4787574795217582 1.533980787885641 1.7916895602504288 1.3314953238847365 1.6505633277649499 1.5401167110371838 1.662835174068035 1.7794177139473437 1.7241944055834606 1.6812429435226628 1.8162332528565992 1.8100973297050567 5.0682725231741586 5.767767762450011 1.9757672547967058 1.7978254834019713 1.8346410223112268 1.8223691760081417 1.8960002538266525 2.0800779483729293 2.172116795646068 2.4911847995262812 4.405592822807561 1.0676506283684062 1.000155473701438 1.0921943209745766 1.0737865515199487 1.3314953238847365 1.380582709097077 1.282407938672396 1.4787574795217582 0.9203884727313847 1.4358060174609601 
-61.0 -61.0 -61.5 -61.5 -62.0 -62.0 -61.5 -62.0 -63.0 -63.5 -63.5 -63.5 -65.0 -65.5 -64.5 -65.0 -65.0 -66.5 -74.0 -62.5 -62.0 -62.5 -62.5 -63.0 -63.0 -63.0 -65.0 -65.5 -64.5 -64.5 -64.0 -62.0 -63.5 -63.0 -63.5 -63.5 -63.0 -63.0 
1.2517283229146832 1.2578642460662257 1.2517283229146832 1.2087768608538851 1.2210487071569704 1.2087768608538851 1.2087768608538851 1.1719613219446299 1.1474176293384597 1.1228739367322893 1.0983302441261191 1.0737865515199487 1.0921943209745766 1.0737865515199487 1.0246991663076084 1.030835089459151 0.9572040116406401 0.9633399347921826 0.9633399347921826 0.9940195505498954 1.2517283229146832 1.1903690913992575 1.1106020904292042 1.1351457830353744 1.0615147052168636 1.0615147052168636 1.1290098598838318 1.086058397823034 1.0676506283684062 1.1228739367322893 1.141281706186917 1.2210487071569704 1.3008157081270237 1.184233168247715 1.1719613219446299 1.1474176293384597 1.1351457830353744 1.0676506283684062 1.0799224746714913 1.0921943209745766 1.043106935762236 1.1044661672776617 1.1351457830353744 1.1351457830353744 1.1290098598838318 
-49.0 -49.0 -49.0 -49.0 -48.5 -48.5 -48.5 -48.5 -48.5 -48.5 -48.5 -48.5 -48.5 -48.0 -48.0 -48.0 -48.0 -48.0 -49.0 -49.5 -51.0 -50.0 -50.0 -51.0 -52.0 -53.0 -53.5 -53.5 -53.0 -52.0 -51.5 -51.0 -50.5 -51.0 -50.5 -49.0 -48.5 -48.0 -48.0 -48.5 -49.0 -48.5 -48.5 -48.5 -48.5 
1.1780972450961724 1.184233168247715 1.2087768608538851 1.1658253987930873 1.1658253987930873 1.1658253987930873 1.1658253987930873 1.1228739367322893 1.1044661672776617 1.1106020904292042 1.0921943209745766 1.0676506283684062 1.1044661672776617 1.0492428589137786 1.0246991663076084 1.0185632431560658 0.9572040116406401 0.9510680884890975 1.0799224746714913 1.2578642460662257 1.3560390164909069 1.5155730184310134 1.4358060174609601 1.5278448647340985 1.5462526341887264 1.533980787885641 1.4910293258248433 1.4971652489763858 1.5585244804918115 1.5585244804918115 1.4419419406125027 1.6321555583103222 1.41126232485479 1.3621749396424494 1.2517283229146832 1.1167380135807468 1.0369710126106935 0.9878836273983529 0.9940195505498954 1.0615147052168636 1.043106935762236 1.043106935762236 1.1167380135807468 1.0676506283684062 1.1106020904292042 
-49.5 -49.5 -49.0 -49.5 -49.5 -49.5 -49.5 -49.5 -49.5 -49.5 -49.5 -50.0 -49.5 -50.0 -49.5 -50.0 -50.0 -50.5 -51.0 -51.0 -51.0 -50.5 -49.5 -50.5 -50.5 -50.5 -50.5 -51.0 -50.5 -51.5 -50.5 -51.0 -51.0 -51.0 -51.5 -51.0 -51.0 -50.5 -50.5 -50.5 -50.0 -50.0 -50.0 -50.0 -50.0 
1.607611865704152 1.6444274046134073 1.6444274046134073 1.6321555583103222 1.6321555583103222 1.6260196351587797 1.6198837120072371 1.5892040962495242 1.4542137869155878 1.5155730184310134 1.5401167110371838 1.4603497100671303 1.4787574795217582 1.4664856332186729 1.41126232485479 1.4358060174609601 1.337631247036279 1.2578642460662257 1.533980787885641 1.736466251886546 1.8346410223112268 1.7855536370988863 1.6505633277649499 1.6751070203711202 1.9082721001297376 2.030990563160589 2.024854640009046 2.024854640009046 2.018718716857504 2.030990563160589 2.018718716857504 1.8960002538266525 1.846912868614312 1.8653206380689396 1.9266798695843652 2.061670178918302 1.7548740213411735 1.4848934026733007 1.2455923997631406 1.3130875544301088 1.368310862793992 1.3928545554001621 1.337631247036279 1.368310862793992 1.3928545554001621 1.4296700943094176 
-50.0 -49.5 -50.0 -50.0 -50.0 -50.5 -50.5 -50.5 -50.5 -50.5 -50.0 -50.5 -50.0 -50.0 -50.0 -50.0 -50.0 -50.5 -52.0 -50.0 -48.5 -48.0 -49.5 -50.0 -51.0 -51.0 -51.0 -51.5 -51.5 -51.0 -51.0 -51.0 -50.0 -49.0 -50.0 -51.5 -53.0 -53.5 -51.5 -51.0 -50.5 -50.5 -50.5 -50.0 -50.5 -50.5 
1.9941750242513334 2.012582793705961 2.0064468705544187 1.9880391010997909 1.9757672547967058 1.9634954084936207 1.9757672547967058 1.9696313316451632 1.9266798695843652 1.9205439464328227 1.88986433067511 1.846912868614312 1.8530487917658545 1.8407769454627694 1.8223691760081417 1.7916895602504288 1.7732817907958012 1.7303303287350031 1.748738098189631 2.055534255766759 2.2089323345553233 2.1230294104337273 2.1230294104337273 2.2027964114037806 2.2764274892222915 2.36846633649543 2.448233337465483 2.423689644859313 2.411417798556228 2.442097414313941 2.2457478734645786 2.3193789512830896 2.2212041808584084 2.2580197197676637 2.2886993355253766 2.1537090261914402 1.846912868614312 1.8837284075235674 1.8039614065535141 1.902136176978195 1.7916895602504288 1.705786636128833 1.8285050991596843 1.8346410223112268 1.8653206380689396 1.7978254834019713 
-50.0 -50.0 -50.0 -50.0 -50.0 -50.5 -50.0 -50.0 -50.5 -50.5 -51.0 -51.0 -51.0 -51.0 -51.0 -51.5 -51.5 -52.5 -54.0 -53.0 -51.0 -51.0 -52.5 -52.0 -52.0 -53.0 -53.0 -53.0 -53.5 -54.0 -53.0 -52.0 -53.0 -51.5 -52.5 -53.5 -55.0 -54.5 -53.5 -52.0 -51.5 -51.5 -51.0 -51.5 -51.5 -51.5 
4.4976316700806995 4.411728745959104 4.448544284868359 4.442408361716817 4.331961744989051 4.405592822807561 4.693981210930062 4.565126824747668 4.516039439535327 4.4976316700806995 4.528311285838413 4.23378697456437 4.577398671050753 4.583534594202296 4.4976316700806995 4.6448938257177215 6.050020227420969 6.000932842208628 5.240078371417351 5.8045833013592665 5.902758071783947 6.050020227420969 5.994796919057086 5.982525072754001 5.927301764390117 5.982525072754001 6.056156150572511 5.816855147662351 5.602097837358362 5.64504929941916 6.22182607566416 6.258641614573416 6.178874613603362 5.816855147662351 5.037592907416445 4.693981210930062 4.7307967498393175 4.779884135051658 4.878058905476339 4.718524903536232 
-65.0 -63.5 -64.0 -64.0 -64.0 -64.5 -65.0 -65.0 -65.0 -65.0 -65.5 -65.0 -65.5 -66.0 -65.0 -67.0 -62.5 -57.0 -59.5 -60.5 -59.0 -58.0 -59.5 -60.0 -59.5 -59.0 -58.5 -60.0 -58.0 -58.0 -57.5 -60.5 -63.0 -68.5 -69.5 -67.5 -66.0 -67.0 -67.0 -67.0 
5.50392306693368 5.4671075280244255 5.387340527054372 5.246214294568893 5.381204603902829 5.332117218690489 5.4671075280244255 5.546874528994478 5.534602682691394 5.583690067903734 5.5100589900852235 5.178719139901925 5.209398755659637 5.442563835418255 5.47937937432751 5.553010452146021 5.945709533844745 5.872078456026235 6.1420590746941075 0.2699806186678728 6.105243535784852 0.35588354278946877 0.4540583132141498 0.17794177139473438 0.14726215563702155 0.16566992509164924 0.22089323345553233 0.5522330836388308 6.0991076126333095 0.2699806186678728 5.841398840268521 6.129787228391022 0.11044661672776616 0.20248546400090464 5.405748296509 5.4671075280244255 5.5284667595398505 5.5100589900852235 5.45483568172134 5.442563835418255 5.497787143782138 
-61.5 -61.0 -62.5 -62.5 -63.0 -63.0 -62.5 -64.0 -62.0 -63.0 -63.5 -64.0 -63.5 -65.0 -64.5 -64.5 -61.0 -57.5 -66.5 -61.5 -60.5 -64.0 -62.5 -62.0 -62.5 -62.5 -62.5 -65.5 -62.5 -63.0 -62.5 -61.0 -62.0 -66.0 -65.0 -65.5 -65.0 -65.0 -66.0 -65.0 -64.0 
