3.0066023442558567 2.8961557275280905 3.104777114680538 3.1784081924990484 6.160466844148735 2.8716120349219203 2.779573187648782 2.8409324191642074 2.8654761117703775 2.773437264497239 2.779573187648782 2.9943304979527716 1.0737865515199487 3.074097498922825 2.552544031041707 2.110757564130642 2.2396119503130363 2.564815877344792 2.859340188618835 2.8777479580734626 2.7550294950426117 2.2886993355253766 2.6323110320117604 2.60776733940559 2.724349879284899 0.3313398501832985 6.209554229361076 2.650718801466388 2.9268353432858034 2.8654761117703775 6.135923151542564 
-64.0 -64.5 -66.5 -65.5 -66.5 -66.0 -65.5 -63.5 -65.0 -65.5 -65.0 -65.0 -72.0 -64.5 -67.5 -68.5 -69.0 -69.5 -67.0 -66.5 -67.5 -66.5 -67.0 -67.0 -63.5 -65.5 -74.5 -69.5 -64.0 -65.0 -65.5 
1.4419419406125027 1.4542137869155878 1.2885438618239387 1.509437095279471 1.5462526341887264 1.5033011721279284 1.533980787885641 1.5033011721279284 1.4726215563702154 1.509437095279471 1.4664856332186729 1.4358060174609601 1.576932249946439 1.5707963267948966 1.564660403643354 1.3008157081270237 1.5585244804918115 1.4910293258248433 1.337631247036279 1.4848934026733007 1.5462526341887264 1.902136176978195 2.1782527187976104 2.000310947402876 1.8285050991596843 1.9389517158874505 1.9757672547967058 2.043262409463674 2.1046216409791 2.067806102069844 1.9634954084936207 1.9573594853420782 1.6812429435226628 1.4971652489763858 1.5830681730979816 1.5585244804918115 1.6382914814618648 1.7671458676442586 1.718058482431918 1.7978254834019713 1.7855536370988863 1.748738098189631 1.736466251886546 1.7426021750380885 
-62.0 -61.5 -61.5 -62.0 -62.0 -61.0 -61.5 -61.0 -61.5 -60.0 -61.0 -61.0 -60.5 -61.0 -60.0 -62.0 -61.5 -62.5 -63.5 -63.5 -63.0 -65.0 -63.5 -62.0 -60.5 -59.5 -59.5 -59.0 -59.0 -60.0 -61.0 -63.0 -61.5 -59.0 -59.5 -60.0 -59.5 -58.0 -59.5 -58.5 -59.5 -59.0 -58.5 -58.0 
1.1596894756415448 1.1535535524900022 1.1167380135807468 1.1351457830353744 1.1903690913992575 1.184233168247715 1.2210487071569704 1.1658253987930873 1.227184630308513 1.2026409377023426 1.086058397823034 1.1106020904292042 1.1351457830353744 1.0983302441261191 1.0921943209745766 1.0737865515199487 1.0983302441261191 1.1106020904292042 1.1044661672776617 1.1504855909142309 1.0737865515199487 1.1596894756415448 1.0676506283684062 1.0492428589137786 0.9940195505498954 1.000155473701438 1.086058397823034 1.0799224746714913 1.0799224746714913 0.9878836273983529 1.055378782065321 1.3192234775816514 1.2578642460662257 1.000155473701438 1.1228739367322893 1.2026409377023426 1.1658253987930873 1.2087768608538851 1.214912784005428 1.2578642460662257 1.2333205534600555 1.2578642460662257 1.2762720155208536 1.3314953238847365 
-48.0 -48.0 -48.0 -48.0 -48.0 -48.5 -48.5 -48.5 -49.0 -49.0 -48.5 -48.5 -48.5 -48.5 -48.0 -48.0 -48.0 -47.5 -47.5 -50.0 -50.5 -51.0 -51.0 -51.5 -52.0 -53.5 -54.5 -55.0 -55.0 -53.5 -52.0 -51.5 -53.5 -51.5 -49.5 -49.5 -49.0 -49.5 -50.0 -50.0 -50.0 -49.5 -49.5 -50.0 
1.1658253987930873 1.1658253987930873 1.1351457830353744 1.0983302441261191 1.1290098598838318 1.1351457830353744 1.1719613219446299 1.141281706186917 1.1780972450961724 1.141281706186917 1.0983302441261191 1.0983302441261191 1.1290098598838318 1.1106020904292042 1.1228739367322893 1.1106020904292042 1.0737865515199487 1.0676506283684062 1.055378782065321 1.175029283520401 1.2333205534600555 1.239456476611598 1.380582709097077 1.5278448647340985 1.5033011721279284 1.4726215563702154 1.4603497100671303 1.4419419406125027 1.4296700943094176 1.5585244804918115 1.4419419406125027 1.6014759425526093 1.5462526341887264 1.3560390164909069 1.1596894756415448 1.086058397823034 1.0492428589137786 0.9694758579437253 1.1719613219446299 0.9756117810952678 1.1351457830353744 1.0615147052168636 1.184233168247715 1.2026409377023426 
-50.5 -50.0 -50.0 -50.5 -50.0 -50.0 -50.0 -50.0 -50.0 -50.0 -50.0 -50.5 -50.5 -50.0 -50.5 -50.5 -50.5 -50.5 -50.0 -51.0 -50.0 -49.5 -51.0 -51.5 -51.5 -51.5 -51.5 -52.0 -52.0 -52.0 -52.0 -50.5 -53.0 -52.5 -52.0 -51.5 -51.0 -50.5 -51.0 -51.0 -51.0 -50.5 -50.5 -50.0 
1.4910293258248433 1.521708941582556 1.4787574795217582 1.4971652489763858 1.4910293258248433 1.5033011721279284 1.5892040962495242 1.564660403643354 1.5401167110371838 1.4051264017032472 1.5033011721279284 1.4480778637640452 1.4787574795217582 1.509437095279471 1.4971652489763858 1.509437095279471 1.4542137869155878 1.3867186322486196 1.533980787885641 1.8407769454627694 1.761009944492716 1.7119225592803755 1.7916895602504288 1.8530487917658545 2.073942025221387 2.0800779483729293 2.141437179888355 2.1782527187976104 2.1475731030398975 2.1905245651006955 2.067806102069844 1.9205439464328227 2.030990563160589 2.1905245651006955 2.12916533358527 1.8346410223112268 1.6014759425526093 1.576932249946439 1.6321555583103222 1.6812429435226628 1.6689710972195777 1.6751070203711202 1.6014759425526093 1.7426021750380885 
-50.5 -50.5 -50.0 -50.5 -50.0 -50.0 -50.0 -49.5 -49.5 -49.5 -49.5 -49.0 -49.5 -50.0 -50.0 -50.5 -50.0 -50.0 -51.5 -50.0 -48.5 -48.0 -50.5 -51.5 -51.0 -50.5 -51.5 -52.0 -52.0 -52.0 -52.5 -51.5 -48.0 -50.0 -52.0 -52.5 -52.5 -51.0 -50.0 -50.0 -50.0 -49.5 -49.5 -49.5 
1.9144080232812801 1.8407769454627694 1.8714565612204823 1.9144080232812801 1.8775924843720249 1.8960002538266525 1.8775924843720249 1.8714565612204823 1.9205439464328227 1.88986433067511 1.859184714917397 1.8653206380689396 1.8960002538266525 1.88986433067511 1.8837284075235674 1.859184714917397 1.7916895602504288 1.846912868614312 2.1782527187976104 2.2580197197676637 2.2089323345553233 2.3439226438892597 2.3071071049800045 2.36846633649543 2.454369260617026 2.5034566458293663 2.509592568980909 2.5709518004963345 2.5280003384355365 2.4605051837685683 2.399145952253143 2.2334760271614935 2.5402721847386216 2.3746022596469727 2.0371264863121317 1.846912868614312 1.9144080232812801 2.000310947402876 2.024854640009046 1.9880391010997909 2.000310947402876 2.0800779483729293 2.073942025221387 
-51.5 -51.0 -51.0 -51.0 -50.5 -50.5 -50.0 -51.0 -50.0 -50.0 -50.0 -51.0 -51.5 -52.0 -51.5 -51.5 -52.5 -54.0 -54.0 -52.5 -53.5 -52.0 -52.0 -53.5 -53.5 -52.5 -52.5 -52.5 -54.0 -52.0 -54.0 -52.0 -52.0 -55.0 -55.5 -53.5 -53.0 -51.5 -51.0 -51.0 -51.0 -51.0 -50.5 
5.178719139901925 5.148039524144211 4.988505522204105 4.847379289718626 4.95168998329485 5.013049214810275 4.92714629068868 4.71238898038469 5.031456984264903 4.878058905476339 4.914874444385594 4.816699673960914 4.921010367537137 4.914874444385594 4.620350133111551 4.933282213840222 4.71238898038469 4.878058905476339 5.8475347634200645 5.878214379177777 5.411884219660542 6.092971689481767 5.712544454086128 6.080699843178682 5.890486225480862 5.890486225480862 6.025476534814799 5.994796919057086 5.982525072754001 5.957981380147831 5.724816300389213 5.878214379177777 0.01227184630308513 0.04908738521234052 6.191146459906448 5.982525072754001 5.043728830567988 4.859651136021712 4.828971520263998 4.534447208989955 4.773748211900116 
-64.0 -64.5 -64.5 -65.0 -63.5 -63.5 -62.0 -65.0 -64.0 -63.0 -64.0 -64.5 -64.5 -65.0 -66.0 -66.0 -64.5 -68.5 -63.5 -58.5 -60.0 -59.0 -61.5 -59.0 -59.5 -61.0 -61.0 -61.5 -59.0 -61.0 -61.0 -56.5 -57.5 -60.0 -62.0 -67.5 -66.5 -65.0 -64.5 -65.0 -64.5 
5.283029833478148 5.368932757599744 5.2339424482658075 5.344389064993574 5.344389064993574 5.154175447295755 5.344389064993574 5.50392306693368 5.240078371417351 5.338253141842031 5.350524988145116 5.368932757599744 5.3627968344482015 5.295301679781233 5.264622064023521 5.325981295538946 5.405748296509 5.5100589900852235 0.14112623248547898 6.258641614573416 6.178874613603362 6.209554229361076 0.380427235395639 0.07976700097005335 0.6258641614573416 0.018407769454627694 6.154330920997192 6.22182607566416 0.01227184630308513 0.5522330836388308 6.191146459906448 0.37429131224409645 6.000932842208628 6.12365130523948 0.23930100291016002 6.117515382087937 5.387340527054372 5.313709449235861 5.43029198911517 5.338253141842031 5.559146375297564 5.5284667595398505 
-65.5 -64.5 -65.5 -65.0 -65.0 -63.5 -62.5 -62.0 -63.5 -63.5 -61.5 -62.0 -64.0 -65.0 -65.0 -65.5 -65.0 -66.5 -66.5 -60.5 -59.0 -69.0 -62.5 -66.5 -64.5 -62.5 -63.5 -64.0 -63.0 -64.5 -67.0 -65.5 -66.0 -60.0 -64.5 -69.5 -63.5 -63.0 -63.0 -63.0 -62.5 -60.5 
