3.043417883165112 3.1906800388021335 3.2888548092268146 3.0925052683774528 0.09203884727313846 3.1231848841351653 0.1902136176978195 0.0674951546669682 3.368621810196868 0.04908738521234052 0.1595340019401067 3.3747577333484107 0.30679615757712825 1.2640001692177683 4.896466674930966 4.23378697456437 5.45483568172134 5.424156065963627 2.12916533358527 5.755495916146925 2.5280003384355365 5.7616318392984684 2.2334760271614935 2.5402721847386216 5.6941366846315 2.761165418194154 3.06182565261974 2.8654761117703775 3.117048960983623 6.160466844148735 
-68.0 -69.5 -68.0 -68.5 -69.0 -68.5 -69.0 -69.5 -68.5 -69.5 -69.5 -69.5 -71.0 -74.5 -69.5 -68.5 -67.0 -67.0 -67.0 -69.0 -67.0 -69.0 -67.5 -68.0 -67.0 -66.0 -66.0 -66.0 -66.5 -67.5 
1.6873788666742053 1.6873788666742053 1.6444274046134073 1.6014759425526093 1.607611865704152 1.6321555583103222 1.6812429435226628 1.533980787885641 1.5033011721279284 1.564660403643354 1.5401167110371838 1.4787574795217582 1.5033011721279284 1.5033011721279284 1.4296700943094176 1.4542137869155878 1.4971652489763858 1.214912784005428 1.4173982480063325 1.3621749396424494 1.4603497100671303 1.380582709097077 5.074408446325701 1.8653206380689396 1.9941750242513334 1.9757672547967058 1.9819031779482483 2.2488158350403498 2.2089323345553233 5.473243451175968 2.055534255766759 1.9512235621905356 1.8714565612204823 1.8407769454627694 1.736466251886546 1.7916895602504288 1.8407769454627694 1.6689710972195777 1.9082721001297376 1.9696313316451632 1.859184714917397 1.846912868614312 1.7548740213411735 
-59.0 -59.5 -59.5 -59.0 -60.0 -60.0 -60.0 -60.0 -60.0 -60.0 -60.5 -60.0 -59.5 -60.5 -60.0 -60.5 -60.5 -60.5 -60.5 -62.0 -60.5 -60.5 -63.0 -63.0 -61.5 -61.0 -60.5 -60.0 -59.0 -60.5 -60.5 -62.0 -60.0 -59.0 -57.5 -57.5 -57.5 -58.0 -57.5 -57.5 -57.0 -57.5 -57.5 
1.3928545554001621 1.337631247036279 1.3314953238847365 1.3130875544301088 1.2762720155208536 1.2885438618239387 1.3008157081270237 1.3130875544301088 1.2640001692177683 1.2946797849754812 1.3130875544301088 1.3069516312785663 1.282407938672396 1.2762720155208536 1.2946797849754812 1.3069516312785663 1.3130875544301088 1.3008157081270237 1.282407938672396 1.2455923997631406 1.2946797849754812 1.282407938672396 1.1903690913992575 1.0676506283684062 1.043106935762236 1.1719613219446299 1.0492428589137786 0.9940195505498954 0.8344855486097889 0.8283496254582462 0.7240389318820226 0.8007379712763046 0.9265243958829272 1.1044661672776617 1.3130875544301088 1.0676506283684062 1.0492428589137786 1.1903690913992575 1.3008157081270237 1.2885438618239387 1.3989904785517047 1.423534171157875 1.4051264017032472 1.423534171157875 1.3560390164909069 
-50.0 -50.0 -50.0 -49.5 -49.5 -49.5 -49.5 -50.0 -49.5 -49.5 -49.5 -50.0 -49.5 -50.0 -49.5 -50.0 -50.0 -50.0 -50.0 -49.0 -48.5 -49.0 -50.5 -51.5 -53.0 -54.5 -54.0 -55.0 -55.5 -58.0 -58.0 -57.5 -55.5 -54.0 -55.5 -54.0 -52.5 -51.5 -52.0 -51.0 -50.0 -50.5 -50.5 -51.0 -51.0 
1.2455923997631406 1.2210487071569704 1.2640001692177683 1.2087768608538851 1.2455923997631406 1.227184630308513 1.2455923997631406 1.1658253987930873 1.184233168247715 1.2087768608538851 1.2026409377023426 1.2333205534600555 1.239456476611598 1.2333205534600555 1.2333205534600555 1.2210487071569704 1.239456476611598 1.2762720155208536 1.2210487071569704 1.1596894756415448 1.1167380135807468 1.0615147052168636 1.1535535524900022 1.2640001692177683 1.2578642460662257 1.337631247036279 1.337631247036279 1.4419419406125027 1.3499030933393643 1.303883669702795 1.2578642460662257 1.3989904785517047 1.3130875544301088 1.3560390164909069 1.6137477888556946 1.2762720155208536 1.2762720155208536 1.086058397823034 1.086058397823034 1.055378782065321 1.1351457830353744 1.1658253987930873 1.2578642460662257 1.2087768608538851 1.1903690913992575 
-49.5 -50.0 -50.0 -50.0 -49.5 -49.5 -49.5 -50.0 -50.0 -49.5 -50.0 -49.5 -50.0 -50.0 -49.5 -50.0 -50.0 -50.0 -50.0 -50.0 -50.0 -50.0 -51.0 -51.0 -51.0 -52.0 -52.5 -53.0 -53.0 -53.0 -52.5 -53.5 -53.5 -52.5 -53.0 -53.0 -52.5 -52.0 -51.0 -50.5 -50.0 -49.5 -49.5 -50.0 -49.5 
1.8039614065535141 1.7855536370988863 1.7548740213411735 1.7303303287350031 1.7548740213411735 1.736466251886546 1.7548740213411735 1.6873788666742053 1.6812429435226628 1.6873788666742053 1.6996507129772904 1.718058482431918 1.7303303287350031 1.7241944055834606 1.736466251886546 1.705786636128833 1.705786636128833 1.6812429435226628 1.6198837120072371 1.576932249946439 1.5462526341887264 1.7916895602504288 2.067806102069844 2.1353012567368124 2.055534255766759 1.88986433067511 1.9389517158874505 2.1046216409791 2.1659808724945253 5.307573526084319 2.172116795646068 5.3627968344482015 2.3009711818284617 2.061670178918302 2.055534255766759 2.1475731030398975 2.2334760271614935 2.2396119503130363 2.1598449493429825 1.8407769454627694 1.6198837120072371 1.7241944055834606 1.859184714917397 1.8039614065535141 1.8285050991596843 
-50.0 -50.0 -50.0 -50.0 -50.0 -49.5 -49.5 -49.5 -49.5 -49.5 -50.0 -50.0 -49.5 -50.0 -50.0 -49.5 -49.5 -49.0 -49.5 -49.5 -51.5 -52.0 -52.5 -52.5 -50.5 -53.0 -55.0 -56.5 -55.5 -56.5 -56.5 -55.5 -55.5 -54.5 -51.0 -50.0 -52.0 -54.5 -54.5 -54.5 -52.5 -51.0 -50.0 -50.0 -50.5 
2.1230294104337273 2.1230294104337273 2.098485717827557 2.012582793705961 2.0493983326152168 2.024854640009046 2.086213871524472 2.024854640009046 2.0493983326152168 2.043262409463674 2.000310947402876 2.0923497946760143 2.030990563160589 2.0493983326152168 2.043262409463674 2.0493983326152168 2.067806102069844 1.9634954084936207 2.024854640009046 2.012582793705961 1.9205439464328227 1.7855536370988863 1.945087639038993 2.2580197197676637 2.5034566458293663 2.4850488763747385 2.4175537217077703 2.6139032625571326 2.4175537217077703 2.36846633649543 5.66959299202533 2.4850488763747385 2.5617479157690206 2.36846633649543 2.6261751088602177 2.4605051837685683 2.448233337465483 2.5893595699509624 2.411417798556228 2.12916533358527 1.9389517158874505 1.9389517158874505 1.9512235621905356 2.061670178918302 2.073942025221387 2.12916533358527 
-50.5 -51.0 -51.0 -50.5 -51.0 -50.5 -50.5 -50.5 -50.0 -50.0 -50.5 -50.5 -50.5 -50.5 -50.5 -50.0 -50.5 -50.5 -50.0 -49.5 -50.5 -52.0 -54.5 -56.0 -54.5 -55.0 -55.0 -55.0 -54.0 -56.0 -55.5 -55.0 -56.0 -54.5 -54.0 -55.0 -53.0 -53.5 -56.0 -56.0 -53.5 -51.5 -51.0 -51.0 -51.0 -51.0 
4.485359823777615 4.399456899656019 4.4976316700806995 4.368777283898306 4.424000592262189 4.344233591292136 4.338097668140593 4.356505437595221 4.571262747899211 4.442408361716817 4.595806440505381 4.565126824747668 4.516039439535327 4.546719055293041 4.503767593232243 4.558990901596125 4.608078286808466 4.718524903536232 4.601942363656923 4.454680208019902 4.387185053352934 5.706408530934585 5.8659425328746915 6.056156150572511 5.688000761479957 5.405748296509 5.792311455056181 6.000932842208628 6.1420590746941075 5.988660995905543 5.939573610693203 6.071495958451368 6.2034183062095325 5.9518454569962875 5.491651220630596 6.135923151542564 0.018407769454627694 0.0674951546669682 6.178874613603362 6.092971689481767 4.466952054322987 4.221515128261284 4.3503695144436785 4.540583132141498 4.675573441475434 
-63.0 -63.5 -64.5 -64.0 -63.5 -64.0 -64.0 -63.0 -63.0 -64.0 -62.0 -64.0 -64.0 -63.0 -64.0 -62.5 -64.0 -63.5 -63.5 -64.5 -66.5 -66.5 -66.5 -60.5 -60.5 -62.5 -62.0 -62.0 -61.0 -62.5 -62.0 -62.0 -60.0 -61.5 -61.5 -57.5 -57.5 -61.0 -63.5 -64.5 -67.5 -65.5 -64.5 -65.0 -64.0 
5.270757987175063 5.338253141842031 5.184855063053467 5.21553467881118 5.301437602932776 5.332117218690489 5.356660911296659 5.473243451175968 5.4671075280244255 5.516194913236766 5.460971604872882 5.553010452146021 5.3627968344482015 5.45483568172134 5.540738605842936 5.5100589900852235 5.516194913236766 5.381204603902829 5.516194913236766 5.436427912266712 2.6200391857086753 0.2945243112740431 0.20248546400090464 3.902447124381071 3.9515345095934116 6.227961998815704 6.258641614573416 0.4387185053352934 6.17273869045182 0.2761165418194154 0.11044661672776616 5.3198453723874035 5.375068680751287 5.436427912266712 5.553010452146021 
-61.5 -61.5 -61.5 -61.5 -62.0 -61.0 -60.5 -60.5 -62.0 -61.5 -61.5 -60.5 -61.0 -61.0 -61.5 -61.0 -61.0 -60.5 -60.0 -61.5 -70.0 -65.0 -63.0 -68.5 -72.0 -65.0 -66.0 -67.5 -63.5 -65.5 -66.5 -62.5 -61.5 -60.5 -61.0 
