6.1420590746941075 6.234097921967246 6.227961998815704 6.22182607566416 0.02454369260617026 0.34974761963792617 5.418020142812084 4.460816131171445 2.2886993355253766 2.3439226438892597 2.411417798556228 2.804116880254952 2.9636508821950587 2.8838838812250054 2.675262494072558 2.675262494072558 2.6691265709210157 2.8716120349219203 3.4606606574700063 1.1474176293384597 2.8838838812250054 6.135923151542564 6.19728238305799 3.000466421104314 
-71.0 -71.0 -71.5 -72.0 -73.5 -74.5 -72.5 -68.5 -68.0 -64.0 -64.0 -64.0 -65.5 -65.5 -65.0 -64.5 -64.5 -65.0 -66.5 -71.0 -67.5 -66.5 -66.5 -66.5 
2.073942025221387 1.932815792735908 1.9696313316451632 1.8714565612204823 1.932815792735908 1.9082721001297376 1.88986433067511 1.8653206380689396 1.859184714917397 1.859184714917397 1.945087639038993 1.9389517158874505 1.8530487917658545 1.9696313316451632 1.8346410223112268 1.9144080232812801 1.9082721001297376 1.859184714917397 1.9757672547967058 1.7855536370988863 1.748738098189631 1.7732817907958012 1.8530487917658545 1.7732817907958012 2.098485717827557 2.1475731030398975 2.3316507975861747 2.675262494072558 2.767301341345697 2.84706834231575 2.6445828783148455 2.3623304133438876 2.12916533358527 2.0800779483729293 2.024854640009046 5.117359908386499 1.8285050991596843 1.8346410223112268 1.8162332528565992 1.9696313316451632 1.945087639038993 1.9512235621905356 1.945087639038993 
-58.0 -58.0 -58.5 -58.0 -58.5 -59.0 -59.0 -58.5 -58.5 -59.0 -59.0 -58.5 -58.5 -58.5 -58.5 -59.0 -59.0 -59.5 -59.5 -59.0 -59.0 -59.0 -60.0 -63.5 -62.0 -60.0 -62.0 -61.0 -60.5 -61.0 -62.0 -61.0 -62.0 -60.0 -59.0 -58.5 -57.5 -59.5 -59.0 -58.5 -58.0 -58.5 -58.0 
1.3867186322486196 1.368310862793992 1.4358060174609601 1.4542137869155878 1.3437671701878218 1.41126232485479 1.3867186322486196 1.4910293258248433 1.4603497100671303 1.4419419406125027 1.4173982480063325 1.41126232485479 1.4051264017032472 1.3928545554001621 1.4787574795217582 1.3989904785517047 1.3928545554001621 1.325359400733194 1.3560390164909069 1.4664856332186729 1.4726215563702154 1.2333205534600555 1.1167380135807468 1.1596894756415448 0.9633399347921826 0.7240389318820226 0.6258641614573416 0.4970097752749477 0.4908738521234052 0.44178646691106466 0.5829126993965437 0.8160777791551611 1.0246991663076084 1.1167380135807468 1.2087768608538851 1.1903690913992575 1.337631247036279 1.2946797849754812 1.3008157081270237 1.2210487071569704 1.2517283229146832 1.1965050145508 1.282407938672396 
-54.5 -54.0 -54.0 -54.0 -54.0 -54.0 -54.0 -54.0 -54.0 -54.0 -54.0 -54.0 -54.0 -54.0 -54.0 -54.5 -54.0 -54.5 -54.0 -52.0 -50.5 -52.5 -53.5 -55.5 -55.0 -57.5 -57.0 -58.5 -59.5 -59.0 -58.0 -57.5 -56.0 -55.5 -54.5 -53.5 -53.0 -52.0 -51.0 -51.0 -51.5 -51.5 -51.5 
1.3560390164909069 1.380582709097077 1.4296700943094176 1.41126232485479 1.41126232485479 1.41126232485479 1.4296700943094176 1.4603497100671303 1.4664856332186729 1.41126232485479 1.3928545554001621 1.4296700943094176 1.3989904785517047 1.4051264017032472 1.4051264017032472 1.3928545554001621 1.4603497100671303 1.41126232485479 1.41126232485479 1.380582709097077 1.2701360923693108 1.1290098598838318 1.2946797849754812 1.4787574795217582 1.4358060174609601 1.0983302441261191 1.239456476611598 1.184233168247715 1.1351457830353744 1.0799224746714913 1.1290098598838318 1.030835089459151 1.1474176293384597 1.2640001692177683 1.4358060174609601 1.3621749396424494 1.3867186322486196 1.1903690913992575 1.0185632431560658 1.055378782065321 1.086058397823034 1.141281706186917 1.2517283229146832 1.227184630308513 
-51.0 -51.5 -51.0 -51.0 -51.0 -51.0 -51.0 -51.5 -51.0 -51.0 -51.0 -51.0 -51.0 -51.5 -51.5 -51.5 -51.5 -51.0 -51.5 -51.5 -50.5 -50.5 -52.0 -52.0 -51.0 -52.0 -54.0 -54.0 -54.0 -53.5 -53.5 -54.0 -54.0 -52.5 -53.0 -52.5 -53.0 -52.5 -51.5 -51.0 -50.5 -50.5 -51.0 -51.0 
2.0493983326152168 2.018718716857504 2.024854640009046 2.000310947402876 2.012582793705961 2.0493983326152168 2.043262409463674 2.030990563160589 1.9880391010997909 2.0064468705544187 1.9880391010997909 1.9880391010997909 1.9757672547967058 1.9757672547967058 1.9880391010997909 1.9573594853420782 1.9512235621905356 1.8775924843720249 1.846912868614312 1.6873788666742053 1.7671458676442586 2.043262409463674 2.1537090261914402 1.932815792735908 1.9144080232812801 1.9880391010997909 2.2641556429192065 2.2518837966161214 2.3930100291016 2.2212041808584084 2.3623304133438876 2.313243028131547 2.0493983326152168 2.043262409463674 2.1966604882522383 2.3009711818284617 2.1046216409791 1.8775924843720249 1.6935147898257479 1.6505633277649499 1.6935147898257479 1.6996507129772904 1.736466251886546 
-50.5 -50.5 -50.0 -50.0 -50.0 -50.0 -50.5 -50.5 -50.0 -50.0 -50.0 -50.0 -50.0 -49.5 -49.5 -49.5 -49.5 -49.0 -49.0 -49.5 -50.5 -53.5 -54.0 -51.0 -56.0 -58.5 -60.5 -60.5 -63.5 -63.0 -60.5 -60.0 -56.0 -52.0 -50.0 -53.5 -52.5 -53.5 -52.5 -50.5 -50.5 -50.0 -50.0 
2.3316507975861747 2.3439226438892597 2.337786720737717 2.350058567040802 2.3623304133438876 2.337786720737717 2.337786720737717 2.3316507975861747 2.325514874434632 2.3071071049800045 2.356194490192345 2.337786720737717 2.356194490192345 2.325514874434632 2.337786720737717 2.386874105950058 2.337786720737717 2.337786720737717 2.227340104009951 2.1659808724945253 2.061670178918302 2.043262409463674 2.2212041808584084 2.356194490192345 2.2457478734645786 2.4175537217077703 2.4175537217077703 2.429825568010856 2.4727770300716534 2.442097414313941 2.478912953223196 2.4850488763747385 2.4605051837685683 2.2886993355253766 2.4850488763747385 2.405281875404685 5.721748338813441 2.36846633649543 2.067806102069844 1.9144080232812801 1.9634954084936207 2.0493983326152168 2.0923497946760143 2.116893487282185 
-51.0 -50.5 -50.5 -51.0 -50.5 -50.5 -51.0 -51.0 -51.0 -50.5 -51.0 -50.5 -50.5 -50.5 -50.5 -50.5 -50.0 -50.0 -50.0 -50.0 -50.0 -51.0 -53.5 -53.5 -55.0 -56.5 -55.5 -57.5 -57.5 -58.0 -57.5 -58.5 -56.0 -55.5 -55.0 -53.0 -53.5 -55.0 -54.0 -52.0 -51.0 -51.0 -50.5 -50.5 
4.657165672020807 4.767612288748572 5.148039524144211 4.779884135051658 4.718524903536232 4.822835597112456 4.7860200582032 4.841243366567084 4.871922982324796 4.871922982324796 4.847379289718626 5.111223985234957 4.871922982324796 4.828971520263998 5.080544369477243 4.871922982324796 4.957825906446392 5.043728830567988 4.878058905476339 4.516039439535327 6.074563920027139 5.608233760509904 5.915029918087033 5.5284667595398505 5.988660995905543 5.835262917116979 5.66959299202533 5.675728915176872 5.792311455056181 5.927301764390117 5.853670686571607 5.491651220630596 6.025476534814799 0.19634954084936207 0.09817477042468103 0.25770877236478773 4.81056375080937 4.583534594202296 4.749204519293945 4.853515212870168 
-61.5 -61.0 -61.0 -60.5 -61.0 -61.0 -61.0 -61.5 -61.5 -61.5 -61.5 -61.5 -60.5 -61.5 -61.5 -61.0 -61.5 -62.0 -61.0 -62.0 -61.0 -60.5 -62.5 -63.5 -63.0 -62.0 -63.0 -62.5 -62.0 -64.0 -63.0 -61.0 -57.5 -59.5 -63.0 -66.0 -72.5 -69.0 -67.0 -67.0 
5.810719224510809 5.767767762450011 5.786175531904639 5.841398840268521 5.822991070813893 5.835262917116979 5.841398840268521 5.829126993965437 5.737088146692298 5.8475347634200645 5.878214379177777 5.767767762450011 5.841398840268521 5.737088146692298 5.822991070813893 5.737088146692298 5.810719224510809 5.632777453116074 5.841398840268521 5.835262917116979 6.0991076126333095 0.4479223900626072 4.663301595172349 0.1043106935762236 0.5276893910326605 0.07976700097005335 5.957981380147831 6.227961998815704 0.6688156235181395 5.688000761479957 0.1564660403643354 0.2270291566070749 6.074563920027139 5.516194913236766 5.595961914206819 5.540738605842936 5.64504929941916 5.6143696836614465 
-58.5 -59.5 -59.5 -59.0 -59.5 -59.5 -59.5 -59.0 -59.0 -59.0 -58.5 -59.0 -58.5 -58.5 -59.0 -58.5 -58.0 -57.5 -58.0 -59.5 -65.5 -65.0 -75.0 -77.0 -72.5 -70.0 -67.5 -69.5 -70.0 -64.0 -61.0 -62.0 -65.5 -65.5 -62.0 -61.5 -61.0 -60.5 
