3.074097498922825 0.14726215563702155 3.172272269347506 0.030679615757712823 0.03681553890925539 5.111223985234957 4.841243366567084 3.767456815047135 2.1230294104337273 2.313243028131547 2.6691265709210157 2.423689644859313 2.3623304133438876 2.748893571891069 2.8838838812250054 6.19728238305799 6.092971689481767 6.1420590746941075 0.12885438618239387 0.6565437772150544 
-69.5 -70.0 -67.5 -69.5 -70.0 -74.5 -69.5 -68.0 -65.5 -66.5 -68.5 -69.5 -67.5 -67.5 -66.5 -73.0 -70.0 -70.0 -71.5 -71.5 
1.7241944055834606 1.6935147898257479 1.6321555583103222 1.5462526341887264 1.4971652489763858 1.3989904785517047 1.533980787885641 1.3867186322486196 1.4296700943094176 1.4971652489763858 1.509437095279471 1.552388557340269 1.5953400194010667 1.4787574795217582 1.533980787885641 1.5462526341887264 1.4603497100671303 1.6260196351587797 1.552388557340269 1.6444274046134073 1.4664856332186729 1.5462526341887264 1.859184714917397 2.012582793705961 1.9266798695843652 2.0493983326152168 2.043262409463674 2.2580197197676637 2.405281875404685 2.4175537217077703 2.2334760271614935 2.1046216409791 1.9266798695843652 1.8775924843720249 1.9144080232812801 1.7548740213411735 1.6935147898257479 1.7241944055834606 1.7978254834019713 1.932815792735908 1.4358060174609601 1.859184714917397 1.533980787885641 1.9696313316451632 1.761009944492716 
-60.5 -61.5 -61.0 -60.5 -61.5 -62.0 -60.5 -62.5 -63.0 -62.0 -61.0 -61.5 -62.0 -62.0 -61.5 -62.0 -62.0 -61.0 -60.5 -62.0 -62.5 -62.5 -60.0 -61.0 -62.0 -62.0 -59.5 -60.0 -59.5 -59.5 -61.0 -61.0 -61.5 -60.0 -58.0 -58.5 -59.5 -60.0 -58.5 -58.5 -59.5 -60.5 -61.0 -60.5 -60.5 
1.2762720155208536 1.2762720155208536 1.2640001692177683 1.2087768608538851 1.2026409377023426 1.1965050145508 1.1903690913992575 1.1780972450961724 1.1228739367322893 1.1228739367322893 1.1658253987930873 1.1596894756415448 1.1290098598838318 1.1719613219446299 1.1474176293384597 1.1658253987930873 1.1596894756415448 1.1351457830353744 1.1474176293384597 1.1719613219446299 1.1965050145508 1.239456476611598 1.1535535524900022 1.3130875544301088 1.1719613219446299 1.012427320004523 0.9326603190344698 0.7915340865489908 0.7792622402459057 0.803805932852076 0.9510680884890975 1.1228739367322893 1.3928545554001621 1.325359400733194 1.1351457830353744 1.2885438618239387 1.4173982480063325 1.4051264017032472 1.3560390164909069 1.2762720155208536 1.2946797849754812 1.282407938672396 1.2701360923693108 1.227184630308513 1.2640001692177683 
-50.0 -50.0 -49.5 -49.0 -49.0 -49.0 -49.0 -49.0 -48.5 -48.5 -48.5 -48.5 -48.5 -49.0 -49.0 -49.0 -49.5 -49.5 -49.5 -49.0 -49.0 -50.5 -52.5 -54.5 -54.0 -54.0 -55.5 -56.0 -57.0 -56.5 -55.0 -54.0 -54.0 -53.0 -52.0 -52.0 -51.0 -50.0 -50.0 -50.0 -50.5 -50.5 -50.5 -50.5 -50.0 
1.2701360923693108 1.282407938672396 1.2885438618239387 1.2455923997631406 1.1780972450961724 1.239456476611598 1.227184630308513 1.1965050145508 1.1596894756415448 1.1965050145508 1.2026409377023426 1.1535535524900022 1.1903690913992575 1.1535535524900022 1.1596894756415448 1.2210487071569704 1.2087768608538851 1.239456476611598 1.1290098598838318 1.1106020904292042 1.0246991663076084 1.1719613219446299 1.423534171157875 1.576932249946439 1.2701360923693108 1.2762720155208536 1.423534171157875 1.3560390164909069 1.3560390164909069 1.380582709097077 1.4358060174609601 1.4051264017032472 1.6873788666742053 1.4848934026733007 1.3560390164909069 1.2333205534600555 1.2333205534600555 1.1658253987930873 1.2333205534600555 1.2701360923693108 1.2946797849754812 1.2640001692177683 1.2762720155208536 1.282407938672396 1.3437671701878218 
-50.0 -49.5 -49.5 -49.5 -49.5 -49.5 -49.5 -50.0 -49.5 -49.5 -49.5 -49.5 -49.5 -49.5 -49.5 -50.0 -49.5 -50.0 -50.5 -50.5 -50.5 -50.5 -50.5 -51.0 -52.0 -53.0 -53.0 -53.0 -53.0 -52.5 -53.5 -52.5 -52.0 -52.5 -51.0 -50.0 -50.0 -49.5 -50.0 -50.0 -50.0 -50.5 -50.0 -50.0 -50.0 
1.6014759425526093 1.6444274046134073 1.6198837120072371 1.5401167110371838 1.5033011721279284 1.4664856332186729 1.4358060174609601 1.4296700943094176 1.3744467859455345 1.3928545554001621 1.3867186322486196 1.3621749396424494 1.4358060174609601 1.3989904785517047 1.4051264017032472 1.3560390164909069 1.3989904785517047 1.337631247036279 1.2578642460662257 1.1903690913992575 1.3621749396424494 1.7732817907958012 1.945087639038993 1.9573594853420782 1.7916895602504288 1.9573594853420782 2.1537090261914402 2.2212041808584084 2.172116795646068 2.227340104009951 2.313243028131547 1.9941750242513334 1.9696313316451632 2.0064468705544187 1.9389517158874505 1.9082721001297376 1.7855536370988863 1.6014759425526093 1.576932249946439 1.576932249946439 1.576932249946439 1.5278448647340985 1.4910293258248433 1.4910293258248433 1.5707963267948966 
-49.0 -48.5 -49.0 -48.5 -49.0 -48.5 -49.0 -48.5 -48.5 -49.0 -48.5 -48.5 -48.5 -48.5 -48.5 -48.5 -48.0 -48.0 -48.5 -49.0 -51.0 -52.0 -51.0 -49.5 -53.5 -55.0 -55.5 -54.5 -54.5 -53.0 -53.5 -53.0 -50.5 -49.0 -51.5 -51.5 -52.0 -51.0 -49.0 -48.5 -49.0 -49.0 -48.5 -49.0 -49.0 
2.018718716857504 2.018718716857504 1.9880391010997909 1.9266798695843652 1.9266798695843652 1.9205439464328227 1.9205439464328227 1.8407769454627694 1.8162332528565992 1.8162332528565992 1.8530487917658545 1.846912868614312 1.7855536370988863 1.8162332528565992 1.8039614065535141 1.8714565612204823 1.7855536370988863 1.8039614065535141 1.7671458676442586 1.6689710972195777 1.7671458676442586 1.932815792735908 2.386874105950058 2.3439226438892597 2.5464081078901644 2.509592568980909 2.4605051837685683 2.5341362615870793 2.6261751088602177 2.552544031041707 2.448233337465483 2.650718801466388 2.356194490192345 2.36846633649543 2.411417798556228 2.2089323345553233 1.9819031779482483 1.9757672547967058 1.9389517158874505 2.0493983326152168 1.9880391010997909 1.9573594853420782 1.9573594853420782 1.9573594853420782 1.945087639038993 
-49.0 -49.5 -49.0 -49.5 -49.0 -49.5 -49.5 -49.5 -49.0 -49.0 -49.0 -49.0 -49.0 -49.0 -49.5 -49.0 -49.0 -49.0 -49.5 -51.0 -53.0 -53.0 -52.0 -54.5 -54.0 -55.0 -54.5 -56.0 -54.5 -55.0 -53.5 -53.0 -54.5 -52.0 -52.0 -53.0 -51.5 -50.0 -49.5 -49.0 -49.0 -49.0 -49.0 -49.0 -49.0 
4.700117134081604 4.479223900626073 4.4976316700806995 4.583534594202296 5.043728830567988 4.7307967498393175 4.485359823777615 4.528311285838413 4.657165672020807 4.71238898038469 4.657165672020807 4.632621979414636 4.896466674930966 4.706253057233147 4.583534594202296 4.700117134081604 4.528311285838413 6.031612457966341 6.080699843178682 5.638913376267617 5.829126993965437 5.93343768754166 5.902758071783947 6.050020227420969 6.111379458936394 6.080699843178682 6.129787228391022 6.013204688511713 5.608233760509904 5.767767762450011 6.19728238305799 6.000932842208628 5.565282298449106 5.105088062083414 4.847379289718626 4.871922982324796 4.743068596142402 4.95168998329485 4.828971520263998 
-63.0 -62.5 -63.0 -63.5 -63.0 -63.0 -63.0 -63.0 -62.5 -62.0 -62.0 -63.0 -63.0 -62.5 -62.0 -62.5 -63.5 -65.5 -65.0 -58.5 -63.0 -61.5 -61.5 -62.0 -62.5 -61.5 -60.5 -61.5 -60.0 -57.5 -58.0 -62.5 -67.5 -64.5 -63.0 -63.5 -62.5 -63.0 -63.0 
5.405748296509 5.540738605842936 5.5100589900852235 5.393476450205914 5.368932757599744 5.3627968344482015 5.227806525114265 5.387340527054372 5.375068680751287 5.184855063053467 5.2768939103266055 5.424156065963627 5.368932757599744 5.240078371417351 5.602097837358362 5.221670601962723 5.252350217720435 5.368932757599744 5.2339424482658075 5.50392306693368 5.976389149602458 0.2761165418194154 0.0674951546669682 6.050020227420969 1.3744467859455345 0.7301748550335652 0.5522330836388308 0.6381360077604268 0.3988350048502667 0.4540583132141498 0.16566992509164924 0.1227184630308513 0.35588354278946877 5.675728915176872 6.252505691421874 0.09203884727313846 6.007068765360171 5.485515297479052 5.387340527054372 5.546874528994478 5.534602682691394 5.553010452146021 5.565282298449106 5.516194913236766 5.534602682691394 
-59.5 -60.0 -59.5 -59.5 -59.5 -59.5 -59.5 -59.5 -59.5 -60.0 -59.5 -59.5 -59.0 -60.0 -59.0 -59.5 -58.5 -57.5 -59.0 -61.0 -67.0 -63.5 -60.5 -66.5 -70.0 -68.0 -70.0 -65.5 -65.0 -64.0 -67.0 -65.5 -66.5 -66.0 -61.5 -62.0 -63.0 -62.5 -60.5 -59.0 -59.5 -58.5 -58.5 -58.0 -58.5 
