0.18407769454627693 0.11044661672776616 0.0859029241215959 0.15339807878856412 0.09203884727313846 0.1349903093339364 0.21475731030398976 0.42337869745643697 0.3436116964863836 1.0492428589137786 5.338253141842031 4.546719055293041 2.3623304133438876 2.442097414313941 3.0495538063166547 3.055689729468197 2.742757648739526 2.7120780329818137 2.6875343403756435 5.982525072754001 2.693670263527186 6.080699843178682 5.9518454569962875 
-68.0 -68.0 -68.0 -67.5 -67.5 -67.5 -68.5 -69.5 -72.0 -76.5 -68.5 -66.0 -65.5 -67.0 -68.0 -68.5 -68.0 -66.5 -66.0 -72.0 -68.0 -70.0 -69.0 
1.4726215563702154 1.533980787885641 1.552388557340269 1.3928545554001621 1.4787574795217582 1.4173982480063325 1.6014759425526093 1.521708941582556 1.607611865704152 1.4726215563702154 1.5707963267948966 1.5278448647340985 1.4910293258248433 1.3867186322486196 1.761009944492716 1.4910293258248433 4.798291904506286 1.6996507129772904 1.718058482431918 1.4603497100671303 1.3621749396424494 1.718058482431918 2.1782527187976104 1.6751070203711202 2.0800779483729293 2.0371264863121317 2.356194490192345 2.4911847995262812 2.5034566458293663 2.5157284921324514 2.1659808724945253 2.3009711818284617 2.0064468705544187 1.7978254834019713 1.5278448647340985 1.6382914814618648 1.4664856332186729 1.6812429435226628 1.6996507129772904 1.5892040962495242 1.5585244804918115 1.41126232485479 1.5892040962495242 1.4971652489763858 
-61.5 -62.5 -62.5 -62.5 -63.5 -62.5 -62.5 -62.5 -63.0 -64.0 -61.5 -62.0 -62.5 -63.0 -64.0 -60.5 -62.5 -60.5 -62.5 -62.5 -61.0 -60.5 -62.0 -63.5 -62.0 -60.0 -59.5 -60.0 -59.0 -59.5 -60.5 -61.5 -61.5 -59.0 -58.0 -59.5 -60.0 -58.5 -58.0 -59.0 -60.0 -60.5 -61.0 -61.0 
1.239456476611598 1.2455923997631406 1.1596894756415448 1.141281706186917 1.1290098598838318 1.1167380135807468 1.1106020904292042 1.086058397823034 1.0492428589137786 1.0983302441261191 1.0983302441261191 1.0921943209745766 1.141281706186917 1.0737865515199487 1.0369710126106935 1.012427320004523 1.1044661672776617 1.1290098598838318 1.1106020904292042 1.1719613219446299 1.214912784005428 1.1474176293384597 1.2026409377023426 1.239456476611598 1.0799224746714913 1.0676506283684062 0.9756117810952678 0.8528933180644165 0.8651651643675016 0.8835729338221293 0.9633399347921826 1.1351457830353744 1.41126232485479 1.3314953238847365 1.227184630308513 1.227184630308513 1.2885438618239387 1.227184630308513 1.1903690913992575 1.2087768608538851 1.1351457830353744 1.0921943209745766 1.0615147052168636 1.0737865515199487 
-49.0 -49.0 -48.5 -49.0 -48.5 -48.5 -48.5 -48.5 -48.5 -49.0 -49.0 -49.0 -49.0 -49.5 -49.5 -49.5 -49.5 -49.5 -50.0 -48.5 -49.5 -51.5 -52.0 -53.5 -53.0 -54.5 -54.5 -56.5 -57.0 -56.0 -54.5 -53.0 -53.0 -52.0 -51.5 -51.0 -50.0 -49.0 -49.0 -49.0 -49.0 -48.5 -48.5 -48.5 
1.1903690913992575 1.2026409377023426 1.184233168247715 1.1351457830353744 1.1290098598838318 1.141281706186917 1.1351457830353744 1.0983302441261191 1.1596894756415448 1.0799224746714913 1.1167380135807468 1.1351457830353744 1.1719613219446299 1.2333205534600555 1.1658253987930873 0.9387962421860124 1.1658253987930873 1.1474176293384597 1.0737865515199487 1.1106020904292042 1.1351457830353744 1.3008157081270237 1.4664856332186729 1.41126232485479 1.337631247036279 1.4787574795217582 1.4603497100671303 1.3928545554001621 1.3744467859455345 1.4296700943094176 1.5278448647340985 1.4726215563702154 1.662835174068035 1.4419419406125027 1.2455923997631406 1.1658253987930873 1.1474176293384597 1.1351457830353744 1.1228739367322893 1.141281706186917 1.0921943209745766 1.1351457830353744 1.0615147052168636 1.086058397823034 
-50.0 -50.0 -50.0 -50.0 -50.0 -50.0 -50.0 -50.0 -50.0 -50.0 -50.0 -50.5 -50.0 -50.5 -50.5 -50.5 -50.5 -51.0 -51.0 -51.5 -51.0 -50.0 -50.5 -50.5 -52.0 -53.0 -52.5 -52.5 -52.5 -52.5 -53.0 -52.0 -52.0 -52.0 -51.5 -50.5 -50.5 -49.5 -49.5 -50.0 -50.0 -50.0 -50.0 -50.0 
1.4419419406125027 1.380582709097077 1.4542137869155878 1.2640001692177683 1.3621749396424494 1.3130875544301088 1.3192234775816514 1.214912784005428 1.3314953238847365 1.2701360923693108 1.214912784005428 1.2333205534600555 1.227184630308513 1.227184630308513 1.2333205534600555 1.2026409377023426 1.2762720155208536 1.184233168247715 1.1596894756415448 1.2578642460662257 1.6014759425526093 1.859184714917397 1.902136176978195 1.7794177139473437 1.9757672547967058 2.1598449493429825 2.270291566070749 2.3009711818284617 2.2580197197676637 2.2457478734645786 2.270291566070749 2.055534255766759 1.9696313316451632 1.9757672547967058 1.9819031779482483 1.9573594853420782 1.7855536370988863 1.533980787885641 1.5401167110371838 1.4480778637640452 1.3867186322486196 1.3867186322486196 1.337631247036279 1.3314953238847365 
-49.0 -49.0 -49.0 -49.0 -49.0 -49.0 -49.0 -49.0 -49.0 -49.0 -49.0 -49.0 -49.0 -49.0 -48.5 -48.5 -48.5 -48.5 -49.0 -49.5 -51.0 -49.0 -48.0 -49.5 -52.0 -52.5 -53.0 -53.0 -53.0 -52.5 -52.5 -52.0 -49.5 -48.0 -50.5 -52.5 -53.5 -51.5 -50.5 -50.0 -49.5 -49.5 -49.5 -50.0 
1.859184714917397 1.8162332528565992 1.748738098189631 1.6382914814618648 1.7671458676442586 1.7548740213411735 1.7241944055834606 1.6812429435226628 1.7303303287350031 1.6751070203711202 1.6873788666742053 1.6566992509164924 1.7548740213411735 1.6566992509164924 1.6873788666742053 1.6566992509164924 1.6689710972195777 1.7303303287350031 1.6812429435226628 1.7303303287350031 1.8837284075235674 2.1353012567368124 2.172116795646068 2.3439226438892597 2.5034566458293663 2.4727770300716534 2.521864415283994 2.5893595699509624 2.6691265709210157 2.6323110320117604 2.5770877236478773 2.6016314162540475 2.399145952253143 2.380738182798515 2.2948352586769194 2.030990563160589 1.8346410223112268 1.9266798695843652 1.9512235621905356 1.902136176978195 1.9205439464328227 1.846912868614312 1.7916895602504288 1.7548740213411735 
-50.0 -50.0 -50.0 -50.5 -50.5 -50.5 -51.0 -50.5 -51.0 -50.5 -50.5 -50.5 -50.5 -50.0 -50.5 -49.5 -50.5 -50.5 -50.5 -51.5 -51.5 -52.0 -52.5 -53.0 -53.5 -52.5 -54.0 -54.0 -54.0 -54.5 -54.0 -52.0 -53.5 -51.0 -52.5 -53.0 -52.5 -51.0 -50.0 -50.0 -49.5 -50.0 -50.0 -50.5 
4.638757902566179 4.657165672020807 4.473087977474529 4.374913207049849 4.540583132141498 4.601942363656923 4.454680208019902 4.558990901596125 4.135612204139688 4.552854978444583 4.847379289718626 4.172427743048944 4.583534594202296 4.620350133111551 4.7307967498393175 4.485359823777615 5.043728830567988 5.957981380147831 5.71868037723767 5.5284667595398505 5.890486225480862 5.921165841238575 6.037748381117884 6.068427996875596 6.117515382087937 5.8659425328746915 6.056156150572511 5.822991070813893 5.436427912266712 6.092971689481767 6.270913460876501 6.178874613603362 6.270913460876501 5.21553467881118 5.123495831538041 4.779884135051658 4.865787059173254 
-62.0 -63.0 -62.5 -63.0 -62.0 -62.5 -63.0 -63.0 -63.5 -63.5 -62.5 -62.5 -62.0 -61.0 -61.0 -63.0 -64.0 -61.5 -58.0 -63.0 -61.0 -61.0 -60.5 -61.0 -61.5 -61.0 -59.5 -61.0 -60.5 -56.0 -58.0 -62.0 -63.5 -64.5 -65.0 -66.5 -65.5 
5.160311370447297 5.577554144752192 5.283029833478148 5.283029833478148 5.3198453723874035 5.387340527054372 5.283029833478148 5.258486140871978 5.221670601962723 5.399612373357457 5.307573526084319 5.289165756629691 5.307573526084319 5.332117218690489 5.0682725231741586 5.368932757599744 5.3198453723874035 5.246214294568893 2.2948352586769194 5.546874528994478 6.074563920027139 6.270913460876501 6.056156150572511 4.1172044346850605 0.7547185476397354 0.28225246497095796 0.2454369260617026 0.380427235395639 0.5276893910326605 6.227961998815704 0.18407769454627693 6.0991076126333095 6.068427996875596 5.313709449235861 5.295301679781233 5.5714182216006485 5.289165756629691 5.393476450205914 5.325981295538946 5.056000676871073 
-60.5 -60.0 -61.0 -60.5 -60.0 -61.5 -61.0 -61.0 -61.5 -61.0 -61.5 -60.5 -60.0 -59.5 -60.0 -60.0 -59.0 -60.0 -61.0 -61.5 -59.5 -60.0 -61.0 -67.0 -63.5 -62.5 -63.0 -63.0 -64.5 -63.0 -61.0 -63.0 -64.0 -64.5 -62.5 -61.0 -61.5 -61.0 -61.5 -63.0 
