3.0250101137104846 0.30679615757712825 0.23316507975861744 0.2761165418194154 0.21475731030398976 0.2761165418194154 0.16566992509164924 0.09203884727313846 0.25770877236478773 3.3318062712876126 0.21475731030398976 0.20248546400090464 0.18407769454627693 0.9817477042468103 0.9572040116406401 3.9453985864418692 5.6941366846315 2.3071071049800045 2.0493983326152168 2.141437179888355 2.6445828783148455 2.816388726558037 2.705942109830271 2.4850488763747385 2.380738182798515 2.4911847995262812 
-65.5 -68.5 -68.0 -68.5 -68.5 -68.5 -68.5 -68.0 -68.0 -67.5 -68.5 -68.5 -68.5 -74.5 -74.0 -70.5 -74.5 -68.5 -68.5 -67.5 -68.5 -67.5 -66.5 -68.5 -68.5 -66.0 
1.88986433067511 1.6812429435226628 1.5462526341887264 1.6382914814618648 1.5033011721279284 1.7241944055834606 1.6260196351587797 1.6935147898257479 1.6566992509164924 1.6505633277649499 1.662835174068035 1.9880391010997909 4.798291904506286 1.6873788666742053 1.7241944055834606 1.5892040962495242 1.6505633277649499 1.9880391010997909 1.6996507129772904 1.7426021750380885 4.997709406931419 1.705786636128833 4.362641360746763 1.141281706186917 1.5278448647340985 2.0493983326152168 2.3009711818284617 2.012582793705961 1.8714565612204823 1.8775924843720249 2.061670178918302 2.1046216409791 2.184388641949153 2.2457478734645786 2.1598449493429825 1.8775924843720249 1.761009944492716 1.7303303287350031 1.564660403643354 1.6137477888556946 1.761009944492716 1.9082721001297376 1.9082721001297376 1.9696313316451632 
-64.0 -64.0 -63.0 -64.0 -62.5 -63.5 -63.0 -63.5 -63.0 -64.0 -64.0 -63.0 -64.5 -64.0 -64.5 -63.0 -64.0 -63.5 -63.5 -62.5 -63.5 -63.0 -65.5 -64.0 -61.5 -63.5 -64.5 -63.5 -61.0 -60.0 -59.0 -59.0 -58.5 -59.0 -61.0 -61.5 -59.0 -57.0 -58.0 -59.0 -60.5 -59.5 -60.0 -61.5 
1.000155473701438 1.000155473701438 1.0185632431560658 1.0246991663076084 0.9878836273983529 1.012427320004523 0.9817477042468103 0.9878836273983529 1.0185632431560658 0.9326603190344698 0.944932165337555 0.9326603190344698 0.9203884727313847 0.9081166264282996 0.944932165337555 0.9326603190344698 0.9326603190344698 0.9510680884890975 0.9756117810952678 0.9694758579437253 0.966407896367954 0.9694758579437253 0.9326603190344698 1.000155473701438 1.0492428589137786 1.1167380135807468 1.1965050145508 0.9817477042468103 0.8835729338221293 0.8283496254582462 0.7976700097005334 0.8651651643675016 0.7853981633974483 0.9019807032767571 1.0185632431560658 1.3744467859455345 1.1106020904292042 1.1167380135807468 1.337631247036279 1.3069516312785663 1.1719613219446299 1.0737865515199487 1.1167380135807468 1.1228739367322893 
-49.0 -49.0 -49.0 -49.0 -49.0 -49.0 -49.0 -49.0 -49.5 -49.0 -49.0 -49.0 -49.0 -49.5 -49.0 -49.5 -49.0 -49.5 -49.5 -49.5 -50.5 -50.0 -49.5 -49.5 -51.5 -54.0 -54.0 -53.5 -54.0 -55.0 -56.5 -57.0 -57.0 -55.5 -53.0 -53.0 -53.0 -51.5 -51.0 -50.5 -50.5 -51.0 -51.5 -51.5 
1.086058397823034 1.1228739367322893 1.086058397823034 1.141281706186917 1.0676506283684062 1.0369710126106935 1.0799224746714913 1.0492428589137786 1.0676506283684062 1.1167380135807468 1.0737865515199487 1.1290098598838318 1.0185632431560658 1.030835089459151 1.0492428589137786 1.043106935762236 1.0615147052168636 1.0369710126106935 0.9510680884890975 1.1167380135807468 4.224583089837056 1.0369710126106935 0.9142525495798421 1.0799224746714913 1.282407938672396 1.41126232485479 1.2517283229146832 1.325359400733194 1.41126232485479 1.380582709097077 1.3008157081270237 1.2026409377023426 1.325359400733194 1.4664856332186729 1.3744467859455345 1.6014759425526093 1.2455923997631406 1.325359400733194 1.239456476611598 1.043106935762236 0.9878836273983529 0.9019807032767571 0.9387962421860124 1.030835089459151 
-50.0 -50.0 -50.0 -50.0 -50.0 -50.0 -49.5 -50.0 -50.0 -50.0 -50.0 -50.5 -50.5 -50.5 -50.5 -50.5 -50.5 -50.5 -50.5 -51.0 -51.5 -51.5 -52.5 -51.5 -50.5 -50.5 -51.5 -52.5 -53.0 -52.5 -52.0 -52.0 -52.0 -52.5 -52.5 -51.5 -52.5 -51.5 -51.5 -52.0 -51.5 -51.0 -51.0 -51.0 
1.1965050145508 1.2026409377023426 1.2578642460662257 1.2333205534600555 1.1719613219446299 1.214912784005428 1.239456476611598 1.214912784005428 1.1780972450961724 1.214912784005428 1.141281706186917 1.1167380135807468 1.0737865515199487 1.1290098598838318 1.1044661672776617 1.0983302441261191 1.0737865515199487 1.0799224746714913 1.0921943209745766 1.0676506283684062 1.009359358428752 0.9326603190344698 1.0246991663076084 1.5155730184310134 1.8837284075235674 1.9144080232812801 1.7303303287350031 1.9757672547967058 2.0493983326152168 2.2150682577068657 2.141437179888355 2.1782527187976104 2.1782527187976104 2.3009711818284617 2.055534255766759 1.8837284075235674 2.024854640009046 1.9634954084936207 2.0371264863121317 1.8162332528565992 1.5953400194010667 1.509437095279471 1.5830681730979816 1.533980787885641 
-49.0 -49.0 -49.0 -49.0 -49.0 -49.0 -49.0 -49.0 -49.0 -49.5 -49.0 -49.0 -49.0 -49.0 -49.0 -49.5 -49.5 -49.5 -49.5 -49.5 -50.0 -49.5 -51.0 -51.5 -50.0 -50.0 -53.0 -54.5 -54.0 -54.0 -54.5 -54.5 -54.0 -53.5 -53.5 -52.0 -49.0 -51.0 -50.5 -50.5 -50.0 -49.0 -49.0 -48.5 
1.6935147898257479 1.7119225592803755 1.6382914814618648 1.662835174068035 1.705786636128833 1.7241944055834606 1.7119225592803755 1.7303303287350031 1.6137477888556946 1.6873788666742053 1.662835174068035 1.6014759425526093 1.6014759425526093 1.607611865704152 1.6260196351587797 1.662835174068035 1.576932249946439 1.5892040962495242 1.576932249946439 1.5830681730979816 1.55545651891604 1.552388557340269 1.6137477888556946 1.7241944055834606 2.2764274892222915 2.3623304133438876 2.3930100291016 2.423689644859313 2.435961491162398 2.429825568010856 2.5770877236478773 2.5709518004963345 2.6016314162540475 2.5402721847386216 2.521864415283994 2.3193789512830896 2.399145952253143 2.405281875404685 2.1475731030398975 1.9757672547967058 1.8346410223112268 2.012582793705961 1.9634954084936207 1.9880391010997909 
-50.0 -50.0 -50.5 -50.0 -50.5 -50.0 -50.5 -50.5 -50.5 -50.5 -51.0 -51.0 -51.0 -51.0 -51.0 -51.0 -51.0 -50.5 -50.5 -51.0 -51.0 -51.0 -53.0 -53.0 -52.5 -53.5 -54.0 -55.0 -53.5 -55.5 -55.0 -54.5 -55.0 -55.5 -53.5 -55.0 -52.5 -53.5 -54.0 -52.5 -51.5 -51.0 -51.0 -50.0 
4.816699673960914 4.424000592262189 4.718524903536232 4.792155981354743 4.025165587411922 4.6448938257177215 4.4362724385652745 4.313553975534423 4.460816131171445 4.583534594202296 4.28287435977671 4.620350133111551 4.577398671050753 4.583534594202296 4.528311285838413 4.190835512503572 4.313553975534423 4.417864669110647 4.528311285838413 4.577398671050753 3.933126740138784 5.945709533844745 5.957981380147831 5.620505606812989 6.056156150572511 5.902758071783947 6.111379458936394 5.939573610693203 5.945709533844745 5.927301764390117 5.988660995905543 5.93343768754166 5.356660911296659 6.062292073724054 6.074563920027139 6.135923151542564 6.1420590746941075 5.123495831538041 4.693981210930062 
-63.0 -63.5 -63.5 -63.5 -63.5 -62.5 -63.0 -63.0 -64.5 -64.5 -64.0 -64.5 -63.0 -63.5 -64.0 -63.5 -63.0 -62.5 -62.5 -63.5 -66.0 -62.0 -58.5 -64.5 -61.0 -63.0 -60.5 -61.5 -62.5 -62.0 -60.5 -62.0 -61.5 -57.0 -58.0 -61.5 -62.0 -67.0 -63.5 
5.141903600992669 5.442563835418255 5.448699758569798 5.283029833478148 5.45483568172134 5.246214294568893 5.375068680751287 5.411884219660542 5.4671075280244255 5.375068680751287 5.227806525114265 5.252350217720435 5.2768939103266055 5.313709449235861 5.105088062083414 5.154175447295755 5.270757987175063 5.21553467881118 5.2768939103266055 5.344389064993574 5.203262832508095 5.436427912266712 5.71868037723767 6.12365130523948 6.1850105367549055 5.976389149602458 1.0185632431560658 0.5338253141842031 6.258641614573416 0.6013204688511713 0.3865631585471816 6.22182607566416 0.2699806186678728 0.12885438618239387 0.07363107781851078 0.42337869745643697 6.025476534814799 0.018407769454627694 6.062292073724054 6.000932842208628 5.565282298449106 5.497787143782138 5.381204603902829 5.3198453723874035 
-60.5 -60.0 -60.5 -60.5 -60.0 -60.0 -60.5 -61.0 -60.5 -60.5 -61.0 -61.0 -61.0 -60.5 -61.0 -61.0 -61.0 -60.0 -59.0 -60.0 -60.0 -60.5 -63.5 -61.0 -61.0 -64.5 -69.5 -65.5 -68.0 -68.0 -65.0 -65.0 -65.5 -66.5 -67.5 -66.5 -63.5 -60.5 -62.0 -63.0 -64.5 -62.0 -60.0 -60.0 
