6.2463697682703305 2.988194574801229 0.09203884727313846 0.11658253987930872 0.07976700097005335 3.2029518851052186 0.3988350048502667 0.4172427743048944 0.32520392703175593 0.619728238305799 0.7547185476397354 0.16566992509164924 4.344233591292136 1.3621749396424494 3.7981364308048478 0.1595340019401067 5.8659425328746915 5.9518454569962875 6.240233845118788 6.105243535784852 6.191146459906448 6.14819499784565 6.22182607566416 
-69.5 -66.5 -69.5 -70.0 -70.5 -69.5 -69.5 -70.0 -69.0 -69.5 -69.0 -70.0 -64.0 -68.0 -68.0 -68.0 -67.5 -70.0 -70.5 -69.5 -69.5 -71.0 -70.0 
1.3744467859455345 1.41126232485479 1.4051264017032472 1.4848934026733007 1.3928545554001621 1.521708941582556 1.4051264017032472 1.282407938672396 1.4910293258248433 1.4726215563702154 1.423534171157875 1.5033011721279284 1.3314953238847365 1.3437671701878218 1.5953400194010667 1.4051264017032472 1.4480778637640452 1.1780972450961724 1.4848934026733007 1.607611865704152 1.7978254834019713 4.828971520263998 1.5278448647340985 2.4727770300716534 3.0372819600135696 2.1353012567368124 1.859184714917397 2.2027964114037806 2.2886993355253766 2.12916533358527 2.172116795646068 2.1782527187976104 2.0800779483729293 1.9696313316451632 1.7119225592803755 1.6751070203711202 1.4910293258248433 1.5462526341887264 1.6505633277649499 1.509437095279471 1.5033011721279284 
-61.0 -61.5 -62.0 -62.0 -61.0 -62.0 -61.0 -62.5 -63.0 -63.5 -63.0 -64.5 -63.5 -63.0 -64.5 -63.0 -63.0 -64.5 -63.5 -61.5 -64.5 -66.5 -67.0 -64.0 -66.0 -60.5 -60.5 -59.5 -60.0 -60.0 -60.5 -62.0 -63.0 -60.5 -59.5 -58.0 -59.5 -60.5 -60.5 -61.5 -62.0 
1.2087768608538851 1.1965050145508 1.2026409377023426 1.2946797849754812 1.2087768608538851 1.1658253987930873 1.1965050145508 1.1780972450961724 1.1658253987930873 1.1474176293384597 1.1719613219446299 1.1228739367322893 1.1167380135807468 1.1228739367322893 1.1167380135807468 1.1351457830353744 1.055378782065321 1.0369710126106935 1.012427320004523 0.9756117810952678 0.9510680884890975 0.8835729338221293 0.8344855486097889 0.944932165337555 1.141281706186917 1.368310862793992 1.1903690913992575 1.0921943209745766 1.184233168247715 1.1290098598838318 1.0246991663076084 1.0246991663076084 1.030835089459151 1.0676506283684062 1.1719613219446299 1.4173982480063325 1.2333205534600555 1.1780972450961724 1.214912784005428 1.2333205534600555 1.2210487071569704 1.1535535524900022 1.1228739367322893 1.1044661672776617 
-49.0 -49.0 -49.0 -49.0 -49.0 -49.0 -49.0 -49.0 -49.0 -48.5 -49.0 -49.0 -48.5 -49.0 -48.5 -48.5 -48.5 -48.5 -49.0 -49.0 -49.0 -49.5 -49.0 -49.0 -51.0 -50.5 -49.0 -49.5 -51.0 -51.5 -53.0 -53.0 -53.5 -52.5 -52.5 -52.5 -52.0 -50.5 -50.0 -50.0 -49.0 -48.5 -48.5 -49.0 
1.1719613219446299 1.1903690913992575 1.214912784005428 1.1474176293384597 1.1780972450961724 1.1474176293384597 1.1719613219446299 1.1903690913992575 1.1719613219446299 1.1903690913992575 1.141281706186917 1.1290098598838318 1.043106935762236 1.1474176293384597 1.1535535524900022 1.1290098598838318 1.1106020904292042 1.1474176293384597 1.0737865515199487 1.0921943209745766 1.0799224746714913 1.012427320004523 0.8467573949128739 1.0062913968529805 1.1044661672776617 1.325359400733194 1.282407938672396 1.2517283229146832 1.5953400194010667 1.576932249946439 1.5155730184310134 1.5155730184310134 1.5462526341887264 1.5892040962495242 1.4910293258248433 1.7303303287350031 1.4419419406125027 1.3130875544301088 1.1167380135807468 1.1167380135807468 1.0676506283684062 1.0185632431560658 1.1167380135807468 1.0676506283684062 
-50.0 -50.5 -50.0 -50.0 -50.0 -50.0 -50.5 -50.5 -50.5 -50.5 -50.5 -50.0 -50.0 -50.0 -50.0 -49.5 -50.0 -50.5 -50.5 -50.5 -51.0 -52.0 -53.0 -51.0 -49.5 -49.5 -48.5 -50.0 -51.5 -51.5 -51.5 -51.5 -51.5 -52.0 -52.0 -51.0 -52.5 -51.5 -50.0 -50.0 -50.5 -50.5 -50.5 -50.5 
1.3989904785517047 1.4419419406125027 1.4296700943094176 1.4603497100671303 1.4173982480063325 1.4296700943094176 1.3192234775816514 1.3314953238847365 1.3560390164909069 1.3069516312785663 1.2885438618239387 1.2762720155208536 1.2455923997631406 1.2762720155208536 1.3069516312785663 1.2455923997631406 1.1658253987930873 1.184233168247715 0.8835729338221293 0.9940195505498954 0.8897088569736719 0.7485826244881929 0.7363107781851077 1.0615147052168636 1.3989904785517047 1.3560390164909069 1.337631247036279 1.5830681730979816 1.7855536370988863 1.8960002538266525 1.8837284075235674 1.9205439464328227 1.9696313316451632 2.067806102069844 1.9144080232812801 1.8407769454627694 1.846912868614312 1.8714565612204823 1.8346410223112268 1.748738098189631 1.4603497100671303 1.41126232485479 1.3560390164909069 1.3867186322486196 
-48.5 -48.5 -48.5 -48.5 -48.5 -48.5 -48.5 -48.5 -48.5 -48.5 -48.5 -48.5 -49.0 -49.0 -48.5 -49.0 -48.5 -49.0 -49.0 -49.0 -49.5 -50.0 -52.0 -51.5 -48.5 -47.0 -49.5 -49.0 -49.0 -49.0 -48.5 -49.0 -49.0 -49.5 -50.5 -49.5 -48.0 -48.5 -49.5 -50.5 -51.5 -50.5 -49.5 -49.0 
1.7671458676442586 1.8100973297050567 1.7794177139473437 1.7978254834019713 1.748738098189631 1.8162332528565992 1.7978254834019713 1.761009944492716 1.748738098189631 1.748738098189631 1.748738098189631 1.7241944055834606 1.7794177139473437 1.718058482431918 1.736466251886546 1.6566992509164924 1.6137477888556946 1.576932249946439 1.5155730184310134 1.4971652489763858 1.533980787885641 1.227184630308513 1.380582709097077 1.552388557340269 1.6812429435226628 1.718058482431918 2.043262409463674 2.073942025221387 2.098485717827557 2.1905245651006955 2.313243028131547 2.337786720737717 2.3193789512830896 2.270291566070749 2.405281875404685 2.282563412373834 2.1905245651006955 2.2948352586769194 2.12916533358527 1.8714565612204823 1.8039614065535141 1.761009944492716 1.7978254834019713 1.8100973297050567 
-49.5 -49.5 -49.5 -49.5 -50.0 -49.5 -50.0 -50.0 -50.5 -50.5 -50.5 -50.5 -50.5 -50.5 -50.5 -51.0 -50.5 -50.5 -50.5 -50.5 -51.5 -52.0 -53.5 -52.5 -51.5 -53.0 -51.5 -51.0 -50.0 -51.5 -52.0 -52.0 -52.5 -51.5 -51.0 -53.5 -50.5 -51.0 -52.0 -52.5 -52.0 -51.0 -50.0 -50.0 
4.847379289718626 4.749204519293945 4.81056375080937 4.651029748869264 4.779884135051658 4.651029748869264 4.865787059173254 4.816699673960914 4.73693267299086 4.779884135051658 4.908738521234052 4.767612288748572 4.773748211900116 4.767612288748572 4.884194828627882 4.669437518323892 4.675573441475434 4.4976316700806995 4.528311285838413 4.196971435655114 0.5583690067903734 4.28287435977671 5.184855063053467 5.559146375297564 5.080544369477243 5.64504929941916 5.651185222570702 5.786175531904639 5.93343768754166 6.086835766330224 6.037748381117884 6.000932842208628 6.037748381117884 6.019340611663256 5.8475347634200645 5.485515297479052 6.019340611663256 6.068427996875596 6.019340611663256 5.982525072754001 5.141903600992669 5.013049214810275 4.816699673960914 
-63.0 -62.5 -62.5 -62.5 -62.0 -62.0 -62.0 -62.0 -62.0 -62.0 -61.0 -61.0 -62.0 -62.0 -62.5 -62.0 -62.0 -60.5 -61.5 -63.0 -67.5 -70.5 -66.0 -59.0 -58.0 -61.5 -59.0 -58.5 -58.5 -59.5 -58.5 -59.0 -59.0 -60.5 -59.5 -57.5 -56.5 -61.0 -61.5 -63.0 -68.0 -65.0 -63.0 
5.289165756629691 5.313709449235861 5.148039524144211 5.154175447295755 5.295301679781233 5.332117218690489 5.307573526084319 5.325981295538946 5.184855063053467 5.240078371417351 5.313709449235861 5.221670601962723 5.375068680751287 5.037592907416445 5.2339424482658075 5.221670601962723 5.141903600992669 5.283029833478148 5.019185137961818 5.289165756629691 5.0253210611133605 5.743224069843841 5.767767762450011 5.730952223540755 0.2270291566070749 6.1420590746941075 6.086835766330224 0.04295146206079795 6.178874613603362 6.277049384028044 0.11044661672776616 0.14726215563702155 6.160466844148735 0.2699806186678728 5.890486225480862 6.080699843178682 6.007068765360171 5.381204603902829 5.485515297479052 5.393476450205914 5.221670601962723 
-61.0 -60.0 -61.5 -61.0 -61.0 -61.5 -60.0 -61.0 -61.5 -61.0 -62.0 -62.5 -62.5 -63.0 -61.0 -62.5 -61.5 -61.0 -60.5 -60.5 -61.0 -60.0 -57.5 -64.5 -63.5 -59.5 -60.5 -60.5 -59.5 -59.5 -60.0 -61.0 -61.0 -62.0 -59.5 -61.0 -61.5 -65.5 -64.5 -61.5 -60.5 
