2.9759227284981438 3.1354567304382504 3.153864499892878 3.104777114680538 3.104777114680538 3.129320807286708 2.9943304979527716 3.1968159619536762 2.9759227284981438 3.184544115650591 3.3502140407422405 3.067961575771282 3.11091303783208 3.098641191528995 3.1784081924990484 0.5460971604872883 3.5895150436524004 2.8654761117703775 2.2764274892222915 2.098485717827557 2.3746022596469727 2.6261751088602177 2.5709518004963345 2.60776733940559 2.521864415283994 2.2150682577068657 5.798447378207723 6.1420590746941075 2.9697868053466014 3.160000423044421 3.2765829629237295 2.9391071895888885 2.9820586516496865 0.25157284921324513 
-66.0 -66.5 -66.0 -67.5 -67.5 -68.5 -67.5 -67.5 -67.5 -68.0 -69.0 -68.0 -67.5 -68.0 -68.0 -66.5 -63.5 -62.0 -65.5 -67.0 -68.5 -69.5 -68.5 -68.5 -67.5 -65.0 -66.5 -68.0 -67.5 -67.5 -68.5 -67.5 -67.0 -70.0 
1.5155730184310134 1.5401167110371838 1.4787574795217582 1.5830681730979816 1.4848934026733007 1.4971652489763858 1.3744467859455345 1.521708941582556 1.4542137869155878 1.4787574795217582 1.4664856332186729 1.325359400733194 1.5401167110371838 1.423534171157875 1.509437095279471 1.3989904785517047 4.190835512503572 1.5892040962495242 2.386874105950058 1.9696313316451632 1.9573594853420782 1.736466251886546 1.7426021750380885 1.8162332528565992 1.8775924843720249 1.9819031779482483 2.0493983326152168 1.945087639038993 2.0493983326152168 1.6137477888556946 1.3008157081270237 4.6878452877785195 1.423534171157875 1.509437095279471 1.552388557340269 1.5462526341887264 1.5830681730979816 1.564660403643354 1.4910293258248433 1.4664856332186729 1.4480778637640452 1.4419419406125027 1.4542137869155878 1.4664856332186729 
-63.5 -63.5 -63.0 -62.5 -62.5 -62.5 -62.0 -62.0 -61.5 -61.5 -62.5 -62.0 -62.0 -62.5 -62.5 -62.5 -67.0 -66.5 -66.5 -62.0 -62.0 -61.0 -61.0 -60.5 -60.5 -59.5 -60.0 -62.5 -62.0 -61.0 -59.0 -59.5 -59.5 -60.0 -59.5 -60.0 -60.0 -60.0 -60.5 -60.0 -60.5 -60.5 -61.0 -61.0 
0.9572040116406401 0.9510680884890975 0.9694758579437253 0.9878836273983529 1.0246991663076084 1.0185632431560658 1.0369710126106935 1.0185632431560658 1.0369710126106935 1.0492428589137786 1.0185632431560658 1.012427320004523 0.9878836273983529 0.9756117810952678 1.000155473701438 0.9510680884890975 0.9326603190344698 1.086058397823034 1.141281706186917 1.1228739367322893 1.1719613219446299 1.184233168247715 1.0615147052168636 1.0185632431560658 1.0185632431560658 0.9633399347921826 1.0062913968529805 1.0246991663076084 1.1903690913992575 1.3560390164909069 1.043106935762236 1.184233168247715 1.1596894756415448 1.086058397823034 1.1290098598838318 1.184233168247715 1.1965050145508 1.1658253987930873 1.1535535524900022 1.1596894756415448 1.1351457830353744 1.1535535524900022 1.1290098598838318 1.086058397823034 
-48.5 -48.5 -48.5 -49.0 -49.0 -49.0 -49.0 -48.5 -49.0 -49.0 -49.0 -49.0 -49.0 -48.5 -49.0 -48.5 -48.5 -50.0 -51.0 -51.0 -51.5 -52.0 -52.0 -53.0 -53.5 -54.0 -54.0 -53.0 -52.5 -53.5 -50.5 -49.5 -49.0 -48.0 -48.0 -49.0 -49.0 -49.0 -48.5 -49.0 -49.0 -49.0 -49.0 -48.5 
1.141281706186917 1.0676506283684062 1.1167380135807468 1.1290098598838318 1.1535535524900022 1.1351457830353744 1.1596894756415448 1.1596894756415448 1.1658253987930873 1.1474176293384597 1.1474176293384597 1.1658253987930873 1.141281706186917 1.141281706186917 1.1228739367322893 1.012427320004523 1.1290098598838318 1.3867186322486196 1.3499030933393643 1.2578642460662257 1.552388557340269 1.5953400194010667 1.552388557340269 1.521708941582556 1.5462526341887264 1.5707963267948966 1.576932249946439 1.5155730184310134 1.4419419406125027 1.6689710972195777 1.5707963267948966 1.4542137869155878 1.3008157081270237 1.1106020904292042 1.0615147052168636 1.0676506283684062 1.1351457830353744 1.1780972450961724 1.227184630308513 1.227184630308513 1.214912784005428 1.2087768608538851 1.2087768608538851 1.214912784005428 1.2333205534600555 1.2026409377023426 
-50.5 -50.5 -50.5 -50.5 -50.5 -50.5 -50.5 -50.5 -50.5 -50.5 -50.0 -50.5 -50.5 -50.5 -50.5 -51.0 -52.0 -51.0 -49.5 -51.5 -51.5 -51.5 -51.5 -52.0 -52.0 -52.0 -52.5 -53.0 -52.0 -51.5 -53.5 -52.5 -52.5 -51.5 -51.0 -50.5 -50.5 -51.0 -51.0 -50.5 -50.5 -50.5 -50.5 -51.0 -50.5 -50.5 
1.282407938672396 1.2885438618239387 1.3069516312785663 1.325359400733194 1.3314953238847365 1.325359400733194 1.3192234775816514 1.368310862793992 1.3560390164909069 1.3621749396424494 1.3867186322486196 1.3314953238847365 1.325359400733194 1.337631247036279 1.2885438618239387 1.2578642460662257 1.3867186322486196 1.7855536370988863 1.7303303287350031 1.736466251886546 1.8223691760081417 1.859184714917397 1.9389517158874505 2.061670178918302 2.061670178918302 2.086213871524472 2.141437179888355 2.067806102069844 1.9880391010997909 1.8775924843720249 2.043262409463674 2.0923497946760143 2.043262409463674 1.932815792735908 1.7119225592803755 1.4603497100671303 1.41126232485479 1.4664856332186729 1.4726215563702154 1.4726215563702154 1.41126232485479 1.4296700943094176 1.4787574795217582 1.4480778637640452 1.41126232485479 1.3192234775816514 
-50.5 -50.0 -50.0 -50.0 -50.0 -50.0 -50.0 -50.0 -50.0 -50.0 -50.5 -50.0 -49.5 -50.0 -50.0 -51.0 -52.0 -48.5 -48.0 -49.5 -50.0 -51.0 -52.0 -51.5 -51.0 -51.5 -52.0 -52.5 -53.0 -50.5 -48.5 -49.0 -51.0 -51.5 -52.5 -52.0 -50.0 -50.0 -50.0 -49.5 -50.0 -50.0 -50.0 -50.0 -50.0 -49.5 
1.7855536370988863 1.7855536370988863 1.8285050991596843 1.8100973297050567 1.8285050991596843 1.8285050991596843 1.8775924843720249 1.8162332528565992 1.8100973297050567 1.8530487917658545 1.8285050991596843 1.846912868614312 1.8039614065535141 1.8162332528565992 1.7855536370988863 1.6566992509164924 1.7671458676442586 2.227340104009951 2.110757564130642 2.3930100291016 2.3746022596469727 2.2886993355253766 2.4175537217077703 2.4911847995262812 2.442097414313941 2.4911847995262812 2.429825568010856 2.442097414313941 2.466641106920111 2.386874105950058 2.313243028131547 2.454369260617026 2.282563412373834 2.067806102069844 1.8100973297050567 1.736466251886546 1.8346410223112268 1.8653206380689396 1.9266798695843652 1.945087639038993 1.9266798695843652 1.902136176978195 1.9082721001297376 1.902136176978195 1.859184714917397 1.8714565612204823 
-52.0 -52.0 -52.0 -51.5 -51.5 -51.5 -51.0 -51.5 -51.5 -51.5 -51.5 -51.0 -51.0 -51.5 -51.5 -53.5 -55.5 -52.0 -53.0 -53.5 -52.5 -53.0 -53.0 -54.0 -54.0 -54.0 -54.0 -53.5 -53.5 -55.0 -53.0 -52.5 -55.0 -55.5 -54.0 -53.0 -52.0 -51.0 -51.0 -51.0 -51.0 -50.5 -51.0 -50.5 -51.0 -51.0 
5.190990986205009 4.945554060143307 5.062136600022616 5.197126909356553 5.074408446325701 5.092816215780329 5.111223985234957 4.798291904506286 5.111223985234957 4.97623367590102 5.190990986205009 5.00077736850719 5.117359908386499 5.049864753719531 5.006913291658733 5.559146375297564 5.829126993965437 5.884350302329319 5.890486225480862 5.632777453116074 5.976389149602458 5.767767762450011 6.000932842208628 6.043884304269426 6.12365130523948 6.092971689481767 6.031612457966341 6.025476534814799 6.1420590746941075 5.595961914206819 5.737088146692298 6.270913460876501 6.215690152512618 5.9518454569962875 6.019340611663256 5.595961914206819 5.246214294568893 5.123495831538041 5.221670601962723 5.0682725231741586 4.841243366567084 5.092816215780329 5.117359908386499 5.056000676871073 5.160311370447297 
-63.0 -63.5 -63.5 -63.5 -63.5 -64.5 -63.5 -63.5 -63.5 -63.5 -63.5 -64.0 -64.0 -63.0 -64.0 -63.5 -61.5 -57.5 -56.0 -59.0 -58.0 -59.5 -59.5 -58.5 -58.5 -58.5 -58.5 -59.0 -59.5 -61.0 -56.0 -57.5 -58.0 -60.5 -61.5 -65.0 -65.0 -65.0 -63.5 -63.5 -64.0 -63.5 -64.5 -63.5 -63.5 
5.2339424482658075 5.283029833478148 5.21553467881118 5.2768939103266055 5.013049214810275 5.246214294568893 5.141903600992669 5.178719139901925 5.516194913236766 5.307573526084319 5.301437602932776 5.258486140871978 5.387340527054372 5.264622064023521 5.043728830567988 5.988660995905543 5.651185222570702 0.42337869745643697 6.154330920997192 6.086835766330224 0.6933593161243098 0.48473792897186263 0.15339807878856412 0.30679615757712825 0.39269908169872414 0.05522330836388308 2.7979809571034093 6.013204688511713 5.227806525114265 5.289165756629691 5.209398755659637 5.356660911296659 5.338253141842031 5.393476450205914 5.325981295538946 5.313709449235861 5.2768939103266055 5.154175447295755 
-65.0 -65.0 -64.0 -64.5 -64.5 -64.5 -63.5 -64.5 -64.5 -63.5 -64.0 -63.5 -64.0 -63.5 -64.0 -60.0 -60.0 -66.0 -62.5 -67.0 -68.5 -66.0 -65.0 -65.0 -67.0 -65.5 -72.0 -62.5 -66.5 -62.0 -63.0 -62.5 -62.5 -62.0 -62.5 -62.5 -63.5 -63.0 
