2.730485802436441 2.730485802436441 5.942641572268974 2.816388726558037 2.6568547246179306 2.7120780329818137 2.767301341345697 2.650718801466388 2.705942109830271 2.767301341345697 2.748893571891069 2.834796496012665 2.7979809571034093 2.8102528034064944 2.6139032625571326 6.056156150572511 2.816388726558037 0.0 3.54042765844006 3.80427235395639 3.479068426924634 3.4913402732277192 3.9085830475326135 3.5895150436524004 3.3624858870453256 3.0372819600135696 3.141592653589793 3.08636934522591 3.1784081924990484 3.172272269347506 3.436116964863836 3.730641276137879 3.117048960983623 3.3011266555298997 3.4177091954092087 3.5342917352885173 3.730641276137879 3.730641276137879 0.1043106935762236 3.399301425954581 3.2704470397721868 3.129320807286708 0.03681553890925539 2.9697868053466014 2.804116880254952 3.129320807286708 
-62.0 -63.0 -63.5 -62.5 -63.0 -62.5 -62.0 -62.0 -62.0 -61.5 -61.5 -62.0 -61.0 -62.5 -62.0 -63.0 -62.0 -63.5 -62.5 -62.0 -63.5 -63.0 -63.5 -62.5 -63.0 -65.0 -67.0 -65.5 -63.5 -64.5 -64.0 -66.0 -66.0 -63.0 -62.0 -61.5 -63.0 -63.5 -67.5 -64.0 -66.5 -65.5 -65.5 -63.0 -63.0 -63.0 
2.073942025221387 2.055534255766759 2.2304080655857224 2.061670178918302 2.184388641949153 2.1353012567368124 2.1046216409791 2.2580197197676637 2.1905245651006955 2.110757564130642 2.073942025221387 2.043262409463674 2.098485717827557 2.1046216409791 2.073942025221387 2.337786720737717 2.098485717827557 2.172116795646068 2.6691265709210157 2.466641106920111 2.6200391857086753 3.227495577711389 3.4177091954092087 3.2397674240144743 2.6445828783148455 2.313243028131547 2.337786720737717 2.435961491162398 2.564815877344792 2.675262494072558 3.074097498922825 3.6324665057131984 3.3440781175906977 2.9206994201342606 2.7857091108003242 2.018718716857504 2.1537090261914402 2.2580197197676637 2.1230294104337273 2.073942025221387 2.1782527187976104 2.141437179888355 1.8530487917658545 5.368932757599744 2.073942025221387 2.073942025221387 
-62.0 -63.0 -63.5 -62.0 -63.5 -63.0 -62.5 -63.0 -62.5 -62.5 -63.0 -62.5 -63.0 -62.5 -63.5 -63.0 -62.0 -63.0 -62.0 -62.0 -65.0 -63.5 -63.5 -62.5 -62.0 -61.5 -62.0 -61.0 -62.5 -62.0 -62.0 -64.0 -65.0 -63.0 -66.0 -64.5 -63.0 -63.0 -63.0 -63.0 -64.0 -63.0 -63.5 -64.0 -63.0 -63.0 
0.48473792897186263 0.5092816215780329 0.521553467881118 0.5276893910326605 0.5583690067903734 0.5399612373357456 0.5522330836388308 0.5829126993965437 0.5338253141842031 0.5583690067903734 0.5399612373357456 0.6135923151542565 0.607456392002714 0.5951845456996288 0.6504078540635119 0.6381360077604268 0.6320000846088841 0.6749515466696822 0.8344855486097889 1.000155473701438 1.0246991663076084 1.2210487071569704 1.1106020904292042 0.9081166264282996 0.9510680884890975 0.9142525495798421 0.9387962421860124 0.9326603190344698 0.8774370106705868 0.8406214717613314 0.8774370106705868 1.043106935762236 1.2640001692177683 1.282407938672396 1.1290098598838318 1.043106935762236 1.1474176293384597 1.030835089459151 0.8344855486097889 0.7976700097005334 0.6442719309119693 0.7547185476397354 0.7547185476397354 0.7731263170943632 0.8406214717613314 0.8528933180644165 0.8651651643675016 
-52.0 -52.0 -52.0 -51.5 -51.5 -51.5 -51.0 -51.0 -51.0 -51.0 -51.0 -51.0 -51.0 -51.0 -51.0 -51.0 -51.0 -51.0 -51.5 -52.0 -54.0 -52.5 -51.0 -52.5 -53.0 -52.5 -52.5 -52.5 -52.5 -53.0 -52.0 -51.5 -51.5 -52.5 -52.0 -51.0 -50.0 -50.0 -50.0 -50.0 -50.0 -50.0 -50.0 -49.5 -49.5 -49.5 -49.5 
0.760854470791278 0.8222137023067037 0.8068738944278473 0.803805932852076 0.8651651643675016 0.8160777791551611 0.7915340865489908 0.8222137023067037 0.8651651643675016 0.7853981633974483 0.8344855486097889 0.8222137023067037 0.8406214717613314 0.8222137023067037 0.7915340865489908 0.8467573949128739 0.8467573949128739 0.8774370106705868 0.8958447801252144 1.0983302441261191 1.3867186322486196 1.3928545554001621 1.2087768608538851 1.1228739367322893 1.2885438618239387 1.2087768608538851 1.2026409377023426 1.2455923997631406 1.2701360923693108 1.282407938672396 1.282407938672396 1.214912784005428 1.325359400733194 1.4848934026733007 1.4848934026733007 1.4419419406125027 1.3130875544301088 1.1903690913992575 1.055378782065321 1.012427320004523 0.9878836273983529 0.8283496254582462 1.012427320004523 0.9694758579437253 0.944932165337555 0.9633399347921826 0.9572040116406401 
-52.0 -52.0 -52.5 -52.0 -52.0 -52.0 -52.0 -51.5 -52.0 -51.5 -51.5 -51.5 -51.5 -51.5 -52.0 -51.5 -52.0 -52.0 -51.5 -51.0 -52.0 -50.5 -50.0 -50.5 -50.5 -50.0 -50.5 -50.5 -50.0 -50.0 -50.5 -50.5 -49.0 -50.5 -52.0 -52.0 -51.5 -51.5 -52.0 -52.0 -52.0 -52.0 -52.0 -52.0 -52.0 -52.0 -52.0 
1.0492428589137786 0.8897088569736719 1.1044661672776617 1.0676506283684062 1.1535535524900022 1.0921943209745766 1.1167380135807468 1.055378782065321 1.0737865515199487 1.1290098598838318 1.0676506283684062 1.1903690913992575 1.1228739367322893 1.1044661672776617 1.1044661672776617 1.1351457830353744 1.184233168247715 1.3314953238847365 1.5707963267948966 1.8653206380689396 1.7426021750380885 1.4603497100671303 1.3499030933393643 1.337631247036279 1.3928545554001621 1.3499030933393643 1.3314953238847365 1.3560390164909069 1.3560390164909069 1.3069516312785663 1.4848934026733007 1.3621749396424494 1.3928545554001621 1.5830681730979816 1.718058482431918 1.859184714917397 1.8530487917658545 1.7671458676442586 1.576932249946439 1.3499030933393643 1.1658253987930873 1.1965050145508 1.141281706186917 0.9940195505498954 1.0676506283684062 1.1044661672776617 1.1044661672776617 
-57.5 -57.5 -58.5 -57.5 -57.5 -57.5 -57.0 -57.0 -57.5 -57.0 -57.0 -57.0 -57.5 -57.5 -57.0 -57.0 -57.0 -57.0 -55.5 -52.5 -50.5 -50.0 -51.0 -51.5 -52.0 -52.0 -52.0 -52.5 -52.5 -51.5 -52.5 -51.5 -50.5 -50.0 -50.5 -51.5 -52.0 -53.5 -56.0 -56.0 -56.0 -56.0 -56.0 -55.5 -55.0 -55.0 -54.5 
1.5033011721279284 1.5830681730979816 1.5493205957644975 1.552388557340269 1.4848934026733007 1.509437095279471 1.5155730184310134 1.533980787885641 1.5401167110371838 1.4971652489763858 1.5401167110371838 1.533980787885641 1.5401167110371838 1.5155730184310134 1.5462526341887264 1.5278448647340985 1.533980787885641 1.4726215563702154 1.662835174068035 1.9512235621905356 2.018718716857504 1.736466251886546 1.7119225592803755 1.9573594853420782 1.8223691760081417 1.88986433067511 1.932815792735908 1.9634954084936207 1.9696313316451632 1.859184714917397 1.9880391010997909 1.9819031779482483 1.8960002538266525 1.846912868614312 1.932815792735908 2.1537090261914402 2.116893487282185 1.9144080232812801 1.7303303287350031 1.5830681730979816 1.6321555583103222 1.6198837120072371 1.533980787885641 1.4910293258248433 1.2026409377023426 1.521708941582556 1.509437095279471 
-56.0 -56.0 -56.0 -55.5 -55.5 -56.0 -55.0 -55.5 -55.5 -55.5 -56.0 -55.5 -56.0 -55.5 -56.0 -55.0 -55.0 -56.5 -55.0 -52.5 -51.5 -53.5 -54.5 -55.5 -56.0 -56.0 -55.0 -54.5 -55.0 -56.0 -54.5 -55.0 -55.0 -54.0 -53.0 -52.0 -53.5 -54.5 -56.5 -56.5 -55.5 -55.0 -55.0 -55.5 -55.5 -55.0 -54.5 
5.221670601962723 5.105088062083414 5.160311370447297 5.387340527054372 5.123495831538041 5.3627968344482015 5.197126909356553 5.307573526084319 5.313709449235861 5.264622064023521 5.209398755659637 5.166447293598839 5.203262832508095 5.258486140871978 5.062136600022616 5.074408446325701 5.031456984264903 5.289165756629691 5.295301679781233 5.399612373357457 5.393476450205914 5.0253210611133605 4.963961829597935 5.209398755659637 4.7307967498393175 4.651029748869264 4.73693267299086 4.9394181369917645 4.792155981354743 4.516039439535327 4.884194828627882 4.957825906446392 5.1725832167503825 5.0253210611133605 5.565282298449106 5.6941366846315 5.767767762450011 5.620505606812989 5.595961914206819 5.442563835418255 5.3198453723874035 5.491651220630596 5.5284667595398505 5.356660911296659 5.080544369477243 5.049864753719531 
-64.5 -66.0 -66.5 -65.0 -65.5 -66.0 -66.0 -66.0 -66.0 -65.0 -66.0 -65.5 -65.5 -65.5 -64.5 -65.0 -65.0 -63.5 -63.0 -63.0 -59.0 -58.5 -60.0 -59.5 -60.0 -63.0 -62.5 -62.5 -63.0 -61.5 -59.0 -59.5 -58.0 -59.0 -57.0 -59.0 -60.5 -61.5 -62.5 -62.5 -63.0 -63.5 -62.0 -63.5 -64.0 -64.0 
2.1966604882522383 2.184388641949153 5.595961914206819 2.012582793705961 5.2768939103266055 5.178719139901925 5.246214294568893 5.516194913236766 2.000310947402876 2.061670178918302 5.332117218690489 5.602097837358362 5.700272607783043 5.460971604872882 0.01227184630308513 5.927301764390117 5.780039608753096 5.939573610693203 6.025476534814799 5.822991070813893 5.872078456026235 6.050020227420969 5.896622148632405 2.2518837966161214 5.393476450205914 5.688000761479957 5.675728915176872 5.822991070813893 1.9144080232812801 1.6689710972195777 1.6812429435226628 
-72.0 -71.5 -70.0 -71.5 -70.5 -72.5 -70.0 -69.5 -72.0 -71.0 -68.5 -62.0 -60.0 -63.5 -70.0 -64.0 -64.0 -66.0 -65.0 -65.5 -64.5 -66.0 -65.0 -68.0 -62.5 -62.0 -61.0 -64.0 -71.5 -70.5 -70.0 
