2.82252464970958 2.718213956133356 2.791845033951867 2.8532042654672924 2.8532042654672924 2.7857091108003242 2.9022916506796332 2.9268353432858034 2.9697868053466014 2.834796496012665 2.859340188618835 2.84706834231575 2.773437264497239 3.393165502803038 2.816388726558037 2.834796496012665 2.8102528034064944 2.8716120349219203 3.0372819600135696 0.3374757733348411 0.39269908169872414 3.393165502803038 3.466796580621549 3.5833791205008576 3.718369429834794 3.5465635815916023 3.4177091954092087 3.3870295796514958 3.497476196379262 3.043417883165112 3.3440781175906977 3.56497135104623 3.1968159619536762 3.313398501832985 3.2029518851052186 3.147728576741336 3.466796580621549 6.019340611663256 2.405281875404685 2.552544031041707 2.705942109830271 2.6813984172241008 
-64.0 -65.0 -62.5 -63.5 -65.0 -64.0 -64.0 -64.0 -64.0 -65.0 -64.0 -64.5 -64.0 -65.0 -64.0 -64.5 -64.5 -64.0 -65.0 -66.5 -64.0 -63.0 -65.0 -63.0 -63.5 -64.5 -65.0 -66.5 -66.0 -65.0 -65.0 -66.5 -66.5 -63.5 -62.0 -63.0 -63.0 -66.0 -64.0 -63.0 -63.5 -62.5 
2.313243028131547 2.350058567040802 2.337786720737717 2.325514874434632 2.386874105950058 2.2764274892222915 2.2641556429192065 2.3930100291016 2.325514874434632 2.2886993355253766 2.282563412373834 2.1905245651006955 2.313243028131547 2.12916533358527 2.2212041808584084 2.4850488763747385 2.5402721847386216 2.1230294104337273 2.325514874434632 2.6323110320117604 5.9088939949354895 2.730485802436441 2.9759227284981438 3.2888548092268146 3.3318062712876126 2.9759227284981438 2.8102528034064944 2.4727770300716534 2.411417798556228 2.767301341345697 2.5893595699509624 2.724349879284899 2.8838838812250054 3.2581751934691017 3.2213596545598464 3.4913402732277192 2.816388726558037 2.5157284921324514 2.423689644859313 2.2150682577068657 5.209398755659637 2.0064468705544187 1.8960002538266525 1.9512235621905356 2.1905245651006955 
-63.5 -64.0 -64.0 -64.0 -64.5 -64.0 -64.0 -64.0 -61.0 -63.0 -65.0 -64.0 -63.5 -64.5 -64.0 -64.0 -64.0 -64.5 -62.5 -63.0 -64.0 -63.0 -64.5 -62.0 -63.0 -62.0 -62.5 -63.0 -63.0 -62.5 -62.0 -61.5 -61.0 -61.0 -63.5 -64.0 -65.5 -64.0 -61.5 -62.0 -63.0 -63.0 -63.0 -62.0 -62.0 
0.6135923151542565 0.5951845456996288 0.5890486225480862 0.5829126993965437 0.6258641614573416 0.6320000846088841 0.6013204688511713 0.6504078540635119 0.6504078540635119 0.5767767762450011 0.6810874698212247 0.619728238305799 0.5706408530934585 0.6872233929727672 0.6565437772150544 0.7117670855789375 0.6442719309119693 0.6320000846088841 0.7547185476397354 0.8467573949128739 1.0461748973380072 1.0737865515199487 1.1780972450961724 1.3008157081270237 1.1228739367322893 1.055378782065321 1.1290098598838318 1.0492428589137786 1.0369710126106935 0.9940195505498954 0.9878836273983529 1.012427320004523 1.000155473701438 1.055378782065321 1.1228739367322893 1.2762720155208536 1.1167380135807468 1.0185632431560658 1.0369710126106935 0.9326603190344698 3.9208548938356986 0.6933593161243098 0.7547185476397354 0.7669903939428205 0.7915340865489908 
-50.5 -50.5 -50.5 -50.5 -50.5 -50.5 -50.5 -50.5 -50.5 -50.5 -50.5 -50.5 -50.5 -50.5 -50.5 -50.5 -50.5 -50.5 -51.5 -51.0 -52.0 -52.5 -53.0 -51.5 -50.0 -51.0 -52.5 -52.0 -52.0 -51.5 -51.5 -52.0 -51.5 -51.5 -51.0 -52.0 -52.5 -51.5 -51.0 -50.5 -50.5 -51.0 -50.5 -50.0 -50.0 
0.9387962421860124 0.9203884727313847 0.9326603190344698 0.9142525495798421 0.9019807032767571 0.8897088569736719 0.944932165337555 0.9694758579437253 0.9019807032767571 0.8958447801252144 0.9203884727313847 0.8344855486097889 0.8958447801252144 0.9203884727313847 0.9081166264282996 0.9142525495798421 0.944932165337555 0.8958447801252144 0.9878836273983529 1.0799224746714913 1.260932207641997 1.3069516312785663 1.5953400194010667 1.4726215563702154 1.2762720155208536 1.2762720155208536 1.3867186322486196 1.325359400733194 1.2517283229146832 1.239456476611598 1.2640001692177683 1.337631247036279 1.368310862793992 1.2885438618239387 1.214912784005428 1.4664856332186729 1.5585244804918115 1.4603497100671303 1.2087768608538851 1.0799224746714913 0.9295923574586985 0.8897088569736719 0.9326603190344698 0.9203884727313847 0.8651651643675016 
-53.0 -53.0 -53.0 -52.5 -53.0 -53.0 -52.5 -52.5 -52.5 -52.5 -52.5 -52.5 -52.5 -52.5 -52.5 -52.5 -52.5 -53.0 -52.5 -52.0 -52.0 -52.0 -51.5 -49.5 -49.5 -50.0 -50.5 -50.0 -50.0 -50.0 -49.5 -49.5 -50.0 -50.0 -49.5 -49.5 -51.0 -51.5 -50.5 -50.5 -52.0 -51.5 -51.0 -51.0 -51.0 
1.0185632431560658 1.0369710126106935 0.9940195505498954 1.0737865515199487 1.0615147052168636 1.030835089459151 1.0799224746714913 1.086058397823034 1.0062913968529805 1.0185632431560658 0.9694758579437253 1.0246991663076084 1.0369710126106935 1.030835089459151 1.0492428589137786 1.0921943209745766 0.9817477042468103 1.141281706186917 1.2333205534600555 1.509437095279471 1.880660445947796 1.9757672547967058 1.8162332528565992 1.5892040962495242 1.533980787885641 1.4971652489763858 1.5401167110371838 1.533980787885641 1.4603497100671303 1.4971652489763858 1.4051264017032472 1.4848934026733007 1.5892040962495242 1.4542137869155878 1.380582709097077 1.5585244804918115 1.7732817907958012 1.859184714917397 1.8714565612204823 1.6505633277649499 1.4327380558851888 1.2210487071569704 1.239456476611598 1.1535535524900022 1.2026409377023426 
-57.0 -57.0 -57.0 -56.5 -56.5 -56.5 -56.5 -56.5 -56.0 -56.5 -56.5 -57.0 -56.5 -56.5 -57.0 -56.5 -56.5 -56.5 -57.0 -56.5 -55.0 -52.5 -49.5 -50.0 -51.0 -51.5 -52.0 -52.0 -52.5 -52.5 -52.0 -51.5 -52.5 -52.0 -51.5 -51.0 -50.5 -52.5 -53.5 -55.5 -57.0 -56.5 -56.5 -56.0 -56.0 
1.4296700943094176 1.4664856332186729 1.380582709097077 1.4419419406125027 1.4603497100671303 1.41126232485479 1.4787574795217582 1.41126232485479 1.4051264017032472 1.41126232485479 1.4296700943094176 1.3928545554001621 1.3867186322486196 1.41126232485479 1.4358060174609601 1.4419419406125027 1.4848934026733007 1.509437095279471 1.4603497100671303 1.662835174068035 1.8714565612204823 2.1046216409791 1.9757672547967058 1.7548740213411735 1.945087639038993 2.0493983326152168 1.9573594853420782 1.9082721001297376 2.030990563160589 2.067806102069844 2.043262409463674 2.0064468705544187 2.018718716857504 2.055534255766759 1.9205439464328227 1.8837284075235674 1.8285050991596843 2.1046216409791 1.945087639038993 1.7241944055834606 1.5953400194010667 1.564660403643354 1.6137477888556946 1.6444274046134073 1.6321555583103222 
-57.5 -58.0 -57.5 -57.5 -56.5 -57.5 -57.5 -57.0 -57.0 -57.5 -56.5 -57.0 -56.5 -57.0 -57.0 -56.5 -57.0 -57.0 -58.0 -58.0 -56.5 -54.0 -51.5 -54.0 -55.0 -55.0 -55.0 -56.0 -55.5 -55.0 -54.0 -56.0 -55.0 -54.5 -55.0 -54.0 -52.0 -52.0 -53.5 -54.5 -56.0 -54.5 -54.0 -54.0 -54.0 
5.203262832508095 5.190990986205009 5.2339424482658075 5.166447293598839 5.227806525114265 5.258486140871978 5.405748296509 5.240078371417351 5.442563835418255 5.246214294568893 5.264622064023521 5.154175447295755 5.203262832508095 5.117359908386499 5.154175447295755 5.184855063053467 5.190990986205009 5.166447293598839 5.3627968344482015 5.5284667595398505 5.506991028509452 5.700272607783043 5.638913376267617 5.3198453723874035 5.411884219660542 5.448699758569798 5.240078371417351 4.9394181369917645 4.921010367537137 5.135767677841127 5.135767677841127 4.865787059173254 5.019185137961818 5.197126909356553 5.43029198911517 5.344389064993574 5.387340527054372 5.6143696836614465 5.595961914206819 5.6143696836614465 5.270757987175063 5.1725832167503825 5.246214294568893 5.209398755659637 5.160311370447297 
-63.5 -63.5 -62.5 -63.0 -63.0 -61.5 -63.5 -63.0 -63.5 -63.5 -63.0 -63.5 -64.0 -62.5 -62.5 -63.0 -62.5 -63.0 -62.5 -62.0 -63.0 -60.5 -57.0 -57.5 -58.0 -58.0 -57.5 -60.0 -61.5 -60.5 -61.0 -60.5 -59.5 -58.5 -57.5 -59.5 -57.5 -59.5 -61.5 -63.0 -64.0 -64.0 -63.0 -63.5 -63.5 
0.705631162427395 5.896622148632405 5.5284667595398505 5.283029833478148 5.8045833013592665 5.810719224510809 5.964117303299373 5.853670686571607 5.902758071783947 5.859806609723149 5.6573211457222445 5.620505606812989 1.945087639038993 5.086680292628786 5.411884219660542 5.5100589900852235 5.313709449235861 5.0345249458406744 4.902602598082509 1.88986433067511 4.914874444385594 5.129631754689584 
-78.5 -63.0 -60.5 -64.0 -66.0 -66.5 -67.5 -67.0 -67.0 -66.0 -66.5 -66.0 -69.5 -63.0 -62.5 -63.0 -66.5 -72.0 -68.0 -67.5 -66.5 -66.0 
