2.8716120349219203 2.718213956133356 2.662990647769473 2.6691265709210157 2.8286605728611223 2.82252464970958 2.761165418194154 2.748893571891069 2.779573187648782 2.6016314162540475 2.730485802436441 2.693670263527186 2.5893595699509624 2.5770877236478773 2.7550294950426117 2.6813984172241008 2.767301341345697 2.816388726558037 0.02454369260617026 3.706097583531709 3.650874275167826 2.9759227284981438 0.4111068511533518 0.8467573949128739 3.859495662320273 3.509748042682347 2.9206994201342606 2.9636508821950587 3.0066023442558567 3.0372819600135696 0.018407769454627694 3.1968159619536762 3.7122335066832517 3.11091303783208 3.06182565261974 3.3318062712876126 0.14112623248547898 2.7120780329818137 2.8286605728611223 2.742757648739526 3.0066023442558567 2.773437264497239 2.6568547246179306 
-62.5 -62.5 -62.0 -62.5 -63.0 -62.5 -62.5 -61.5 -63.0 -62.0 -62.5 -63.0 -62.5 -62.5 -63.0 -63.0 -63.0 -62.5 -64.5 -62.0 -61.5 -66.5 -70.0 -68.0 -64.5 -61.5 -61.0 -64.0 -64.0 -63.5 -63.5 -62.5 -66.0 -63.5 -64.0 -61.5 -65.0 -65.5 -64.0 -63.5 -64.0 -64.0 -63.5 
2.043262409463674 2.2089323345553233 2.1905245651006955 2.018718716857504 2.1782527187976104 2.2027964114037806 2.184388641949153 2.1905245651006955 2.2886993355253766 2.356194490192345 2.055534255766759 2.1475731030398975 2.1230294104337273 2.1046216409791 2.1598449493429825 2.110757564130642 2.110757564130642 2.1046216409791 1.9082721001297376 2.116893487282185 2.6200391857086753 2.6261751088602177 3.0802334220743677 3.1661363461959633 3.2704470397721868 3.11091303783208 2.8286605728611223 2.6139032625571326 2.724349879284899 2.7979809571034093 2.9697868053466014 6.068427996875596 2.9513790358919736 3.54042765844006 3.497476196379262 3.043417883165112 2.5893595699509624 2.227340104009951 2.116893487282185 2.012582793705961 1.9389517158874505 1.8530487917658545 1.9880391010997909 2.0371264863121317 2.1598449493429825 2.098485717827557 
-63.5 -63.0 -64.0 -63.0 -63.5 -63.5 -63.0 -63.5 -63.5 -63.5 -63.0 -64.0 -64.0 -62.0 -64.0 -64.5 -63.0 -63.5 -63.0 -63.0 -62.0 -64.0 -64.0 -64.0 -62.0 -61.0 -62.0 -61.5 -62.5 -62.0 -61.5 -62.0 -61.0 -61.0 -64.0 -65.5 -65.5 -63.0 -61.0 -61.5 -61.5 -62.0 -62.0 -61.5 -61.0 -62.0 
0.6749515466696822 0.6933593161243098 0.6381360077604268 0.6504078540635119 0.619728238305799 0.6565437772150544 0.6320000846088841 0.6320000846088841 0.6135923151542565 0.6258641614573416 0.6565437772150544 0.6442719309119693 0.6442719309119693 0.6749515466696822 0.619728238305799 0.619728238305799 0.619728238305799 0.5890486225480862 0.6565437772150544 0.6504078540635119 0.9326603190344698 0.9633399347921826 0.9572040116406401 1.1474176293384597 1.2026409377023426 0.944932165337555 0.8467573949128739 0.9387962421860124 0.9265243958829272 0.9203884727313847 0.9019807032767571 0.9387962421860124 4.0466413184423216 0.9203884727313847 0.9633399347921826 1.3069516312785663 1.0983302441261191 0.9817477042468103 0.9633399347921826 1.000155473701438 0.8467573949128739 0.7547185476397354 0.7669903939428205 0.7915340865489908 0.7792622402459057 0.8160777791551611 0.8528933180644165 
-51.0 -51.0 -51.0 -51.0 -51.0 -51.0 -51.0 -51.0 -51.0 -51.0 -51.0 -51.0 -51.0 -51.0 -51.5 -51.0 -51.0 -51.0 -51.0 -51.5 -51.5 -52.5 -54.0 -53.5 -52.0 -51.0 -53.5 -53.0 -52.5 -52.0 -52.5 -53.0 -53.5 -53.0 -51.5 -52.0 -54.5 -53.0 -52.0 -51.0 -51.0 -51.0 -51.0 -51.0 -51.0 -50.5 -50.5 
0.8774370106705868 0.9633399347921826 0.8958447801252144 0.9203884727313847 0.8835729338221293 0.8774370106705868 0.9326603190344698 0.9081166264282996 0.8774370106705868 0.8958447801252144 0.9019807032767571 0.9081166264282996 0.9265243958829272 0.8958447801252144 0.8835729338221293 0.9203884727313847 0.9081166264282996 0.8651651643675016 0.8528933180644165 0.9572040116406401 1.0676506283684062 1.1965050145508 1.3744467859455345 1.423534171157875 1.3008157081270237 1.1351457830353744 1.1965050145508 1.2517283229146832 1.2333205534600555 1.2087768608538851 1.2517283229146832 1.2455923997631406 1.3314953238847365 1.325359400733194 1.214912784005428 1.41126232485479 1.5462526341887264 1.5278448647340985 1.3192234775816514 1.1474176293384597 0.9572040116406401 0.9203884727313847 0.9019807032767571 0.9203884727313847 0.8958447801252144 0.9265243958829272 0.9326603190344698 
-51.5 -51.5 -51.5 -51.5 -51.0 -51.5 -51.5 -51.5 -51.5 -51.5 -51.5 -51.5 -51.5 -51.5 -52.0 -51.5 -51.5 -51.5 -52.0 -51.5 -51.0 -51.0 -51.0 -50.0 -50.0 -50.0 -50.5 -50.5 -49.5 -50.0 -50.5 -50.0 -50.5 -50.5 -50.0 -49.5 -51.0 -51.5 -51.0 -51.0 -51.0 -51.0 -51.0 -50.5 -50.5 -50.5 -50.0 
1.3499030933393643 1.3499030933393643 1.282407938672396 1.3192234775816514 1.2517283229146832 1.3621749396424494 1.2455923997631406 1.2885438618239387 1.2640001692177683 1.2762720155208536 1.2210487071569704 1.2087768608538851 1.2026409377023426 1.214912784005428 1.2885438618239387 1.2517283229146832 1.1719613219446299 1.214912784005428 1.2517283229146832 1.3314953238847365 1.859184714917397 1.8775924843720249 1.7916895602504288 1.6014759425526093 1.3314953238847365 1.2701360923693108 1.3621749396424494 1.4173982480063325 1.41126232485479 1.41126232485479 1.4173982480063325 1.423534171157875 1.521708941582556 1.564660403643354 1.3744467859455345 1.4542137869155878 1.6935147898257479 1.8653206380689396 1.945087639038993 1.9082721001297376 1.6566992509164924 1.4603497100671303 1.3621749396424494 1.3192234775816514 1.2517283229146832 1.2885438618239387 1.2640001692177683 
-58.0 -57.5 -57.5 -57.5 -57.5 -57.5 -57.5 -57.5 -58.0 -57.5 -57.5 -57.5 -57.5 -58.0 -58.0 -57.5 -58.0 -58.0 -57.5 -57.5 -54.0 -52.5 -52.0 -50.5 -50.5 -51.5 -52.0 -52.0 -52.0 -52.0 -52.5 -52.5 -52.5 -53.0 -52.5 -51.0 -50.0 -51.0 -53.5 -55.5 -57.0 -57.5 -57.5 -57.5 -57.5 -57.5 -57.0 
1.6137477888556946 1.5830681730979816 1.576932249946439 1.4971652489763858 1.5707963267948966 1.5953400194010667 1.5892040962495242 1.5155730184310134 1.6505633277649499 1.4296700943094176 1.5585244804918115 1.5462526341887264 1.552388557340269 1.533980787885641 1.576932249946439 1.521708941582556 1.5401167110371838 1.576932249946439 1.5462526341887264 1.5585244804918115 1.9573594853420782 1.9941750242513334 1.945087639038993 1.8653206380689396 1.748738098189631 1.7978254834019713 1.9819031779482483 1.932815792735908 1.9757672547967058 1.9144080232812801 1.9757672547967058 2.030990563160589 2.0156507552817327 2.061670178918302 2.098485717827557 1.88986433067511 1.9144080232812801 2.067806102069844 2.055534255766759 1.8407769454627694 1.7303303287350031 1.6812429435226628 1.6812429435226628 1.6935147898257479 1.662835174068035 1.6873788666742053 1.6996507129772904 
-56.0 -55.5 -55.5 -56.0 -56.0 -55.5 -55.5 -55.5 -55.5 -56.0 -55.5 -56.0 -56.0 -55.5 -56.0 -56.0 -56.0 -56.0 -56.5 -56.5 -53.5 -52.5 -52.0 -52.5 -54.5 -55.5 -55.0 -55.5 -55.5 -54.5 -54.5 -55.0 -56.0 -54.5 -55.5 -54.0 -53.5 -52.0 -52.5 -53.5 -55.0 -55.0 -54.5 -54.0 -54.0 -54.0 -53.5 
5.460971604872882 5.5284667595398505 5.448699758569798 5.497787143782138 5.5714182216006485 5.405748296509 5.6143696836614465 5.473243451175968 5.473243451175968 5.485515297479052 5.405748296509 5.393476450205914 5.399612373357457 5.448699758569798 5.344389064993574 5.405748296509 5.289165756629691 5.368932757599744 5.436427912266712 5.675728915176872 5.393476450205914 5.418020142812084 5.546874528994478 5.246214294568893 4.933282213840222 5.031456984264903 5.160311370447297 4.847379289718626 4.994641445355648 5.148039524144211 5.135767677841127 5.105088062083414 4.828971520263998 5.056000676871073 5.098952138931871 5.221670601962723 5.178719139901925 5.559146375297564 5.7616318392984684 5.50392306693368 5.313709449235861 5.258486140871978 5.049864753719531 5.105088062083414 5.062136600022616 4.994641445355648 5.019185137961818 
-62.0 -63.0 -62.5 -62.0 -62.0 -62.5 -62.0 -63.0 -63.0 -62.5 -62.0 -62.5 -62.5 -63.0 -63.5 -63.5 -63.0 -63.5 -63.5 -62.5 -62.5 -62.0 -59.5 -57.5 -58.0 -59.5 -58.0 -60.0 -61.5 -60.5 -61.0 -62.0 -61.0 -60.0 -59.0 -59.0 -57.5 -58.0 -61.0 -62.0 -63.0 -63.5 -63.0 -63.0 -62.5 -63.5 -62.5 
5.270757987175063 5.583690067903734 5.031456984264903 1.8837284075235674 5.227806525114265 5.350524988145116 1.932815792735908 5.056000676871073 4.8351074434155406 5.135767677841127 5.332117218690489 5.252350217720435 4.933282213840222 5.178719139901925 2.1475731030398975 2.435961491162398 5.589825991055276 5.7616318392984684 5.313709449235861 2.2764274892222915 6.1420590746941075 5.6941366846315 5.6941366846315 5.964117303299373 6.0991076126333095 6.019340611663256 6.025476534814799 5.7953794166319526 5.8475347634200645 5.902758071783947 2.086213871524472 5.50392306693368 5.706408530934585 5.620505606812989 5.264622064023521 5.283029833478148 5.289165756629691 5.141903600992669 4.95168998329485 1.9757672547967058 5.074408446325701 5.056000676871073 
-69.5 -69.0 -68.5 -71.0 -69.0 -70.0 -70.5 -70.0 -68.5 -70.5 -70.0 -71.0 -69.5 -70.5 -71.0 -66.0 -62.5 -61.5 -62.5 -73.0 -70.5 -63.5 -64.0 -66.0 -65.0 -66.5 -65.0 -66.5 -65.0 -65.5 -65.5 -63.5 -63.5 -63.0 -62.5 -66.5 -66.5 -66.5 -67.0 -67.5 -67.0 -66.5 
