2.791845033951867 2.859340188618835 2.761165418194154 2.82252464970958 2.8532042654672924 2.82252464970958 2.8716120349219203 2.7979809571034093 2.736621725587984 2.7979809571034093 2.791845033951867 2.82252464970958 2.742757648739526 2.82252464970958 2.8286605728611223 2.5157284921324514 2.730485802436441 2.779573187648782 2.761165418194154 2.84706834231575 3.693825737228624 3.448388811166921 3.8840393549264434 3.8288160465625602 3.5772431973493153 3.2213596545598464 3.141592653589793 3.031146036862027 3.147728576741336 3.466796580621549 3.485204350076177 3.129320807286708 2.9943304979527716 3.0495538063166547 3.472932503773092 3.32567034813607 3.0250101137104846 2.7550294950426117 2.791845033951867 3.0066023442558567 2.8102528034064944 2.9206994201342606 
-61.5 -63.0 -62.5 -63.0 -62.5 -62.0 -63.0 -62.5 -63.0 -62.5 -62.0 -62.5 -62.0 -62.5 -63.0 -62.0 -61.5 -62.5 -63.5 -64.0 -63.5 -64.5 -64.5 -63.5 -63.5 -63.5 -62.5 -64.5 -64.5 -65.0 -66.5 -58.0 -63.5 -64.5 -62.5 -63.5 -64.0 -61.5 -61.5 -63.5 -62.0 -63.5 
2.2580197197676637 2.2580197197676637 2.184388641949153 2.1966604882522383 2.2948352586769194 2.2150682577068657 2.2212041808584084 2.313243028131547 2.172116795646068 2.2886993355253766 2.141437179888355 2.2150682577068657 2.1659808724945253 2.1475731030398975 2.1475731030398975 2.1966604882522383 2.2518837966161214 2.1475731030398975 2.0800779483729293 2.1475731030398975 2.5341362615870793 2.5770877236478773 2.791845033951867 3.11091303783208 3.0127382674073995 2.82252464970958 2.4911847995262812 5.816855147662351 2.552544031041707 2.662990647769473 2.675262494072558 3.2888548092268146 3.4054373491061236 6.1850105367549055 2.5034566458293663 2.36846633649543 2.1966604882522383 2.2886993355253766 2.0064468705544187 2.000310947402876 2.1475731030398975 2.110757564130642 2.086213871524472 
-62.5 -62.5 -63.0 -62.5 -62.5 -62.5 -62.5 -62.0 -63.5 -62.5 -63.0 -62.5 -62.5 -63.0 -62.0 -62.5 -62.5 -62.0 -62.0 -61.5 -62.0 -63.5 -62.5 -62.5 -62.5 -62.5 -62.5 -63.5 -63.0 -62.5 -62.0 -62.0 -63.5 -66.0 -64.0 -65.0 -62.0 -62.0 -61.5 -61.5 -61.5 -62.0 -61.5 
0.7731263170943632 0.803805932852076 0.7853981633974483 0.7792622402459057 0.7731263170943632 0.7731263170943632 0.7547185476397354 0.7915340865489908 0.7485826244881929 0.7792622402459057 0.7363107781851077 0.760854470791278 0.7669903939428205 0.7547185476397354 0.760854470791278 0.7547185476397354 0.7179030087304801 0.7485826244881929 0.7301748550335652 0.8099418560036186 1.1044661672776617 1.055378782065321 1.3130875544301088 1.1965050145508 1.0492428589137786 1.1290098598838318 1.0615147052168636 0.9633399347921826 1.000155473701438 1.012427320004523 0.9878836273983529 1.0737865515199487 1.1780972450961724 1.3560390164909069 1.1780972450961724 1.0676506283684062 1.1167380135807468 1.1474176293384597 0.9878836273983529 0.9203884727313847 0.9142525495798421 0.9694758579437253 0.9019807032767571 0.9387962421860124 
-50.0 -50.0 -50.0 -50.0 -50.0 -49.5 -50.0 -50.0 -50.0 -50.0 -50.0 -50.0 -50.0 -50.5 -50.0 -50.5 -50.5 -50.0 -51.0 -51.0 -52.0 -54.0 -53.0 -51.0 -51.5 -53.0 -52.5 -49.5 -52.0 -52.5 -52.5 -52.0 -50.0 -52.5 -52.5 -51.5 -50.5 -50.0 -49.5 -49.5 -49.5 -49.0 -49.0 -49.0 
0.9387962421860124 0.9940195505498954 0.9387962421860124 0.944932165337555 0.9510680884890975 0.944932165337555 0.9387962421860124 0.9633399347921826 0.9265243958829272 0.9081166264282996 0.9019807032767571 0.9142525495798421 0.9142525495798421 0.9510680884890975 0.9572040116406401 0.9572040116406401 0.9878836273983529 0.944932165337555 0.9326603190344698 0.9940195505498954 1.2087768608538851 1.4480778637640452 1.6014759425526093 1.3499030933393643 1.3867186322486196 1.4296700943094176 1.380582709097077 1.3069516312785663 1.3621749396424494 1.3499030933393643 1.4480778637640452 1.4051264017032472 1.3192234775816514 1.576932249946439 1.6382914814618648 1.5830681730979816 1.3437671701878218 1.214912784005428 1.0799224746714913 1.0492428589137786 1.0615147052168636 1.0062913968529805 0.9817477042468103 1.0062913968529805 
-51.0 -51.0 -51.0 -51.0 -50.5 -50.5 -50.5 -50.5 -51.0 -50.5 -51.0 -51.0 -50.5 -50.5 -51.0 -51.0 -51.0 -51.0 -51.0 -51.0 -51.0 -52.0 -50.0 -49.5 -50.5 -50.5 -50.5 -50.5 -50.0 -50.0 -50.5 -50.5 -49.5 -49.5 -51.0 -52.0 -51.5 -51.0 -51.0 -51.5 -50.5 -51.0 -50.5 -51.0 
1.1474176293384597 1.2026409377023426 1.1044661672776617 1.184233168247715 1.184233168247715 1.227184630308513 1.1228739367322893 1.184233168247715 1.184233168247715 1.1596894756415448 1.1535535524900022 1.1351457830353744 1.2333205534600555 1.1596894756415448 1.184233168247715 1.1290098598838318 1.1228739367322893 1.1351457830353744 1.2455923997631406 1.533980787885641 2.073942025221387 2.073942025221387 1.7916895602504288 1.6382914814618648 1.5953400194010667 1.5892040962495242 1.6444274046134073 1.533980787885641 1.5830681730979816 1.5892040962495242 1.6566992509164924 1.6260196351587797 1.521708941582556 1.6444274046134073 1.846912868614312 1.9819031779482483 1.9634954084936207 1.932815792735908 1.552388557340269 1.368310862793992 1.325359400733194 1.3621749396424494 1.1596894756415448 1.337631247036279 
-56.5 -56.5 -56.5 -57.0 -57.0 -57.0 -56.5 -57.0 -56.5 -56.5 -57.0 -56.5 -57.0 -56.5 -57.0 -57.0 -57.0 -57.0 -57.0 -57.0 -54.0 -52.5 -49.5 -51.5 -52.5 -52.5 -53.0 -53.0 -53.5 -53.0 -52.5 -53.5 -52.0 -50.0 -50.0 -51.5 -53.5 -54.0 -56.0 -56.5 -56.5 -56.5 -56.0 -55.5 
1.5892040962495242 1.607611865704152 1.576932249946439 1.5707963267948966 1.6014759425526093 1.6198837120072371 1.5830681730979816 1.576932249946439 1.6198837120072371 1.5953400194010667 1.6014759425526093 1.5830681730979816 1.5892040962495242 1.6137477888556946 1.5830681730979816 1.6198837120072371 1.6198837120072371 1.5401167110371838 1.552388557340269 1.607611865704152 1.88986433067511 2.1537090261914402 1.9389517158874505 2.0064468705544187 2.1046216409791 2.024854640009046 2.0493983326152168 2.1230294104337273 2.141437179888355 2.1598449493429825 2.0800779483729293 2.1475731030398975 2.0493983326152168 1.6873788666742053 1.945087639038993 2.12916533358527 2.1537090261914402 1.9512235621905356 1.6873788666742053 1.6260196351587797 1.705786636128833 1.6873788666742053 1.6014759425526093 1.607611865704152 
-54.5 -54.5 -54.5 -54.5 -54.5 -54.5 -54.5 -54.5 -54.5 -54.5 -55.0 -54.5 -54.5 -54.5 -55.0 -54.5 -55.0 -55.0 -56.0 -56.5 -54.5 -53.5 -52.0 -54.5 -55.0 -55.0 -56.0 -55.5 -54.5 -54.5 -55.5 -55.0 -55.0 -53.5 -52.5 -52.0 -52.5 -54.0 -55.0 -54.0 -53.5 -53.5 -54.0 -54.5 
5.031456984264903 5.2339424482658075 5.098952138931871 5.062136600022616 5.117359908386499 5.154175447295755 5.086680292628786 5.031456984264903 5.098952138931871 5.092816215780329 5.105088062083414 5.013049214810275 5.092816215780329 5.135767677841127 5.160311370447297 5.117359908386499 5.117359908386499 5.148039524144211 5.2339424482658075 5.405748296509 5.448699758569798 5.743224069843841 5.522330836388308 5.577554144752192 5.5284667595398505 5.307573526084319 5.049864753719531 5.252350217720435 5.356660911296659 5.056000676871073 5.135767677841127 5.424156065963627 5.154175447295755 5.332117218690489 5.700272607783043 5.64504929941916 5.681864838328415 5.565282298449106 5.436427912266712 5.375068680751287 5.252350217720435 5.184855063053467 5.166447293598839 
-64.5 -64.0 -64.5 -64.0 -64.0 -64.5 -63.5 -64.0 -63.5 -65.0 -65.0 -64.5 -64.5 -63.5 -64.0 -64.0 -63.5 -63.5 -64.0 -63.0 -63.0 -60.0 -57.0 -59.0 -58.0 -58.5 -60.5 -62.0 -60.5 -60.0 -58.5 -58.0 -58.0 -57.0 -57.5 -61.0 -61.0 -62.0 -62.0 -62.0 -61.0 -62.5 -63.0 
4.718524903536232 4.700117134081604 4.528311285838413 4.76147636559703 4.571262747899211 4.626486056263094 4.743068596142402 4.614214209960009 4.485359823777615 4.657165672020807 4.663301595172349 4.503767593232243 4.595806440505381 4.798291904506286 4.743068596142402 4.522175362686871 4.902602598082509 4.767612288748572 4.7307967498393175 5.043728830567988 5.252350217720435 5.798447378207723 5.080544369477243 2.834796496012665 6.12365130523948 5.743224069843841 5.8045833013592665 6.105243535784852 5.767767762450011 6.080699843178682 5.5100589900852235 5.71868037723767 5.559146375297564 5.442563835418255 5.283029833478148 4.957825906446392 4.798291904506286 5.019185137961818 4.7860200582032 4.865787059173254 
-67.5 -67.5 -68.0 -68.0 -68.0 -68.5 -67.5 -66.5 -68.0 -66.0 -68.0 -68.5 -69.5 -68.0 -68.0 -68.0 -68.5 -67.0 -68.5 -67.5 -65.0 -63.5 -62.0 -78.5 -67.0 -65.5 -65.5 -67.0 -68.0 -65.5 -64.5 -63.5 -64.0 -64.5 -67.0 -65.5 -65.5 -66.0 -66.5 -67.5 
