2.9084275738311756 2.9391071895888885 2.9206994201342606 2.945243112740431 2.9759227284981438 2.9759227284981438 3.2397674240144743 2.7857091108003242 2.8409324191642074 2.748893571891069 2.8532042654672924 2.834796496012665 2.804116880254952 2.8961557275280905 2.8286605728611223 2.859340188618835 2.7857091108003242 2.834796496012665 3.1354567304382504 3.6263305825616556 3.429981041712294 4.3503695144436785 3.7551849687440497 3.9515345095934116 3.5036121195308043 2.9329712664373457 3.129320807286708 3.000466421104314 0.01227184630308513 3.1784081924990484 3.2704470397721868 3.8840393549264434 3.6017868899554855 3.3870295796514958 3.0802334220743677 3.2029518851052186 3.3870295796514958 3.442252888015379 6.092971689481767 2.5954954931025047 2.6200391857086753 2.8838838812250054 2.834796496012665 2.748893571891069 2.748893571891069 2.791845033951867 
-63.0 -63.0 -63.0 -63.5 -63.5 -63.0 -63.0 -63.0 -63.5 -64.0 -63.5 -64.0 -63.5 -63.5 -63.5 -63.0 -63.5 -63.0 -65.5 -63.5 -63.5 -67.0 -65.5 -65.0 -64.5 -64.5 -66.5 -66.0 -66.5 -65.0 -64.0 -65.5 -67.0 -64.0 -66.0 -64.0 -63.0 -63.5 -66.5 -64.0 -63.0 -63.0 -64.5 -63.5 -64.0 -63.5 
2.141437179888355 2.1782527187976104 2.227340104009951 2.2334760271614935 2.2886993355253766 2.2457478734645786 2.350058567040802 2.2886993355253766 2.227340104009951 2.356194490192345 2.325514874434632 2.454369260617026 2.3746022596469727 2.12916533358527 2.4850488763747385 2.282563412373834 2.3316507975861747 2.172116795646068 2.2334760271614935 2.4911847995262812 2.386874105950058 2.9943304979527716 3.1661363461959633 3.399301425954581 3.043417883165112 2.6813984172241008 2.5893595699509624 2.5893595699509624 2.5954954931025047 2.662990647769473 2.8838838812250054 3.485204350076177 3.411573272257666 3.749049045592507 2.773437264497239 2.497320722677824 2.429825568010856 2.313243028131547 2.172116795646068 2.055534255766759 1.9696313316451632 2.184388641949153 2.184388641949153 2.2212041808584084 2.3071071049800045 2.2334760271614935 2.110757564130642 
-63.0 -64.0 -63.0 -64.0 -63.5 -63.5 -63.5 -63.5 -64.0 -63.5 -64.0 -63.5 -63.5 -64.0 -63.5 -64.0 -63.5 -63.5 -62.0 -61.5 -62.5 -65.0 -63.5 -63.5 -62.5 -62.5 -62.5 -62.5 -62.0 -62.0 -62.0 -62.0 -64.0 -64.5 -64.5 -64.5 -63.0 -61.5 -62.0 -63.0 -63.0 -62.5 -63.5 -63.5 -63.5 -63.5 -63.5 
0.9510680884890975 0.9510680884890975 0.9265243958829272 0.9387962421860124 0.9387962421860124 0.9203884727313847 0.9019807032767571 0.8835729338221293 0.8528933180644165 0.859029241215959 0.8222137023067037 0.8160777791551611 0.8406214717613314 0.8099418560036186 0.7731263170943632 0.8160777791551611 0.8099418560036186 0.8406214717613314 0.9510680884890975 1.1351457830353744 1.0676506283684062 1.2210487071569704 1.4051264017032472 1.1106020904292042 1.0246991663076084 1.0676506283684062 1.030835089459151 1.0246991663076084 1.0246991663076084 0.9756117810952678 0.9878836273983529 1.055378782065321 1.227184630308513 1.3621749396424494 1.0492428589137786 0.9756117810952678 1.030835089459151 1.0369710126106935 0.9203884727313847 0.803805932852076 0.705631162427395 0.7485826244881929 0.6810874698212247 0.705631162427395 0.6994952392758523 0.7179030087304801 0.7179030087304801 
-48.5 -48.5 -49.0 -48.5 -49.0 -48.5 -49.0 -49.0 -49.5 -49.5 -49.5 -49.5 -49.5 -49.5 -49.5 -50.0 -50.0 -50.0 -50.0 -51.0 -52.0 -52.5 -51.0 -50.5 -52.0 -52.0 -52.0 -51.5 -52.0 -53.0 -52.5 -50.5 -50.0 -52.5 -52.5 -51.5 -50.5 -50.5 -51.0 -51.0 -51.0 -51.5 -51.0 -51.0 -51.0 -50.5 -51.0 
1.0369710126106935 1.043106935762236 1.043106935762236 1.012427320004523 1.0369710126106935 1.043106935762236 0.9940195505498954 0.9694758579437253 0.944932165337555 0.944932165337555 0.9326603190344698 0.9510680884890975 0.9203884727313847 0.9694758579437253 0.9387962421860124 0.944932165337555 0.9142525495798421 0.9019807032767571 1.0062913968529805 1.1719613219446299 1.3989904785517047 1.5953400194010667 1.3314953238847365 1.282407938672396 1.337631247036279 1.3437671701878218 1.3008157081270237 1.282407938672396 1.282407938672396 1.3008157081270237 1.3437671701878218 1.2517283229146832 1.368310862793992 1.4419419406125027 1.4480778637640452 1.423534171157875 1.227184630308513 1.184233168247715 1.030835089459151 0.9203884727313847 0.8835729338221293 0.9081166264282996 0.9081166264282996 0.8774370106705868 0.8713010875190442 0.8344855486097889 0.8958447801252144 
-51.0 -51.0 -50.5 -50.5 -51.0 -51.0 -51.0 -50.5 -51.0 -51.0 -51.5 -51.5 -51.0 -51.0 -51.5 -51.5 -51.5 -51.5 -51.0 -50.5 -51.5 -50.5 -49.0 -49.5 -50.5 -50.0 -50.0 -50.0 -49.5 -50.0 -50.5 -50.0 -49.0 -49.5 -50.5 -51.0 -51.0 -50.5 -51.0 -51.5 -52.0 -51.5 -52.5 -52.0 -52.5 -52.0 -52.0 
1.2333205534600555 1.2946797849754812 1.282407938672396 1.282407938672396 1.282407938672396 1.227184630308513 1.2517283229146832 1.2517283229146832 1.1965050145508 1.2087768608538851 1.239456476611598 1.184233168247715 1.2026409377023426 1.1658253987930873 1.239456476611598 1.141281706186917 1.2210487071569704 1.368310862793992 1.6260196351587797 1.9389517158874505 2.024854640009046 1.9205439464328227 1.607611865704152 1.5707963267948966 1.5707963267948966 1.5401167110371838 1.5155730184310134 1.4848934026733007 1.4173982480063325 1.5707963267948966 1.5585244804918115 1.4173982480063325 1.4296700943094176 1.607611865704152 1.8100973297050567 1.88986433067511 1.9266798695843652 1.88986433067511 1.7548740213411735 1.5462526341887264 1.4419419406125027 1.3621749396424494 1.337631247036279 1.2701360923693108 1.2210487071569704 1.3130875544301088 1.2701360923693108 
-55.5 -56.0 -55.5 -55.0 -55.5 -55.5 -56.0 -56.0 -55.5 -56.0 -56.0 -56.0 -56.0 -56.5 -56.5 -56.5 -56.5 -56.5 -56.5 -54.0 -52.5 -49.5 -51.0 -51.5 -52.5 -52.0 -52.5 -52.5 -52.5 -52.5 -53.0 -52.0 -51.0 -50.0 -50.0 -52.5 -53.0 -53.5 -55.0 -56.5 -57.5 -58.0 -57.5 -58.0 -57.5 -57.0 -57.0 
1.576932249946439 1.6444274046134073 1.6014759425526093 1.6014759425526093 1.5892040962495242 1.6198837120072371 1.5953400194010667 1.552388557340269 1.5707963267948966 1.509437095279471 1.5707963267948966 1.5707963267948966 1.576932249946439 1.5278448647340985 1.5462526341887264 1.576932249946439 1.5401167110371838 1.5401167110371838 1.6751070203711202 1.9082721001297376 2.1230294104337273 2.024854640009046 1.9880391010997909 2.043262409463674 2.067806102069844 1.9512235621905356 2.0371264863121317 2.030990563160589 2.024854640009046 1.9634954084936207 2.0064468705544187 2.0923497946760143 1.8714565612204823 1.88986433067511 1.8346410223112268 1.9819031779482483 1.9819031779482483 1.9266798695843652 1.748738098189631 1.6812429435226628 1.6444274046134073 1.6260196351587797 1.6260196351587797 1.564660403643354 1.5953400194010667 1.5462526341887264 1.5585244804918115 
-54.5 -54.5 -54.5 -54.5 -55.0 -55.0 -54.5 -55.0 -55.5 -55.5 -55.5 -55.5 -55.5 -56.0 -55.5 -56.0 -55.5 -56.0 -56.0 -54.0 -52.5 -51.5 -53.5 -55.0 -54.5 -55.5 -55.5 -55.0 -55.0 -55.5 -54.0 -55.0 -53.5 -53.5 -52.5 -51.5 -52.0 -52.5 -54.5 -55.5 -55.5 -55.0 -55.0 -56.5 -56.5 -56.0 -56.0 
5.240078371417351 5.160311370447297 5.184855063053467 5.148039524144211 5.148039524144211 5.135767677841127 5.141903600992669 5.197126909356553 5.184855063053467 5.178719139901925 5.166447293598839 5.178719139901925 5.154175447295755 5.111223985234957 5.056000676871073 5.098952138931871 5.21553467881118 5.184855063053467 5.497787143782138 5.411884219660542 5.626641529964532 5.620505606812989 5.184855063053467 5.375068680751287 5.295301679781233 4.8351074434155406 4.9394181369917645 5.160311370447297 5.154175447295755 4.92714629068868 5.0682725231741586 5.092816215780329 5.178719139901925 4.994641445355648 5.203262832508095 5.5284667595398505 5.3198453723874035 5.332117218690489 5.411884219660542 5.3627968344482015 5.221670601962723 5.301437602932776 5.270757987175063 5.3627968344482015 5.258486140871978 5.295301679781233 5.332117218690489 
-62.0 -62.5 -62.5 -62.5 -62.5 -62.5 -62.0 -62.5 -63.0 -61.5 -62.5 -62.0 -63.0 -62.5 -63.0 -63.0 -63.0 -63.0 -62.0 -62.5 -61.5 -57.5 -59.0 -58.5 -58.5 -60.0 -60.5 -60.5 -61.0 -61.0 -59.5 -58.5 -58.5 -58.5 -57.0 -60.0 -62.0 -61.0 -62.0 -62.5 -62.5 -62.5 -62.5 -62.5 -62.5 -63.5 -62.5 
4.289010282928253 4.706253057233147 4.4976316700806995 4.565126824747668 4.3933209765044765 4.417864669110647 4.264466590322082 1.3437671701878218 4.387185053352934 1.2885438618239387 4.252194744018997 4.344233591292136 4.608078286808466 1.3069516312785663 1.576932249946439 1.718058482431918 2.227340104009951 5.227806525114265 5.724816300389213 5.43029198911517 5.64504929941916 5.872078456026235 5.638913376267617 5.915029918087033 5.8045833013592665 5.872078456026235 5.71868037723767 5.921165841238575 1.9144080232812801 5.019185137961818 5.411884219660542 5.534602682691394 5.393476450205914 5.424156065963627 5.5714182216006485 2.3071071049800045 2.0064468705544187 1.945087639038993 1.9205439464328227 1.7303303287350031 
-66.5 -67.5 -66.5 -68.0 -67.0 -69.0 -68.0 -70.5 -70.0 -72.0 -71.0 -71.0 -67.5 -72.5 -72.5 -73.5 -68.0 -65.0 -64.5 -63.5 -65.0 -66.5 -67.0 -66.0 -66.5 -67.5 -65.0 -65.5 -70.0 -64.0 -63.5 -63.5 -63.0 -63.5 -67.0 -72.0 -72.0 -72.0 -75.0 -73.0 
