3.117048960983623 2.8961557275280905 2.8961557275280905 3.031146036862027 2.9513790358919736 3.2090878082567613 3.000466421104314 3.000466421104314 2.9513790358919736 2.9575149590435164 2.9084275738311756 3.098641191528995 3.0372819600135696 3.0066023442558567 3.2397674240144743 3.043417883165112 3.074097498922825 3.0495538063166547 3.0127382674073995 3.5833791205008576 3.3440781175906977 3.1354567304382504 3.9944859716542096 4.037437433715008 3.7122335066832517 3.522019888985432 3.3195344249845276 3.3011266555298997 3.448388811166921 3.3870295796514958 3.5895150436524004 4.227651051412827 3.2520392703175593 0.3436116964863836 3.067961575771282 3.2090878082567613 3.423845118560751 3.184544115650591 2.791845033951867 6.013204688511713 2.8716120349219203 2.890019804376548 2.8716120349219203 2.9022916506796332 
-63.0 -63.0 -62.5 -63.0 -62.5 -63.0 -63.0 -62.5 -61.5 -63.0 -63.0 -63.0 -63.0 -63.5 -63.0 -63.5 -63.5 -64.0 -65.0 -67.0 -65.5 -69.0 -66.5 -65.5 -66.0 -64.5 -63.5 -65.5 -65.5 -64.5 -64.5 -67.0 -67.5 -69.5 -68.5 -65.5 -65.5 -66.0 -67.0 -65.5 -65.0 -64.5 -64.0 -63.5 
2.313243028131547 2.2886993355253766 2.3193789512830896 2.2580197197676637 2.2212041808584084 2.2089323345553233 2.2334760271614935 2.2027964114037806 2.2212041808584084 2.2518837966161214 2.2089323345553233 2.5034566458293663 2.2212041808584084 2.3623304133438876 2.3623304133438876 2.270291566070749 2.270291566070749 2.2212041808584084 2.411417798556228 2.497320722677824 2.6998061866787286 3.141592653589793 3.098641191528995 2.945243112740431 2.804116880254952 2.773437264497239 2.748893571891069 2.7550294950426117 2.779573187648782 2.9636508821950587 3.141592653589793 2.9084275738311756 2.6261751088602177 2.282563412373834 2.12916533358527 2.0923497946760143 2.098485717827557 2.061670178918302 1.9819031779482483 2.018718716857504 1.9696313316451632 2.086213871524472 2.018718716857504 
-63.0 -62.0 -62.5 -62.5 -61.5 -63.5 -62.5 -63.0 -62.0 -62.0 -62.0 -61.5 -61.0 -62.5 -62.5 -62.5 -62.5 -62.5 -62.0 -62.5 -64.0 -63.5 -63.5 -63.0 -62.5 -63.0 -61.5 -63.0 -62.5 -62.0 -63.0 -64.5 -65.5 -64.0 -64.5 -61.0 -62.0 -62.5 -62.5 -62.0 -63.0 -62.5 -61.5 
1.0615147052168636 1.043106935762236 1.055378782065321 1.055378782065321 1.0799224746714913 1.0676506283684062 1.0737865515199487 1.0737865515199487 1.0676506283684062 1.0737865515199487 1.0737865515199487 1.1106020904292042 1.086058397823034 1.086058397823034 1.0921943209745766 1.086058397823034 1.0615147052168636 1.0062913968529805 1.0737865515199487 1.0062913968529805 1.0799224746714913 1.3499030933393643 1.1535535524900022 0.9633399347921826 0.9756117810952678 1.0615147052168636 1.0799224746714913 1.0983302441261191 1.055378782065321 0.9940195505498954 0.9878836273983529 1.2762720155208536 1.2517283229146832 1.0799224746714913 1.012427320004523 1.1903690913992575 1.141281706186917 0.9878836273983529 0.9019807032767571 0.9326603190344698 0.9326603190344698 0.9081166264282996 0.8958447801252144 0.9019807032767571 
-48.5 -48.5 -48.5 -48.5 -48.5 -48.5 -48.5 -48.5 -49.0 -48.5 -49.0 -48.5 -49.0 -48.5 -48.5 -49.0 -49.0 -49.5 -51.0 -52.5 -53.0 -52.5 -50.0 -51.0 -52.0 -52.0 -51.5 -51.0 -51.5 -51.5 -50.5 -50.5 -53.5 -52.5 -51.5 -51.0 -51.0 -50.5 -50.5 -50.5 -50.0 -49.5 -49.5 -49.5 
1.0799224746714913 1.0799224746714913 1.0676506283684062 1.0492428589137786 0.9326603190344698 1.0799224746714913 1.0737865515199487 1.043106935762236 1.055378782065321 1.0921943209745766 1.0983302441261191 1.0983302441261191 1.1106020904292042 1.0615147052168636 1.1044661672776617 1.1167380135807468 1.1044661672776617 1.0492428589137786 1.1596894756415448 1.3192234775816514 1.552388557340269 1.552388557340269 1.282407938672396 1.2885438618239387 1.3008157081270237 1.3560390164909069 1.3130875544301088 1.3130875544301088 1.337631247036279 1.337631247036279 1.2701360923693108 1.3621749396424494 1.5585244804918115 1.5585244804918115 1.509437095279471 1.3008157081270237 1.214912784005428 1.086058397823034 1.0492428589137786 1.0492428589137786 1.0921943209745766 1.030835089459151 0.9756117810952678 1.043106935762236 
-50.0 -50.0 -50.0 -50.0 -50.0 -50.5 -50.0 -50.0 -50.0 -50.0 -50.0 -50.0 -50.0 -50.0 -50.0 -50.0 -50.5 -50.0 -50.5 -51.5 -51.0 -50.5 -49.5 -50.0 -50.5 -50.0 -50.0 -50.0 -50.0 -50.0 -50.0 -49.5 -50.0 -51.0 -52.0 -50.5 -51.0 -51.0 -50.5 -51.0 -50.5 -51.0 -51.0 -51.0 
1.325359400733194 1.4051264017032472 1.1903690913992575 1.3560390164909069 1.3437671701878218 1.3928545554001621 1.4051264017032472 1.3499030933393643 1.2701360923693108 1.380582709097077 1.3192234775816514 1.3560390164909069 1.4051264017032472 1.337631247036279 1.3989904785517047 1.4480778637640452 1.423534171157875 1.3437671701878218 1.4848934026733007 1.6935147898257479 1.932815792735908 1.8775924843720249 1.6873788666742053 1.552388557340269 1.5155730184310134 1.5033011721279284 1.533980787885641 1.5033011721279284 1.3499030933393643 1.4542137869155878 1.5462526341887264 1.4358060174609601 1.533980787885641 1.718058482431918 1.9512235621905356 1.9082721001297376 1.9144080232812801 1.8162332528565992 1.5830681730979816 1.4542137869155878 1.3989904785517047 1.2701360923693108 1.043106935762236 1.2026409377023426 1.2455923997631406 
-55.0 -55.0 -55.0 -55.0 -55.0 -54.5 -55.5 -54.5 -55.0 -55.0 -55.0 -55.0 -55.0 -55.0 -55.0 -55.0 -55.5 -55.5 -57.0 -56.0 -55.5 -51.5 -49.5 -51.0 -51.0 -51.5 -51.5 -51.5 -51.5 -51.5 -51.5 -51.5 -51.0 -50.0 -52.5 -54.5 -54.5 -55.5 -57.5 -58.0 -58.0 -57.5 -57.0 -57.0 -56.5 
1.6935147898257479 1.7548740213411735 1.7119225592803755 1.7241944055834606 1.6873788666742053 1.6873788666742053 1.7241944055834606 1.6873788666742053 1.705786636128833 1.718058482431918 1.7119225592803755 1.7241944055834606 1.7303303287350031 1.718058482431918 1.7548740213411735 1.718058482431918 1.748738098189631 1.736466251886546 1.662835174068035 1.761009944492716 2.110757564130642 2.061670178918302 1.8837284075235674 1.8837284075235674 1.9757672547967058 1.945087639038993 1.9266798695843652 1.945087639038993 1.9144080232812801 1.8837284075235674 2.0064468705544187 2.0064468705544187 1.902136176978195 1.9512235621905356 2.0064468705544187 2.067806102069844 2.030990563160589 5.019185137961818 1.6812429435226628 1.7119225592803755 1.6935147898257479 1.6996507129772904 1.6260196351587797 1.6812429435226628 1.6444274046134073 
-53.0 -53.5 -53.0 -53.0 -53.0 -53.0 -53.0 -53.0 -53.0 -53.0 -52.5 -53.0 -52.5 -53.0 -53.0 -53.0 -52.5 -54.0 -54.0 -54.5 -53.0 -51.5 -52.0 -53.5 -54.5 -54.0 -55.0 -54.5 -54.5 -54.0 -54.0 -54.5 -53.5 -52.5 -51.5 -52.0 -52.5 -54.0 -54.5 -54.0 -53.0 -54.0 -54.0 -54.0 -54.0 
5.21553467881118 5.178719139901925 5.123495831538041 5.184855063053467 5.129631754689584 5.160311370447297 5.2339424482658075 5.141903600992669 5.080544369477243 5.190990986205009 5.031456984264903 5.160311370447297 5.166447293598839 5.154175447295755 5.092816215780329 5.092816215780329 5.129631754689584 5.154175447295755 5.393476450205914 5.4671075280244255 5.5714182216006485 5.651185222570702 5.240078371417351 5.240078371417351 5.221670601962723 5.080544369477243 4.700117134081604 4.798291904506286 4.8351074434155406 4.822835597112456 4.933282213840222 5.190990986205009 5.2768939103266055 5.080544369477243 5.66959299202533 5.816855147662351 5.491651220630596 5.50392306693368 5.21553467881118 5.442563835418255 5.485515297479052 5.325981295538946 5.252350217720435 5.227806525114265 5.307573526084319 
-62.0 -62.5 -63.0 -62.5 -62.5 -62.5 -61.5 -62.0 -62.0 -62.5 -62.0 -62.0 -61.5 -62.0 -61.5 -62.0 -62.5 -63.0 -62.0 -62.0 -63.5 -59.5 -58.0 -58.5 -58.0 -57.5 -59.0 -60.0 -59.5 -58.0 -58.0 -58.5 -59.0 -58.5 -57.0 -59.0 -62.0 -62.0 -62.5 -62.5 -62.5 -62.0 -62.5 -62.0 -62.5 
4.73693267299086 4.841243366567084 4.7307967498393175 4.706253057233147 4.6878452877785195 4.828971520263998 4.589670517353839 4.8351074434155406 4.933282213840222 4.571262747899211 4.92714629068868 4.798291904506286 4.816699673960914 4.822835597112456 4.755340442445488 4.681709364626977 4.7860200582032 4.871922982324796 5.350524988145116 5.798447378207723 5.638913376267617 5.013049214810275 5.651185222570702 5.473243451175968 5.675728915176872 5.749359992995383 5.730952223540755 5.626641529964532 6.013204688511713 2.0923497946760143 5.71868037723767 5.66959299202533 5.313709449235861 5.283029833478148 5.540738605842936 4.675573441475434 4.681709364626977 4.4362724385652745 4.828971520263998 4.755340442445488 4.7307967498393175 
-64.5 -64.5 -64.5 -64.5 -64.0 -63.5 -64.5 -64.0 -64.5 -64.5 -65.0 -64.0 -64.0 -63.5 -64.0 -64.0 -66.0 -66.0 -64.5 -65.0 -62.5 -63.0 -65.0 -65.5 -65.5 -66.0 -64.5 -63.5 -67.0 -65.0 -63.5 -64.5 -62.0 -63.5 -67.0 -66.5 -66.5 -67.0 -67.0 -67.0 -67.0 
