2.9820586516496865 2.8532042654672924 2.9329712664373457 2.816388726558037 2.84706834231575 3.117048960983623 2.859340188618835 2.6323110320117604 2.9820586516496865 3.129320807286708 2.8961557275280905 2.890019804376548 2.9575149590435164 2.9943304979527716 3.055689729468197 3.0127382674073995 3.018874190558942 0.7240389318820226 3.522019888985432 3.730641276137879 3.8533597391687304 3.6263305825616556 0.4479223900626072 3.485204350076177 0.2454369260617026 3.2581751934691017 3.5956509668039427 3.9822141253511245 0.36815538909255385 3.411573272257666 3.2090878082567613 3.497476196379262 0.5706408530934585 3.3747577333484107 3.1784081924990484 3.1784081924990484 3.2581751934691017 3.117048960983623 0.3865631585471816 3.4054373491061236 
-64.0 -63.5 -64.0 -62.5 -64.0 -64.0 -62.5 -64.0 -64.0 -65.0 -64.5 -64.5 -64.5 -64.0 -64.5 -64.0 -64.0 -68.0 -70.0 -69.5 -68.0 -68.5 -70.0 -68.0 -67.5 -67.0 -68.0 -68.0 -68.0 -66.5 -66.0 -64.0 -69.0 -66.0 -62.0 -64.0 -64.0 -64.0 -65.5 -64.5 
2.098485717827557 2.2518837966161214 2.423689644859313 2.1353012567368124 2.0923497946760143 2.1659808724945253 2.2027964114037806 2.1537090261914402 2.172116795646068 2.141437179888355 2.141437179888355 2.141437179888355 2.2150682577068657 1.902136176978195 2.12916533358527 2.1966604882522383 2.3930100291016 2.405281875404685 2.5034566458293663 2.859340188618835 2.742757648739526 2.2580197197676637 2.1905245651006955 2.1905245651006955 2.2396119503130363 2.448233337465483 2.5157284921324514 2.4727770300716534 2.7979809571034093 2.6139032625571326 3.031146036862027 2.2518837966161214 2.172116795646068 2.1782527187976104 2.1905245651006955 2.2764274892222915 2.2518837966161214 2.350058567040802 2.3316507975861747 2.3746022596469727 2.399145952253143 2.435961491162398 
-63.5 -64.0 -61.5 -64.0 -63.5 -64.5 -64.0 -63.0 -62.0 -63.0 -64.0 -64.0 -63.5 -63.5 -63.0 -62.5 -62.0 -63.0 -64.5 -64.0 -63.0 -63.0 -63.0 -63.0 -62.5 -62.0 -62.0 -63.0 -63.5 -65.0 -65.0 -61.5 -62.0 -61.0 -62.0 -62.0 -61.0 -60.0 -60.0 -60.5 -60.0 -60.0 
0.944932165337555 0.9633399347921826 0.9265243958829272 0.8835729338221293 0.8835729338221293 0.9142525495798421 0.8958447801252144 0.8835729338221293 0.8835729338221293 0.8467573949128739 0.8713010875190442 0.8774370106705868 0.8958447801252144 0.944932165337555 0.9387962421860124 0.9633399347921826 0.9142525495798421 1.141281706186917 1.239456476611598 1.1290098598838318 1.1596894756415448 1.2946797849754812 1.000155473701438 1.0737865515199487 1.0799224746714913 1.0615147052168636 1.0369710126106935 1.0799224746714913 1.055378782065321 1.000155473701438 1.1106020904292042 1.184233168247715 1.4480778637640452 1.239456476611598 1.1351457830353744 1.3130875544301088 1.325359400733194 1.2517283229146832 1.2026409377023426 1.2885438618239387 1.2210487071569704 1.3560390164909069 1.380582709097077 1.4051264017032472 
-49.0 -49.5 -49.0 -49.5 -49.5 -49.0 -49.5 -49.5 -49.5 -49.5 -49.5 -49.5 -49.5 -49.5 -49.0 -49.5 -49.5 -50.5 -51.5 -52.5 -52.5 -51.0 -50.5 -52.0 -52.0 -51.5 -51.5 -52.0 -51.5 -51.5 -51.5 -51.0 -52.5 -52.5 -51.5 -51.0 -51.0 -49.5 -49.0 -49.0 -49.0 -49.0 -49.5 -49.5 
1.0615147052168636 1.0369710126106935 1.012427320004523 1.0185632431560658 1.0185632431560658 0.9940195505498954 1.030835089459151 0.9756117810952678 0.9940195505498954 0.9940195505498954 0.9510680884890975 1.0246991663076084 0.9694758579437253 1.030835089459151 1.0185632431560658 1.000155473701438 0.9878836273983529 1.1044661672776617 1.2087768608538851 1.4910293258248433 1.6566992509164924 1.4173982480063325 1.282407938672396 1.3560390164909069 1.4173982480063325 1.3621749396424494 1.3744467859455345 1.3989904785517047 1.423534171157875 1.4603497100671303 1.3744467859455345 1.3560390164909069 1.6198837120072371 1.6812429435226628 1.4971652489763858 1.3560390164909069 1.3008157081270237 1.227184630308513 1.1106020904292042 1.3499030933393643 1.3989904785517047 1.3437671701878218 1.4358060174609601 1.41126232485479 
-51.0 -51.0 -51.0 -51.5 -51.0 -51.0 -51.0 -51.5 -51.5 -51.0 -51.0 -51.5 -51.5 -51.0 -50.5 -51.0 -51.5 -51.0 -51.0 -52.5 -52.0 -50.0 -50.0 -51.0 -50.5 -49.5 -50.0 -50.5 -50.0 -50.5 -50.5 -49.5 -50.0 -52.0 -53.0 -52.0 -51.5 -50.0 -50.0 -50.0 -49.5 -49.5 -50.0 -49.5 
1.1658253987930873 1.1290098598838318 1.1290098598838318 1.1780972450961724 1.2087768608538851 1.1780972450961724 1.227184630308513 1.1228739367322893 1.1106020904292042 0.9510680884890975 1.1351457830353744 1.141281706186917 1.1719613219446299 1.1535535524900022 1.1719613219446299 1.1719613219446299 1.2333205534600555 1.607611865704152 1.9144080232812801 1.945087639038993 1.8837284075235674 1.576932249946439 1.5033011721279284 1.5033011721279284 1.564660403643354 1.5155730184310134 1.521708941582556 1.576932249946439 1.576932249946439 1.5953400194010667 1.5401167110371838 1.5585244804918115 1.7241944055834606 1.9266798695843652 2.012582793705961 1.8714565612204823 1.8407769454627694 1.3928545554001621 1.564660403643354 1.5155730184310134 1.4480778637640452 1.4664856332186729 1.4603497100671303 1.423534171157875 
-56.5 -56.0 -56.5 -56.5 -57.0 -56.5 -56.5 -56.0 -56.0 -56.0 -56.5 -56.0 -56.0 -56.5 -55.5 -55.5 -56.5 -56.5 -55.5 -53.0 -51.0 -51.0 -51.5 -52.0 -52.0 -51.5 -52.0 -52.5 -51.5 -51.5 -52.5 -51.5 -51.0 -52.0 -55.5 -55.5 -55.5 -57.0 -56.0 -55.0 -55.0 -54.0 -54.5 -54.5 
1.6689710972195777 1.6321555583103222 1.662835174068035 1.6751070203711202 1.6566992509164924 1.6321555583103222 1.6444274046134073 1.5953400194010667 1.6137477888556946 1.607611865704152 1.6260196351587797 1.564660403643354 1.6014759425526093 1.6505633277649499 1.6505633277649499 1.5401167110371838 1.552388557340269 1.6935147898257479 1.9573594853420782 2.1537090261914402 1.9880391010997909 1.8039614065535141 1.9696313316451632 1.9573594853420782 1.8775924843720249 1.9696313316451632 2.0493983326152168 2.061670178918302 1.9634954084936207 1.9634954084936207 2.073942025221387 2.0064468705544187 1.9634954084936207 2.067806102069844 2.270291566070749 2.172116795646068 2.1353012567368124 1.8162332528565992 1.8223691760081417 1.9512235621905356 1.9696313316451632 1.9696313316451632 2.018718716857504 2.0493983326152168 
-53.5 -54.0 -54.0 -54.0 -54.0 -54.5 -54.5 -54.0 -54.5 -54.0 -54.5 -54.0 -54.5 -53.5 -53.5 -54.0 -54.5 -55.0 -54.0 -52.5 -51.5 -54.0 -54.0 -53.5 -54.5 -55.0 -54.5 -53.5 -54.5 -54.0 -54.0 -54.0 -53.0 -52.0 -53.0 -53.5 -53.5 -53.0 -51.5 -51.5 -51.5 -51.5 -51.5 -51.5 
5.3198453723874035 5.3198453723874035 5.307573526084319 5.221670601962723 5.295301679781233 5.344389064993574 5.190990986205009 5.325981295538946 5.141903600992669 5.375068680751287 5.129631754689584 5.2339424482658075 5.209398755659637 5.246214294568893 5.21553467881118 5.154175447295755 5.405748296509 5.497787143782138 5.553010452146021 5.780039608753096 5.589825991055276 5.221670601962723 5.350524988145116 5.546874528994478 5.098952138931871 5.031456984264903 5.086680292628786 5.240078371417351 5.006913291658733 5.313709449235861 5.356660911296659 5.553010452146021 5.485515297479052 5.780039608753096 6.000932842208628 5.822991070813893 5.915029918087033 5.663457068873787 5.43029198911517 5.135767677841127 5.270757987175063 5.252350217720435 5.387340527054372 5.246214294568893 
-63.0 -63.5 -62.0 -62.5 -63.0 -62.0 -61.5 -63.5 -63.0 -62.5 -63.0 -63.0 -63.0 -63.0 -63.0 -63.5 -62.5 -63.0 -63.0 -59.5 -57.0 -59.5 -58.5 -57.5 -58.0 -59.5 -59.5 -60.0 -60.0 -57.5 -58.5 -57.5 -58.0 -57.0 -58.5 -62.5 -61.5 -61.5 -61.0 -61.5 -61.5 -60.5 -60.0 -60.0 
4.7307967498393175 4.896466674930966 4.405592822807561 4.792155981354743 4.798291904506286 4.865787059173254 4.23378697456437 4.601942363656923 4.7860200582032 4.9394181369917645 4.491495746929157 4.804427827657828 4.565126824747668 4.608078286808466 4.970097752749477 5.424156065963627 5.8659425328746915 5.381204603902829 5.6941366846315 5.884350302329319 5.786175531904639 5.589825991055276 5.780039608753096 5.786175531904639 5.737088146692298 5.829126993965437 5.730952223540755 5.755495916146925 5.47937937432751 5.945709533844745 5.706408530934585 5.638913376267617 4.988505522204105 4.9394181369917645 4.994641445355648 5.00077736850719 5.141903600992669 4.884194828627882 5.129631754689584 
-66.5 -66.5 -67.5 -66.5 -68.0 -66.0 -69.0 -68.0 -66.5 -68.5 -67.5 -67.5 -66.0 -65.5 -66.5 -64.5 -62.0 -61.0 -75.0 -67.5 -65.0 -65.5 -65.5 -66.0 -65.5 -64.5 -66.0 -65.5 -62.5 -63.5 -63.5 -61.5 -62.0 -61.0 -61.0 -61.0 -61.5 -61.0 -60.5 
