3.368621810196868 3.334874232863384 3.227495577711389 3.2336315008629315 3.160000423044421 3.4054373491061236 3.1784081924990484 3.3379421944391554 3.08636934522591 3.3195344249845276 3.2029518851052186 3.1784081924990484 3.2029518851052186 1.1474176293384597 3.9453985864418692 3.693825737228624 3.313398501832985 3.2029518851052186 3.356349963893783 3.497476196379262 4.025165587411922 4.049709280018092 3.368621810196868 3.393165502803038 3.160000423044421 3.098641191528995 3.4606606574700063 2.9636508821950587 3.5772431973493153 2.8654761117703775 3.141592653589793 3.11091303783208 3.2520392703175593 
-64.5 -65.0 -64.0 -63.5 -64.5 -65.5 -65.5 -65.5 -66.0 -65.5 -65.5 -65.5 -66.0 -69.0 -69.5 -67.5 -66.0 -66.5 -68.5 -68.5 -68.0 -69.0 -65.5 -66.5 -65.0 -64.0 -64.0 -64.5 -64.5 -64.5 -63.5 -64.0 -63.5 
2.2948352586769194 2.205864372979552 2.12916533358527 2.12916533358527 2.061670178918302 1.9757672547967058 2.3193789512830896 2.2212041808584084 2.313243028131547 1.9757672547967058 2.2027964114037806 2.2764274892222915 2.1353012567368124 2.1537090261914402 2.141437179888355 2.061670178918302 2.141437179888355 2.3193789512830896 2.5341362615870793 2.356194490192345 2.429825568010856 2.6016314162540475 2.60776733940559 2.5893595699509624 2.386874105950058 2.3746022596469727 2.509592568980909 2.5402721847386216 2.423689644859313 2.8286605728611223 2.7979809571034093 2.650718801466388 2.60776733940559 2.380738182798515 2.2089323345553233 2.282563412373834 2.313243028131547 2.2181362192826373 2.012582793705961 2.1537090261914402 2.1905245651006955 2.024854640009046 2.073942025221387 1.9941750242513334 
-63.5 -64.0 -62.0 -62.5 -63.5 -64.0 -63.5 -61.5 -62.5 -63.0 -63.5 -63.0 -63.0 -63.5 -62.5 -63.5 -62.5 -62.0 -62.5 -62.0 -64.5 -63.0 -65.0 -63.0 -62.0 -62.0 -61.5 -61.5 -61.0 -63.5 -64.5 -64.0 -63.5 -64.5 -62.5 -61.5 -61.5 -62.5 -62.0 -61.0 -62.0 -61.5 -63.0 -61.5 
1.2578642460662257 1.2640001692177683 1.1965050145508 1.2026409377023426 1.2578642460662257 1.239456476611598 1.2210487071569704 1.227184630308513 1.184233168247715 1.2026409377023426 1.2087768608538851 1.1903690913992575 1.214912784005428 1.2640001692177683 1.214912784005428 1.2333205534600555 1.2333205534600555 1.3314953238847365 1.325359400733194 1.1044661672776617 1.4173982480063325 1.4787574795217582 1.1658253987930873 1.0676506283684062 1.0921943209745766 1.1351457830353744 1.2026409377023426 1.1780972450961724 1.1167380135807468 1.1474176293384597 1.2087768608538851 1.4910293258248433 1.4787574795217582 1.2701360923693108 1.1658253987930873 1.282407938672396 1.2026409377023426 1.0891263593988052 1.0185632431560658 1.043106935762236 1.1228739367322893 1.0737865515199487 1.1167380135807468 1.1351457830353744 
-48.5 -49.0 -48.5 -48.5 -48.5 -48.5 -48.5 -49.0 -48.5 -48.5 -48.5 -49.0 -48.5 -49.0 -49.0 -49.0 -49.0 -51.0 -53.5 -53.0 -54.0 -53.0 -51.0 -52.0 -52.5 -52.5 -52.5 -52.5 -52.5 -52.0 -51.0 -52.0 -53.0 -52.5 -51.5 -51.5 -50.5 -50.0 -49.0 -49.0 -49.0 -48.5 -48.5 -48.5 
1.2333205534600555 1.2455923997631406 1.1965050145508 1.227184630308513 1.2087768608538851 1.214912784005428 1.184233168247715 1.2087768608538851 1.2210487071569704 1.2517283229146832 1.1719613219446299 1.1044661672776617 1.1719613219446299 1.2087768608538851 1.1596894756415448 1.1658253987930873 1.2026409377023426 1.2946797849754812 1.3867186322486196 1.4787574795217582 1.7548740213411735 1.6382914814618648 1.4480778637640452 1.4971652489763858 4.724660826687775 1.5278448647340985 1.4971652489763858 1.5278448647340985 1.4603497100671303 1.4419419406125027 1.6260196351587797 1.7241944055834606 1.6689710972195777 1.5278448647340985 1.3560390164909069 1.2210487071569704 4.292078244504024 1.086058397823034 1.0921943209745766 1.0983302441261191 1.0921943209745766 1.0676506283684062 1.1167380135807468 
-50.0 -51.0 -50.5 -50.5 -50.5 -50.0 -50.0 -50.0 -50.5 -50.0 -50.0 -50.0 -50.5 -50.0 -50.0 -50.5 -50.5 -50.5 -51.0 -52.5 -51.5 -50.5 -50.5 -51.0 -50.5 -50.5 -50.5 -50.5 -51.0 -50.5 -50.0 -51.0 -52.0 -52.5 -51.5 -51.0 -51.5 -50.5 -50.5 -50.5 -50.5 -50.5 -50.5 
1.3928545554001621 1.4081943632790186 1.3744467859455345 1.4542137869155878 1.3499030933393643 1.3867186322486196 1.4296700943094176 1.3560390164909069 1.380582709097077 1.3314953238847365 1.3867186322486196 1.4051264017032472 1.3560390164909069 1.3437671701878218 1.337631247036279 1.4603497100671303 1.423534171157875 1.4971652489763858 1.8223691760081417 2.110757564130642 2.1230294104337273 1.8714565612204823 1.7978254834019713 1.7671458676442586 1.8162332528565992 1.8162332528565992 1.7794177139473437 1.7241944055834606 1.8039614065535141 1.761009944492716 1.761009944492716 1.8100973297050567 1.8714565612204823 2.1537090261914402 2.184388641949153 2.067806102069844 1.761009944492716 1.55545651891604 1.3744467859455345 1.3437671701878218 1.2701360923693108 1.2640001692177683 1.3192234775816514 1.3437671701878218 
-54.5 -54.5 -54.0 -54.5 -54.5 -54.5 -54.0 -54.5 -54.0 -54.0 -54.0 -54.5 -54.0 -54.0 -54.0 -54.5 -55.5 -56.5 -57.5 -59.0 -52.5 -51.0 -52.0 -52.0 -51.5 -51.0 -51.0 -51.0 -51.0 -52.5 -51.5 -50.5 -50.5 -52.5 -55.0 -55.5 -56.5 -57.5 -56.5 -56.0 -55.5 -55.0 -55.0 -55.0 
1.7119225592803755 1.7548740213411735 1.7671458676442586 1.748738098189631 1.7119225592803755 1.705786636128833 1.705786636128833 1.6996507129772904 1.705786636128833 1.6812429435226628 1.705786636128833 1.7119225592803755 1.718058482431918 1.7241944055834606 1.7426021750380885 1.7119225592803755 1.6137477888556946 1.7671458676442586 1.9512235621905356 2.325514874434632 2.12916533358527 2.067806102069844 2.110757564130642 2.1659808724945253 5.258486140871978 2.086213871524472 2.110757564130642 2.0493983326152168 2.018718716857504 2.172116795646068 2.116893487282185 2.030990563160589 2.0371264863121317 2.1966604882522383 2.2641556429192065 2.043262409463674 1.7978254834019713 1.6935147898257479 1.6873788666742053 1.7241944055834606 1.7548740213411735 1.6751070203711202 1.6751070203711202 1.7426021750380885 
-51.5 -52.0 -52.0 -51.5 -52.0 -52.0 -51.5 -52.0 -52.0 -52.0 -51.5 -51.5 -52.0 -51.5 -51.0 -51.5 -52.0 -53.0 -53.5 -54.0 -52.5 -52.5 -54.0 -53.0 -54.0 -54.0 -53.5 -53.5 -54.0 -53.5 -53.5 -52.0 -52.0 -51.5 -52.0 -53.5 -54.0 -54.0 -52.5 -52.0 -52.5 -52.5 -52.5 -53.0 
5.393476450205914 5.267690025599292 5.325981295538946 5.209398755659637 5.393476450205914 5.123495831538041 5.062136600022616 5.289165756629691 5.049864753719531 5.258486140871978 5.190990986205009 5.227806525114265 5.209398755659637 5.209398755659637 5.178719139901925 5.2339424482658075 5.301437602932776 5.66959299202533 5.583690067903734 6.12365130523948 5.896622148632405 5.712544454086128 5.71868037723767 5.651185222570702 5.5284667595398505 5.3627968344482015 5.399612373357457 5.270757987175063 5.411884219660542 5.66959299202533 5.66959299202533 5.595961914206819 5.583690067903734 5.957981380147831 5.988660995905543 5.755495916146925 5.767767762450011 5.543806567418708 5.21553467881118 5.283029833478148 5.313709449235861 5.307573526084319 5.350524988145116 5.240078371417351 
-61.0 -61.5 -60.5 -61.0 -60.5 -61.5 -61.5 -61.5 -61.0 -61.5 -60.5 -61.0 -60.5 -60.5 -59.5 -61.5 -62.0 -61.0 -62.0 -60.0 -56.0 -58.0 -57.0 -57.5 -57.5 -58.0 -58.5 -58.5 -58.0 -57.5 -56.5 -57.5 -57.0 -56.5 -59.5 -61.0 -61.5 -62.5 -62.5 -62.5 -62.0 -62.5 -63.0 -62.0 
4.792155981354743 4.853515212870168 1.6505633277649499 4.908738521234052 4.816699673960914 4.7307967498393175 4.71238898038469 4.76147636559703 4.865787059173254 4.749204519293945 4.792155981354743 4.804427827657828 4.798291904506286 4.816699673960914 4.804427827657828 4.773748211900116 4.822835597112456 5.240078371417351 5.148039524144211 5.240078371417351 5.638913376267617 5.602097837358362 6.031612457966341 5.706408530934585 5.47937937432751 5.4671075280244255 5.700272607783043 5.589825991055276 5.859806609723149 2.0923497946760143 5.184855063053467 5.442563835418255 5.559146375297564 5.626641529964532 5.344389064993574 5.270757987175063 4.985437560628334 4.822835597112456 4.804427827657828 4.890330751779424 4.9394181369917645 4.8351074434155406 4.767612288748572 
-60.5 -61.0 -61.0 -60.5 -61.0 -60.5 -61.0 -59.5 -61.5 -62.0 -60.5 -61.0 -60.0 -60.0 -60.5 -60.0 -60.5 -61.0 -62.0 -61.5 -64.0 -63.0 -66.0 -63.5 -63.5 -63.5 -64.0 -64.0 -66.0 -69.5 -64.5 -60.5 -62.5 -63.5 -63.0 -62.5 -65.5 -64.5 -62.0 -62.0 -63.0 -62.5 -63.0 
