3.098641191528995 3.2888548092268146 3.2704470397721868 3.153864499892878 0.07976700097005335 3.1354567304382504 3.104777114680538 3.104777114680538 3.104777114680538 3.2029518851052186 2.9943304979527716 3.2827188860752723 3.2581751934691017 3.2704470397721868 3.429981041712294 0.5522330836388308 3.3195344249845276 3.454524734318464 3.6754179677739964 3.552699504743145 3.2520392703175593 3.5711072741977725 3.2336315008629315 3.227495577711389 3.454524734318464 3.147728576741336 3.429981041712294 3.693825737228624 3.9392626632903265 3.2643111166206444 3.368621810196868 3.3440781175906977 3.6201946594101133 0.8283496254582462 0.3374757733348411 0.10124273200045232 3.172272269347506 3.2090878082567613 3.215223731408304 3.104777114680538 2.945243112740431 3.2581751934691017 3.2213596545598464 
-63.0 -62.5 -63.0 -63.0 -64.0 -64.0 -63.5 -64.5 -64.0 -65.0 -64.5 -64.5 -63.5 -63.5 -63.5 -69.5 -66.0 -67.0 -66.0 -67.0 -68.0 -69.0 -67.5 -66.5 -66.0 -66.5 -67.5 -68.5 -69.0 -63.0 -66.0 -63.5 -64.0 -67.5 -67.5 -66.0 -64.5 -63.5 -63.5 -64.0 -63.5 -62.0 -63.0 
2.030990563160589 2.0493983326152168 2.184388641949153 2.1966604882522383 2.141437179888355 2.030990563160589 2.1230294104337273 2.3071071049800045 2.2334760271614935 2.0493983326152168 2.2212041808584084 2.3439226438892597 2.1966604882522383 2.110757564130642 2.2150682577068657 2.1782527187976104 2.2518837966161214 2.024854640009046 5.675728915176872 2.5770877236478773 2.423689644859313 2.662990647769473 3.129320807286708 2.890019804376548 2.6384469551633027 2.5157284921324514 2.405281875404685 2.380738182798515 2.442097414313941 2.4911847995262812 2.6261751088602177 2.9759227284981438 3.0127382674073995 2.5893595699509624 2.313243028131547 2.1475731030398975 2.1905245651006955 2.1905245651006955 2.184388641949153 5.368932757599744 2.073942025221387 1.9941750242513334 2.0800779483729293 2.012582793705961 2.110757564130642 2.086213871524472 2.36846633649543 
-64.0 -63.5 -63.5 -64.0 -62.5 -64.5 -64.0 -64.0 -64.0 -63.0 -64.5 -64.0 -63.5 -63.0 -63.0 -63.5 -63.5 -62.5 -64.0 -62.0 -63.5 -65.5 -64.5 -63.0 -63.0 -63.0 -63.5 -63.0 -63.5 -63.0 -62.5 -62.5 -67.0 -66.0 -64.0 -62.0 -61.5 -61.5 -62.0 -62.5 -63.0 -63.5 -63.0 -63.5 -62.0 -63.5 -62.5 
1.1106020904292042 1.0799224746714913 1.1228739367322893 1.1228739367322893 1.141281706186917 1.1290098598838318 1.012427320004523 1.0983302441261191 1.0737865515199487 1.086058397823034 1.0921943209745766 1.0737865515199487 1.0615147052168636 1.1106020904292042 1.086058397823034 1.086058397823034 1.1228739367322893 1.1167380135807468 1.2701360923693108 1.3867186322486196 1.2026409377023426 1.4848934026733007 1.3008157081270237 1.1535535524900022 1.1474176293384597 1.1474176293384597 1.0921943209745766 1.1228739367322893 1.141281706186917 1.1044661672776617 1.086058397823034 1.1474176293384597 1.2210487071569704 1.5033011721279284 1.337631247036279 1.1658253987930873 1.2885438618239387 1.423534171157875 1.2701360923693108 1.1811652066719438 1.1780972450961724 1.086058397823034 1.0676506283684062 1.0676506283684062 0.9940195505498954 1.0921943209745766 1.1167380135807468 
-48.0 -48.5 -48.5 -48.0 -48.0 -48.0 -48.5 -48.5 -48.5 -48.5 -48.5 -48.5 -48.5 -48.0 -48.5 -48.5 -48.5 -49.0 -50.5 -51.5 -52.5 -52.5 -51.0 -51.5 -51.5 -52.0 -52.0 -51.0 -51.5 -51.5 -51.5 -51.0 -50.5 -52.0 -52.0 -51.0 -50.5 -50.5 -49.5 -50.0 -49.0 -49.0 -49.0 -48.5 -48.5 -48.0 -48.5 
1.1535535524900022 1.1290098598838318 1.141281706186917 1.141281706186917 1.1535535524900022 1.1596894756415448 1.1228739367322893 1.1167380135807468 1.1596894756415448 1.141281706186917 1.1167380135807468 1.0737865515199487 1.086058397823034 1.0983302441261191 1.1106020904292042 1.1167380135807468 1.1535535524900022 1.1167380135807468 1.2578642460662257 1.2946797849754812 1.5892040962495242 1.7426021750380885 1.4971652489763858 1.4358060174609601 1.5033011721279284 1.4726215563702154 1.4419419406125027 1.423534171157875 1.4358060174609601 1.4173982480063325 1.4542137869155878 1.4296700943094176 1.380582709097077 1.5892040962495242 1.7241944055834606 1.5155730184310134 1.3928545554001621 1.3989904785517047 1.325359400733194 1.2578642460662257 1.1780972450961724 1.1780972450961724 1.1535535524900022 1.1167380135807468 1.1167380135807468 1.1106020904292042 1.1474176293384597 
-50.5 -50.5 -50.5 -50.0 -50.0 -50.5 -50.0 -50.5 -50.5 -50.5 -50.5 -50.5 -50.5 -50.0 -50.5 -50.5 -50.5 -50.5 -50.5 -50.5 -52.0 -50.0 -49.5 -50.0 -50.5 -50.0 -50.0 -50.0 -49.5 -50.0 -50.5 -50.5 -49.5 -49.5 -51.5 -52.0 -51.5 -50.5 -50.5 -51.0 -50.0 -50.5 -50.5 -50.0 -50.0 -50.0 -50.5 
1.2640001692177683 1.2701360923693108 1.3621749396424494 1.2701360923693108 1.2762720155208536 1.3008157081270237 1.2517283229146832 1.2578642460662257 1.0369710126106935 1.3192234775816514 1.2762720155208536 1.2640001692177683 1.3008157081270237 1.1965050145508 1.2885438618239387 1.3130875544301088 1.2640001692177683 1.423534171157875 1.6137477888556946 1.859184714917397 2.086213871524472 1.9205439464328227 1.6751070203711202 1.6996507129772904 1.6689710972195777 1.6566992509164924 1.6014759425526093 1.6198837120072371 1.5830681730979816 1.564660403643354 1.576932249946439 1.576932249946439 1.6137477888556946 1.7732817907958012 2.116893487282185 2.0493983326152168 1.9389517158874505 1.8714565612204823 1.5830681730979816 1.337631247036279 1.2026409377023426 1.2701360923693108 1.1719613219446299 1.2210487071569704 1.2087768608538851 1.2701360923693108 1.2578642460662257 
-55.5 -55.0 -55.0 -55.5 -55.5 -55.5 -55.5 -55.0 -55.5 -55.5 -55.0 -54.5 -55.0 -55.0 -55.0 -55.0 -55.5 -55.5 -55.5 -55.5 -55.5 -50.0 -51.5 -52.0 -52.5 -52.0 -52.5 -52.0 -52.0 -51.5 -51.5 -52.5 -51.0 -50.5 -51.0 -56.5 -56.5 -55.0 -57.0 -58.0 -57.5 -57.0 -56.5 -55.5 -55.5 -55.5 -55.5 
1.6751070203711202 1.6873788666742053 1.6935147898257479 1.718058482431918 1.6873788666742053 1.718058482431918 1.6566992509164924 1.6444274046134073 1.6321555583103222 1.6444274046134073 1.6566992509164924 1.6198837120072371 1.6137477888556946 1.5953400194010667 1.6873788666742053 1.6812429435226628 1.6505633277649499 1.6014759425526093 1.761009944492716 1.932815792735908 2.2641556429192065 2.0371264863121317 2.018718716857504 2.110757564130642 2.055534255766759 2.018718716857504 2.116893487282185 2.067806102069844 2.018718716857504 1.9757672547967058 1.8837284075235674 2.1537090261914402 2.043262409463674 2.061670178918302 2.1230294104337273 2.313243028131547 2.2641556429192065 2.141437179888355 1.8530487917658545 1.7518060597654022 1.6751070203711202 1.705786636128833 1.7548740213411735 1.6689710972195777 1.662835174068035 1.7119225592803755 1.6873788666742053 
-53.0 -53.0 -53.0 -53.0 -52.5 -53.0 -53.5 -53.0 -53.0 -53.5 -53.5 -53.5 -53.0 -53.0 -52.5 -53.0 -53.5 -54.0 -54.5 -54.5 -53.0 -51.5 -52.5 -54.0 -53.5 -55.0 -54.5 -53.5 -53.5 -54.5 -54.5 -53.5 -54.5 -52.5 -52.0 -52.5 -53.0 -53.0 -53.5 -53.5 -53.0 -52.5 -52.5 -53.0 -52.5 -52.5 -53.0 
5.3627968344482015 5.307573526084319 5.295301679781233 5.307573526084319 5.289165756629691 5.332117218690489 5.3198453723874035 5.301437602932776 5.344389064993574 5.2768939103266055 5.221670601962723 5.2339424482658075 5.246214294568893 5.2768939103266055 5.227806525114265 5.338253141842031 5.45483568172134 5.522330836388308 5.64504929941916 5.595961914206819 5.829126993965437 5.577554144752192 5.5714182216006485 5.595961914206819 5.4671075280244255 5.184855063053467 5.21553467881118 5.325981295538946 5.289165756629691 5.0682725231741586 5.031456984264903 5.405748296509 5.540738605842936 5.577554144752192 5.8045833013592665 5.921165841238575 5.743224069843841 5.681864838328415 5.822991070813893 5.54994249057025 5.522330836388308 5.546874528994478 5.4671075280244255 5.307573526084319 5.368932757599744 5.313709449235861 5.325981295538946 
-61.0 -61.5 -61.0 -61.5 -62.0 -61.5 -61.5 -61.0 -61.5 -61.5 -61.5 -61.0 -61.0 -61.0 -62.0 -61.5 -61.0 -61.5 -60.5 -61.5 -58.5 -56.0 -58.0 -57.0 -57.5 -58.5 -59.5 -59.0 -59.5 -58.0 -58.0 -58.0 -57.5 -58.0 -55.5 -58.0 -61.5 -60.5 -60.0 -61.5 -61.0 -60.5 -61.5 -62.0 -61.5 -62.0 -61.0 
4.859651136021712 4.724660826687775 4.804427827657828 4.755340442445488 4.871922982324796 4.724660826687775 4.718524903536232 4.743068596142402 4.749204519293945 4.767612288748572 4.767612288748572 4.798291904506286 4.767612288748572 4.908738521234052 4.7860200582032 4.841243366567084 4.878058905476339 4.902602598082509 5.424156065963627 5.436427912266712 5.688000761479957 5.184855063053467 5.074408446325701 5.460971604872882 5.5714182216006485 5.64504929941916 5.553010452146021 5.64504929941916 5.595961914206819 5.522330836388308 5.4671075280244255 5.896622148632405 5.559146375297564 5.086680292628786 5.325981295538946 5.565282298449106 5.473243451175968 5.418020142812084 5.485515297479052 1.8653206380689396 4.988505522204105 4.8351074434155406 4.988505522204105 4.773748211900116 4.9394181369917645 4.95168998329485 4.853515212870168 
-63.0 -62.5 -62.0 -62.0 -62.0 -62.5 -62.5 -62.0 -62.5 -62.5 -62.0 -61.5 -61.5 -62.5 -61.5 -62.5 -61.0 -63.5 -63.0 -62.0 -62.0 -61.5 -68.5 -65.5 -65.0 -65.0 -65.5 -65.0 -65.0 -65.5 -64.0 -65.0 -69.5 -62.0 -63.0 -63.5 -61.0 -59.5 -60.5 -62.5 -60.0 -61.5 -62.0 -62.5 -62.0 -62.5 -61.5 
