3.988350048502667 3.9760782021995817 3.8963112012295285 4.031301510563465 0.6810874698212247 3.9147189706841563 0.7424467013366504 3.77972866135022 3.822680123411018 3.5711072741977725 3.7981364308048478 0.6258641614573416 4.847379289718626 4.264466590322082 0.0859029241215959 2.5832236467994196 2.8286605728611223 2.6875343403756435 5.190990986205009 0.380427235395639 0.2454369260617026 
-68.0 -67.0 -67.0 -68.0 -68.5 -68.0 -69.0 -69.0 -68.0 -66.0 -67.0 -69.0 -66.5 -68.0 -69.0 -69.0 -67.5 -68.5 -70.0 -71.5 -71.0 
1.8285050991596843 1.8960002538266525 1.8100973297050567 1.7794177139473437 1.8653206380689396 1.8285050991596843 1.9205439464328227 1.7426021750380885 1.705786636128833 1.7241944055834606 1.7548740213411735 1.705786636128833 1.6996507129772904 1.8039614065535141 1.8162332528565992 1.761009944492716 1.7241944055834606 1.6566992509164924 1.5707963267948966 2.024854640009046 2.2027964114037806 2.5280003384355365 2.4605051837685683 2.1537090261914402 2.325514874434632 2.3071071049800045 2.270291566070749 2.380738182798515 2.3930100291016 2.141437179888355 1.9941750242513334 1.8653206380689396 2.030990563160589 2.061670178918302 2.000310947402876 1.9512235621905356 2.1046216409791 2.012582793705961 2.098485717827557 2.1230294104337273 2.086213871524472 2.043262409463674 
-61.0 -61.0 -61.0 -61.0 -61.5 -61.0 -61.5 -61.0 -60.5 -61.5 -61.0 -61.5 -61.5 -62.5 -61.0 -61.5 -61.0 -61.5 -60.5 -60.0 -62.5 -63.0 -63.0 -62.5 -60.0 -60.0 -60.0 -59.5 -64.0 -64.5 -61.0 -60.0 -58.5 -60.0 -59.5 -58.5 -58.5 -58.0 -58.0 -58.5 -58.5 -58.0 
1.4542137869155878 1.4726215563702154 1.3989904785517047 1.4480778637640452 1.3928545554001621 1.3867186322486196 1.41126232485479 1.3928545554001621 1.3928545554001621 1.3560390164909069 1.3744467859455345 1.3867186322486196 1.3744467859455345 1.3437671701878218 1.3744467859455345 1.3560390164909069 1.3560390164909069 1.337631247036279 1.325359400733194 1.3560390164909069 1.3314953238847365 1.3069516312785663 1.3621749396424494 1.3069516312785663 1.214912784005428 1.1719613219446299 0.9633399347921826 1.043106935762236 1.0615147052168636 0.9633399347921826 1.1167380135807468 1.2946797849754812 1.41126232485479 1.184233168247715 1.3314953238847365 1.4358060174609601 1.552388557340269 1.6198837120072371 1.6505633277649499 1.5953400194010667 1.5953400194010667 1.552388557340269 1.5707963267948966 1.5278448647340985 
-49.5 -49.5 -49.0 -49.5 -49.5 -49.5 -49.5 -49.5 -49.5 -49.5 -49.5 -49.5 -49.5 -49.5 -49.5 -49.5 -49.5 -49.5 -49.0 -49.0 -51.0 -51.5 -53.5 -53.5 -54.0 -54.5 -56.0 -57.0 -57.5 -57.0 -56.0 -54.5 -56.5 -53.0 -53.0 -53.5 -52.0 -51.0 -52.0 -53.0 -53.0 -53.0 -53.0 -52.5 
1.368310862793992 1.41126232485479 1.325359400733194 1.3130875544301088 1.3069516312785663 1.3499030933393643 1.3560390164909069 1.3069516312785663 1.2701360923693108 1.2455923997631406 1.2517283229146832 1.2762720155208536 1.2701360923693108 1.2333205534600555 1.3008157081270237 1.2578642460662257 1.2455923997631406 1.282407938672396 1.1351457830353744 1.1351457830353744 1.2517283229146832 1.3008157081270237 1.3744467859455345 1.4603497100671303 1.5155730184310134 1.533980787885641 1.4542137869155878 1.4358060174609601 1.3560390164909069 1.521708941582556 1.4296700943094176 1.5462526341887264 1.5033011721279284 1.325359400733194 1.227184630308513 1.3130875544301088 1.227184630308513 1.282407938672396 1.337631247036279 1.337631247036279 1.337631247036279 1.337631247036279 1.3560390164909069 1.3928545554001621 
-49.5 -49.5 -49.0 -49.5 -49.5 -49.5 -49.5 -49.5 -49.5 -49.5 -49.5 -49.5 -49.5 -49.5 -49.5 -49.5 -49.5 -50.0 -50.0 -50.5 -50.5 -51.0 -51.0 -51.5 -52.5 -52.5 -52.5 -52.5 -52.5 -53.0 -53.5 -52.0 -54.0 -52.5 -51.5 -50.5 -50.0 -50.0 -50.5 -50.5 -50.5 -50.5 -50.5 -51.0 
1.6996507129772904 1.705786636128833 1.7241944055834606 1.7241944055834606 1.736466251886546 1.718058482431918 1.6873788666742053 1.6751070203711202 1.6751070203711202 1.6873788666742053 1.662835174068035 1.6873788666742053 1.6505633277649499 1.6751070203711202 1.662835174068035 1.6444274046134073 1.6566992509164924 1.5830681730979816 1.6260196351587797 1.736466251886546 2.2212041808584084 2.2027964114037806 2.073942025221387 2.055534255766759 2.116893487282185 2.442097414313941 2.3193789512830896 2.325514874434632 2.3071071049800045 2.4911847995262812 2.429825568010856 2.1475731030398975 2.2150682577068657 2.36846633649543 2.448233337465483 2.2334760271614935 1.8162332528565992 1.8837284075235674 2.030990563160589 2.116893487282185 2.172116795646068 2.0923497946760143 2.086213871524472 2.067806102069844 
-49.5 -49.5 -49.5 -49.5 -49.5 -49.5 -49.5 -49.5 -49.5 -49.5 -49.5 -50.0 -49.5 -49.5 -49.5 -49.5 -49.5 -49.5 -51.5 -54.0 -52.5 -51.5 -49.0 -51.5 -53.5 -54.5 -55.0 -55.5 -57.0 -57.0 -58.0 -55.0 -50.5 -52.0 -55.5 -56.5 -54.5 -51.5 -50.5 -50.5 -50.0 -50.0 -50.0 -50.0 
2.0064468705544187 1.9941750242513334 2.012582793705961 1.9757672547967058 2.0064468705544187 2.0064468705544187 1.9512235621905356 1.9941750242513334 1.945087639038993 1.8960002538266525 1.8346410223112268 1.9389517158874505 1.9205439464328227 1.9082721001297376 1.8530487917658545 1.8960002538266525 1.932815792735908 1.9205439464328227 1.846912868614312 1.7855536370988863 2.172116795646068 2.429825568010856 2.3071071049800045 2.3623304133438876 2.5157284921324514 2.3930100291016 2.5341362615870793 2.478912953223196 2.4850488763747385 2.429825568010856 2.5402721847386216 2.5341362615870793 2.3439226438892597 2.5402721847386216 2.5157284921324514 2.086213871524472 1.9696313316451632 1.9941750242513334 2.1966604882522383 2.1966604882522383 2.184388641949153 2.2150682577068657 2.1782527187976104 2.184388641949153 
-49.5 -50.0 -50.0 -50.0 -50.0 -50.0 -50.0 -49.5 -50.0 -49.5 -49.5 -50.0 -49.5 -50.0 -49.5 -49.5 -49.5 -50.0 -52.0 -53.5 -55.0 -53.5 -54.0 -55.0 -54.0 -54.5 -55.0 -54.5 -55.5 -56.5 -54.5 -56.5 -53.0 -53.0 -54.5 -55.0 -51.5 -51.0 -51.5 -51.0 -51.0 -51.0 -50.5 -50.5 
4.847379289718626 4.4362724385652745 4.424000592262189 4.528311285838413 4.479223900626073 4.466952054322987 4.632621979414636 4.424000592262189 4.424000592262189 4.411728745959104 4.246058820867455 4.460816131171445 4.405592822807561 4.430136515413731 4.362641360746763 4.516039439535327 4.381049130201391 4.239922897715912 6.043884304269426 6.17273869045182 5.626641529964532 5.4671075280244255 6.160466844148735 5.939573610693203 5.957981380147831 5.835262917116979 5.743224069843841 5.780039608753096 5.724816300389213 5.595961914206819 0.06135923151542565 0.3313398501832985 4.190835512503572 4.374913207049849 4.614214209960009 4.657165672020807 4.669437518323892 4.749204519293945 4.571262747899211 
-64.5 -64.5 -64.5 -64.0 -64.0 -64.5 -64.0 -65.5 -65.0 -63.5 -64.0 -63.0 -62.5 -65.0 -65.0 -64.5 -63.5 -64.0 -67.0 -62.0 -60.5 -64.0 -63.0 -65.0 -65.0 -64.5 -63.0 -66.5 -64.0 -60.0 -58.5 -63.0 -62.5 -62.0 -62.0 -62.5 -62.5 -61.0 -62.0 
5.436427912266712 5.399612373357457 5.405748296509 5.3627968344482015 5.491651220630596 5.3627968344482015 5.730952223540755 5.381204603902829 5.307573526084319 5.344389064993574 5.283029833478148 5.448699758569798 5.307573526084319 5.289165756629691 5.344389064993574 5.387340527054372 5.203262832508095 5.411884219660542 5.792311455056181 0.04295146206079795 6.270913460876501 0.7915340865489908 0.4663301595172349 0.2270291566070749 0.2638446955163303 3.3072625786814425 0.5583690067903734 0.35588354278946877 2.4605051837685683 5.344389064993574 5.589825991055276 5.589825991055276 5.583690067903734 5.516194913236766 5.399612373357457 5.553010452146021 
-59.5 -60.5 -60.5 -60.5 -60.0 -60.0 -60.5 -60.5 -59.0 -60.0 -59.5 -59.0 -59.5 -59.0 -59.5 -59.0 -59.5 -59.5 -64.0 -60.5 -65.0 -64.5 -63.5 -64.5 -66.0 -69.5 -67.5 -66.0 -70.0 -63.5 -60.5 -60.0 -59.5 -59.5 -59.0 -59.0 
