0.8528933180644165 3.9638063558964967 0.9572040116406401 3.847223816017188 0.803805932852076 0.7301748550335652 3.761320891895592 0.6688156235181395 3.816544200259475 0.7792622402459057 0.8160777791551611 0.8651651643675016 5.344389064993574 4.81056375080937 4.344233591292136 0.6749515466696822 2.8654761117703775 5.743224069843841 5.957981380147831 2.5770877236478773 2.859340188618835 0.8344855486097889 1.4296700943094176 1.1535535524900022 
-69.0 -66.5 -67.5 -64.0 -67.0 -67.5 -66.0 -67.0 -66.0 -67.5 -67.0 -67.0 -68.0 -66.5 -63.5 -70.5 -67.0 -70.5 -71.0 -69.0 -68.5 -74.0 -73.5 -73.0 
1.748738098189631 1.8837284075235674 1.3130875544301088 1.9266798695843652 1.9634954084936207 2.043262409463674 2.043262409463674 2.2764274892222915 2.061670178918302 2.1230294104337273 2.0371264863121317 2.1230294104337273 1.9696313316451632 2.1966604882522383 2.0064468705544187 1.945087639038993 1.859184714917397 1.88986433067511 2.073942025221387 5.160311370447297 1.8346410223112268 1.902136176978195 2.423689644859313 2.423689644859313 2.337786720737717 2.098485717827557 2.1537090261914402 2.2948352586769194 2.086213871524472 2.3746022596469727 2.1966604882522383 2.1598449493429825 1.8960002538266525 1.6198837120072371 1.736466251886546 1.932815792735908 1.7426021750380885 1.7855536370988863 1.5953400194010667 1.8039614065535141 1.8162332528565992 1.8223691760081417 1.748738098189631 
-61.5 -63.0 -63.0 -63.5 -64.0 -65.0 -65.0 -64.0 -64.5 -63.5 -63.5 -62.0 -63.0 -64.0 -63.0 -64.0 -65.5 -62.5 -64.0 -65.5 -64.5 -62.0 -66.0 -64.5 -63.5 -62.5 -60.5 -60.5 -60.0 -60.5 -62.0 -65.5 -62.5 -60.0 -59.0 -60.0 -60.0 -59.5 -59.0 -59.0 -59.5 -59.5 -60.5 
1.4419419406125027 1.4051264017032472 1.337631247036279 1.3314953238847365 1.3437671701878218 1.3744467859455345 1.368310862793992 1.3744467859455345 1.3560390164909069 1.2885438618239387 1.3621749396424494 1.3192234775816514 1.2701360923693108 1.3130875544301088 1.3314953238847365 1.3499030933393643 1.3192234775816514 1.3314953238847365 1.1903690913992575 1.3008157081270237 1.2762720155208536 1.1474176293384597 1.1474176293384597 1.2087768608538851 1.3744467859455345 1.3314953238847365 1.1780972450961724 1.1719613219446299 1.0737865515199487 1.1719613219446299 1.086058397823034 1.1044661672776617 1.1719613219446299 1.4542137869155878 1.5830681730979816 1.3989904785517047 1.3928545554001621 1.4971652489763858 1.552388557340269 1.4787574795217582 1.5278448647340985 1.4542137869155878 1.4542137869155878 1.5278448647340985 1.4971652489763858 
-50.5 -50.5 -50.5 -50.5 -51.0 -50.5 -50.5 -51.0 -50.5 -50.5 -50.5 -50.5 -50.0 -49.5 -50.0 -50.0 -49.5 -49.5 -50.0 -49.5 -49.5 -49.0 -50.5 -51.0 -51.5 -52.0 -53.0 -53.5 -54.5 -56.0 -56.5 -55.5 -54.5 -52.5 -54.0 -52.0 -53.0 -53.0 -52.0 -50.5 -51.0 -51.5 -52.0 -52.0 -52.0 
1.3744467859455345 1.3008157081270237 1.325359400733194 1.325359400733194 1.325359400733194 1.325359400733194 1.2946797849754812 1.3130875544301088 1.325359400733194 1.325359400733194 1.2762720155208536 1.282407938672396 1.3314953238847365 1.337631247036279 1.2762720155208536 1.2701360923693108 1.337631247036279 1.3437671701878218 1.184233168247715 1.3437671701878218 1.0185632431560658 0.9756117810952678 1.0737865515199487 1.1474176293384597 1.3867186322486196 1.4358060174609601 1.5033011721279284 1.6198837120072371 1.5892040962495242 1.5033011721279284 1.5278448647340985 1.662835174068035 1.576932249946439 1.6935147898257479 1.7241944055834606 1.4848934026733007 1.3437671701878218 1.3130875544301088 1.2210487071569704 1.1535535524900022 1.2578642460662257 1.337631247036279 1.3499030933393643 1.3621749396424494 1.282407938672396 
-50.0 -50.0 -50.0 -50.0 -50.0 -50.0 -50.0 -49.5 -50.0 -50.0 -50.0 -49.0 -50.0 -49.5 -49.5 -49.5 -49.5 -49.5 -50.0 -50.0 -51.0 -51.0 -49.5 -49.5 -49.5 -51.0 -51.5 -52.0 -52.0 -52.5 -52.5 -52.5 -53.0 -50.0 -52.0 -51.5 -51.0 -50.5 -50.5 -50.5 -50.5 -51.0 -50.5 -50.5 -50.5 
1.736466251886546 1.6873788666742053 1.748738098189631 1.6505633277649499 1.6812429435226628 1.662835174068035 1.6505633277649499 1.7119225592803755 1.6014759425526093 1.6260196351587797 1.5953400194010667 1.6505633277649499 1.576932249946439 1.6198837120072371 1.5707963267948966 1.6321555583103222 1.5707963267948966 1.509437095279471 1.4542137869155878 1.4296700943094176 1.2087768608538851 1.3314953238847365 1.7119225592803755 1.761009944492716 1.8039614065535141 1.8162332528565992 1.9205439464328227 2.337786720737717 2.270291566070749 2.2641556429192065 2.172116795646068 2.313243028131547 2.3746022596469727 2.055534255766759 2.12916533358527 2.141437179888355 2.055534255766759 2.086213871524472 1.8162332528565992 1.6382914814618648 1.7119225592803755 1.6935147898257479 1.7426021750380885 1.7303303287350031 1.7303303287350031 
-50.0 -50.0 -49.5 -50.0 -50.0 -50.0 -50.0 -50.0 -50.0 -50.0 -50.0 -50.0 -50.0 -50.0 -50.0 -50.0 -50.0 -49.5 -50.0 -50.0 -51.0 -53.0 -50.0 -49.5 -47.5 -49.5 -51.0 -53.0 -53.0 -54.0 -54.5 -53.5 -54.5 -52.0 -48.5 -50.0 -53.0 -53.5 -54.0 -52.5 -50.5 -50.0 -50.0 -50.0 -50.0 
2.0371264863121317 1.9819031779482483 2.024854640009046 1.9941750242513334 1.9941750242513334 1.9634954084936207 2.0064468705544187 1.9880391010997909 1.8837284075235674 1.9082721001297376 1.88986433067511 1.902136176978195 1.9266798695843652 1.7794177139473437 1.88986433067511 1.846912868614312 1.8223691760081417 1.8162332528565992 1.7241944055834606 1.718058482431918 1.6505633277649499 1.6505633277649499 1.8039614065535141 2.030990563160589 2.073942025221387 2.1659808724945253 2.423689644859313 2.3439226438892597 2.423689644859313 2.399145952253143 2.521864415283994 2.448233337465483 2.466641106920111 2.478912953223196 2.227340104009951 2.325514874434632 2.227340104009951 1.9757672547967058 1.9144080232812801 1.8837284075235674 2.012582793705961 2.043262409463674 2.0371264863121317 2.018718716857504 1.9757672547967058 
-49.5 -49.5 -49.5 -49.5 -49.5 -49.5 -49.5 -49.5 -49.5 -49.5 -49.5 -49.5 -49.5 -49.5 -50.0 -49.5 -49.5 -49.5 -50.0 -50.5 -52.0 -53.0 -51.5 -51.0 -51.5 -53.0 -52.5 -54.0 -54.5 -54.0 -54.0 -55.0 -53.0 -54.5 -51.5 -51.0 -53.0 -53.0 -52.5 -51.0 -50.0 -49.0 -49.0 -49.5 -49.5 
4.865787059173254 5.037592907416445 5.663457068873787 5.602097837358362 5.049864753719531 5.092816215780329 4.921010367537137 4.558990901596125 4.632621979414636 4.779884135051658 4.853515212870168 4.767612288748572 4.595806440505381 4.669437518323892 4.743068596142402 4.755340442445488 4.767612288748572 4.4362724385652745 4.8351074434155406 4.902602598082509 5.356660911296659 5.890486225480862 5.540738605842936 5.638913376267617 5.651185222570702 6.043884304269426 5.994796919057086 5.921165841238575 5.988660995905543 6.037748381117884 6.105243535784852 5.473243451175968 5.45483568172134 6.111379458936394 4.399456899656019 4.540583132141498 4.558990901596125 4.0558452031696355 4.23378697456437 
-63.0 -63.5 -64.5 -64.0 -63.5 -63.0 -62.5 -63.0 -63.5 -62.0 -61.5 -62.5 -63.0 -62.5 -62.5 -62.5 -63.0 -63.5 -63.0 -60.5 -66.5 -60.0 -59.5 -63.5 -64.5 -61.0 -62.0 -63.5 -63.0 -62.0 -62.0 -62.0 -58.5 -57.0 -66.5 -64.5 -63.5 -64.0 -64.0 
5.565282298449106 5.626641529964532 5.6143696836614465 5.626641529964532 5.497787143782138 5.45483568172134 5.608233760509904 5.589825991055276 5.583690067903734 5.553010452146021 5.5284667595398505 5.442563835418255 5.485515297479052 5.442563835418255 5.313709449235861 5.5284667595398505 5.43029198911517 5.399612373357457 5.344389064993574 2.270291566070749 2.675262494072558 5.829126993965437 5.921165841238575 5.583690067903734 0.6749515466696822 6.086835766330224 0.39269908169872414 0.20248546400090464 0.02454369260617026 0.14726215563702155 0.39269908169872414 6.258641614573416 0.018407769454627694 2.945243112740431 6.129787228391022 6.135923151542564 2.411417798556228 5.43029198911517 5.583690067903734 5.565282298449106 5.516194913236766 5.405748296509 
-59.5 -58.5 -59.0 -58.5 -58.5 -59.0 -57.5 -58.5 -59.0 -58.0 -58.5 -58.0 -58.0 -58.0 -58.5 -59.0 -58.0 -58.0 -58.5 -62.5 -62.0 -59.0 -59.0 -61.5 -64.0 -63.5 -65.0 -64.0 -64.0 -65.0 -65.5 -68.5 -64.5 -67.5 -62.5 -68.5 -66.0 -59.5 -59.0 -59.0 -59.0 -59.0 
