1.2762720155208536 1.3314953238847365 1.3130875544301088 1.3744467859455345 4.491495746929157 4.534447208989955 4.252194744018997 4.252194744018997 1.2517283229146832 1.368310862793992 1.3867186322486196 1.1167380135807468 1.1596894756415448 4.571262747899211 4.660233633596578 4.767612288748572 0.006135923151542565 0.16566992509164924 0.30066023442558565 0.39269908169872414 
-72.0 -71.0 -70.5 -70.5 -70.5 -65.0 -69.0 -65.0 -69.0 -69.5 -70.0 -70.0 -68.5 -66.0 -69.0 -74.5 -73.0 -72.0 -75.5 -72.5 
1.7119225592803755 1.9389517158874505 1.521708941582556 1.8407769454627694 1.9512235621905356 1.6382914814618648 1.5585244804918115 1.8775924843720249 1.7671458676442586 1.8100973297050567 1.8530487917658545 1.8960002538266525 2.000310947402876 1.7855536370988863 1.8960002538266525 1.8039614065535141 1.8653206380689396 1.859184714917397 1.945087639038993 1.8407769454627694 1.7916895602504288 1.4910293258248433 1.8653206380689396 4.893398713355196 1.8837284075235674 5.688000761479957 5.4671075280244255 2.3439226438892597 5.399612373357457 2.2764274892222915 2.2518837966161214 2.3623304133438876 2.411417798556228 2.4850488763747385 2.2150682577068657 2.012582793705961 1.8039614065535141 1.932815792735908 2.0800779483729293 5.135767677841127 2.098485717827557 2.061670178918302 2.1659808724945253 2.1659808724945253 
-61.0 -61.5 -61.0 -61.5 -61.5 -61.5 -62.5 -63.0 -61.5 -63.0 -63.0 -62.5 -63.0 -62.5 -62.5 -62.5 -61.5 -62.5 -62.5 -61.5 -61.0 -62.0 -64.0 -63.5 -62.5 -62.5 -66.0 -64.5 -63.5 -61.0 -59.0 -59.0 -58.5 -59.5 -63.5 -63.5 -61.0 -58.5 -57.5 -60.0 -58.5 -59.5 -59.0 -60.0 
1.4542137869155878 1.4910293258248433 1.4419419406125027 1.4971652489763858 1.5155730184310134 1.4848934026733007 1.4480778637640452 1.4419419406125027 1.4664856332186729 1.4051264017032472 1.368310862793992 1.4726215563702154 1.4358060174609601 1.4173982480063325 1.4419419406125027 1.4051264017032472 1.5155730184310134 1.3989904785517047 1.3621749396424494 1.41126232485479 1.4173982480063325 1.1351457830353744 1.3621749396424494 1.402058440127476 1.2640001692177683 1.3989904785517047 1.5155730184310134 1.5033011721279284 1.3008157081270237 1.3069516312785663 1.2026409377023426 1.1719613219446299 1.1228739367322893 1.1535535524900022 1.282407938672396 1.4787574795217582 1.41126232485479 1.282407938672396 1.5401167110371838 1.6505633277649499 1.552388557340269 1.4726215563702154 1.4051264017032472 1.5033011721279284 1.509437095279471 
-53.5 -53.5 -53.5 -53.0 -53.0 -52.5 -52.0 -52.5 -52.5 -52.5 -52.5 -52.5 -52.5 -53.0 -52.5 -53.0 -52.5 -52.0 -52.0 -52.0 -51.5 -52.0 -51.0 -50.0 -50.0 -52.0 -52.5 -51.0 -52.0 -52.5 -55.5 -56.5 -56.0 -55.5 -54.0 -53.5 -54.5 -52.0 -53.0 -52.5 -51.0 -51.5 -52.5 -52.5 -53.0 
1.4664856332186729 1.4603497100671303 1.4787574795217582 1.4603497100671303 1.509437095279471 1.4542137869155878 1.4542137869155878 1.4419419406125027 1.4296700943094176 1.423534171157875 1.423534171157875 1.4726215563702154 1.41126232485479 1.4664856332186729 1.423534171157875 1.41126232485479 1.4603497100671303 1.4296700943094176 1.4296700943094176 1.4296700943094176 1.3314953238847365 1.3744467859455345 1.2762720155208536 1.1044661672776617 1.325359400733194 1.4173982480063325 1.5830681730979816 1.533980787885641 1.5585244804918115 1.6873788666742053 1.5953400194010667 1.4848934026733007 1.5155730184310134 1.5707963267948966 1.509437095279471 1.6689710972195777 1.6321555583103222 1.3744467859455345 1.3008157081270237 1.3560390164909069 1.1903690913992575 1.239456476611598 1.337631247036279 1.3744467859455345 1.4848934026733007 
-50.5 -51.0 -51.0 -50.5 -50.5 -50.5 -50.0 -50.0 -50.0 -50.0 -50.5 -50.0 -50.5 -50.5 -50.0 -50.0 -50.0 -50.0 -50.0 -50.5 -50.5 -50.5 -50.5 -51.0 -50.5 -49.5 -50.0 -50.5 -51.5 -52.0 -52.0 -52.0 -52.0 -53.0 -52.5 -51.0 -53.0 -51.5 -50.5 -50.5 -49.5 -50.0 -50.5 -51.0 -50.5 
1.8775924843720249 1.8407769454627694 1.8100973297050567 1.8162332528565992 1.8285050991596843 1.8162332528565992 1.7855536370988863 1.761009944492716 1.7241944055834606 1.718058482431918 1.6935147898257479 1.6812429435226628 1.5155730184310134 1.6935147898257479 1.6566992509164924 1.6689710972195777 1.5830681730979816 1.6321555583103222 1.5401167110371838 1.5155730184310134 1.3192234775816514 1.3928545554001621 1.3560390164909069 1.3345632854605078 1.932815792735908 1.945087639038993 1.8039614065535141 1.748738098189631 2.043262409463674 2.1537090261914402 2.1782527187976104 2.2089323345553233 2.184388641949153 2.2764274892222915 2.282563412373834 2.067806102069844 2.1353012567368124 2.1782527187976104 2.12916533358527 2.043262409463674 1.718058482431918 1.6382914814618648 1.7916895602504288 1.8653206380689396 1.8960002538266525 
-50.0 -50.0 -49.5 -50.0 -49.5 -50.0 -49.5 -49.5 -50.0 -50.0 -50.0 -50.0 -50.0 -49.5 -50.0 -50.0 -49.5 -49.5 -49.5 -49.0 -48.5 -49.0 -49.5 -51.0 -52.0 -50.0 -47.5 -50.0 -50.5 -51.0 -51.5 -51.5 -52.0 -52.0 -53.0 -51.5 -48.5 -51.5 -53.0 -53.0 -51.0 -49.5 -49.0 -49.0 -48.5 
2.1782527187976104 2.1230294104337273 2.0371264863121317 2.086213871524472 2.0064468705544187 2.1046216409791 2.061670178918302 2.043262409463674 2.0371264863121317 2.012582793705961 1.9512235621905356 1.9573594853420782 2.0064468705544187 1.9696313316451632 1.9880391010997909 1.9634954084936207 1.88986433067511 1.902136176978195 1.8775924843720249 1.8162332528565992 1.7426021750380885 1.7732817907958012 1.7303303287350031 4.850447251294398 1.945087639038993 2.1598449493429825 2.098485717827557 2.110757564130642 2.337786720737717 2.2027964114037806 2.350058567040802 2.36846633649543 2.386874105950058 2.36846633649543 2.4850488763747385 2.3746022596469727 2.2212041808584084 2.380738182798515 2.184388641949153 2.018718716857504 1.8714565612204823 1.9144080232812801 1.932815792735908 2.2150682577068657 2.1537090261914402 
-49.5 -49.5 -49.5 -49.5 -49.5 -49.5 -49.0 -49.0 -49.5 -49.0 -49.0 -49.0 -49.0 -49.0 -49.0 -49.0 -49.0 -49.0 -49.0 -49.0 -49.5 -49.0 -49.5 -52.0 -53.0 -52.0 -52.0 -51.5 -52.0 -51.5 -53.5 -53.0 -53.5 -53.0 -52.5 -55.0 -51.5 -52.0 -53.5 -52.5 -50.5 -49.5 -49.5 -49.0 -49.0 
4.963961829597935 4.945554060143307 4.884194828627882 4.902602598082509 4.902602598082509 5.227806525114265 4.767612288748572 4.97623367590102 4.9394181369917645 4.828971520263998 4.957825906446392 5.056000676871073 5.00077736850719 4.853515212870168 4.994641445355648 5.485515297479052 5.056000676871073 5.013049214810275 4.908738521234052 4.896466674930966 4.301282129231338 6.000932842208628 6.013204688511713 5.497787143782138 6.007068765360171 5.988660995905543 0.18407769454627693 6.154330920997192 6.129787228391022 6.154330920997192 6.111379458936394 6.22182607566416 5.872078456026235 5.50392306693368 0.14726215563702155 0.0674951546669682 4.104932588381976 4.773748211900116 
-63.5 -63.5 -63.0 -63.0 -62.5 -62.5 -63.5 -62.0 -62.5 -63.0 -61.5 -61.5 -61.5 -62.5 -62.0 -61.5 -61.5 -60.0 -61.0 -61.5 -65.0 -66.5 -62.0 -59.0 -61.0 -59.5 -61.0 -62.5 -63.5 -62.5 -61.5 -62.5 -62.5 -59.0 -58.5 -65.0 -64.0 -65.0 
5.608233760509904 5.681864838328415 5.522330836388308 5.66959299202533 6.086835766330224 5.620505606812989 5.6573211457222445 5.64504929941916 5.64504929941916 5.608233760509904 5.4671075280244255 5.626641529964532 5.460971604872882 5.546874528994478 5.460971604872882 5.595961914206819 5.473243451175968 5.491651220630596 5.399612373357457 5.375068680751287 5.283029833478148 5.203262832508095 5.424156065963627 5.57448618317642 0.03681553890925539 6.19728238305799 5.688000761479957 0.5092816215780329 0.05522330836388308 0.11044661672776616 0.0859029241215959 0.01227184630308513 0.14112623248547898 0.23930100291016002 6.22182607566416 0.07976700097005335 6.037748381117884 0.06135923151542565 6.166602767300278 5.767767762450011 5.595961914206819 5.405748296509 5.491651220630596 5.583690067903734 5.368932757599744 
-58.5 -58.5 -58.5 -58.5 -58.5 -58.0 -58.0 -57.0 -58.0 -59.0 -58.0 -58.0 -58.0 -58.0 -58.0 -58.0 -57.0 -57.5 -56.5 -56.5 -58.0 -58.0 -58.0 -63.5 -62.5 -61.0 -61.0 -63.5 -59.5 -63.5 -61.5 -61.5 -62.0 -63.0 -64.0 -65.0 -65.0 -62.5 -62.0 -65.0 -64.0 -60.5 -58.5 -57.5 -57.5 
