1.043106935762236 1.0492428589137786 0.9510680884890975 1.1290098598838318 0.9878836273983529 0.8406214717613314 0.944932165337555 0.8528933180644165 0.859029241215959 0.8222137023067037 5.651185222570702 5.6143696836614465 5.0682725231741586 0.9081166264282996 6.277049384028044 2.705942109830271 5.835262917116979 6.0991076126333095 0.1902136176978195 5.534602682691394 5.994796919057086 6.2034183062095325 5.829126993965437 
-71.0 -71.0 -71.0 -71.0 -71.5 -71.5 -72.5 -71.5 -72.5 -71.5 -70.0 -71.5 -67.0 -71.5 -72.0 -67.0 -70.5 -70.5 -74.0 -74.0 -72.0 -70.5 -73.5 
1.7426021750380885 1.5155730184310134 1.533980787885641 2.0493983326152168 1.9941750242513334 5.062136600022616 1.7978254834019713 1.8837284075235674 1.9205439464328227 1.846912868614312 1.8407769454627694 1.9144080232812801 2.0064468705544187 1.8530487917658545 1.7916895602504288 1.6751070203711202 1.88986433067511 2.055534255766759 2.000310947402876 1.9512235621905356 1.7732817907958012 2.116893487282185 1.9082721001297376 2.1905245651006955 2.386874105950058 2.2518837966161214 2.5034566458293663 2.5280003384355365 2.564815877344792 2.773437264497239 2.5341362615870793 2.0800779483729293 1.8775924843720249 2.0064468705544187 2.2027964114037806 2.270291566070749 2.018718716857504 2.110757564130642 2.3009711818284617 2.1475731030398975 2.386874105950058 2.2212041808584084 2.1598449493429825 2.270291566070749 
-61.0 -62.0 -62.0 -61.5 -61.5 -62.0 -61.0 -61.5 -61.5 -60.5 -61.5 -61.0 -61.0 -61.0 -61.0 -60.0 -60.0 -60.5 -61.0 -61.0 -63.5 -61.0 -64.5 -64.0 -62.5 -60.5 -61.0 -59.5 -59.5 -61.0 -64.5 -63.0 -60.5 -59.5 -58.0 -59.0 -61.0 -60.0 -60.5 -60.0 -59.5 -59.5 -60.0 -60.5 
1.4848934026733007 1.4358060174609601 1.4664856332186729 1.5033011721279284 1.4358060174609601 1.4603497100671303 1.5278448647340985 1.4726215563702154 1.423534171157875 1.5585244804918115 1.4664856332186729 1.4480778637640452 1.4787574795217582 1.4480778637640452 1.3989904785517047 1.4971652489763858 1.4419419406125027 1.4419419406125027 1.380582709097077 1.4542137869155878 1.4848934026733007 1.4910293258248433 1.3744467859455345 1.2333205534600555 1.4910293258248433 1.4173982480063325 1.184233168247715 1.1903690913992575 0.9633399347921826 0.9265243958829272 0.8160777791551611 0.8651651643675016 1.0369710126106935 1.325359400733194 1.2455923997631406 1.2087768608538851 1.607611865704152 1.7855536370988863 1.662835174068035 1.6260196351587797 1.4910293258248433 1.552388557340269 1.6137477888556946 1.4971652489763858 1.6014759425526093 1.533980787885641 
-52.0 -51.5 -52.0 -52.0 -52.0 -52.0 -52.0 -52.0 -52.0 -52.0 -52.0 -52.0 -52.0 -52.0 -51.5 -52.0 -52.0 -52.5 -53.5 -53.0 -52.0 -51.0 -51.5 -53.5 -55.0 -54.5 -55.0 -56.0 -58.0 -59.0 -58.5 -58.5 -57.5 -56.5 -58.5 -55.0 -55.0 -55.0 -54.0 -52.5 -54.0 -55.0 -55.5 -56.0 -57.0 -57.0 
1.4358060174609601 1.4542137869155878 1.4480778637640452 1.4296700943094176 1.552388557340269 1.4419419406125027 1.4848934026733007 1.5155730184310134 1.4726215563702154 1.423534171157875 1.4542137869155878 1.4971652489763858 1.4848934026733007 1.4542137869155878 1.4542137869155878 1.423534171157875 1.4173982480063325 1.3928545554001621 1.3989904785517047 1.3989904785517047 1.3069516312785663 1.239456476611598 1.380582709097077 1.5892040962495242 1.6137477888556946 1.4603497100671303 1.4910293258248433 1.6321555583103222 1.5155730184310134 1.3560390164909069 1.3621749396424494 1.4542137869155878 1.3192234775816514 1.564660403643354 1.509437095279471 1.4419419406125027 1.3008157081270237 1.3989904785517047 1.282407938672396 1.2885438618239387 1.3928545554001621 1.4726215563702154 1.5707963267948966 1.5585244804918115 1.5953400194010667 1.6260196351587797 
-49.5 -50.5 -50.5 -50.0 -50.5 -50.0 -50.0 -50.5 -50.0 -50.0 -50.0 -50.5 -50.0 -50.0 -50.5 -50.0 -50.5 -50.0 -50.0 -50.5 -51.0 -50.5 -51.0 -51.5 -51.0 -51.5 -53.0 -53.5 -54.0 -53.5 -53.5 -54.5 -54.5 -53.0 -54.5 -53.0 -51.5 -50.5 -50.5 -50.0 -50.5 -51.0 -51.5 -51.5 -52.0 -52.0 
1.7119225592803755 1.6505633277649499 1.7426021750380885 1.8162332528565992 1.761009944492716 1.7548740213411735 1.7671458676442586 1.736466251886546 1.6751070203711202 1.6812429435226628 1.6812429435226628 1.6689710972195777 1.662835174068035 1.6505633277649499 1.6444274046134073 1.6198837120072371 1.6198837120072371 1.6321555583103222 1.5401167110371838 1.5462526341887264 1.4971652489763858 1.5462526341887264 1.9205439464328227 2.1353012567368124 2.073942025221387 2.024854640009046 2.2150682577068657 2.399145952253143 2.36846633649543 2.325514874434632 2.3193789512830896 2.448233337465483 2.5770877236478773 2.110757564130642 2.2334760271614935 2.5954954931025047 2.2396119503130363 2.2396119503130363 1.8960002538266525 1.945087639038993 2.0493983326152168 2.12916533358527 2.1537090261914402 2.116893487282185 2.0800779483729293 2.1353012567368124 
-49.5 -49.5 -49.5 -49.0 -49.0 -49.5 -49.5 -49.0 -49.5 -49.0 -49.0 -49.0 -49.0 -49.0 -49.0 -49.0 -48.5 -49.0 -49.0 -49.0 -49.5 -50.5 -52.0 -51.5 -49.5 -52.0 -54.5 -56.0 -55.5 -57.0 -58.0 -57.5 -59.0 -56.5 -51.5 -54.5 -56.5 -52.0 -51.0 -49.0 -49.0 -49.0 -49.5 -50.0 -49.5 -49.5 
1.9880391010997909 1.9819031779482483 2.0064468705544187 2.024854640009046 2.024854640009046 2.012582793705961 2.0371264863121317 1.9205439464328227 1.846912868614312 2.012582793705961 1.945087639038993 1.9389517158874505 1.9144080232812801 1.932815792735908 1.7548740213411735 1.8960002538266525 1.932815792735908 1.8223691760081417 1.859184714917397 1.8530487917658545 1.8530487917658545 1.718058482431918 2.061670178918302 2.405281875404685 2.282563412373834 2.448233337465483 2.5586799541932495 2.4850488763747385 2.5034566458293663 2.442097414313941 2.5034566458293663 2.3930100291016 2.5402721847386216 2.4911847995262812 2.2948352586769194 2.5402721847386216 2.386874105950058 2.098485717827557 2.012582793705961 2.024854640009046 2.1659808724945253 2.270291566070749 2.36846633649543 2.3930100291016 2.3623304133438876 2.282563412373834 
-49.0 -49.0 -49.0 -49.5 -49.0 -49.0 -49.0 -49.0 -49.5 -49.0 -48.5 -49.0 -49.0 -49.0 -49.0 -49.0 -49.0 -49.0 -49.0 -49.0 -50.0 -51.0 -52.5 -52.5 -54.5 -54.5 -54.5 -54.0 -56.5 -56.5 -57.0 -56.5 -55.5 -57.5 -54.0 -53.0 -55.0 -53.5 -51.0 -49.5 -50.0 -50.0 -49.5 -49.5 -50.0 -50.5 
4.865787059173254 5.0682725231741586 4.773748211900116 5.049864753719531 4.71238898038469 4.908738521234052 4.755340442445488 5.006913291658733 5.013049214810275 4.847379289718626 5.043728830567988 5.0253210611133605 4.816699673960914 5.043728830567988 5.074408446325701 5.037592907416445 4.779884135051658 5.056000676871073 4.669437518323892 4.81056375080937 4.215379205109742 6.000932842208628 5.577554144752192 5.829126993965437 6.0991076126333095 6.013204688511713 5.859806609723149 5.829126993965437 5.743224069843841 5.424156065963627 0.2945243112740431 5.553010452146021 5.688000761479957 4.239922897715912 4.534447208989955 4.9394181369917645 4.914874444385594 5.00077736850719 5.651185222570702 5.258486140871978 
-62.0 -62.0 -62.5 -62.0 -62.5 -62.0 -62.0 -62.0 -61.5 -62.0 -61.0 -61.5 -61.0 -61.0 -61.5 -61.0 -61.0 -60.0 -61.0 -62.5 -63.5 -65.0 -62.5 -64.5 -63.5 -64.0 -65.0 -63.5 -67.5 -63.0 -58.5 -71.0 -67.5 -62.5 -62.0 -62.5 -63.0 -62.0 -62.5 -62.5 
5.540738605842936 5.497787143782138 5.540738605842936 5.516194913236766 5.553010452146021 5.522330836388308 5.344389064993574 5.540738605842936 5.47937937432751 5.5100589900852235 5.368932757599744 5.45483568172134 5.5100589900852235 5.45483568172134 5.264622064023521 5.424156065963627 5.491651220630596 5.45483568172134 5.50392306693368 0.07363107781851078 0.4663301595172349 4.111068511533518 0.6135923151542565 0.7363107781851077 0.7669903939428205 0.20248546400090464 0.3129320807286708 6.086835766330224 5.681864838328415 5.227806525114265 5.442563835418255 5.651185222570702 5.7616318392984684 5.853670686571607 5.835262917116979 5.743224069843841 
-58.0 -58.5 -58.5 -57.0 -57.5 -58.0 -58.0 -58.0 -58.0 -58.0 -58.5 -57.0 -57.5 -57.5 -58.0 -57.5 -57.0 -58.0 -59.5 -60.5 -65.5 -69.5 -66.0 -67.5 -67.0 -66.0 -65.5 -61.5 -63.0 -60.5 -60.0 -58.0 -57.5 -57.5 -57.5 -57.5 
