1.1658253987930873 1.325359400733194 1.1780972450961724 4.620350133111551 4.896466674930966 5.559146375297564 5.289165756629691 6.258641614573416 5.595961914206819 2.6139032625571326 2.478912953223196 2.454369260617026 5.829126993965437 5.780039608753096 6.074563920027139 
-74.0 -74.5 -76.0 -70.0 -68.0 -69.0 -68.5 -76.5 -69.0 -64.5 -67.0 -68.0 -70.5 -74.5 -76.0 
1.9082721001297376 1.9082721001297376 1.9757672547967058 1.846912868614312 2.043262409463674 1.9266798695843652 1.8162332528565992 1.8346410223112268 1.9634954084936207 1.8407769454627694 1.8162332528565992 1.8346410223112268 1.8653206380689396 1.9512235621905356 2.0064468705544187 1.846912868614312 1.9144080232812801 1.8162332528565992 1.945087639038993 5.227806525114265 2.1598449493429825 2.1966604882522383 2.3071071049800045 1.9512235621905356 1.8039614065535141 1.7303303287350031 2.1905245651006955 1.9389517158874505 1.6382914814618648 1.9512235621905356 2.2212041808584084 2.2334760271614935 2.466641106920111 2.5832236467994196 2.509592568980909 2.435961491162398 2.0923497946760143 2.1475731030398975 2.1046216409791 2.2027964114037806 2.4175537217077703 2.2518837966161214 2.0800779483729293 2.110757564130642 2.3071071049800045 2.086213871524472 2.2641556429192065 2.1475731030398975 
-60.5 -61.5 -61.0 -61.0 -61.0 -61.0 -61.0 -60.5 -61.0 -61.0 -61.0 -61.5 -61.0 -61.0 -61.0 -61.0 -60.0 -60.5 -61.0 -61.0 -60.0 -60.5 -62.0 -60.5 -61.0 -62.0 -61.5 -62.0 -63.0 -64.0 -62.0 -61.0 -60.5 -60.0 -60.0 -63.5 -63.0 -62.0 -60.5 -58.0 -59.0 -59.5 -59.0 -59.5 -60.5 -60.0 -60.0 -60.0 
1.5401167110371838 1.5278448647340985 1.552388557340269 1.533980787885641 1.5401167110371838 1.533980787885641 1.576932249946439 1.552388557340269 1.6198837120072371 1.576932249946439 1.564660403643354 1.576932249946439 1.6321555583103222 1.5401167110371838 1.509437095279471 1.5462526341887264 1.6505633277649499 1.5155730184310134 1.552388557340269 1.3621749396424494 1.423534171157875 1.4787574795217582 1.5585244804918115 1.6873788666742053 1.5155730184310134 1.1903690913992575 1.184233168247715 1.1596894756415448 1.1658253987930873 1.1167380135807468 0.9633399347921826 0.662679700366597 0.7915340865489908 0.7363107781851077 0.9510680884890975 1.227184630308513 1.6444274046134073 1.325359400733194 1.4542137869155878 1.6935147898257479 1.662835174068035 1.6751070203711202 1.6996507129772904 1.5585244804918115 1.5155730184310134 1.423534171157875 1.521708941582556 
-55.0 -55.0 -55.0 -55.0 -54.5 -54.5 -54.5 -54.5 -55.0 -55.0 -55.0 -55.5 -55.0 -55.5 -55.5 -56.0 -56.0 -56.0 -56.0 -56.0 -54.5 -55.0 -54.5 -51.0 -52.0 -54.5 -54.0 -56.0 -56.0 -57.0 -57.0 -60.0 -60.0 -59.0 -57.5 -56.5 -58.0 -53.5 -54.5 -56.0 -55.0 -53.5 -54.5 -56.5 -56.0 -56.5 -56.0 
1.6198837120072371 1.6014759425526093 1.6321555583103222 1.6321555583103222 1.6198837120072371 1.6137477888556946 1.6260196351587797 1.5953400194010667 1.607611865704152 1.6137477888556946 1.6260196351587797 1.5892040962495242 1.576932249946439 1.6566992509164924 1.576932249946439 1.6935147898257479 1.6198837120072371 1.509437095279471 1.5401167110371838 1.552388557340269 1.5155730184310134 1.4480778637640452 1.41126232485479 1.2946797849754812 1.3744467859455345 1.521708941582556 1.5707963267948966 1.4971652489763858 1.2087768608538851 1.3499030933393643 1.3069516312785663 1.3069516312785663 1.2640001692177683 1.368310862793992 1.3928545554001621 1.3989904785517047 1.736466251886546 1.4542137869155878 1.4358060174609601 1.4848934026733007 1.4051264017032472 1.4726215563702154 1.4480778637640452 1.4726215563702154 1.4787574795217582 1.521708941582556 1.521708941582556 
-51.0 -51.0 -51.5 -51.0 -51.0 -51.0 -51.0 -50.5 -51.0 -51.0 -51.0 -51.5 -51.5 -51.5 -51.5 -51.5 -51.5 -51.5 -51.5 -51.5 -51.5 -51.0 -51.0 -50.5 -51.0 -52.0 -52.0 -51.5 -53.0 -54.0 -55.0 -54.0 -54.0 -54.0 -55.0 -53.5 -53.0 -53.5 -52.5 -51.5 -51.0 -50.0 -50.5 -52.0 -52.5 -52.0 -52.0 
2.055534255766759 2.0064468705544187 2.0064468705544187 2.0064468705544187 2.018718716857504 2.012582793705961 1.9819031779482483 1.9819031779482483 2.000310947402876 2.0371264863121317 2.018718716857504 2.024854640009046 1.9941750242513334 2.018718716857504 1.9941750242513334 1.9512235621905356 1.8653206380689396 1.932815792735908 1.8530487917658545 1.8039614065535141 1.7119225592803755 1.718058482431918 1.6873788666742053 1.705786636128833 1.8530487917658545 2.1537090261914402 2.227340104009951 1.9205439464328227 2.018718716857504 2.2334760271614935 2.6139032625571326 2.423689644859313 2.3623304133438876 2.386874105950058 2.5893595699509624 2.2580197197676637 2.1966604882522383 2.350058567040802 2.270291566070749 2.1966604882522383 2.061670178918302 1.8100973297050567 1.9144080232812801 2.018718716857504 2.0371264863121317 2.1046216409791 2.0800779483729293 
-50.0 -50.0 -50.0 -50.0 -50.0 -50.0 -50.0 -49.5 -49.5 -50.0 -49.5 -50.0 -49.5 -49.5 -49.5 -49.5 -49.5 -48.5 -49.0 -48.5 -48.0 -48.5 -49.0 -49.5 -52.5 -54.0 -54.5 -53.0 -58.5 -61.0 -62.5 -62.0 -62.0 -60.5 -59.0 -59.0 -53.5 -51.5 -55.5 -55.0 -54.0 -51.0 -49.0 -49.0 -49.0 -49.5 -49.0 
2.2457478734645786 2.2886993355253766 2.2396119503130363 2.270291566070749 2.3009711818284617 2.270291566070749 2.2396119503130363 2.2212041808584084 2.2396119503130363 2.2518837966161214 2.227340104009951 2.2150682577068657 2.2212041808584084 2.2027964114037806 2.2518837966161214 2.2518837966161214 2.2334760271614935 2.1537090261914402 2.098485717827557 2.018718716857504 2.073942025221387 2.024854640009046 1.9512235621905356 1.8653206380689396 1.9512235621905356 2.2886993355253766 2.3316507975861747 2.3930100291016 2.1537090261914402 2.3930100291016 2.3930100291016 2.435961491162398 2.411417798556228 2.435961491162398 2.399145952253143 2.6261751088602177 2.380738182798515 2.5157284921324514 2.4850488763747385 2.2089323345553233 2.098485717827557 2.043262409463674 2.0800779483729293 2.270291566070749 2.2580197197676637 2.270291566070749 2.2150682577068657 
-50.5 -50.0 -50.0 -50.0 -50.0 -50.0 -50.0 -49.5 -49.5 -50.0 -50.0 -50.0 -50.0 -50.0 -50.0 -50.0 -50.0 -49.5 -49.5 -48.5 -48.5 -49.0 -50.0 -50.0 -51.0 -54.5 -54.0 -54.5 -57.0 -55.5 -57.5 -57.5 -58.0 -57.5 -56.0 -56.0 -55.5 -51.5 -52.5 -53.5 -52.0 -49.5 -50.0 -50.0 -49.5 -49.0 -49.5 
5.307573526084319 5.209398755659637 5.258486140871978 5.240078371417351 5.21553467881118 5.295301679781233 5.227806525114265 5.178719139901925 4.95168998329485 5.295301679781233 5.43029198911517 5.3627968344482015 5.2339424482658075 5.270757987175063 5.540738605842936 5.460971604872882 5.8045833013592665 5.540738605842936 5.553010452146021 5.5284667595398505 5.411884219660542 4.994641445355648 4.246058820867455 4.81056375080937 6.14819499784565 5.313709449235861 5.688000761479957 5.780039608753096 5.755495916146925 5.632777453116074 5.921165841238575 5.878214379177777 5.780039608753096 5.589825991055276 6.050020227420969 0.32520392703175593 5.964117303299373 4.4362724385652745 4.681709364626977 4.7307967498393175 5.111223985234957 5.516194913236766 5.2339424482658075 
-60.0 -61.0 -60.5 -60.5 -61.5 -61.0 -61.0 -60.0 -60.5 -61.0 -60.5 -60.5 -60.5 -60.0 -60.5 -60.0 -60.0 -59.5 -59.5 -60.0 -60.5 -61.5 -61.5 -69.5 -62.5 -66.0 -65.0 -64.0 -64.5 -65.5 -64.0 -64.0 -65.5 -61.0 -58.0 -61.0 -70.5 -63.5 -60.5 -63.0 -62.0 -62.5 -62.0 
5.577554144752192 5.681864838328415 5.749359992995383 5.651185222570702 5.755495916146925 5.792311455056181 5.816855147662351 5.700272607783043 5.730952223540755 5.829126993965437 5.700272607783043 5.773903685601553 5.749359992995383 5.792311455056181 5.730952223540755 5.810719224510809 5.8045833013592665 5.786175531904639 5.755495916146925 5.976389149602458 5.675728915176872 5.577554144752192 5.5714182216006485 5.491651220630596 2.4850488763747385 0.07976700097005335 0.4908738521234052 0.23930100291016002 0.4295146206079795 3.663146121470911 0.6565437772150544 3.2827188860752723 0.03681553890925539 0.15339807878856412 5.6143696836614465 5.749359992995383 5.773903685601553 5.651185222570702 5.71868037723767 5.994796919057086 
-58.5 -58.5 -58.5 -58.0 -58.0 -58.5 -58.0 -58.5 -58.0 -58.0 -57.5 -58.0 -57.5 -58.0 -58.0 -58.5 -58.5 -57.5 -57.5 -57.5 -57.0 -57.0 -56.5 -57.5 -61.5 -67.0 -66.5 -68.0 -68.5 -71.0 -69.0 -72.5 -67.5 -64.5 -62.5 -59.5 -58.0 -57.5 -57.0 -57.5 
