2.8716120349219203 2.8286605728611223 2.9145634969827183 2.9268353432858034 3.055689729468197 3.067961575771282 3.0372819600135696 3.0250101137104846 3.0066023442558567 3.043417883165112 2.9636508821950587 2.988194574801229 3.06182565261974 3.018874190558942 2.9697868053466014 2.9636508821950587 2.9697868053466014 3.098641191528995 2.9820586516496865 3.6386024288647407 3.785864584501762 3.429981041712294 3.313398501832985 0.5062136600022615 3.368621810196868 3.56497135104623 3.4606606574700063 3.1784081924990484 3.2827188860752723 3.2459033471660166 3.3379421944391554 3.5711072741977725 3.9515345095934116 0.8222137023067037 3.043417883165112 3.4606606574700063 4.1601558967458585 0.9326603190344698 3.6386024288647407 3.5833791205008576 3.2949907323783574 3.442252888015379 3.2090878082567613 3.3440781175906977 3.423845118560751 0.28225246497095796 
-64.0 -63.5 -64.0 -63.5 -64.0 -63.0 -63.5 -62.5 -63.0 -63.5 -63.5 -63.0 -63.5 -62.5 -63.0 -63.0 -62.0 -63.0 -63.5 -63.5 -61.0 -61.5 -63.0 -65.0 -64.0 -63.0 -61.5 -61.0 -61.0 -62.0 -63.0 -62.5 -63.5 -72.5 -67.5 -66.5 -66.5 -66.0 -63.5 -63.5 -64.5 -63.0 -64.0 -64.0 -63.0 -64.5 
2.429825568010856 2.386874105950058 2.466641106920111 2.3746022596469727 2.521864415283994 2.4175537217077703 2.36846633649543 2.4727770300716534 2.3439226438892597 2.411417798556228 2.662990647769473 2.4605051837685683 2.4727770300716534 2.4850488763747385 2.411417798556228 2.356194490192345 2.350058567040802 2.399145952253143 2.1230294104337273 2.5586799541932495 2.5157284921324514 2.5280003384355365 2.8716120349219203 0.1718058482431918 3.3440781175906977 3.466796580621549 3.423845118560751 3.2336315008629315 2.736621725587984 2.8961557275280905 2.8716120349219203 3.368621810196868 3.6140587362585705 3.442252888015379 2.60776733940559 2.2948352586769194 2.2764274892222915 2.0923497946760143 2.055534255766759 2.435961491162398 2.3930100291016 2.399145952253143 2.36846633649543 2.1966604882522383 2.2764274892222915 2.325514874434632 2.2580197197676637 
-63.5 -64.5 -64.0 -64.0 -64.5 -64.0 -64.0 -64.0 -64.5 -64.0 -64.5 -64.0 -64.0 -64.5 -64.0 -64.5 -63.5 -63.5 -63.5 -62.5 -62.0 -62.5 -63.5 -65.5 -63.0 -61.5 -61.0 -61.0 -61.5 -62.0 -61.5 -61.5 -60.5 -66.5 -67.0 -63.0 -62.0 -60.5 -59.5 -60.5 -60.5 -60.5 -61.5 -62.0 -61.5 -60.5 -61.5 
0.6810874698212247 0.619728238305799 0.6442719309119693 0.705631162427395 0.6749515466696822 0.6688156235181395 0.6320000846088841 0.6688156235181395 0.6872233929727672 0.6504078540635119 0.6565437772150544 0.6381360077604268 0.6810874698212247 0.6872233929727672 0.662679700366597 0.662679700366597 0.7179030087304801 0.6749515466696822 0.662679700366597 0.8528933180644165 1.012427320004523 0.8958447801252144 0.9572040116406401 1.2455923997631406 1.1596894756415448 0.944932165337555 0.8651651643675016 0.9572040116406401 0.9203884727313847 0.9265243958829272 0.859029241215959 0.8835729338221293 0.8835729338221293 1.0185632431560658 1.3621749396424494 1.0615147052168636 0.9572040116406401 1.000155473701438 1.1167380135807468 1.2087768608538851 1.239456476611598 1.1903690913992575 1.1351457830353744 1.141281706186917 1.1228739367322893 1.1228739367322893 1.0615147052168636 
-50.0 -50.0 -49.5 -50.0 -49.5 -49.5 -49.5 -49.5 -49.5 -50.0 -49.5 -49.5 -49.5 -49.5 -49.5 -49.5 -49.5 -49.5 -49.5 -50.5 -51.0 -52.5 -53.5 -53.0 -51.0 -51.0 -53.0 -53.5 -53.0 -53.0 -53.5 -53.0 -52.0 -50.5 -52.0 -53.5 -52.0 -51.0 -51.5 -50.5 -49.0 -48.5 -48.5 -48.5 -48.5 -48.5 -48.5 
0.8528933180644165 0.8467573949128739 0.8160777791551611 0.8344855486097889 0.8713010875190442 0.8713010875190442 0.8283496254582462 0.8897088569736719 0.8835729338221293 0.8774370106705868 0.8528933180644165 0.8528933180644165 0.8528933180644165 0.8160777791551611 0.8467573949128739 0.859029241215959 0.8467573949128739 0.8344855486097889 0.8099418560036186 0.9572040116406401 1.0983302441261191 1.227184630308513 1.4787574795217582 1.4480778637640452 1.239456476611598 1.1535535524900022 1.2087768608538851 1.368310862793992 1.380582709097077 1.3314953238847365 1.3744467859455345 1.368310862793992 1.3499030933393643 1.282407938672396 1.4480778637640452 1.4726215563702154 1.4542137869155878 1.3192234775816514 1.337631247036279 1.3499030933393643 1.2701360923693108 1.214912784005428 1.1719613219446299 1.1965050145508 1.1719613219446299 1.1106020904292042 1.086058397823034 
-52.0 -52.0 -52.5 -52.0 -52.0 -52.5 -52.0 -52.0 -52.5 -52.0 -52.0 -52.0 -51.5 -52.0 -51.5 -51.5 -51.5 -52.0 -52.0 -51.0 -51.0 -52.0 -51.5 -50.5 -49.5 -50.0 -51.0 -50.5 -50.0 -50.5 -51.0 -51.0 -51.0 -49.5 -50.5 -51.5 -51.5 -51.5 -51.5 -51.0 -50.0 -49.5 -49.5 -50.0 -49.5 -50.0 -49.5 
0.9572040116406401 0.9878836273983529 1.012427320004523 1.000155473701438 1.012427320004523 1.0062913968529805 0.9756117810952678 1.0062913968529805 1.0185632431560658 1.000155473701438 1.0185632431560658 0.9940195505498954 1.012427320004523 1.0062913968529805 1.030835089459151 1.0983302441261191 1.1044661672776617 1.0185632431560658 1.1474176293384597 1.4910293258248433 1.8407769454627694 1.8223691760081417 1.6935147898257479 1.5063691337036997 1.325359400733194 1.3069516312785663 1.3928545554001621 1.5462526341887264 1.521708941582556 1.4910293258248433 1.4542137869155878 1.533980787885641 1.5707963267948966 1.4787574795217582 1.5953400194010667 1.7241944055834606 1.859184714917397 1.9082721001297376 1.8960002538266525 1.8960002538266525 1.718058482431918 1.5585244804918115 1.5953400194010667 1.4726215563702154 1.4726215563702154 1.4787574795217582 1.4419419406125027 
-55.0 -54.5 -54.5 -55.0 -54.5 -54.5 -54.0 -54.5 -54.5 -54.5 -54.5 -54.5 -54.0 -54.5 -54.5 -54.5 -55.0 -54.5 -55.0 -55.0 -53.0 -52.5 -50.5 -49.5 -50.5 -51.0 -51.5 -51.5 -51.5 -52.0 -52.0 -51.5 -51.5 -51.0 -50.5 -49.5 -51.0 -54.0 -54.5 -55.0 -55.5 -54.5 -54.0 -54.0 -53.5 -54.0 -54.0 
1.3621749396424494 1.3621749396424494 1.41126232485479 1.3437671701878218 1.337631247036279 1.4664856332186729 1.3314953238847365 1.4173982480063325 1.423534171157875 1.4358060174609601 1.4173982480063325 1.4480778637640452 1.4664856332186729 1.4726215563702154 1.4848934026733007 1.4971652489763858 1.509437095279471 1.4419419406125027 1.3560390164909069 1.5278448647340985 1.932815792735908 2.073942025221387 1.9266798695843652 1.6781749819468914 1.8223691760081417 1.9389517158874505 1.9512235621905356 1.8837284075235674 1.9205439464328227 1.9205439464328227 1.6873788666742053 1.9082721001297376 2.086213871524472 1.9941750242513334 1.9144080232812801 2.110757564130642 2.067806102069844 2.2027964114037806 2.2396119503130363 2.172116795646068 2.030990563160589 1.88986433067511 1.8775924843720249 1.846912868614312 1.8039614065535141 1.7916895602504288 1.7794177139473437 
-56.0 -56.0 -55.5 -56.0 -55.5 -56.0 -55.0 -55.5 -55.5 -55.5 -55.5 -55.5 -55.5 -55.5 -55.5 -54.5 -55.0 -55.5 -56.0 -56.5 -54.0 -52.5 -51.5 -54.0 -55.0 -55.5 -55.0 -55.0 -55.0 -54.0 -54.5 -55.0 -54.0 -56.0 -53.5 -53.0 -53.0 -53.0 -53.5 -55.0 -54.5 -53.0 -52.5 -51.5 -52.0 -52.0 -52.5 
4.8351074434155406 4.933282213840222 4.73693267299086 4.804427827657828 4.847379289718626 4.792155981354743 4.908738521234052 4.896466674930966 4.853515212870168 4.724660826687775 4.822835597112456 4.651029748869264 4.8351074434155406 4.865787059173254 4.822835597112456 4.816699673960914 4.718524903536232 4.76147636559703 4.8351074434155406 5.295301679781233 5.252350217720435 5.64504929941916 5.442563835418255 5.089748254204557 5.037592907416445 5.411884219660542 5.203262832508095 4.743068596142402 4.798291904506286 4.963961829597935 4.841243366567084 5.074408446325701 5.135767677841127 4.970097752749477 5.313709449235861 5.221670601962723 5.5100589900852235 5.872078456026235 5.994796919057086 5.8045833013592665 5.773903685601553 5.184855063053467 5.105088062083414 5.111223985234957 5.043728830567988 5.086680292628786 5.062136600022616 
-65.5 -66.5 -66.5 -66.5 -66.0 -66.5 -67.0 -66.0 -67.5 -66.0 -66.5 -66.5 -66.0 -65.5 -65.0 -65.5 -66.0 -65.5 -65.0 -63.5 -63.0 -60.5 -58.5 -59.0 -59.5 -59.5 -58.5 -59.0 -59.5 -61.0 -61.0 -59.5 -59.0 -59.5 -57.5 -57.5 -57.5 -57.5 -60.5 -60.5 -60.0 -61.0 -60.5 -60.5 -60.5 -61.0 -61.5 
4.878058905476339 4.632621979414636 1.4419419406125027 5.037592907416445 4.565126824747668 4.442408361716817 1.6873788666742053 4.6878452877785195 4.779884135051658 4.583534594202296 1.564660403643354 4.626486056263094 4.589670517353839 4.583534594202296 4.681709364626977 4.651029748869264 4.632621979414636 4.92714629068868 5.448699758569798 5.460971604872882 5.651185222570702 5.411884219660542 5.0774764079014725 5.626641529964532 5.6941366846315 5.6143696836614465 5.632777453116074 5.780039608753096 5.816855147662351 5.835262917116979 5.688000761479957 5.460971604872882 6.129787228391022 2.141437179888355 5.540738605842936 5.743224069843841 5.675728915176872 5.595961914206819 5.50392306693368 5.577554144752192 5.019185137961818 5.031456984264903 5.098952138931871 5.141903600992669 4.988505522204105 5.405748296509 
-71.0 -69.5 -72.5 -71.5 -70.5 -71.0 -71.0 -69.5 -70.0 -69.5 -71.0 -70.0 -69.0 -70.0 -69.0 -68.5 -67.5 -71.0 -66.0 -63.0 -61.0 -60.5 -64.5 -66.0 -66.0 -63.0 -63.5 -65.0 -64.5 -65.0 -64.0 -64.0 -66.0 -65.5 -63.0 -66.0 -63.0 -60.5 -62.0 -62.5 -62.5 -62.0 -60.5 -61.0 -61.0 -62.0 
