3.153864499892878 3.1784081924990484 3.098641191528995 3.160000423044421 3.08636934522591 3.129320807286708 2.9268353432858034 3.074097498922825 3.0802334220743677 3.2213596545598464 3.2581751934691017 0.03681553890925539 3.11091303783208 3.098641191528995 2.8286605728611223 2.9636508821950587 2.9820586516496865 2.9329712664373457 3.2397674240144743 3.509748042682347 3.810408277107933 3.552699504743145 2.9391071895888885 6.111379458936394 0.9265243958829272 4.1601558967458585 3.6692820446224537 3.509748042682347 0.4908738521234052 3.810408277107933 4.000621894805752 4.381049130201391 0.7669903939428205 0.22089323345553233 0.16566992509164924 0.21168934872821848 0.5583690067903734 3.5895150436524004 3.074097498922825 2.9391071895888885 3.098641191528995 3.454524734318464 3.055689729468197 3.104777114680538 
-63.0 -63.0 -63.5 -63.0 -63.5 -64.0 -63.0 -63.5 -63.5 -63.0 -63.5 -64.0 -62.5 -63.0 -63.5 -63.5 -63.5 -63.0 -62.5 -63.0 -63.5 -64.0 -65.5 -70.5 -71.5 -65.5 -61.0 -60.0 -62.0 -62.0 -63.5 -68.5 -71.5 -71.0 -68.5 -66.5 -64.5 -65.5 -66.0 -65.5 -65.0 -63.5 -64.0 -63.5 
2.2641556429192065 2.350058567040802 2.386874105950058 2.3439226438892597 2.282563412373834 2.2948352586769194 2.442097414313941 2.350058567040802 2.411417798556228 2.3930100291016 2.3623304133438876 2.350058567040802 2.448233337465483 2.270291566070749 2.386874105950058 2.3623304133438876 2.454369260617026 2.399145952253143 2.3071071049800045 2.564815877344792 2.429825568010856 2.742757648739526 2.6875343403756435 2.5832236467994196 2.564815877344792 2.6813984172241008 2.5280003384355365 3.1661363461959633 3.2949907323783574 3.172272269347506 3.3072625786814425 3.129320807286708 3.160000423044421 2.9084275738311756 3.497476196379262 0.21168934872821848 2.350058567040802 2.2518837966161214 2.2027964114037806 5.356660911296659 1.9634954084936207 2.110757564130642 2.110757564130642 5.160311370447297 2.141437179888355 1.945087639038993 2.2150682577068657 2.043262409463674 
-61.5 -62.0 -61.5 -61.5 -61.0 -62.0 -62.0 -62.0 -61.5 -62.0 -62.0 -60.5 -62.0 -62.0 -61.0 -61.0 -61.0 -62.0 -61.5 -61.0 -60.0 -59.0 -59.5 -60.5 -61.0 -62.0 -63.0 -62.0 -61.0 -60.0 -61.5 -62.0 -61.5 -61.5 -61.5 -66.0 -65.0 -63.5 -63.5 -63.0 -60.5 -62.5 -62.0 -63.0 -62.5 -62.0 -62.5 -63.0 
1.000155473701438 0.9756117810952678 0.9694758579437253 0.9572040116406401 1.0062913968529805 0.9633399347921826 0.9756117810952678 0.9572040116406401 0.944932165337555 0.9081166264282996 0.944932165337555 0.9142525495798421 0.9081166264282996 0.8958447801252144 0.9019807032767571 0.8713010875190442 0.8774370106705868 0.8713010875190442 0.8651651643675016 0.9203884727313847 0.9510680884890975 0.9265243958829272 0.8160777791551611 0.7669903939428205 0.8774370106705868 1.0799224746714913 1.1965050145508 0.9756117810952678 0.8406214717613314 0.8344855486097889 0.9081166264282996 0.9878836273983529 1.000155473701438 0.9265243958829272 0.8651651643675016 4.175495704624716 1.337631247036279 1.1106020904292042 1.000155473701438 0.9848156658225816 1.1044661672776617 1.1535535524900022 1.1044661672776617 1.012427320004523 1.0369710126106935 1.0369710126106935 1.0799224746714913 1.1351457830353744 
-49.0 -48.5 -49.0 -49.0 -49.0 -49.0 -49.0 -49.0 -49.0 -49.0 -49.0 -49.0 -49.0 -49.0 -49.0 -49.5 -49.5 -49.5 -49.5 -49.5 -50.5 -53.0 -53.5 -52.5 -52.5 -53.0 -52.0 -51.0 -52.0 -53.5 -53.5 -53.0 -53.0 -53.0 -53.0 -51.0 -52.0 -53.5 -52.5 -52.0 -51.5 -50.0 -50.0 -49.5 -49.0 -49.0 -48.5 -48.5 
0.9940195505498954 0.9694758579437253 0.9878836273983529 0.9756117810952678 0.9817477042468103 1.000155473701438 0.9878836273983529 1.000155473701438 0.9940195505498954 0.9572040116406401 0.9510680884890975 0.9265243958829272 0.9081166264282996 0.9203884727313847 0.9203884727313847 0.9326603190344698 0.9203884727313847 0.8958447801252144 0.9019807032767571 0.944932165337555 1.0246991663076084 1.141281706186917 1.1658253987930873 1.2946797849754812 1.337631247036279 1.325359400733194 1.3069516312785663 1.2210487071569704 1.184233168247715 1.2455923997631406 1.2762720155208536 1.3069516312785663 1.3130875544301088 1.3130875544301088 1.2640001692177683 1.2701360923693108 1.4848934026733007 1.509437095279471 1.4910293258248433 1.380582709097077 1.3008157081270237 1.2087768608538851 1.1474176293384597 1.0676506283684062 1.030835089459151 1.086058397823034 1.0369710126106935 1.0737865515199487 
-50.0 -50.5 -50.0 -50.0 -50.0 -50.0 -50.5 -50.5 -50.5 -50.5 -50.5 -50.5 -50.5 -51.0 -50.5 -50.0 -50.5 -50.5 -51.0 -51.0 -50.5 -51.0 -51.5 -52.5 -51.0 -50.5 -50.5 -49.5 -50.5 -50.5 -50.5 -50.5 -50.5 -50.5 -50.5 -50.5 -50.5 -51.5 -52.0 -52.5 -52.0 -51.0 -50.5 -50.5 -51.0 -50.5 -50.0 -50.0 
1.3560390164909069 1.337631247036279 1.3314953238847365 1.3130875544301088 1.3192234775816514 1.3192234775816514 1.3499030933393643 1.3314953238847365 1.3560390164909069 1.2946797849754812 1.3069516312785663 1.3008157081270237 1.2701360923693108 1.3008157081270237 1.325359400733194 1.2885438618239387 1.2517283229146832 1.2946797849754812 1.282407938672396 1.4664856332186729 1.6935147898257479 1.8100973297050567 1.7119225592803755 1.6444274046134073 1.6382914814618648 1.5585244804918115 1.4542137869155878 1.423534171157875 1.5401167110371838 1.5892040962495242 1.5462526341887264 1.521708941582556 1.5462526341887264 1.6198837120072371 1.6198837120072371 1.533980787885641 1.552388557340269 1.748738098189631 1.9389517158874505 2.00951483213019 1.902136176978195 1.8530487917658545 1.6382914814618648 1.4910293258248433 1.3867186322486196 1.368310862793992 1.3069516312785663 1.2885438618239387 
-53.5 -53.0 -54.0 -53.5 -53.5 -53.5 -54.0 -53.5 -53.5 -53.5 -53.5 -54.0 -54.0 -53.5 -53.5 -54.0 -54.0 -54.5 -54.0 -55.5 -55.5 -54.0 -54.0 -53.0 -52.5 -50.0 -50.0 -51.5 -51.5 -51.0 -51.0 -51.5 -51.0 -51.0 -51.0 -51.5 -50.0 -50.5 -52.5 -56.0 -55.0 -56.5 -56.5 -56.5 -56.0 -55.0 -54.0 -53.5 
1.607611865704152 1.6444274046134073 1.662835174068035 1.6689710972195777 1.6689710972195777 1.6566992509164924 1.6566992509164924 1.6566992509164924 1.5892040962495242 1.6321555583103222 1.6382914814618648 1.6382914814618648 1.662835174068035 1.6137477888556946 1.6751070203711202 1.6382914814618648 1.5707963267948966 1.5892040962495242 1.607611865704152 1.576932249946439 1.6321555583103222 1.7978254834019713 2.061670178918302 2.1537090261914402 2.012582793705961 1.9144080232812801 1.859184714917397 1.8653206380689396 1.7916895602504288 1.859184714917397 1.9757672547967058 1.9266798695843652 1.9512235621905356 1.932815792735908 1.9880391010997909 2.043262409463674 1.892932292250881 1.8775924843720249 1.9757672547967058 2.000310947402876 2.1905245651006955 2.1659808724945253 1.9941750242513334 1.748738098189631 1.6996507129772904 1.7794177139473437 1.6996507129772904 1.6873788666742053 1.662835174068035 
-53.0 -53.0 -53.0 -53.0 -53.0 -53.0 -53.0 -53.5 -53.0 -53.0 -53.5 -53.0 -53.0 -53.5 -53.5 -53.5 -53.5 -53.5 -53.5 -54.0 -55.0 -55.0 -53.5 -53.0 -52.0 -51.5 -53.0 -53.0 -54.5 -55.0 -54.0 -53.5 -54.0 -54.0 -54.0 -54.5 -55.5 -52.5 -52.5 -51.5 -52.0 -52.5 -54.0 -54.0 -54.5 -53.5 -53.0 -52.5 -52.5 
4.994641445355648 4.828971520263998 5.160311370447297 4.92714629068868 5.037592907416445 4.933282213840222 4.988505522204105 5.111223985234957 4.8351074434155406 5.019185137961818 4.933282213840222 4.970097752749477 4.921010367537137 4.896466674930966 5.013049214810275 4.9394181369917645 4.921010367537137 4.878058905476339 4.988505522204105 5.270757987175063 5.325981295538946 5.368932757599744 5.21553467881118 5.583690067903734 5.522330836388308 5.338253141842031 5.080544369477243 5.270757987175063 5.283029833478148 5.080544369477243 4.9823695990525625 4.95168998329485 4.95168998329485 5.062136600022616 5.074408446325701 5.194058947780781 5.154175447295755 5.350524988145116 5.798447378207723 5.915029918087033 5.872078456026235 5.780039608753096 5.4671075280244255 5.399612373357457 5.209398755659637 5.289165756629691 5.129631754689584 5.098952138931871 
-62.5 -62.5 -62.5 -61.5 -62.0 -61.5 -62.0 -61.5 -62.0 -62.5 -62.0 -63.0 -61.5 -62.0 -62.5 -62.5 -63.0 -62.0 -62.0 -61.5 -61.5 -61.0 -62.5 -60.0 -59.0 -56.0 -57.5 -58.5 -58.0 -58.5 -59.5 -59.5 -59.0 -58.5 -58.5 -59.5 -58.0 -56.5 -57.0 -60.5 -62.0 -61.5 -61.5 -62.0 -62.0 -61.5 -62.0 -61.5 
4.853515212870168 5.037592907416445 5.098952138931871 4.92714629068868 4.97623367590102 4.890330751779424 5.00077736850719 4.994641445355648 5.056000676871073 5.111223985234957 4.963961829597935 4.890330751779424 5.043728830567988 5.178719139901925 4.963961829597935 4.970097752749477 5.062136600022616 5.037592907416445 5.166447293598839 5.092816215780329 5.540738605842936 5.632777453116074 5.47937937432751 5.313709449235861 5.387340527054372 5.332117218690489 5.3198453723874035 5.540738605842936 5.798447378207723 5.872078456026235 5.589825991055276 5.418020142812084 5.393476450205914 5.540738605842936 5.516194913236766 6.062292073724054 5.697204646207271 5.50392306693368 5.577554144752192 5.792311455056181 5.629709491540303 5.822991070813893 5.5100589900852235 5.227806525114265 4.988505522204105 4.988505522204105 4.896466674930966 5.129631754689584 5.092816215780329 
-63.0 -62.5 -63.5 -63.5 -63.0 -63.5 -61.5 -63.0 -62.5 -62.5 -63.0 -62.5 -63.0 -62.5 -63.0 -63.0 -64.0 -64.0 -64.0 -64.0 -65.0 -63.0 -59.5 -60.0 -61.5 -61.5 -63.5 -63.0 -67.0 -62.5 -61.0 -62.5 -63.5 -62.5 -61.0 -62.0 -69.5 -62.5 -62.0 -63.0 -63.0 -60.5 -62.0 -64.0 -64.5 -63.5 -62.5 -62.0 -61.5 
