3.184544115650591 3.160000423044421 3.2213596545598464 3.1661363461959633 3.2459033471660166 3.1784081924990484 3.3502140407422405 3.2459033471660166 3.313398501832985 3.2581751934691017 3.54042765844006 3.1906800388021335 3.2827188860752723 3.2704470397721868 3.215223731408304 3.227495577711389 3.3440781175906977 0.619728238305799 3.9208548938356986 4.031301510563465 3.5772431973493153 3.3440781175906977 3.5281558121369745 4.006757817957295 3.6386024288647407 3.411573272257666 3.6754179677739964 3.5956509668039427 4.1417481272912315 0.5829126993965437 3.3624858870453256 3.472932503773092 3.736777199289422 3.3747577333484107 3.06182565261974 3.2581751934691017 3.0925052683774528 3.0066023442558567 3.0925052683774528 2.9820586516496865 
-63.5 -63.5 -63.5 -62.5 -63.5 -64.0 -64.0 -65.0 -64.0 -64.5 -64.5 -64.5 -64.5 -64.5 -64.0 -64.5 -64.5 -66.0 -65.0 -63.5 -64.5 -66.5 -68.0 -63.0 -63.5 -64.5 -65.0 -64.5 -65.5 -71.0 -64.5 -62.5 -64.0 -66.5 -66.0 -65.0 -63.0 -64.0 -63.5 -63.5 
2.380738182798515 2.5034566458293663 2.5464081078901644 2.552544031041707 2.435961491162398 2.411417798556228 2.380738182798515 2.399145952253143 2.313243028131547 2.435961491162398 2.3071071049800045 2.411417798556228 2.350058567040802 2.3746022596469727 2.350058567040802 2.478912953223196 2.399145952253143 2.350058567040802 2.1659808724945253 2.8777479580734626 2.773437264497239 2.6323110320117604 2.60776733940559 2.7857091108003242 2.9268353432858034 3.6324665057131984 3.5036121195308043 3.018874190558942 2.742757648739526 2.859340188618835 2.945243112740431 3.3379421944391554 3.172272269347506 2.061670178918302 2.043262409463674 2.1782527187976104 1.9389517158874505 2.0800779483729293 2.098485717827557 2.055534255766759 2.098485717827557 2.1230294104337273 2.2948352586769194 
-63.5 -63.0 -63.5 -63.0 -63.0 -63.5 -63.0 -64.0 -64.0 -64.0 -63.5 -64.0 -63.0 -64.0 -63.5 -63.5 -63.5 -64.0 -61.0 -61.5 -61.0 -61.5 -61.5 -63.5 -64.0 -62.5 -62.0 -62.0 -62.5 -62.0 -62.0 -62.0 -64.0 -64.0 -62.5 -63.0 -62.5 -63.5 -63.0 -63.0 -62.5 -62.5 -62.0 
0.8528933180644165 0.859029241215959 0.8897088569736719 0.8958447801252144 0.9081166264282996 0.9019807032767571 0.9265243958829272 0.9203884727313847 0.9510680884890975 0.9510680884890975 0.9387962421860124 0.9387962421860124 0.9694758579437253 1.0185632431560658 1.012427320004523 1.012427320004523 0.9817477042468103 1.0062913968529805 1.0921943209745766 1.1903690913992575 1.1719613219446299 0.9756117810952678 1.0615147052168636 1.2701360923693108 1.2455923997631406 0.9387962421860124 0.9694758579437253 1.0676506283684062 1.0369710126106935 1.0246991663076084 1.0737865515199487 1.0676506283684062 1.086058397823034 1.4419419406125027 1.214912784005428 0.9878836273983529 1.0737865515199487 1.141281706186917 0.9756117810952678 0.9081166264282996 0.8651651643675016 0.9019807032767571 0.9265243958829272 0.9694758579437253 0.9940195505498954 
-49.5 -49.5 -49.0 -49.0 -49.0 -49.0 -49.0 -49.0 -49.0 -49.0 -49.0 -48.5 -48.5 -48.5 -48.5 -48.5 -48.5 -48.5 -48.5 -50.0 -51.0 -51.0 -52.0 -53.0 -50.5 -51.5 -52.5 -52.5 -52.5 -53.0 -53.0 -52.5 -51.0 -52.5 -54.0 -51.5 -50.5 -50.0 -49.5 -50.0 -50.0 -49.5 -49.0 -49.0 -49.0 
0.9265243958829272 0.9326603190344698 0.9265243958829272 0.9940195505498954 0.9265243958829272 0.9081166264282996 0.9572040116406401 0.944932165337555 0.9510680884890975 0.9510680884890975 0.9265243958829272 0.9694758579437253 0.9694758579437253 0.9878836273983529 0.9694758579437253 0.9817477042468103 1.000155473701438 1.0369710126106935 1.043106935762236 1.239456476611598 1.282407938672396 1.4296700943094176 1.5830681730979816 1.6198837120072371 1.4173982480063325 1.2333205534600555 1.3314953238847365 1.4480778637640452 1.4173982480063325 1.4480778637640452 1.4542137869155878 1.3560390164909069 1.2578642460662257 1.4910293258248433 1.6444274046134073 1.5830681730979816 1.3499030933393643 1.214912784005428 1.1106020904292042 1.0246991663076084 0.9940195505498954 1.000155473701438 0.9878836273983529 0.9756117810952678 1.0369710126106935 
-51.5 -51.5 -52.0 -51.5 -51.5 -51.5 -51.5 -51.5 -51.5 -51.5 -51.5 -51.5 -51.0 -51.0 -51.0 -51.5 -51.5 -51.0 -51.0 -50.5 -51.0 -53.0 -52.0 -51.0 -50.0 -50.5 -51.0 -50.5 -50.5 -50.5 -51.0 -51.0 -50.0 -50.5 -51.5 -52.5 -52.5 -52.0 -51.0 -51.5 -51.5 -51.5 -51.5 -51.0 -51.0 
1.3560390164909069 1.3314953238847365 1.3744467859455345 1.3867186322486196 1.337631247036279 1.3621749396424494 1.3437671701878218 1.368310862793992 1.3621749396424494 1.3499030933393643 1.3008157081270237 1.325359400733194 1.41126232485479 1.3499030933393643 1.3560390164909069 1.3437671701878218 1.3437671701878218 1.4173982480063325 1.5953400194010667 2.000310947402876 2.067806102069844 2.073942025221387 2.030990563160589 1.7671458676442586 1.662835174068035 1.6812429435226628 1.7426021750380885 1.748738098189631 1.6751070203711202 1.718058482431918 1.7794177139473437 1.662835174068035 1.5707963267948966 1.6198837120072371 1.9205439464328227 2.086213871524472 2.098485717827557 2.061670178918302 1.7671458676442586 1.5155730184310134 1.5462526341887264 1.509437095279471 1.4971652489763858 1.4971652489763858 1.4787574795217582 
-56.0 -56.0 -56.0 -55.5 -55.5 -55.5 -56.0 -56.0 -55.5 -55.5 -55.5 -55.5 -55.5 -55.5 -55.5 -55.5 -55.5 -55.0 -55.5 -56.0 -55.5 -54.5 -51.5 -49.5 -50.5 -51.5 -51.0 -51.0 -51.5 -51.0 -51.5 -51.5 -51.0 -50.0 -49.5 -52.0 -54.0 -55.0 -56.5 -57.5 -58.0 -57.0 -57.0 -56.5 -56.0 
1.5892040962495242 1.6382914814618648 1.6382914814618648 1.5953400194010667 1.5707963267948966 1.6566992509164924 1.6137477888556946 1.6137477888556946 1.564660403643354 1.6137477888556946 1.5830681730979816 1.5585244804918115 1.607611865704152 1.5462526341887264 1.6321555583103222 1.576932249946439 1.6260196351587797 1.6198837120072371 1.6260196351587797 1.9757672547967058 2.110757564130642 2.2948352586769194 2.2089323345553233 1.945087639038993 1.9634954084936207 2.0800779483729293 2.018718716857504 1.932815792735908 1.9819031779482483 2.024854640009046 2.000310947402876 2.061670178918302 2.0064468705544187 1.9757672547967058 2.018718716857504 2.184388641949153 2.2334760271614935 2.018718716857504 1.6996507129772904 1.6444274046134073 1.6382914814618648 1.6198837120072371 1.5892040962495242 1.6505633277649499 1.5892040962495242 
-55.5 -55.0 -55.0 -54.5 -54.5 -55.0 -54.5 -54.5 -54.5 -55.0 -54.5 -54.5 -55.0 -54.5 -54.5 -54.5 -54.5 -55.0 -54.5 -54.5 -54.0 -52.5 -51.5 -52.0 -54.0 -54.5 -54.0 -54.0 -54.5 -54.5 -54.5 -54.0 -55.0 -53.0 -52.5 -52.0 -52.5 -54.0 -55.0 -55.5 -54.5 -55.0 -55.0 -55.0 -54.5 
5.436427912266712 5.387340527054372 5.442563835418255 5.368932757599744 5.356660911296659 5.221670601962723 5.375068680751287 5.393476450205914 5.356660911296659 5.307573526084319 5.344389064993574 5.258486140871978 5.252350217720435 5.418020142812084 5.2339424482658075 5.375068680751287 5.356660911296659 5.442563835418255 5.559146375297564 5.841398840268521 5.737088146692298 5.872078456026235 5.651185222570702 5.45483568172134 5.418020142812084 5.516194913236766 5.338253141842031 5.160311370447297 5.111223985234957 5.166447293598839 5.246214294568893 5.283029833478148 5.313709449235861 5.221670601962723 5.399612373357457 5.7616318392984684 5.8045833013592665 5.8045833013592665 5.786175531904639 5.473243451175968 5.589825991055276 5.43029198911517 5.338253141842031 5.258486140871978 5.485515297479052 
-61.5 -62.5 -62.0 -62.0 -62.0 -62.5 -62.0 -62.0 -61.5 -62.0 -61.5 -62.0 -62.5 -63.0 -62.5 -62.5 -62.0 -62.0 -61.0 -61.0 -62.0 -58.5 -57.0 -57.0 -58.0 -58.5 -57.5 -58.5 -59.5 -60.0 -58.5 -58.5 -58.0 -59.0 -57.5 -57.5 -61.0 -61.0 -61.5 -62.0 -62.0 -62.5 -62.0 -63.0 -62.0 
4.902602598082509 4.908738521234052 4.724660826687775 4.933282213840222 4.878058905476339 1.5953400194010667 4.871922982324796 4.921010367537137 4.620350133111551 4.76147636559703 4.97623367590102 4.626486056263094 4.71238898038469 4.76147636559703 4.804427827657828 4.816699673960914 4.8351074434155406 5.049864753719531 5.45483568172134 5.485515297479052 5.553010452146021 5.460971604872882 5.368932757599744 5.565282298449106 5.829126993965437 5.64504929941916 5.565282298449106 5.589825991055276 5.976389149602458 5.724816300389213 5.620505606812989 6.043884304269426 2.1659808724945253 5.129631754689584 5.608233760509904 5.681864838328415 5.45483568172134 5.154175447295755 4.890330751779424 4.706253057233147 4.706253057233147 4.847379289718626 4.558990901596125 4.657165672020807 
-67.5 -66.5 -67.5 -67.5 -66.0 -67.5 -67.0 -66.5 -66.5 -66.0 -66.5 -65.5 -64.5 -65.5 -66.0 -65.0 -64.5 -65.0 -62.0 -61.0 -61.5 -62.0 -61.5 -66.5 -63.5 -62.5 -63.0 -64.0 -65.0 -64.5 -63.0 -65.0 -63.5 -61.0 -63.5 -63.0 -63.5 -65.5 -67.5 -66.0 -66.5 -66.0 -67.0 -66.5 
