3.0495538063166547 2.9022916506796332 3.0250101137104846 3.0495538063166547 3.043417883165112 3.067961575771282 3.000466421104314 2.8777479580734626 3.067961575771282 3.043417883165112 2.9268353432858034 3.043417883165112 2.82252464970958 2.9084275738311756 2.8409324191642074 2.9206994201342606 2.8654761117703775 3.9515345095934116 3.448388811166921 3.448388811166921 3.411573272257666 3.6017868899554855 3.5833791205008576 3.3870295796514958 3.2643111166206444 3.3440781175906977 0.3620194659410113 3.2888548092268146 3.792000507653305 4.2031073588066565 0.2086213871524472 3.031146036862027 3.2336315008629315 0.4540583132141498 3.3318062712876126 3.074097498922825 3.0066023442558567 2.816388726558037 2.945243112740431 2.84706834231575 2.84706834231575 2.8409324191642074 2.8409324191642074 
-62.5 -62.5 -62.0 -62.0 -62.5 -62.0 -62.5 -62.0 -62.5 -62.5 -61.5 -62.5 -62.5 -62.5 -62.5 -63.0 -63.5 -62.5 -62.0 -62.5 -64.0 -65.0 -64.0 -63.5 -63.5 -64.0 -65.5 -64.0 -63.0 -67.0 -69.0 -67.0 -64.5 -64.5 -64.0 -62.5 -63.5 -63.0 -63.0 -64.0 -63.5 -64.0 -63.5 
2.497320722677824 2.4911847995262812 2.350058567040802 2.4850488763747385 2.4727770300716534 2.2886993355253766 2.4911847995262812 2.386874105950058 2.3193789512830896 2.184388641949153 2.325514874434632 2.337786720737717 2.067806102069844 2.086213871524472 2.1966604882522383 2.1598449493429825 2.098485717827557 2.2641556429192065 2.2089323345553233 2.6016314162540475 2.5402721847386216 2.313243028131547 3.1354567304382504 3.6324665057131984 3.2336315008629315 2.9513790358919736 2.7120780329818137 2.675262494072558 5.8659425328746915 2.804116880254952 3.0802334220743677 3.2459033471660166 3.429981041712294 2.859340188618835 2.282563412373834 2.4850488763747385 2.2580197197676637 2.098485717827557 2.2150682577068657 2.1230294104337273 2.018718716857504 2.0064468705544187 2.098485717827557 2.1537090261914402 2.098485717827557 2.110757564130642 2.012582793705961 
-63.5 -63.5 -64.5 -64.5 -63.5 -64.5 -63.0 -63.5 -63.0 -62.0 -63.0 -63.5 -63.5 -64.0 -63.5 -63.5 -63.0 -62.0 -62.5 -62.5 -64.5 -65.0 -64.5 -63.0 -61.0 -60.5 -60.5 -62.0 -63.0 -62.5 -61.5 -61.0 -64.0 -65.5 -65.0 -65.0 -62.5 -61.0 -61.0 -61.0 -61.0 -61.0 -61.5 -60.0 -62.0 -61.5 -61.5 
0.9081166264282996 0.8958447801252144 0.8774370106705868 0.8835729338221293 0.8713010875190442 0.8774370106705868 0.8835729338221293 0.8713010875190442 0.859029241215959 0.859029241215959 0.8467573949128739 0.8713010875190442 0.8283496254582462 0.8344855486097889 0.8528933180644165 0.8528933180644165 0.859029241215959 0.9572040116406401 1.1044661672776617 1.030835089459151 0.9510680884890975 1.0983302441261191 1.2210487071569704 1.0799224746714913 0.944932165337555 0.9081166264282996 0.9203884727313847 0.9326603190344698 0.9756117810952678 0.9326603190344698 0.9142525495798421 0.9633399347921826 1.000155473701438 1.2517283229146832 1.1965050145508 1.012427320004523 0.9081166264282996 1.030835089459151 1.0369710126106935 0.9572040116406401 0.9019807032767571 0.8713010875190442 0.9081166264282996 0.8774370106705868 0.8651651643675016 0.8651651643675016 0.8406214717613314 
-49.0 -49.5 -49.0 -49.0 -49.0 -49.5 -49.0 -49.5 -49.0 -49.5 -49.5 -49.5 -50.0 -49.5 -49.5 -49.5 -49.5 -49.5 -51.0 -51.5 -52.5 -52.5 -52.5 -51.0 -52.0 -52.0 -52.5 -52.5 -52.5 -52.5 -52.5 -52.0 -51.0 -50.5 -54.0 -53.0 -51.5 -51.0 -50.0 -49.5 -49.5 -49.5 -49.5 -49.5 -50.0 -50.0 -49.5 
1.0185632431560658 1.0737865515199487 0.9878836273983529 1.086058397823034 1.0185632431560658 1.0615147052168636 1.055378782065321 1.0062913968529805 0.9756117810952678 0.9265243958829272 0.8713010875190442 0.9633399347921826 0.9510680884890975 0.9142525495798421 0.9387962421860124 0.9633399347921826 0.9756117810952678 1.0246991663076084 1.184233168247715 1.2455923997631406 1.4419419406125027 1.533980787885641 1.4480778637640452 1.239456476611598 1.1780972450961724 1.3314953238847365 1.3560390164909069 1.2762720155208536 1.3008157081270237 1.2946797849754812 1.368310862793992 1.3499030933393643 1.239456476611598 1.325359400733194 1.4787574795217582 1.4603497100671303 1.337631247036279 1.2578642460662257 1.1780972450961724 1.1351457830353744 1.0615147052168636 1.0492428589137786 1.043106935762236 0.9756117810952678 0.9387962421860124 0.9265243958829272 0.9878836273983529 
-51.5 -51.5 -52.0 -51.5 -51.5 -51.5 -51.5 -51.0 -51.5 -51.0 -51.5 -51.5 -52.0 -51.5 -51.5 -51.5 -51.5 -51.5 -51.0 -52.0 -52.5 -52.5 -50.0 -49.5 -50.0 -51.0 -50.0 -50.0 -50.0 -50.5 -50.5 -50.5 -49.5 -49.5 -50.5 -52.0 -51.5 -51.0 -50.5 -50.0 -50.0 -50.0 -50.0 -50.5 -50.5 -50.5 -50.5 
1.3989904785517047 1.3989904785517047 1.3989904785517047 1.4480778637640452 1.4296700943094176 1.423534171157875 1.3867186322486196 1.3928545554001621 1.3867186322486196 1.2946797849754812 1.3621749396424494 1.41126232485479 1.3130875544301088 1.368310862793992 1.368310862793992 1.325359400733194 1.4542137869155878 1.6198837120072371 1.9389517158874505 2.030990563160589 1.9512235621905356 1.8162332528565992 1.6260196351587797 1.4664856332186729 1.4173982480063325 1.509437095279471 1.4787574795217582 1.5155730184310134 1.4726215563702154 1.5462526341887264 1.5585244804918115 1.521708941582556 1.4051264017032472 1.4296700943094176 1.6198837120072371 1.7732817907958012 1.8714565612204823 1.8837284075235674 1.7241944055834606 1.5462526341887264 1.3928545554001621 1.3437671701878218 1.3437671701878218 1.3744467859455345 1.3314953238847365 1.3008157081270237 1.3989904785517047 
-56.5 -56.0 -56.5 -56.0 -56.0 -56.0 -56.5 -56.0 -56.0 -56.0 -56.0 -56.0 -56.5 -56.0 -56.0 -56.0 -56.0 -56.0 -54.0 -53.5 -51.0 -49.5 -50.0 -50.5 -51.5 -51.5 -51.5 -52.0 -52.5 -52.5 -51.5 -52.0 -51.5 -50.5 -50.0 -50.5 -54.0 -54.0 -55.0 -56.0 -54.5 -54.0 -54.0 -54.0 -54.5 -54.5 -54.5 
1.564660403643354 1.5892040962495242 1.576932249946439 1.6689710972195777 1.6935147898257479 1.5892040962495242 1.6137477888556946 1.6260196351587797 1.6444274046134073 1.6321555583103222 1.5953400194010667 1.6014759425526093 1.521708941582556 1.576932249946439 1.5401167110371838 1.5585244804918115 1.533980787885641 1.509437095279471 1.9266798695843652 2.12916533358527 2.098485717827557 2.024854640009046 1.7671458676442586 1.88986433067511 1.9757672547967058 1.8775924843720249 1.932815792735908 1.9941750242513334 1.9573594853420782 1.9696313316451632 1.9082721001297376 1.6935147898257479 1.9389517158874505 1.761009944492716 1.8714565612204823 1.9144080232812801 2.0800779483729293 2.098485717827557 1.9634954084936207 1.748738098189631 1.6935147898257479 1.7119225592803755 1.736466251886546 1.705786636128833 1.662835174068035 1.705786636128833 1.6689710972195777 
-56.0 -56.0 -56.0 -56.0 -55.5 -55.5 -55.5 -55.5 -55.5 -55.5 -55.5 -56.0 -56.0 -55.5 -55.5 -56.0 -56.5 -56.0 -54.5 -53.5 -52.0 -51.5 -53.5 -55.0 -54.5 -55.0 -55.5 -54.5 -54.5 -55.0 -55.0 -54.5 -56.0 -54.0 -53.5 -52.5 -51.5 -51.5 -53.5 -54.0 -53.5 -52.5 -53.0 -53.5 -54.0 -53.5 -53.5 
5.289165756629691 5.283029833478148 5.325981295538946 5.203262832508095 5.47937937432751 5.424156065963627 5.411884219660542 5.270757987175063 5.393476450205914 5.258486140871978 5.307573526084319 5.264622064023521 5.522330836388308 5.190990986205009 5.393476450205914 5.43029198911517 5.393476450205914 5.7616318392984684 5.6941366846315 5.681864838328415 5.798447378207723 5.375068680751287 5.240078371417351 5.221670601962723 5.289165756629691 5.062136600022616 4.994641445355648 5.21553467881118 5.301437602932776 5.160311370447297 5.037592907416445 5.031456984264903 5.160311370447297 5.258486140871978 5.056000676871073 5.436427912266712 5.822991070813893 5.780039608753096 5.583690067903734 5.546874528994478 5.154175447295755 5.190990986205009 5.246214294568893 5.2768939103266055 5.227806525114265 5.252350217720435 5.2339424482658075 
-62.0 -62.5 -62.0 -62.5 -62.0 -62.5 -62.0 -62.5 -62.0 -62.5 -62.5 -62.0 -63.5 -63.0 -62.0 -62.5 -62.0 -62.0 -61.5 -62.0 -58.0 -57.0 -59.0 -58.5 -59.5 -59.0 -60.5 -61.0 -60.5 -60.5 -59.5 -59.0 -59.0 -58.0 -57.0 -56.5 -58.5 -61.0 -60.5 -61.5 -61.5 -60.5 -61.5 -60.5 -61.0 -61.0 -61.5 
4.147884050442774 4.589670517353839 4.411728745959104 4.577398671050753 4.405592822807561 4.454680208019902 4.552854978444583 4.516039439535327 4.632621979414636 4.657165672020807 4.632621979414636 4.743068596142402 4.516039439535327 1.5892040962495242 4.767612288748572 4.896466674930966 5.1725832167503825 5.737088146692298 5.829126993965437 5.375068680751287 5.45483568172134 5.902758071783947 5.798447378207723 5.675728915176872 5.957981380147831 5.822991070813893 5.773903685601553 5.816855147662351 5.688000761479957 5.620505606812989 5.957981380147831 2.12916533358527 5.47937937432751 5.6143696836614465 5.64504929941916 5.565282298449106 5.516194913236766 5.4671075280244255 5.117359908386499 5.006913291658733 5.141903600992669 5.043728830567988 5.264622064023521 5.21553467881118 5.105088062083414 
-68.5 -70.0 -69.0 -70.0 -67.5 -68.0 -67.5 -68.5 -68.0 -68.5 -68.0 -68.5 -68.0 -68.5 -68.5 -67.0 -68.0 -62.0 -61.0 -62.0 -64.5 -66.0 -63.5 -64.5 -64.5 -64.0 -64.5 -65.0 -65.5 -63.5 -65.0 -65.0 -62.5 -64.0 -62.5 -60.0 -61.0 -63.0 -63.5 -63.0 -63.0 -63.5 -65.0 -64.0 -64.5 
