3.1354567304382504 3.06182565261974 3.104777114680538 3.055689729468197 3.129320807286708 3.1354567304382504 3.0925052683774528 3.0066023442558567 3.067961575771282 3.2336315008629315 3.000466421104314 3.031146036862027 2.9759227284981438 3.018874190558942 3.141592653589793 3.0802334220743677 3.160000423044421 3.0127382674073995 3.0372819600135696 3.497476196379262 3.6754179677739964 3.2704470397721868 3.522019888985432 3.6201946594101133 3.8288160465625602 3.724505352986337 3.3747577333484107 3.1354567304382504 3.1968159619536762 3.3318062712876126 3.2090878082567613 3.2397674240144743 3.724505352986337 3.730641276137879 3.2827188860752723 3.2704470397721868 3.2090878082567613 3.1784081924990484 3.104777114680538 6.188078498330676 2.5832236467994196 5.893554187056633 2.5464081078901644 2.448233337465483 2.5954954931025047 2.5709518004963345 2.454369260617026 
-62.5 -61.5 -62.5 -62.0 -62.0 -62.5 -62.5 -62.0 -62.0 -62.5 -61.5 -62.0 -62.5 -62.5 -62.5 -62.5 -62.0 -62.0 -63.0 -62.5 -62.5 -65.5 -66.5 -65.5 -65.0 -61.0 -61.5 -61.5 -63.0 -63.5 -63.5 -62.0 -62.5 -65.5 -64.5 -64.5 -63.5 -61.5 -63.0 -66.0 -66.5 -68.0 -67.0 -67.0 -65.5 -66.5 -66.0 
2.350058567040802 2.2396119503130363 2.2027964114037806 2.270291566070749 2.1966604882522383 2.1537090261914402 2.2457478734645786 2.2580197197676637 2.2580197197676637 2.2212041808584084 2.2212041808584084 2.1659808724945253 2.2334760271614935 2.313243028131547 2.2396119503130363 2.1782527187976104 2.1905245651006955 2.1598449493429825 2.1659808724945253 2.4605051837685683 2.521864415283994 2.497320722677824 2.2212041808584084 3.129320807286708 3.2888548092268146 3.2581751934691017 2.9513790358919736 2.718213956133356 2.736621725587984 2.8102528034064944 2.84706834231575 2.9145634969827183 3.215223731408304 3.5711072741977725 3.2581751934691017 3.1354567304382504 2.804116880254952 2.5832236467994196 2.466641106920111 5.6941366846315 2.478912953223196 2.497320722677824 2.4727770300716534 2.478912953223196 2.4175537217077703 2.497320722677824 
-62.0 -61.5 -61.5 -61.0 -61.0 -61.5 -61.5 -61.5 -61.5 -61.0 -61.5 -61.5 -61.5 -61.0 -61.0 -61.5 -61.5 -62.0 -62.0 -61.0 -60.5 -63.0 -64.5 -63.5 -62.0 -61.0 -60.5 -61.5 -61.5 -62.5 -61.5 -61.0 -60.0 -62.0 -63.5 -65.5 -65.0 -63.5 -62.0 -64.0 -64.5 -63.5 -63.5 -63.5 -63.0 -63.0 
1.0676506283684062 1.0492428589137786 1.043106935762236 1.043106935762236 1.0492428589137786 0.9940195505498954 1.0062913968529805 0.9817477042468103 0.9756117810952678 0.9326603190344698 0.9817477042468103 0.9633399347921826 0.9694758579437253 0.9387962421860124 0.9633399347921826 1.000155473701438 0.9756117810952678 0.944932165337555 0.9387962421860124 1.055378782065321 1.0062913968529805 0.9142525495798421 1.2210487071569704 1.2701360923693108 1.012427320004523 0.8467573949128739 0.8958447801252144 0.9203884727313847 0.9019807032767571 0.8897088569736719 0.8713010875190442 0.8528933180644165 0.8713010875190442 0.9633399347921826 1.1167380135807468 1.1719613219446299 0.8835729338221293 0.8774370106705868 0.944932165337555 0.6872233929727672 0.5522330836388308 0.4356505437595221 0.4356505437595221 0.4049709280018093 0.380427235395639 0.3865631585471816 0.3129320807286708 
-48.5 -48.5 -48.5 -48.5 -48.5 -49.0 -49.0 -48.5 -49.0 -48.5 -48.5 -48.5 -49.0 -49.0 -48.5 -48.5 -48.5 -49.0 -49.0 -50.0 -51.5 -53.0 -53.5 -51.0 -50.0 -52.0 -53.0 -52.5 -52.5 -52.5 -52.5 -52.5 -52.0 -51.0 -50.5 -53.5 -54.0 -52.5 -51.5 -52.5 -52.0 -53.5 -53.5 -53.5 -53.5 -53.5 -53.5 
1.1780972450961724 1.1351457830353744 1.1719613219446299 1.1474176293384597 1.0983302441261191 1.086058397823034 1.1474176293384597 1.055378782065321 1.0921943209745766 1.0921943209745766 1.055378782065321 1.043106935762236 1.0492428589137786 1.0492428589137786 1.055378782065321 1.043106935762236 1.0615147052168636 1.0983302441261191 1.0185632431560658 1.1044661672776617 1.2701360923693108 1.4664856332186729 1.5155730184310134 1.3130875544301088 1.214912784005428 1.1596894756415448 1.3008157081270237 1.2640001692177683 1.1903690913992575 1.2455923997631406 1.282407938672396 1.239456476611598 1.2026409377023426 1.0983302441261191 1.1780972450961724 1.368310862793992 1.4051264017032472 1.3314953238847365 1.184233168247715 1.086058397823034 0.9940195505498954 1.000155473701438 1.0492428589137786 1.055378782065321 1.0185632431560658 1.012427320004523 1.0492428589137786 
-50.0 -49.5 -49.5 -49.5 -49.5 -49.5 -49.5 -49.5 -49.5 -50.0 -50.0 -50.0 -50.0 -50.0 -50.0 -50.0 -50.0 -50.0 -50.5 -50.5 -51.5 -52.0 -50.5 -49.5 -49.0 -50.5 -50.5 -50.0 -50.0 -50.0 -50.0 -50.5 -50.5 -50.0 -49.0 -50.0 -50.0 -51.0 -51.0 -52.5 -53.5 -54.0 -53.5 -53.5 -54.0 -54.0 -54.0 
1.5033011721279284 1.4971652489763858 1.4910293258248433 1.4542137869155878 1.4664856332186729 1.4480778637640452 1.423534171157875 1.4358060174609601 1.4051264017032472 1.3744467859455345 1.4296700943094176 1.4358060174609601 1.4664856332186729 1.4358060174609601 1.423534171157875 1.4296700943094176 1.3928545554001621 1.3437671701878218 1.607611865704152 1.8223691760081417 2.098485717827557 1.88986433067511 1.705786636128833 1.4726215563702154 1.4296700943094176 1.4787574795217582 1.5155730184310134 1.4664856332186729 1.4848934026733007 1.4051264017032472 1.3989904785517047 1.4664856332186729 1.3867186322486196 1.282407938672396 1.3314953238847365 1.4542137869155878 1.6566992509164924 1.761009944492716 1.7855536370988863 4.942486098567536 1.6321555583103222 1.5984079809768381 1.5892040962495242 1.5401167110371838 1.5278448647340985 1.4910293258248433 1.509437095279471 
-54.5 -55.0 -55.0 -55.0 -55.0 -55.0 -55.0 -55.5 -55.0 -55.0 -55.0 -54.5 -55.0 -55.0 -55.5 -55.0 -55.5 -55.0 -56.0 -55.5 -54.5 -51.5 -49.5 -50.5 -51.0 -51.0 -51.5 -51.0 -52.0 -52.0 -51.5 -51.5 -52.0 -50.5 -51.0 -49.5 -50.0 -51.0 -51.5 -53.0 -54.0 -55.5 -55.5 -56.0 -56.0 -56.5 -56.0 
1.7916895602504288 1.7855536370988863 1.7978254834019713 1.7671458676442586 1.7794177139473437 1.7548740213411735 1.7855536370988863 1.7732817907958012 1.761009944492716 1.748738098189631 1.718058482431918 1.7426021750380885 1.7241944055834606 1.7303303287350031 1.761009944492716 1.7241944055834606 1.736466251886546 1.718058482431918 1.6935147898257479 1.8530487917658545 2.098485717827557 2.0371264863121317 1.8653206380689396 1.8285050991596843 1.8530487917658545 1.9696313316451632 1.7794177139473437 1.8960002538266525 1.8837284075235674 1.9389517158874505 1.8407769454627694 1.8162332528565992 1.8530487917658545 1.8346410223112268 1.7671458676442586 1.761009944492716 1.761009944492716 1.8407769454627694 1.8039614065535141 1.7947575218262002 1.6996507129772904 1.8131652912808278 1.8346410223112268 1.859184714917397 1.7548740213411735 1.859184714917397 1.8714565612204823 
-52.5 -52.5 -52.5 -52.5 -52.5 -52.5 -52.5 -53.0 -52.5 -52.5 -52.5 -52.5 -53.0 -52.5 -52.5 -52.5 -53.0 -53.0 -54.0 -54.0 -52.5 -51.5 -52.0 -53.5 -54.5 -54.5 -54.5 -55.0 -55.0 -55.0 -55.0 -55.5 -54.5 -56.0 -55.0 -54.5 -53.5 -52.0 -52.5 -56.5 -58.0 -59.0 -58.5 -59.5 -59.5 -60.0 -60.0 
5.301437602932776 5.3198453723874035 5.350524988145116 5.240078371417351 5.258486140871978 5.246214294568893 5.123495831538041 5.252350217720435 5.350524988145116 5.295301679781233 5.344389064993574 5.283029833478148 5.2768939103266055 5.203262832508095 5.190990986205009 5.264622064023521 5.209398755659637 5.184855063053467 5.577554144752192 5.730952223540755 5.706408530934585 5.810719224510809 5.436427912266712 5.246214294568893 5.338253141842031 5.258486140871978 4.945554060143307 4.859651136021712 4.97623367590102 5.117359908386499 4.816699673960914 4.718524903536232 4.9823695990525625 5.062136600022616 5.283029833478148 4.945554060143307 5.252350217720435 5.638913376267617 5.546874528994478 5.5622143368733346 5.595961914206819 5.5192628748125365 5.681864838328415 5.632777453116074 5.651185222570702 5.651185222570702 5.45483568172134 
-61.5 -62.0 -62.0 -62.0 -62.5 -61.5 -62.5 -61.5 -62.0 -61.5 -62.0 -61.0 -62.0 -61.5 -61.5 -61.5 -61.5 -62.0 -62.5 -60.5 -61.5 -58.0 -56.5 -58.0 -57.5 -58.0 -58.5 -60.0 -60.5 -60.5 -60.0 -59.5 -59.0 -58.5 -58.5 -59.0 -57.0 -57.5 -59.0 -60.0 -60.0 -60.5 -59.5 -59.5 -60.0 -60.0 -59.5 
4.921010367537137 4.896466674930966 5.0253210611133605 4.957825906446392 4.970097752749477 5.006913291658733 4.994641445355648 4.95168998329485 4.9394181369917645 4.957825906446392 4.871922982324796 4.933282213840222 4.945554060143307 4.9394181369917645 4.994641445355648 5.031456984264903 4.884194828627882 5.013049214810275 5.123495831538041 5.3627968344482015 5.368932757599744 5.632777453116074 5.123495831538041 5.436427912266712 5.688000761479957 5.681864838328415 5.43029198911517 5.589825991055276 5.743224069843841 5.66959299202533 5.6941366846315 5.577554144752192 5.436427912266712 5.921165841238575 5.712544454086128 5.141903600992669 5.2768939103266055 5.338253141842031 5.295301679781233 2.313243028131547 5.829126993965437 6.145127036269878 6.105243535784852 6.062292073724054 0.19634954084936207 0.09817477042468103 0.28225246497095796 
-61.5 -62.0 -62.0 -61.5 -61.5 -62.0 -61.0 -62.0 -62.5 -62.5 -62.0 -62.0 -62.0 -62.0 -62.5 -62.5 -62.5 -62.5 -63.5 -62.0 -60.5 -61.0 -61.0 -66.0 -68.0 -62.5 -63.0 -63.5 -65.0 -64.0 -64.5 -63.5 -63.0 -65.5 -68.0 -62.0 -62.0 -61.0 -62.0 -65.0 -68.0 -72.5 -71.5 -70.5 -69.0 -71.5 -68.5 
