2.5954954931025047 2.705942109830271 5.835262917116979 2.693670263527186 2.5954954931025047 2.834796496012665 2.6384469551633027 2.662990647769473 2.6568547246179306 2.6384469551633027 2.6445828783148455 2.6568547246179306 2.7857091108003242 2.693670263527186 2.761165418194154 2.718213956133356 2.6875343403756435 2.7550294950426117 2.8961557275280905 0.4325825821837508 3.399301425954581 3.4054373491061236 3.6324665057131984 3.6386024288647407 3.54042765844006 3.3379421944391554 3.3379421944391554 3.1784081924990484 3.2520392703175593 3.1906800388021335 3.129320807286708 3.4913402732277192 3.767456815047135 3.466796580621549 3.0372819600135696 3.129320807286708 2.9513790358919736 3.227495577711389 3.2827188860752723 2.6568547246179306 2.6813984172241008 2.705942109830271 2.890019804376548 2.761165418194154 2.7979809571034093 
-63.0 -63.5 -64.0 -63.5 -62.5 -64.0 -63.0 -63.0 -63.0 -63.0 -62.5 -62.5 -62.5 -63.5 -63.0 -63.0 -63.5 -63.5 -63.5 -64.0 -62.0 -66.0 -63.5 -65.0 -62.5 -62.0 -62.0 -61.5 -63.5 -62.5 -62.0 -62.0 -64.0 -65.0 -66.0 -65.0 -63.5 -62.5 -64.0 -68.0 -66.5 -65.5 -64.5 -65.0 -64.0 
2.380738182798515 2.411417798556228 2.448233337465483 2.411417798556228 2.386874105950058 2.3439226438892597 2.435961491162398 2.2334760271614935 2.2764274892222915 2.282563412373834 2.184388641949153 2.2580197197676637 2.1966604882522383 2.2089323345553233 2.2518837966161214 2.141437179888355 2.1598449493429825 2.086213871524472 2.098485717827557 2.2948352586769194 5.801515339783495 2.6139032625571326 2.988194574801229 3.2643111166206444 3.3870295796514958 3.147728576741336 2.9391071895888885 2.8102528034064944 2.773437264497239 2.705942109830271 2.8716120349219203 2.8838838812250054 2.945243112740431 3.3072625786814425 3.485204350076177 3.399301425954581 2.9268353432858034 2.405281875404685 2.380738182798515 2.2764274892222915 2.1353012567368124 2.1046216409791 2.12916533358527 1.9266798695843652 1.9819031779482483 2.227340104009951 2.1782527187976104 2.3009711818284617 
-64.0 -64.0 -64.0 -63.5 -63.5 -63.5 -63.5 -63.5 -63.0 -63.5 -64.5 -63.5 -63.5 -63.5 -63.0 -63.0 -63.5 -63.0 -62.5 -61.5 -62.5 -62.0 -65.0 -63.5 -61.0 -60.5 -60.0 -60.5 -60.5 -60.5 -60.5 -61.0 -60.5 -60.5 -64.0 -64.0 -66.0 -66.0 -64.0 -62.5 -62.0 -63.5 -64.0 -64.5 -64.0 -64.5 -64.0 -64.0 
0.4970097752749477 0.5154175447295755 0.5092816215780329 0.5522330836388308 0.5522330836388308 0.5522330836388308 0.5522330836388308 0.5706408530934585 0.6135923151542565 0.6135923151542565 0.6135923151542565 0.6320000846088841 0.7117670855789375 0.6933593161243098 0.7424467013366504 0.7301748550335652 0.7669903939428205 0.7669903939428205 0.8160777791551611 0.9203884727313847 1.1044661672776617 1.0676506283684062 1.2455923997631406 1.4542137869155878 1.184233168247715 1.0492428589137786 1.043106935762236 1.0492428589137786 0.9817477042468103 0.9203884727313847 0.9878836273983529 0.9633399347921826 0.9326603190344698 0.9633399347921826 1.2640001692177683 1.3314953238847365 0.9756117810952678 0.8835729338221293 0.9940195505498954 0.9817477042468103 0.7731263170943632 0.6258641614573416 0.5767767762450011 0.607456392002714 0.6013204688511713 0.5951845456996288 0.607456392002714 0.6135923151542565 
-52.5 -52.5 -52.0 -52.0 -52.5 -52.5 -52.0 -52.0 -51.5 -51.5 -51.0 -51.0 -51.5 -51.0 -51.0 -51.0 -51.0 -50.5 -50.5 -51.0 -53.0 -53.5 -54.5 -53.0 -51.0 -52.5 -53.5 -53.0 -53.0 -53.0 -52.5 -53.0 -53.0 -51.5 -50.5 -53.0 -54.0 -53.5 -51.0 -51.0 -51.5 -51.5 -51.5 -51.0 -51.0 -50.5 -50.5 -51.0 
0.9694758579437253 1.012427320004523 1.0185632431560658 1.012427320004523 0.9940195505498954 1.0062913968529805 0.9878836273983529 1.000155473701438 0.9142525495798421 0.9387962421860124 0.9387962421860124 0.9265243958829272 0.9510680884890975 0.9510680884890975 0.9326603190344698 0.9633399347921826 0.9633399347921826 1.012427320004523 0.9694758579437253 1.0799224746714913 1.2670681307935396 1.41126232485479 1.6382914814618648 1.5401167110371838 1.2946797849754812 1.3192234775816514 1.3867186322486196 1.3560390164909069 1.3069516312785663 1.2762720155208536 1.2946797849754812 1.2762720155208536 1.2455923997631406 1.2026409377023426 1.227184630308513 1.3560390164909069 1.4296700943094176 1.423534171157875 1.3069516312785663 1.1903690913992575 0.9633399347921826 0.9510680884890975 0.9510680884890975 0.8958447801252144 0.8406214717613314 0.8406214717613314 0.8406214717613314 0.9142525495798421 
-52.5 -53.0 -52.5 -53.0 -52.5 -53.0 -52.5 -52.0 -52.5 -52.5 -52.0 -52.0 -52.0 -52.0 -52.0 -52.0 -52.0 -51.5 -52.0 -51.5 -52.0 -52.0 -50.0 -49.5 -49.5 -50.0 -51.0 -50.5 -50.0 -50.5 -50.5 -50.5 -50.0 -50.0 -49.5 -49.5 -50.5 -51.0 -51.0 -51.0 -51.5 -52.5 -53.0 -53.0 -53.0 -53.0 -52.5 -52.5 
1.4296700943094176 1.4358060174609601 1.4358060174609601 1.4910293258248433 1.4542137869155878 1.4603497100671303 1.4358060174609601 1.4542137869155878 1.4173982480063325 1.3989904785517047 1.3928545554001621 1.3867186322486196 1.41126232485479 1.4051264017032472 1.3867186322486196 1.3130875544301088 1.325359400733194 1.4173982480063325 1.5953400194010667 1.8162332528565992 2.150641064615669 2.12916533358527 1.9696313316451632 1.6566992509164924 1.6505633277649499 1.6137477888556946 1.662835174068035 1.6505633277649499 1.5462526341887264 1.5462526341887264 1.5830681730979816 1.533980787885641 1.521708941582556 1.3867186322486196 1.423534171157875 1.509437095279471 1.748738098189631 1.8285050991596843 1.8346410223112268 1.8775924843720249 1.6935147898257479 1.509437095279471 1.3560390164909069 1.337631247036279 1.2517283229146832 1.2087768608538851 1.2333205534600555 1.2762720155208536 
-57.0 -57.5 -57.5 -57.0 -57.5 -57.5 -57.5 -58.0 -57.5 -57.5 -57.0 -57.5 -57.0 -57.5 -57.0 -57.5 -57.5 -57.5 -57.0 -56.0 -55.5 -53.5 -50.0 -50.0 -52.0 -52.0 -53.0 -52.0 -52.5 -52.5 -52.5 -52.5 -53.0 -52.0 -51.0 -50.5 -50.0 -51.5 -52.0 -52.5 -54.5 -55.5 -56.5 -56.5 -56.0 -56.0 -56.5 -57.0 
1.718058482431918 1.705786636128833 1.6751070203711202 1.705786636128833 1.736466251886546 1.6505633277649499 1.5892040962495242 1.6260196351587797 1.662835174068035 1.6198837120072371 1.5401167110371838 1.5585244804918115 1.5707963267948966 1.521708941582556 1.533980787885641 1.552388557340269 1.564660403643354 1.509437095279471 1.5953400194010667 1.748738098189631 2.018718716857504 2.1475731030398975 2.055534255766759 1.88986433067511 1.9634954084936207 2.067806102069844 1.9880391010997909 1.9573594853420782 1.88986433067511 1.945087639038993 1.9696313316451632 1.8960002538266525 1.9205439464328227 2.055534255766759 1.8100973297050567 1.8285050991596843 1.8775924843720249 1.8714565612204823 1.9144080232812801 1.8714565612204823 1.6505633277649499 1.5830681730979816 1.5953400194010667 1.521708941582556 1.4910293258248433 1.4480778637640452 1.5462526341887264 1.576932249946439 
-59.5 -59.5 -60.0 -59.0 -59.0 -59.0 -59.0 -59.0 -58.5 -58.0 -58.0 -58.5 -57.5 -58.0 -57.0 -57.5 -57.0 -57.0 -57.5 -57.0 -56.0 -54.0 -52.0 -54.5 -55.0 -54.5 -54.0 -55.0 -55.0 -54.5 -54.5 -55.5 -54.5 -55.0 -55.0 -53.5 -52.5 -52.0 -51.5 -52.5 -56.0 -57.5 -57.5 -57.0 -58.0 -58.0 -58.0 -57.5 
5.7616318392984684 5.749359992995383 5.7616318392984684 5.767767762450011 5.730952223540755 5.798447378207723 5.743224069843841 5.737088146692298 5.724816300389213 5.743224069843841 5.6941366846315 5.688000761479957 5.632777453116074 5.688000761479957 5.626641529964532 5.540738605842936 5.608233760509904 5.620505606812989 5.71868037723767 5.663457068873787 5.822991070813893 5.8475347634200645 5.620505606812989 5.442563835418255 5.6143696836614465 5.700272607783043 5.368932757599744 5.3198453723874035 5.270757987175063 5.313709449235861 5.0253210611133605 4.9394181369917645 5.019185137961818 5.221670601962723 5.368932757599744 5.074408446325701 5.295301679781233 5.546874528994478 5.6143696836614465 5.5284667595398505 5.473243451175968 5.491651220630596 5.436427912266712 5.43029198911517 5.418020142812084 5.491651220630596 5.485515297479052 5.5100589900852235 
-59.0 -59.5 -59.5 -59.5 -59.5 -59.5 -59.5 -59.5 -59.5 -60.0 -60.0 -60.5 -60.0 -61.0 -60.5 -61.0 -61.5 -61.5 -60.5 -61.0 -61.5 -59.0 -56.5 -58.0 -58.5 -58.0 -59.0 -59.5 -60.0 -60.5 -60.5 -59.5 -59.0 -59.0 -58.5 -59.5 -58.0 -58.0 -60.5 -61.0 -61.0 -61.0 -62.0 -61.5 -62.0 -62.5 -62.5 -63.0 
5.6941366846315 5.602097837358362 5.368932757599744 5.283029833478148 5.724816300389213 5.5284667595398505 5.2339424482658075 5.436427912266712 1.9205439464328227 4.841243366567084 5.019185137961818 4.933282213840222 4.7307967498393175 4.95168998329485 4.724660826687775 4.828971520263998 5.043728830567988 5.166447293598839 5.638913376267617 5.264622064023521 5.227806525114265 5.902758071783947 5.71868037723767 5.884350302329319 5.6941366846315 5.681864838328415 5.700272607783043 5.810719224510809 5.767767762450011 5.45483568172134 5.64504929941916 5.976389149602458 2.067806102069844 5.356660911296659 5.497787143782138 5.460971604872882 5.307573526084319 5.301437602932776 2.2886993355253766 5.21553467881118 5.105088062083414 2.043262409463674 5.283029833478148 4.871922982324796 4.957825906446392 
-71.0 -73.0 -71.0 -72.5 -73.5 -71.0 -71.5 -72.5 -71.5 -69.0 -69.0 -69.0 -70.0 -68.5 -67.5 -68.0 -68.5 -67.5 -62.5 -61.0 -64.0 -67.0 -62.0 -62.0 -62.5 -62.0 -62.5 -63.5 -64.5 -62.5 -62.5 -67.0 -64.5 -61.5 -62.0 -61.0 -62.5 -66.0 -71.0 -72.5 -72.0 -74.5 -72.0 -73.5 -71.5 
