2.9513790358919736 2.8961557275280905 2.9268353432858034 2.454369260617026 3.0066023442558567 2.834796496012665 6.074563920027139 3.018874190558942 2.859340188618835 2.9206994201342606 2.9145634969827183 2.9391071895888885 2.9513790358919736 2.834796496012665 3.0066023442558567 2.9575149590435164 3.0127382674073995 2.890019804376548 3.552699504743145 0.4724660826687775 3.3747577333484107 3.3011266555298997 3.663146121470911 3.816544200259475 3.865631585471816 3.497476196379262 3.4054373491061236 3.215223731408304 3.399301425954581 3.4054373491061236 3.724505352986337 4.135612204139688 0.34974761963792617 0.07976700097005335 3.399301425954581 3.6263305825616556 3.08636934522591 2.8838838812250054 3.0250101137104846 2.9022916506796332 3.0250101137104846 3.0127382674073995 3.0127382674073995 3.0495538063166547 3.067961575771282 
-63.0 -63.5 -63.0 -63.5 -63.5 -64.0 -64.0 -63.5 -64.0 -63.5 -63.0 -63.5 -63.0 -63.5 -63.5 -64.0 -62.5 -64.0 -63.0 -63.0 -64.5 -67.0 -64.0 -65.5 -63.5 -61.5 -64.0 -63.5 -63.5 -62.5 -63.0 -66.5 -69.0 -66.5 -63.0 -63.0 -64.0 -63.5 -63.0 -62.5 -62.0 -62.5 -63.0 -62.0 -61.5 
2.2150682577068657 2.1475731030398975 2.2089323345553233 2.086213871524472 2.2027964114037806 2.0064468705544187 5.375068680751287 2.055534255766759 2.067806102069844 2.4175537217077703 2.0800779483729293 2.227340104009951 2.2027964114037806 2.098485717827557 2.086213871524472 1.902136176978195 2.1046216409791 1.9880391010997909 2.4727770300716534 2.564815877344792 2.6323110320117604 2.945243112740431 3.1784081924990484 3.3195344249845276 3.227495577711389 2.945243112740431 2.7979809571034093 2.767301341345697 2.779573187648782 3.018874190558942 3.2213596545598464 3.472932503773092 2.9022916506796332 2.9759227284981438 2.4175537217077703 2.2886993355253766 2.1782527187976104 2.1230294104337273 2.0064468705544187 2.024854640009046 2.1598449493429825 2.1537090261914402 2.000310947402876 2.2027964114037806 2.1782527187976104 2.172116795646068 
-63.0 -63.0 -62.5 -63.0 -63.0 -63.0 -63.5 -63.0 -63.5 -63.5 -63.0 -63.5 -63.0 -63.5 -63.0 -63.0 -62.5 -62.0 -61.5 -62.0 -62.0 -65.0 -64.5 -62.5 -61.5 -61.5 -62.0 -61.5 -62.0 -61.0 -61.5 -63.0 -66.0 -63.5 -63.5 -63.5 -61.5 -62.0 -62.5 -62.0 -62.5 -62.0 -62.5 -62.0 -62.0 -62.0 
0.803805932852076 0.7976700097005334 0.8099418560036186 0.8160777791551611 0.8406214717613314 0.7976700097005334 3.9607383943207255 0.7976700097005334 0.7731263170943632 0.8222137023067037 0.8099418560036186 0.8099418560036186 0.7915340865489908 0.8344855486097889 0.8406214717613314 0.8406214717613314 0.8222137023067037 0.9019807032767571 1.086058397823034 1.0921943209745766 1.030835089459151 1.1596894756415448 1.3928545554001621 1.1044661672776617 0.9633399347921826 0.9940195505498954 1.0246991663076084 1.0615147052168636 1.086058397823034 1.0492428589137786 1.0615147052168636 1.0676506283684062 1.3437671701878218 1.3069516312785663 0.9940195505498954 0.9878836273983529 1.043106935762236 0.9694758579437253 0.8774370106705868 0.859029241215959 0.9019807032767571 0.9142525495798421 0.8651651643675016 0.9081166264282996 0.9387962421860124 0.9326603190344698 
-50.0 -50.0 -50.0 -50.0 -50.0 -50.0 -50.5 -50.0 -50.0 -50.0 -50.0 -50.0 -49.5 -50.0 -49.5 -50.0 -49.5 -50.0 -51.0 -51.5 -52.5 -53.5 -52.0 -50.0 -52.0 -52.5 -52.5 -52.5 -52.5 -53.0 -52.5 -51.0 -51.5 -54.0 -52.5 -51.5 -51.0 -50.0 -50.0 -49.5 -49.5 -49.0 -49.0 -49.0 -49.0 -49.0 
0.9019807032767571 0.9326603190344698 0.9203884727313847 0.9142525495798421 0.9694758579437253 0.9203884727313847 0.9326603190344698 0.9326603190344698 0.9142525495798421 0.9019807032767571 0.9081166264282996 0.9019807032767571 0.9265243958829272 0.9142525495798421 0.9387962421860124 0.9387962421860124 0.9694758579437253 0.9019807032767571 1.1719613219446299 1.3069516312785663 1.4480778637640452 1.576932249946439 1.4296700943094176 1.227184630308513 1.2517283229146832 1.3989904785517047 1.4480778637640452 1.41126232485479 1.3744467859455345 1.4787574795217582 1.4051264017032472 1.3192234775816514 1.4296700943094176 1.6260196351587797 1.5830681730979816 1.4051264017032472 1.239456476611598 1.0676506283684062 1.0062913968529805 1.0062913968529805 0.9817477042468103 0.9633399347921826 0.9756117810952678 0.944932165337555 1.012427320004523 0.9878836273983529 
-51.5 -51.5 -51.0 -51.5 -51.5 -51.5 -52.0 -51.0 -51.5 -51.5 -51.5 -51.5 -51.5 -51.5 -51.0 -51.5 -52.0 -51.0 -50.5 -51.0 -51.5 -51.0 -49.0 -49.5 -50.5 -50.5 -50.0 -50.0 -50.5 -50.0 -50.5 -50.0 -49.5 -50.5 -51.5 -51.5 -51.0 -51.0 -51.0 -51.0 -51.0 -51.0 -51.0 -51.0 -51.0 -50.5 
1.2885438618239387 1.3069516312785663 1.3069516312785663 1.3130875544301088 1.2885438618239387 1.2946797849754812 4.454680208019902 1.2517283229146832 1.2640001692177683 1.282407938672396 1.282407938672396 1.282407938672396 1.2701360923693108 1.2517283229146832 1.3744467859455345 1.2701360923693108 1.2946797849754812 1.4971652489763858 1.9205439464328227 2.043262409463674 2.000310947402876 1.8530487917658545 1.5707963267948966 1.5033011721279284 1.5585244804918115 1.6812429435226628 1.662835174068035 1.6996507129772904 1.6873788666742053 1.748738098189631 1.7732817907958012 1.6014759425526093 1.6321555583103222 1.7732817907958012 1.9819031779482483 2.0493983326152168 2.0064468705544187 1.7978254834019713 1.5401167110371838 1.3744467859455345 1.368310862793992 1.3621749396424494 1.3314953238847365 1.3928545554001621 1.368310862793992 1.3130875544301088 
-56.5 -56.0 -56.5 -56.0 -56.0 -56.0 -56.5 -56.0 -56.0 -56.0 -56.0 -56.0 -56.0 -56.0 -55.5 -56.0 -56.0 -55.5 -55.5 -54.0 -53.0 -49.5 -50.0 -51.0 -52.0 -51.5 -51.5 -52.0 -52.0 -51.0 -52.0 -51.5 -50.5 -49.5 -51.5 -54.5 -54.5 -55.5 -56.0 -55.5 -55.5 -55.5 -55.0 -55.0 -55.5 -55.0 
1.5278448647340985 1.552388557340269 1.509437095279471 1.533980787885641 1.552388557340269 1.5953400194010667 1.5953400194010667 1.533980787885641 1.5401167110371838 1.5707963267948966 1.5033011721279284 1.564660403643354 1.5462526341887264 1.533980787885641 1.564660403643354 1.521708941582556 1.533980787885641 1.5585244804918115 1.8653206380689396 2.030990563160589 2.086213871524472 1.9634954084936207 1.846912868614312 1.902136176978195 2.012582793705961 2.012582793705961 2.043262409463674 2.030990563160589 2.0923497946760143 2.0371264863121317 2.0371264863121317 2.073942025221387 1.9266798695843652 1.9512235621905356 2.055534255766759 2.1905245651006955 1.9634954084936207 1.7426021750380885 1.6444274046134073 1.6996507129772904 1.662835174068035 1.6751070203711202 1.6321555583103222 1.6444274046134073 1.6689710972195777 1.7303303287350031 
-55.0 -55.0 -55.0 -55.5 -55.0 -55.0 -55.5 -55.0 -55.5 -55.5 -55.0 -55.5 -55.5 -55.5 -55.5 -55.5 -55.5 -55.5 -54.0 -53.0 -52.0 -51.5 -53.5 -55.0 -54.5 -54.5 -54.5 -54.5 -54.5 -55.0 -54.0 -55.0 -54.0 -53.0 -52.0 -52.5 -54.0 -54.5 -54.5 -53.5 -53.5 -54.0 -54.5 -54.5 -54.0 -54.0 
5.332117218690489 5.289165756629691 5.356660911296659 5.338253141842031 5.301437602932776 5.375068680751287 5.283029833478148 5.387340527054372 5.325981295538946 5.240078371417351 5.350524988145116 5.381204603902829 5.344389064993574 5.301437602932776 5.240078371417351 5.399612373357457 5.307573526084319 5.50392306693368 5.638913376267617 5.6941366846315 5.712544454086128 5.4671075280244255 5.190990986205009 5.258486140871978 5.1725832167503825 5.019185137961818 5.006913291658733 5.062136600022616 5.184855063053467 5.0682725231741586 5.160311370447297 5.197126909356553 5.418020142812084 5.098952138931871 5.66959299202533 5.835262917116979 5.8045833013592665 5.71868037723767 5.387340527054372 5.289165756629691 5.295301679781233 5.221670601962723 5.307573526084319 5.3198453723874035 5.307573526084319 5.301437602932776 
-62.0 -63.0 -62.5 -62.5 -63.0 -62.5 -63.5 -63.0 -63.0 -63.0 -62.5 -62.5 -62.5 -63.0 -63.0 -63.0 -62.0 -61.5 -61.5 -62.0 -59.5 -56.5 -58.5 -58.0 -58.0 -58.5 -59.5 -59.5 -59.5 -59.5 -58.0 -59.0 -58.5 -58.0 -57.0 -59.0 -61.0 -61.5 -62.0 -61.5 -62.0 -62.5 -62.5 -62.0 -62.5 -62.5 
4.865787059173254 5.098952138931871 4.871922982324796 5.135767677841127 4.908738521234052 4.914874444385594 4.9302142522644505 4.957825906446392 4.8351074434155406 4.798291904506286 5.037592907416445 4.921010367537137 4.779884135051658 4.933282213840222 4.828971520263998 4.859651136021712 4.841243366567084 5.098952138931871 5.448699758569798 5.442563835418255 5.534602682691394 5.197126909356553 5.074408446325701 5.810719224510809 5.6143696836614465 5.540738605842936 5.534602682691394 5.749359992995383 5.6941366846315 5.45483568172134 5.516194913236766 5.706408530934585 5.577554144752192 5.589825991055276 5.45483568172134 5.111223985234957 5.092816215780329 4.878058905476339 4.957825906446392 4.914874444385594 4.9823695990525625 4.988505522204105 4.792155981354743 4.804427827657828 
-66.5 -66.0 -66.0 -65.5 -66.0 -65.5 -66.5 -65.5 -66.5 -67.0 -66.0 -67.0 -66.0 -66.0 -66.0 -66.0 -66.5 -66.0 -62.5 -62.0 -61.5 -61.0 -64.5 -66.5 -63.0 -62.5 -64.5 -64.0 -64.0 -64.5 -63.0 -63.5 -61.5 -61.5 -61.5 -64.0 -65.5 -65.0 -64.0 -64.5 -64.5 -64.5 -64.0 -64.0 
