3.0925052683774528 3.2459033471660166 3.2336315008629315 3.043417883165112 3.0495538063166547 2.890019804376548 3.215223731408304 3.160000423044421 3.2704470397721868 3.227495577711389 3.2581751934691017 3.117048960983623 3.2029518851052186 3.2643111166206444 3.3624858870453256 3.3379421944391554 3.2397674240144743 3.393165502803038 3.393165502803038 3.785864584501762 3.6692820446224537 3.074097498922825 2.9636508821950587 3.429981041712294 3.890175278077986 3.3502140407422405 3.429981041712294 3.3870295796514958 3.1784081924990484 3.2090878082567613 3.368621810196868 3.11091303783208 2.988194574801229 3.0495538063166547 3.0372819600135696 3.2827188860752723 3.393165502803038 3.153864499892878 6.074563920027139 2.736621725587984 2.724349879284899 5.994796919057086 2.8102528034064944 
-62.0 -62.0 -62.0 -62.5 -61.5 -62.5 -62.0 -62.0 -62.0 -62.0 -62.5 -62.5 -62.5 -62.5 -62.5 -62.5 -63.0 -64.0 -64.0 -61.5 -61.5 -62.0 -63.5 -65.5 -65.0 -64.0 -64.0 -64.5 -64.5 -64.5 -65.5 -65.0 -61.5 -61.5 -61.5 -60.0 -62.0 -64.5 -66.5 -65.0 -63.5 -63.5 -63.0 
2.1353012567368124 2.1782527187976104 2.1659808724945253 2.1966604882522383 2.2027964114037806 2.1475731030398975 2.0923497946760143 2.2334760271614935 2.1353012567368124 2.227340104009951 2.1230294104337273 2.3316507975861747 2.184388641949153 2.3071071049800045 2.282563412373834 2.2764274892222915 2.1046216409791 2.1230294104337273 2.067806102069844 2.2764274892222915 2.2150682577068657 2.662990647769473 2.859340188618835 3.3440781175906977 3.2704470397721868 2.9084275738311756 2.6568547246179306 2.478912953223196 2.552544031041707 2.6139032625571326 2.8838838812250054 3.429981041712294 2.650718801466388 2.7979809571034093 5.927301764390117 2.36846633649543 2.478912953223196 2.454369260617026 2.6139032625571326 2.5893595699509624 2.497320722677824 
-62.5 -63.0 -63.0 -63.5 -62.5 -62.0 -63.0 -63.0 -62.0 -63.0 -63.0 -63.0 -63.0 -63.0 -63.5 -64.0 -63.5 -61.5 -63.0 -61.5 -62.0 -65.5 -63.0 -63.5 -62.0 -61.0 -61.5 -61.5 -61.5 -61.0 -60.0 -64.0 -66.5 -65.5 -65.5 -64.0 -64.5 -64.0 -63.5 -63.5 -64.0 
1.0492428589137786 1.0615147052168636 1.0062913968529805 1.0615147052168636 1.0492428589137786 1.0615147052168636 1.0492428589137786 1.0246991663076084 1.0492428589137786 1.0799224746714913 1.0246991663076084 1.055378782065321 1.0615147052168636 1.086058397823034 1.0737865515199487 1.0799224746714913 1.0737865515199487 1.0615147052168636 1.0799224746714913 1.1106020904292042 1.086058397823034 1.0615147052168636 1.2885438618239387 1.0921943209745766 1.043106935762236 1.012427320004523 0.9694758579437253 1.000155473701438 1.000155473701438 1.030835089459151 1.0921943209745766 1.1903690913992575 1.3069516312785663 1.0246991663076084 0.9817477042468103 1.0185632431560658 1.0062913968529805 0.803805932852076 0.684155431396996 0.6013204688511713 0.5829126993965437 0.5645049299419159 0.5890486225480862 0.5767767762450011 0.5522330836388308 
-48.5 -48.5 -48.0 -48.0 -48.0 -48.5 -48.5 -48.0 -48.0 -48.0 -48.5 -48.5 -48.5 -48.0 -48.0 -48.5 -48.5 -48.5 -49.5 -50.5 -50.5 -52.5 -51.5 -50.0 -51.0 -51.0 -51.5 -52.0 -52.0 -51.5 -51.5 -50.5 -52.0 -52.5 -52.0 -50.0 -50.0 -51.0 -52.0 -52.0 -51.5 -51.5 -51.0 -51.5 -51.5 
1.141281706186917 1.1044661672776617 1.0983302441261191 1.0615147052168636 1.0737865515199487 1.1228739367322893 1.1290098598838318 1.1106020904292042 1.1167380135807468 1.1351457830353744 1.1228739367322893 1.1044661672776617 1.1228739367322893 1.1290098598838318 1.141281706186917 1.0246991663076084 1.184233168247715 1.1167380135807468 1.1106020904292042 1.2026409377023426 1.3437671701878218 1.5585244804918115 1.4480778637640452 1.2026409377023426 1.2026409377023426 1.368310862793992 1.3744467859455345 1.3560390164909069 1.4051264017032472 1.4787574795217582 1.3744467859455345 1.227184630308513 1.4419419406125027 1.533980787885641 1.4971652489763858 1.4173982480063325 1.3621749396424494 1.2517283229146832 1.1903690913992575 1.1167380135807468 1.0369710126106935 1.012427320004523 1.0492428589137786 1.055378782065321 1.0615147052168636 
-51.0 -50.5 -50.5 -50.5 -50.5 -50.5 -50.5 -50.5 -51.0 -50.5 -50.5 -50.5 -50.5 -50.5 -50.5 -50.5 -50.5 -51.0 -50.5 -50.5 -51.5 -51.5 -49.5 -49.5 -50.0 -50.0 -49.5 -50.0 -50.0 -50.0 -50.0 -49.0 -49.5 -51.0 -51.5 -51.5 -51.5 -52.0 -53.0 -53.0 -53.0 -52.5 -53.0 -53.0 -53.0 
1.3560390164909069 1.3314953238847365 1.3989904785517047 1.3499030933393643 1.3744467859455345 1.423534171157875 1.4051264017032472 1.4051264017032472 1.4419419406125027 1.423534171157875 1.4173982480063325 1.423534171157875 1.3499030933393643 1.423534171157875 1.4173982480063325 1.4358060174609601 1.3867186322486196 1.4419419406125027 1.6505633277649499 1.9819031779482483 2.030990563160589 1.8100973297050567 1.5278448647340985 1.4603497100671303 1.4726215563702154 1.5953400194010667 1.6137477888556946 1.6321555583103222 1.6689710972195777 1.6505633277649499 1.4910293258248433 1.4848934026733007 1.6137477888556946 1.761009944492716 1.8530487917658545 1.8714565612204823 1.859184714917397 1.662835174068035 1.6260196351587797 1.4419419406125027 1.41126232485479 1.2885438618239387 1.3989904785517047 1.41126232485479 1.3560390164909069 
-55.5 -55.5 -55.5 -55.5 -55.0 -55.0 -55.5 -55.5 -55.5 -55.5 -55.0 -55.5 -55.0 -55.5 -55.5 -55.5 -55.5 -56.5 -57.5 -55.0 -53.0 -50.5 -51.0 -51.0 -51.5 -52.0 -52.0 -52.5 -52.5 -53.0 -53.5 -51.5 -50.5 -49.5 -50.5 -51.5 -52.0 -54.0 -57.0 -58.0 -57.5 -58.0 -57.5 -57.5 -58.0 
1.6873788666742053 1.6444274046134073 1.6935147898257479 1.6812429435226628 1.6566992509164924 1.6935147898257479 1.6751070203711202 1.718058482431918 1.6873788666742053 1.6689710972195777 1.6444274046134073 1.6751070203711202 1.6751070203711202 1.6873788666742053 1.6751070203711202 1.705786636128833 1.6935147898257479 1.607611865704152 1.5892040962495242 1.9512235621905356 2.1782527187976104 1.88986433067511 1.748738098189631 1.932815792735908 1.9757672547967058 1.8960002538266525 1.9880391010997909 2.055534255766759 2.067806102069844 2.0064468705544187 1.9880391010997909 1.945087639038993 1.9082721001297376 1.859184714917397 1.9757672547967058 2.030990563160589 2.0493983326152168 1.8223691760081417 1.718058482431918 1.6751070203711202 1.6505633277649499 1.6505633277649499 1.6566992509164924 1.6689710972195777 1.7548740213411735 
-54.0 -54.0 -53.5 -53.5 -53.5 -53.5 -53.5 -54.0 -53.5 -53.0 -53.5 -54.0 -54.0 -53.5 -53.5 -54.0 -53.5 -55.0 -55.5 -54.0 -53.0 -52.5 -54.5 -54.5 -55.0 -55.0 -55.5 -55.0 -55.5 -55.0 -54.5 -54.5 -54.0 -52.0 -51.5 -52.0 -52.5 -56.0 -59.0 -59.0 -58.5 -58.5 -58.5 -59.0 -59.0 
5.411884219660542 5.344389064993574 5.325981295538946 5.356660911296659 5.399612373357457 5.295301679781233 5.387340527054372 5.307573526084319 5.368932757599744 5.301437602932776 5.350524988145116 5.197126909356553 5.350524988145116 5.344389064993574 5.381204603902829 5.258486140871978 5.350524988145116 5.577554144752192 5.786175531904639 5.7616318392984684 5.767767762450011 5.491651220630596 5.387340527054372 5.252350217720435 5.0682725231741586 5.117359908386499 5.301437602932776 5.240078371417351 5.283029833478148 5.270757987175063 5.473243451175968 5.178719139901925 5.632777453116074 5.700272607783043 5.626641529964532 5.64504929941916 5.595961914206819 5.589825991055276 5.6941366846315 5.602097837358362 5.632777453116074 5.595961914206819 5.620505606812989 
-62.0 -61.5 -62.0 -62.0 -61.5 -61.5 -61.5 -61.5 -61.5 -62.0 -62.0 -61.5 -61.0 -61.0 -62.0 -61.5 -61.5 -62.0 -61.0 -60.5 -58.0 -56.5 -57.0 -57.5 -57.5 -59.0 -59.5 -59.5 -59.0 -58.0 -58.0 -57.5 -57.0 -58.0 -58.0 -58.5 -59.5 -59.0 -59.5 -59.0 -58.5 -58.5 -59.0 
4.871922982324796 4.908738521234052 4.871922982324796 4.871922982324796 4.859651136021712 4.933282213840222 4.859651136021712 4.896466674930966 4.804427827657828 4.8351074434155406 4.755340442445488 4.828971520263998 4.749204519293945 4.7860200582032 4.847379289718626 4.878058905476339 5.190990986205009 4.92714629068868 2.172116795646068 5.436427912266712 5.460971604872882 5.264622064023521 2.2334760271614935 5.798447378207723 5.3198453723874035 5.540738605842936 5.822991070813893 5.737088146692298 5.577554144752192 5.5100589900852235 5.325981295538946 2.116893487282185 2.043262409463674 5.2339424482658075 5.4671075280244255 5.460971604872882 5.264622064023521 5.2768939103266055 1.945087639038993 2.067806102069844 2.1230294104337273 2.2457478734645786 2.1905245651006955 2.350058567040802 2.405281875404685 
-63.0 -63.0 -62.5 -62.5 -62.0 -63.5 -63.0 -62.5 -63.0 -63.0 -63.0 -63.5 -63.0 -62.0 -62.5 -62.0 -62.0 -64.0 -65.5 -62.5 -61.5 -60.0 -67.0 -65.0 -64.0 -64.5 -63.5 -63.5 -64.5 -64.5 -64.0 -69.0 -63.5 -61.0 -61.0 -62.0 -62.5 -67.0 -73.0 -77.0 -77.5 -74.5 -74.0 -75.5 -77.0 
