3.153864499892878 3.2090878082567613 3.2765829629237295 3.2581751934691017 3.356349963893783 3.3195344249845276 3.448388811166921 3.313398501832985 3.098641191528995 3.2397674240144743 3.3624858870453256 3.411573272257666 3.368621810196868 3.497476196379262 3.399301425954581 3.2336315008629315 3.227495577711389 4.252194744018997 4.2092432819582 3.6386024288647407 3.472932503773092 3.5158839658338894 3.32567034813607 3.767456815047135 3.792000507653305 3.9085830475326135 3.7551849687440497 3.5465635815916023 4.031301510563465 0.16566992509164924 3.117048960983623 3.3195344249845276 3.4054373491061236 3.5342917352885173 3.6754179677739964 3.1354567304382504 2.761165418194154 3.000466421104314 3.098641191528995 3.3072625786814425 3.3072625786814425 3.2827188860752723 3.2765829629237295 
-63.0 -62.5 -63.5 -62.5 -63.0 -62.5 -63.5 -63.5 -63.0 -63.5 -63.5 -63.5 -64.5 -63.5 -64.5 -65.0 -65.0 -67.5 -66.0 -64.0 -64.5 -65.5 -70.5 -71.5 -71.0 -69.5 -69.0 -68.5 -69.0 -71.0 -64.0 -62.0 -63.0 -63.0 -65.5 -67.0 -66.0 -64.5 -64.5 -63.0 -64.5 -64.5 -63.0 
2.3071071049800045 2.018718716857504 2.0371264863121317 2.024854640009046 2.055534255766759 2.1230294104337273 2.073942025221387 2.184388641949153 1.9266798695843652 1.9941750242513334 5.405748296509 2.12916533358527 2.086213871524472 2.2334760271614935 1.9941750242513334 1.9880391010997909 2.325514874434632 2.552544031041707 2.2764274892222915 2.466641106920111 2.82252464970958 6.117515382087937 2.5770877236478773 2.8409324191642074 2.5832236467994196 2.5464081078901644 2.5586799541932495 2.5464081078901644 2.8102528034064944 3.2520392703175593 3.018874190558942 2.9759227284981438 2.399145952253143 2.356194490192345 2.3193789512830896 2.2212041808584084 2.086213871524472 2.018718716857504 2.024854640009046 2.3623304133438876 2.0800779483729293 2.0493983326152168 2.1046216409791 
-64.5 -64.0 -63.0 -63.5 -64.0 -63.5 -62.5 -63.5 -63.5 -63.5 -64.0 -64.0 -64.0 -62.0 -63.5 -63.0 -62.5 -63.0 -64.0 -63.5 -64.5 -67.5 -64.5 -64.0 -63.5 -63.0 -62.5 -62.0 -64.0 -66.5 -64.0 -65.0 -65.5 -64.0 -62.5 -62.5 -62.5 -63.0 -63.0 -62.5 -62.5 -62.0 -62.0 
1.000155473701438 1.0185632431560658 1.0799224746714913 1.1106020904292042 1.1290098598838318 1.141281706186917 1.1903690913992575 1.1903690913992575 1.1719613219446299 1.1780972450961724 1.184233168247715 1.141281706186917 1.141281706186917 1.1658253987930873 1.141281706186917 1.1351457830353744 1.0921943209745766 1.239456476611598 1.3560390164909069 1.2087768608538851 1.239456476611598 1.3069516312785663 1.282407938672396 1.2762720155208536 1.2701360923693108 1.184233168247715 1.1903690913992575 1.1290098598838318 1.1290098598838318 1.282407938672396 1.3499030933393643 1.3989904785517047 1.3867186322486196 1.2087768608538851 1.2701360923693108 1.282407938672396 1.0492428589137786 1.000155473701438 1.0062913968529805 1.0615147052168636 1.0676506283684062 1.1596894756415448 1.214912784005428 1.2455923997631406 
-49.0 -48.5 -49.0 -48.5 -48.5 -48.5 -48.5 -48.5 -48.5 -48.5 -48.5 -48.5 -48.5 -48.5 -48.5 -48.5 -48.5 -49.5 -51.0 -50.5 -52.0 -52.5 -52.5 -52.0 -52.0 -52.0 -52.5 -53.0 -52.5 -52.5 -52.5 -53.0 -52.5 -51.0 -50.0 -50.0 -49.5 -49.0 -49.0 -49.0 -49.0 -48.5 -48.5 -48.5 
1.1106020904292042 1.1351457830353744 1.1228739367322893 1.227184630308513 1.1290098598838318 1.184233168247715 1.1965050145508 1.184233168247715 1.1903690913992575 1.1535535524900022 1.1780972450961724 1.1474176293384597 1.1596894756415448 1.1167380135807468 1.1474176293384597 1.1474176293384597 1.1474176293384597 1.227184630308513 1.325359400733194 1.509437095279471 1.6382914814618648 1.6505633277649499 1.4726215563702154 1.4603497100671303 1.5707963267948966 1.5830681730979816 1.6260196351587797 1.607611865704152 1.576932249946439 1.5892040962495242 1.4971652489763858 1.509437095279471 1.7426021750380885 1.718058482431918 1.5707963267948966 1.380582709097077 1.214912784005428 1.0737865515199487 1.0983302441261191 1.0983302441261191 1.0921943209745766 1.1351457830353744 1.1965050145508 1.2333205534600555 
-51.5 -51.0 -51.0 -51.0 -51.0 -50.5 -51.0 -50.5 -50.5 -50.5 -50.5 -50.5 -50.5 -50.5 -51.0 -51.0 -51.0 -51.0 -51.5 -52.5 -52.0 -50.5 -50.0 -50.5 -51.0 -50.5 -50.5 -51.0 -50.5 -51.0 -50.5 -50.0 -50.5 -51.5 -52.5 -52.0 -51.5 -51.5 -51.0 -50.5 -50.5 -50.0 -50.5 -50.0 
1.3560390164909069 1.325359400733194 1.3437671701878218 1.3499030933393643 1.4173982480063325 1.380582709097077 1.423534171157875 1.380582709097077 1.368310862793992 1.3560390164909069 1.3928545554001621 1.3744467859455345 1.368310862793992 1.3928545554001621 1.3621749396424494 1.4051264017032472 1.4971652489763858 1.6444274046134073 1.846912868614312 2.018718716857504 2.055534255766759 1.9205439464328227 1.8100973297050567 1.7978254834019713 1.8530487917658545 1.8960002538266525 1.8960002538266525 1.902136176978195 1.8837284075235674 1.8714565612204823 1.8039614065535141 1.9205439464328227 2.1046216409791 2.1598449493429825 2.098485717827557 2.0064468705544187 1.761009944492716 1.3069516312785663 1.423534171157875 1.3744467859455345 1.4480778637640452 1.423534171157875 1.4051264017032472 1.4664856332186729 
-56.0 -55.5 -55.5 -55.5 -55.5 -54.5 -56.0 -55.5 -55.5 -55.5 -55.5 -55.5 -55.5 -55.5 -55.5 -55.0 -55.5 -56.0 -55.5 -55.5 -52.0 -51.0 -51.0 -52.0 -52.5 -52.5 -53.0 -53.0 -53.0 -53.5 -52.0 -51.0 -50.5 -52.5 -54.0 -54.5 -55.5 -56.0 -55.5 -55.0 -54.5 -54.0 -54.5 -54.0 
1.6014759425526093 1.5585244804918115 1.6198837120072371 1.5155730184310134 1.6751070203711202 1.6751070203711202 1.662835174068035 1.6382914814618648 1.6382914814618648 1.6260196351587797 1.6137477888556946 1.6444274046134073 1.6014759425526093 1.5830681730979816 1.6198837120072371 1.6689710972195777 1.552388557340269 1.6260196351587797 2.000310947402876 2.3316507975861747 2.1966604882522383 2.000310947402876 2.172116795646068 2.2027964114037806 2.1475731030398975 2.1475731030398975 2.227340104009951 2.2212041808584084 2.1475731030398975 2.1475731030398975 2.1782527187976104 2.172116795646068 2.0371264863121317 2.2150682577068657 2.313243028131547 2.1230294104337273 1.7241944055834606 1.533980787885641 1.662835174068035 1.6505633277649499 1.6689710972195777 1.7241944055834606 1.748738098189631 1.748738098189631 
-55.0 -54.0 -54.5 -54.0 -53.5 -53.5 -54.0 -53.5 -53.5 -53.5 -54.0 -54.0 -54.0 -53.5 -54.0 -53.5 -54.5 -55.5 -55.5 -53.5 -51.5 -54.0 -54.5 -54.5 -54.0 -55.0 -54.5 -55.0 -55.0 -54.5 -54.5 -53.5 -52.5 -52.0 -52.5 -53.5 -55.0 -54.5 -53.5 -53.0 -52.5 -52.5 -52.0 -52.0 
5.516194913236766 5.5100589900852235 5.418020142812084 5.4671075280244255 5.50392306693368 5.565282298449106 5.411884219660542 5.368932757599744 5.442563835418255 5.405748296509 5.608233760509904 5.338253141842031 5.491651220630596 5.399612373357457 5.45483568172134 5.4671075280244255 5.534602682691394 5.712544454086128 5.767767762450011 5.915029918087033 5.730952223540755 5.7616318392984684 5.6573211457222445 5.626641529964532 5.559146375297564 5.595961914206819 5.66959299202533 5.546874528994478 5.6143696836614465 5.71868037723767 5.7616318392984684 5.602097837358362 5.872078456026235 5.853670686571607 5.730952223540755 5.712544454086128 5.393476450205914 5.332117218690489 5.325981295538946 5.270757987175063 5.270757987175063 5.246214294568893 5.221670601962723 
-60.5 -61.0 -61.0 -61.5 -62.0 -61.0 -60.5 -61.0 -61.0 -60.0 -61.5 -61.0 -61.0 -61.5 -61.0 -61.5 -62.0 -61.5 -61.5 -56.5 -57.0 -56.0 -57.0 -56.5 -58.0 -59.0 -59.0 -58.5 -57.5 -57.0 -57.0 -57.0 -56.5 -59.0 -60.0 -60.5 -61.5 -61.5 -61.0 -61.0 -61.0 -60.5 -60.5 
4.816699673960914 4.902602598082509 4.718524903536232 4.798291904506286 4.902602598082509 4.81056375080937 4.828971520263998 4.871922982324796 4.902602598082509 4.7860200582032 4.890330751779424 4.865787059173254 4.878058905476339 4.890330751779424 4.792155981354743 4.970097752749477 4.8351074434155406 5.117359908386499 5.3627968344482015 5.534602682691394 5.66959299202533 5.227806525114265 5.393476450205914 5.7616318392984684 5.485515297479052 5.522330836388308 5.700272607783043 5.325981295538946 5.436427912266712 5.258486140871978 5.307573526084319 5.700272607783043 5.608233760509904 5.424156065963627 5.178719139901925 4.7307967498393175 4.816699673960914 4.841243366567084 4.884194828627882 4.970097752749477 4.95168998329485 4.994641445355648 
-65.0 -63.0 -62.5 -61.5 -61.5 -61.5 -61.0 -62.0 -61.0 -61.5 -61.0 -62.0 -61.5 -62.5 -62.0 -62.5 -63.0 -66.0 -60.5 -63.0 -63.5 -62.5 -65.0 -63.0 -63.0 -64.0 -63.5 -64.5 -63.5 -64.5 -62.5 -61.0 -61.5 -62.5 -65.0 -64.5 -64.0 -62.0 -61.5 -61.0 -60.5 -60.0 
