3.1231848841351653 3.0925052683774528 3.147728576741336 3.098641191528995 3.1906800388021335 3.1231848841351653 3.2090878082567613 3.147728576741336 3.479068426924634 3.2888548092268146 3.1784081924990484 3.3379421944391554 3.3011266555298997 3.2643111166206444 3.3502140407422405 3.399301425954581 3.7429131224409646 0.6749515466696822 0.9940195505498954 3.877903431774901 3.454524734318464 3.3379421944391554 3.5588354278946874 3.810408277107933 3.5956509668039427 3.3502140407422405 3.32567034813607 3.393165502803038 3.411573272257666 3.368621810196868 3.5772431973493153 2.9268353432858034 3.129320807286708 2.890019804376548 3.1968159619536762 2.945243112740431 2.9575149590435164 2.9820586516496865 2.736621725587984 2.8808159196492342 2.736621725587984 2.6139032625571326 2.552544031041707 
-62.0 -62.5 -63.0 -62.5 -62.5 -63.0 -62.5 -62.5 -63.0 -63.0 -64.0 -64.0 -63.5 -63.0 -63.5 -64.0 -64.5 -67.5 -67.5 -65.0 -64.5 -66.0 -65.0 -67.5 -66.5 -66.5 -66.0 -65.0 -65.0 -65.0 -67.0 -67.5 -67.0 -63.5 -62.0 -62.5 -62.0 -63.5 -65.5 -68.5 -66.5 -65.5 -66.0 
2.448233337465483 2.3193789512830896 2.3930100291016 2.3316507975861747 2.270291566070749 2.270291566070749 2.2764274892222915 2.3193789512830896 2.423689644859313 2.227340104009951 2.2457478734645786 2.1659808724945253 2.3439226438892597 2.2457478734645786 2.1537090261914402 2.1966604882522383 2.2150682577068657 2.2212041808584084 2.043262409463674 2.1905245651006955 2.1659808724945253 2.3071071049800045 2.0800779483729293 2.386874105950058 2.8654761117703775 3.06182565261974 2.9329712664373457 2.650718801466388 2.6875343403756435 2.6875343403756435 2.6998061866787286 2.7979809571034093 2.8102528034064944 3.074097498922825 3.3072625786814425 3.2520392703175593 3.4606606574700063 2.662990647769473 2.791845033951867 2.6016314162540475 2.662990647769473 5.899690110208176 2.429825568010856 2.448233337465483 2.429825568010856 
-63.5 -63.5 -64.5 -63.5 -63.0 -63.5 -64.0 -64.0 -64.0 -62.0 -64.0 -63.5 -63.5 -63.0 -64.0 -63.0 -63.0 -63.0 -63.0 -63.0 -62.0 -62.0 -62.5 -64.0 -66.0 -66.5 -63.5 -62.0 -62.5 -62.5 -62.0 -62.0 -62.0 -62.0 -62.5 -65.0 -65.5 -67.0 -65.5 -64.5 -63.5 -64.0 -63.5 -63.0 -63.5 
1.0492428589137786 0.9878836273983529 1.0185632431560658 1.0185632431560658 0.9940195505498954 1.0246991663076084 0.9940195505498954 1.0185632431560658 0.9940195505498954 1.0246991663076084 1.0246991663076084 1.0615147052168636 1.1106020904292042 1.055378782065321 1.1474176293384597 1.184233168247715 1.1780972450961724 1.1903690913992575 1.1780972450961724 1.2087768608538851 1.282407938672396 1.2210487071569704 1.1167380135807468 1.2885438618239387 1.5155730184310134 1.2640001692177683 1.227184630308513 1.2333205534600555 1.1719613219446299 1.1228739367322893 1.1290098598838318 1.086058397823034 1.0983302441261191 1.1719613219446299 1.2333205534600555 1.2762720155208536 1.1228739367322893 1.0246991663076084 0.9878836273983529 0.9142525495798421 0.6994952392758523 3.7214373914105656 0.4970097752749477 0.46019423636569234 0.42337869745643697 
-48.5 -49.0 -48.5 -48.5 -48.5 -48.5 -48.5 -49.0 -48.5 -49.0 -48.5 -48.5 -48.5 -48.5 -48.5 -48.0 -48.5 -48.5 -48.5 -49.0 -50.5 -52.0 -52.0 -53.5 -53.5 -52.0 -52.5 -53.0 -52.5 -52.0 -52.0 -51.5 -51.0 -51.0 -51.5 -52.0 -53.5 -53.0 -50.5 -51.0 -52.5 -53.5 -53.0 -53.0 -53.0 
1.0737865515199487 1.0492428589137786 1.0676506283684062 1.055378782065321 1.043106935762236 1.0921943209745766 1.0676506283684062 1.0921943209745766 1.0676506283684062 1.0921943209745766 1.0799224746714913 1.1290098598838318 1.141281706186917 1.1228739367322893 1.1719613219446299 1.1719613219446299 1.1596894756415448 1.2210487071569704 1.184233168247715 1.2087768608538851 1.2701360923693108 1.3499030933393643 1.5155730184310134 1.7548740213411735 1.7916895602504288 1.5278448647340985 1.521708941582556 1.6260196351587797 1.576932249946439 1.5585244804918115 1.5033011721279284 1.4971652489763858 1.5033011721279284 1.4358060174609601 1.3928545554001621 1.4419419406125027 1.6751070203711202 1.662835174068035 1.6014759425526093 1.4664856332186729 1.3621749396424494 1.3529710549151355 1.2701360923693108 1.1719613219446299 1.1228739367322893 
-51.0 -51.0 -50.5 -51.0 -50.5 -50.5 -51.0 -51.0 -50.5 -51.0 -51.0 -50.5 -50.5 -50.5 -50.5 -50.0 -50.0 -50.5 -50.0 -50.5 -50.5 -51.5 -52.5 -52.0 -50.0 -50.5 -51.0 -51.0 -50.0 -50.5 -50.0 -50.0 -50.0 -50.0 -50.0 -49.5 -50.0 -51.5 -52.0 -52.0 -52.5 -53.5 -53.0 -53.5 -54.5 
1.4051264017032472 1.3499030933393643 1.4051264017032472 1.380582709097077 1.41126232485479 1.41126232485479 1.3437671701878218 1.368310862793992 1.3621749396424494 1.3989904785517047 1.3560390164909069 1.41126232485479 1.3989904785517047 1.5462526341887264 1.423534171157875 1.4542137869155878 1.4480778637640452 1.41126232485479 1.4480778637640452 1.5707963267948966 1.761009944492716 2.061670178918302 2.2457478734645786 2.2518837966161214 1.9573594853420782 1.8285050991596843 1.7794177139473437 1.8714565612204823 1.8285050991596843 1.7855536370988863 1.761009944492716 1.7241944055834606 1.6689710972195777 1.552388557340269 1.5462526341887264 1.705786636128833 1.8960002538266525 2.000310947402876 1.9573594853420782 1.8530487917658545 1.7303303287350031 1.727262367159232 1.5892040962495242 1.521708941582556 1.4787574795217582 
-55.5 -55.5 -55.0 -55.5 -55.5 -55.0 -55.0 -55.5 -55.0 -55.0 -55.5 -55.5 -55.5 -55.5 -55.0 -55.0 -54.5 -55.0 -55.5 -56.5 -57.5 -58.0 -57.5 -52.0 -51.5 -53.0 -53.5 -54.0 -53.5 -53.0 -53.0 -53.0 -52.5 -52.5 -51.5 -51.5 -50.0 -51.5 -52.0 -53.0 -54.5 -57.0 -56.5 -57.0 -57.0 
1.5953400194010667 1.6198837120072371 1.6996507129772904 1.6566992509164924 1.6137477888556946 1.6382914814618648 1.662835174068035 1.6505633277649499 1.6321555583103222 1.6321555583103222 1.6444274046134073 1.5462526341887264 1.6198837120072371 1.6689710972195777 1.6751070203711202 1.6996507129772904 1.7119225592803755 1.6996507129772904 1.662835174068035 1.607611865704152 1.7426021750380885 2.0800779483729293 2.356194490192345 2.1905245651006955 2.073942025221387 2.172116795646068 2.2518837966161214 2.1230294104337273 2.12916533358527 2.1966604882522383 2.1537090261914402 2.1230294104337273 2.043262409463674 2.073942025221387 2.073942025221387 2.043262409463674 2.086213871524472 2.1475731030398975 2.1537090261914402 2.116893487282185 1.945087639038993 5.151107485719983 1.9573594853420782 1.859184714917397 1.9205439464328227 
-55.0 -54.5 -54.0 -54.0 -54.5 -54.0 -54.0 -54.5 -54.0 -54.0 -54.0 -54.0 -53.5 -53.5 -53.0 -53.5 -52.5 -53.0 -53.0 -54.0 -54.5 -55.0 -54.0 -52.5 -53.5 -55.0 -55.0 -55.5 -55.5 -55.5 -55.0 -55.5 -55.0 -55.0 -55.0 -54.0 -54.0 -52.5 -53.0 -55.0 -58.0 -60.5 -59.0 -59.5 -60.0 
5.307573526084319 5.264622064023521 5.197126909356553 5.350524988145116 5.3198453723874035 5.3627968344482015 5.2768939103266055 5.313709449235861 5.258486140871978 5.313709449235861 5.350524988145116 5.301437602932776 5.301437602932776 5.344389064993574 5.295301679781233 5.240078371417351 5.301437602932776 5.332117218690489 5.381204603902829 5.780039608753096 5.8045833013592665 5.964117303299373 6.074563920027139 5.939573610693203 5.663457068873787 5.773903685601553 5.737088146692298 5.553010452146021 5.45483568172134 5.5284667595398505 5.546874528994478 5.4671075280244255 5.203262832508095 5.356660911296659 5.5284667595398505 5.595961914206819 5.45483568172134 5.9518454569962875 5.7616318392984684 5.8045833013592665 5.706408530934585 5.6665250304495585 5.767767762450011 5.700272607783043 5.559146375297564 
-61.5 -61.5 -61.5 -62.0 -61.0 -61.5 -61.0 -62.0 -61.5 -61.0 -61.5 -61.5 -61.0 -61.0 -61.0 -61.5 -60.5 -61.5 -61.5 -61.5 -61.5 -61.0 -58.0 -55.5 -57.5 -56.5 -57.5 -58.0 -59.0 -58.5 -58.5 -59.0 -58.0 -57.5 -57.0 -57.5 -57.5 -56.5 -57.0 -57.5 -58.0 -59.0 -58.0 -59.0 -59.0 
4.7860200582032 4.651029748869264 4.792155981354743 4.865787059173254 4.7860200582032 4.828971520263998 4.779884135051658 4.816699673960914 4.798291904506286 4.681709364626977 4.773748211900116 4.73693267299086 4.798291904506286 4.871922982324796 4.847379289718626 4.804427827657828 4.896466674930966 4.95168998329485 4.970097752749477 5.056000676871073 5.338253141842031 5.522330836388308 5.786175531904639 5.448699758569798 5.227806525114265 5.583690067903734 5.411884219660542 5.381204603902829 5.577554144752192 5.737088146692298 5.700272607783043 5.712544454086128 5.497787143782138 5.387340527054372 5.583690067903734 5.123495831538041 5.111223985234957 5.5100589900852235 5.5100589900852235 5.540738605842936 5.602097837358362 5.9088939949354895 6.252505691421874 0.48473792897186263 0.4356505437595221 
-64.0 -64.5 -63.5 -64.0 -65.0 -63.5 -63.5 -63.0 -63.5 -63.5 -62.5 -63.0 -62.5 -62.0 -61.5 -61.0 -60.0 -61.0 -61.5 -63.5 -62.5 -62.5 -63.0 -61.5 -63.0 -66.5 -63.0 -63.0 -65.5 -64.5 -65.5 -66.0 -64.5 -63.0 -65.5 -65.0 -61.0 -61.0 -62.5 -65.5 -69.0 -73.0 -70.0 -70.5 -70.5 
