2.859340188618835 2.9513790358919736 2.9575149590435164 3.0372819600135696 2.9329712664373457 2.9943304979527716 3.018874190558942 2.8838838812250054 3.0372819600135696 2.9943304979527716 3.000466421104314 3.031146036862027 3.043417883165112 3.0495538063166547 3.104777114680538 2.945243112740431 2.9636508821950587 3.018874190558942 3.067961575771282 3.2336315008629315 3.552699504743145 3.56497135104623 3.4177091954092087 3.2888548092268146 3.2397674240144743 0.4540583132141498 3.5036121195308043 3.3318062712876126 3.4606606574700063 3.6386024288647407 3.6079228131070282 3.6201946594101133 3.5036121195308043 3.411573272257666 2.9820586516496865 3.11091303783208 3.215223731408304 3.32567034813607 3.6754179677739964 3.5833791205008576 0.15339807878856412 3.552699504743145 3.2643111166206444 2.9513790358919736 3.4054373491061236 3.6324665057131984 3.847223816017188 
-63.0 -63.0 -63.0 -63.0 -63.0 -63.0 -63.0 -63.0 -63.0 -63.0 -63.0 -62.5 -63.0 -62.5 -63.0 -63.0 -63.5 -63.5 -64.0 -65.5 -64.5 -62.0 -63.5 -64.0 -65.0 -67.5 -66.0 -65.5 -66.0 -65.0 -64.5 -66.0 -67.0 -67.5 -67.0 -61.5 -61.5 -62.0 -62.0 -65.5 -67.5 -66.5 -66.5 -65.5 -67.0 -66.0 -66.0 
2.325514874434632 2.380738182798515 2.386874105950058 2.36846633649543 2.4175537217077703 2.435961491162398 2.442097414313941 2.4911847995262812 2.4605051837685683 2.564815877344792 2.5034566458293663 2.466641106920111 2.405281875404685 2.435961491162398 2.411417798556228 2.3623304133438876 2.356194490192345 2.3439226438892597 2.405281875404685 2.509592568980909 2.282563412373834 2.60776733940559 2.5280003384355365 2.509592568980909 3.141592653589793 3.448388811166921 3.2520392703175593 3.08636934522591 2.9084275738311756 2.7857091108003242 2.8532042654672924 2.9022916506796332 3.0066023442558567 3.0925052683774528 3.3195344249845276 3.074097498922825 3.1231848841351653 2.8654761117703775 2.2334760271614935 2.073942025221387 1.9757672547967058 2.141437179888355 2.012582793705961 1.8162332528565992 1.8530487917658545 1.9819031779482483 2.0064468705544187 1.9266798695843652 
-63.0 -63.0 -63.5 -63.0 -63.0 -63.5 -63.0 -63.0 -63.0 -63.5 -63.0 -63.5 -63.0 -63.0 -63.0 -63.5 -63.5 -63.5 -63.5 -63.0 -63.0 -62.5 -62.5 -63.5 -65.0 -64.0 -63.0 -62.0 -61.5 -62.0 -62.5 -62.5 -62.0 -62.0 -63.5 -65.0 -65.0 -64.5 -66.0 -63.5 -63.0 -62.0 -62.5 -61.0 -61.5 -61.5 -61.5 -61.5 
0.7731263170943632 0.7915340865489908 0.7731263170943632 0.803805932852076 0.8099418560036186 0.7915340865489908 0.7731263170943632 0.7853981633974483 0.7731263170943632 0.7915340865489908 0.8099418560036186 0.7915340865489908 0.8406214717613314 0.8283496254582462 0.8222137023067037 0.8344855486097889 0.8467573949128739 0.8467573949128739 0.8528933180644165 0.8774370106705868 0.9387962421860124 1.0615147052168636 1.1167380135807468 1.0185632431560658 1.3192234775816514 1.2885438618239387 1.1167380135807468 1.1228739367322893 1.1044661672776617 1.0737865515199487 1.043106935762236 1.012427320004523 1.086058397823034 1.1228739367322893 1.227184630308513 1.2517283229146832 1.2885438618239387 1.184233168247715 1.184233168247715 1.239456476611598 1.1658253987930873 1.1290098598838318 1.0737865515199487 1.055378782065321 1.1903690913992575 1.1719613219446299 1.2333205534600555 1.184233168247715 
-50.0 -50.0 -50.0 -50.0 -50.0 -50.0 -50.0 -50.0 -50.0 -50.0 -50.0 -49.5 -49.5 -49.5 -49.5 -49.5 -49.5 -49.5 -49.0 -49.5 -49.5 -50.0 -51.0 -52.5 -53.0 -51.5 -50.5 -51.5 -51.5 -51.5 -51.5 -51.5 -51.0 -50.5 -51.0 -52.0 -52.5 -52.0 -50.0 -50.0 -50.0 -49.0 -49.0 -49.0 -49.0 -48.5 -48.5 -48.5 
0.9326603190344698 0.9203884727313847 0.944932165337555 0.9572040116406401 0.9694758579437253 0.9572040116406401 0.9510680884890975 0.9694758579437253 0.9756117810952678 0.9694758579437253 0.9387962421860124 0.9510680884890975 0.9694758579437253 0.9694758579437253 0.9572040116406401 0.9694758579437253 0.9878836273983529 0.9633399347921826 0.9940195505498954 0.9756117810952678 1.0676506283684062 1.1965050145508 1.3867186322486196 1.6260196351587797 1.705786636128833 1.4296700943094176 1.2640001692177683 1.4051264017032472 1.5155730184310134 1.4971652489763858 1.4787574795217582 1.4726215563702154 1.4910293258248433 1.3928545554001621 1.3867186322486196 1.3192234775816514 1.4910293258248433 1.6198837120072371 1.5401167110371838 1.4480778637640452 1.3989904785517047 1.2701360923693108 1.2026409377023426 1.1903690913992575 1.1719613219446299 1.1658253987930873 1.1965050145508 1.1719613219446299 
-52.0 -52.0 -52.0 -52.0 -52.0 -52.5 -52.0 -52.0 -52.0 -52.0 -52.0 -52.0 -52.0 -51.5 -52.0 -51.5 -51.5 -52.0 -51.5 -52.0 -51.5 -51.5 -52.0 -52.0 -50.5 -49.0 -49.5 -50.5 -50.5 -50.5 -50.0 -50.0 -50.5 -50.5 -50.0 -49.5 -49.5 -51.0 -52.0 -52.0 -51.5 -51.0 -51.0 -51.0 -50.5 -51.0 -51.5 -51.0 
1.337631247036279 1.3499030933393643 1.3069516312785663 1.3314953238847365 1.3560390164909069 1.337631247036279 1.3069516312785663 1.3560390164909069 1.325359400733194 1.3192234775816514 1.3192234775816514 1.3560390164909069 1.2578642460662257 1.3192234775816514 1.2946797849754812 1.3069516312785663 1.2885438618239387 1.3130875544301088 1.2762720155208536 1.3192234775816514 1.5830681730979816 1.8223691760081417 2.086213871524472 2.110757564130642 1.9512235621905356 1.662835174068035 1.6260196351587797 1.6382914814618648 1.748738098189631 1.7732817907958012 1.7855536370988863 1.7855536370988863 1.748738098189631 1.6873788666742053 1.564660403643354 1.6873788666742053 1.7794177139473437 1.9082721001297376 2.024854640009046 2.0064468705544187 1.846912868614312 1.6566992509164924 1.4603497100671303 1.3989904785517047 1.3499030933393643 1.5033011721279284 1.3928545554001621 1.3744467859455345 
-56.5 -56.5 -56.5 -56.5 -56.5 -56.5 -56.5 -56.5 -56.0 -56.0 -56.0 -56.0 -56.5 -56.0 -56.0 -56.0 -56.0 -56.0 -56.0 -56.0 -56.5 -55.5 -55.0 -53.0 -50.0 -51.0 -51.0 -52.0 -53.0 -52.5 -52.5 -52.0 -52.0 -52.5 -52.0 -50.5 -51.0 -50.5 -52.0 -52.5 -54.0 -55.5 -55.0 -55.0 -54.0 -54.5 -55.0 -55.0 
1.576932249946439 1.5830681730979816 1.521708941582556 1.5585244804918115 1.6014759425526093 1.564660403643354 1.6137477888556946 1.6321555583103222 1.6014759425526093 1.564660403643354 1.607611865704152 1.607611865704152 1.5585244804918115 1.5585244804918115 1.5401167110371838 1.5707963267948966 1.5707963267948966 1.5892040962495242 1.5707963267948966 1.5585244804918115 1.7978254834019713 2.1905245651006955 2.2457478734645786 1.8960002538266525 1.9696313316451632 2.073942025221387 2.0800779483729293 2.055534255766759 2.1475731030398975 2.1598449493429825 2.0800779483729293 2.018718716857504 1.9941750242513334 2.073942025221387 2.061670178918302 1.9573594853420782 1.932815792735908 2.1659808724945253 2.2150682577068657 1.8960002538266525 1.7548740213411735 1.705786636128833 1.6812429435226628 1.7426021750380885 1.7241944055834606 1.705786636128833 1.6873788666742053 
-56.5 -56.5 -56.5 -56.5 -56.5 -57.0 -57.0 -57.0 -57.0 -56.5 -56.5 -56.5 -56.0 -56.0 -56.0 -56.0 -56.0 -56.0 -57.0 -57.0 -56.5 -54.5 -53.0 -52.5 -54.5 -54.5 -54.0 -55.0 -55.5 -54.5 -55.0 -55.0 -54.0 -54.0 -54.5 -54.0 -53.0 -52.0 -52.0 -53.5 -53.5 -53.5 -52.5 -52.5 -52.5 -53.5 -53.0 
5.442563835418255 5.473243451175968 5.411884219660542 5.350524988145116 5.50392306693368 5.393476450205914 5.43029198911517 5.460971604872882 5.405748296509 5.399612373357457 5.399612373357457 5.387340527054372 5.344389064993574 5.301437602932776 5.3627968344482015 5.344389064993574 5.393476450205914 5.246214294568893 5.356660911296659 5.418020142812084 5.651185222570702 5.724816300389213 5.822991070813893 5.884350302329319 5.5714182216006485 5.546874528994478 5.638913376267617 5.436427912266712 5.227806525114265 5.2768939103266055 5.332117218690489 5.368932757599744 5.21553467881118 5.197126909356553 5.283029833478148 5.620505606812989 5.5284667595398505 5.534602682691394 5.767767762450011 5.829126993965437 5.810719224510809 5.688000761479957 5.45483568172134 5.43029198911517 5.2768939103266055 5.252350217720435 5.442563835418255 5.368932757599744 
-62.0 -62.0 -62.0 -62.0 -63.0 -62.5 -62.5 -62.0 -61.5 -62.0 -62.5 -62.0 -61.5 -62.0 -62.5 -62.0 -62.5 -62.5 -62.5 -62.0 -61.0 -60.5 -60.0 -57.5 -56.5 -58.5 -57.5 -58.0 -58.0 -59.5 -60.0 -59.0 -58.0 -57.5 -57.5 -56.5 -58.0 -57.0 -56.5 -59.0 -60.0 -60.5 -61.0 -62.0 -63.0 -62.5 -63.0 -61.5 
4.509903516383785 4.534447208989955 4.626486056263094 4.583534594202296 4.657165672020807 4.387185053352934 4.546719055293041 4.663301595172349 4.546719055293041 4.595806440505381 4.3503695144436785 4.571262747899211 4.417864669110647 4.589670517353839 4.442408361716817 4.583534594202296 4.608078286808466 4.614214209960009 4.638757902566179 4.73693267299086 4.890330751779424 5.178719139901925 5.534602682691394 5.608233760509904 4.97623367590102 5.737088146692298 5.491651220630596 5.338253141842031 5.743224069843841 5.773903685601553 5.6573211457222445 5.730952223540755 5.632777453116074 5.485515297479052 5.47937937432751 5.681864838328415 5.338253141842031 5.166447293598839 5.534602682691394 5.589825991055276 5.45483568172134 5.166447293598839 5.043728830567988 4.994641445355648 4.994641445355648 4.92714629068868 4.816699673960914 4.792155981354743 
-71.0 -65.0 -69.5 -70.5 -69.5 -70.5 -70.0 -70.0 -71.5 -71.0 -71.0 -70.0 -69.5 -69.5 -68.5 -67.5 -67.5 -68.0 -67.5 -67.5 -70.0 -66.0 -64.0 -61.0 -62.0 -65.5 -64.0 -63.5 -66.5 -63.5 -63.5 -64.0 -64.0 -66.0 -63.5 -64.5 -63.0 -61.5 -61.5 -61.0 -61.5 -64.0 -64.0 -61.0 -62.0 -62.5 -62.5 -61.5 
