3.5895150436524004 3.4054373491061236 3.3440781175906977 3.436116964863836 3.2643111166206444 3.2827188860752723 3.160000423044421 3.423845118560751 3.227495577711389 3.1661363461959633 3.2520392703175593 3.2520392703175593 3.399301425954581 3.3072625786814425 3.2949907323783574 3.4054373491061236 3.423845118560751 3.509748042682347 0.7117670855789375 3.3379421944391554 3.2704470397721868 3.663146121470911 3.7429131224409646 3.9392626632903265 3.767456815047135 3.522019888985432 3.5036121195308043 3.724505352986337 3.6447383520162835 3.6201946594101133 3.6754179677739964 3.399301425954581 3.2213596545598464 3.4177091954092087 3.2336315008629315 3.356349963893783 3.509748042682347 2.9206994201342606 2.662990647769473 2.8286605728611223 2.84706834231575 2.7979809571034093 2.834796496012665 2.9268353432858034 
-63.5 -63.5 -64.0 -63.5 -62.5 -63.0 -63.5 -63.0 -63.5 -63.5 -63.5 -63.5 -63.5 -63.0 -63.5 -63.5 -64.0 -66.0 -66.5 -64.5 -67.0 -67.0 -67.0 -68.0 -67.0 -67.0 -66.5 -67.5 -66.0 -67.5 -68.0 -69.0 -66.0 -65.5 -65.0 -63.0 -64.0 -67.0 -66.5 -66.5 -65.5 -65.5 -64.5 -64.5 
2.2027964114037806 2.313243028131547 2.2212041808584084 2.2457478734645786 2.270291566070749 2.1598449493429825 2.2212041808584084 2.3316507975861747 2.2641556429192065 2.1475731030398975 2.2212041808584084 2.1475731030398975 2.2396119503130363 2.2334760271614935 2.086213871524472 2.2212041808584084 2.073942025221387 2.055534255766759 2.2089323345553233 2.184388641949153 2.1537090261914402 2.761165418194154 2.859340188618835 3.3195344249845276 2.9943304979527716 2.742757648739526 2.705942109830271 2.60776733940559 2.662990647769473 2.724349879284899 3.1354567304382504 3.1231848841351653 2.8286605728611223 2.724349879284899 2.2334760271614935 2.012582793705961 2.024854640009046 1.9941750242513334 1.9082721001297376 1.9757672547967058 1.9205439464328227 1.88986433067511 1.932815792735908 1.9696313316451632 
-63.0 -63.0 -62.5 -63.5 -63.5 -62.0 -63.0 -63.0 -62.5 -62.5 -63.0 -63.0 -62.5 -62.5 -62.0 -62.5 -63.0 -62.5 -62.0 -62.5 -64.5 -66.5 -66.5 -64.0 -63.0 -62.5 -62.5 -63.0 -62.5 -61.5 -62.5 -65.5 -66.0 -67.0 -65.5 -63.0 -62.0 -62.0 -62.0 -63.0 -62.5 -63.5 -62.5 -62.5 
1.1965050145508 1.2026409377023426 1.1903690913992575 1.1903690913992575 1.2087768608538851 1.2026409377023426 1.1658253987930873 1.2026409377023426 1.1903690913992575 1.1290098598838318 1.1474176293384597 1.141281706186917 1.1596894756415448 1.1658253987930873 1.1719613219446299 1.2210487071569704 1.1719613219446299 1.1903690913992575 1.214912784005428 1.239456476611598 1.1535535524900022 1.141281706186917 1.5278448647340985 1.4296700943094176 1.214912784005428 1.2026409377023426 1.2026409377023426 1.1719613219446299 1.1658253987930873 1.1719613219446299 1.1965050145508 1.2455923997631406 1.2640001692177683 1.380582709097077 1.3989904785517047 1.1044661672776617 1.0921943209745766 1.227184630308513 1.1106020904292042 0.9633399347921826 0.9142525495798421 0.8958447801252144 0.9633399347921826 0.9081166264282996 0.9510680884890975 
-48.5 -48.5 -49.0 -48.5 -48.5 -49.0 -48.5 -48.5 -49.0 -48.5 -48.5 -48.5 -48.5 -48.5 -49.0 -48.5 -48.5 -49.0 -49.5 -52.0 -52.5 -53.0 -54.5 -52.5 -51.5 -52.5 -52.0 -52.0 -52.0 -52.0 -51.5 -51.5 -51.0 -52.0 -53.5 -52.0 -51.0 -50.0 -50.5 -50.5 -50.5 -50.0 -50.0 -49.5 -49.5 
1.1535535524900022 1.2087768608538851 1.1965050145508 1.214912784005428 1.2026409377023426 1.1903690913992575 1.1719613219446299 1.184233168247715 1.214912784005428 1.1719613219446299 1.1474176293384597 1.1780972450961724 1.1903690913992575 1.1106020904292042 1.1903690913992575 1.1596894756415448 1.1965050145508 1.1965050145508 1.1965050145508 1.3744467859455345 1.4603497100671303 1.6935147898257479 1.859184714917397 1.6382914814618648 1.5033011721279284 1.5462526341887264 1.6321555583103222 1.6014759425526093 1.5585244804918115 1.5707963267948966 1.5707963267948966 1.4971652489763858 1.380582709097077 1.4971652489763858 1.7241944055834606 1.6812429435226628 1.4971652489763858 1.3867186322486196 1.184233168247715 1.0676506283684062 1.0676506283684062 1.043106935762236 1.030835089459151 1.0492428589137786 1.055378782065321 
-50.5 -50.5 -50.5 -50.5 -50.5 -50.5 -50.5 -50.5 -50.5 -50.0 -50.5 -50.5 -50.5 -50.0 -50.5 -50.5 -50.0 -51.0 -50.5 -51.5 -53.0 -52.5 -50.5 -50.0 -50.5 -51.0 -50.5 -50.5 -50.5 -50.5 -50.5 -50.5 -50.0 -49.5 -50.5 -51.5 -52.5 -52.0 -51.5 -51.0 -51.5 -51.5 -51.0 -51.5 -51.0 
1.41126232485479 1.380582709097077 1.41126232485479 1.4480778637640452 1.4480778637640452 1.4664856332186729 1.4358060174609601 1.4296700943094176 1.4542137869155878 1.4419419406125027 1.4480778637640452 1.3621749396424494 1.4419419406125027 1.4664856332186729 1.4480778637640452 1.3744467859455345 1.4726215563702154 1.4358060174609601 1.5462526341887264 1.945087639038993 2.1659808724945253 2.337786720737717 1.9880391010997909 1.902136176978195 1.8162332528565992 1.8653206380689396 1.9634954084936207 1.8653206380689396 1.8530487917658545 1.8223691760081417 1.8714565612204823 1.7426021750380885 1.736466251886546 1.8100973297050567 1.945087639038993 2.1966604882522383 2.1782527187976104 2.1475731030398975 1.9266798695843652 1.736466251886546 1.5707963267948966 1.552388557340269 1.4848934026733007 1.3928545554001621 1.4051264017032472 
-56.0 -56.5 -56.0 -56.5 -56.5 -56.5 -56.5 -56.5 -56.5 -56.5 -57.0 -57.0 -56.5 -56.0 -56.0 -56.5 -56.5 -57.0 -58.0 -59.0 -59.5 -56.5 -51.5 -52.0 -52.5 -53.0 -52.0 -52.0 -52.0 -52.0 -52.0 -52.0 -51.0 -51.0 -50.0 -52.5 -55.0 -55.0 -56.5 -58.0 -58.5 -58.5 -58.0 -57.5 -57.5 
1.7241944055834606 1.6996507129772904 1.6382914814618648 1.6935147898257479 1.7241944055834606 1.7119225592803755 1.7426021750380885 1.718058482431918 1.7241944055834606 1.6873788666742053 1.7241944055834606 1.6935147898257479 1.6505633277649499 1.6689710972195777 1.718058482431918 1.7303303287350031 1.718058482431918 1.7241944055834606 1.6689710972195777 1.9573594853420782 2.270291566070749 2.3009711818284617 2.061670178918302 2.12916533358527 2.2150682577068657 2.184388641949153 2.12916533358527 2.1353012567368124 2.1659808724945253 2.116893487282185 2.055534255766759 2.1659808724945253 2.1475731030398975 2.0923497946760143 2.024854640009046 2.141437179888355 2.184388641949153 2.1353012567368124 1.7794177139473437 1.6382914814618648 1.6014759425526093 1.6137477888556946 1.6137477888556946 1.6014759425526093 1.6198837120072371 
-53.0 -53.0 -53.0 -53.0 -53.5 -53.0 -53.5 -53.5 -53.0 -53.5 -53.5 -53.0 -53.5 -53.0 -53.0 -53.5 -53.0 -53.5 -54.0 -54.5 -55.0 -53.0 -53.5 -54.5 -55.5 -54.0 -55.0 -55.0 -54.5 -54.5 -54.0 -54.0 -55.0 -53.5 -53.5 -52.5 -52.5 -53.0 -54.5 -56.0 -56.0 -55.5 -54.5 -55.0 -54.0 
5.4671075280244255 5.436427912266712 5.460971604872882 5.442563835418255 5.411884219660542 5.47937937432751 5.473243451175968 5.381204603902829 5.405748296509 5.47937937432751 5.460971604872882 5.45483568172134 5.381204603902829 5.411884219660542 5.47937937432751 5.381204603902829 5.436427912266712 5.350524988145116 5.8475347634200645 5.921165841238575 6.105243535784852 6.154330920997192 5.706408530934585 5.8475347634200645 5.6941366846315 5.632777453116074 5.411884219660542 5.387340527054372 5.393476450205914 5.325981295538946 5.270757987175063 5.4671075280244255 5.546874528994478 5.6573211457222445 5.589825991055276 5.872078456026235 5.939573610693203 5.872078456026235 5.798447378207723 5.6573211457222445 5.626641529964532 5.632777453116074 5.553010452146021 5.485515297479052 5.473243451175968 
-62.0 -61.5 -61.5 -61.5 -60.0 -62.0 -61.5 -61.5 -61.5 -61.0 -61.0 -61.5 -61.0 -61.0 -61.5 -61.0 -61.0 -61.5 -61.0 -61.5 -59.5 -57.5 -57.5 -56.5 -57.0 -57.0 -58.0 -59.0 -59.0 -59.0 -58.0 -58.5 -57.5 -58.0 -57.0 -56.5 -59.0 -60.5 -60.5 -60.0 -60.5 -61.0 -61.0 -61.0 -62.0 
4.896466674930966 4.963961829597935 4.896466674930966 4.816699673960914 4.853515212870168 4.896466674930966 4.896466674930966 5.031456984264903 4.804427827657828 4.743068596142402 4.859651136021712 4.847379289718626 4.755340442445488 4.853515212870168 4.767612288748572 4.847379289718626 4.792155981354743 4.9394181369917645 5.049864753719531 5.45483568172134 5.730952223540755 5.602097837358362 5.129631754689584 5.289165756629691 5.565282298449106 5.387340527054372 5.47937937432751 5.66959299202533 5.632777453116074 5.700272607783043 5.448699758569798 5.411884219660542 5.681864838328415 5.436427912266712 5.221670601962723 5.553010452146021 5.534602682691394 5.2339424482658075 5.043728830567988 4.97623367590102 4.896466674930966 4.743068596142402 4.6878452877785195 4.6878452877785195 4.73693267299086 
-61.5 -62.0 -61.5 -61.5 -61.0 -61.5 -61.5 -61.5 -61.5 -61.5 -60.0 -61.5 -61.5 -61.0 -61.0 -60.5 -60.5 -61.0 -62.0 -62.0 -62.5 -61.5 -60.0 -64.5 -63.0 -63.0 -63.5 -64.5 -64.5 -64.5 -65.0 -64.0 -65.5 -66.0 -61.5 -62.0 -62.5 -62.0 -64.5 -65.0 -65.0 -65.0 -64.5 -64.5 -64.5 
