3.043417883165112 3.3379421944391554 3.393165502803038 3.1968159619536762 3.3318062712876126 3.3072625786814425 3.06182565261974 3.380893656499953 3.3624858870453256 3.2213596545598464 3.1784081924990484 3.2397674240144743 3.2520392703175593 3.1661363461959633 3.1784081924990484 3.227495577711389 3.399301425954581 3.0925052683774528 0.018407769454627694 0.3865631585471816 3.724505352986337 3.6692820446224537 3.4606606574700063 3.4606606574700063 3.4606606574700063 3.9515345095934116 3.5158839658338894 3.393165502803038 3.3502140407422405 3.4054373491061236 3.3624858870453256 3.7429131224409646 0.25157284921324513 3.2029518851052186 3.472932503773092 3.5281558121369745 3.9147189706841563 4.221515128261284 3.9515345095934116 3.2520392703175593 3.5036121195308043 3.3747577333484107 3.1784081924990484 3.313398501832985 3.411573272257666 
-63.0 -64.0 -64.5 -63.0 -63.5 -63.5 -63.5 -64.0 -63.5 -63.0 -64.5 -64.5 -63.5 -64.0 -64.5 -64.0 -64.5 -64.0 -65.5 -68.5 -66.5 -63.0 -64.0 -64.5 -66.5 -66.5 -63.5 -63.5 -64.0 -65.0 -65.0 -66.5 -67.0 -64.5 -64.0 -63.5 -63.5 -65.0 -68.0 -65.0 -65.0 -64.5 -65.0 -64.5 -65.0 
2.086213871524472 1.8960002538266525 2.313243028131547 2.1046216409791 2.270291566070749 2.116893487282185 2.172116795646068 2.110757564130642 2.1353012567368124 2.030990563160589 2.000310947402876 2.000310947402876 2.098485717827557 1.902136176978195 2.1046216409791 2.086213871524472 1.9205439464328227 2.110757564130642 1.902136176978195 2.0493983326152168 2.2641556429192065 2.3009711818284617 2.3071071049800045 6.1420590746941075 3.1784081924990484 3.466796580621549 2.9391071895888885 2.6445828783148455 2.693670263527186 2.705942109830271 2.5893595699509624 2.767301341345697 3.0066023442558567 0.2699806186678728 5.872078456026235 2.380738182798515 2.043262409463674 1.932815792735908 1.9205439464328227 2.055534255766759 2.1475731030398975 2.1230294104337273 2.098485717827557 2.3009711818284617 2.1353012567368124 2.1230294104337273 
-62.5 -63.0 -63.0 -62.5 -62.0 -63.0 -63.0 -63.0 -62.5 -63.0 -62.5 -63.0 -62.5 -63.0 -63.0 -62.5 -63.0 -63.0 -63.0 -62.5 -62.0 -62.0 -64.0 -67.0 -66.0 -63.5 -61.5 -61.5 -62.5 -62.5 -61.5 -61.5 -63.0 -68.0 -67.0 -65.5 -63.0 -61.5 -61.5 -62.0 -61.5 -61.0 -61.5 -61.5 -61.5 -60.5 
0.9878836273983529 1.0062913968529805 1.0369710126106935 1.0492428589137786 1.0615147052168636 1.0369710126106935 1.0492428589137786 1.043106935762236 1.000155473701438 1.0185632431560658 1.000155473701438 0.9878836273983529 1.0062913968529805 1.030835089459151 1.0185632431560658 1.000155473701438 1.0369710126106935 1.0062913968529805 1.0246991663076084 1.0615147052168636 1.1965050145508 1.1719613219446299 1.086058397823034 1.423534171157875 1.423534171157875 1.1106020904292042 1.086058397823034 1.0737865515199487 1.1167380135807468 1.1290098598838318 1.1290098598838318 1.1351457830353744 1.1596894756415448 1.2455923997631406 1.5462526341887264 1.4480778637640452 1.214912784005428 1.325359400733194 1.4480778637640452 1.4296700943094176 1.3130875544301088 1.2578642460662257 1.2640001692177683 1.337631247036279 1.3069516312785663 1.3499030933393643 
-48.5 -48.5 -48.5 -49.0 -48.5 -48.5 -49.0 -49.0 -48.5 -49.0 -48.5 -48.5 -49.0 -48.5 -48.5 -49.0 -49.0 -49.0 -48.5 -49.0 -50.5 -51.0 -52.0 -53.0 -51.0 -50.5 -51.5 -51.5 -52.0 -52.0 -52.0 -51.5 -51.5 -51.0 -53.0 -53.5 -51.5 -50.0 -50.5 -50.5 -49.5 -49.5 -49.0 -49.0 -49.0 -49.0 
1.086058397823034 1.1290098598838318 1.1106020904292042 1.1474176293384597 1.1535535524900022 1.1596894756415448 1.1596894756415448 1.1290098598838318 1.0921943209745766 1.1044661672776617 1.1228739367322893 1.0921943209745766 1.0615147052168636 1.1228739367322893 1.0676506283684062 1.0492428589137786 1.0983302441261191 1.0983302441261191 1.1044661672776617 1.1167380135807468 1.282407938672396 1.3560390164909069 1.6812429435226628 1.7794177139473437 1.4419419406125027 1.3069516312785663 1.4542137869155878 1.5033011721279284 1.4480778637640452 1.509437095279471 1.4848934026733007 1.4910293258248433 1.4296700943094176 1.368310862793992 1.5830681730979816 1.7119225592803755 1.5585244804918115 1.4358060174609601 1.3744467859455345 1.3192234775816514 1.2578642460662257 1.2455923997631406 1.2578642460662257 1.214912784005428 1.2640001692177683 1.2333205534600555 
-51.0 -51.0 -51.0 -50.5 -50.5 -50.5 -50.5 -51.0 -51.0 -50.5 -51.0 -51.0 -50.5 -50.5 -50.5 -51.0 -50.5 -50.5 -51.0 -51.0 -50.5 -51.5 -51.5 -50.0 -49.0 -49.5 -50.5 -50.5 -50.0 -50.0 -50.0 -50.5 -50.5 -50.0 -49.5 -51.0 -52.5 -52.0 -52.0 -51.5 -51.0 -51.0 -50.5 -51.0 -50.0 -50.0 
1.2455923997631406 1.337631247036279 1.325359400733194 1.3192234775816514 1.4051264017032472 1.2885438618239387 1.3314953238847365 1.3069516312785663 1.2640001692177683 1.2578642460662257 1.325359400733194 1.3130875544301088 1.2640001692177683 1.3560390164909069 1.2762720155208536 1.3192234775816514 1.337631247036279 1.3192234775816514 1.423534171157875 1.4358060174609601 1.8285050991596843 2.073942025221387 2.1905245651006955 1.9512235621905356 1.736466251886546 1.6566992509164924 1.7548740213411735 1.718058482431918 1.705786636128833 1.718058482431918 1.7241944055834606 1.7916895602504288 1.6996507129772904 1.6873788666742053 1.9205439464328227 2.0800779483729293 2.2580197197676637 2.1782527187976104 2.098485717827557 1.9634954084936207 1.6873788666742053 1.521708941582556 1.5033011721279284 1.4419419406125027 1.5033011721279284 1.509437095279471 
-56.5 -56.5 -55.5 -56.0 -56.0 -56.0 -56.0 -56.0 -56.5 -56.0 -56.5 -56.5 -56.5 -56.5 -56.0 -56.0 -56.5 -56.5 -56.0 -56.5 -56.0 -56.0 -53.0 -49.5 -50.5 -51.5 -51.5 -51.0 -52.0 -52.5 -51.5 -52.0 -52.0 -51.0 -50.5 -51.0 -54.5 -55.5 -54.5 -55.5 -57.5 -58.5 -57.0 -56.5 -56.0 -55.5 
1.6260196351587797 1.6198837120072371 1.6689710972195777 1.6751070203711202 1.6505633277649499 1.6566992509164924 1.6689710972195777 1.6812429435226628 1.5155730184310134 1.6198837120072371 1.6751070203711202 1.5830681730979816 1.6505633277649499 1.5953400194010667 1.6935147898257479 1.6260196351587797 1.6444274046134073 1.6505633277649499 1.6382914814618648 1.5830681730979816 1.7916895602504288 2.12916533358527 2.227340104009951 1.9819031779482483 2.024854640009046 2.1353012567368124 1.932815792735908 2.0064468705544187 2.043262409463674 2.012582793705961 2.030990563160589 1.9696313316451632 2.000310947402876 2.067806102069844 2.0493983326152168 2.1353012567368124 2.282563412373834 2.2764274892222915 2.2457478734645786 1.9941750242513334 1.7548740213411735 1.6996507129772904 1.6812429435226628 1.748738098189631 1.7119225592803755 1.748738098189631 
-55.0 -54.5 -55.0 -54.5 -54.0 -54.5 -54.5 -54.0 -54.0 -54.0 -54.0 -53.5 -54.0 -54.0 -54.0 -54.0 -54.0 -54.0 -54.0 -55.0 -54.5 -54.0 -51.5 -52.5 -53.5 -55.0 -54.5 -54.5 -54.0 -54.0 -54.5 -55.0 -54.0 -55.0 -53.5 -53.0 -52.5 -53.0 -53.0 -54.5 -53.5 -54.0 -53.0 -53.0 -53.0 -53.0 
5.50392306693368 5.516194913236766 5.5100589900852235 5.485515297479052 5.5100589900852235 5.418020142812084 5.497787143782138 5.5100589900852235 5.47937937432751 5.522330836388308 5.485515297479052 5.448699758569798 5.411884219660542 5.45483568172134 5.405748296509 5.534602682691394 5.540738605842936 5.387340527054372 5.47937937432751 5.6573211457222445 5.8659425328746915 5.8045833013592665 5.93343768754166 5.5714182216006485 5.602097837358362 5.50392306693368 5.43029198911517 5.295301679781233 5.47937937432751 5.681864838328415 5.405748296509 5.368932757599744 5.473243451175968 5.632777453116074 5.681864838328415 5.700272607783043 5.970253226450915 6.043884304269426 5.890486225480862 5.8659425328746915 5.792311455056181 5.638913376267617 5.5714182216006485 5.540738605842936 5.546874528994478 5.442563835418255 
-61.5 -62.0 -61.5 -62.0 -61.5 -62.5 -62.5 -62.0 -62.0 -62.0 -61.5 -62.5 -62.0 -61.5 -62.5 -62.0 -62.5 -62.5 -62.0 -61.5 -61.5 -60.5 -56.5 -56.5 -57.0 -57.5 -57.0 -58.0 -58.5 -58.5 -58.5 -58.0 -57.5 -56.5 -57.5 -56.0 -56.0 -58.5 -58.5 -57.5 -58.5 -59.0 -60.0 -60.0 -60.0 -60.5 
4.755340442445488 4.693981210930062 4.76147636559703 4.798291904506286 4.773748211900116 4.724660826687775 4.81056375080937 4.724660826687775 4.73693267299086 4.816699673960914 4.8351074434155406 4.773748211900116 4.779884135051658 4.871922982324796 4.81056375080937 4.841243366567084 4.773748211900116 4.878058905476339 4.7860200582032 5.019185137961818 5.258486140871978 5.491651220630596 5.546874528994478 5.135767677841127 5.411884219660542 5.399612373357457 5.4671075280244255 5.688000761479957 5.6941366846315 5.730952223540755 5.773903685601553 5.540738605842936 5.491651220630596 5.313709449235861 5.252350217720435 5.540738605842936 5.45483568172134 5.393476450205914 5.411884219660542 5.037592907416445 4.92714629068868 4.792155981354743 4.822835597112456 4.792155981354743 4.7860200582032 
-63.5 -63.5 -63.5 -64.0 -63.5 -64.0 -63.5 -63.0 -62.5 -63.5 -62.5 -63.0 -62.5 -63.5 -62.5 -62.5 -62.5 -62.5 -63.0 -64.0 -63.5 -62.0 -60.5 -60.5 -66.0 -63.0 -63.0 -63.0 -63.0 -63.5 -64.0 -63.5 -63.0 -63.0 -62.0 -62.5 -61.0 -60.0 -59.5 -60.5 -61.0 -60.0 -59.0 -60.0 -59.5 
