2.1905245651006955 5.313709449235861 5.338253141842031 5.227806525114265 2.386874105950058 5.473243451175968 5.405748296509 5.338253141842031 2.227340104009951 5.473243451175968 5.436427912266712 2.4605051837685683 2.9022916506796332 6.215690152512618 0.23930100291016002 2.8716120349219203 6.062292073724054 3.356349963893783 0.9265243958829272 5.2339424482658075 5.086680292628786 1.5278448647340985 
-77.0 -76.5 -77.5 -76.0 -74.0 -76.0 -76.5 -76.5 -74.0 -76.5 -76.5 -69.5 -72.0 -72.5 -73.5 -70.5 -70.0 -68.0 -70.0 -69.5 -73.0 -75.5 
2.0371264863121317 2.030990563160589 2.018718716857504 1.9573594853420782 1.9512235621905356 2.098485717827557 2.0371264863121317 1.932815792735908 2.0371264863121317 2.000310947402876 2.055534255766759 2.0800779483729293 2.1966604882522383 2.0923497946760143 2.055534255766759 2.012582793705961 2.1598449493429825 2.116893487282185 2.3316507975861747 2.030990563160589 2.0923497946760143 2.2764274892222915 2.435961491162398 2.4727770300716534 2.6384469551633027 2.521864415283994 2.098485717827557 1.9082721001297376 1.8346410223112268 1.8530487917658545 1.8346410223112268 2.1782527187976104 2.564815877344792 2.6445828783148455 2.748893571891069 2.5034566458293663 2.435961491162398 2.9268353432858034 2.816388726558037 2.6568547246179306 2.4727770300716534 2.1966604882522383 2.2089323345553233 
-64.0 -64.0 -64.0 -64.5 -63.5 -63.5 -64.0 -64.0 -63.5 -63.5 -64.0 -64.0 -64.5 -64.5 -64.0 -64.5 -63.5 -64.0 -63.0 -63.0 -63.0 -64.5 -61.5 -65.5 -68.0 -64.5 -63.5 -62.5 -62.0 -62.5 -62.0 -63.5 -64.5 -66.5 -66.0 -65.5 -64.5 -65.0 -65.0 -65.0 -63.5 -64.0 -63.0 
0.9387962421860124 0.9756117810952678 0.9510680884890975 0.944932165337555 1.0062913968529805 0.9817477042468103 0.9940195505498954 1.0799224746714913 1.0676506283684062 1.000155473701438 1.0615147052168636 1.0246991663076084 1.055378782065321 1.043106935762236 1.0246991663076084 1.0062913968529805 1.000155473701438 1.0185632431560658 1.012427320004523 1.1044661672776617 1.0369710126106935 1.2455923997631406 1.3069516312785663 1.141281706186917 1.3499030933393643 1.2333205534600555 1.1167380135807468 1.1228739367322893 1.184233168247715 1.1535535524900022 1.1228739367322893 1.0921943209745766 1.2026409377023426 1.3130875544301088 1.4419419406125027 1.2578642460662257 1.1719613219446299 1.227184630308513 1.325359400733194 1.3499030933393643 1.3437671701878218 1.1719613219446299 1.1351457830353744 
-57.0 -57.0 -56.5 -56.5 -56.5 -56.5 -56.5 -56.0 -56.0 -56.0 -56.0 -56.0 -56.5 -56.0 -56.5 -56.5 -56.5 -56.0 -55.5 -55.5 -55.5 -55.0 -52.5 -54.5 -55.5 -54.0 -55.0 -56.0 -56.0 -56.0 -56.0 -55.5 -54.5 -54.0 -55.0 -55.0 -53.5 -52.5 -53.5 -55.0 -55.5 -55.5 -55.5 
1.4173982480063325 1.3989904785517047 1.4051264017032472 1.4173982480063325 1.4051264017032472 1.380582709097077 1.4173982480063325 1.4173982480063325 1.3867186322486196 1.41126232485479 1.3989904785517047 1.3989904785517047 1.3928545554001621 1.4296700943094176 1.4173982480063325 1.4051264017032472 1.4358060174609601 1.4480778637640452 1.4480778637640452 1.4971652489763858 1.4971652489763858 1.5401167110371838 1.4542137869155878 1.4910293258248433 1.5278448647340985 1.607611865704152 1.576932249946439 1.5278448647340985 1.533980787885641 1.4848934026733007 1.4971652489763858 1.5707963267948966 1.6137477888556946 1.5401167110371838 1.6198837120072371 1.4848934026733007 1.380582709097077 1.3989904785517047 1.521708941582556 1.5953400194010667 1.6260196351587797 1.533980787885641 1.4971652489763858 
-53.5 -53.5 -53.0 -53.0 -53.0 -53.0 -53.0 -53.0 -52.5 -53.0 -53.0 -53.0 -53.0 -53.0 -53.0 -53.0 -53.5 -53.0 -53.0 -53.0 -53.0 -52.5 -52.5 -52.5 -52.5 -52.5 -52.5 -52.5 -52.5 -52.0 -52.5 -52.5 -52.5 -52.0 -52.5 -52.5 -52.5 -51.5 -52.0 -52.5 -52.5 -52.5 -52.5 
2.350058567040802 2.337786720737717 2.405281875404685 2.3439226438892597 2.3746022596469727 2.356194490192345 2.3316507975861747 2.3623304133438876 2.337786720737717 2.337786720737717 2.350058567040802 2.350058567040802 2.337786720737717 2.3316507975861747 2.3746022596469727 2.3623304133438876 2.3623304133438876 2.325514874434632 2.3009711818284617 2.2150682577068657 2.2334760271614935 2.2641556429192065 2.1659808724945253 2.184388641949153 2.110757564130642 2.2089323345553233 2.3009711818284617 2.1782527187976104 2.1782527187976104 2.184388641949153 2.2089323345553233 2.282563412373834 2.172116795646068 2.024854640009046 2.018718716857504 2.073942025221387 2.1537090261914402 2.141437179888355 2.184388641949153 2.2212041808584084 2.227340104009951 2.2027964114037806 2.2089323345553233 
-54.5 -54.5 -55.0 -54.5 -55.0 -54.5 -54.5 -54.5 -54.5 -54.5 -54.5 -54.5 -54.0 -54.5 -54.5 -54.5 -55.0 -55.0 -54.5 -53.0 -52.5 -51.5 -52.5 -51.5 -52.5 -56.0 -55.0 -53.5 -53.5 -53.5 -53.5 -53.5 -55.0 -52.0 -50.5 -49.5 -50.5 -51.0 -51.0 -51.5 -51.5 -52.5 -53.0 
2.442097414313941 2.454369260617026 2.442097414313941 2.423689644859313 2.448233337465483 2.478912953223196 2.4605051837685683 2.454369260617026 2.454369260617026 2.454369260617026 2.423689644859313 2.4727770300716534 2.423689644859313 2.4727770300716534 2.435961491162398 2.429825568010856 2.429825568010856 2.4850488763747385 2.454369260617026 2.3623304133438876 2.405281875404685 2.399145952253143 2.3439226438892597 2.4911847995262812 2.4727770300716534 2.454369260617026 2.448233337465483 2.454369260617026 2.4727770300716534 2.4175537217077703 2.466641106920111 2.448233337465483 2.423689644859313 2.356194490192345 2.3193789512830896 2.386874105950058 2.4727770300716534 2.3193789512830896 2.36846633649543 2.405281875404685 2.442097414313941 2.3439226438892597 2.356194490192345 
-55.0 -55.0 -55.0 -55.0 -55.0 -55.5 -55.0 -55.0 -55.0 -55.0 -55.0 -55.0 -55.0 -55.5 -55.5 -55.5 -55.0 -55.0 -55.0 -54.5 -54.0 -54.0 -55.0 -54.5 -55.0 -55.0 -55.5 -54.5 -54.5 -54.0 -55.0 -55.5 -54.5 -54.5 -53.5 -53.0 -53.5 -55.0 -54.5 -54.5 -54.0 -54.5 -54.5 
5.773903685601553 5.706408530934585 5.749359992995383 5.712544454086128 5.737088146692298 5.749359992995383 5.755495916146925 5.700272607783043 5.749359992995383 5.767767762450011 5.706408530934585 5.780039608753096 5.798447378207723 5.767767762450011 5.71868037723767 5.712544454086128 5.638913376267617 5.595961914206819 5.700272607783043 5.786175531904639 5.8659425328746915 5.93343768754166 5.798447378207723 5.663457068873787 5.700272607783043 5.798447378207723 6.007068765360171 5.706408530934585 6.074563920027139 6.117515382087937 6.037748381117884 6.043884304269426 5.902758071783947 5.540738605842936 5.626641529964532 5.66959299202533 5.890486225480862 5.859806609723149 5.915029918087033 5.884350302329319 5.884350302329319 5.8659425328746915 5.8475347634200645 
-63.5 -63.0 -63.0 -63.5 -63.5 -63.0 -63.0 -62.5 -63.0 -62.5 -62.5 -62.5 -62.5 -62.5 -62.0 -62.5 -63.0 -63.5 -62.0 -61.5 -60.5 -61.0 -62.0 -62.0 -61.5 -64.5 -62.0 -64.0 -63.5 -64.0 -63.5 -62.0 -63.5 -62.5 -62.5 -61.0 -60.0 -60.5 -60.5 -60.0 -60.0 -60.5 -60.5 
0.4663301595172349 0.4479223900626072 0.44178646691106466 0.7117670855789375 0.2638446955163303 0.5399612373357456 0.5890486225480862 0.4540583132141498 0.380427235395639 0.4111068511533518 0.25157284921324513 0.5951845456996288 0.4111068511533518 0.3190680038802134 0.3865631585471816 0.37429131224409645 0.23316507975861744 0.06135923151542565 0.2638446955163303 0.1718058482431918 0.07363107781851078 0.09817477042468103 0.30066023442558565 6.22182607566416 0.3190680038802134 0.6258641614573416 0.380427235395639 0.32520392703175593 0.15339807878856412 0.2086213871524472 0.28225246497095796 0.4970097752749477 0.3865631585471816 0.2761165418194154 0.04908738521234052 5.921165841238575 0.07363107781851078 0.2638446955163303 0.15339807878856412 0.1349903093339364 0.1227184630308513 0.12885438618239387 0.02454369260617026 
-69.5 -69.0 -68.5 -68.5 -68.0 -69.0 -68.5 -69.5 -67.5 -69.0 -67.5 -68.0 -68.0 -68.0 -69.0 -69.5 -69.0 -68.0 -67.5 -66.0 -65.5 -64.5 -64.0 -64.5 -67.5 -68.0 -65.5 -65.5 -66.0 -66.0 -66.0 -65.0 -66.5 -64.5 -65.0 -62.5 -62.0 -63.0 -64.0 -63.5 -64.0 -66.0 -67.0 
