5.970253226450915 6.17273869045182 6.050020227420969 6.043884304269426 6.166602767300278 5.50392306693368 0.02454369260617026 6.19728238305799 0.14726215563702155 6.22182607566416 2.8961557275280905 3.153864499892878 1.0737865515199487 5.620505606812989 5.4671075280244255 5.706408530934585 
-76.0 -76.5 -76.5 -76.5 -77.0 -71.0 -66.5 -72.0 -72.5 -73.5 -71.0 -68.5 -73.5 -72.0 -79.5 -78.5 
2.116893487282185 2.086213871524472 2.2457478734645786 2.1046216409791 2.098485717827557 2.000310947402876 2.1659808724945253 2.0800779483729293 2.0371264863121317 2.0800779483729293 2.110757564130642 2.1537090261914402 2.098485717827557 2.1353012567368124 2.1046216409791 2.055534255766759 2.1537090261914402 1.9512235621905356 2.2948352586769194 2.5341362615870793 2.6998061866787286 2.2948352586769194 2.804116880254952 2.8777479580734626 2.5586799541932495 2.2150682577068657 2.1353012567368124 2.172116795646068 2.024854640009046 2.1353012567368124 2.3930100291016 2.6568547246179306 2.3193789512830896 2.325514874434632 2.1537090261914402 2.4175537217077703 2.423689644859313 2.1230294104337273 2.012582793705961 1.9880391010997909 1.9573594853420782 1.945087639038993 1.9941750242513334 
-64.0 -64.0 -64.0 -64.5 -63.5 -64.0 -64.0 -64.5 -64.0 -63.5 -64.5 -63.5 -63.5 -64.0 -64.0 -64.0 -65.0 -63.0 -63.5 -63.0 -64.0 -65.0 -65.5 -67.0 -64.0 -63.5 -63.0 -63.5 -63.5 -62.5 -63.0 -65.5 -67.5 -65.5 -64.0 -63.0 -65.5 -62.5 -62.0 -62.5 -62.5 -62.5 -62.0 
1.000155473701438 0.9510680884890975 0.9572040116406401 0.9081166264282996 0.9756117810952678 1.012427320004523 0.9633399347921826 0.9940195505498954 1.030835089459151 0.9817477042468103 0.9756117810952678 0.9940195505498954 1.0185632431560658 0.9510680884890975 0.9817477042468103 0.9694758579437253 0.9909515889741242 0.9940195505498954 1.0246991663076084 1.1290098598838318 1.2455923997631406 1.030835089459151 1.2210487071569704 1.325359400733194 1.2210487071569704 1.1780972450961724 1.2885438618239387 1.2578642460662257 1.3069516312785663 1.1351457830353744 1.1474176293384597 1.2578642460662257 1.380582709097077 1.2762720155208536 1.1965050145508 1.2333205534600555 1.3499030933393643 1.325359400733194 1.3192234775816514 1.2885438618239387 1.2026409377023426 1.1965050145508 1.1351457830353744 1.1167380135807468 1.1596894756415448 
-56.0 -56.0 -56.0 -56.0 -56.0 -56.0 -56.0 -56.0 -56.0 -56.0 -56.0 -56.0 -56.0 -55.5 -55.5 -55.5 -56.5 -55.5 -55.5 -55.0 -52.5 -53.0 -55.0 -53.5 -53.0 -54.5 -55.5 -54.5 -55.0 -54.5 -54.0 -53.5 -54.0 -54.5 -53.5 -52.5 -53.5 -54.5 -55.5 -56.0 -56.5 -56.0 -56.0 -56.0 -55.5 
1.41126232485479 1.4358060174609601 1.3928545554001621 1.4358060174609601 1.4358060174609601 1.4358060174609601 1.4542137869155878 1.4603497100671303 1.4787574795217582 1.4664856332186729 1.4603497100671303 1.4664856332186729 1.4480778637640452 1.4173982480063325 1.423534171157875 1.4296700943094176 1.4388739790367313 1.423534171157875 1.4664856332186729 1.5155730184310134 1.4848934026733007 1.3989904785517047 1.521708941582556 1.5278448647340985 1.576932249946439 1.607611865704152 1.509437095279471 1.4848934026733007 1.5033011721279284 1.5707963267948966 1.6014759425526093 1.5401167110371838 1.5707963267948966 1.5401167110371838 1.4480778637640452 1.4173982480063325 1.564660403643354 1.6382914814618648 1.6014759425526093 1.5892040962495242 1.5401167110371838 1.509437095279471 1.4726215563702154 1.509437095279471 1.509437095279471 
-53.0 -53.0 -53.0 -53.0 -53.0 -52.5 -53.0 -53.0 -53.0 -53.0 -53.0 -53.0 -53.0 -53.0 -53.0 -52.5 -53.0 -52.5 -52.5 -52.0 -52.0 -52.5 -52.5 -52.0 -52.0 -52.0 -52.0 -52.5 -52.5 -52.5 -52.5 -52.5 -52.0 -52.5 -52.0 -52.0 -52.0 -52.5 -53.0 -52.5 -53.0 -53.0 -53.0 -53.0 -53.0 
2.1659808724945253 2.1659808724945253 2.2150682577068657 2.1905245651006955 2.184388641949153 2.1782527187976104 2.141437179888355 2.1966604882522383 2.2212041808584084 2.1475731030398975 2.1475731030398975 2.184388641949153 2.1905245651006955 2.1782527187976104 2.12916533358527 2.2334760271614935 5.33518518026626 2.1230294104337273 2.1475731030398975 2.1659808724945253 2.12916533358527 2.1475731030398975 2.0064468705544187 2.0064468705544187 2.141437179888355 2.2089323345553233 2.1598449493429825 2.1905245651006955 2.184388641949153 2.184388641949153 2.2089323345553233 2.1046216409791 2.024854640009046 2.061670178918302 2.2150682577068657 2.1537090261914402 2.1230294104337273 2.2089323345553233 2.2396119503130363 2.2396119503130363 2.2334760271614935 2.227340104009951 2.1905245651006955 2.172116795646068 2.184388641949153 
-54.5 -54.5 -54.0 -54.0 -54.0 -53.5 -53.5 -53.5 -53.0 -53.0 -53.5 -53.5 -53.5 -53.5 -53.5 -53.5 -53.5 -53.0 -52.5 -52.0 -51.0 -51.5 -50.5 -51.5 -53.5 -52.5 -52.5 -52.5 -53.0 -53.0 -54.5 -54.0 -51.5 -50.5 -50.5 -53.0 -52.0 -52.5 -52.5 -53.5 -53.5 -54.0 -53.5 -53.5 -53.0 
2.36846633649543 2.442097414313941 2.3623304133438876 2.356194490192345 2.350058567040802 2.380738182798515 2.405281875404685 2.3930100291016 2.350058567040802 2.399145952253143 2.386874105950058 2.386874105950058 2.442097414313941 2.36846633649543 2.3439226438892597 2.36846633649543 5.5192628748125365 2.36846633649543 2.3071071049800045 2.350058567040802 2.356194490192345 2.399145952253143 2.36846633649543 2.3930100291016 2.386874105950058 2.350058567040802 2.4175537217077703 2.423689644859313 2.399145952253143 2.4175537217077703 2.3439226438892597 2.448233337465483 2.3316507975861747 2.3439226438892597 2.411417798556228 2.3071071049800045 2.337786720737717 2.399145952253143 2.411417798556228 2.386874105950058 2.399145952253143 2.380738182798515 2.380738182798515 2.3746022596469727 2.380738182798515 
-55.0 -55.5 -55.0 -55.0 -54.0 -54.0 -54.5 -54.5 -54.5 -54.0 -54.0 -54.5 -54.5 -54.5 -54.5 -54.5 -54.5 -54.5 -54.0 -54.0 -54.5 -53.5 -54.0 -54.5 -54.5 -54.5 -54.0 -53.5 -54.0 -54.5 -55.0 -54.5 -55.0 -53.5 -53.5 -55.0 -54.5 -54.0 -54.0 -54.5 -54.0 -54.0 -54.5 -54.5 -54.0 
5.8659425328746915 5.902758071783947 5.939573610693203 6.000932842208628 5.9088939949354895 5.878214379177777 5.902758071783947 5.890486225480862 5.957981380147831 5.902758071783947 5.835262917116979 5.93343768754166 5.780039608753096 5.927301764390117 5.835262917116979 5.970253226450915 5.844466801844293 5.890486225480862 5.964117303299373 5.939573610693203 5.835262917116979 5.841398840268521 5.6941366846315 5.675728915176872 5.8659425328746915 6.000932842208628 6.117515382087937 5.896622148632405 5.994796919057086 6.037748381117884 5.859806609723149 5.620505606812989 5.5714182216006485 5.565282298449106 5.957981380147831 6.111379458936394 5.915029918087033 5.939573610693203 5.957981380147831 5.9088939949354895 5.964117303299373 5.878214379177777 5.9518454569962875 6.007068765360171 5.890486225480862 
-62.5 -62.5 -62.5 -62.0 -62.5 -62.5 -62.5 -62.5 -62.0 -62.0 -62.0 -62.5 -62.5 -63.0 -62.5 -62.0 -63.0 -62.5 -61.5 -60.5 -61.0 -61.5 -63.0 -63.0 -62.5 -62.0 -62.5 -62.5 -62.5 -62.0 -62.5 -65.0 -62.5 -61.0 -59.5 -60.0 -60.0 -59.5 -59.5 -60.0 -60.5 -60.5 -61.0 -61.0 -61.0 
0.4356505437595221 0.4111068511533518 0.35588354278946877 0.3436116964863836 0.21475731030398976 0.25157284921324513 0.0859029241215959 0.25157284921324513 0.2945243112740431 0.04908738521234052 0.1595340019401067 0.3129320807286708 0.24850488763747386 0.39269908169872414 0.0 0.1349903093339364 0.1595340019401067 0.1043106935762236 0.07363107781851078 0.19634954084936207 0.3190680038802134 0.3374757733348411 0.11658253987930872 0.23316507975861744 0.2761165418194154 0.15339807878856412 0.3313398501832985 0.2638446955163303 0.32520392703175593 6.1420590746941075 6.111379458936394 0.30066023442558565 0.11044661672776616 6.166602767300278 0.01227184630308513 6.191146459906448 6.191146459906448 0.1043106935762236 0.21475731030398976 0.1595340019401067 6.277049384028044 
-67.5 -67.0 -66.5 -67.0 -67.0 -66.5 -66.5 -67.0 -67.0 -66.0 -67.0 -66.0 -67.5 -66.5 -66.0 -65.5 -65.0 -63.5 -65.5 -65.5 -65.0 -63.5 -64.0 -65.0 -65.0 -65.0 -65.5 -67.5 -67.0 -65.0 -63.0 -63.0 -65.0 -64.5 -66.0 -67.0 -66.5 -67.0 -67.0 -66.5 -66.5 
