0.7976700097005334 0.34974761963792617 5.8475347634200645 2.6445828783148455 2.4850488763747385 2.5709518004963345 0.1227184630308513 2.742757648739526 3.055689729468197 3.2336315008629315 2.423689644859313 3.031146036862027 3.043417883165112 3.0250101137104846 3.11091303783208 6.111379458936394 3.1661363461959633 3.6815538909255388 5.344389064993574 5.252350217720435 5.491651220630596 1.2640001692177683 0.619728238305799 0.4111068511533518 
-80.5 -79.5 -76.0 -74.0 -73.5 -74.0 -81.5 -68.5 -69.0 -69.5 -72.5 -71.5 -73.0 -72.5 -69.0 -69.0 -67.5 -68.5 -69.0 -66.5 -68.0 -79.0 -79.5 -79.5 
2.1475731030398975 2.1353012567368124 2.2457478734645786 2.172116795646068 2.2027964114037806 2.2150682577068657 2.1905245651006955 2.1230294104337273 2.116893487282185 2.116893487282185 2.1046216409791 2.1353012567368124 2.0371264863121317 1.9941750242513334 1.9573594853420782 1.9819031779482483 2.073942025221387 2.3193789512830896 2.110757564130642 2.043262409463674 2.466641106920111 2.564815877344792 2.3316507975861747 2.1537090261914402 2.073942025221387 1.8039614065535141 1.859184714917397 2.1475731030398975 2.478912953223196 2.6875343403756435 2.5709518004963345 2.5280003384355365 2.429825568010856 2.5832236467994196 2.7120780329818137 2.282563412373834 2.3439226438892597 2.2518837966161214 2.1353012567368124 1.9757672547967058 1.9512235621905356 2.024854640009046 
-64.0 -64.0 -64.5 -64.5 -64.5 -63.5 -63.5 -63.5 -63.0 -63.0 -63.0 -63.0 -63.0 -62.5 -62.5 -62.5 -62.5 -63.0 -63.0 -64.5 -66.5 -64.0 -64.0 -62.5 -63.0 -63.0 -62.5 -63.5 -63.5 -64.5 -67.0 -65.0 -65.5 -64.0 -64.0 -63.0 -63.0 -63.0 -62.5 -62.5 -63.0 -63.0 
1.055378782065321 0.9817477042468103 1.012427320004523 1.0737865515199487 0.9878836273983529 1.0492428589137786 1.0799224746714913 1.0921943209745766 1.086058397823034 1.0615147052168636 1.030835089459151 0.9940195505498954 1.043106935762236 1.0246991663076084 0.9694758579437253 0.9878836273983529 1.0983302441261191 1.3130875544301088 1.2517283229146832 1.086058397823034 1.2640001692177683 1.2946797849754812 1.1658253987930873 1.239456476611598 1.227184630308513 1.2517283229146832 1.282407938672396 1.2026409377023426 1.2578642460662257 1.3192234775816514 1.4296700943094176 1.3192234775816514 1.1596894756415448 1.2333205534600555 1.380582709097077 1.380582709097077 1.3499030933393643 1.2210487071569704 1.2026409377023426 1.1535535524900022 1.141281706186917 
-57.0 -57.0 -57.5 -57.0 -57.0 -57.0 -56.5 -56.5 -56.5 -56.5 -56.5 -56.5 -56.5 -56.5 -56.0 -56.5 -56.5 -56.5 -53.0 -53.5 -55.5 -54.5 -54.5 -56.0 -56.0 -56.0 -56.5 -55.5 -54.5 -54.0 -54.0 -55.0 -53.5 -52.5 -53.0 -55.5 -56.0 -56.5 -56.5 -57.0 -57.0 
1.509437095279471 1.4603497100671303 1.4971652489763858 1.4971652489763858 1.4787574795217582 1.4603497100671303 1.4726215563702154 1.5033011721279284 1.4910293258248433 1.4848934026733007 1.4726215563702154 1.4664856332186729 1.4542137869155878 1.4480778637640452 1.4726215563702154 1.4542137869155878 1.5033011721279284 1.521708941582556 1.41126232485479 1.4542137869155878 1.4787574795217582 1.552388557340269 1.6321555583103222 1.5401167110371838 1.564660403643354 1.533980787885641 1.533980787885641 1.5462526341887264 1.6198837120072371 1.5278448647340985 1.5401167110371838 1.6137477888556946 1.3989904785517047 1.4296700943094176 1.533980787885641 1.576932249946439 1.6014759425526093 1.5033011721279284 1.5155730184310134 1.5033011721279284 1.5278448647340985 1.4910293258248433 
-53.0 -52.5 -53.0 -52.5 -52.5 -52.5 -52.5 -52.5 -52.5 -52.5 -52.5 -53.0 -53.0 -53.0 -53.0 -53.0 -53.0 -53.0 -53.5 -53.0 -52.5 -53.0 -53.0 -52.5 -52.5 -53.0 -52.5 -52.5 -52.5 -52.5 -52.0 -52.5 -52.0 -52.0 -52.0 -52.0 -52.5 -52.5 -52.5 -53.0 -53.0 -52.5 
2.2886993355253766 2.2886993355253766 2.282563412373834 2.270291566070749 2.2764274892222915 2.2580197197676637 2.2457478734645786 2.2334760271614935 2.270291566070749 2.2212041808584084 2.2764274892222915 2.2212041808584084 2.2518837966161214 2.2396119503130363 2.227340104009951 2.2518837966161214 2.3316507975861747 2.3439226438892597 2.172116795646068 2.227340104009951 2.1353012567368124 2.1659808724945253 2.386874105950058 2.337786720737717 2.3439226438892597 2.3193789512830896 2.337786720737717 2.3009711818284617 2.380738182798515 2.1230294104337273 2.1046216409791 2.12916533358527 2.1537090261914402 2.1966604882522383 2.1475731030398975 2.1782527187976104 2.227340104009951 2.2457478734645786 2.227340104009951 2.2457478734645786 2.270291566070749 2.2150682577068657 
-54.5 -54.0 -54.0 -54.0 -54.0 -54.0 -53.5 -54.0 -54.0 -54.0 -54.0 -54.0 -54.0 -54.5 -54.5 -54.5 -53.5 -52.5 -52.5 -52.0 -51.5 -53.0 -54.5 -53.5 -54.5 -54.5 -54.0 -53.5 -54.5 -52.5 -51.5 -50.0 -50.5 -51.0 -50.5 -50.5 -51.5 -52.5 -52.5 -53.0 -53.0 -53.5 
2.3746022596469727 2.3439226438892597 2.3439226438892597 2.36846633649543 2.399145952253143 2.3439226438892597 2.380738182798515 2.380738182798515 2.3746022596469727 2.386874105950058 2.380738182798515 2.386874105950058 2.405281875404685 2.3746022596469727 2.3930100291016 2.3746022596469727 2.405281875404685 2.405281875404685 2.380738182798515 2.454369260617026 2.4727770300716534 2.429825568010856 2.442097414313941 2.5034566458293663 2.454369260617026 2.4911847995262812 2.4911847995262812 2.497320722677824 2.442097414313941 2.442097414313941 2.380738182798515 2.36846633649543 2.454369260617026 2.3193789512830896 2.350058567040802 2.3193789512830896 2.3316507975861747 2.356194490192345 2.3623304133438876 2.386874105950058 2.3623304133438876 2.356194490192345 
-55.0 -55.0 -54.5 -54.5 -54.5 -54.5 -54.5 -55.0 -54.5 -55.0 -54.5 -55.0 -55.0 -55.0 -55.0 -55.0 -54.5 -55.5 -55.5 -54.5 -54.5 -54.5 -55.0 -55.0 -54.5 -54.5 -54.5 -55.0 -55.0 -54.0 -54.5 -53.5 -53.5 -55.0 -54.0 -53.5 -53.5 -54.0 -54.0 -54.0 -54.5 -54.5 
5.884350302329319 5.93343768754166 5.853670686571607 5.878214379177777 5.884350302329319 5.890486225480862 5.9088939949354895 5.829126993965437 5.896622148632405 5.878214379177777 5.786175531904639 5.755495916146925 5.792311455056181 5.767767762450011 5.829126993965437 5.6941366846315 5.8045833013592665 5.884350302329319 5.743224069843841 5.737088146692298 5.66959299202533 5.473243451175968 5.902758071783947 5.767767762450011 6.025476534814799 5.964117303299373 5.792311455056181 5.964117303299373 5.921165841238575 5.5714182216006485 5.66959299202533 5.5714182216006485 5.853670686571607 5.9088939949354895 5.964117303299373 5.939573610693203 5.964117303299373 6.000932842208628 5.970253226450915 5.976389149602458 5.878214379177777 5.902758071783947 
-61.0 -61.0 -60.5 -61.5 -61.0 -61.0 -61.5 -61.0 -61.5 -61.0 -62.0 -61.5 -61.5 -62.0 -62.5 -62.0 -61.0 -61.0 -62.0 -62.5 -61.5 -65.5 -61.5 -63.5 -63.0 -62.5 -63.5 -62.0 -62.0 -64.0 -61.5 -62.0 -60.5 -60.0 -60.0 -59.5 -60.0 -60.5 -61.0 -61.5 -61.5 -61.5 
6.227961998815704 0.21475731030398976 0.11658253987930872 0.28838838812250056 0.11658253987930872 0.09203884727313846 0.09203884727313846 0.2454369260617026 0.23316507975861744 6.209554229361076 0.12885438618239387 0.14726215563702155 0.2945243112740431 0.1718058482431918 0.4111068511533518 6.240233845118788 0.0859029241215959 0.34974761963792617 0.3436116964863836 6.215690152512618 0.1227184630308513 0.25157284921324513 0.3436116964863836 0.42337869745643697 0.34974761963792617 0.28838838812250056 0.1595340019401067 0.2454369260617026 0.5522330836388308 0.09203884727313846 0.07976700097005335 6.111379458936394 6.154330920997192 0.018407769454627694 6.252505691421874 0.0 0.018407769454627694 0.23316507975861744 0.22089323345553233 0.20248546400090464 0.1349903093339364 0.2638446955163303 
-68.5 -69.5 -69.5 -69.0 -68.5 -68.0 -69.5 -68.0 -68.0 -67.5 -68.5 -69.0 -69.0 -69.5 -69.0 -68.0 -68.5 -67.0 -63.5 -64.5 -66.5 -67.0 -64.5 -65.5 -65.5 -66.5 -66.0 -65.0 -64.5 -65.5 -65.0 -63.0 -62.0 -63.0 -62.5 -63.5 -65.0 -65.5 -66.0 -67.0 -67.0 -67.0 
