5.878214379177777 5.994796919057086 5.970253226450915 3.313398501832985 6.013204688511713 2.411417798556228 5.9518454569962875 6.000932842208628 5.915029918087033 5.8045833013592665 5.240078371417351 5.516194913236766 5.675728915176872 2.675262494072558 2.5402721847386216 2.8286605728611223 2.5157284921324514 5.853670686571607 5.976389149602458 5.540738605842936 6.050020227420969 0.19634954084936207 2.6323110320117604 2.4727770300716534 2.2764274892222915 
-73.0 -73.5 -73.5 -71.0 -73.5 -71.5 -73.0 -73.5 -74.0 -74.0 -79.0 -70.0 -68.0 -69.0 -69.5 -68.0 -72.5 -72.5 -71.5 -70.0 -68.5 -79.5 -70.5 -72.5 -72.5 
2.073942025221387 2.000310947402876 2.018718716857504 2.067806102069844 2.12916533358527 2.030990563160589 1.9205439464328227 1.9266798695843652 2.024854640009046 2.1598449493429825 2.110757564130642 2.018718716857504 2.0800779483729293 2.1230294104337273 2.0800779483729293 2.061670178918302 1.9757672547967058 2.098485717827557 2.2886993355253766 2.3439226438892597 2.5280003384355365 2.313243028131547 2.2764274892222915 2.497320722677824 2.552544031041707 2.000310947402876 1.8653206380689396 1.8039614065535141 1.9389517158874505 1.8775924843720249 1.8653206380689396 2.043262409463674 2.1230294104337273 2.2948352586769194 2.227340104009951 1.932815792735908 1.9696313316451632 1.9205439464328227 2.2212041808584084 2.3316507975861747 2.098485717827557 2.1598449493429825 2.1537090261914402 2.1659808724945253 2.061670178918302 2.0923497946760143 2.012582793705961 
-64.0 -63.0 -63.0 -63.5 -63.0 -64.0 -64.0 -62.5 -63.0 -63.5 -64.0 -62.5 -63.0 -64.5 -63.0 -63.0 -63.5 -63.5 -63.5 -63.0 -63.5 -63.5 -65.5 -67.0 -65.0 -63.0 -60.5 -61.5 -61.5 -61.0 -61.5 -61.5 -63.0 -64.5 -66.5 -65.0 -63.5 -62.5 -62.0 -63.0 -62.5 -62.5 -62.0 -62.0 -61.5 -61.5 -61.5 
1.0676506283684062 1.086058397823034 1.0799224746714913 1.0185632431560658 1.086058397823034 1.086058397823034 1.030835089459151 1.0799224746714913 1.1044661672776617 1.086058397823034 1.1351457830353744 1.1044661672776617 1.030835089459151 1.0983302441261191 1.0799224746714913 1.0983302441261191 1.1167380135807468 1.1106020904292042 1.239456476611598 1.2946797849754812 1.2946797849754812 1.030835089459151 1.1351457830353744 1.3069516312785663 1.2701360923693108 1.1535535524900022 1.1965050145508 1.1719613219446299 1.1719613219446299 1.1780972450961724 1.1351457830353744 1.0983302441261191 1.0615147052168636 1.227184630308513 1.3069516312785663 1.380582709097077 1.1780972450961724 1.0983302441261191 1.214912784005428 1.4419419406125027 1.3744467859455345 1.337631247036279 1.2946797849754812 1.2210487071569704 1.1228739367322893 1.1351457830353744 1.043106935762236 
-56.5 -56.5 -56.5 -56.5 -56.0 -56.5 -56.0 -56.0 -56.0 -56.0 -56.0 -56.0 -56.5 -55.5 -56.0 -56.0 -56.0 -56.0 -56.0 -56.0 -53.5 -53.0 -55.5 -55.0 -54.5 -54.5 -56.0 -56.5 -56.5 -57.0 -57.0 -57.5 -56.5 -56.0 -55.5 -56.5 -56.5 -54.5 -53.5 -54.5 -57.5 -58.5 -58.5 -58.0 -57.5 -57.5 -57.5 
1.4603497100671303 1.4419419406125027 1.4726215563702154 1.4664856332186729 1.4542137869155878 1.4787574795217582 1.4603497100671303 1.4726215563702154 1.4480778637640452 1.4726215563702154 1.4603497100671303 1.4787574795217582 1.4419419406125027 1.4480778637640452 1.4296700943094176 1.4542137869155878 1.4603497100671303 1.4971652489763858 1.5401167110371838 1.5401167110371838 1.4726215563702154 1.423534171157875 1.4603497100671303 1.4664856332186729 1.521708941582556 1.6321555583103222 1.509437095279471 1.4971652489763858 1.4664856332186729 1.509437095279471 1.423534171157875 1.4848934026733007 1.5953400194010667 1.6198837120072371 1.4787574795217582 1.6014759425526093 1.576932249946439 1.4664856332186729 1.4726215563702154 1.5953400194010667 1.5585244804918115 1.5462526341887264 1.576932249946439 1.5830681730979816 1.5462526341887264 1.5155730184310134 1.5033011721279284 
-53.0 -53.0 -53.0 -53.0 -53.0 -53.0 -53.0 -53.0 -52.5 -52.5 -52.5 -52.5 -52.5 -52.5 -53.0 -52.5 -52.5 -52.5 -52.0 -52.0 -52.5 -52.5 -52.5 -52.0 -52.5 -52.5 -52.5 -53.0 -53.0 -53.5 -53.5 -53.0 -53.5 -53.5 -52.5 -52.5 -53.0 -53.0 -53.0 -52.5 -53.0 -53.5 -53.5 -53.5 -54.0 -54.0 -54.0 
2.2212041808584084 2.2089323345553233 2.184388641949153 2.1905245651006955 2.1353012567368124 2.1782527187976104 2.172116795646068 2.184388641949153 2.1782527187976104 2.184388641949153 2.1475731030398975 2.1353012567368124 2.1475731030398975 2.1475731030398975 2.1475731030398975 2.1537090261914402 2.172116795646068 2.1475731030398975 2.1966604882522383 2.1782527187976104 2.141437179888355 2.1782527187976104 2.110757564130642 2.067806102069844 2.061670178918302 2.2764274892222915 2.2764274892222915 2.2764274892222915 2.2580197197676637 2.2580197197676637 2.3316507975861747 2.3439226438892597 2.325514874434632 2.2150682577068657 2.110757564130642 2.141437179888355 2.2580197197676637 2.356194490192345 2.3439226438892597 2.3439226438892597 2.3439226438892597 2.337786720737717 2.386874105950058 2.3439226438892597 2.3439226438892597 2.2886993355253766 2.2948352586769194 
-53.0 -53.0 -52.5 -53.0 -52.5 -52.5 -52.0 -52.0 -52.0 -52.0 -51.5 -52.0 -52.0 -52.0 -52.0 -52.0 -52.0 -52.0 -51.5 -50.5 -50.5 -51.5 -50.5 -50.5 -53.0 -53.5 -53.5 -54.5 -54.5 -55.0 -55.5 -55.0 -55.5 -56.5 -53.5 -52.5 -52.0 -52.5 -54.0 -53.5 -53.0 -53.0 -53.5 -54.0 -54.5 -54.5 -55.0 
2.3746022596469727 2.36846633649543 2.3623304133438876 2.313243028131547 2.386874105950058 2.3439226438892597 2.2764274892222915 2.350058567040802 2.350058567040802 2.3009711818284617 2.313243028131547 2.3746022596469727 2.325514874434632 2.3316507975861747 2.3623304133438876 2.36846633649543 2.2948352586769194 2.3623304133438876 2.3623304133438876 2.3623304133438876 2.36846633649543 2.2948352586769194 2.325514874434632 2.350058567040802 2.3746022596469727 2.448233337465483 2.429825568010856 2.423689644859313 2.448233337465483 2.4850488763747385 2.429825568010856 2.466641106920111 2.442097414313941 2.448233337465483 2.411417798556228 2.3930100291016 2.429825568010856 2.5464081078901644 2.411417798556228 2.350058567040802 2.3930100291016 2.466641106920111 2.454369260617026 2.448233337465483 2.435961491162398 2.423689644859313 2.399145952253143 
-54.0 -54.0 -54.0 -54.0 -54.0 -53.5 -54.0 -54.0 -54.0 -54.0 -54.0 -54.0 -54.0 -54.0 -53.5 -54.0 -54.0 -54.0 -53.5 -53.5 -55.0 -54.5 -53.5 -54.5 -54.5 -55.0 -54.5 -55.0 -55.0 -55.0 -55.0 -55.5 -56.0 -55.5 -55.5 -55.5 -54.5 -54.5 -56.5 -55.5 -55.0 -55.0 -54.5 -54.0 -54.5 -55.0 -55.0 
5.859806609723149 5.927301764390117 5.982525072754001 5.755495916146925 5.970253226450915 6.019340611663256 5.902758071783947 5.957981380147831 5.93343768754166 5.921165841238575 5.890486225480862 6.031612457966341 5.976389149602458 5.976389149602458 6.031612457966341 5.9088939949354895 6.007068765360171 5.957981380147831 5.9088939949354895 5.921165841238575 5.8045833013592665 5.688000761479957 5.798447378207723 5.786175531904639 6.111379458936394 5.902758071783947 6.019340611663256 6.056156150572511 5.939573610693203 6.000932842208628 5.927301764390117 6.056156150572511 5.853670686571607 5.798447378207723 5.540738605842936 5.780039608753096 5.9088939949354895 6.013204688511713 5.859806609723149 5.964117303299373 5.9518454569962875 5.902758071783947 5.9518454569962875 5.822991070813893 5.798447378207723 5.822991070813893 
-61.0 -61.5 -61.5 -61.5 -61.0 -60.5 -61.0 -61.5 -61.0 -61.0 -61.5 -61.0 -61.0 -61.0 -61.0 -61.5 -61.5 -60.0 -60.5 -60.5 -61.0 -62.5 -61.5 -66.0 -61.5 -62.0 -63.0 -63.0 -63.0 -62.5 -63.5 -63.0 -63.5 -64.0 -62.0 -61.5 -61.0 -61.0 -61.0 -60.0 -60.0 -60.5 -60.5 -60.5 -61.0 -61.0 
0.1349903093339364 0.21475731030398976 0.1718058482431918 0.20248546400090464 0.44178646691106466 0.28225246497095796 0.2454369260617026 0.3313398501832985 0.35588354278946877 0.2454369260617026 0.3865631585471816 0.1718058482431918 0.2270291566070749 0.22089323345553233 0.19634954084936207 0.2761165418194154 0.1718058482431918 0.22089323345553233 0.2270291566070749 0.06135923151542565 0.0674951546669682 0.18407769454627693 6.1850105367549055 0.1227184630308513 0.4908738521234052 0.35588354278946877 0.19634954084936207 0.28838838812250056 6.191146459906448 0.18407769454627693 0.39269908169872414 0.42337869745643697 0.30066023442558565 6.14819499784565 6.056156150572511 0.07976700097005335 0.6994952392758523 0.35588354278946877 0.006135923151542565 0.09203884727313846 6.17273869045182 6.215690152512618 0.06135923151542565 6.270913460876501 0.0674951546669682 
-66.0 -67.5 -66.5 -66.0 -65.5 -66.5 -66.5 -65.5 -65.0 -65.5 -65.5 -65.5 -65.0 -65.0 -64.5 -65.0 -66.0 -65.5 -64.5 -65.0 -64.0 -63.0 -64.5 -64.5 -66.5 -64.0 -65.0 -66.0 -68.0 -67.5 -67.5 -69.0 -68.5 -67.0 -64.5 -64.5 -66.0 -66.5 -68.0 -68.0 -67.5 -67.0 -67.0 -68.0 -69.5 
