0.11658253987930872 0.15339807878856412 3.472932503773092 0.1043106935762236 0.1043106935762236 0.05522330836388308 0.6013204688511713 4.681709364626977 1.325359400733194 3.693825737228624 2.9759227284981438 0.0674951546669682 3.3011266555298997 3.429981041712294 3.2520392703175593 0.04908738521234052 2.9575149590435164 3.313398501832985 0.9633399347921826 5.663457068873787 4.841243366567084 1.3744467859455345 0.9510680884890975 0.5767767762450011 
-74.0 -73.5 -73.5 -73.5 -73.0 -73.5 -74.0 -67.0 -69.5 -64.0 -65.0 -67.5 -69.0 -69.0 -70.0 -68.5 -66.0 -64.5 -68.0 -69.5 -70.0 -74.5 -76.0 -75.5 
2.141437179888355 2.1230294104337273 2.116893487282185 1.6873788666742053 2.061670178918302 2.227340104009951 2.184388641949153 2.061670178918302 2.110757564130642 1.9819031779482483 2.073942025221387 2.073942025221387 2.116893487282185 2.086213871524472 2.1537090261914402 2.227340104009951 2.4727770300716534 2.718213956133356 2.2089323345553233 3.2581751934691017 3.429981041712294 3.5588354278946874 2.761165418194154 5.737088146692298 2.337786720737717 2.061670178918302 2.098485717827557 2.0800779483729293 2.429825568010856 2.6998061866787286 2.84706834231575 2.9820586516496865 3.436116964863836 6.043884304269426 2.60776733940559 5.589825991055276 2.325514874434632 2.380738182798515 2.1782527187976104 2.2334760271614935 1.6751070203711202 2.1046216409791 1.8960002538266525 
-64.5 -65.0 -64.5 -65.5 -65.5 -64.5 -65.0 -65.0 -64.5 -65.5 -65.5 -64.5 -64.0 -64.5 -64.0 -65.0 -63.5 -64.5 -64.5 -67.5 -66.5 -65.5 -64.5 -64.5 -63.0 -63.5 -63.0 -63.5 -62.5 -63.0 -65.0 -65.5 -64.5 -69.0 -66.5 -64.5 -64.5 -64.5 -65.0 -63.0 -64.5 -64.5 -64.0 
1.0921943209745766 0.9878836273983529 1.0615147052168636 1.0492428589137786 1.0921943209745766 1.0492428589137786 1.0369710126106935 1.0799224746714913 1.0799224746714913 1.0921943209745766 1.0799224746714913 1.1106020904292042 1.0615147052168636 1.043106935762236 1.0246991663076084 1.1044661672776617 1.1658253987930873 1.3192234775816514 1.2885438618239387 1.1596894756415448 1.2087768608538851 1.3314953238847365 1.2517283229146832 1.2087768608538851 1.2026409377023426 1.2701360923693108 1.2455923997631406 1.2333205534600555 1.2026409377023426 1.1719613219446299 1.1780972450961724 1.337631247036279 1.214912784005428 1.1903690913992575 1.141281706186917 1.2762720155208536 1.3192234775816514 1.380582709097077 1.3069516312785663 1.2578642460662257 1.0799224746714913 1.0492428589137786 1.055378782065321 1.0615147052168636 
-56.0 -56.5 -57.0 -56.5 -56.5 -56.5 -56.5 -56.5 -56.0 -56.0 -56.5 -56.5 -56.5 -56.5 -56.5 -56.0 -56.0 -54.5 -53.0 -53.5 -54.0 -54.0 -53.5 -54.0 -54.5 -55.5 -55.5 -56.0 -55.0 -54.0 -53.5 -54.5 -54.5 -53.0 -52.0 -52.0 -53.0 -54.5 -55.5 -56.0 -56.5 -56.0 -55.5 -56.0 
1.3928545554001621 1.380582709097077 1.423534171157875 1.380582709097077 1.3928545554001621 1.3867186322486196 1.4173982480063325 1.3928545554001621 1.4051264017032472 1.3744467859455345 1.368310862793992 1.3499030933393643 1.3867186322486196 1.4173982480063325 1.4173982480063325 1.3621749396424494 1.41126232485479 1.3989904785517047 1.423534171157875 1.4296700943094176 1.380582709097077 1.5033011721279284 1.5462526341887264 1.4848934026733007 1.4910293258248433 1.4787574795217582 1.509437095279471 1.5033011721279284 1.4971652489763858 1.509437095279471 1.552388557340269 1.4787574795217582 1.3867186322486196 1.4173982480063325 1.4787574795217582 1.5033011721279284 1.4726215563702154 1.3744467859455345 1.3744467859455345 1.3560390164909069 1.3621749396424494 1.368310862793992 1.368310862793992 1.3192234775816514 
-52.0 -52.0 -51.5 -51.5 -51.5 -51.5 -51.5 -52.0 -52.0 -51.5 -51.5 -51.5 -51.5 -51.5 -52.0 -52.0 -51.0 -51.0 -52.5 -52.0 -51.0 -52.0 -51.5 -52.0 -51.5 -51.5 -52.0 -52.0 -52.0 -52.0 -52.0 -52.0 -51.5 -51.0 -52.0 -52.0 -52.0 -51.0 -50.5 -51.0 -51.0 -51.0 -51.0 -51.0 
2.086213871524472 2.086213871524472 2.0064468705544187 2.067806102069844 2.073942025221387 2.067806102069844 2.0800779483729293 2.086213871524472 2.116893487282185 2.116893487282185 2.1230294104337273 2.0800779483729293 2.110757564130642 2.1046216409791 2.086213871524472 2.110757564130642 2.141437179888355 2.116893487282185 2.0371264863121317 2.012582793705961 1.9819031779482483 2.018718716857504 2.067806102069844 2.12916533358527 2.141437179888355 2.184388641949153 2.227340104009951 2.1905245651006955 2.1782527187976104 2.2089323345553233 2.0493983326152168 2.030990563160589 1.9880391010997909 2.061670178918302 1.9880391010997909 2.067806102069844 2.012582793705961 2.0923497946760143 2.116893487282185 2.116893487282185 2.073942025221387 2.073942025221387 2.061670178918302 2.0493983326152168 
-52.5 -52.5 -52.5 -52.0 -52.0 -52.0 -52.5 -52.0 -52.0 -52.5 -52.0 -52.0 -52.0 -52.0 -52.0 -52.0 -51.5 -50.0 -50.5 -50.0 -50.0 -51.0 -52.5 -52.0 -51.5 -52.5 -53.0 -53.0 -52.5 -53.5 -53.0 -51.0 -51.0 -51.0 -51.5 -52.0 -51.0 -51.0 -51.0 -52.0 -52.0 -52.5 -52.0 -52.0 
2.2150682577068657 2.2089323345553233 2.2212041808584084 2.2334760271614935 2.227340104009951 2.227340104009951 2.3009711818284617 2.2150682577068657 2.2334760271614935 2.2580197197676637 2.227340104009951 2.2150682577068657 2.2027964114037806 2.2580197197676637 2.2764274892222915 2.2334760271614935 2.2150682577068657 2.2518837966161214 2.337786720737717 2.2396119503130363 2.2150682577068657 2.2027964114037806 2.270291566070749 2.2457478734645786 2.313243028131547 2.2396119503130363 2.3439226438892597 2.2518837966161214 2.350058567040802 2.282563412373834 2.2396119503130363 2.227340104009951 2.313243028131547 2.184388641949153 2.1905245651006955 2.3316507975861747 2.1659808724945253 2.184388641949153 2.1966604882522383 2.1598449493429825 2.2150682577068657 2.2027964114037806 2.184388641949153 2.1905245651006955 
-53.5 -53.5 -53.5 -53.5 -53.5 -53.5 -53.5 -53.5 -53.0 -53.5 -53.5 -53.5 -53.5 -53.5 -53.5 -53.0 -53.0 -53.5 -53.0 -52.5 -53.5 -52.5 -52.5 -53.0 -53.0 -53.0 -53.0 -53.5 -53.5 -53.5 -52.5 -52.5 -53.0 -53.0 -53.0 -52.5 -53.0 -53.5 -53.5 -53.5 -53.5 -53.0 -53.0 -53.0 
5.896622148632405 5.921165841238575 5.872078456026235 5.872078456026235 5.921165841238575 5.970253226450915 5.976389149602458 5.822991070813893 5.921165841238575 5.915029918087033 5.859806609723149 5.859806609723149 5.915029918087033 5.8475347634200645 5.927301764390117 5.878214379177777 5.829126993965437 5.780039608753096 5.743224069843841 5.700272607783043 5.5100589900852235 5.6941366846315 5.970253226450915 5.93343768754166 5.737088146692298 5.884350302329319 5.9088939949354895 5.9518454569962875 5.663457068873787 5.988660995905543 5.890486225480862 5.743224069843841 5.853670686571607 5.663457068873787 5.8475347634200645 5.810719224510809 5.8045833013592665 5.921165841238575 5.8475347634200645 5.786175531904639 5.773903685601553 5.829126993965437 
-61.0 -61.5 -61.5 -61.5 -61.0 -61.0 -61.0 -61.0 -61.5 -62.0 -60.5 -61.0 -61.5 -61.0 -61.5 -60.5 -59.5 -59.0 -60.0 -60.5 -62.5 -61.0 -60.5 -60.5 -62.5 -62.5 -62.0 -62.5 -61.5 -60.0 -62.5 -60.5 -60.0 -62.0 -61.0 -59.5 -60.0 -59.5 -60.0 -60.5 -60.5 -61.0 
0.07976700097005335 0.04908738521234052 0.07363107781851078 6.264777537724958 0.23316507975861744 0.030679615757712823 6.277049384028044 6.240233845118788 0.2638446955163303 0.16566992509164924 0.07363107781851078 0.07976700097005335 0.1043106935762236 0.1227184630308513 0.05522330836388308 0.04295146206079795 6.258641614573416 6.178874613603362 6.050020227420969 5.982525072754001 6.013204688511713 6.037748381117884 0.0 0.03681553890925539 6.111379458936394 0.14726215563702155 6.2463697682703305 6.277049384028044 0.030679615757712823 0.1902136176978195 6.258641614573416 6.129787228391022 6.12365130523948 5.976389149602458 6.068427996875596 2.9268353432858034 6.111379458936394 0.0 0.04295146206079795 6.2463697682703305 0.1227184630308513 6.258641614573416 6.19728238305799 6.240233845118788 
-64.5 -63.5 -65.0 -65.0 -64.5 -64.0 -64.5 -64.0 -64.0 -63.5 -64.5 -63.0 -64.5 -66.0 -64.5 -64.5 -65.0 -62.5 -61.0 -61.0 -63.0 -62.5 -63.5 -62.0 -61.5 -63.5 -64.5 -64.5 -63.0 -64.0 -63.5 -61.5 -61.5 -61.5 -62.0 -61.5 -62.0 -64.5 -65.5 -67.0 -66.5 -66.0 -66.5 -66.5 
