0.3865631585471816 0.2761165418194154 0.30066023442558565 0.3313398501832985 0.3190680038802134 0.2945243112740431 0.5767767762450011 4.914874444385594 3.724505352986337 3.031146036862027 0.18407769454627693 3.2029518851052186 3.2029518851052186 2.945243112740431 3.2827188860752723 0.20248546400090464 6.277049384028044 3.147728576741336 3.5895150436524004 3.933126740138784 1.2762720155208536 1.055378782065321 0.7240389318820226 0.5645049299419159 3.2520392703175593 3.380893656499953 
-74.5 -74.0 -73.0 -73.5 -73.0 -72.5 -73.0 -67.5 -66.5 -67.0 -70.5 -69.0 -70.5 -71.0 -69.5 -70.0 -67.5 -65.0 -64.0 -65.5 -68.0 -69.5 -69.5 -70.0 -68.0 -69.0 
2.337786720737717 2.380738182798515 2.3623304133438876 2.386874105950058 1.9144080232812801 2.043262409463674 2.356194490192345 2.4850488763747385 2.325514874434632 2.3316507975861747 2.405281875404685 2.454369260617026 2.478912953223196 2.2764274892222915 2.3193789512830896 2.2641556429192065 2.478912953223196 2.730485802436441 3.043417883165112 3.11091303783208 2.6384469551633027 2.1598449493429825 1.9266798695843652 2.030990563160589 1.718058482431918 1.9819031779482483 1.9696313316451632 2.3623304133438876 2.509592568980909 3.1354567304382504 3.1784081924990484 3.2765829629237295 3.098641191528995 0.006135923151542565 3.074097498922825 2.7979809571034093 2.6998061866787286 2.5954954931025047 2.7120780329818137 2.6998061866787286 2.5464081078901644 2.3316507975861747 2.6016314162540475 2.730485802436441 
-65.0 -64.5 -64.5 -65.0 -65.0 -64.0 -64.5 -64.0 -64.5 -65.0 -64.0 -65.0 -64.5 -63.5 -63.5 -63.0 -63.0 -65.5 -66.0 -65.5 -63.0 -63.0 -62.5 -63.5 -64.0 -64.5 -64.0 -64.0 -63.0 -64.5 -64.5 -65.5 -65.0 -64.0 -63.0 -64.0 -64.5 -64.5 -65.5 -64.5 -65.0 -65.0 -64.5 -64.5 
1.0676506283684062 1.030835089459151 0.9510680884890975 1.1290098598838318 1.012427320004523 0.9878836273983529 1.0615147052168636 1.0185632431560658 1.0737865515199487 0.9756117810952678 0.9387962421860124 1.055378782065321 1.030835089459151 1.0062913968529805 1.1106020904292042 1.2026409377023426 1.2762720155208536 1.1228739367322893 1.2333205534600555 1.2701360923693108 1.1351457830353744 1.1351457830353744 1.2517283229146832 1.2517283229146832 1.2026409377023426 1.1903690913992575 1.1658253987930873 1.0492428589137786 1.1780972450961724 1.3008157081270237 1.2762720155208536 1.030835089459151 1.1106020904292042 1.184233168247715 1.3069516312785663 1.2701360923693108 1.214912784005428 1.1106020904292042 1.1167380135807468 1.1658253987930873 1.1351457830353744 1.1044661672776617 1.1290098598838318 1.1290098598838318 
-56.5 -56.0 -56.0 -55.5 -55.5 -55.5 -55.5 -55.5 -55.5 -55.5 -55.5 -55.5 -55.0 -55.0 -55.0 -54.5 -53.0 -53.0 -54.0 -53.5 -53.0 -54.0 -54.0 -54.0 -53.5 -54.0 -55.0 -53.5 -53.0 -53.0 -53.5 -53.5 -52.5 -51.0 -52.0 -52.5 -52.5 -53.0 -53.0 -53.0 -53.5 -53.0 -53.0 -53.5 
1.325359400733194 1.3130875544301088 1.3314953238847365 1.3192234775816514 1.337631247036279 1.325359400733194 1.325359400733194 1.3314953238847365 1.3744467859455345 1.325359400733194 1.3560390164909069 1.3314953238847365 1.337631247036279 1.3621749396424494 1.3192234775816514 1.4051264017032472 1.423534171157875 1.3928545554001621 1.4480778637640452 1.4358060174609601 1.4787574795217582 1.4726215563702154 1.4051264017032472 1.4603497100671303 1.4603497100671303 1.41126232485479 1.380582709097077 1.4419419406125027 1.576932249946439 1.4480778637640452 1.4542137869155878 1.4358060174609601 1.3744467859455345 1.3499030933393643 1.3744467859455345 1.3069516312785663 1.1351457830353744 1.2885438618239387 1.3008157081270237 1.2762720155208536 1.3314953238847365 1.3130875544301088 1.3192234775816514 1.3192234775816514 
-51.5 -51.5 -51.0 -51.0 -51.0 -51.0 -51.0 -51.5 -51.0 -51.0 -51.5 -51.0 -51.5 -51.0 -51.0 -51.0 -50.5 -51.5 -51.0 -50.5 -51.5 -51.0 -51.0 -51.5 -51.0 -51.0 -51.0 -50.5 -51.5 -50.5 -51.0 -51.0 -51.5 -51.0 -50.5 -50.0 -50.0 -50.5 -50.5 -50.5 -50.5 -50.5 -50.5 -50.5 
2.067806102069844 2.067806102069844 2.012582793705961 2.055534255766759 2.061670178918302 2.0493983326152168 2.067806102069844 2.018718716857504 2.030990563160589 2.043262409463674 2.024854640009046 2.018718716857504 2.0064468705544187 2.043262409463674 2.0493983326152168 2.0493983326152168 2.018718716857504 2.073942025221387 1.9819031779482483 1.8960002538266525 2.024854640009046 2.1046216409791 2.098485717827557 2.098485717827557 2.110757564130642 2.116893487282185 2.067806102069844 2.0923497946760143 1.9880391010997909 1.846912868614312 1.7794177139473437 1.859184714917397 1.8960002538266525 1.8223691760081417 1.8285050991596843 1.8223691760081417 1.8653206380689396 1.8775924843720249 1.859184714917397 1.846912868614312 1.8162332528565992 1.8530487917658545 1.846912868614312 1.9144080232812801 
-52.5 -52.5 -52.0 -52.0 -52.0 -51.5 -52.0 -51.5 -51.5 -51.5 -51.5 -51.5 -51.5 -51.5 -51.5 -50.5 -50.0 -50.0 -49.5 -50.5 -52.5 -51.5 -51.5 -52.0 -52.0 -52.5 -52.0 -52.0 -52.5 -51.0 -50.0 -49.0 -48.5 -49.0 -49.0 -49.0 -49.5 -49.5 -49.5 -50.0 -50.0 -50.0 -50.0 -50.0 
2.1905245651006955 2.2027964114037806 2.172116795646068 2.1598449493429825 2.184388641949153 2.172116795646068 2.12916533358527 2.1598449493429825 2.1537090261914402 2.086213871524472 2.12916533358527 2.1537090261914402 2.1537090261914402 2.184388641949153 2.2089323345553233 2.172116795646068 2.172116795646068 2.2150682577068657 2.12916533358527 2.2334760271614935 2.1966604882522383 2.2457478734645786 2.2764274892222915 2.2212041808584084 2.2457478734645786 2.2641556429192065 2.282563412373834 2.282563412373834 2.2089323345553233 2.172116795646068 2.1046216409791 2.067806102069844 2.184388641949153 2.012582793705961 2.0371264863121317 2.012582793705961 1.9757672547967058 2.0064468705544187 2.000310947402876 2.024854640009046 2.030990563160589 2.024854640009046 2.0371264863121317 2.061670178918302 
-53.5 -53.5 -53.5 -53.0 -53.0 -53.0 -53.0 -53.0 -53.0 -53.0 -53.0 -53.0 -53.0 -53.0 -53.0 -52.5 -53.0 -53.0 -52.5 -53.0 -53.5 -53.5 -53.0 -53.0 -53.0 -53.0 -53.0 -54.0 -53.0 -52.5 -52.5 -51.5 -52.0 -52.5 -52.5 -52.0 -52.0 -52.5 -52.5 -52.5 -52.0 -52.5 -52.0 -52.5 
5.786175531904639 5.8659425328746915 5.829126993965437 5.8475347634200645 5.902758071783947 5.896622148632405 5.878214379177777 5.859806609723149 5.835262917116979 5.890486225480862 5.835262917116979 5.9088939949354895 5.8475347634200645 5.835262917116979 5.872078456026235 5.792311455056181 5.767767762450011 5.835262917116979 5.473243451175968 5.6143696836614465 5.859806609723149 6.037748381117884 6.013204688511713 5.921165841238575 5.8659425328746915 5.994796919057086 6.019340611663256 6.000932842208628 5.829126993965437 5.632777453116074 5.620505606812989 5.424156065963627 5.5284667595398505 5.522330836388308 5.559146375297564 5.595961914206819 5.6143696836614465 5.712544454086128 5.712544454086128 5.66959299202533 5.700272607783043 5.675728915176872 5.675728915176872 5.712544454086128 
-60.5 -61.0 -60.5 -61.5 -60.0 -60.5 -60.5 -60.0 -60.5 -59.5 -59.5 -60.0 -60.5 -60.0 -60.5 -59.0 -59.0 -59.0 -60.5 -60.0 -62.5 -61.5 -61.5 -60.5 -60.0 -61.0 -61.5 -60.5 -61.5 -61.0 -61.0 -61.0 -60.0 -60.0 -59.5 -59.5 -59.0 -59.0 -59.0 -59.5 -60.0 -60.5 -59.0 -59.0 
6.166602767300278 6.277049384028044 3.147728576741336 6.264777537724958 6.209554229361076 6.270913460876501 6.12365130523948 6.17273869045182 6.111379458936394 6.178874613603362 6.14819499784565 6.154330920997192 6.129787228391022 6.12365130523948 0.018407769454627694 6.074563920027139 6.1420590746941075 5.939573610693203 5.712544454086128 5.982525072754001 0.02454369260617026 6.160466844148735 6.12365130523948 6.092971689481767 5.945709533844745 6.227961998815704 6.086835766330224 6.1420590746941075 6.166602767300278 5.9518454569962875 5.970253226450915 5.632777453116074 5.7616318392984684 5.7616318392984684 5.816855147662351 6.050020227420969 5.859806609723149 6.129787228391022 6.062292073724054 6.013204688511713 5.902758071783947 5.93343768754166 5.93343768754166 6.074563920027139 
-66.0 -64.5 -65.0 -65.0 -65.0 -65.0 -64.5 -64.0 -64.0 -63.5 -63.5 -64.0 -64.0 -64.0 -63.5 -63.5 -62.0 -61.0 -61.5 -62.0 -63.0 -62.0 -62.0 -63.0 -63.0 -62.5 -62.5 -61.5 -63.0 -61.0 -62.0 -59.5 -58.0 -60.0 -59.5 -61.5 -62.0 -62.0 -61.5 -61.0 -61.5 -60.0 -61.5 -61.0 
