3.3195344249845276 0.34974761963792617 0.30679615757712825 0.23930100291016002 0.3436116964863836 0.21475731030398976 0.25157284921324513 3.1784081924990484 0.17794177139473438 3.2765829629237295 5.141903600992669 4.200039397230886 0.09817477042468103 2.945243112740431 3.055689729468197 0.1227184630308513 0.6442719309119693 4.81056375080937 5.2768939103266055 5.2339424482658075 5.117359908386499 0.6994952392758523 0.19634954084936207 
-69.0 -72.5 -72.0 -71.5 -71.5 -71.5 -71.5 -71.0 -71.5 -69.0 -66.0 -68.0 -68.0 -71.5 -70.5 -71.0 -68.5 -68.0 -64.5 -65.0 -70.0 -76.5 -75.5 
2.3009711818284617 2.0800779483729293 2.061670178918302 2.067806102069844 2.184388641949153 1.9880391010997909 2.1598449493429825 2.073942025221387 2.1659808724945253 2.1230294104337273 2.0371264863121317 2.098485717827557 2.061670178918302 2.1537090261914402 2.141437179888355 1.8653206380689396 2.350058567040802 2.2518837966161214 2.521864415283994 5.982525072754001 2.8624081501946064 2.1905245651006955 2.2150682577068657 2.030990563160589 1.846912868614312 1.8346410223112268 1.7548740213411735 2.012582793705961 2.172116795646068 2.1966604882522383 2.3623304133438876 2.2089323345553233 5.1725832167503825 2.2150682577068657 2.086213871524472 2.043262409463674 2.0371264863121317 1.9634954084936207 1.9941750242513334 1.9144080232812801 1.9144080232812801 
-62.5 -64.5 -63.5 -63.0 -64.0 -63.5 -63.5 -64.0 -64.5 -63.5 -64.5 -64.0 -64.5 -64.5 -64.0 -63.5 -62.5 -63.5 -65.5 -67.5 -67.5 -63.0 -64.0 -61.5 -61.5 -62.5 -62.0 -61.0 -63.0 -63.5 -66.0 -66.0 -64.5 -63.0 -61.5 -62.5 -61.5 -62.5 -62.0 -62.5 -62.0 
1.239456476611598 1.1965050145508 1.2210487071569704 1.2087768608538851 1.1780972450961724 1.184233168247715 1.1780972450961724 1.1228739367322893 1.1658253987930873 1.1290098598838318 1.1719613219446299 1.1290098598838318 1.0492428589137786 1.1535535524900022 1.227184630308513 1.3069516312785663 1.380582709097077 1.184233168247715 1.1106020904292042 1.337631247036279 1.2701360923693108 1.1535535524900022 1.1474176293384597 1.2455923997631406 1.214912784005428 1.1719613219446299 1.1351457830353744 1.1044661672776617 1.2517283229146832 1.2517283229146832 1.2087768608538851 1.1903690913992575 1.0185632431560658 1.3008157081270237 1.423534171157875 1.368310862793992 1.282407938672396 1.2578642460662257 1.2455923997631406 1.1351457830353744 1.1596894756415448 
-54.0 -54.5 -54.5 -54.5 -54.0 -54.5 -54.5 -54.5 -54.5 -54.5 -54.5 -54.5 -55.0 -54.5 -54.0 -53.5 -53.0 -52.5 -52.5 -54.0 -53.0 -53.5 -55.0 -56.0 -56.0 -56.0 -56.0 -55.0 -54.0 -54.5 -55.0 -54.5 -53.5 -53.0 -54.0 -56.5 -56.5 -56.5 -56.5 -57.0 -57.0 
1.4051264017032472 1.3989904785517047 1.41126232485479 1.41126232485479 1.4296700943094176 1.4358060174609601 1.4358060174609601 1.4664856332186729 1.423534171157875 1.4480778637640452 1.4542137869155878 1.4358060174609601 1.4173982480063325 1.4480778637640452 1.4480778637640452 1.4664856332186729 1.4051264017032472 4.540583132141498 1.3621749396424494 1.4419419406125027 1.4971652489763858 1.521708941582556 1.521708941582556 1.4664856332186729 1.4664856332186729 1.4419419406125027 1.4787574795217582 1.5401167110371838 1.564660403643354 1.3989904785517047 1.4358060174609601 1.4787574795217582 1.4296700943094176 1.4664856332186729 1.509437095279471 1.4664856332186729 1.5033011721279284 1.5033011721279284 1.4726215563702154 1.4358060174609601 1.423534171157875 
-51.0 -50.5 -51.0 -51.0 -51.0 -51.0 -51.0 -51.0 -51.0 -51.0 -51.0 -51.5 -51.5 -51.0 -51.0 -50.5 -50.5 -52.0 -50.5 -51.0 -51.5 -51.5 -51.5 -52.0 -52.0 -52.0 -52.0 -52.0 -52.0 -51.5 -51.5 -52.0 -52.0 -52.5 -52.0 -52.0 -52.0 -52.0 -52.0 -52.0 -52.0 
1.9634954084936207 2.055534255766759 2.061670178918302 2.0371264863121317 2.067806102069844 2.073942025221387 2.0493983326152168 2.067806102069844 2.067806102069844 2.055534255766759 2.061670178918302 2.116893487282185 2.0800779483729293 2.073942025221387 2.061670178918302 2.086213871524472 2.000310947402876 1.9941750242513334 1.9573594853420782 5.102020100507643 1.9082721001297376 2.1475731030398975 2.1537090261914402 2.227340104009951 2.2396119503130363 2.172116795646068 2.1905245651006955 2.227340104009951 2.1537090261914402 1.9696313316451632 2.043262409463674 2.1230294104337273 2.1782527187976104 2.116893487282185 2.1046216409791 2.1966604882522383 2.2089323345553233 2.2641556429192065 2.2150682577068657 2.2212041808584084 2.227340104009951 
-50.5 -51.0 -51.0 -51.0 -51.0 -50.5 -51.0 -51.0 -51.0 -51.5 -51.0 -51.0 -51.0 -51.0 -51.0 -50.0 -49.5 -50.5 -49.5 -50.5 -52.0 -51.5 -52.5 -53.0 -53.5 -54.0 -54.0 -53.5 -54.0 -51.0 -50.5 -50.5 -51.5 -51.5 -51.0 -51.5 -51.5 -52.0 -52.5 -53.0 -52.5 
2.1659808724945253 2.1353012567368124 2.172116795646068 2.141437179888355 2.141437179888355 2.141437179888355 2.1598449493429825 2.1598449493429825 2.172116795646068 2.1659808724945253 2.1598449493429825 2.1659808724945253 2.184388641949153 2.1659808724945253 2.1475731030398975 2.055534255766759 2.1475731030398975 2.1537090261914402 2.1353012567368124 2.1659808724945253 2.2948352586769194 2.282563412373834 2.2396119503130363 2.2764274892222915 2.3193789512830896 2.2886993355253766 2.3071071049800045 2.3439226438892597 2.3193789512830896 2.172116795646068 2.2396119503130363 2.2212041808584084 2.2457478734645786 2.2948352586769194 2.350058567040802 2.282563412373834 2.2580197197676637 2.2334760271614935 2.2886993355253766 2.270291566070749 2.227340104009951 
-53.0 -53.0 -53.0 -52.5 -52.5 -52.5 -52.5 -52.5 -52.5 -53.0 -53.0 -52.5 -52.5 -52.5 -52.5 -52.5 -53.0 -53.5 -52.5 -53.0 -52.5 -53.0 -53.0 -53.0 -54.0 -53.5 -54.0 -54.0 -54.0 -53.5 -54.0 -53.0 -53.0 -54.5 -54.0 -54.0 -53.5 -53.5 -54.0 -53.5 -54.0 
5.780039608753096 5.730952223540755 5.786175531904639 5.749359992995383 5.792311455056181 5.8045833013592665 5.810719224510809 5.755495916146925 5.780039608753096 5.810719224510809 5.767767762450011 5.786175531904639 5.822991070813893 5.792311455056181 5.835262917116979 5.749359992995383 5.626641529964532 5.54994249057025 5.258486140871978 5.697204646207271 5.829126993965437 5.939573610693203 5.93343768754166 5.976389149602458 6.013204688511713 5.988660995905543 5.890486225480862 5.964117303299373 5.939573610693203 5.577554144752192 5.71868037723767 5.798447378207723 5.798447378207723 5.822991070813893 5.66959299202533 5.7616318392984684 5.8659425328746915 5.816855147662351 5.8475347634200645 5.890486225480862 5.872078456026235 
-59.0 -59.5 -59.5 -59.0 -59.5 -59.5 -59.5 -59.5 -59.5 -59.5 -59.5 -59.5 -59.5 -59.0 -59.5 -58.0 -59.0 -60.0 -60.0 -60.0 -62.0 -60.0 -61.0 -61.5 -61.0 -61.5 -62.0 -60.5 -61.5 -61.5 -60.5 -60.0 -60.5 -60.5 -60.0 -59.0 -59.0 -59.0 -59.5 -59.5 -60.0 
6.258641614573416 6.135923151542564 0.05522330836388308 6.068427996875596 6.068427996875596 6.068427996875596 6.160466844148735 6.129787228391022 6.178874613603362 6.105243535784852 6.0991076126333095 6.031612457966341 6.111379458936394 6.019340611663256 5.994796919057086 5.982525072754001 6.050020227420969 5.9518454569962875 5.859806609723149 5.844466801844293 6.17273869045182 0.018407769454627694 6.178874613603362 6.129787228391022 6.178874613603362 6.178874613603362 6.2034183062095325 0.11044661672776616 0.11044661672776616 6.037748381117884 6.037748381117884 5.706408530934585 6.025476534814799 6.209554229361076 0.18407769454627693 6.074563920027139 6.17273869045182 6.080699843178682 5.957981380147831 6.19728238305799 0.03681553890925539 
-64.0 -64.0 -64.5 -64.5 -63.5 -63.0 -63.5 -64.0 -63.5 -62.5 -63.5 -63.5 -63.5 -63.0 -63.5 -62.5 -61.5 -61.5 -59.5 -61.5 -64.0 -62.0 -63.0 -63.5 -64.0 -64.5 -65.0 -63.5 -64.5 -63.5 -64.0 -61.5 -61.0 -63.5 -63.5 -65.0 -65.0 -65.0 -66.0 -66.5 -67.0 
