0.1595340019401067 2.521864415283994 0.11044661672776616 0.17794177139473438 1.0615147052168636 3.055689729468197 2.816388726558037 2.736621725587984 0.34974761963792617 3.399301425954581 3.2090878082567613 6.209554229361076 3.0066023442558567 3.1661363461959633 3.000466421104314 3.3502140407422405 4.97623367590102 5.019185137961818 0.37429131224409645 6.258641614573416 6.17273869045182 0.1349903093339364 
-71.0 -69.5 -71.5 -71.5 -71.5 -67.0 -67.0 -68.0 -70.5 -70.5 -71.0 -71.0 -69.5 -69.5 -68.5 -66.5 -67.5 -72.5 -77.0 -75.0 -74.0 -75.0 
2.3439226438892597 2.2580197197676637 2.2027964114037806 2.4727770300716534 2.2886993355253766 2.497320722677824 2.270291566070749 2.030990563160589 2.337786720737717 2.1353012567368124 2.1353012567368124 2.337786720737717 2.3439226438892597 2.012582793705961 2.073942025221387 2.184388641949153 2.3009711818284617 2.356194490192345 5.780039608753096 2.9575149590435164 2.834796496012665 2.5402721847386216 2.1537090261914402 1.718058482431918 1.9389517158874505 2.000310947402876 1.9389517158874505 1.9573594853420782 2.2027964114037806 2.435961491162398 2.662990647769473 2.423689644859313 2.110757564130642 1.8775924843720249 2.0800779483729293 2.2027964114037806 2.000310947402876 1.9941750242513334 1.9082721001297376 1.8714565612204823 1.9880391010997909 1.945087639038993 1.8407769454627694 
-62.5 -64.5 -63.5 -64.5 -64.0 -64.5 -64.5 -64.5 -64.5 -64.5 -63.5 -64.0 -64.0 -64.5 -64.0 -65.0 -64.0 -62.5 -65.5 -67.5 -65.0 -64.0 -62.0 -62.5 -63.0 -62.5 -61.5 -62.0 -63.0 -63.5 -66.0 -65.5 -65.5 -62.5 -63.0 -62.0 -61.0 -61.5 -61.5 -61.5 -61.5 -61.5 -60.5 
1.2026409377023426 1.2087768608538851 1.1780972450961724 1.1535535524900022 1.2026409377023426 1.1474176293384597 1.1719613219446299 1.1965050145508 1.1965050145508 1.184233168247715 1.2087768608538851 1.2087768608538851 1.2026409377023426 1.2210487071569704 1.2455923997631406 1.2087768608538851 1.1719613219446299 1.3499030933393643 1.2946797849754812 1.1658253987930873 1.2455923997631406 1.41126232485479 1.282407938672396 1.2946797849754812 1.2640001692177683 1.2946797849754812 1.2885438618239387 1.2762720155208536 1.1780972450961724 1.1965050145508 1.2640001692177683 1.4173982480063325 1.3437671701878218 1.1903690913992575 1.2517283229146832 1.41126232485479 1.4787574795217582 1.337631247036279 1.325359400733194 1.2026409377023426 1.214912784005428 1.1167380135807468 1.184233168247715 1.3437671701878218 
-53.0 -53.0 -53.0 -53.0 -53.5 -53.0 -53.0 -53.0 -53.0 -53.5 -53.5 -53.5 -53.5 -53.5 -53.5 -53.5 -53.0 -52.5 -51.5 -52.5 -53.5 -53.0 -52.5 -54.5 -55.0 -55.0 -55.0 -55.5 -55.0 -54.0 -53.0 -54.5 -54.5 -54.0 -52.0 -52.5 -54.0 -55.5 -56.0 -56.0 -57.0 -56.5 -56.5 -56.0 
1.3744467859455345 1.3130875544301088 1.3192234775816514 1.3621749396424494 1.3928545554001621 1.325359400733194 1.368310862793992 1.380582709097077 1.3621749396424494 1.3621749396424494 1.3867186322486196 1.3621749396424494 1.3499030933393643 1.3989904785517047 1.380582709097077 1.3008157081270237 1.3499030933393643 1.3989904785517047 1.337631247036279 1.325359400733194 1.368310862793992 1.4971652489763858 1.576932249946439 1.509437095279471 1.4603497100671303 1.4910293258248433 1.5155730184310134 1.4971652489763858 1.5278448647340985 1.564660403643354 1.5892040962495242 1.380582709097077 1.5155730184310134 1.5033011721279284 1.4542137869155878 1.4910293258248433 1.552388557340269 1.5278448647340985 1.5033011721279284 1.4603497100671303 1.4787574795217582 1.41126232485479 1.4480778637640452 1.3867186322486196 
-50.5 -50.5 -50.5 -50.5 -50.5 -50.5 -50.5 -50.5 -50.5 -50.5 -50.5 -50.5 -50.5 -50.5 -51.0 -50.5 -50.5 -50.0 -50.5 -50.5 -50.5 -50.5 -51.5 -51.0 -51.5 -52.0 -52.0 -52.0 -51.5 -51.5 -52.0 -51.5 -51.0 -51.5 -52.5 -52.0 -52.0 -52.0 -51.5 -52.0 -52.5 -52.0 -52.0 -52.0 
1.9389517158874505 1.9634954084936207 1.9757672547967058 1.9512235621905356 1.9573594853420782 1.9696313316451632 1.9573594853420782 1.9696313316451632 1.9757672547967058 1.9696313316451632 1.9880391010997909 1.9696313316451632 1.9757672547967058 2.024854640009046 2.000310947402876 1.9757672547967058 1.9696313316451632 1.9205439464328227 1.932815792735908 1.9266798695843652 1.945087639038993 1.9266798695843652 2.110757564130642 2.12916533358527 2.1966604882522383 2.2212041808584084 2.1966604882522383 2.2150682577068657 2.2212041808584084 2.1966604882522383 2.116893487282185 2.024854640009046 2.024854640009046 2.1353012567368124 2.067806102069844 2.000310947402876 2.1353012567368124 2.1782527187976104 2.1905245651006955 2.1905245651006955 2.1966604882522383 2.172116795646068 2.1046216409791 2.1966604882522383 
-50.0 -49.5 -50.0 -49.5 -50.0 -49.5 -49.5 -50.0 -50.0 -49.5 -49.5 -50.0 -50.0 -49.5 -49.5 -50.0 -49.5 -49.0 -48.5 -49.0 -49.5 -50.5 -52.0 -51.5 -52.5 -53.0 -53.0 -53.0 -53.0 -52.5 -53.0 -51.5 -50.0 -50.5 -51.5 -51.0 -50.5 -51.0 -52.0 -52.5 -53.0 -52.5 -52.0 -52.5 
2.0800779483729293 2.055534255766759 2.1046216409791 2.0923497946760143 2.018718716857504 2.098485717827557 2.073942025221387 2.0923497946760143 2.0923497946760143 2.073942025221387 2.0800779483729293 2.110757564130642 2.067806102069844 2.098485717827557 2.086213871524472 2.110757564130642 2.1230294104337273 2.110757564130642 2.1046216409791 2.1537090261914402 2.073942025221387 2.1782527187976104 2.0923497946760143 2.2641556429192065 2.2948352586769194 2.350058567040802 2.3439226438892597 2.3439226438892597 2.3009711818284617 2.313243028131547 2.2764274892222915 2.2641556429192065 2.227340104009951 2.1598449493429825 2.3071071049800045 2.3439226438892597 2.380738182798515 2.2764274892222915 2.2518837966161214 2.3071071049800045 2.282563412373834 2.1966604882522383 2.227340104009951 2.337786720737717 
-52.0 -52.5 -52.0 -52.0 -52.5 -52.0 -52.5 -52.5 -52.5 -52.0 -52.5 -52.5 -52.0 -52.5 -52.5 -53.0 -52.0 -52.5 -52.5 -52.0 -52.5 -52.5 -53.0 -52.5 -53.0 -53.0 -53.5 -53.5 -53.5 -53.5 -53.5 -53.0 -53.5 -52.0 -54.0 -54.0 -54.0 -53.5 -53.5 -54.0 -54.0 -54.0 -53.5 -54.0 
5.6941366846315 5.620505606812989 5.724816300389213 5.737088146692298 5.675728915176872 5.6941366846315 5.737088146692298 5.8045833013592665 5.792311455056181 5.706408530934585 5.786175531904639 5.755495916146925 5.595961914206819 5.6941366846315 5.706408530934585 5.773903685601553 5.66959299202533 5.540738605842936 5.424156065963627 5.45483568172134 5.651185222570702 5.332117218690489 5.810719224510809 5.816855147662351 5.939573610693203 5.8659425328746915 5.9088939949354895 5.9518454569962875 5.8659425328746915 5.859806609723149 5.822991070813893 5.546874528994478 5.681864838328415 5.651185222570702 5.724816300389213 5.620505606812989 5.626641529964532 5.773903685601553 5.749359992995383 5.786175531904639 5.890486225480862 5.841398840268521 5.798447378207723 5.773903685601553 
-60.0 -59.5 -60.0 -59.5 -59.5 -60.0 -59.5 -58.5 -59.0 -59.5 -59.0 -59.5 -59.5 -59.5 -60.0 -59.5 -59.5 -59.0 -60.0 -60.5 -60.5 -60.0 -60.0 -60.5 -60.5 -60.0 -60.5 -61.0 -61.0 -60.0 -61.0 -62.0 -60.0 -60.0 -61.5 -60.5 -59.5 -59.0 -59.0 -60.0 -60.0 -59.5 -59.0 -59.0 
6.258641614573416 6.086835766330224 6.209554229361076 5.9518454569962875 6.240233845118788 6.17273869045182 6.154330920997192 6.135923151542564 6.050020227420969 6.12365130523948 6.14819499784565 6.080699843178682 6.2034183062095325 6.129787228391022 6.037748381117884 6.154330920997192 5.988660995905543 6.007068765360171 5.9088939949354895 5.632777453116074 5.743224069843841 5.896622148632405 0.030679615757712823 6.092971689481767 6.068427996875596 6.160466844148735 6.1420590746941075 6.1850105367549055 6.031612457966341 6.215690152512618 0.05522330836388308 5.902758071783947 6.043884304269426 5.872078456026235 0.006135923151542565 6.019340611663256 6.074563920027139 6.068427996875596 6.2463697682703305 6.2034183062095325 6.191146459906448 6.2463697682703305 0.006135923151542565 
-61.5 -61.0 -61.5 -62.0 -61.0 -61.0 -62.5 -61.5 -63.0 -62.0 -62.0 -61.5 -62.0 -62.0 -62.0 -62.0 -61.5 -61.5 -59.5 -59.5 -61.5 -61.5 -61.5 -62.0 -63.0 -62.5 -62.5 -63.5 -63.0 -62.0 -64.0 -63.0 -61.5 -61.5 -61.5 -62.0 -62.5 -64.0 -64.5 -66.5 -66.5 -66.0 -65.5 
