0.03681553890925539 0.09817477042468103 6.234097921967246 6.209554229361076 0.1349903093339364 6.191146459906448 6.0991076126333095 6.086835766330224 6.12365130523948 6.105243535784852 6.178874613603362 5.056000676871073 3.834951969714103 3.1354567304382504 3.2520392703175593 2.8532042654672924 2.9268353432858034 2.84706834231575 2.791845033951867 2.675262494072558 2.8532042654672924 2.718213956133356 5.8045833013592665 2.693670263527186 3.117048960983623 3.472932503773092 5.086680292628786 5.368932757599744 5.3627968344482015 2.405281875404685 
-74.5 -74.0 -74.0 -74.0 -74.5 -74.5 -74.5 -74.0 -74.0 -74.0 -74.0 -69.0 -68.5 -68.5 -71.0 -69.5 -70.0 -68.5 -69.5 -68.5 -69.0 -69.5 -72.5 -69.5 -67.5 -67.5 -67.5 -68.5 -70.5 -69.5 
1.9880391010997909 1.9757672547967058 2.024854640009046 2.055534255766759 1.9880391010997909 1.9512235621905356 1.9634954084936207 1.932815792735908 2.018718716857504 1.8714565612204823 1.7855536370988863 1.9266798695843652 2.000310947402876 2.0493983326152168 1.9573594853420782 1.9696313316451632 2.110757564130642 2.0064468705544187 2.043262409463674 1.8653206380689396 2.2641556429192065 2.3930100291016 2.3746022596469727 2.116893487282185 2.030990563160589 2.1230294104337273 2.2764274892222915 2.1905245651006955 2.1230294104337273 2.012582793705961 2.2334760271614935 2.5157284921324514 2.399145952253143 2.1230294104337273 1.9389517158874505 2.1353012567368124 2.086213871524472 2.000310947402876 2.067806102069844 2.043262409463674 2.1046216409791 1.9757672547967058 2.030990563160589 
-62.5 -62.0 -63.0 -63.0 -63.5 -63.0 -62.5 -63.0 -62.5 -63.0 -62.5 -62.5 -62.5 -62.5 -62.5 -62.5 -62.0 -61.5 -61.5 -64.0 -65.0 -66.5 -62.5 -61.0 -61.5 -62.0 -62.0 -61.5 -61.5 -61.0 -61.5 -63.0 -66.0 -63.5 -62.5 -62.0 -61.5 -61.5 -60.5 -61.5 -60.0 -61.0 -61.0 
1.1903690913992575 1.141281706186917 1.1290098598838318 1.1474176293384597 1.1965050145508 1.1719613219446299 1.141281706186917 1.0983302441261191 1.1228739367322893 1.0676506283684062 1.1658253987930873 1.1290098598838318 1.1535535524900022 1.1106020904292042 1.1719613219446299 1.1474176293384597 1.2946797849754812 1.3989904785517047 1.325359400733194 1.0921943209745766 1.1535535524900022 1.3314953238847365 1.1535535524900022 1.1106020904292042 1.1719613219446299 1.1106020904292042 1.1106020904292042 1.0737865515199487 1.0676506283684062 1.0185632431560658 1.0062913968529805 1.2640001692177683 1.282407938672396 1.239456476611598 1.0615147052168636 1.214912784005428 1.3560390164909069 1.3499030933393643 1.3867186322486196 1.2762720155208536 1.1903690913992575 1.1044661672776617 1.055378782065321 
-55.5 -55.0 -55.0 -55.0 -55.0 -55.0 -55.5 -55.5 -55.5 -55.5 -56.0 -55.5 -55.5 -55.5 -55.5 -55.5 -55.0 -54.5 -52.5 -52.5 -55.0 -55.0 -54.5 -56.0 -56.5 -57.0 -57.5 -57.5 -57.5 -57.0 -56.0 -54.5 -55.0 -55.5 -54.0 -53.0 -53.5 -54.5 -56.0 -56.0 -56.5 -57.0 -57.0 
1.4480778637640452 1.4358060174609601 1.4296700943094176 1.4603497100671303 1.3989904785517047 1.3867186322486196 1.41126232485479 1.4358060174609601 1.380582709097077 1.4358060174609601 1.380582709097077 1.4051264017032472 1.4419419406125027 1.3989904785517047 1.4419419406125027 1.368310862793992 1.4419419406125027 1.4358060174609601 1.4051264017032472 1.4480778637640452 1.3928545554001621 1.4173982480063325 1.5585244804918115 1.4480778637640452 1.423534171157875 1.423534171157875 1.4358060174609601 1.3989904785517047 1.3744467859455345 1.4358060174609601 1.5278448647340985 1.521708941582556 1.3621749396424494 1.521708941582556 1.4910293258248433 1.4542137869155878 1.4910293258248433 1.4358060174609601 1.4173982480063325 1.3867186322486196 1.3499030933393643 1.3069516312785663 1.337631247036279 
-51.5 -51.5 -51.5 -51.5 -51.5 -51.5 -51.5 -51.5 -51.5 -51.5 -51.5 -51.5 -51.5 -51.5 -51.5 -52.0 -51.5 -51.5 -52.5 -52.0 -51.5 -52.0 -52.5 -52.0 -52.5 -53.0 -53.0 -53.0 -53.0 -52.5 -52.5 -53.0 -51.5 -52.0 -52.5 -53.0 -53.0 -52.5 -52.5 -51.5 -52.0 -52.5 -52.5 
2.172116795646068 2.1353012567368124 2.1475731030398975 2.12916533358527 2.141437179888355 2.1537090261914402 2.172116795646068 2.184388641949153 2.1905245651006955 2.184388641949153 2.1782527187976104 2.2150682577068657 2.1782527187976104 2.1782527187976104 2.1598449493429825 2.1966604882522383 2.1966604882522383 2.1537090261914402 2.0800779483729293 2.1966604882522383 2.1598449493429825 2.098485717827557 2.350058567040802 2.3009711818284617 2.350058567040802 2.380738182798515 2.411417798556228 2.435961491162398 2.3930100291016 2.3623304133438876 2.3930100291016 2.227340104009951 2.1230294104337273 2.1475731030398975 2.2150682577068657 2.184388641949153 2.1905245651006955 2.1353012567368124 2.2580197197676637 2.2641556429192065 2.2212041808584084 2.1966604882522383 2.2212041808584084 
-52.0 -52.0 -51.5 -51.5 -51.5 -51.5 -51.5 -52.0 -51.5 -52.0 -52.0 -52.0 -52.0 -52.0 -52.0 -51.5 -51.0 -50.0 -51.0 -51.0 -51.0 -52.0 -55.0 -55.0 -55.0 -56.0 -57.0 -57.0 -57.0 -56.0 -55.5 -54.5 -52.0 -50.5 -52.0 -53.0 -52.0 -51.5 -52.0 -52.5 -53.5 -54.0 -54.5 
2.282563412373834 2.2457478734645786 2.2948352586769194 2.282563412373834 2.2457478734645786 2.2580197197676637 2.2641556429192065 2.2457478734645786 2.2886993355253766 2.2948352586769194 2.2518837966161214 2.3193789512830896 2.3009711818284617 2.270291566070749 2.3439226438892597 2.2886993355253766 2.3071071049800045 2.380738182798515 2.3316507975861747 2.3193789512830896 2.2641556429192065 2.36846633649543 2.435961491162398 2.454369260617026 2.442097414313941 2.435961491162398 2.4605051837685683 2.429825568010856 2.442097414313941 2.4605051837685683 2.466641106920111 2.3746022596469727 2.405281875404685 2.2212041808584084 2.350058567040802 2.429825568010856 2.4605051837685683 2.3930100291016 2.36846633649543 2.356194490192345 2.270291566070749 2.313243028131547 2.3071071049800045 
-53.5 -53.5 -54.0 -54.0 -54.0 -54.0 -54.0 -53.5 -54.0 -53.5 -54.0 -54.0 -53.5 -53.5 -54.0 -54.0 -54.0 -54.5 -54.0 -53.0 -54.0 -54.5 -54.5 -54.5 -55.0 -55.0 -55.0 -55.5 -55.5 -55.0 -55.5 -55.0 -53.5 -53.0 -53.0 -54.5 -54.5 -55.0 -55.0 -55.0 -55.0 -55.0 -55.5 
5.767767762450011 5.700272607783043 5.816855147662351 5.743224069843841 5.829126993965437 5.755495916146925 5.743224069843841 5.8045833013592665 5.816855147662351 5.786175531904639 5.749359992995383 5.773903685601553 5.786175531904639 5.749359992995383 5.810719224510809 5.743224069843841 5.712544454086128 5.749359992995383 5.626641529964532 5.730952223540755 5.64504929941916 5.344389064993574 5.730952223540755 5.841398840268521 5.822991070813893 5.7616318392984684 5.712544454086128 5.688000761479957 5.724816300389213 5.890486225480862 5.706408530934585 5.565282298449106 5.595961914206819 5.780039608753096 5.749359992995383 5.553010452146021 5.632777453116074 5.681864838328415 5.64504929941916 5.688000761479957 5.6941366846315 5.6573211457222445 
-60.0 -60.5 -60.0 -60.5 -60.5 -60.0 -60.0 -60.0 -60.0 -60.5 -60.0 -60.5 -61.0 -60.0 -60.0 -60.0 -58.5 -58.5 -60.0 -61.0 -61.5 -62.5 -62.0 -62.5 -61.5 -61.5 -61.5 -61.5 -62.0 -62.0 -62.5 -61.5 -61.0 -61.0 -61.5 -61.5 -60.0 -59.5 -59.0 -60.0 -60.0 -60.5 
6.270913460876501 6.240233845118788 6.277049384028044 0.04295146206079795 0.04908738521234052 6.240233845118788 0.03681553890925539 0.09203884727313846 6.209554229361076 6.234097921967246 0.0 6.258641614573416 0.06135923151542565 0.04295146206079795 0.006135923151542565 6.191146459906448 0.1227184630308513 0.006135923151542565 6.178874613603362 6.086835766330224 5.970253226450915 6.135923151542564 5.8045833013592665 0.1595340019401067 6.117515382087937 6.191146459906448 6.019340611663256 6.252505691421874 0.04908738521234052 6.240233845118788 6.227961998815704 0.22089323345553233 0.28838838812250056 6.000932842208628 5.939573610693203 6.037748381117884 6.2463697682703305 6.227961998815704 0.11044661672776616 6.092971689481767 6.166602767300278 6.240233845118788 0.2454369260617026 6.166602767300278 
-66.0 -66.0 -66.0 -65.0 -64.5 -64.0 -65.0 -65.0 -65.0 -64.5 -65.0 -64.5 -65.5 -65.5 -66.0 -65.5 -65.5 -64.5 -63.5 -62.5 -61.5 -64.0 -63.0 -64.5 -65.0 -65.5 -66.0 -67.5 -68.0 -67.0 -66.0 -65.5 -67.0 -64.0 -63.0 -61.5 -63.5 -63.5 -65.5 -66.0 -67.0 -69.0 -68.5 -69.5 
