6.031612457966341 5.816855147662351 4.8351074434155406 5.448699758569798 0.6320000846088841 2.9575149590435164 3.08636934522591 3.0802334220743677 6.19728238305799 3.031146036862027 2.9697868053466014 2.8716120349219203 2.82252464970958 3.0250101137104846 3.3379421944391554 2.9206994201342606 3.043417883165112 1.3989904785517047 5.117359908386499 1.282407938672396 6.135923151542564 6.178874613603362 
-73.5 -74.0 -76.5 -68.5 -69.0 -68.5 -71.0 -70.0 -71.0 -69.0 -70.0 -71.0 -70.0 -69.0 -68.5 -67.0 -67.5 -69.0 -71.5 -75.5 -74.0 -73.5 
1.9573594853420782 2.067806102069844 1.9696313316451632 1.8346410223112268 1.9941750242513334 1.945087639038993 1.9819031779482483 1.9880391010997909 1.8285050991596843 1.902136176978195 1.932815792735908 1.8775924843720249 1.88986433067511 2.024854640009046 1.9696313316451632 2.1353012567368124 2.36846633649543 5.638913376267617 2.055534255766759 2.227340104009951 2.3439226438892597 2.282563412373834 2.0800779483729293 2.018718716857504 2.018718716857504 2.055534255766759 1.9880391010997909 1.9205439464328227 2.0923497946760143 2.3193789512830896 2.5464081078901644 2.184388641949153 2.2518837966161214 1.8530487917658545 2.2089323345553233 2.2089323345553233 2.073942025221387 2.1046216409791 2.1046216409791 2.067806102069844 2.067806102069844 2.0064468705544187 1.9880391010997909 
-62.5 -63.0 -62.5 -63.0 -63.0 -62.5 -63.0 -62.0 -62.5 -62.5 -62.5 -62.5 -63.0 -62.0 -62.0 -62.0 -62.5 -63.0 -61.5 -65.0 -67.0 -63.5 -61.0 -62.5 -62.5 -62.5 -61.5 -61.5 -62.0 -62.0 -65.0 -65.5 -64.0 -63.5 -63.0 -63.0 -63.0 -62.0 -62.5 -62.0 -62.0 -62.0 -61.5 
1.030835089459151 1.0492428589137786 1.0737865515199487 1.0737865515199487 1.0369710126106935 1.0369710126106935 1.0185632431560658 0.9940195505498954 1.0369710126106935 1.030835089459151 1.012427320004523 1.000155473701438 1.012427320004523 0.9510680884890975 1.055378782065321 1.1719613219446299 1.3192234775816514 1.239456476611598 0.9940195505498954 1.2210487071569704 1.2578642460662257 1.086058397823034 1.1167380135807468 1.1474176293384597 1.1228739367322893 1.0799224746714913 1.1228739367322893 1.141281706186917 1.1290098598838318 1.214912784005428 1.3867186322486196 1.325359400733194 1.214912784005428 1.141281706186917 1.214912784005428 1.3437671701878218 1.4542137869155878 1.4173982480063325 1.3989904785517047 1.325359400733194 1.2333205534600555 1.2455923997631406 1.2210487071569704 
-56.5 -56.5 -56.5 -56.5 -56.5 -56.5 -56.5 -57.0 -57.0 -57.0 -57.0 -56.5 -57.0 -57.0 -57.0 -56.5 -57.0 -54.0 -54.0 -56.0 -55.0 -55.5 -57.5 -57.5 -57.5 -57.5 -57.5 -57.0 -56.0 -54.0 -54.0 -55.0 -54.5 -53.0 -52.5 -53.5 -55.0 -55.0 -55.5 -55.5 -56.0 -56.0 -56.0 
1.4173982480063325 1.3928545554001621 1.4173982480063325 1.368310862793992 1.423534171157875 1.4051264017032472 1.4358060174609601 1.4051264017032472 1.3867186322486196 1.3989904785517047 1.380582709097077 1.368310862793992 1.380582709097077 1.337631247036279 1.3928545554001621 1.4296700943094176 1.4480778637640452 4.543651093717269 1.3499030933393643 1.4726215563702154 1.3928545554001621 1.5401167110371838 1.4296700943094176 1.380582709097077 1.4419419406125027 1.3744467859455345 1.423534171157875 1.4542137869155878 1.521708941582556 1.4726215563702154 1.4848934026733007 1.4787574795217582 1.5033011721279284 1.4726215563702154 1.4480778637640452 1.509437095279471 1.5462526341887264 1.4971652489763858 1.4726215563702154 1.4358060174609601 1.4603497100671303 1.4480778637640452 1.4542137869155878 
-52.0 -52.0 -52.0 -52.0 -52.0 -52.0 -52.5 -52.0 -52.5 -52.0 -52.5 -52.0 -52.0 -52.5 -52.0 -52.0 -52.0 -52.5 -52.5 -52.0 -52.5 -53.0 -52.5 -53.0 -53.0 -53.0 -53.0 -52.5 -52.0 -52.0 -52.0 -51.5 -51.5 -52.5 -52.0 -51.5 -51.0 -51.5 -51.0 -51.5 -51.5 -52.0 -52.0 
2.1905245651006955 2.184388641949153 2.184388641949153 2.1905245651006955 2.184388641949153 2.2027964114037806 2.2518837966161214 2.1598449493429825 2.227340104009951 2.2027964114037806 2.2150682577068657 2.2150682577068657 2.184388641949153 2.1598449493429825 2.1475731030398975 2.2089323345553233 2.2089323345553233 2.1874566035249243 2.067806102069844 2.172116795646068 2.061670178918302 2.3193789512830896 2.2886993355253766 2.2580197197676637 2.313243028131547 2.2886993355253766 2.3009711818284617 2.3071071049800045 2.172116795646068 2.227340104009951 2.012582793705961 2.024854640009046 2.116893487282185 2.1475731030398975 2.098485717827557 2.110757564130642 2.141437179888355 2.2027964114037806 2.1537090261914402 2.1905245651006955 2.1537090261914402 2.184388641949153 2.2212041808584084 
-53.0 -53.0 -53.0 -53.5 -53.5 -53.5 -53.5 -53.5 -53.5 -54.0 -54.0 -54.0 -54.0 -54.0 -54.0 -53.0 -52.0 -53.0 -53.0 -52.0 -53.5 -56.0 -55.5 -56.0 -56.5 -56.0 -56.5 -55.0 -54.0 -54.0 -52.0 -50.5 -50.0 -51.5 -51.5 -51.0 -51.0 -51.0 -51.0 -51.5 -52.5 -52.5 -52.0 
2.172116795646068 2.2334760271614935 2.2457478734645786 2.3071071049800045 2.2396119503130363 2.2641556429192065 2.2518837966161214 2.2641556429192065 2.270291566070749 2.2580197197676637 2.2764274892222915 2.2457478734645786 2.2886993355253766 2.227340104009951 2.2518837966161214 2.270291566070749 2.2518837966161214 2.350058567040802 2.110757564130642 2.2641556429192065 2.350058567040802 2.3930100291016 2.3930100291016 2.3623304133438876 2.3623304133438876 2.356194490192345 2.36846633649543 2.380738182798515 2.3930100291016 2.3071071049800045 2.2580197197676637 2.2334760271614935 2.1782527187976104 2.2948352586769194 2.2518837966161214 2.2027964114037806 2.2027964114037806 2.2764274892222915 2.2334760271614935 2.2212041808584084 2.282563412373834 2.270291566070749 2.2580197197676637 
-54.0 -54.5 -54.0 -54.5 -54.0 -54.0 -54.0 -54.0 -54.0 -54.0 -54.0 -54.5 -54.5 -54.5 -54.5 -54.0 -54.0 -55.5 -54.5 -54.0 -54.5 -55.5 -55.0 -55.0 -54.5 -55.0 -54.5 -54.0 -54.0 -54.5 -53.5 -53.5 -52.5 -52.5 -53.5 -53.5 -53.5 -53.0 -53.0 -53.5 -54.0 -53.5 -53.5 
5.872078456026235 5.816855147662351 5.853670686571607 5.780039608753096 5.786175531904639 5.884350302329319 5.829126993965437 5.822991070813893 5.835262917116979 5.8045833013592665 5.841398840268521 5.792311455056181 5.780039608753096 5.835262917116979 5.767767762450011 5.798447378207723 5.8045833013592665 5.767767762450011 5.810719224510809 5.681864838328415 5.559146375297564 5.884350302329319 5.872078456026235 5.921165841238575 5.957981380147831 5.8659425328746915 5.902758071783947 5.994796919057086 6.043884304269426 5.927301764390117 5.64504929941916 5.6941366846315 5.626641529964532 5.884350302329319 5.749359992995383 5.730952223540755 5.724816300389213 5.730952223540755 5.6941366846315 5.7616318392984684 5.773903685601553 5.6573211457222445 5.767767762450011 
-60.5 -60.5 -60.5 -60.5 -60.5 -60.5 -61.0 -60.0 -60.0 -60.5 -60.5 -60.0 -60.0 -60.0 -60.5 -59.0 -59.0 -60.5 -61.0 -61.0 -62.5 -61.0 -62.5 -61.5 -61.5 -61.5 -61.0 -61.5 -62.0 -61.5 -62.0 -60.5 -60.5 -60.5 -61.5 -59.5 -59.5 -58.5 -58.5 -59.5 -59.5 -60.0 -60.0 
0.09817477042468103 6.270913460876501 0.07976700097005335 0.15339807878856412 0.34974761963792617 6.227961998815704 0.14726215563702155 6.209554229361076 0.06135923151542565 6.086835766330224 0.07363107781851078 6.264777537724958 0.030679615757712823 6.215690152512618 0.04908738521234052 6.0991076126333095 6.068427996875596 6.280117345603815 5.841398840268521 6.037748381117884 6.166602767300278 0.0674951546669682 0.2638446955163303 0.07976700097005335 0.0 6.12365130523948 0.0674951546669682 0.1595340019401067 0.06135923151542565 0.2270291566070749 6.270913460876501 6.117515382087937 5.8475347634200645 6.080699843178682 0.15339807878856412 6.1420590746941075 5.896622148632405 6.019340611663256 6.019340611663256 6.062292073724054 6.166602767300278 6.17273869045182 6.252505691421874 
-67.5 -67.5 -67.0 -67.5 -68.0 -67.0 -68.0 -67.0 -68.0 -68.0 -68.0 -68.5 -68.0 -69.0 -68.5 -65.5 -67.5 -65.5 -63.5 -66.0 -66.5 -66.5 -67.5 -67.0 -67.0 -66.5 -64.5 -64.5 -64.5 -62.5 -65.0 -63.0 -63.5 -60.5 -62.0 -63.5 -63.5 -65.0 -65.0 -65.0 -65.5 -65.5 -66.0 
