6.117515382087937 6.037748381117884 6.14819499784565 6.154330920997192 6.22182607566416 0.006135923151542565 6.000932842208628 2.9697868053466014 2.6200391857086753 6.12365130523948 5.0253210611133605 5.473243451175968 1.2578642460662257 3.2397674240144743 3.0372819600135696 6.234097921967246 2.9145634969827183 2.730485802436441 3.8288160465625602 2.9636508821950587 6.160466844148735 0.16566992509164924 3.2029518851052186 3.522019888985432 4.460816131171445 5.534602682691394 5.3627968344482015 5.264622064023521 5.835262917116979 
-73.0 -73.5 -73.5 -73.5 -73.5 -74.0 -73.5 -71.0 -72.0 -74.5 -75.0 -67.5 -71.0 -71.0 -70.0 -72.5 -69.5 -71.0 -71.5 -71.5 -72.0 -71.0 -70.0 -67.5 -69.0 -66.5 -66.0 -69.0 -72.5 
1.9757672547967058 1.902136176978195 1.6996507129772904 1.9389517158874505 1.9573594853420782 2.000310947402876 1.8775924843720249 2.0064468705544187 1.9696313316451632 1.9696313316451632 1.9205439464328227 1.9757672547967058 1.8100973297050567 2.000310947402876 2.043262409463674 1.945087639038993 2.024854640009046 2.2580197197676637 2.270291566070749 1.88986433067511 2.067806102069844 2.1782527187976104 2.282563412373834 2.2457478734645786 2.000310947402876 1.945087639038993 2.012582793705961 2.055534255766759 2.270291566070749 2.2764274892222915 2.2641556429192065 2.2027964114037806 2.0371264863121317 1.859184714917397 1.9205439464328227 2.1537090261914402 2.116893487282185 2.073942025221387 1.8223691760081417 1.9573594853420782 1.748738098189631 1.736466251886546 
-62.5 -63.5 -63.5 -63.0 -63.5 -63.5 -63.0 -63.5 -63.0 -63.5 -62.0 -63.5 -63.0 -63.0 -62.5 -63.0 -62.5 -62.5 -62.5 -62.0 -64.5 -67.0 -65.5 -63.5 -61.0 -61.5 -62.0 -61.0 -62.5 -63.5 -65.5 -65.0 -63.0 -62.5 -61.5 -62.0 -61.5 -61.0 -61.0 -60.5 -61.0 -61.0 
1.0492428589137786 1.0983302441261191 1.1044661672776617 1.1228739367322893 1.0737865515199487 1.1106020904292042 1.1351457830353744 1.1167380135807468 1.0799224746714913 1.1351457830353744 0.9265243958829272 1.055378782065321 1.0737865515199487 1.0369710126106935 0.9817477042468103 1.043106935762236 1.0615147052168636 1.2946797849754812 1.368310862793992 1.2087768608538851 1.086058397823034 1.1167380135807468 1.3069516312785663 1.1290098598838318 1.141281706186917 1.1290098598838318 1.1106020904292042 1.0492428589137786 1.1228739367322893 1.214912784005428 1.2946797849754812 1.2640001692177683 1.1106020904292042 1.043106935762236 1.239456476611598 1.4603497100671303 1.3130875544301088 1.3499030933393643 1.184233168247715 1.1228739367322893 0.8651651643675016 0.9633399347921826 
-57.0 -57.0 -57.0 -56.5 -57.0 -57.0 -56.5 -56.5 -56.5 -56.5 -57.0 -57.0 -57.0 -57.0 -57.0 -57.0 -57.0 -57.5 -54.5 -53.0 -53.5 -55.5 -55.5 -56.0 -57.5 -57.5 -57.5 -57.5 -55.5 -55.0 -56.0 -56.0 -55.5 -53.5 -53.5 -55.0 -58.0 -58.5 -58.0 -58.5 -58.5 -58.0 
1.4480778637640452 1.4051264017032472 1.4358060174609601 1.4419419406125027 1.423534171157875 1.4480778637640452 1.3989904785517047 1.4664856332186729 1.4419419406125027 1.423534171157875 1.4358060174609601 1.4173982480063325 1.41126232485479 1.3867186322486196 1.3928545554001621 1.4358060174609601 1.3867186322486196 1.4848934026733007 1.423534171157875 1.3928545554001621 1.4419419406125027 1.4726215563702154 1.5033011721279284 1.5278448647340985 1.4726215563702154 1.4296700943094176 1.380582709097077 1.4419419406125027 1.533980787885641 1.564660403643354 1.41126232485479 1.4664856332186729 1.4848934026733007 1.4787574795217582 1.4173982480063325 1.4480778637640452 1.4358060174609601 1.41126232485479 1.3989904785517047 1.368310862793992 1.337631247036279 1.3928545554001621 
-52.5 -52.5 -52.5 -52.5 -52.0 -52.0 -52.0 -52.0 -52.0 -52.0 -52.0 -52.0 -52.5 -52.5 -52.0 -52.5 -52.0 -52.0 -52.5 -52.5 -52.0 -52.0 -52.5 -53.0 -52.5 -53.0 -52.5 -52.5 -52.5 -52.5 -52.5 -51.5 -52.0 -52.5 -53.0 -53.0 -53.0 -52.5 -52.5 -53.0 -53.0 -53.0 
2.2150682577068657 2.184388641949153 2.1966604882522383 2.1537090261914402 2.1537090261914402 2.2150682577068657 2.172116795646068 2.1659808724945253 2.2027964114037806 2.2027964114037806 2.1537090261914402 2.184388641949153 2.1782527187976104 2.2027964114037806 2.184388641949153 2.2089323345553233 2.2150682577068657 2.282563412373834 2.1537090261914402 2.1537090261914402 2.1598449493429825 2.1598449493429825 2.1046216409791 2.3193789512830896 2.2886993355253766 2.2641556429192065 2.3193789512830896 2.2334760271614935 2.2886993355253766 2.313243028131547 2.141437179888355 2.12916533358527 2.2027964114037806 2.2396119503130363 2.1966604882522383 2.12916533358527 2.2150682577068657 2.2580197197676637 2.2764274892222915 2.2764274892222915 2.2212041808584084 2.270291566070749 
-53.5 -53.0 -53.0 -53.0 -53.0 -53.0 -53.0 -53.0 -53.0 -52.5 -53.0 -53.0 -53.5 -53.0 -53.5 -53.5 -53.5 -52.0 -51.5 -52.5 -51.0 -51.5 -53.5 -55.0 -55.5 -56.0 -56.0 -55.5 -54.5 -55.5 -53.5 -52.0 -52.0 -53.0 -53.5 -52.0 -51.5 -52.0 -53.0 -54.0 -54.5 -54.5 
2.3009711818284617 2.282563412373834 2.2396119503130363 2.2641556429192065 2.2396119503130363 2.2948352586769194 2.2580197197676637 2.2457478734645786 2.2886993355253766 2.313243028131547 2.227340104009951 2.2457478734645786 2.2334760271614935 2.2641556429192065 2.227340104009951 2.2886993355253766 2.2948352586769194 2.2948352586769194 2.3746022596469727 2.172116795646068 2.2948352586769194 2.350058567040802 2.423689644859313 2.405281875404685 2.386874105950058 2.399145952253143 2.3746022596469727 2.380738182798515 2.36846633649543 2.3746022596469727 2.386874105950058 2.350058567040802 2.2457478734645786 2.356194490192345 2.356194490192345 2.3746022596469727 2.2641556429192065 2.3009711818284617 2.2886993355253766 2.2886993355253766 2.2334760271614935 2.2641556429192065 
-54.0 -54.0 -54.0 -53.5 -54.0 -54.0 -54.0 -53.5 -54.0 -53.5 -54.0 -53.5 -54.0 -54.0 -54.0 -54.0 -54.0 -53.0 -54.5 -54.5 -54.0 -54.5 -54.0 -54.5 -54.5 -55.0 -54.5 -54.5 -54.5 -54.5 -54.0 -55.0 -54.0 -54.5 -55.5 -55.5 -55.5 -55.0 -54.5 -54.5 -54.5 -55.0 
5.853670686571607 5.8475347634200645 5.93343768754166 5.970253226450915 5.841398840268521 5.921165841238575 5.872078456026235 5.8045833013592665 5.915029918087033 5.878214379177777 5.878214379177777 5.816855147662351 5.921165841238575 5.921165841238575 5.902758071783947 5.859806609723149 5.853670686571607 5.786175531904639 5.7616318392984684 5.8475347634200645 5.810719224510809 5.8045833013592665 5.780039608753096 5.9518454569962875 5.945709533844745 5.878214379177777 5.945709533844745 5.927301764390117 6.013204688511713 5.921165841238575 5.540738605842936 5.822991070813893 5.6573211457222445 5.829126993965437 5.712544454086128 5.688000761479957 5.786175531904639 5.810719224510809 5.780039608753096 5.822991070813893 5.835262917116979 5.798447378207723 
-59.5 -59.5 -60.0 -60.0 -59.5 -60.0 -60.0 -60.0 -59.5 -60.0 -60.0 -60.0 -60.0 -60.0 -60.5 -60.0 -60.0 -58.5 -59.0 -60.0 -61.0 -60.0 -64.0 -60.5 -62.5 -62.0 -62.0 -62.0 -61.0 -61.0 -63.5 -60.5 -61.0 -61.5 -61.0 -60.0 -59.0 -59.0 -59.5 -60.0 -60.5 -60.0 
0.006135923151542565 0.12885438618239387 0.09203884727313846 0.018407769454627694 6.111379458936394 0.2638446955163303 0.1227184630308513 0.0674951546669682 6.264777537724958 0.15339807878856412 6.240233845118788 0.19634954084936207 0.01227184630308513 6.2463697682703305 0.03681553890925539 0.09203884727313846 6.000932842208628 6.17273869045182 6.191146459906448 5.927301764390117 6.277049384028044 6.025476534814799 0.28225246497095796 0.1718058482431918 6.264777537724958 0.006135923151542565 6.12365130523948 0.1349903093339364 0.14112623248547898 6.031612457966341 6.160466844148735 5.884350302329319 6.160466844148735 0.14726215563702155 0.11658253987930872 0.1349903093339364 6.007068765360171 6.050020227420969 6.178874613603362 6.117515382087937 6.166602767300278 
-67.5 -66.5 -66.5 -66.5 -67.0 -66.5 -66.5 -66.5 -65.0 -66.0 -66.0 -66.5 -67.0 -67.0 -67.0 -67.0 -65.5 -64.5 -62.0 -63.0 -64.5 -65.5 -66.5 -66.5 -67.0 -66.5 -66.5 -65.0 -66.5 -66.0 -64.5 -64.5 -63.0 -65.0 -65.5 -66.5 -67.5 -67.5 -67.5 -69.5 -69.0 
