5.853670686571607 5.810719224510809 5.872078456026235 6.240233845118788 5.577554144752192 4.632621979414636 3.0372819600135696 2.82252464970958 3.018874190558942 2.9513790358919736 3.2765829629237295 5.344389064993574 5.559146375297564 5.424156065963627 5.8659425328746915 5.859806609723149 5.71868037723767 
-74.5 -75.0 -74.5 -76.5 -68.5 -69.0 -68.0 -71.0 -71.0 -68.0 -67.5 -68.0 -67.0 -74.5 -74.0 -73.5 -73.0 
1.9696313316451632 1.8162332528565992 5.166447293598839 2.000310947402876 1.859184714917397 1.761009944492716 1.8837284075235674 1.8407769454627694 1.9757672547967058 1.9144080232812801 1.9082721001297376 1.8530487917658545 1.8162332528565992 1.9880391010997909 1.7671458676442586 1.932815792735908 1.8775924843720249 1.9880391010997909 1.9819031779482483 2.067806102069844 1.9634954084936207 2.0800779483729293 2.429825568010856 2.270291566070749 2.1905245651006955 1.945087639038993 2.073942025221387 2.0493983326152168 2.067806102069844 2.2212041808584084 2.3316507975861747 2.337786720737717 2.1659808724945253 1.7978254834019713 1.8960002538266525 2.061670178918302 2.1046216409791 2.172116795646068 2.1230294104337273 2.0064468705544187 1.9573594853420782 2.012582793705961 1.6505633277649499 1.9757672547967058 
-62.5 -62.0 -63.0 -62.0 -62.0 -63.0 -62.0 -62.5 -62.0 -62.5 -62.0 -63.0 -62.0 -61.5 -62.0 -63.0 -62.5 -62.0 -61.5 -61.0 -62.5 -65.0 -65.5 -63.5 -62.5 -61.0 -60.5 -61.0 -60.5 -61.0 -62.5 -65.0 -65.0 -63.5 -61.5 -62.0 -61.5 -61.0 -60.5 -61.0 -61.0 -61.0 -60.5 -61.0 
0.9817477042468103 1.012427320004523 0.9848156658225816 0.9756117810952678 0.8958447801252144 0.9633399347921826 1.0615147052168636 0.9817477042468103 0.803805932852076 0.8406214717613314 0.9019807032767571 0.9510680884890975 0.9265243958829272 1.0062913968529805 0.9694758579437253 0.9265243958829272 0.944932165337555 1.000155473701438 1.2455923997631406 1.3989904785517047 1.1290098598838318 1.0492428589137786 1.282407938672396 1.1658253987930873 1.043106935762236 1.043106935762236 1.1167380135807468 1.0921943209745766 1.030835089459151 1.0676506283684062 1.012427320004523 1.2640001692177683 1.2640001692177683 0.9633399347921826 1.1535535524900022 1.4542137869155878 1.521708941582556 1.4480778637640452 1.2885438618239387 1.1596894756415448 1.0246991663076084 0.9878836273983529 0.9756117810952678 0.9940195505498954 
-58.0 -58.0 -59.0 -58.0 -58.5 -58.0 -58.5 -58.5 -58.5 -58.5 -58.5 -58.5 -58.0 -58.5 -58.0 -58.0 -58.0 -58.0 -58.0 -57.5 -53.5 -55.5 -57.0 -56.0 -57.0 -58.0 -58.0 -58.0 -58.0 -57.0 -55.5 -56.0 -57.0 -55.5 -53.0 -54.5 -57.5 -58.5 -58.5 -58.5 -59.0 -59.0 -59.0 -59.0 
1.368310862793992 1.3499030933393643 1.389786593824391 1.4173982480063325 1.3928545554001621 1.3928545554001621 1.380582709097077 1.380582709097077 1.3560390164909069 1.4296700943094176 1.3867186322486196 1.3744467859455345 1.41126232485479 1.3314953238847365 1.4173982480063325 1.3928545554001621 1.380582709097077 1.3744467859455345 1.4726215563702154 1.4358060174609601 1.4603497100671303 1.423534171157875 1.380582709097077 1.533980787885641 1.4358060174609601 1.3989904785517047 1.3989904785517047 1.3989904785517047 1.3989904785517047 1.4603497100671303 1.5278448647340985 1.4480778637640452 1.4173982480063325 1.4848934026733007 1.3928545554001621 1.3928545554001621 1.4664856332186729 1.4664856332186729 1.4051264017032472 1.4480778637640452 1.4051264017032472 1.3621749396424494 1.3560390164909069 1.3192234775816514 
-52.5 -52.5 -53.0 -53.0 -53.0 -53.0 -52.5 -53.0 -53.0 -53.0 -53.0 -53.0 -53.0 -53.0 -53.0 -53.0 -53.0 -52.5 -52.5 -52.5 -53.0 -52.5 -52.5 -53.0 -53.0 -52.5 -52.5 -52.5 -52.5 -53.0 -53.5 -53.0 -52.0 -53.0 -53.5 -53.0 -53.5 -53.0 -53.0 -53.0 -53.5 -53.5 -53.0 -53.0 
2.2334760271614935 2.2580197197676637 5.45483568172134 2.2334760271614935 2.2948352586769194 2.2948352586769194 2.2150682577068657 2.2886993355253766 2.2580197197676637 2.3009711818284617 2.2457478734645786 2.282563412373834 2.2027964114037806 2.2886993355253766 2.2518837966161214 2.2764274892222915 2.227340104009951 2.172116795646068 2.3071071049800045 2.227340104009951 2.2396119503130363 2.3071071049800045 2.1905245651006955 2.36846633649543 2.356194490192345 2.399145952253143 2.3439226438892597 2.380738182798515 2.3439226438892597 2.3930100291016 2.386874105950058 2.2027964114037806 2.2089323345553233 2.3439226438892597 2.325514874434632 2.2641556429192065 2.2457478734645786 2.270291566070749 2.337786720737717 2.313243028131547 2.2396119503130363 2.270291566070749 2.3193789512830896 2.3623304133438876 
-54.5 -55.0 -55.5 -55.5 -55.0 -55.0 -55.5 -55.5 -55.5 -55.5 -55.5 -55.5 -55.5 -55.0 -55.0 -54.5 -54.5 -54.5 -53.0 -52.0 -53.5 -53.0 -54.0 -57.0 -56.0 -56.5 -56.5 -56.0 -56.0 -56.5 -56.5 -55.0 -53.0 -53.0 -54.5 -53.0 -52.5 -53.0 -53.0 -54.0 -55.5 -55.5 -55.5 -55.5 
2.2580197197676637 2.2027964114037806 2.3193789512830896 2.2396119503130363 2.2334760271614935 2.2518837966161214 2.36846633649543 2.2334760271614935 2.2886993355253766 2.2948352586769194 2.2334760271614935 2.1905245651006955 2.2580197197676637 2.2518837966161214 2.2580197197676637 2.2764274892222915 2.2764274892222915 2.2886993355253766 2.3316507975861747 2.2641556429192065 2.429825568010856 2.3746022596469727 2.435961491162398 2.448233337465483 2.442097414313941 2.429825568010856 2.405281875404685 2.386874105950058 2.435961491162398 2.448233337465483 2.3930100291016 2.3746022596469727 2.399145952253143 2.350058567040802 2.411417798556228 2.3930100291016 2.2764274892222915 2.325514874434632 2.282563412373834 2.2948352586769194 2.2396119503130363 2.270291566070749 2.282563412373834 2.3009711818284617 
-55.0 -55.0 -55.5 -55.0 -55.0 -55.5 -55.0 -55.0 -55.5 -55.5 -55.0 -55.5 -55.0 -55.0 -55.0 -55.0 -55.0 -54.5 -54.5 -55.0 -55.0 -55.0 -55.0 -55.5 -55.5 -55.5 -55.0 -55.0 -55.0 -55.5 -55.5 -55.5 -55.5 -54.0 -55.0 -56.0 -55.5 -55.0 -55.0 -55.0 -55.5 -55.5 -55.5 -55.5 
5.786175531904639 5.853670686571607 5.783107570328867 5.878214379177777 6.000932842208628 5.822991070813893 5.767767762450011 5.755495916146925 5.921165841238575 5.8045833013592665 5.835262917116979 5.927301764390117 5.872078456026235 5.902758071783947 5.8475347634200645 5.878214379177777 5.798447378207723 5.902758071783947 5.822991070813893 5.786175531904639 5.6941366846315 5.663457068873787 5.559146375297564 5.724816300389213 5.816855147662351 5.927301764390117 5.921165841238575 5.976389149602458 5.915029918087033 5.890486225480862 5.688000761479957 5.5284667595398505 5.6941366846315 5.921165841238575 6.062292073724054 5.712544454086128 5.798447378207723 5.816855147662351 5.792311455056181 5.810719224510809 5.841398840268521 5.749359992995383 5.921165841238575 5.767767762450011 
-61.5 -61.5 -62.0 -60.5 -61.0 -60.5 -60.5 -61.0 -61.0 -61.5 -61.0 -61.0 -60.5 -60.5 -60.5 -61.0 -61.0 -61.0 -59.5 -59.0 -61.0 -62.0 -61.5 -63.5 -62.0 -63.5 -62.0 -62.0 -62.5 -61.5 -62.5 -63.0 -60.5 -61.0 -61.5 -59.5 -59.0 -59.0 -59.0 -59.5 -60.5 -60.5 -60.0 -60.0 
0.14112623248547898 0.2638446955163303 0.22089323345553233 0.25157284921324513 0.1902136176978195 0.07976700097005335 3.3318062712876126 0.06135923151542565 0.1349903093339364 0.1902136176978195 0.14726215563702155 0.04295146206079795 6.277049384028044 6.270913460876501 6.019340611663256 0.2945243112740431 0.19634954084936207 6.2034183062095325 6.1420590746941075 5.988660995905543 0.09203884727313846 0.09203884727313846 0.1595340019401067 5.884350302329319 5.9518454569962875 5.8045833013592665 0.0674951546669682 0.0 6.105243535784852 6.14819499784565 6.000932842208628 6.258641614573416 5.994796919057086 
-71.0 -68.5 -71.0 -69.5 -69.0 -69.5 -70.5 -69.5 -68.0 -69.0 -67.5 -65.5 -64.0 -67.0 -66.0 -66.5 -67.0 -66.5 -66.0 -66.0 -66.5 -65.5 -68.0 -68.0 -66.0 -65.5 -64.0 -65.5 -66.0 -67.5 -67.5 -68.5 -71.0 
