6.031612457966341 6.129787228391022 5.902758071783947 6.025476534814799 6.000932842208628 2.7979809571034093 0.6504078540635119 5.780039608753096 4.71238898038469 3.5036121195308043 3.6079228131070282 2.736621725587984 2.779573187648782 2.693670263527186 2.8654761117703775 2.6568547246179306 2.804116880254952 2.804116880254952 2.675262494072558 3.067961575771282 0.7976700097005334 5.6573211457222445 5.8659425328746915 0.30679615757712825 2.2641556429192065 2.442097414313941 
-74.5 -74.5 -74.5 -74.0 -74.0 -73.0 -77.5 -67.0 -70.5 -69.0 -72.5 -69.0 -70.0 -71.0 -70.5 -71.5 -69.5 -71.0 -70.5 -70.0 -71.5 -70.5 -66.0 -70.5 -69.5 -69.0 
1.9144080232812801 1.8223691760081417 1.9819031779482483 1.932815792735908 1.9696313316451632 1.8714565612204823 1.9389517158874505 1.7855536370988863 1.7855536370988863 1.9205439464328227 1.7978254834019713 1.8960002538266525 1.9205439464328227 1.9144080232812801 1.8530487917658545 1.8653206380689396 1.9144080232812801 1.9757672547967058 2.055534255766759 2.2027964114037806 2.2396119503130363 2.024854640009046 1.902136176978195 2.098485717827557 2.1598449493429825 2.2212041808584084 2.0371264863121317 1.9634954084936207 2.012582793705961 2.030990563160589 2.1537090261914402 2.12916533358527 2.2457478734645786 2.018718716857504 1.7794177139473437 1.7732817907958012 1.945087639038993 2.1966604882522383 2.2150682577068657 2.2027964114037806 2.061670178918302 2.0800779483729293 1.9941750242513334 2.024854640009046 
-61.5 -62.5 -62.5 -62.0 -62.5 -61.5 -62.0 -62.0 -62.5 -62.0 -62.0 -62.0 -62.5 -61.5 -62.5 -61.5 -62.0 -62.0 -62.0 -61.5 -62.5 -62.5 -64.0 -66.0 -64.5 -63.5 -61.0 -61.0 -61.0 -61.5 -61.0 -63.0 -63.5 -65.0 -62.0 -61.5 -60.5 -61.0 -61.5 -62.5 -61.5 -61.5 -61.0 -61.0 
1.055378782065321 1.1044661672776617 1.043106935762236 1.1228739367322893 1.086058397823034 1.0615147052168636 1.1044661672776617 1.012427320004523 1.000155473701438 1.1290098598838318 1.1167380135807468 1.0921943209745766 1.0921943209745766 1.0185632431560658 1.030835089459151 1.1167380135807468 1.0492428589137786 1.141281706186917 1.337631247036279 1.4480778637640452 1.3499030933393643 1.227184630308513 1.0799224746714913 1.2210487071569704 1.2210487071569704 1.0737865515199487 0.9694758579437253 0.9510680884890975 1.0062913968529805 0.9387962421860124 0.9633399347921826 1.0615147052168636 1.2946797849754812 1.184233168247715 1.086058397823034 1.012427320004523 1.184233168247715 1.3560390164909069 1.282407938672396 1.1351457830353744 0.8713010875190442 0.9817477042468103 0.7547185476397354 0.5583690067903734 
-57.5 -57.5 -57.0 -57.0 -57.5 -57.5 -57.5 -57.5 -57.5 -57.5 -57.0 -57.0 -57.0 -57.5 -57.5 -57.0 -57.0 -57.5 -57.5 -58.0 -54.5 -53.5 -54.5 -56.5 -56.5 -57.0 -58.5 -59.5 -59.0 -59.0 -58.0 -57.0 -56.5 -57.5 -57.0 -55.5 -54.5 -56.5 -61.5 -62.5 -63.0 -62.0 -61.0 -60.0 
1.4358060174609601 1.380582709097077 1.4296700943094176 1.423534171157875 1.4542137869155878 1.3989904785517047 1.41126232485479 1.3867186322486196 1.4296700943094176 1.41126232485479 1.4603497100671303 1.3744467859455345 1.3621749396424494 1.3867186322486196 1.3437671701878218 1.41126232485479 1.3867186322486196 1.4173982480063325 1.4603497100671303 1.4603497100671303 1.3744467859455345 1.3621749396424494 1.4603497100671303 1.368310862793992 1.4419419406125027 1.509437095279471 1.3499030933393643 1.2885438618239387 1.2701360923693108 1.2762720155208536 1.3928545554001621 1.4603497100671303 1.4358060174609601 1.3867186322486196 1.4726215563702154 1.4480778637640452 1.325359400733194 1.3069516312785663 1.337631247036279 1.3499030933393643 1.3069516312785663 1.3314953238847365 1.2701360923693108 1.282407938672396 
-52.5 -52.5 -52.5 -52.5 -52.5 -52.5 -52.5 -52.5 -52.5 -52.5 -52.5 -52.0 -52.5 -52.5 -52.5 -52.5 -52.5 -52.5 -52.0 -52.5 -53.0 -53.0 -52.0 -52.0 -53.0 -53.0 -53.0 -53.0 -53.0 -52.5 -53.0 -53.5 -53.5 -52.0 -52.5 -53.0 -53.5 -53.0 -54.0 -54.0 -54.5 -54.0 -54.5 -54.5 
2.227340104009951 2.2518837966161214 2.2886993355253766 2.2334760271614935 2.282563412373834 2.3071071049800045 2.2457478734645786 2.2764274892222915 2.2334760271614935 2.2457478734645786 2.2334760271614935 2.2518837966161214 2.2641556429192065 2.2641556429192065 2.282563412373834 2.2334760271614935 2.2764274892222915 2.2764274892222915 2.2886993355253766 2.2886993355253766 2.1598449493429825 2.1905245651006955 2.2457478734645786 2.172116795646068 2.2027964114037806 2.380738182798515 2.36846633649543 2.411417798556228 2.4605051837685683 2.4605051837685683 2.380738182798515 2.4175537217077703 2.2764274892222915 2.1598449493429825 2.2948352586769194 2.3316507975861747 2.270291566070749 2.2457478734645786 2.2641556429192065 2.4175537217077703 2.429825568010856 2.4850488763747385 2.448233337465483 2.4727770300716534 
-53.5 -53.5 -53.5 -54.0 -53.5 -54.0 -53.5 -53.5 -53.5 -53.5 -53.5 -53.5 -53.5 -53.5 -53.5 -53.5 -53.5 -54.0 -52.5 -51.5 -52.0 -53.5 -53.0 -52.0 -56.0 -57.0 -58.5 -60.0 -60.5 -59.5 -58.5 -58.0 -57.5 -53.5 -53.5 -54.5 -56.5 -55.5 -55.0 -56.0 -57.0 -57.5 -59.5 -60.0 
2.2948352586769194 2.3439226438892597 2.3009711818284617 2.270291566070749 2.3009711818284617 2.3193789512830896 2.350058567040802 2.2580197197676637 2.3071071049800045 2.2641556429192065 2.2396119503130363 2.2948352586769194 2.3071071049800045 2.313243028131547 2.313243028131547 2.3009711818284617 2.270291566070749 2.2948352586769194 2.350058567040802 2.3623304133438876 2.3316507975861747 2.36846633649543 2.270291566070749 2.411417798556228 2.442097414313941 2.454369260617026 2.399145952253143 2.356194490192345 2.3439226438892597 2.3439226438892597 2.423689644859313 2.454369260617026 2.423689644859313 2.429825568010856 2.2764274892222915 2.429825568010856 2.4175537217077703 2.3439226438892597 2.282563412373834 2.270291566070749 2.2764274892222915 2.2641556429192065 2.2150682577068657 2.1475731030398975 
-55.0 -54.5 -54.5 -55.0 -54.0 -54.5 -54.0 -54.5 -54.0 -54.5 -54.0 -54.5 -54.5 -54.5 -54.5 -55.0 -55.0 -55.0 -55.0 -55.5 -55.5 -54.5 -54.5 -55.0 -55.0 -55.5 -56.0 -56.5 -56.5 -56.5 -55.5 -56.0 -55.5 -55.5 -55.0 -54.5 -56.5 -57.0 -56.5 -55.5 -56.5 -56.5 -56.5 -57.0 
5.810719224510809 5.884350302329319 5.915029918087033 5.896622148632405 5.872078456026235 5.896622148632405 5.9518454569962875 5.859806609723149 5.8659425328746915 5.853670686571607 5.749359992995383 5.859806609723149 5.822991070813893 5.841398840268521 5.8475347634200645 5.872078456026235 5.8475347634200645 5.829126993965437 5.859806609723149 5.7616318392984684 5.786175531904639 5.872078456026235 5.71868037723767 5.970253226450915 5.700272607783043 5.767767762450011 5.798447378207723 5.792311455056181 5.755495916146925 5.853670686571607 5.638913376267617 5.602097837358362 5.8659425328746915 5.841398840268521 5.663457068873787 5.675728915176872 5.767767762450011 5.755495916146925 5.835262917116979 5.835262917116979 5.737088146692298 5.6941366846315 
-60.5 -61.0 -59.5 -60.0 -60.5 -60.5 -60.0 -60.5 -59.5 -60.0 -60.5 -60.0 -60.5 -60.0 -60.5 -60.0 -59.5 -60.5 -59.0 -58.5 -60.5 -60.0 -63.5 -61.5 -63.5 -63.0 -63.0 -63.5 -62.5 -61.5 -64.0 -62.0 -61.0 -61.5 -61.5 -60.5 -59.0 -58.5 -59.0 -59.5 -60.5 -60.0 
0.07363107781851078 6.252505691421874 6.240233845118788 0.04295146206079795 0.14726215563702155 0.02454369260617026 0.006135923151542565 6.154330920997192 0.02454369260617026 0.0 0.15339807878856412 6.277049384028044 6.191146459906448 0.02454369260617026 6.22182607566416 0.04908738521234052 0.1902136176978195 0.02454369260617026 0.01227184630308513 0.16566992509164924 6.215690152512618 6.22182607566416 0.3865631585471816 0.21475731030398976 6.270913460876501 6.056156150572511 6.056156150572511 5.945709533844745 0.01227184630308513 0.25770877236478773 5.8045833013592665 5.976389149602458 6.031612457966341 6.062292073724054 0.2638446955163303 0.3190680038802134 6.252505691421874 2.8654761117703775 5.853670686571607 5.8475347634200645 2.6261751088602177 
-68.0 -68.0 -67.0 -67.5 -67.5 -67.0 -66.5 -68.5 -67.5 -68.0 -67.0 -68.5 -67.5 -67.0 -67.5 -67.0 -68.5 -68.0 -67.5 -67.0 -65.0 -65.0 -70.0 -67.0 -68.5 -70.5 -69.0 -69.0 -68.5 -67.5 -69.5 -66.0 -68.0 -65.0 -66.0 -68.0 -70.0 -71.5 -70.5 -69.5 -74.5 
