3.2029518851052186 3.2827188860752723 2.988194574801229 3.0495538063166547 3.0925052683774528 3.2765829629237295 3.32567034813607 3.184544115650591 3.2459033471660166 3.1784081924990484 3.2581751934691017 2.9820586516496865 3.067961575771282 0.12885438618239387 3.5281558121369745 2.7550294950426117 6.14819499784565 2.7550294950426117 2.834796496012665 2.693670263527186 2.6691265709210157 2.8838838812250054 2.7857091108003242 3.3440781175906977 3.497476196379262 3.3072625786814425 0.25770877236478773 0.3988350048502667 3.429981041712294 0.44178646691106466 3.5711072741977725 3.411573272257666 3.5772431973493153 3.472932503773092 3.479068426924634 3.2029518851052186 
-67.0 -67.0 -65.5 -67.5 -66.0 -66.5 -66.0 -64.5 -66.5 -66.5 -67.0 -66.0 -67.0 -67.0 -63.5 -64.0 -68.0 -66.5 -66.5 -68.5 -67.5 -66.5 -64.5 -68.0 -66.0 -66.0 -70.0 -70.5 -67.5 -69.5 -68.5 -66.5 -68.5 -67.5 -68.0 -66.0 
1.552388557340269 1.5401167110371838 1.5033011721279284 1.509437095279471 1.5033011721279284 1.607611865704152 1.576932249946439 1.5892040962495242 1.6996507129772904 1.5278448647340985 1.576932249946439 1.5707963267948966 1.5830681730979816 1.5585244804918115 1.3069516312785663 1.3314953238847365 1.6198837120072371 5.688000761479957 2.399145952253143 2.055534255766759 1.8100973297050567 1.8039614065535141 1.8530487917658545 1.88986433067511 2.141437179888355 2.110757564130642 2.098485717827557 1.5462526341887264 1.1535535524900022 1.4940972874006144 1.4542137869155878 1.5953400194010667 1.748738098189631 1.607611865704152 1.6689710972195777 1.6198837120072371 1.4787574795217582 1.6505633277649499 1.6260196351587797 1.7119225592803755 1.7426021750380885 1.7119225592803755 1.5953400194010667 1.7303303287350031 
-61.5 -62.0 -62.0 -61.5 -62.0 -61.5 -61.5 -61.0 -62.0 -61.0 -61.0 -61.0 -60.5 -61.0 -63.0 -63.5 -68.5 -66.0 -63.0 -59.5 -60.0 -59.5 -59.5 -59.5 -60.0 -62.5 -64.5 -63.5 -59.5 -61.5 -60.5 -59.5 -59.0 -59.0 -59.5 -59.5 -60.0 -59.0 -59.5 -59.0 -59.5 -59.5 -60.5 -60.0 
1.0676506283684062 1.0921943209745766 1.030835089459151 1.086058397823034 1.0737865515199487 1.0799224746714913 1.0921943209745766 1.0615147052168636 1.1044661672776617 1.0737865515199487 1.1106020904292042 1.1044661672776617 1.0737865515199487 1.0492428589137786 0.9940195505498954 0.9633399347921826 1.0676506283684062 1.2087768608538851 1.1106020904292042 1.0799224746714913 1.0062913968529805 1.0062913968529805 1.0369710126106935 1.0185632431560658 1.0676506283684062 1.0676506283684062 1.2701360923693108 1.1044661672776617 0.9878836273983529 1.1535535524900022 1.1965050145508 1.2640001692177683 1.239456476611598 1.2762720155208536 1.2885438618239387 1.239456476611598 1.2333205534600555 1.2517283229146832 1.2517283229146832 1.2455923997631406 1.239456476611598 1.227184630308513 1.214912784005428 1.2210487071569704 
-48.5 -48.5 -48.5 -48.5 -48.5 -48.5 -48.5 -48.5 -48.5 -48.5 -49.0 -48.5 -49.0 -48.0 -48.5 -49.0 -52.0 -51.5 -50.5 -51.0 -51.5 -52.0 -52.0 -52.0 -51.5 -51.5 -52.0 -53.0 -50.0 -50.0 -48.5 -48.5 -49.5 -50.0 -50.0 -50.0 -50.0 -50.0 -50.0 -50.0 -50.0 -50.0 -49.5 -49.5 
1.1290098598838318 1.0921943209745766 1.1658253987930873 1.1474176293384597 1.1596894756415448 1.1474176293384597 1.1044661672776617 1.1167380135807468 1.0983302441261191 1.184233168247715 1.1351457830353744 1.1596894756415448 1.1780972450961724 1.043106935762236 1.0185632431560658 1.1719613219446299 1.4664856332186729 1.533980787885641 1.380582709097077 1.533980787885641 1.5830681730979816 1.5892040962495242 1.6014759425526093 1.607611865704152 1.509437095279471 1.3192234775816514 1.5830681730979816 1.5401167110371838 1.1658253987930873 1.086058397823034 1.1044661672776617 1.141281706186917 1.2946797849754812 1.2455923997631406 1.282407938672396 1.2762720155208536 1.239456476611598 1.2946797849754812 1.3069516312785663 1.325359400733194 1.337631247036279 1.2946797849754812 1.2640001692177683 1.2701360923693108 
-50.0 -50.0 -50.0 -50.0 -50.0 -50.0 -50.0 -50.0 -49.5 -50.0 -50.0 -50.0 -50.0 -50.0 -50.5 -51.5 -52.0 -50.5 -50.5 -51.5 -51.5 -51.5 -51.0 -51.5 -52.0 -51.0 -50.5 -53.0 -51.5 -51.0 -50.0 -49.5 -50.0 -50.5 -50.5 -50.5 -50.5 -50.5 -50.0 -50.0 -50.5 -50.0 -50.5 -50.0 
1.4726215563702154 1.4848934026733007 1.4848934026733007 1.4358060174609601 1.4419419406125027 1.4787574795217582 1.4848934026733007 1.4910293258248433 1.4603497100671303 1.4726215563702154 1.5155730184310134 1.4910293258248433 1.4603497100671303 1.4910293258248433 1.7303303287350031 1.9144080232812801 1.8653206380689396 1.6689710972195777 1.736466251886546 1.8714565612204823 1.9880391010997909 1.9819031779482483 2.000310947402876 2.0064468705544187 1.9512235621905356 1.88986433067511 1.7671458676442586 1.9757672547967058 2.1659808724945253 2.0156507552817327 1.761009944492716 1.6566992509164924 1.718058482431918 1.6751070203711202 1.6566992509164924 1.6444274046134073 1.6382914814618648 1.6751070203711202 1.6996507129772904 1.6873788666742053 1.6873788666742053 1.6751070203711202 1.662835174068035 1.6566992509164924 
-50.5 -50.5 -50.5 -50.0 -50.5 -50.5 -50.5 -50.5 -50.0 -50.5 -50.5 -50.5 -51.0 -51.5 -52.0 -49.0 -47.5 -49.0 -49.5 -50.5 -50.5 -50.5 -51.0 -51.0 -51.0 -50.5 -49.0 -47.5 -50.0 -52.5 -52.5 -51.0 -50.5 -50.5 -50.0 -50.5 -50.0 -50.5 -50.0 -50.0 -50.5 -50.5 -50.5 -50.5 
1.8653206380689396 1.8775924843720249 1.8285050991596843 1.8162332528565992 1.859184714917397 1.8653206380689396 1.8346410223112268 1.8530487917658545 1.8714565612204823 1.8837284075235674 1.88986433067511 1.88986433067511 1.902136176978195 1.761009944492716 1.9144080232812801 2.2580197197676637 2.1659808724945253 2.1046216409791 2.2641556429192065 2.270291566070749 2.2948352586769194 2.386874105950058 2.36846633649543 2.356194490192345 2.337786720737717 2.386874105950058 2.2948352586769194 2.2641556429192065 2.386874105950058 2.077009986797158 1.932815792735908 1.9512235621905356 2.043262409463674 2.061670178918302 2.061670178918302 2.055534255766759 2.055534255766759 2.0923497946760143 2.110757564130642 2.0923497946760143 2.12916533358527 2.1230294104337273 2.067806102069844 1.9757672547967058 
-51.0 -51.0 -51.0 -51.5 -51.5 -51.5 -51.0 -51.5 -50.5 -50.5 -51.0 -50.5 -51.0 -52.5 -54.0 -53.5 -51.5 -54.0 -52.0 -52.0 -53.5 -54.0 -54.5 -53.5 -52.5 -52.5 -54.0 -52.0 -53.5 -54.5 -52.0 -51.0 -51.0 -50.5 -50.5 -51.0 -50.5 -50.5 -50.5 -51.0 -50.5 -50.5 -50.5 -50.5 
4.92714629068868 4.890330751779424 4.73693267299086 5.013049214810275 4.847379289718626 4.994641445355648 5.043728830567988 4.859651136021712 4.847379289718626 4.841243366567084 5.043728830567988 4.73693267299086 5.062136600022616 5.45483568172134 5.884350302329319 5.927301764390117 5.749359992995383 5.577554144752192 5.749359992995383 5.681864838328415 5.792311455056181 5.915029918087033 5.853670686571607 5.890486225480862 5.767767762450011 5.792311455056181 5.577554144752192 5.522330836388308 6.129787228391022 5.9518454569962875 5.129631754689584 4.700117134081604 4.448544284868359 4.626486056263094 4.902602598082509 4.828971520263998 4.859651136021712 4.779884135051658 4.871922982324796 4.779884135051658 4.902602598082509 4.884194828627882 4.884194828627882 4.988505522204105 
-65.5 -64.5 -65.5 -65.0 -65.0 -65.0 -64.0 -64.5 -64.5 -65.5 -65.0 -66.0 -66.0 -64.5 -61.5 -58.5 -56.5 -58.5 -59.0 -58.5 -58.5 -58.5 -58.5 -58.5 -59.0 -59.5 -60.5 -56.5 -58.0 -63.5 -67.0 -66.0 -66.0 -65.5 -64.0 -64.0 -63.5 -65.5 -65.5 -64.5 -64.5 -64.5 -65.5 -64.5 
5.178719139901925 5.368932757599744 5.258486140871978 5.325981295538946 5.166447293598839 5.2768939103266055 5.252350217720435 5.436427912266712 5.258486140871978 5.184855063053467 5.1725832167503825 5.2339424482658075 5.356660911296659 5.399612373357457 6.129787228391022 6.000932842208628 6.086835766330224 0.09203884727313846 0.2454369260617026 0.2086213871524472 0.23930100291016002 0.4049709280018093 0.4479223900626072 6.227961998815704 0.09817477042468103 5.853670686571607 6.227961998815704 6.05308818899674 6.043884304269426 5.4671075280244255 5.5284667595398505 5.608233760509904 5.577554144752192 5.522330836388308 5.712544454086128 5.626641529964532 5.602097837358362 5.6573211457222445 5.737088146692298 5.5714182216006485 5.626641529964532 5.651185222570702 
-64.0 -65.0 -65.0 -65.0 -65.0 -64.0 -64.5 -64.5 -64.0 -64.5 -63.5 -63.0 -63.5 -67.0 -65.0 -60.5 -65.5 -66.5 -64.0 -63.5 -63.5 -64.5 -67.5 -69.0 -65.0 -66.5 -63.0 -66.5 -68.0 -64.0 -62.0 -62.5 -61.0 -62.0 -61.0 -61.5 -60.5 -61.5 -61.0 -61.5 -61.5 -61.5 
