5.927301764390117 2.834796496012665 5.822991070813893 5.835262917116979 5.9088939949354895 5.810719224510809 5.8045833013592665 5.841398840268521 3.074097498922825 5.982525072754001 5.957981380147831 6.215690152512618 5.307573526084319 5.5100589900852235 0.8835729338221293 0.018407769454627694 6.215690152512618 2.718213956133356 2.564815877344792 2.5280003384355365 2.5157284921324514 1.2640001692177683 5.706408530934585 5.786175531904639 6.068427996875596 5.810719224510809 2.5770877236478773 
-73.0 -71.0 -73.0 -73.0 -73.0 -73.0 -73.0 -73.0 -71.5 -73.0 -73.0 -74.0 -69.0 -67.5 -70.5 -71.5 -70.5 -68.5 -68.0 -68.5 -70.0 -72.0 -66.0 -67.0 -81.5 -71.0 -71.5 
1.8530487917658545 1.8653206380689396 1.902136176978195 2.116893487282185 1.8775924843720249 1.932815792735908 1.8162332528565992 1.7916895602504288 1.902136176978195 1.9082721001297376 1.902136176978195 1.8837284075235674 1.9144080232812801 1.8285050991596843 1.8714565612204823 1.9696313316451632 2.098485717827557 1.8162332528565992 1.6689710972195777 1.7671458676442586 1.8407769454627694 2.073942025221387 1.932815792735908 1.8837284075235674 1.8653206380689396 1.9082721001297376 1.9205439464328227 1.945087639038993 2.0493983326152168 2.1537090261914402 1.761009944492716 1.6751070203711202 1.846912868614312 2.0493983326152168 2.1353012567368124 1.9512235621905356 1.932815792735908 2.024854640009046 1.5462526341887264 1.8960002538266525 1.8775924843720249 1.8285050991596843 1.8100973297050567 
-62.0 -62.5 -62.0 -63.0 -62.0 -62.0 -62.0 -62.5 -62.5 -62.0 -61.5 -62.5 -63.0 -63.0 -62.5 -62.5 -62.5 -62.0 -63.0 -64.0 -67.0 -63.5 -62.5 -60.5 -61.0 -61.0 -61.0 -62.0 -64.0 -66.0 -65.5 -62.5 -61.5 -61.5 -63.0 -62.0 -61.5 -61.5 -61.5 -62.5 -61.0 -61.5 -61.5 
0.9142525495798421 0.8835729338221293 0.9694758579437253 0.8897088569736719 0.9265243958829272 0.9878836273983529 0.9265243958829272 0.9694758579437253 0.9081166264282996 0.9633399347921826 0.9633399347921826 1.012427320004523 0.9326603190344698 0.9756117810952678 0.9817477042468103 1.1474176293384597 1.41126232485479 1.2578642460662257 0.9940195505498954 1.0246991663076084 1.1719613219446299 1.1044661672776617 0.9694758579437253 0.9326603190344698 0.9387962421860124 0.8713010875190442 0.8467573949128739 0.8344855486097889 0.9081166264282996 1.1780972450961724 1.030835089459151 1.012427320004523 1.0615147052168636 1.3008157081270237 1.3499030933393643 1.239456476611598 1.0492428589137786 0.8774370106705868 0.7792622402459057 0.7485826244881929 0.7485826244881929 0.760854470791278 0.760854470791278 
-58.5 -58.5 -58.5 -58.0 -58.5 -58.0 -58.5 -58.0 -58.5 -58.5 -58.5 -58.0 -58.0 -58.0 -58.5 -58.5 -59.5 -54.5 -54.5 -56.5 -57.5 -57.0 -57.5 -58.5 -58.5 -58.5 -59.5 -58.0 -57.5 -58.0 -57.5 -56.0 -54.5 -56.0 -57.5 -60.5 -60.0 -59.0 -58.5 -59.0 -59.0 -58.5 -58.5 
1.4296700943094176 1.3560390164909069 1.3499030933393643 1.3560390164909069 1.3560390164909069 1.3560390164909069 1.2946797849754812 1.3560390164909069 1.3192234775816514 1.3621749396424494 1.41126232485479 1.3928545554001621 1.3499030933393643 1.3744467859455345 1.368310862793992 1.4542137869155878 1.41126232485479 1.337631247036279 1.3867186322486196 1.3130875544301088 1.3560390164909069 1.3560390164909069 1.2885438618239387 1.3069516312785663 1.2701360923693108 1.2333205534600555 1.2762720155208536 1.3314953238847365 1.3867186322486196 1.325359400733194 1.380582709097077 1.380582709097077 1.2885438618239387 1.3192234775816514 1.423534171157875 1.41126232485479 1.3928545554001621 1.3867186322486196 1.2946797849754812 4.466952054322987 1.325359400733194 1.2946797849754812 1.3008157081270237 
-53.0 -53.0 -53.0 -53.0 -53.0 -52.5 -53.0 -53.0 -53.0 -53.0 -53.0 -53.0 -53.0 -53.0 -53.0 -52.5 -53.0 -53.0 -53.0 -52.5 -52.5 -53.0 -53.5 -53.0 -53.0 -53.0 -53.0 -53.5 -53.5 -53.5 -52.5 -53.0 -53.5 -53.0 -53.0 -53.5 -53.5 -53.5 -53.5 -54.0 -53.5 -53.5 -54.0 
2.2764274892222915 2.2150682577068657 2.1905245651006955 2.270291566070749 2.2948352586769194 2.1966604882522383 2.227340104009951 2.2150682577068657 2.3316507975861747 2.2396119503130363 2.313243028131547 2.2457478734645786 2.2518837966161214 2.2457478734645786 2.2027964114037806 2.3439226438892597 2.2764274892222915 2.184388641949153 2.2089323345553233 2.2580197197676637 2.086213871524472 2.2457478734645786 2.2948352586769194 2.2396119503130363 2.313243028131547 2.1905245651006955 2.3439226438892597 2.386874105950058 2.2396119503130363 2.024854640009046 2.1353012567368124 2.2948352586769194 2.172116795646068 2.2212041808584084 2.2518837966161214 2.3193789512830896 2.356194490192345 2.2334760271614935 2.2641556429192065 5.4579036432971115 2.184388641949153 2.2334760271614935 2.36846633649543 
-56.0 -55.5 -55.5 -55.5 -55.5 -55.5 -55.0 -55.0 -55.5 -55.5 -55.0 -55.0 -55.0 -55.5 -55.5 -54.5 -53.0 -53.5 -53.5 -54.0 -54.0 -58.5 -57.5 -59.0 -59.0 -60.5 -60.5 -60.5 -61.0 -56.5 -54.5 -54.0 -55.5 -55.0 -54.5 -54.5 -55.5 -56.0 -58.0 -58.0 -57.5 -58.5 -59.0 
2.270291566070749 2.270291566070749 2.2641556429192065 2.270291566070749 2.2886993355253766 2.3009711818284617 2.313243028131547 2.2948352586769194 2.270291566070749 2.325514874434632 2.270291566070749 2.2580197197676637 2.2580197197676637 2.2886993355253766 2.313243028131547 2.3316507975861747 2.282563412373834 2.399145952253143 2.399145952253143 2.36846633649543 2.386874105950058 2.3930100291016 2.3930100291016 2.350058567040802 2.3623304133438876 2.2641556429192065 2.3009711818284617 2.3623304133438876 2.386874105950058 2.386874105950058 2.270291566070749 2.313243028131547 2.3193789512830896 2.270291566070749 2.3316507975861747 2.2948352586769194 2.2886993355253766 2.2457478734645786 2.2150682577068657 2.2610876813434353 2.2212041808584084 2.1782527187976104 2.172116795646068 
-55.0 -55.0 -55.0 -55.0 -55.0 -55.0 -55.0 -55.0 -55.0 -55.0 -55.0 -54.5 -54.5 -55.0 -55.0 -55.0 -56.0 -56.0 -55.5 -55.5 -56.0 -55.0 -55.5 -55.5 -56.0 -56.0 -56.5 -56.5 -57.0 -56.0 -56.0 -55.0 -56.0 -57.0 -56.0 -56.0 -55.5 -55.5 -55.5 -56.0 -55.0 -56.0 -56.0 
5.8659425328746915 5.902758071783947 5.921165841238575 5.810719224510809 5.780039608753096 5.902758071783947 5.8475347634200645 5.872078456026235 5.8475347634200645 5.890486225480862 5.902758071783947 5.927301764390117 5.878214379177777 5.884350302329319 5.6941366846315 5.878214379177777 5.8475347634200645 5.675728915176872 5.749359992995383 5.755495916146925 5.798447378207723 5.743224069843841 5.9088939949354895 5.878214379177777 5.786175531904639 5.6941366846315 5.638913376267617 5.872078456026235 5.810719224510809 5.460971604872882 5.700272607783043 5.8045833013592665 5.829126993965437 5.773903685601553 5.724816300389213 5.767767762450011 5.755495916146925 5.792311455056181 5.786175531904639 5.743224069843841 5.810719224510809 5.743224069843841 5.700272607783043 
-61.5 -61.5 -60.5 -61.0 -60.5 -61.5 -61.5 -61.5 -61.5 -61.0 -61.0 -61.5 -61.5 -61.0 -61.0 -60.0 -59.5 -60.5 -62.0 -62.5 -61.0 -64.5 -61.5 -63.0 -63.0 -63.0 -62.5 -62.0 -62.5 -63.5 -60.5 -60.5 -61.5 -60.5 -60.0 -59.5 -60.0 -61.0 -61.5 -62.0 -61.0 -61.5 -61.5 
6.209554229361076 0.4356505437595221 0.14112623248547898 0.09817477042468103 0.12885438618239387 6.258641614573416 0.05522330836388308 0.28225246497095796 0.30679615757712825 0.09817477042468103 0.1349903093339364 0.05522330836388308 0.25770877236478773 0.04295146206079795 0.32520392703175593 0.05522330836388308 0.3129320807286708 5.964117303299373 0.30066023442558565 6.166602767300278 6.050020227420969 5.884350302329319 6.056156150572511 5.8475347634200645 0.3190680038802134 0.21475731030398976 5.988660995905543 6.1850105367549055 5.945709533844745 0.04908738521234052 0.3988350048502667 6.19728238305799 5.749359992995383 6.019340611663256 6.050020227420969 
-71.0 -69.5 -69.0 -70.5 -68.5 -70.0 -69.5 -70.0 -69.0 -70.5 -68.0 -67.0 -68.0 -67.5 -66.5 -65.0 -69.0 -65.0 -70.0 -68.5 -67.0 -68.0 -69.5 -68.5 -70.0 -72.5 -68.5 -68.5 -65.5 -65.0 -67.5 -70.5 -69.5 -69.5 -70.5 
