3.098641191528995 3.2090878082567613 3.2213596545598464 3.08636934522591 3.0925052683774528 3.0066023442558567 3.08636934522591 3.11091303783208 2.9943304979527716 2.9391071895888885 2.8654761117703775 3.074097498922825 3.147728576741336 3.1661363461959633 3.098641191528995 3.2397674240144743 3.1231848841351653 0.030679615757712823 3.2213596545598464 3.56497135104623 3.650874275167826 3.485204350076177 3.933126740138784 3.724505352986337 3.411573272257666 3.227495577711389 3.2888548092268146 3.399301425954581 3.454524734318464 3.429981041712294 3.313398501832985 3.2029518851052186 3.650874275167826 3.7981364308048478 3.147728576741336 3.1784081924990484 3.32567034813607 0.4479223900626072 0.5276893910326605 0.1227184630308513 0.07363107781851078 
-66.0 -65.5 -66.5 -66.0 -65.0 -66.5 -66.0 -66.0 -66.5 -67.0 -66.0 -66.0 -65.0 -66.5 -66.5 -66.5 -65.5 -67.0 -66.0 -63.0 -62.5 -64.0 -64.0 -64.5 -63.0 -63.0 -63.5 -64.0 -63.0 -64.0 -63.5 -63.0 -64.5 -67.5 -65.0 -66.0 -62.5 -63.0 -64.5 -65.0 -65.0 
2.552544031041707 2.478912953223196 2.1966604882522383 2.055534255766759 2.5280003384355365 2.386874105950058 2.2948352586769194 2.386874105950058 2.227340104009951 2.386874105950058 2.423689644859313 2.448233337465483 2.521864415283994 2.521864415283994 2.5341362615870793 2.4850488763747385 2.521864415283994 2.5893595699509624 2.564815877344792 2.2457478734645786 2.350058567040802 2.6568547246179306 2.767301341345697 2.8961557275280905 3.0127382674073995 3.2888548092268146 3.2888548092268146 3.2949907323783574 2.859340188618835 2.8286605728611223 3.043417883165112 2.9697868053466014 2.859340188618835 2.8654761117703775 2.8961557275280905 3.2581751934691017 3.5772431973493153 3.1968159619536762 2.718213956133356 2.0800779483729293 5.408816258084771 2.270291566070749 2.1659808724945253 5.252350217720435 
-62.0 -63.5 -63.5 -62.5 -62.5 -63.0 -63.0 -63.5 -63.5 -63.5 -64.0 -63.5 -63.5 -63.5 -64.0 -62.5 -64.0 -63.5 -64.0 -63.0 -63.5 -62.0 -62.5 -62.5 -64.5 -65.0 -62.5 -61.5 -61.5 -62.5 -62.5 -62.0 -63.0 -61.5 -61.0 -61.5 -63.5 -66.0 -65.0 -63.5 -63.5 -63.0 -62.5 -63.5 
0.7547185476397354 0.7669903939428205 0.7853981633974483 0.7853981633974483 0.7853981633974483 0.760854470791278 0.7731263170943632 0.7731263170943632 0.760854470791278 0.7792622402459057 0.7792622402459057 0.7792622402459057 0.7792622402459057 0.8099418560036186 0.8283496254582462 0.8160777791551611 0.8283496254582462 0.8344855486097889 0.8283496254582462 0.8099418560036186 0.8344855486097889 0.9019807032767571 1.030835089459151 0.9878836273983529 1.1044661672776617 1.337631247036279 1.184233168247715 0.9940195505498954 1.0737865515199487 1.0246991663076084 0.9817477042468103 0.9572040116406401 0.9694758579437253 1.0062913968529805 0.9572040116406401 0.9817477042468103 1.0246991663076084 1.2578642460662257 1.214912784005428 0.9633399347921826 1.043106935762236 1.000155473701438 0.9756117810952678 0.9541360500648688 
-50.5 -50.5 -50.0 -50.5 -50.0 -50.0 -50.5 -50.0 -50.0 -50.0 -50.0 -50.0 -50.0 -50.0 -50.0 -50.0 -49.5 -50.0 -50.0 -50.0 -49.5 -50.5 -51.5 -53.0 -54.0 -52.5 -51.0 -52.0 -53.0 -52.5 -52.5 -52.5 -53.0 -53.0 -52.5 -52.5 -51.5 -52.0 -54.0 -52.0 -52.0 -50.0 -49.5 -50.0 
0.8713010875190442 0.8651651643675016 0.8835729338221293 0.8774370106705868 0.8528933180644165 0.9019807032767571 0.8651651643675016 0.8222137023067037 0.8283496254582462 0.8713010875190442 0.9019807032767571 0.9081166264282996 0.9265243958829272 0.8897088569736719 0.9081166264282996 0.9203884727313847 0.9142525495798421 0.944932165337555 0.8283496254582462 0.9572040116406401 0.9387962421860124 1.012427320004523 1.1535535524900022 1.380582709097077 1.5830681730979816 1.5707963267948966 1.3130875544301088 1.282407938672396 1.4358060174609601 1.3744467859455345 1.2885438618239387 1.2333205534600555 1.2578642460662257 1.3130875544301088 1.3499030933393643 1.2885438618239387 1.1658253987930873 1.4542137869155878 1.533980787885641 1.3744467859455345 1.2640001692177683 1.1044661672776617 1.0185632431560658 0.9878836273983529 
-51.5 -51.5 -52.0 -51.5 -51.5 -51.5 -51.5 -51.5 -52.0 -51.5 -52.0 -51.5 -51.5 -51.5 -51.5 -51.5 -51.0 -51.5 -51.5 -51.5 -52.0 -51.5 -51.5 -53.0 -51.5 -50.5 -49.5 -50.5 -51.0 -50.0 -50.5 -50.5 -50.5 -50.0 -50.5 -50.5 -50.0 -50.0 -51.5 -52.5 -53.0 -51.5 -51.0 -52.0 
1.086058397823034 1.0921943209745766 1.0185632431560658 1.0492428589137786 1.0492428589137786 1.0676506283684062 1.0615147052168636 1.086058397823034 1.0799224746714913 1.030835089459151 1.0246991663076084 1.0737865515199487 1.1228739367322893 1.0983302441261191 1.0921943209745766 1.0737865515199487 1.0983302441261191 1.0921943209745766 1.1228739367322893 1.1167380135807468 1.2087768608538851 1.533980787885641 1.8346410223112268 2.1046216409791 1.9696313316451632 1.718058482431918 1.552388557340269 1.6321555583103222 1.662835174068035 1.6689710972195777 1.6751070203711202 1.6873788666742053 1.6382914814618648 1.5830681730979816 1.6137477888556946 1.5033011721279284 1.5033011721279284 1.564660403643354 1.7978254834019713 1.9757672547967058 5.160311370447297 1.8960002538266525 1.533980787885641 1.3989904785517047 
-55.5 -55.5 -55.5 -55.5 -55.5 -55.5 -55.5 -55.0 -55.0 -55.0 -55.5 -55.0 -55.0 -55.0 -55.0 -55.5 -55.0 -55.0 -55.0 -55.0 -55.5 -56.5 -55.5 -53.5 -50.5 -50.0 -52.5 -52.0 -53.0 -52.5 -53.0 -53.0 -52.5 -52.5 -52.0 -53.0 -52.0 -51.0 -49.5 -52.5 -54.5 -54.5 -56.5 -58.0 
1.368310862793992 1.3560390164909069 1.368310862793992 1.3928545554001621 1.337631247036279 1.3928545554001621 1.337631247036279 1.3314953238847365 1.3314953238847365 1.3744467859455345 1.325359400733194 1.3437671701878218 1.3867186322486196 1.3744467859455345 1.3130875544301088 1.41126232485479 1.4173982480063325 1.3867186322486196 1.3989904785517047 1.3928545554001621 1.3621749396424494 1.3989904785517047 1.718058482431918 2.1659808724945253 2.000310947402876 1.7855536370988863 1.9573594853420782 2.086213871524472 1.9634954084936207 2.024854640009046 2.1046216409791 2.073942025221387 2.0493983326152168 2.012582793705961 1.945087639038993 2.055534255766759 1.9144080232812801 1.8285050991596843 1.7855536370988863 2.0923497946760143 2.1537090261914402 1.945087639038993 1.6935147898257479 1.6444274046134073 
-55.0 -55.0 -55.0 -55.0 -55.0 -54.5 -55.0 -55.0 -54.5 -55.0 -55.5 -55.0 -55.0 -55.0 -55.0 -55.0 -55.0 -55.0 -55.0 -55.0 -55.0 -56.0 -56.0 -54.0 -52.0 -55.0 -56.0 -55.5 -56.0 -57.0 -56.0 -55.0 -55.0 -56.0 -56.5 -55.0 -56.0 -54.5 -52.5 -52.5 -53.5 -54.5 -55.0 -55.0 
4.871922982324796 4.890330751779424 4.902602598082509 4.859651136021712 4.963961829597935 4.95168998329485 4.890330751779424 4.755340442445488 5.062136600022616 4.921010367537137 4.902602598082509 4.884194828627882 4.865787059173254 4.884194828627882 4.970097752749477 5.019185137961818 4.8351074434155406 4.9394181369917645 4.828971520263998 4.933282213840222 5.258486140871978 5.399612373357457 5.559146375297564 5.927301764390117 5.632777453116074 5.350524988145116 5.540738605842936 5.583690067903734 5.166447293598839 5.252350217720435 5.313709449235861 5.418020142812084 5.313709449235861 5.098952138931871 5.117359908386499 5.252350217720435 5.301437602932776 5.332117218690489 5.332117218690489 5.841398840268521 5.875146417602005 5.675728915176872 5.6143696836614465 5.381204603902829 
-63.5 -63.5 -63.5 -64.0 -64.0 -63.5 -64.0 -63.0 -63.0 -63.5 -63.0 -63.0 -63.0 -63.5 -63.0 -62.5 -63.0 -63.5 -63.0 -63.0 -63.5 -63.5 -63.5 -58.5 -56.0 -57.5 -59.5 -58.0 -59.5 -60.0 -60.5 -60.0 -60.0 -60.5 -59.5 -59.5 -59.0 -59.0 -57.5 -57.0 -60.5 -61.5 -62.0 -63.0 
0.9019807032767571 4.147884050442774 4.442408361716817 4.080388895775806 4.3933209765044765 4.23378697456437 4.589670517353839 3.9515345095934116 3.8288160465625602 4.031301510563465 4.1417481272912315 4.135612204139688 4.000621894805752 4.0128937411088375 4.2092432819582 4.270602513473625 4.1172044346850605 4.080388895775806 4.1601558967458585 4.172427743048944 4.301282129231338 5.117359908386499 5.651185222570702 5.264622064023521 2.2764274892222915 5.737088146692298 5.773903685601553 5.632777453116074 5.816855147662351 5.71868037723767 5.767767762450011 5.810719224510809 5.755495916146925 5.859806609723149 5.602097837358362 6.080699843178682 2.0800779483729293 5.21553467881118 5.565282298449106 5.66959299202533 5.546874528994478 2.1475731030398975 
-69.5 -67.5 -68.0 -67.5 -68.5 -67.5 -68.0 -68.0 -67.5 -67.0 -66.5 -68.0 -67.5 -68.0 -68.5 -67.5 -67.0 -67.0 -68.0 -67.0 -68.0 -66.0 -60.5 -61.0 -69.0 -69.5 -65.5 -64.5 -65.0 -64.5 -64.5 -64.0 -65.0 -65.0 -63.5 -66.5 -65.0 -62.5 -61.5 -62.5 -63.0 -67.0 
