6.22182607566416 3.08636934522591 2.9084275738311756 2.988194574801229 2.9697868053466014 3.06182565261974 2.9513790358919736 3.0495538063166547 3.043417883165112 3.031146036862027 3.06182565261974 3.098641191528995 3.098641191528995 3.043417883165112 3.043417883165112 2.9697868053466014 2.9759227284981438 3.2704470397721868 3.761320891895592 3.5588354278946874 3.6324665057131984 3.693825737228624 3.6386024288647407 3.6017868899554855 3.313398501832985 0.24236896448593132 0.25770877236478773 0.5522330836388308 0.3988350048502667 3.8288160465625602 3.4054373491061236 3.2704470397721868 3.552699504743145 3.393165502803038 6.086835766330224 2.8532042654672924 2.9268353432858034 2.9268353432858034 2.9145634969827183 3.1354567304382504 2.779573187648782 3.0925052683774528 
-63.0 -62.5 -62.5 -62.0 -61.5 -63.0 -62.5 -62.5 -63.5 -63.0 -63.0 -62.0 -63.0 -62.5 -63.5 -62.0 -63.5 -65.0 -64.5 -64.0 -65.5 -65.5 -66.5 -67.0 -64.0 -66.0 -66.5 -66.5 -66.5 -62.5 -63.0 -61.5 -62.0 -65.5 -66.5 -63.5 -63.5 -64.0 -64.0 -63.0 -62.5 -62.5 
2.1598449493429825 2.1353012567368124 2.1659808724945253 2.1230294104337273 2.030990563160589 2.086213871524472 2.073942025221387 2.1537090261914402 1.8346410223112268 2.1353012567368124 2.1537090261914402 2.086213871524472 2.0371264863121317 2.12916533358527 2.12916533358527 1.9634954084936207 2.116893487282185 2.1537090261914402 2.3746022596469727 2.5034566458293663 2.6323110320117604 2.834796496012665 3.184544115650591 3.479068426924634 2.9084275738311756 2.5709518004963345 2.6261751088602177 2.36846633649543 5.7524279545711545 2.650718801466388 5.924233802814347 3.0802334220743677 3.6754179677739964 3.3379421944391554 3.06182565261974 2.466641106920111 2.3439226438892597 1.9634954084936207 2.000310947402876 1.9941750242513334 2.000310947402876 1.9819031779482483 2.000310947402876 2.0064468705544187 2.061670178918302 
-63.0 -63.5 -63.0 -62.5 -63.0 -62.5 -63.0 -62.5 -62.5 -63.0 -63.5 -62.0 -62.0 -63.0 -62.5 -61.5 -62.0 -62.5 -63.0 -63.0 -63.5 -63.0 -65.0 -63.0 -62.5 -62.0 -62.5 -62.5 -63.5 -61.5 -62.5 -62.0 -62.5 -64.0 -66.0 -65.0 -62.5 -63.5 -63.5 -63.0 -62.5 -62.5 -62.5 -62.5 -61.0 
1.0185632431560658 0.9940195505498954 0.9756117810952678 1.0369710126106935 1.0246991663076084 1.030835089459151 1.0615147052168636 1.0676506283684062 1.043106935762236 1.055378782065321 1.055378782065321 1.055378782065321 1.0492428589137786 1.0799224746714913 1.0983302441261191 1.043106935762236 1.086058397823034 1.1351457830353744 1.1658253987930873 1.2087768608538851 1.055378782065321 1.325359400733194 1.3928545554001621 1.227184630308513 1.0921943209745766 0.9633399347921826 1.0062913968529805 1.0062913968529805 4.1601558967458585 0.9203884727313847 0.9142525495798421 1.0492428589137786 1.1596894756415448 1.3008157081270237 1.1474176293384597 0.9633399347921826 1.0492428589137786 4.1417481272912315 0.8344855486097889 0.7731263170943632 0.7792622402459057 0.8406214717613314 0.8835729338221293 0.9081166264282996 0.9572040116406401 1.000155473701438 1.0615147052168636 
-49.0 -49.0 -49.0 -48.5 -49.0 -49.0 -48.5 -48.5 -48.5 -49.0 -49.0 -48.5 -48.5 -49.0 -49.0 -48.5 -48.5 -49.0 -50.0 -51.5 -52.0 -53.5 -52.5 -52.0 -53.0 -53.0 -53.0 -52.5 -53.0 -53.0 -53.0 -52.0 -51.0 -52.0 -53.0 -52.0 -50.5 -51.0 -50.0 -50.5 -50.5 -50.0 -49.0 -49.0 -49.0 -48.5 -48.5 
1.000155473701438 1.0246991663076084 1.0615147052168636 1.0492428589137786 1.0737865515199487 1.0737865515199487 1.043106935762236 1.086058397823034 1.0983302441261191 1.0615147052168636 1.0615147052168636 1.0676506283684062 1.0921943209745766 1.0921943209745766 1.0983302441261191 1.0983302441261191 1.1106020904292042 1.0921943209745766 1.1903690913992575 1.2578642460662257 1.4480778637640452 1.748738098189631 1.6444274046134073 1.4173982480063325 1.4173982480063325 1.3314953238847365 1.2762720155208536 1.3192234775816514 1.2854759002481673 1.282407938672396 1.3284273623089653 1.337631247036279 1.184233168247715 1.4480778637640452 1.5033011721279284 1.4358060174609601 1.2210487071569704 1.184233168247715 1.0062913968529805 0.9387962421860124 0.9510680884890975 0.9203884727313847 0.9019807032767571 0.944932165337555 0.8467573949128739 1.0062913968529805 1.030835089459151 
-50.5 -50.5 -50.5 -50.5 -50.5 -50.5 -50.5 -50.5 -50.5 -50.0 -50.5 -50.5 -50.5 -50.0 -50.0 -50.0 -50.5 -50.5 -51.0 -51.5 -53.5 -52.0 -50.0 -50.0 -51.0 -50.5 -50.0 -50.5 -51.0 -50.0 -51.0 -51.0 -50.0 -49.5 -51.5 -52.0 -52.0 -52.5 -52.0 -52.5 -52.0 -52.0 -51.5 -51.0 -50.5 -50.5 -50.0 
1.368310862793992 1.3560390164909069 1.368310862793992 1.4051264017032472 1.337631247036279 1.3560390164909069 1.3867186322486196 1.368310862793992 1.325359400733194 1.3560390164909069 1.3437671701878218 1.3069516312785663 1.3499030933393643 1.368310862793992 1.4419419406125027 1.3928545554001621 1.380582709097077 1.4419419406125027 1.748738098189631 2.086213871524472 2.2764274892222915 2.1353012567368124 1.8346410223112268 1.8223691760081417 1.7671458676442586 1.662835174068035 1.6505633277649499 1.662835174068035 1.6413594430376361 1.5401167110371838 4.727728788263546 1.5707963267948966 1.4480778637640452 1.564660403643354 1.761009944492716 1.8407769454627694 1.945087639038993 1.923611908008594 1.509437095279471 1.4419419406125027 1.3499030933393643 1.1044661672776617 1.1474176293384597 1.1780972450961724 1.2210487071569704 1.2946797849754812 1.3314953238847365 
-56.0 -56.0 -56.0 -56.0 -55.5 -56.0 -56.0 -56.0 -56.0 -56.0 -56.0 -56.5 -56.0 -56.0 -56.0 -56.0 -56.0 -56.5 -57.0 -56.5 -55.0 -51.0 -52.0 -52.5 -53.5 -53.0 -53.5 -53.0 -53.5 -53.5 -53.5 -54.0 -52.0 -51.0 -49.5 -51.0 -52.0 -55.0 -57.0 -58.0 -59.0 -58.0 -57.5 -56.5 -56.0 -56.0 -56.0 
1.6260196351587797 1.6751070203711202 1.6566992509164924 1.6689710972195777 1.6382914814618648 1.6751070203711202 1.6689710972195777 1.5830681730979816 1.6566992509164924 1.6505633277649499 1.6382914814618648 1.6444274046134073 1.6751070203711202 1.6321555583103222 1.6751070203711202 1.564660403643354 1.6689710972195777 1.5585244804918115 1.7548740213411735 2.1230294104337273 2.411417798556228 2.086213871524472 2.030990563160589 2.2089323345553233 2.0493983326152168 1.9757672547967058 2.055534255766759 2.0493983326152168 2.046330371039445 1.9512235621905356 1.9542915237663068 1.945087639038993 2.012582793705961 1.8346410223112268 1.9266798695843652 1.9757672547967058 1.9266798695843652 1.8837284075235674 1.4358060174609601 1.5401167110371838 1.5585244804918115 1.5033011721279284 1.509437095279471 1.552388557340269 1.552388557340269 1.5953400194010667 1.6321555583103222 
-54.0 -54.5 -54.0 -54.0 -53.5 -54.0 -53.5 -53.5 -54.0 -54.0 -53.5 -53.5 -53.5 -53.5 -53.5 -53.0 -53.5 -54.0 -55.0 -56.0 -53.5 -52.0 -54.5 -55.5 -55.5 -56.5 -55.0 -54.0 -55.0 -55.0 -57.0 -55.0 -56.0 -54.0 -52.5 -52.5 -52.5 -55.5 -56.5 -57.5 -56.5 -56.0 -55.5 -55.0 -54.5 -54.0 -53.5 
5.190990986205009 5.2339424482658075 5.252350217720435 5.129631754689584 5.21553467881118 5.178719139901925 5.258486140871978 5.105088062083414 5.264622064023521 5.1725832167503825 5.283029833478148 5.209398755659637 5.0682725231741586 5.246214294568893 5.154175447295755 5.080544369477243 5.270757987175063 5.485515297479052 5.608233760509904 5.9088939949354895 5.988660995905543 5.755495916146925 5.602097837358362 5.6573211457222445 5.516194913236766 5.301437602932776 5.559146375297564 5.651185222570702 5.50392306693368 5.411884219660542 5.157243408871525 5.3627968344482015 5.393476450205914 5.283029833478148 5.21553467881118 5.620505606812989 5.6573211457222445 5.648117260994931 5.5284667595398505 5.4671075280244255 5.491651220630596 5.448699758569798 5.344389064993574 5.307573526084319 5.307573526084319 5.283029833478148 
-62.0 -62.5 -62.0 -62.0 -62.0 -61.0 -62.0 -61.5 -62.0 -61.5 -62.0 -62.0 -61.0 -61.5 -61.5 -61.0 -61.5 -61.5 -61.0 -61.0 -57.5 -56.0 -58.0 -57.0 -58.5 -60.0 -61.0 -59.5 -60.0 -61.5 -60.5 -59.0 -57.5 -59.0 -57.0 -56.5 -59.5 -60.5 -61.0 -61.0 -61.5 -62.5 -62.0 -61.0 -62.0 -62.0 
4.816699673960914 4.558990901596125 4.614214209960009 4.792155981354743 4.675573441475434 4.7307967498393175 4.718524903536232 4.620350133111551 4.792155981354743 4.8351074434155406 4.681709364626977 4.522175362686871 4.743068596142402 4.7307967498393175 4.921010367537137 4.749204519293945 4.779884135051658 4.921010367537137 5.135767677841127 5.583690067903734 5.724816300389213 5.092816215780329 5.086680292628786 5.688000761479957 5.620505606812989 5.835262917116979 5.822991070813893 5.927301764390117 2.5924275315267336 5.9088939949354895 5.905826033359719 5.620505606812989 6.062292073724054 2.098485717827557 5.258486140871978 5.5284667595398505 5.47937937432751 2.141437179888355 4.454680208019902 4.522175362686871 4.589670517353839 4.822835597112456 4.724660826687775 4.773748211900116 4.779884135051658 
-63.5 -63.0 -62.5 -63.5 -63.0 -63.0 -63.0 -63.0 -61.5 -63.0 -63.0 -62.5 -62.0 -62.0 -61.5 -61.5 -62.0 -64.0 -64.5 -63.5 -61.5 -61.0 -66.5 -65.0 -66.5 -66.0 -64.0 -64.0 -65.0 -64.5 -66.5 -65.0 -66.0 -66.5 -62.5 -61.5 -62.0 -66.0 -71.0 -70.0 -65.5 -67.0 -66.0 -65.0 -64.0 
