3.11091303783208 3.043417883165112 3.0127382674073995 3.031146036862027 3.0925052683774528 3.043417883165112 3.153864499892878 3.0495538063166547 3.104777114680538 3.1906800388021335 3.06182565261974 2.859340188618835 3.2090878082567613 6.270913460876501 3.0925052683774528 0.6381360077604268 3.3440781175906977 3.1968159619536762 3.8840393549264434 4.0128937411088375 3.3747577333484107 0.44178646691106466 3.429981041712294 3.3747577333484107 3.8533597391687304 3.650874275167826 3.6876898140770815 3.018874190558942 3.000466421104314 3.3195344249845276 3.399301425954581 3.6907577756528527 3.000466421104314 2.9268353432858034 2.8716120349219203 2.9329712664373457 2.8777479580734626 
-64.0 -63.0 -63.0 -63.0 -62.5 -62.5 -63.0 -62.5 -64.0 -64.0 -63.5 -63.0 -64.5 -63.5 -64.0 -66.0 -65.5 -66.5 -67.0 -68.0 -68.5 -70.0 -69.5 -67.5 -69.5 -69.5 -70.0 -68.0 -65.0 -65.5 -64.0 -64.5 -63.0 -62.5 -62.5 -62.0 -62.0 
2.2150682577068657 2.012582793705961 2.0371264863121317 2.1046216409791 1.9634954084936207 2.116893487282185 2.061670178918302 2.110757564130642 2.2334760271614935 2.043262409463674 2.12916533358527 2.116893487282185 2.1782527187976104 1.9573594853420782 2.0923497946760143 1.9573594853420782 2.110757564130642 2.282563412373834 5.641981337843388 2.337786720737717 2.8838838812250054 3.215223731408304 3.1906800388021335 2.411417798556228 2.466641106920111 2.3193789512830896 2.380738182798515 2.405281875404685 2.6323110320117604 3.117048960983623 3.0802334220743677 2.6691265709210157 2.2886993355253766 2.1537090261914402 5.304505564508547 2.141437179888355 2.12916533358527 2.0923497946760143 1.9573594853420782 2.0064468705544187 2.030990563160589 1.9696313316451632 1.9573594853420782 
-63.0 -62.5 -62.0 -62.0 -61.0 -61.0 -61.5 -61.0 -61.5 -61.5 -61.0 -61.0 -61.5 -62.0 -61.5 -62.0 -61.5 -61.5 -62.5 -63.5 -66.5 -65.5 -64.0 -63.0 -63.0 -63.5 -62.5 -62.5 -63.5 -64.5 -66.0 -65.0 -64.0 -62.5 -62.5 -61.5 -61.0 -60.5 -60.5 -61.0 -60.5 -62.0 -61.5 
1.055378782065321 1.0799224746714913 1.0799224746714913 1.1044661672776617 1.141281706186917 1.1535535524900022 1.1290098598838318 1.141281706186917 1.1658253987930873 1.1535535524900022 1.141281706186917 1.1351457830353744 1.055378782065321 1.1290098598838318 1.0983302441261191 1.1228739367322893 1.141281706186917 1.1106020904292042 1.1596894756415448 1.1106020904292042 1.1474176293384597 1.4173982480063325 1.2701360923693108 1.1044661672776617 1.1290098598838318 1.0737865515199487 1.1228739367322893 1.1351457830353744 1.055378782065321 1.2026409377023426 1.227184630308513 1.3008157081270237 1.4480778637640452 1.1719613219446299 1.0921943209745766 1.2302525918842842 1.2026409377023426 1.1167380135807468 1.0615147052168636 1.0246991663076084 0.9940195505498954 1.0062913968529805 0.9940195505498954 0.944932165337555 
-48.5 -48.5 -48.5 -48.5 -48.5 -48.5 -48.5 -48.5 -48.5 -48.5 -49.0 -48.5 -48.5 -49.0 -49.0 -49.0 -48.5 -49.0 -50.5 -52.5 -52.0 -54.0 -52.0 -53.0 -53.5 -53.5 -53.5 -53.5 -54.0 -53.5 -53.0 -52.0 -54.0 -52.5 -51.0 -51.5 -50.0 -49.0 -48.5 -49.0 -49.5 -49.0 -49.0 -49.0 
1.0185632431560658 1.0615147052168636 1.0492428589137786 1.055378782065321 1.0737865515199487 1.0492428589137786 1.0615147052168636 1.0799224746714913 1.086058397823034 1.0676506283684062 1.055378782065321 1.0983302441261191 1.0737865515199487 1.0921943209745766 1.086058397823034 1.055378782065321 1.055378782065321 1.0921943209745766 1.1965050145508 1.303883669702795 1.5155730184310134 1.705786636128833 1.4173982480063325 1.4051264017032472 1.4480778637640452 1.4603497100671303 1.4726215563702154 1.4358060174609601 1.533980787885641 1.509437095279471 1.509437095279471 1.4173982480063325 1.5830681730979816 1.5830681730979816 1.3989904785517047 1.3008157081270237 1.239456476611598 1.1780972450961724 1.1228739367322893 1.0983302441261191 1.086058397823034 1.0921943209745766 1.030835089459151 1.0369710126106935 
-50.5 -50.0 -50.5 -50.5 -50.5 -50.5 -50.0 -50.0 -50.0 -50.0 -50.0 -50.0 -50.0 -50.0 -50.5 -50.0 -50.5 -50.5 -51.0 -53.0 -53.0 -51.5 -50.5 -51.0 -51.5 -51.0 -51.0 -51.0 -51.0 -51.5 -51.5 -51.0 -50.5 -52.5 -53.0 -52.5 -51.0 -50.5 -50.0 -50.0 -50.0 -50.0 -50.0 -50.5 
1.3130875544301088 1.368310862793992 1.2885438618239387 1.3069516312785663 1.3867186322486196 1.3928545554001621 1.3499030933393643 1.380582709097077 1.368310862793992 1.380582709097077 1.3437671701878218 1.3867186322486196 1.3069516312785663 1.3499030933393643 1.3621749396424494 1.3008157081270237 1.3989904785517047 1.5033011721279284 1.8285050991596843 5.240078371417351 2.1659808724945253 1.945087639038993 1.8530487917658545 1.8039614065535141 1.8653206380689396 1.8100973297050567 1.662835174068035 1.8285050991596843 1.6689710972195777 1.8960002538266525 1.8223691760081417 1.859184714917397 1.8775924843720249 2.098485717827557 2.1046216409791 2.116893487282185 1.9634954084936207 1.7303303287350031 1.5585244804918115 1.4971652489763858 1.4787574795217582 1.4787574795217582 1.4296700943094176 1.3744467859455345 
-55.5 -56.0 -56.0 -55.5 -56.0 -56.0 -56.0 -55.5 -55.5 -55.5 -55.0 -55.5 -55.5 -55.5 -55.5 -55.5 -56.0 -57.0 -57.0 -57.0 -54.0 -50.5 -52.0 -53.5 -53.5 -54.0 -54.5 -54.5 -54.5 -54.5 -54.0 -52.0 -51.0 -51.5 -55.0 -55.0 -55.0 -55.5 -56.5 -56.5 -57.0 -56.0 -56.5 -57.0 
1.607611865704152 1.6321555583103222 1.5278448647340985 1.607611865704152 1.6014759425526093 1.662835174068035 1.6444274046134073 1.6566992509164924 1.6444274046134073 1.6382914814618648 1.6198837120072371 1.6014759425526093 1.5892040962495242 1.4664856332186729 1.607611865704152 1.6382914814618648 1.6198837120072371 1.576932249946439 1.8162332528565992 2.2212041808584084 2.2457478734645786 1.9757672547967058 2.043262409463674 2.2089323345553233 2.0371264863121317 2.0800779483729293 2.1353012567368124 2.1475731030398975 2.2518837966161214 2.1230294104337273 2.1966604882522383 2.0923497946760143 2.073942025221387 2.1353012567368124 2.350058567040802 2.2089323345553233 2.012582793705961 1.8039614065535141 1.7426021750380885 1.7303303287350031 1.7426021750380885 1.6873788666742053 1.6260196351587797 1.6873788666742053 
-54.0 -53.5 -54.0 -53.5 -53.5 -53.5 -53.5 -53.0 -53.0 -53.0 -53.0 -53.5 -53.0 -53.0 -53.5 -53.5 -53.5 -54.0 -55.0 -55.5 -53.0 -53.0 -55.0 -55.0 -55.5 -56.5 -55.5 -55.5 -56.0 -56.5 -56.0 -55.5 -53.5 -53.0 -53.5 -54.0 -54.0 -54.0 -54.0 -53.5 -53.0 -53.0 -53.5 -54.0 
5.209398755659637 5.209398755659637 5.1725832167503825 5.301437602932776 5.332117218690489 5.209398755659637 5.227806525114265 5.264622064023521 5.197126909356553 5.2339424482658075 5.117359908386499 5.264622064023521 5.338253141842031 5.221670601962723 5.160311370447297 5.141903600992669 5.184855063053467 5.332117218690489 5.688000761479957 5.767767762450011 5.915029918087033 5.516194913236766 5.632777453116074 5.638913376267617 5.5714182216006485 5.540738605842936 5.632777453116074 5.620505606812989 5.442563835418255 5.638913376267617 5.589825991055276 5.6573211457222445 5.460971604872882 5.712544454086128 5.896622148632405 5.767767762450011 5.675728915176872 5.381204603902829 5.283029833478148 5.2768939103266055 5.289165756629691 5.221670601962723 5.283029833478148 5.209398755659637 
-61.5 -62.0 -62.0 -62.0 -62.0 -61.5 -62.5 -61.0 -61.5 -61.0 -61.5 -61.0 -61.5 -61.5 -62.0 -62.0 -62.0 -61.5 -62.0 -62.0 -56.5 -58.5 -57.5 -58.0 -58.5 -60.5 -60.0 -59.5 -60.5 -59.0 -58.5 -56.5 -57.5 -56.5 -57.5 -60.5 -59.5 -60.5 -61.0 -61.0 -61.0 -60.5 -61.0 -62.0 
4.601942363656923 4.7307967498393175 4.779884135051658 4.6878452877785195 4.534447208989955 4.878058905476339 4.902602598082509 4.988505522204105 4.804427827657828 4.657165672020807 4.743068596142402 4.792155981354743 4.884194828627882 4.804427827657828 4.822835597112456 4.7307967498393175 4.724660826687775 4.853515212870168 5.332117218690489 5.7094764925103565 5.66959299202533 5.240078371417351 5.681864838328415 5.632777453116074 5.859806609723149 5.798447378207723 5.497787143782138 5.706408530934585 5.6143696836614465 5.565282298449106 5.792311455056181 5.485515297479052 5.724816300389213 5.381204603902829 5.375068680751287 5.221670601962723 5.056000676871073 4.896466674930966 4.902602598082509 4.92714629068868 4.8351074434155406 4.804427827657828 
-64.5 -62.5 -63.5 -62.5 -62.0 -62.0 -62.0 -61.5 -62.0 -61.5 -62.0 -62.0 -61.5 -63.0 -63.0 -61.0 -63.5 -64.5 -64.0 -64.5 -62.5 -62.0 -69.5 -66.0 -67.0 -66.0 -66.5 -65.5 -67.0 -69.0 -66.5 -63.0 -64.5 -62.0 -61.0 -63.0 -63.0 -63.5 -63.5 -63.5 -63.5 -64.0 
