2.9575149590435164 2.718213956133356 6.043884304269426 2.9329712664373457 2.730485802436441 2.8409324191642074 2.9268353432858034 2.7550294950426117 2.736621725587984 2.779573187648782 2.84706834231575 2.945243112740431 6.080699843178682 2.945243112740431 3.031146036862027 3.3195344249845276 3.6201946594101133 3.877903431774901 3.5711072741977725 3.497476196379262 3.6263305825616556 3.8963112012295285 3.822680123411018 3.448388811166921 3.32567034813607 3.184544115650591 3.3011266555298997 3.448388811166921 3.313398501832985 3.6324665057131984 3.865631585471816 3.2765829629237295 3.147728576741336 3.2949907323783574 3.184544115650591 3.5496315431673735 0.21475731030398976 3.0066023442558567 2.890019804376548 2.9145634969827183 2.9943304979527716 3.018874190558942 2.9820586516496865 
-61.5 -62.5 -62.5 -62.5 -61.5 -61.5 -61.5 -61.5 -61.5 -62.0 -62.5 -61.5 -62.5 -61.5 -61.5 -63.0 -65.0 -61.0 -62.0 -64.5 -65.5 -65.5 -64.5 -63.0 -63.5 -64.0 -64.5 -64.0 -64.0 -64.0 -68.0 -67.0 -64.5 -63.5 -62.5 -64.0 -65.0 -62.5 -63.0 -60.5 -62.5 -63.0 -61.5 
2.0923497946760143 2.098485717827557 2.172116795646068 1.945087639038993 1.8714565612204823 2.116893487282185 1.9389517158874505 2.3071071049800045 1.9941750242513334 2.061670178918302 2.055534255766759 1.9634954084936207 1.9512235621905356 1.9880391010997909 2.2641556429192065 2.073942025221387 5.418020142812084 2.3439226438892597 5.773903685601553 2.7120780329818137 2.6200391857086753 3.0802334220743677 3.129320807286708 3.3747577333484107 3.356349963893783 3.147728576741336 2.791845033951867 2.6139032625571326 2.5280003384355365 2.6323110320117604 2.9206994201342606 2.9575149590435164 3.5465635815916023 2.9268353432858034 2.521864415283994 2.2641556429192065 2.1353012567368124 5.3842725654786 5.344389064993574 2.0064468705544187 1.945087639038993 1.9389517158874505 1.846912868614312 1.9082721001297376 2.012582793705961 
-62.0 -63.0 -62.0 -62.5 -62.0 -62.0 -63.0 -63.0 -62.0 -62.0 -63.0 -62.5 -62.5 -62.5 -63.5 -62.0 -63.0 -62.0 -63.0 -61.5 -62.0 -64.0 -64.0 -63.0 -62.5 -61.5 -61.5 -61.5 -62.0 -61.5 -61.5 -62.5 -65.5 -67.0 -65.0 -64.0 -63.0 -63.0 -63.0 -61.5 -62.0 -62.0 -61.5 -61.0 -61.5 
0.7853981633974483 0.7731263170943632 0.7485826244881929 0.7485826244881929 0.7547185476397354 0.7547185476397354 0.7547185476397354 0.760854470791278 0.760854470791278 0.7731263170943632 0.8774370106705868 0.8222137023067037 0.8222137023067037 0.8528933180644165 0.8897088569736719 0.8897088569736719 0.9019807032767571 0.9572040116406401 1.055378782065321 1.1228739367322893 0.9878836273983529 1.227184630308513 1.3314953238847365 1.1351457830353744 1.012427320004523 1.0676506283684062 1.000155473701438 0.9817477042468103 0.9940195505498954 0.9878836273983529 0.9878836273983529 1.030835089459151 1.1167380135807468 1.3314953238847365 1.4480778637640452 1.0615147052168636 1.0369710126106935 1.1903690913992575 1.1474176293384597 1.0246991663076084 1.000155473701438 1.043106935762236 0.9756117810952678 1.012427320004523 1.0492428589137786 
-50.5 -50.5 -50.5 -50.5 -50.5 -50.5 -50.5 -50.5 -50.5 -50.0 -50.0 -50.0 -50.0 -49.5 -50.0 -49.5 -49.5 -49.5 -51.0 -52.0 -53.0 -53.5 -52.5 -51.0 -52.0 -53.0 -53.0 -53.0 -53.0 -53.5 -53.5 -53.0 -52.0 -52.0 -55.0 -52.5 -51.0 -51.5 -51.5 -49.5 -49.5 -49.5 -49.5 -49.5 -49.5 
0.9326603190344698 0.9142525495798421 0.9878836273983529 0.9326603190344698 0.9387962421860124 0.9387962421860124 1.000155473701438 0.9019807032767571 0.8958447801252144 0.9694758579437253 0.9878836273983529 0.9203884727313847 1.000155473701438 0.9756117810952678 1.012427320004523 1.012427320004523 1.012427320004523 1.0615147052168636 1.1688933603688585 1.227184630308513 1.4848934026733007 1.6444274046134073 1.5033011721279284 1.3008157081270237 1.282407938672396 1.368310862793992 1.3928545554001621 1.3928545554001621 1.3499030933393643 1.4542137869155878 1.4419419406125027 1.4051264017032472 1.368310862793992 1.41126232485479 1.607611865704152 1.521708941582556 1.3867186322486196 1.3192234775816514 1.2425244381873692 1.0799224746714913 1.0492428589137786 1.055378782065321 1.043106935762236 1.043106935762236 1.0615147052168636 
-51.0 -51.0 -51.0 -51.5 -51.5 -51.0 -51.5 -51.0 -51.0 -51.0 -51.5 -51.0 -51.0 -51.0 -51.5 -50.5 -51.0 -50.5 -51.5 -51.5 -52.5 -51.5 -49.5 -49.0 -50.5 -51.0 -50.5 -50.5 -50.5 -50.5 -51.0 -50.5 -50.5 -50.5 -51.0 -52.5 -53.0 -52.5 -52.0 -51.0 -50.5 -50.5 -50.5 -50.5 -50.5 
1.2885438618239387 1.3069516312785663 1.1658253987930873 1.3008157081270237 1.3130875544301088 1.2640001692177683 1.2640001692177683 1.3621749396424494 1.325359400733194 1.3499030933393643 1.2517283229146832 1.2517283229146832 1.337631247036279 1.3130875544301088 1.3406992086120504 1.337631247036279 1.3560390164909069 1.4848934026733007 5.117359908386499 1.9880391010997909 2.1537090261914402 2.012582793705961 1.6198837120072371 1.6014759425526093 1.6444274046134073 1.6751070203711202 1.7303303287350031 1.6935147898257479 1.6873788666742053 1.718058482431918 1.8039614065535141 1.761009944492716 1.6260196351587797 1.7119225592803755 1.859184714917397 2.0923497946760143 2.0800779483729293 2.184388641949153 2.043262409463674 1.6935147898257479 1.4910293258248433 1.5278448647340985 1.4419419406125027 1.509437095279471 1.3989904785517047 
-58.0 -57.5 -57.5 -58.0 -58.0 -57.5 -58.0 -58.0 -58.5 -58.0 -57.0 -57.5 -57.5 -57.5 -58.0 -57.0 -57.0 -57.0 -57.0 -56.0 -53.5 -50.5 -51.0 -52.0 -53.0 -53.0 -52.5 -52.5 -52.5 -52.5 -52.5 -53.0 -52.5 -51.5 -50.0 -51.5 -54.0 -55.0 -56.5 -58.0 -57.5 -57.5 -57.5 -57.5 -57.0 
1.5707963267948966 1.552388557340269 1.5462526341887264 1.552388557340269 1.4603497100671303 1.576932249946439 1.576932249946439 1.5830681730979816 1.521708941582556 1.6137477888556946 1.552388557340269 1.5707963267948966 1.509437095279471 1.5033011721279284 1.6137477888556946 1.552388557340269 1.4971652489763858 1.5953400194010667 1.7855536370988863 2.061670178918302 2.2150682577068657 1.9757672547967058 1.8407769454627694 2.024854640009046 2.086213871524472 2.073942025221387 2.0064468705544187 2.0800779483729293 2.055534255766759 2.098485717827557 2.0493983326152168 2.073942025221387 2.1905245651006955 2.018718716857504 2.0493983326152168 2.141437179888355 2.270291566070749 2.1905245651006955 2.0279226015848177 1.6260196351587797 1.718058482431918 1.6996507129772904 1.7426021750380885 1.705786636128833 1.7426021750380885 
-55.0 -55.0 -54.5 -54.5 -55.0 -55.5 -55.0 -55.5 -55.0 -55.0 -54.5 -54.5 -55.0 -54.5 -55.0 -54.0 -54.5 -55.5 -56.0 -55.0 -54.0 -52.0 -54.5 -55.5 -55.0 -55.0 -56.0 -56.0 -55.5 -55.0 -55.5 -55.0 -55.5 -55.0 -53.0 -53.5 -53.0 -54.0 -54.5 -54.5 -54.0 -54.0 -53.5 -53.5 -53.5 
5.381204603902829 5.4671075280244255 5.332117218690489 5.620505606812989 5.436427912266712 5.43029198911517 5.534602682691394 5.485515297479052 5.577554144752192 5.424156065963627 5.405748296509 5.387340527054372 5.393476450205914 5.381204603902829 5.35972887287243 5.307573526084319 5.47937937432751 5.50392306693368 5.6665250304495585 5.767767762450011 5.8659425328746915 5.546874528994478 5.418020142812084 5.577554144752192 5.5100589900852235 5.448699758569798 5.289165756629691 5.332117218690489 5.448699758569798 5.350524988145116 5.301437602932776 5.387340527054372 5.43029198911517 5.540738605842936 5.405748296509 5.712544454086128 5.921165841238575 5.822991070813893 5.734020185116527 5.64504929941916 5.491651220630596 5.399612373357457 5.399612373357457 5.289165756629691 5.289165756629691 
-62.5 -62.0 -62.5 -62.0 -62.0 -62.0 -62.0 -62.5 -62.5 -62.5 -63.0 -62.0 -62.5 -62.0 -62.5 -61.5 -62.0 -61.5 -62.0 -61.5 -57.5 -56.0 -58.5 -58.0 -58.5 -59.0 -59.0 -60.0 -60.5 -60.5 -59.5 -59.5 -59.5 -58.5 -58.5 -56.0 -57.5 -60.5 -61.0 -60.5 -61.0 -61.0 -61.5 -61.5 -60.5 
4.908738521234052 4.828971520263998 4.804427827657828 4.675573441475434 4.522175362686871 4.743068596142402 4.890330751779424 4.755340442445488 4.540583132141498 4.755340442445488 4.651029748869264 4.792155981354743 4.743068596142402 1.576932249946439 4.798291904506286 4.798291904506286 5.006913291658733 5.098952138931871 5.307573526084319 5.737088146692298 5.178719139901925 5.117359908386499 5.786175531904639 5.724816300389213 5.632777453116074 5.681864838328415 5.896622148632405 5.792311455056181 5.853670686571607 5.700272607783043 5.589825991055276 5.743224069843841 5.356660911296659 5.049864753719531 5.688000761479957 5.700272607783043 5.3627968344482015 1.9941750242513334 5.056000676871073 4.71238898038469 4.828971520263998 4.878058905476339 4.828971520263998 4.828971520263998 
-65.5 -66.5 -66.0 -66.5 -66.5 -67.5 -66.5 -66.0 -65.0 -64.5 -65.0 -65.0 -64.5 -65.0 -64.5 -64.5 -64.5 -66.0 -64.0 -61.0 -61.5 -65.5 -69.0 -64.0 -64.5 -65.5 -64.5 -65.0 -66.0 -67.0 -65.5 -65.0 -71.0 -62.5 -62.5 -63.5 -62.5 -63.0 -63.5 -64.5 -64.5 -65.0 -63.5 -64.0 
