2.9943304979527716 2.9820586516496865 2.84706834231575 2.945243112740431 3.0250101137104846 3.147728576741336 3.0250101137104846 3.2090878082567613 6.234097921967246 3.1661363461959633 6.2463697682703305 3.1354567304382504 3.2888548092268146 3.6999616603801666 3.485204350076177 3.6201946594101133 3.6201946594101133 3.785864584501762 3.810408277107933 3.7551849687440497 3.509748042682347 3.5158839658338894 3.423845118560751 0.4663301595172349 3.117048960983623 3.650874275167826 0.25770877236478773 3.2827188860752723 3.6754179677739964 3.865631585471816 3.4054373491061236 3.184544115650591 3.2213596545598464 3.2459033471660166 2.9206994201342606 
-63.0 -63.0 -63.0 -61.5 -63.0 -63.0 -63.0 -63.0 -64.0 -63.5 -64.0 -62.5 -63.5 -65.0 -63.0 -65.0 -65.5 -65.5 -66.5 -66.0 -65.5 -65.5 -65.0 -67.0 -65.0 -65.0 -66.5 -65.0 -64.5 -65.5 -65.5 -62.5 -63.0 -62.0 -63.0 
1.8837284075235674 1.846912868614312 1.9696313316451632 1.9757672547967058 2.012582793705961 1.9082721001297376 1.8960002538266525 1.9144080232812801 1.8960002538266525 1.932815792735908 1.9512235621905356 1.9819031779482483 2.018718716857504 2.1046216409791 2.0708740636456158 2.0371264863121317 2.1966604882522383 2.5280003384355365 2.6261751088602177 2.5832236467994196 2.9943304979527716 3.2581751934691017 3.2643111166206444 3.031146036862027 2.816388726558037 2.6445828783148455 2.5034566458293663 2.7212819177091276 2.736621725587984 2.816388726558037 2.9697868053466014 3.129320807286708 2.6016314162540475 2.2641556429192065 2.0800779483729293 2.073942025221387 2.0371264863121317 2.1230294104337273 2.073942025221387 2.1905245651006955 2.0923497946760143 2.0923497946760143 
-61.5 -62.0 -62.5 -62.0 -62.0 -63.0 -62.0 -62.0 -62.5 -61.5 -63.5 -62.0 -62.5 -63.0 -63.5 -62.5 -62.5 -62.0 -62.0 -63.0 -65.5 -65.0 -63.5 -62.5 -62.0 -62.0 -63.0 -63.5 -62.5 -61.5 -63.0 -65.0 -66.0 -63.5 -61.0 -60.0 -61.5 -61.0 -60.0 -60.5 -59.0 -60.0 
0.9878836273983529 0.9510680884890975 0.9694758579437253 0.9756117810952678 0.9203884727313847 0.9694758579437253 0.9510680884890975 0.9633399347921826 0.944932165337555 0.9326603190344698 0.9326603190344698 0.9387962421860124 0.9510680884890975 1.000155473701438 0.9817477042468103 0.9510680884890975 0.944932165337555 1.086058397823034 1.0983302441261191 1.030835089459151 1.3192234775816514 1.325359400733194 1.1596894756415448 1.030835089459151 1.0921943209745766 1.0492428589137786 0.9878836273983529 1.0461748973380072 1.012427320004523 1.030835089459151 1.055378782065321 1.1167380135807468 1.3499030933393643 1.1474176293384597 1.0492428589137786 1.141281706186917 1.2946797849754812 1.3130875544301088 1.2578642460662257 1.1903690913992575 1.214912784005428 1.227184630308513 
-49.0 -49.0 -49.0 -49.0 -49.0 -49.0 -49.0 -49.0 -49.0 -49.0 -49.0 -49.0 -49.0 -49.0 -49.5 -49.0 -49.0 -50.5 -52.0 -53.0 -54.0 -52.0 -51.0 -52.5 -53.0 -52.5 -52.5 -54.0 -53.0 -52.5 -52.5 -51.5 -52.0 -52.5 -51.5 -51.0 -51.0 -50.5 -49.0 -48.5 -49.0 -49.0 
1.055378782065321 1.030835089459151 1.0492428589137786 1.0615147052168636 1.0492428589137786 1.0676506283684062 1.0369710126106935 1.0615147052168636 1.0185632431560658 1.0246991663076084 1.055378782065321 1.0246991663076084 1.055378782065321 1.0615147052168636 1.0952622825503477 1.012427320004523 1.0492428589137786 1.1780972450961724 1.3130875544301088 1.5462526341887264 1.6812429435226628 1.4971652489763858 1.3192234775816514 1.3621749396424494 1.4787574795217582 1.4848934026733007 1.4419419406125027 4.589670517353839 1.4726215563702154 1.4787574795217582 1.4480778637640452 1.3192234775816514 1.4726215563702154 1.4971652489763858 1.3192234775816514 1.1903690913992575 1.227184630308513 1.2026409377023426 1.2210487071569704 1.2517283229146832 1.214912784005428 1.214912784005428 
-50.5 -50.5 -51.0 -50.5 -50.5 -50.5 -50.5 -51.0 -51.0 -50.5 -51.0 -50.5 -50.5 -51.0 -51.5 -51.0 -51.0 -51.5 -52.0 -52.5 -51.0 -50.0 -49.5 -51.0 -51.0 -50.5 -50.5 -51.0 -51.0 -51.0 -51.0 -50.5 -50.5 -52.5 -52.5 -51.5 -51.0 -51.0 -50.0 -50.0 -50.0 -50.0 
1.2946797849754812 1.2087768608538851 1.2640001692177683 1.2455923997631406 1.227184630308513 1.2578642460662257 1.214912784005428 1.2087768608538851 1.2640001692177683 1.2701360923693108 1.086058397823034 1.2578642460662257 1.214912784005428 1.2455923997631406 1.2854759002481673 1.3069516312785663 1.4542137869155878 1.7548740213411735 2.073942025221387 2.1782527187976104 1.9389517158874505 1.6873788666742053 1.6935147898257479 1.662835174068035 1.718058482431918 1.7548740213411735 1.7303303287350031 1.7333982903107745 1.7119225592803755 1.7548740213411735 1.705786636128833 1.6260196351587797 1.7303303287350031 2.0064468705544187 2.116893487282185 2.000310947402876 1.9880391010997909 1.8346410223112268 1.6505633277649499 1.3928545554001621 1.4787574795217582 1.4664856332186729 
-57.0 -57.0 -57.0 -57.0 -57.5 -57.0 -56.5 -56.5 -57.0 -56.5 -57.0 -57.0 -56.5 -57.0 -57.5 -56.5 -57.0 -56.5 -56.5 -54.0 -49.5 -51.0 -51.5 -51.5 -52.5 -52.0 -52.5 -53.0 -52.0 -51.5 -52.5 -52.0 -51.5 -50.5 -54.0 -56.0 -54.5 -55.5 -56.0 -56.5 -56.5 -56.5 
1.6321555583103222 1.6014759425526093 1.5707963267948966 1.6137477888556946 1.5953400194010667 1.5953400194010667 1.6014759425526093 1.5462526341887264 1.552388557340269 1.552388557340269 1.5953400194010667 1.6014759425526093 1.6014759425526093 1.5707963267948966 1.6321555583103222 1.607611865704152 1.5953400194010667 1.8100973297050567 2.018718716857504 2.1905245651006955 1.9266798695843652 1.9696313316451632 2.110757564130642 2.067806102069844 1.9819031779482483 1.9634954084936207 2.0064468705544187 2.1015536794033283 2.024854640009046 2.0064468705544187 2.030990563160589 2.0371264863121317 1.9389517158874505 2.0923497946760143 2.2641556429192065 2.2334760271614935 2.227340104009951 1.9266798695843652 1.7732817907958012 1.7426021750380885 1.7548740213411735 1.6996507129772904 
-54.0 -54.0 -54.0 -54.0 -54.5 -54.5 -54.0 -54.5 -54.5 -54.5 -54.5 -54.5 -54.5 -54.5 -54.5 -54.5 -54.5 -56.0 -55.5 -53.5 -53.5 -55.0 -55.0 -55.0 -55.0 -55.5 -55.0 -55.5 -55.5 -55.5 -55.0 -55.5 -54.5 -53.5 -53.5 -54.5 -54.5 -54.0 -53.5 -52.5 -53.0 -53.0 
5.45483568172134 5.344389064993574 5.332117218690489 5.270757987175063 5.45483568172134 5.301437602932776 5.356660911296659 5.350524988145116 5.448699758569798 5.393476450205914 5.418020142812084 5.307573526084319 5.405748296509 5.301437602932776 5.322913333963175 5.4671075280244255 5.45483568172134 5.724816300389213 5.841398840268521 5.915029918087033 5.706408530934585 5.4671075280244255 5.64504929941916 5.516194913236766 5.3627968344482015 5.283029833478148 5.313709449235861 5.3627968344482015 5.368932757599744 5.295301679781233 5.45483568172134 5.602097837358362 5.534602682691394 5.559146375297564 5.93343768754166 5.8659425328746915 5.749359992995383 5.688000761479957 5.50392306693368 5.338253141842031 5.227806525114265 5.3198453723874035 
-62.0 -62.0 -61.5 -62.0 -62.0 -62.0 -61.5 -61.5 -61.5 -62.0 -61.0 -62.0 -62.0 -62.0 -62.5 -62.0 -61.5 -61.0 -60.5 -57.5 -56.0 -58.5 -57.5 -57.5 -58.0 -58.5 -59.5 -60.0 -59.5 -58.0 -58.5 -58.0 -58.0 -56.5 -56.5 -60.0 -59.5 -59.0 -59.5 -60.0 -60.0 -60.5 
4.6448938257177215 4.663301595172349 4.663301595172349 4.669437518323892 4.792155981354743 4.430136515413731 4.681709364626977 4.724660826687775 4.7307967498393175 4.601942363656923 4.638757902566179 4.473087977474529 4.626486056263094 4.779884135051658 4.6448938257177215 4.6448938257177215 4.755340442445488 4.7860200582032 5.424156065963627 5.602097837358362 5.00077736850719 5.123495831538041 5.8045833013592665 5.516194913236766 5.626641529964532 5.6573211457222445 5.6143696836614465 5.700272607783043 5.822991070813893 5.663457068873787 5.706408530934585 5.859806609723149 5.332117218690489 5.565282298449106 5.939573610693203 5.675728915176872 5.460971604872882 5.442563835418255 5.049864753719531 4.516039439535327 4.822835597112456 4.841243366567084 
-63.0 -63.0 -63.0 -63.0 -64.0 -63.0 -63.0 -63.5 -63.0 -61.0 -64.5 -63.0 -63.5 -63.0 -64.5 -63.0 -65.0 -66.0 -65.5 -61.5 -62.0 -67.0 -67.5 -64.0 -65.5 -65.0 -64.5 -66.5 -64.5 -65.5 -65.5 -66.5 -64.5 -62.5 -65.5 -64.5 -61.0 -61.5 -62.0 -61.0 -61.5 -60.5 
