3.429981041712294 0.21475731030398976 3.3440781175906977 3.509748042682347 3.429981041712294 3.448388811166921 3.3440781175906977 0.2086213871524472 3.8717675086233583 3.2827188860752723 3.2888548092268146 3.4054373491061236 3.2888548092268146 3.2765829629237295 3.3502140407422405 0.1595340019401067 3.2459033471660166 0.2791845033951867 3.466796580621549 3.2704470397721868 3.393165502803038 3.749049045592507 3.859495662320273 3.693825737228624 3.6263305825616556 3.2704470397721868 3.5895150436524004 3.522019888985432 3.442252888015379 3.3072625786814425 3.436116964863836 3.6263305825616556 3.859495662320273 3.436116964863836 3.184544115650591 3.129320807286708 3.393165502803038 3.77972866135022 3.56497135104623 6.178874613603362 2.9391071895888885 2.9697868053466014 2.9636508821950587 
-62.0 -63.5 -62.5 -62.0 -62.5 -62.5 -62.5 -63.5 -62.5 -62.5 -63.5 -62.5 -62.0 -62.5 -60.5 -63.0 -62.0 -65.5 -65.5 -65.0 -68.0 -67.0 -68.0 -70.5 -72.0 -70.5 -69.0 -68.0 -68.5 -68.5 -67.5 -67.5 -68.5 -67.5 -65.0 -64.0 -62.0 -62.0 -63.0 -63.5 -62.5 -62.5 -61.0 
2.5034566458293663 2.184388641949153 2.1046216409791 2.0923497946760143 2.1598449493429825 2.000310947402876 2.012582793705961 2.0923497946760143 1.9512235621905356 2.0800779483729293 2.073942025221387 1.8837284075235674 2.0923497946760143 2.030990563160589 2.0923497946760143 2.0064468705544187 2.043262409463674 1.9266798695843652 2.116893487282185 2.316310989707318 2.350058567040802 2.3071071049800045 2.4175537217077703 2.718213956133356 2.730485802436441 2.6384469551633027 2.3316507975861747 2.5280003384355365 2.429825568010856 2.435961491162398 2.429825568010856 2.509592568980909 2.6200391857086753 2.6813984172241008 3.2213596545598464 2.8777479580734626 2.5954954931025047 2.2518837966161214 2.098485717827557 2.024854640009046 2.2334760271614935 2.0800779483729293 1.7855536370988863 1.9082721001297376 1.9389517158874505 
-61.0 -61.5 -60.0 -61.0 -61.5 -61.0 -61.5 -61.5 -60.5 -60.5 -61.0 -61.0 -61.0 -61.0 -61.0 -61.0 -61.0 -60.5 -60.5 -62.5 -62.5 -62.5 -64.5 -64.5 -66.0 -64.5 -63.5 -63.5 -62.5 -62.5 -62.0 -62.5 -62.5 -64.0 -66.5 -66.0 -66.0 -65.5 -63.0 -62.0 -63.5 -62.5 -63.0 -61.0 -62.5 
1.3069516312785663 1.2333205534600555 1.2701360923693108 1.2885438618239387 1.2578642460662257 1.239456476611598 1.239456476611598 1.2210487071569704 1.227184630308513 1.1965050145508 1.2026409377023426 1.2087768608538851 1.2087768608538851 1.2455923997631406 1.1596894756415448 1.239456476611598 1.2517283229146832 1.1965050145508 1.1965050145508 1.2455923997631406 1.2210487071569704 1.0921943209745766 1.2578642460662257 1.3989904785517047 1.214912784005428 1.0615147052168636 1.086058397823034 1.0615147052168636 1.0737865515199487 1.1535535524900022 1.2087768608538851 1.1290098598838318 1.1290098598838318 1.1351457830353744 1.1965050145508 1.380582709097077 1.41126232485479 1.1044661672776617 1.0737865515199487 1.1719613219446299 1.0492428589137786 0.9694758579437253 0.8774370106705868 0.859029241215959 0.9081166264282996 
-48.5 -49.0 -48.5 -48.5 -48.5 -48.5 -48.5 -48.5 -48.5 -48.5 -48.5 -48.5 -48.5 -48.5 -48.5 -48.5 -48.5 -48.5 -49.0 -50.5 -51.5 -53.0 -55.5 -55.0 -53.0 -54.5 -55.0 -54.5 -54.5 -54.5 -54.0 -54.0 -53.5 -53.0 -52.5 -52.5 -54.5 -52.5 -51.0 -51.0 -50.0 -49.5 -50.0 -50.0 -49.5 
1.2578642460662257 1.2578642460662257 1.2701360923693108 1.2333205534600555 1.2517283229146832 1.2578642460662257 1.227184630308513 1.1965050145508 1.214912784005428 1.1167380135807468 1.1658253987930873 1.1965050145508 1.1535535524900022 1.1965050145508 1.1965050145508 1.2087768608538851 1.1965050145508 1.2210487071569704 1.1903690913992575 1.1903690913992575 1.2762720155208536 1.380582709097077 1.7426021750380885 1.7671458676442586 1.4480778637640452 1.4480778637640452 1.6014759425526093 1.5401167110371838 1.5707963267948966 1.521708941582556 1.5585244804918115 1.6014759425526093 1.576932249946439 1.4787574795217582 1.4419419406125027 1.4787574795217582 1.6935147898257479 1.5892040962495242 1.3499030933393643 1.3008157081270237 1.141281706186917 1.0369710126106935 1.0185632431560658 0.9572040116406401 1.0185632431560658 
-50.0 -50.5 -50.5 -50.5 -50.0 -50.5 -50.0 -50.0 -50.5 -50.0 -50.0 -50.0 -50.0 -50.0 -50.5 -50.0 -50.0 -50.0 -50.5 -51.5 -52.0 -53.5 -53.0 -51.5 -51.5 -52.5 -52.0 -52.0 -52.0 -51.5 -51.5 -51.5 -51.5 -51.5 -51.0 -50.5 -51.0 -52.5 -52.5 -52.0 -51.5 -51.5 -51.5 -51.0 -51.0 
1.4910293258248433 1.3928545554001621 1.4542137869155878 1.4419419406125027 1.4419419406125027 1.4358060174609601 1.4051264017032472 1.4051264017032472 1.4173982480063325 1.41126232485479 1.4848934026733007 1.4726215563702154 1.41126232485479 1.3621749396424494 1.3744467859455345 1.3314953238847365 1.3069516312785663 1.4358060174609601 4.749204519293945 1.859184714917397 2.2641556429192065 2.2027964114037806 1.932815792735908 1.902136176978195 1.902136176978195 1.846912868614312 1.8100973297050567 1.8039614065535141 1.859184714917397 1.846912868614312 1.8285050991596843 1.859184714917397 1.8285050991596843 1.718058482431918 1.8162332528565992 1.9144080232812801 2.116893487282185 2.172116795646068 2.110757564130642 1.8285050991596843 1.521708941582556 1.4787574795217582 1.3928545554001621 1.3928545554001621 
-57.0 -56.5 -56.5 -56.0 -56.0 -56.5 -56.5 -56.5 -56.0 -56.0 -56.5 -56.5 -56.0 -56.0 -56.0 -56.0 -56.0 -57.0 -58.5 -59.5 -60.5 -54.5 -53.0 -55.0 -55.5 -56.0 -56.0 -57.0 -56.5 -55.5 -54.5 -53.5 -54.0 -52.5 -51.5 -50.5 -51.0 -54.5 -54.5 -55.5 -56.5 -58.0 -57.5 -57.5 
1.6935147898257479 1.6996507129772904 1.705786636128833 1.705786636128833 1.5401167110371838 1.6689710972195777 1.6751070203711202 1.662835174068035 1.6812429435226628 1.6260196351587797 1.6014759425526093 1.6566992509164924 1.6198837120072371 1.6935147898257479 1.6444274046134073 1.6751070203711202 1.521708941582556 1.6198837120072371 1.6260196351587797 1.8162332528565992 2.227340104009951 2.0923497946760143 1.9819031779482483 2.172116795646068 2.1782527187976104 2.067806102069844 2.018718716857504 2.2396119503130363 2.2089323345553233 2.1475731030398975 2.1659808724945253 2.12916533358527 2.1966604882522383 2.172116795646068 2.0800779483729293 2.1353012567368124 2.1598449493429825 2.1966604882522383 2.073942025221387 1.7426021750380885 1.5462526341887264 1.5830681730979816 1.6198837120072371 1.607611865704152 
-53.0 -53.0 -53.0 -53.0 -53.5 -53.0 -53.0 -53.0 -53.0 -53.5 -53.5 -53.5 -53.0 -53.0 -53.0 -53.0 -53.0 -53.5 -55.0 -56.0 -56.0 -53.5 -55.5 -55.0 -55.5 -56.0 -57.0 -57.5 -56.5 -56.0 -56.5 -56.5 -55.0 -55.5 -55.0 -54.0 -53.5 -53.0 -53.5 -55.0 -55.5 -55.5 -55.0 -55.0 
5.332117218690489 5.325981295538946 5.325981295538946 5.332117218690489 5.246214294568893 5.307573526084319 5.2768939103266055 5.258486140871978 5.283029833478148 5.295301679781233 5.313709449235861 5.258486140871978 5.418020142812084 5.246214294568893 5.332117218690489 5.283029833478148 5.350524988145116 5.405748296509 5.52539879796408 5.8045833013592665 5.957981380147831 5.994796919057086 5.66959299202533 5.780039608753096 5.773903685601553 5.6143696836614465 5.540738605842936 5.497787143782138 5.5714182216006485 5.64504929941916 5.5714182216006485 5.516194913236766 5.773903685601553 5.651185222570702 5.620505606812989 5.5714182216006485 5.780039608753096 5.982525072754001 5.8475347634200645 5.71868037723767 5.565282298449106 5.5714182216006485 5.534602682691394 5.473243451175968 
-59.0 -60.0 -60.0 -60.0 -59.5 -58.5 -60.5 -60.0 -60.5 -60.5 -60.5 -60.5 -60.5 -59.0 -60.0 -60.0 -60.5 -60.5 -61.0 -61.0 -59.0 -56.0 -58.0 -57.0 -57.0 -58.0 -59.5 -59.5 -59.5 -58.5 -59.5 -58.5 -57.5 -57.5 -57.5 -58.0 -55.5 -58.0 -59.0 -59.5 -59.5 -61.5 -61.5 -61.5 
4.804427827657828 4.773748211900116 4.71238898038469 4.859651136021712 4.6448938257177215 4.816699673960914 4.828971520263998 4.663301595172349 4.73693267299086 4.779884135051658 4.675573441475434 4.6878452877785195 4.724660826687775 4.693981210930062 4.755340442445488 4.76147636559703 4.798291904506286 4.743068596142402 4.7307967498393175 5.086680292628786 5.651185222570702 5.21553467881118 5.270757987175063 5.602097837358362 5.375068680751287 5.252350217720435 5.148039524144211 5.1725832167503825 5.295301679781233 5.356660911296659 5.5714182216006485 5.246214294568893 5.522330836388308 5.780039608753096 5.117359908386499 4.970097752749477 5.730952223540755 5.565282298449106 5.393476450205914 5.0682725231741586 4.896466674930966 4.755340442445488 4.632621979414636 4.8351074434155406 
-59.5 -59.5 -60.0 -60.0 -60.0 -60.5 -60.0 -60.5 -60.5 -60.5 -60.5 -60.5 -60.0 -60.5 -60.5 -60.0 -60.5 -61.0 -63.5 -64.5 -65.0 -62.0 -63.5 -70.5 -65.5 -67.0 -66.5 -65.5 -65.5 -66.5 -66.0 -67.5 -66.0 -70.0 -68.5 -62.5 -63.5 -63.5 -62.0 -64.0 -66.0 -67.0 -68.0 -66.5 
