3.031146036862027 3.067961575771282 3.141592653589793 2.9022916506796332 3.11091303783208 3.1661363461959633 2.9513790358919736 2.8777479580734626 2.9636508821950587 2.9759227284981438 3.104777114680538 3.2213596545598464 3.1354567304382504 3.031146036862027 6.258641614573416 3.160000423044421 3.2213596545598464 3.2336315008629315 3.2643111166206444 3.479068426924634 3.859495662320273 3.5158839658338894 3.184544115650591 3.227495577711389 3.6876898140770815 3.54042765844006 3.706097583531709 3.816544200259475 3.6263305825616556 0.4172427743048944 3.3318062712876126 3.5342917352885173 3.767456815047135 4.01902966426038 0.06135923151542565 3.4177091954092087 3.5281558121369745 3.56497135104623 3.6324665057131984 3.448388811166921 3.393165502803038 3.356349963893783 0.35588354278946877 
-62.0 -62.0 -61.5 -62.0 -62.0 -62.0 -61.5 -61.5 -62.5 -62.0 -61.5 -61.5 -63.0 -61.5 -63.0 -63.0 -62.5 -62.0 -62.5 -64.0 -64.5 -63.5 -65.5 -66.0 -65.5 -68.5 -72.0 -69.5 -69.0 -68.5 -68.0 -69.0 -69.5 -72.0 -67.5 -64.0 -64.0 -65.0 -66.5 -65.0 -63.5 -64.0 -65.0 
2.055534255766759 2.0800779483729293 1.9144080232812801 1.9757672547967058 1.945087639038993 2.1475731030398975 2.012582793705961 2.055534255766759 2.1475731030398975 2.067806102069844 2.024854640009046 2.0371264863121317 2.012582793705961 1.8960002538266525 2.018718716857504 2.055534255766759 2.1537090261914402 2.497320722677824 2.423689644859313 2.429825568010856 2.2212041808584084 2.5341362615870793 2.9329712664373457 3.0066023442558567 3.1906800388021335 2.8409324191642074 2.4727770300716534 2.380738182798515 2.4727770300716534 2.521864415283994 2.5954954931025047 2.5464081078901644 2.6998061866787286 3.153864499892878 2.6323110320117604 2.442097414313941 1.9634954084936207 2.0371264863121317 2.12916533358527 2.1782527187976104 2.2150682577068657 2.12916533358527 2.1905245651006955 2.227340104009951 
-62.0 -63.0 -62.5 -62.5 -62.0 -62.0 -62.5 -63.5 -62.5 -62.5 -62.5 -62.5 -62.0 -63.0 -62.5 -62.0 -63.0 -62.5 -62.5 -62.5 -63.0 -64.5 -66.5 -65.5 -65.0 -63.5 -64.0 -63.5 -63.5 -63.0 -62.5 -62.5 -63.5 -66.5 -65.0 -65.5 -62.5 -61.5 -62.0 -61.5 -60.5 -59.5 -59.5 -60.5 
1.012427320004523 1.0369710126106935 1.030835089459151 1.000155473701438 0.9756117810952678 0.9756117810952678 0.9326603190344698 0.9633399347921826 0.9326603190344698 0.9387962421860124 0.9387962421860124 0.944932165337555 0.9572040116406401 0.9510680884890975 0.9756117810952678 1.012427320004523 1.0492428589137786 1.043106935762236 1.086058397823034 1.1535535524900022 1.184233168247715 1.0737865515199487 1.184233168247715 1.4419419406125027 1.325359400733194 1.1903690913992575 1.227184630308513 1.1044661672776617 1.086058397823034 1.1106020904292042 1.0983302441261191 1.086058397823034 1.1167380135807468 1.1596894756415448 1.2701360923693108 1.3008157081270237 1.1965050145508 1.1474176293384597 1.1903690913992575 1.3069516312785663 1.3192234775816514 1.2640001692177683 1.3008157081270237 1.3867186322486196 1.3744467859455345 
-49.0 -48.5 -49.0 -49.0 -49.0 -49.0 -49.0 -49.0 -49.0 -49.5 -49.5 -49.0 -49.0 -49.0 -49.0 -49.0 -49.0 -48.5 -49.0 -50.0 -51.5 -52.0 -53.5 -54.0 -53.0 -53.0 -54.0 -54.0 -54.0 -54.0 -54.5 -54.0 -53.0 -53.0 -53.5 -54.5 -54.0 -51.5 -51.5 -51.5 -50.0 -49.5 -49.5 -49.5 -49.5 
1.141281706186917 1.1351457830353744 1.1044661672776617 1.0983302441261191 1.1044661672776617 1.0921943209745766 1.0799224746714913 1.0921943209745766 1.0737865515199487 1.0799224746714913 1.086058397823034 1.0737865515199487 1.055378782065321 1.1106020904292042 1.0737865515199487 1.1535535524900022 1.0983302441261191 1.1658253987930873 1.1535535524900022 1.184233168247715 1.3008157081270237 1.41126232485479 1.6444274046134073 1.8100973297050567 1.521708941582556 1.423534171157875 1.5585244804918115 1.5401167110371838 1.4787574795217582 1.521708941582556 1.576932249946439 1.4971652489763858 1.552388557340269 1.552388557340269 1.4480778637640452 1.6321555583103222 1.748738098189631 1.4664856332186729 1.3744467859455345 1.227184630308513 1.3130875544301088 1.2640001692177683 1.2210487071569704 1.282407938672396 1.2455923997631406 
-51.0 -50.5 -50.5 -50.5 -51.0 -50.5 -50.5 -51.0 -51.0 -51.0 -51.0 -51.0 -51.0 -51.0 -51.0 -51.0 -51.0 -50.5 -51.0 -51.5 -52.0 -53.5 -53.0 -51.5 -50.5 -51.5 -52.0 -51.5 -51.5 -51.5 -51.5 -51.5 -51.0 -51.5 -52.0 -51.0 -53.0 -54.5 -54.0 -52.5 -51.0 -51.0 -50.5 -50.5 -50.5 
1.368310862793992 1.337631247036279 1.337631247036279 1.3499030933393643 1.3499030933393643 1.2701360923693108 1.3621749396424494 1.3867186322486196 1.3437671701878218 1.3499030933393643 1.368310862793992 1.3621749396424494 1.2946797849754812 1.3130875544301088 1.4542137869155878 1.3621749396424494 1.41126232485479 1.3437671701878218 1.4480778637640452 1.8039614065535141 2.030990563160589 2.1905245651006955 2.2396119503130363 2.018718716857504 1.9144080232812801 1.8960002538266525 1.8960002538266525 1.8100973297050567 1.8407769454627694 1.8530487917658545 1.8714565612204823 1.8530487917658545 1.902136176978195 1.8407769454627694 1.7916895602504288 1.9757672547967058 2.172116795646068 2.2948352586769194 2.2212041808584084 1.9696313316451632 1.5953400194010667 1.325359400733194 1.337631247036279 1.4051264017032472 1.3314953238847365 
-57.0 -56.5 -56.5 -56.5 -56.5 -57.0 -56.0 -57.0 -56.5 -57.0 -57.0 -57.0 -56.5 -56.5 -57.0 -57.5 -57.5 -56.5 -57.0 -57.5 -57.5 -57.5 -54.0 -51.5 -53.0 -53.5 -54.5 -55.0 -55.5 -55.5 -55.0 -54.5 -54.0 -55.0 -53.5 -52.5 -53.5 -58.5 -59.5 -60.0 -60.0 -58.5 -58.5 -57.0 -57.0 
1.6566992509164924 1.6014759425526093 1.5462526341887264 1.5278448647340985 1.6260196351587797 1.5707963267948966 1.5830681730979816 1.533980787885641 1.5278448647340985 1.6198837120072371 1.5462526341887264 1.5155730184310134 1.4787574795217582 1.5892040962495242 1.6014759425526093 1.5707963267948966 1.5585244804918115 1.552388557340269 1.5033011721279284 1.6505633277649499 1.9144080232812801 2.337786720737717 2.2334760271614935 1.9512235621905356 2.1230294104337273 2.2580197197676637 2.1598449493429825 2.1230294104337273 2.2027964114037806 2.2580197197676637 2.282563412373834 2.2089323345553233 2.1353012567368124 2.116893487282185 2.282563412373834 2.1537090261914402 2.061670178918302 2.3009711818284617 2.2457478734645786 1.8714565612204823 1.6382914814618648 1.552388557340269 1.576932249946439 1.5953400194010667 1.5830681730979816 
-54.5 -54.5 -54.5 -54.5 -55.0 -54.5 -55.5 -55.5 -55.5 -55.5 -55.0 -55.0 -55.5 -55.0 -55.0 -55.0 -55.0 -55.0 -55.5 -56.0 -56.0 -55.5 -53.5 -54.0 -55.0 -55.5 -56.0 -57.5 -57.5 -55.5 -55.5 -56.0 -57.0 -55.5 -55.5 -55.5 -54.5 -55.0 -56.5 -56.0 -54.5 -53.5 -53.0 -53.5 -53.5 
5.491651220630596 5.47937937432751 5.399612373357457 5.381204603902829 5.516194913236766 5.485515297479052 5.485515297479052 5.473243451175968 5.424156065963627 5.47937937432751 5.497787143782138 5.5284667595398505 5.442563835418255 5.522330836388308 5.460971604872882 5.4671075280244255 5.436427912266712 5.448699758569798 5.737088146692298 5.841398840268521 5.872078456026235 5.976389149602458 6.000932842208628 5.64504929941916 5.712544454086128 5.798447378207723 5.6941366846315 5.5714182216006485 5.632777453116074 5.755495916146925 5.737088146692298 5.6143696836614465 5.534602682691394 5.5714182216006485 5.675728915176872 5.773903685601553 5.700272607783043 5.970253226450915 5.878214379177777 5.755495916146925 5.626641529964532 5.424156065963627 5.424156065963627 5.436427912266712 5.393476450205914 
-61.5 -61.5 -61.0 -60.5 -61.0 -60.5 -61.0 -61.0 -61.0 -61.0 -61.0 -60.5 -61.0 -61.5 -60.0 -60.5 -61.0 -60.5 -60.5 -59.5 -60.0 -58.0 -56.0 -56.5 -57.0 -56.5 -57.0 -58.5 -60.0 -59.0 -59.0 -59.5 -59.0 -58.5 -57.5 -56.5 -56.5 -57.0 -58.0 -59.0 -59.0 -59.5 -59.5 -59.5 -60.5 
4.8351074434155406 4.6448938257177215 4.601942363656923 4.706253057233147 4.620350133111551 4.681709364626977 4.73693267299086 4.700117134081604 4.626486056263094 4.6448938257177215 4.601942363656923 4.693981210930062 4.4976316700806995 4.675573441475434 4.614214209960009 4.755340442445488 4.700117134081604 4.718524903536232 4.7860200582032 4.700117134081604 5.031456984264903 5.283029833478148 5.773903685601553 5.3627968344482015 5.080544369477243 5.418020142812084 5.460971604872882 5.375068680751287 5.473243451175968 5.344389064993574 5.485515297479052 5.460971604872882 5.93343768754166 5.675728915176872 5.325981295538946 5.368932757599744 5.344389064993574 5.184855063053467 5.424156065963627 5.356660911296659 5.056000676871073 4.773748211900116 4.76147636559703 4.6878452877785195 4.700117134081604 4.743068596142402 
-62.5 -63.0 -63.0 -63.5 -64.5 -63.0 -63.5 -64.5 -64.0 -65.5 -65.0 -64.0 -65.0 -65.0 -65.0 -64.5 -63.5 -63.5 -62.5 -63.0 -63.5 -65.0 -63.5 -62.5 -62.5 -68.0 -66.0 -65.5 -67.5 -66.0 -65.5 -65.5 -65.5 -68.0 -67.0 -65.5 -66.0 -63.5 -64.5 -63.0 -62.0 -61.5 -60.0 -60.0 -59.5 -59.5 
