0.16566992509164924 3.834951969714103 3.3502140407422405 0.23316507975861744 0.1932815792735908 3.3870295796514958 3.5281558121369745 3.2643111166206444 3.5711072741977725 3.423845118560751 3.454524734318464 3.6692820446224537 3.6447383520162835 3.5772431973493153 3.6201946594101133 3.4606606574700063 0.30679615757712825 2.5832236467994196 3.80427235395639 3.368621810196868 3.7122335066832517 2.9697868053466014 3.031146036862027 3.2643111166206444 3.442252888015379 3.552699504743145 3.9085830475326135 3.6754179677739964 3.1661363461959633 0.0 3.1661363461959633 3.902447124381071 3.810408277107933 3.485204350076177 3.411573272257666 3.3440781175906977 3.423845118560751 
-63.0 -63.0 -62.0 -63.0 -63.0 -62.5 -62.5 -62.0 -63.0 -63.0 -63.5 -63.0 -62.5 -62.5 -64.0 -65.0 -68.5 -68.0 -70.0 -72.0 -70.0 -69.5 -69.0 -69.5 -69.0 -70.0 -70.5 -70.5 -66.5 -67.0 -64.0 -65.0 -63.5 -63.5 -63.0 -64.0 -63.5 
2.2580197197676637 2.2212041808584084 2.012582793705961 2.1046216409791 5.368932757599744 2.2027964114037806 2.141437179888355 1.9634954084936207 2.0923497946760143 5.393476450205914 2.1475731030398975 2.1782527187976104 2.2334760271614935 2.073942025221387 1.902136176978195 2.184388641949153 2.0493983326152168 2.2212041808584084 2.3193789512830896 2.172116795646068 2.098485717827557 2.2457478734645786 2.9329712664373457 2.6261751088602177 2.3439226438892597 2.2948352586769194 2.2457478734645786 2.36846633649543 2.350058567040802 2.3746022596469727 2.423689644859313 2.7120780329818137 3.11091303783208 2.442097414313941 2.411417798556228 1.9757672547967058 1.9880391010997909 1.9205439464328227 2.043262409463674 2.116893487282185 2.184388641949153 2.1905245651006955 2.1353012567368124 1.6444274046134073 
-61.5 -60.5 -60.0 -59.5 -61.5 -60.5 -61.0 -60.0 -59.5 -61.0 -60.0 -60.0 -60.0 -60.0 -59.5 -60.5 -60.5 -60.5 -62.0 -61.5 -62.5 -65.5 -66.0 -64.5 -62.5 -63.0 -62.5 -62.0 -62.0 -62.5 -63.0 -63.5 -65.0 -66.5 -66.0 -63.5 -62.5 -61.5 -61.5 -60.5 -60.0 -60.0 -60.5 -60.0 
1.2333205534600555 1.2578642460662257 1.282407938672396 1.2885438618239387 4.424000592262189 1.2578642460662257 1.3008157081270237 1.3069516312785663 1.3314953238847365 1.368310862793992 1.3437671701878218 1.3560390164909069 1.3744467859455345 1.41126232485479 1.3867186322486196 1.368310862793992 1.368310862793992 1.2640001692177683 1.2640001692177683 1.055378782065321 0.9694758579437253 1.3069516312785663 1.2946797849754812 1.0369710126106935 1.086058397823034 1.0983302441261191 1.0799224746714913 1.1106020904292042 1.1290098598838318 1.0737865515199487 1.1167380135807468 1.1474176293384597 1.227184630308513 1.4358060174609601 1.2701360923693108 1.0737865515199487 1.1351457830353744 1.2517283229146832 1.282407938672396 1.3008157081270237 1.227184630308513 1.282407938672396 1.2885438618239387 1.337631247036279 
-48.5 -48.5 -48.5 -48.5 -49.0 -48.5 -48.5 -48.5 -48.5 -48.5 -49.0 -49.0 -49.0 -49.0 -49.0 -49.0 -49.5 -50.0 -51.0 -54.0 -54.0 -56.0 -53.5 -53.0 -54.0 -54.5 -54.5 -54.5 -55.0 -54.5 -54.0 -53.5 -53.5 -54.5 -55.5 -52.5 -51.5 -52.0 -51.5 -50.0 -49.5 -49.5 -49.5 -49.5 
1.2455923997631406 1.227184630308513 1.227184630308513 1.239456476611598 1.282407938672396 1.2578642460662257 1.2455923997631406 1.2640001692177683 1.2885438618239387 1.2762720155208536 1.239456476611598 1.2578642460662257 1.325359400733194 1.3008157081270237 1.3437671701878218 1.3314953238847365 1.2517283229146832 1.2578642460662257 1.2640001692177683 1.2517283229146832 1.4971652489763858 1.7978254834019713 1.5462526341887264 1.3867186322486196 1.5155730184310134 1.4848934026733007 1.533980787885641 1.4603497100671303 1.4787574795217582 1.552388557340269 1.5707963267948966 1.5033011721279284 1.423534171157875 1.5462526341887264 1.6566992509164924 1.5462526341887264 1.3314953238847365 1.2210487071569704 1.2210487071569704 1.239456476611598 1.3130875544301088 1.2946797849754812 1.239456476611598 1.2946797849754812 
-50.0 -50.0 -49.5 -50.0 -50.5 -50.0 -50.0 -50.0 -50.5 -50.5 -50.5 -50.0 -50.5 -50.0 -50.5 -50.0 -50.0 -50.0 -51.5 -52.5 -54.0 -52.5 -51.0 -52.0 -52.5 -52.0 -51.5 -52.0 -52.0 -51.5 -51.5 -52.0 -51.0 -50.5 -52.0 -54.0 -53.5 -52.5 -51.5 -50.5 -50.0 -50.0 -50.0 -50.0 
1.5155730184310134 1.4664856332186729 1.4358060174609601 1.4419419406125027 1.564660403643354 1.41126232485479 1.423534171157875 1.4358060174609601 1.509437095279471 1.41126232485479 1.4419419406125027 1.4910293258248433 1.41126232485479 1.423534171157875 1.4848934026733007 1.5033011721279284 1.5462526341887264 1.4787574795217582 1.5707963267948966 2.1353012567368124 2.313243028131547 2.116893487282185 1.859184714917397 1.9205439464328227 1.7978254834019713 1.8285050991596843 1.8346410223112268 1.8039614065535141 1.7916895602504288 1.8100973297050567 1.7916895602504288 1.8162332528565992 1.8653206380689396 1.9512235621905356 2.061670178918302 2.2396119503130363 2.2027964114037806 2.043262409463674 1.88986433067511 1.6444274046134073 1.5033011721279284 1.3560390164909069 1.3928545554001621 1.4664856332186729 
-55.0 -54.5 -55.0 -55.5 -55.5 -55.5 -55.0 -55.5 -55.0 -55.0 -55.0 -55.5 -55.5 -55.0 -55.0 -55.5 -55.5 -57.5 -59.5 -65.0 -61.0 -54.0 -54.0 -54.0 -54.0 -55.0 -55.5 -56.0 -56.0 -55.5 -55.0 -55.0 -53.0 -53.0 -52.5 -56.0 -58.0 -57.5 -57.5 -57.5 -56.5 -57.5 -57.0 -56.0 
1.7548740213411735 1.7732817907958012 1.748738098189631 1.7119225592803755 1.7732817907958012 1.662835174068035 1.761009944492716 1.718058482431918 1.736466251886546 1.8100973297050567 1.7732817907958012 1.761009944492716 1.748738098189631 1.7794177139473437 1.7794177139473437 1.736466251886546 1.7426021750380885 1.6505633277649499 1.6444274046134073 1.9880391010997909 2.1537090261914402 2.000310947402876 2.141437179888355 2.1475731030398975 2.061670178918302 2.0371264863121317 2.1353012567368124 2.227340104009951 2.1905245651006955 2.1537090261914402 2.1659808724945253 2.2089323345553233 2.2948352586769194 2.1230294104337273 2.12916533358527 2.2396119503130363 2.2396119503130363 2.116893487282185 1.9205439464328227 1.7732817907958012 1.7303303287350031 1.7548740213411735 1.7119225592803755 1.6935147898257479 
-52.5 -52.5 -52.5 -53.0 -53.0 -52.5 -52.5 -52.5 -52.5 -52.0 -52.5 -52.0 -52.0 -52.0 -52.0 -52.0 -52.5 -53.0 -54.5 -56.5 -55.5 -54.5 -55.0 -55.5 -55.0 -56.5 -56.5 -56.5 -56.0 -56.5 -56.5 -55.0 -56.0 -54.5 -54.5 -55.0 -54.5 -54.5 -55.0 -53.5 -53.0 -53.0 -52.5 -53.0 
4.878058905476339 5.227806525114265 5.074408446325701 5.190990986205009 5.209398755659637 5.209398755659637 5.197126909356553 5.252350217720435 5.166447293598839 5.240078371417351 5.209398755659637 5.264622064023521 5.289165756629691 5.258486140871978 5.307573526084319 5.264622064023521 5.270757987175063 5.424156065963627 5.706408530934585 5.890486225480862 6.154330920997192 5.884350302329319 5.780039608753096 5.8045833013592665 5.663457068873787 5.589825991055276 5.638913376267617 5.6573211457222445 5.6573211457222445 5.546874528994478 5.553010452146021 5.6573211457222445 5.743224069843841 5.755495916146925 5.651185222570702 5.945709533844745 5.994796919057086 5.841398840268521 5.608233760509904 5.5284667595398505 5.350524988145116 5.356660911296659 5.460971604872882 5.350524988145116 
-60.0 -60.0 -60.5 -60.5 -61.0 -60.5 -59.5 -60.5 -60.5 -60.0 -60.5 -60.0 -59.5 -60.0 -58.5 -59.5 -60.5 -60.0 -60.5 -61.5 -58.5 -56.5 -58.5 -56.5 -57.5 -58.5 -60.0 -59.5 -59.5 -59.5 -59.0 -58.5 -57.0 -57.5 -56.5 -56.5 -58.0 -59.5 -60.0 -59.0 -59.5 -60.5 -60.5 -60.0 
4.816699673960914 4.767612288748572 4.76147636559703 4.7860200582032 4.709321018808918 4.841243366567084 4.859651136021712 4.779884135051658 4.7860200582032 4.816699673960914 4.902602598082509 4.798291904506286 4.890330751779424 4.884194828627882 4.878058905476339 4.957825906446392 4.884194828627882 4.95168998329485 5.00077736850719 5.368932757599744 5.6941366846315 5.197126909356553 4.822835597112456 5.620505606812989 5.381204603902829 5.350524988145116 5.350524988145116 5.460971604872882 5.491651220630596 5.534602682691394 5.375068680751287 5.43029198911517 5.724816300389213 5.111223985234957 5.240078371417351 5.724816300389213 5.589825991055276 5.295301679781233 5.190990986205009 4.902602598082509 4.871922982324796 4.828971520263998 4.798291904506286 4.896466674930966 
-60.5 -59.0 -60.0 -60.0 -60.5 -60.0 -59.5 -59.0 -59.0 -59.0 -59.0 -59.0 -58.5 -59.0 -58.5 -58.5 -59.5 -60.5 -61.5 -62.5 -64.5 -62.0 -67.5 -69.5 -66.0 -66.0 -66.0 -67.5 -66.5 -67.0 -67.5 -66.0 -67.5 -66.0 -62.0 -66.0 -64.5 -61.5 -60.0 -60.5 -59.5 -60.0 -59.5 -60.0 
