2.859340188618835 2.8654761117703775 2.8286605728611223 2.8532042654672924 2.7979809571034093 2.9206994201342606 2.8716120349219203 2.8777479580734626 2.8654761117703775 6.154330920997192 2.9391071895888885 2.9513790358919736 2.8102528034064944 3.2704470397721868 3.0127382674073995 3.1906800388021335 3.1661363461959633 3.2765829629237295 3.522019888985432 4.031301510563465 3.8533597391687304 3.56497135104623 3.552699504743145 3.448388811166921 3.380893656499953 3.4606606574700063 3.693825737228624 3.834951969714103 4.7307967498393175 3.865631585471816 3.4177091954092087 3.2949907323783574 3.442252888015379 3.466796580621549 3.3072625786814425 3.2643111166206444 3.2397674240144743 3.141592653589793 3.479068426924634 3.2581751934691017 
-62.5 -62.0 -62.5 -62.0 -62.5 -63.0 -62.5 -62.0 -62.5 -63.0 -62.0 -62.0 -62.0 -62.5 -61.5 -62.5 -62.5 -64.5 -64.5 -67.5 -68.0 -66.0 -68.0 -67.5 -68.5 -68.0 -67.5 -68.0 -71.0 -71.0 -71.0 -68.5 -66.5 -66.5 -64.0 -64.5 -64.5 -63.5 -64.0 -63.0 
1.9880391010997909 1.9266798695843652 1.945087639038993 1.9573594853420782 2.067806102069844 1.9634954084936207 2.0493983326152168 2.098485717827557 1.9144080232812801 2.0064468705544187 1.932815792735908 1.8960002538266525 1.9634954084936207 2.012582793705961 1.8775924843720249 2.1353012567368124 2.1353012567368124 2.055534255766759 5.488583259054824 2.8961557275280905 2.8716120349219203 2.890019804376548 2.6384469551633027 2.5586799541932495 2.356194490192345 2.411417798556228 2.5280003384355365 2.60776733940559 2.6200391857086753 3.031146036862027 2.564815877344792 2.0923497946760143 2.098485717827557 2.0800779483729293 2.2518837966161214 2.055534255766759 2.116893487282185 2.116893487282185 1.7671458676442586 2.024854640009046 2.0800779483729293 
-63.0 -63.5 -62.5 -63.5 -63.0 -62.5 -63.5 -64.0 -62.5 -62.0 -62.0 -61.5 -61.5 -61.5 -62.0 -62.5 -62.5 -63.0 -65.0 -66.0 -65.5 -63.5 -62.5 -63.0 -62.5 -62.5 -61.5 -62.0 -62.5 -66.5 -68.0 -66.0 -63.0 -62.0 -61.0 -60.5 -60.5 -60.0 -60.5 -60.5 -60.5 
0.7547185476397354 0.803805932852076 0.803805932852076 0.7915340865489908 0.7792622402459057 0.8344855486097889 0.8344855486097889 0.8528933180644165 0.8958447801252144 0.9602719732164113 0.9510680884890975 0.9694758579437253 1.0185632431560658 1.0492428589137786 1.055378782065321 1.0921943209745766 1.0676506283684062 1.0921943209745766 1.1290098598838318 1.1903690913992575 1.086058397823034 1.4051264017032472 1.2210487071569704 1.043106935762236 1.0737865515199487 1.1290098598838318 1.1351457830353744 1.1658253987930873 1.141281706186917 1.1167380135807468 1.1290098598838318 1.1351457830353744 1.325359400733194 1.3744467859455345 1.0615147052168636 1.0615147052168636 1.227184630308513 1.2026409377023426 1.1780972450961724 1.1351457830353744 1.1965050145508 1.2333205534600555 1.227184630308513 
-51.0 -50.5 -51.0 -50.5 -50.5 -50.5 -50.5 -50.0 -50.0 -50.5 -49.5 -49.5 -49.0 -49.0 -49.0 -49.0 -49.0 -49.0 -50.0 -52.0 -55.0 -54.5 -52.0 -52.5 -53.0 -53.0 -52.5 -53.0 -53.0 -53.0 -52.5 -52.5 -52.5 -55.5 -53.0 -52.5 -52.0 -50.0 -49.5 -49.5 -49.5 -49.0 -48.5 
1.0062913968529805 1.0062913968529805 1.000155473701438 0.9817477042468103 1.012427320004523 1.0737865515199487 1.0492428589137786 1.0615147052168636 1.0492428589137786 1.1013982057018903 1.0737865515199487 1.1351457830353744 1.0921943209745766 1.1106020904292042 1.1719613219446299 1.1719613219446299 1.1658253987930873 1.1658253987930873 1.1780972450961724 1.2455923997631406 1.6474953661891787 1.7671458676442586 1.4848934026733007 1.368310862793992 1.509437095279471 1.5585244804918115 1.509437095279471 1.521708941582556 1.5585244804918115 1.5830681730979816 1.521708941582556 1.4358060174609601 1.4848934026733007 1.736466251886546 1.552388557340269 1.3989904785517047 1.3744467859455345 1.2455923997631406 1.2762720155208536 1.2701360923693108 1.2640001692177683 1.214912784005428 1.239456476611598 
-51.5 -51.5 -51.0 -51.0 -51.5 -51.0 -51.0 -51.0 -51.0 -51.5 -51.0 -51.0 -50.5 -50.5 -50.5 -50.5 -50.5 -51.0 -51.0 -52.0 -53.0 -51.0 -50.0 -51.0 -51.0 -51.0 -50.5 -51.0 -51.0 -51.0 -51.0 -51.0 -50.5 -50.5 -53.0 -52.5 -51.5 -50.5 -50.0 -50.0 -50.5 -50.0 -50.0 
1.5033011721279284 1.4848934026733007 1.4480778637640452 1.4787574795217582 1.4419419406125027 1.41126232485479 1.325359400733194 1.423534171157875 1.509437095279471 4.5927384789296095 1.4358060174609601 1.3314953238847365 1.2333205534600555 1.2762720155208536 1.325359400733194 1.3437671701878218 1.3928545554001621 1.3560390164909069 1.6566992509164924 1.8775924843720249 5.418020142812084 2.018718716857504 1.8039614065535141 1.7794177139473437 1.8162332528565992 1.8530487917658545 1.7916895602504288 1.8530487917658545 1.859184714917397 1.8653206380689396 1.859184714917397 1.7426021750380885 1.8346410223112268 1.945087639038993 2.2580197197676637 2.073942025221387 2.018718716857504 1.7119225592803755 1.4419419406125027 1.2333205534600555 1.3437671701878218 1.3130875544301088 1.3130875544301088 
-58.5 -59.0 -58.0 -58.5 -58.5 -58.5 -58.5 -58.5 -59.0 -59.5 -58.5 -58.5 -59.0 -58.5 -57.5 -59.0 -58.5 -59.5 -59.5 -59.0 -55.0 -51.0 -52.5 -52.5 -53.0 -52.5 -52.5 -53.0 -53.0 -52.0 -52.5 -53.0 -51.5 -51.0 -55.5 -59.0 -57.5 -57.5 -57.0 -56.5 -56.5 -56.0 -56.5 
1.6198837120072371 1.5892040962495242 1.5585244804918115 1.6444274046134073 1.5953400194010667 1.6014759425526093 1.6198837120072371 1.521708941582556 1.6014759425526093 1.5462526341887264 1.5830681730979816 1.607611865704152 1.5892040962495242 1.521708941582556 1.6444274046134073 1.6321555583103222 1.564660403643354 1.5830681730979816 1.932815792735908 5.43029198911517 2.024854640009046 2.061670178918302 2.1598449493429825 2.1046216409791 2.055534255766759 2.141437179888355 2.1598449493429825 2.0923497946760143 2.0493983326152168 2.0800779483729293 2.2580197197676637 2.055534255766759 2.0923497946760143 2.172116795646068 2.2089323345553233 2.0371264863121317 1.8223691760081417 1.705786636128833 1.662835174068035 1.7548740213411735 1.6382914814618648 1.6566992509164924 
-56.0 -56.0 -55.0 -55.5 -55.5 -55.5 -55.5 -55.0 -55.5 -54.5 -54.5 -54.0 -54.5 -54.0 -54.0 -53.5 -54.5 -54.5 -55.5 -54.0 -53.5 -54.5 -55.5 -54.5 -55.5 -55.0 -55.0 -55.0 -55.5 -55.0 -55.5 -54.0 -54.0 -53.5 -54.0 -54.5 -54.0 -53.0 -52.5 -52.5 -52.5 -53.0 
5.5714182216006485 5.632777453116074 5.577554144752192 5.589825991055276 5.522330836388308 5.540738605842936 5.608233760509904 5.540738605842936 5.5100589900852235 5.5192628748125365 5.43029198911517 5.553010452146021 5.583690067903734 5.6573211457222445 5.534602682691394 5.460971604872882 5.50392306693368 5.6941366846315 5.767767762450011 6.007068765360171 6.059224112148283 5.6573211457222445 5.608233760509904 5.64504929941916 5.553010452146021 5.411884219660542 5.485515297479052 5.491651220630596 5.589825991055276 5.368932757599744 5.473243451175968 5.546874528994478 5.663457068873787 5.559146375297564 6.019340611663256 6.025476534814799 5.872078456026235 5.47937937432751 5.393476450205914 5.375068680751287 5.338253141842031 5.381204603902829 5.405748296509 
-60.0 -60.0 -61.0 -60.5 -60.5 -60.5 -60.5 -60.0 -61.5 -61.0 -60.0 -61.0 -60.5 -60.5 -60.0 -60.0 -59.5 -60.5 -60.0 -60.0 -58.0 -56.5 -58.0 -57.5 -57.5 -58.5 -59.0 -59.5 -58.5 -58.0 -58.0 -58.0 -57.0 -57.0 -56.5 -59.0 -60.5 -59.5 -60.0 -60.0 -60.0 -60.5 -60.0 
4.528311285838413 4.755340442445488 4.767612288748572 4.828971520263998 4.853515212870168 4.700117134081604 4.675573441475434 4.706253057233147 4.6878452877785195 1.4971652489763858 4.816699673960914 4.767612288748572 4.700117134081604 4.749204519293945 4.908738521234052 4.773748211900116 4.632621979414636 4.822835597112456 4.890330751779424 5.325981295538946 5.746292031419612 4.914874444385594 5.2339424482658075 5.724816300389213 5.589825991055276 5.534602682691394 5.43029198911517 5.442563835418255 5.460971604872882 5.540738605842936 5.47937937432751 5.589825991055276 1.9082721001297376 4.743068596142402 5.663457068873787 5.595961914206819 5.123495831538041 4.9823695990525625 4.424000592262189 4.779884135051658 4.853515212870168 4.76147636559703 4.743068596142402 
-68.5 -67.5 -66.0 -67.5 -67.5 -66.5 -66.0 -64.5 -64.0 -65.0 -62.5 -62.5 -62.0 -61.0 -61.0 -60.0 -61.0 -61.5 -62.5 -65.5 -63.0 -62.0 -71.0 -65.5 -66.5 -65.5 -65.5 -66.0 -66.5 -65.5 -66.0 -65.5 -65.5 -62.0 -66.0 -65.5 -60.5 -61.0 -61.0 -60.5 -59.5 -59.5 -60.0 
