3.3379421944391554 0.04908738521234052 0.07976700097005335 3.1968159619536762 3.2827188860752723 3.2949907323783574 3.2213596545598464 3.0250101137104846 0.07363107781851078 3.1231848841351653 0.1227184630308513 0.1043106935762236 3.147728576741336 3.3502140407422405 2.988194574801229 0.18407769454627693 3.5281558121369745 3.2643111166206444 3.380893656499953 3.3502140407422405 3.104777114680538 3.3195344249845276 3.436116964863836 3.399301425954581 3.2949907323783574 4.239922897715912 4.215379205109742 3.7551849687440497 3.5588354278946874 3.6079228131070282 3.4913402732277192 3.6999616603801666 3.785864584501762 3.5588354278946874 3.859495662320273 3.718369429834794 0.3620194659410113 3.098641191528995 2.8286605728611223 3.313398501832985 3.2888548092268146 3.368621810196868 
-63.5 -64.0 -64.0 -62.5 -62.5 -62.5 -63.0 -62.5 -64.0 -63.0 -64.0 -64.0 -63.0 -63.5 -62.0 -64.5 -63.5 -63.0 -63.0 -63.0 -63.5 -64.5 -65.5 -66.5 -65.5 -71.0 -70.0 -68.5 -69.0 -69.0 -69.0 -67.0 -69.5 -70.0 -70.5 -71.5 -69.0 -66.5 -65.0 -63.0 -63.0 -64.0 
2.12916533358527 2.055534255766759 1.9205439464328227 1.8775924843720249 1.7671458676442586 1.9819031779482483 1.9941750242513334 2.061670178918302 1.9880391010997909 1.9696313316451632 1.932815792735908 1.902136176978195 1.9573594853420782 1.8960002538266525 1.8285050991596843 1.859184714917397 1.9941750242513334 1.9144080232812801 2.018718716857504 2.055534255766759 1.9696313316451632 1.9696313316451632 2.2580197197676637 2.2948352586769194 2.399145952253143 2.2396119503130363 2.386874105950058 2.6261751088602177 2.791845033951867 2.8716120349219203 2.7979809571034093 2.5709518004963345 2.478912953223196 2.4850488763747385 2.478912953223196 2.6016314162540475 2.60776733940559 2.5709518004963345 3.0372819600135696 2.9943304979527716 2.705942109830271 2.1537090261914402 2.012582793705961 2.0493983326152168 2.061670178918302 
-62.0 -61.5 -61.5 -61.5 -62.5 -61.0 -61.5 -61.5 -61.5 -61.0 -61.5 -62.0 -61.5 -61.5 -61.0 -61.0 -62.0 -62.0 -61.0 -62.0 -62.0 -61.5 -61.5 -62.5 -62.5 -62.5 -64.5 -66.0 -66.0 -64.5 -64.0 -63.0 -62.5 -63.5 -63.0 -62.5 -62.5 -63.0 -65.0 -67.0 -65.0 -65.0 -64.0 -64.0 -62.5 
1.1351457830353744 1.0983302441261191 1.0921943209745766 1.086058397823034 1.0983302441261191 1.0983302441261191 1.086058397823034 1.1167380135807468 1.0676506283684062 1.0983302441261191 1.1106020904292042 1.1228739367322893 1.1228739367322893 1.1290098598838318 1.1044661672776617 1.1596894756415448 1.184233168247715 1.184233168247715 1.1474176293384597 1.1780972450961724 1.1719613219446299 1.214912784005428 1.1780972450961724 1.1780972450961724 1.0185632431560658 1.0676506283684062 1.3621749396424494 1.3928545554001621 1.0921943209745766 1.1106020904292042 1.086058397823034 1.086058397823034 1.0983302441261191 1.1290098598838318 1.1044661672776617 1.0615147052168636 1.1106020904292042 1.184233168247715 1.2578642460662257 1.4296700943094176 1.1167380135807468 1.1167380135807468 1.184233168247715 1.141281706186917 
-49.0 -49.5 -49.5 -49.5 -49.0 -49.0 -49.0 -49.0 -49.0 -49.0 -49.0 -49.0 -49.0 -49.5 -49.0 -49.0 -49.0 -49.0 -49.0 -49.0 -49.0 -49.5 -51.0 -53.0 -53.5 -54.5 -55.5 -53.0 -53.0 -54.5 -54.5 -55.0 -55.0 -54.5 -54.5 -54.0 -53.5 -53.5 -53.5 -56.0 -55.0 -52.0 -51.5 -51.0 
1.1535535524900022 1.1474176293384597 1.1474176293384597 1.1351457830353744 1.1351457830353744 1.1474176293384597 1.1228739367322893 1.1658253987930873 1.1228739367322893 1.1167380135807468 1.0983302441261191 1.227184630308513 1.1719613219446299 1.141281706186917 1.1903690913992575 1.1719613219446299 1.2087768608538851 1.214912784005428 1.2517283229146832 1.2455923997631406 1.2026409377023426 1.2087768608538851 1.2333205534600555 1.2885438618239387 1.3437671701878218 1.552388557340269 1.748738098189631 1.5401167110371838 1.4726215563702154 1.5953400194010667 1.6382914814618648 1.607611865704152 1.607611865704152 1.5953400194010667 1.576932249946439 1.564660403643354 1.5462526341887264 1.41126232485479 1.4419419406125027 1.6689710972195777 1.718058482431918 1.5401167110371838 1.3437671701878218 1.239456476611598 
-50.0 -50.5 -50.0 -50.5 -50.0 -50.5 -50.5 -50.5 -50.5 -50.0 -50.0 -50.5 -50.5 -50.5 -50.5 -50.5 -50.5 -50.0 -50.0 -50.5 -50.0 -50.5 -50.5 -52.0 -53.0 -52.5 -51.5 -51.0 -52.0 -52.0 -51.5 -51.5 -51.5 -51.5 -51.5 -51.5 -51.5 -51.5 -51.0 -51.0 -52.0 -53.5 -52.5 -51.5 
1.2578642460662257 1.1719613219446299 1.2517283229146832 1.2517283229146832 1.3437671701878218 1.214912784005428 1.2640001692177683 1.282407938672396 1.2885438618239387 1.3437671701878218 1.2210487071569704 1.2026409377023426 1.1658253987930873 1.2885438618239387 1.2640001692177683 1.1780972450961724 1.1290098598838318 1.2578642460662257 1.2885438618239387 1.2885438618239387 1.337631247036279 1.3989904785517047 1.552388557340269 1.88986433067511 2.030990563160589 2.1782527187976104 1.9941750242513334 1.8346410223112268 1.846912868614312 1.9082721001297376 1.8714565612204823 1.8407769454627694 1.8530487917658545 1.8837284075235674 1.8530487917658545 1.8346410223112268 1.859184714917397 1.7794177139473437 1.8837284075235674 1.9205439464328227 2.2089323345553233 2.282563412373834 2.1782527187976104 1.9880391010997909 
-57.5 -58.0 -57.5 -58.0 -57.5 -57.5 -57.5 -57.5 -57.5 -57.5 -57.5 -57.5 -57.5 -57.5 -57.0 -57.0 -57.5 -57.0 -57.0 -57.0 -57.0 -58.5 -59.5 -60.5 -60.0 -56.5 -52.0 -53.5 -53.5 -55.0 -55.0 -56.0 -56.0 -55.5 -55.0 -54.5 -55.0 -54.0 -53.5 -53.5 -54.0 -57.5 -57.0 -57.0 
1.6382914814618648 1.607611865704152 1.6873788666742053 1.6505633277649499 1.6873788666742053 1.6689710972195777 1.6137477888556946 1.6566992509164924 1.6382914814618648 1.6137477888556946 1.5707963267948966 1.6321555583103222 1.6014759425526093 1.7916895602504288 1.607611865704152 1.6198837120072371 1.6382914814618648 1.6014759425526093 1.662835174068035 1.6444274046134073 1.6321555583103222 1.6812429435226628 1.7119225592803755 1.8960002538266525 2.1537090261914402 2.1966604882522383 2.073942025221387 2.055534255766759 2.2212041808584084 2.1537090261914402 2.12916533358527 2.1782527187976104 2.2212041808584084 2.2089323345553233 2.1966604882522383 2.184388641949153 2.1475731030398975 2.2212041808584084 2.1475731030398975 2.116893487282185 2.1598449493429825 2.1475731030398975 2.116893487282185 2.0493983326152168 
-54.0 -53.5 -53.0 -53.0 -53.0 -53.5 -53.5 -54.0 -53.5 -53.5 -53.0 -53.0 -53.0 -53.0 -53.0 -53.0 -53.0 -53.0 -53.0 -53.0 -53.0 -53.5 -54.5 -55.0 -56.0 -54.0 -53.5 -54.5 -55.5 -55.5 -56.0 -56.0 -56.0 -56.0 -56.0 -56.5 -55.5 -56.0 -55.5 -54.0 -54.5 -53.5 -53.5 -54.0 
5.356660911296659 5.3198453723874035 5.325981295538946 5.393476450205914 5.399612373357457 5.356660911296659 5.338253141842031 5.497787143782138 5.418020142812084 5.283029833478148 5.350524988145116 5.491651220630596 5.399612373357457 5.332117218690489 5.246214294568893 5.289165756629691 5.356660911296659 5.3627968344482015 5.332117218690489 5.2339424482658075 5.3198453723874035 5.460971604872882 5.626641529964532 5.822991070813893 6.013204688511713 6.007068765360171 5.743224069843841 5.749359992995383 5.66959299202533 5.620505606812989 5.595961914206819 5.565282298449106 5.565282298449106 5.632777453116074 5.565282298449106 5.546874528994478 5.626641529964532 5.681864838328415 5.7616318392984684 5.792311455056181 5.921165841238575 6.025476534814799 5.994796919057086 5.724816300389213 
-61.0 -61.0 -62.0 -61.0 -61.0 -61.0 -60.5 -60.5 -60.5 -60.5 -61.0 -60.5 -60.0 -60.5 -60.5 -61.0 -60.5 -61.0 -60.5 -60.0 -60.5 -60.5 -60.5 -61.0 -59.5 -57.0 -56.5 -57.5 -56.5 -57.0 -58.0 -59.0 -59.0 -58.5 -59.0 -58.5 -58.0 -57.0 -56.5 -57.0 -56.5 -58.0 -59.0 -59.0 
4.884194828627882 4.651029748869264 4.81056375080937 4.749204519293945 4.71238898038469 4.779884135051658 4.669437518323892 4.7860200582032 4.7860200582032 4.76147636559703 4.6448938257177215 4.681709364626977 4.749204519293945 4.865787059173254 4.773748211900116 4.890330751779424 4.7307967498393175 4.675573441475434 4.706253057233147 4.577398671050753 4.865787059173254 4.755340442445488 4.914874444385594 5.019185137961818 5.313709449235861 5.626641529964532 5.338253141842031 4.994641445355648 5.651185222570702 5.332117218690489 5.264622064023521 5.338253141842031 5.270757987175063 5.350524988145116 5.387340527054372 5.307573526084319 5.338253141842031 5.497787143782138 5.2339424482658075 5.141903600992669 5.47937937432751 5.632777453116074 5.197126909356553 5.129631754689584 
-60.0 -60.5 -60.5 -61.0 -60.5 -61.0 -60.0 -61.0 -60.5 -60.5 -61.0 -60.5 -60.0 -60.0 -60.0 -60.0 -59.5 -58.5 -60.0 -59.5 -60.0 -60.0 -60.0 -61.5 -64.0 -62.5 -60.5 -66.0 -66.0 -63.5 -64.0 -65.5 -64.5 -65.0 -65.5 -66.0 -64.5 -66.0 -69.5 -63.5 -63.0 -64.0 -62.5 -62.0 
