3.485204350076177 3.730641276137879 3.5465635815916023 3.6692820446224537 3.773592738198677 3.5833791205008576 0.662679700366597 0.4908738521234052 0.5154175447295755 0.5522330836388308 0.5154175447295755 0.4970097752749477 0.5645049299419159 3.650874275167826 3.6263305825616556 0.4540583132141498 3.5895150436524004 3.2029518851052186 2.7857091108003242 6.000932842208628 0.5829126993965437 0.6135923151542565 5.50392306693368 4.270602513473625 0.8713010875190442 1.0369710126106935 4.129476280988146 
-66.0 -66.5 -67.0 -66.5 -65.5 -66.0 -67.0 -67.5 -67.5 -67.5 -67.0 -67.5 -67.0 -67.0 -67.0 -67.0 -66.0 -62.5 -67.0 -74.5 -76.0 -74.5 -67.5 -73.5 -72.5 -71.5 -68.5 
1.859184714917397 1.3314953238847365 1.932815792735908 1.945087639038993 2.012582793705961 1.9819031779482483 1.9573594853420782 2.0923497946760143 2.030990563160589 1.9696313316451632 2.055534255766759 2.0064468705544187 2.1475731030398975 5.184855063053467 2.024854640009046 2.043262409463674 2.60776733940559 2.356194490192345 2.012582793705961 1.8960002538266525 1.932815792735908 2.024854640009046 1.9573594853420782 2.1353012567368124 2.448233337465483 2.5402721847386216 1.6812429435226628 1.4787574795217582 1.662835174068035 1.564660403643354 1.6382914814618648 1.552388557340269 1.6505633277649499 1.6198837120072371 1.748738098189631 1.6996507129772904 1.7426021750380885 
-64.0 -64.0 -64.5 -65.5 -64.5 -65.0 -65.5 -67.5 -65.5 -62.5 -64.5 -65.0 -65.5 -66.0 -64.0 -65.5 -65.0 -62.0 -62.5 -61.5 -61.0 -62.0 -62.0 -62.0 -63.0 -67.0 -64.0 -62.0 -61.5 -62.5 -62.0 -60.5 -60.5 -61.0 -60.5 -62.0 -61.0 
1.2578642460662257 1.1965050145508 1.214912784005428 1.1965050145508 1.227184630308513 1.1903690913992575 1.1596894756415448 1.1965050145508 1.1535535524900022 1.1290098598838318 1.1658253987930873 1.184233168247715 1.1903690913992575 1.1965050145508 1.214912784005428 1.239456476611598 1.2210487071569704 1.1658253987930873 1.1167380135807468 1.0983302441261191 1.1596894756415448 1.1474176293384597 1.4296700943094176 1.282407938672396 1.3069516312785663 1.0921943209745766 1.1719613219446299 1.1965050145508 1.2640001692177683 1.1903690913992575 1.3314953238847365 1.2333205534600555 1.5033011721279284 1.2946797849754812 1.2640001692177683 1.325359400733194 1.423534171157875 1.4726215563702154 1.4787574795217582 1.4542137869155878 1.4787574795217582 1.4664856332186729 1.4726215563702154 1.4726215563702154 
-49.5 -49.5 -49.0 -49.5 -49.5 -49.5 -49.5 -49.5 -49.5 -49.0 -49.5 -49.0 -49.5 -49.5 -49.5 -49.5 -49.5 -49.5 -48.5 -48.5 -50.0 -51.5 -53.0 -52.5 -53.0 -53.5 -55.0 -56.0 -56.0 -54.0 -53.0 -52.5 -52.5 -52.0 -51.0 -50.5 -51.0 -49.5 -49.0 -50.5 -51.0 -51.0 -51.0 -51.0 
1.0799224746714913 1.1290098598838318 1.1044661672776617 1.0369710126106935 1.0676506283684062 1.0799224746714913 1.0615147052168636 1.055378782065321 1.0369710126106935 1.086058397823034 1.055378782065321 1.1228739367322893 1.0983302441261191 1.0615147052168636 1.086058397823034 1.0676506283684062 1.086058397823034 0.9694758579437253 0.9572040116406401 0.9326603190344698 1.214912784005428 1.41126232485479 1.41126232485479 1.5462526341887264 1.5155730184310134 1.5462526341887264 1.5278448647340985 1.4971652489763858 4.675573441475434 1.5707963267948966 1.6198837120072371 1.521708941582556 1.5830681730979816 1.3867186322486196 1.227184630308513 1.043106935762236 1.0185632431560658 1.0369710126106935 1.1044661672776617 1.2333205534600555 1.2640001692177683 1.2087768608538851 1.2946797849754812 1.2640001692177683 
-49.5 -50.0 -50.0 -50.5 -50.0 -50.0 -50.0 -50.0 -50.5 -50.5 -50.5 -50.0 -50.0 -50.0 -50.0 -50.0 -50.0 -50.5 -51.0 -52.0 -51.5 -51.0 -51.5 -51.5 -51.5 -51.5 -51.5 -52.0 -52.0 -51.5 -52.0 -51.5 -50.5 -51.5 -52.0 -51.0 -50.5 -50.0 -50.0 -50.0 -50.5 -50.0 -50.0 -50.0 
1.5033011721279284 1.4910293258248433 1.5155730184310134 1.4542137869155878 1.4664856332186729 1.4603497100671303 1.4480778637640452 1.4726215563702154 1.4296700943094176 1.3437671701878218 1.4848934026733007 1.521708941582556 1.4480778637640452 1.4787574795217582 1.5585244804918115 1.4910293258248433 1.509437095279471 1.3744467859455345 1.3130875544301088 1.509437095279471 1.9389517158874505 2.0371264863121317 1.9512235621905356 1.945087639038993 1.9696313316451632 2.1659808724945253 2.184388641949153 2.1537090261914402 5.316777410811632 2.12916533358527 2.2089323345553233 1.9573594853420782 1.8407769454627694 1.9205439464328227 1.9634954084936207 1.8837284075235674 1.9757672547967058 1.6321555583103222 1.6996507129772904 1.705786636128833 1.7548740213411735 1.7548740213411735 1.7671458676442586 1.8407769454627694 
-50.5 -50.5 -50.5 -50.5 -50.5 -50.5 -50.5 -50.5 -50.5 -50.5 -50.5 -51.0 -50.5 -50.5 -50.5 -50.5 -50.5 -50.5 -51.0 -53.5 -50.5 -48.5 -48.5 -51.5 -52.5 -52.0 -52.0 -52.0 -52.5 -51.5 -52.0 -52.5 -50.5 -48.5 -50.0 -51.0 -52.0 -52.5 -51.0 -50.0 -49.5 -49.5 -49.5 -49.5 
1.7794177139473437 1.6566992509164924 1.7303303287350031 1.6566992509164924 1.6198837120072371 1.7303303287350031 1.6873788666742053 1.6321555583103222 1.6382914814618648 1.6689710972195777 1.6751070203711202 1.5462526341887264 1.662835174068035 1.7241944055834606 1.6505633277649499 1.6873788666742053 1.6689710972195777 1.6260196351587797 1.533980787885641 1.5462526341887264 2.043262409463674 2.1905245651006955 2.2641556429192065 2.2580197197676637 2.3316507975861747 2.270291566070749 2.356194490192345 2.3316507975861747 5.52539879796408 2.3316507975861747 2.1966604882522383 2.2518837966161214 2.141437179888355 2.024854640009046 2.12916533358527 1.9573594853420782 1.8285050991596843 1.6935147898257479 1.736466251886546 1.8653206380689396 1.9266798695843652 1.9880391010997909 1.902136176978195 1.88986433067511 
-51.5 -51.5 -51.5 -51.5 -51.5 -51.5 -51.5 -52.0 -52.0 -52.0 -52.0 -51.5 -51.5 -51.5 -51.0 -51.5 -51.5 -52.0 -53.5 -55.5 -54.0 -52.5 -54.0 -54.0 -53.0 -54.5 -53.5 -53.0 -53.5 -54.0 -53.0 -52.5 -54.0 -51.0 -52.0 -54.0 -54.0 -52.5 -51.5 -50.5 -50.0 -50.0 -50.0 -50.0 
4.693981210930062 4.638757902566179 4.724660826687775 4.509903516383785 4.693981210930062 4.76147636559703 4.957825906446392 4.589670517353839 4.491495746929157 4.411728745959104 4.632621979414636 4.583534594202296 4.828971520263998 4.632621979414636 4.878058905476339 4.491495746929157 4.896466674930966 5.9518454569962875 5.927301764390117 5.356660911296659 5.829126993965437 5.724816300389213 6.025476534814799 5.964117303299373 5.93343768754166 5.921165841238575 6.000932842208628 6.043884304269426 5.988660995905543 5.178719139901925 5.737088146692298 6.129787228391022 6.007068765360171 5.93343768754166 4.172427743048944 3.9269908169872414 4.552854978444583 4.76147636559703 4.681709364626977 5.289165756629691 4.681709364626977 
-63.5 -62.0 -64.0 -64.0 -63.0 -64.0 -64.5 -63.5 -64.5 -65.0 -63.0 -65.0 -64.0 -63.0 -63.0 -64.5 -70.5 -60.5 -57.5 -59.0 -61.5 -63.5 -60.0 -61.5 -61.5 -62.5 -60.5 -59.0 -61.5 -60.5 -56.0 -57.5 -62.5 -64.5 -67.0 -65.0 -63.5 -63.5 -62.5 -64.0 -63.0 
5.227806525114265 5.141903600992669 5.092816215780329 5.148039524144211 5.184855063053467 5.117359908386499 5.129631754689584 4.933282213840222 5.0682725231741586 5.074408446325701 5.074408446325701 5.2768939103266055 5.325981295538946 5.424156065963627 5.166447293598839 5.1725832167503825 5.0682725231741586 5.105088062083414 5.344389064993574 6.105243535784852 5.835262917116979 5.626641529964532 6.270913460876501 6.043884304269426 0.23930100291016002 6.209554229361076 6.105243535784852 6.126719266815251 0.04908738521234052 0.14112623248547898 5.921165841238575 0.05522330836388308 5.651185222570702 5.921165841238575 6.007068765360171 5.8045833013592665 5.283029833478148 4.92714629068868 5.295301679781233 5.283029833478148 5.344389064993574 5.356660911296659 5.313709449235861 
-60.5 -61.0 -61.5 -60.5 -61.0 -61.0 -62.0 -62.5 -63.0 -62.5 -62.5 -62.5 -62.0 -62.0 -61.0 -62.0 -60.5 -62.0 -66.0 -67.0 -60.0 -59.0 -65.5 -65.5 -63.5 -61.5 -61.0 -62.0 -62.0 -63.5 -62.5 -61.5 -61.0 -58.5 -60.0 -61.5 -65.5 -63.0 -59.5 -59.5 -59.0 -59.0 -58.5 
