0.5154175447295755 0.44178646691106466 0.4540583132141498 3.847223816017188 3.730641276137879 3.4054373491061236 0.48473792897186263 0.4724660826687775 0.48473792897186263 0.30066023442558565 0.4049709280018093 0.521553467881118 0.803805932852076 4.368777283898306 3.865631585471816 3.3440781175906977 2.60776733940559 0.7915340865489908 0.3190680038802134 3.4054373491061236 0.6442719309119693 3.767456815047135 4.01902966426038 3.6999616603801666 0.6442719309119693 0.7547185476397354 3.6999616603801666 3.730641276137879 3.6386024288647407 
-68.0 -67.5 -67.5 -67.0 -66.0 -67.5 -67.5 -67.5 -67.5 -67.5 -68.0 -67.5 -67.5 -61.5 -61.5 -63.0 -66.0 -75.0 -66.5 -64.5 -64.5 -65.0 -65.5 -70.5 -69.5 -69.5 -69.5 -69.0 -68.5 
1.9144080232812801 2.055534255766759 2.024854640009046 2.116893487282185 1.9880391010997909 1.7855536370988863 2.043262409463674 1.8653206380689396 2.067806102069844 1.7671458676442586 1.8714565612204823 2.116893487282185 2.2457478734645786 5.062136600022616 1.7794177139473437 1.7732817907958012 1.8039614065535141 2.356194490192345 1.7119225592803755 6.0991076126333095 3.6754179677739964 3.2459033471660166 2.2334760271614935 1.8285050991596843 2.073942025221387 1.9205439464328227 2.0064468705544187 1.902136176978195 2.282563412373834 0.0674951546669682 5.424156065963627 4.755340442445488 1.0799224746714913 1.2333205534600555 1.184233168247715 1.2455923997631406 1.4358060174609601 1.1167380135807468 1.6137477888556946 1.7548740213411735 1.8346410223112268 
-63.5 -63.5 -63.5 -63.0 -63.0 -63.5 -63.0 -64.0 -64.0 -62.5 -64.5 -64.0 -65.5 -66.0 -66.5 -64.0 -64.0 -66.5 -66.0 -69.5 -66.0 -63.5 -63.5 -65.0 -62.0 -59.5 -60.5 -62.0 -63.0 -67.0 -70.0 -67.0 -65.0 -65.0 -64.5 -64.0 -62.5 -64.0 -62.5 -63.5 -63.0 
1.2455923997631406 1.2640001692177683 1.141281706186917 1.2455923997631406 1.2333205534600555 1.2578642460662257 1.214912784005428 1.282407938672396 1.2455923997631406 1.2210487071569704 1.2026409377023426 1.1719613219446299 1.1596894756415448 1.1351457830353744 1.1106020904292042 1.1290098598838318 1.0921943209745766 1.055378782065321 1.0983302441261191 1.086058397823034 1.0921943209745766 1.086058397823034 1.184233168247715 1.325359400733194 1.423534171157875 1.2640001692177683 1.3744467859455345 1.1965050145508 1.2026409377023426 1.2517283229146832 1.2762720155208536 1.1965050145508 1.2885438618239387 1.337631247036279 1.3499030933393643 1.368310862793992 1.227184630308513 1.239456476611598 1.1228739367322893 1.0983302441261191 1.1474176293384597 1.1780972450961724 1.1290098598838318 1.1965050145508 1.2455923997631406 1.1474176293384597 
-49.5 -49.5 -49.5 -49.5 -49.5 -50.0 -49.5 -49.5 -49.5 -50.0 -49.5 -49.5 -50.0 -49.5 -49.5 -50.0 -49.5 -50.0 -50.0 -49.5 -49.0 -48.5 -50.5 -51.0 -50.5 -50.5 -52.5 -51.5 -53.5 -54.0 -54.0 -53.0 -52.0 -50.5 -50.5 -51.0 -50.0 -49.5 -49.0 -48.0 -48.0 -48.5 -49.0 -49.5 -49.5 -49.5 
1.0676506283684062 1.1228739367322893 1.1535535524900022 1.1535535524900022 1.1596894756415448 1.1658253987930873 1.1658253987930873 1.141281706186917 1.1535535524900022 1.1167380135807468 1.0983302441261191 1.1044661672776617 0.9940195505498954 1.0737865515199487 1.055378782065321 1.0185632431560658 0.9940195505498954 0.9756117810952678 0.9878836273983529 0.9878836273983529 0.9572040116406401 0.9387962421860124 1.1658253987930873 1.2087768608538851 1.1903690913992575 1.3069516312785663 1.6444274046134073 1.5278448647340985 1.5278448647340985 1.509437095279471 1.5462526341887264 1.5830681730979816 1.6137477888556946 1.4726215563702154 1.380582709097077 1.2455923997631406 1.380582709097077 1.2517283229146832 1.1228739367322893 0.9265243958829272 0.9878836273983529 1.000155473701438 1.0369710126106935 1.0799224746714913 1.1106020904292042 1.1167380135807468 
-50.0 -49.5 -49.5 -49.5 -49.5 -49.5 -50.0 -49.5 -49.5 -49.5 -49.5 -49.5 -49.5 -50.0 -50.0 -50.0 -50.5 -50.0 -50.0 -50.5 -51.0 -52.0 -51.0 -50.0 -49.5 -50.0 -51.0 -50.5 -51.5 -51.5 -51.5 -50.5 -51.0 -50.0 -51.5 -50.5 -51.5 -51.5 -52.0 -52.0 -51.5 -50.5 -50.5 -50.5 -49.5 -50.0 
1.4726215563702154 1.4051264017032472 1.4419419406125027 1.4971652489763858 1.4664856332186729 1.41126232485479 1.4910293258248433 1.4848934026733007 1.509437095279471 1.3989904785517047 1.4419419406125027 1.3130875544301088 1.368310862793992 1.3130875544301088 1.2946797849754812 1.2455923997631406 1.1719613219446299 1.1474176293384597 1.1228739367322893 1.239456476611598 1.1658253987930873 1.2333205534600555 1.736466251886546 1.7548740213411735 1.5585244804918115 1.7426021750380885 1.7548740213411735 1.9757672547967058 1.9819031779482483 1.9573594853420782 2.018718716857504 1.9757672547967058 2.000310947402876 1.6566992509164924 1.6137477888556946 1.6751070203711202 1.7548740213411735 1.7855536370988863 1.5830681730979816 1.3437671701878218 1.2885438618239387 1.3130875544301088 1.3008157081270237 1.3744467859455345 1.4480778637640452 1.4726215563702154 
-50.5 -50.5 -50.5 -50.5 -50.5 -50.5 -51.0 -50.5 -50.5 -50.5 -50.5 -51.0 -50.5 -50.5 -51.0 -50.5 -50.5 -50.5 -50.5 -50.5 -51.0 -52.0 -50.0 -48.5 -48.5 -50.5 -51.5 -51.5 -50.0 -50.0 -50.5 -50.0 -51.0 -50.0 -48.5 -48.0 -49.0 -50.0 -52.5 -52.5 -51.0 -50.0 -50.0 -49.5 -50.0 -50.5 
1.6444274046134073 1.7303303287350031 1.6873788666742053 1.6689710972195777 1.7119225592803755 1.6935147898257479 1.7426021750380885 1.718058482431918 1.6996507129772904 1.6873788666742053 1.7241944055834606 1.6505633277649499 1.6014759425526093 1.607611865704152 1.5892040962495242 1.533980787885641 1.5033011721279284 1.4051264017032472 1.4173982480063325 1.4542137869155878 1.4910293258248433 1.4910293258248433 1.945087639038993 1.9205439464328227 1.9941750242513334 2.1598449493429825 2.061670178918302 1.9389517158874505 2.2027964114037806 2.061670178918302 2.2334760271614935 2.172116795646068 2.067806102069844 1.9696313316451632 1.761009944492716 1.9512235621905356 2.061670178918302 1.9819031779482483 1.7794177139473437 1.552388557340269 1.5707963267948966 1.6505633277649499 1.576932249946439 1.6505633277649499 1.6505633277649499 1.6812429435226628 
-51.0 -51.5 -50.5 -51.0 -50.5 -50.5 -50.5 -51.0 -51.0 -51.0 -51.0 -51.5 -51.0 -51.5 -51.5 -52.0 -52.0 -51.5 -51.5 -52.0 -52.5 -54.5 -52.0 -52.0 -54.0 -52.5 -52.0 -53.5 -52.5 -52.0 -52.0 -53.5 -51.5 -53.5 -52.5 -51.0 -51.5 -53.0 -55.0 -56.0 -53.5 -52.5 -52.0 -51.5 -50.5 -51.0 
4.681709364626977 4.755340442445488 4.76147636559703 4.988505522204105 4.871922982324796 4.743068596142402 4.773748211900116 4.921010367537137 4.7307967498393175 4.792155981354743 4.792155981354743 4.669437518323892 4.7860200582032 3.834951969714103 4.528311285838413 4.608078286808466 4.239922897715912 1.2946797849754812 5.872078456026235 5.6941366846315 5.031456984264903 5.743224069843841 5.497787143782138 6.019340611663256 5.964117303299373 5.915029918087033 5.9518454569962875 6.013204688511713 5.9088939949354895 5.589825991055276 5.252350217720435 5.700272607783043 6.062292073724054 5.884350302329319 5.994796919057086 5.405748296509 4.902602598082509 4.663301595172349 4.700117134081604 4.620350133111551 
-64.5 -65.0 -63.5 -63.5 -63.0 -63.0 -62.0 -63.0 -63.5 -63.0 -63.5 -63.5 -64.0 -63.5 -64.0 -64.0 -65.0 -70.5 -61.0 -56.5 -61.0 -58.5 -62.5 -59.0 -58.5 -59.5 -60.0 -59.0 -58.5 -60.0 -57.5 -56.0 -57.0 -58.5 -61.0 -67.5 -67.5 -64.5 -65.0 -62.5 
5.00077736850719 5.098952138931871 5.178719139901925 5.166447293598839 5.135767677841127 5.141903600992669 5.148039524144211 5.092816215780329 5.135767677841127 5.154175447295755 5.166447293598839 5.197126909356553 5.190990986205009 5.332117218690489 4.95168998329485 5.154175447295755 5.092816215780329 4.97623367590102 5.117359908386499 5.3198453723874035 5.822991070813893 5.638913376267617 6.12365130523948 5.878214379177777 6.264777537724958 0.02454369260617026 6.043884304269426 6.025476534814799 5.884350302329319 0.0 5.927301764390117 6.025476534814799 6.191146459906448 5.313709449235861 5.6573211457222445 5.767767762450011 6.117515382087937 2.386874105950058 5.190990986205009 5.111223985234957 5.160311370447297 5.190990986205009 4.9823695990525625 5.240078371417351 
-60.0 -60.0 -59.5 -59.0 -60.5 -60.0 -60.0 -59.5 -60.0 -60.5 -60.5 -59.5 -60.0 -60.5 -60.5 -59.5 -59.5 -60.5 -59.5 -60.5 -58.0 -56.0 -64.5 -60.5 -63.0 -61.5 -60.0 -60.0 -60.0 -59.5 -63.0 -59.5 -65.5 -57.5 -58.5 -59.5 -64.0 -71.0 -65.0 -63.0 -60.5 -60.5 -60.0 -59.0 
