3.890175278077986 0.5154175447295755 0.607456392002714 0.6013204688511713 3.2643111166206444 0.5276893910326605 0.4908738521234052 0.5890486225480862 3.6815538909255388 0.5460971604872883 3.6386024288647407 0.5829126993965437 0.5583690067903734 0.6135923151542565 0.5645049299419159 4.902602598082509 4.362641360746763 0.20248546400090464 5.6573211457222445 6.013204688511713 5.872078456026235 6.111379458936394 3.54042765844006 0.7363107781851077 5.546874528994478 0.4295146206079795 0.6688156235181395 0.6872233929727672 
-68.0 -68.5 -68.5 -68.5 -67.5 -69.0 -69.5 -68.5 -68.5 -69.5 -70.0 -69.5 -70.0 -69.5 -70.0 -64.5 -63.0 -68.5 -72.5 -72.0 -71.0 -70.0 -69.5 -68.5 -75.0 -72.0 -72.5 -73.0 
1.8530487917658545 1.932815792735908 1.8530487917658545 1.8960002538266525 1.239456476611598 1.7119225592803755 1.7303303287350031 1.8223691760081417 1.4603497100671303 1.6321555583103222 1.6996507129772904 1.6751070203711202 1.7916895602504288 1.7241944055834606 1.0921943209745766 1.8714565612204823 1.9082721001297376 1.6321555583103222 1.6689710972195777 1.6996507129772904 1.3437671701878218 1.9634954084936207 2.1353012567368124 0.11658253987930872 2.8961557275280905 2.448233337465483 1.8223691760081417 1.9573594853420782 2.2886993355253766 2.3623304133438876 2.012582793705961 2.000310947402876 2.018718716857504 2.2886993355253766 1.9941750242513334 4.95168998329485 1.7241944055834606 1.4296700943094176 1.4664856332186729 1.564660403643354 1.552388557340269 1.5033011721279284 1.6137477888556946 1.6321555583103222 1.6198837120072371 1.552388557340269 
-64.0 -65.0 -65.0 -64.5 -65.5 -62.5 -63.0 -65.0 -63.5 -64.5 -62.5 -64.5 -63.0 -64.0 -63.0 -63.0 -63.5 -63.0 -64.0 -64.5 -65.0 -67.5 -62.0 -69.0 -64.0 -63.5 -62.5 -62.0 -61.5 -59.5 -60.0 -61.0 -62.0 -63.0 -63.0 -61.5 -59.0 -61.0 -62.0 -61.5 -61.0 -60.5 -60.5 -61.5 -61.5 -61.0 
1.184233168247715 1.184233168247715 1.2026409377023426 1.0983302441261191 1.227184630308513 1.1044661672776617 1.239456476611598 1.1044661672776617 1.2087768608538851 1.184233168247715 1.227184630308513 1.2517283229146832 1.2578642460662257 1.3621749396424494 1.2640001692177683 1.2885438618239387 1.2762720155208536 1.227184630308513 1.3069516312785663 1.2640001692177683 1.2455923997631406 1.3069516312785663 1.3621749396424494 1.6751070203711202 1.41126232485479 1.2578642460662257 1.3560390164909069 1.1719613219446299 1.0921943209745766 1.0799224746714913 1.0676506283684062 1.0921943209745766 1.2517283229146832 1.4480778637640452 1.5892040962495242 1.3437671701878218 1.2578642460662257 1.4480778637640452 1.4910293258248433 1.4910293258248433 1.533980787885641 1.5585244804918115 1.4358060174609601 1.325359400733194 1.3744467859455345 1.4848934026733007 
-49.5 -49.5 -49.5 -49.5 -50.0 -49.5 -49.5 -49.5 -50.0 -49.5 -49.5 -50.0 -50.0 -50.5 -50.0 -50.0 -50.0 -50.0 -50.0 -50.0 -49.5 -51.5 -52.0 -52.5 -51.5 -53.0 -54.5 -54.5 -56.5 -57.5 -57.5 -57.0 -56.0 -54.5 -56.0 -54.5 -52.5 -52.0 -51.0 -50.5 -50.0 -51.0 -51.0 -51.5 -51.5 -51.0 
1.0983302441261191 1.1290098598838318 1.1044661672776617 1.1106020904292042 1.086058397823034 1.1167380135807468 1.1351457830353744 1.1290098598838318 1.1351457830353744 1.1351457830353744 1.1535535524900022 1.1474176293384597 1.1535535524900022 1.1719613219446299 1.1596894756415448 1.1535535524900022 1.1596894756415448 1.1596894756415448 1.2210487071569704 1.1044661672776617 0.9633399347921826 1.1535535524900022 1.2640001692177683 1.4726215563702154 1.3499030933393643 1.4603497100671303 1.6689710972195777 1.564660403643354 1.521708941582556 1.4726215563702154 1.3867186322486196 1.5155730184310134 1.4480778637640452 1.5830681730979816 1.6812429435226628 1.4726215563702154 1.325359400733194 1.184233168247715 1.1658253987930873 1.1290098598838318 1.1535535524900022 1.086058397823034 1.2640001692177683 1.2885438618239387 1.282407938672396 1.3192234775816514 
-50.0 -50.0 -50.0 -50.0 -50.5 -50.5 -50.0 -50.0 -50.0 -50.0 -50.0 -50.0 -50.0 -50.0 -50.0 -50.0 -50.0 -50.5 -50.5 -51.0 -52.0 -51.0 -50.0 -50.0 -50.5 -53.0 -52.5 -53.0 -52.5 -53.0 -53.0 -53.5 -53.5 -52.0 -53.0 -52.5 -53.0 -52.0 -51.5 -50.5 -50.5 -50.5 -50.5 -50.5 -50.5 -50.5 
1.3560390164909069 1.3499030933393643 1.3621749396424494 1.325359400733194 1.3314953238847365 1.3499030933393643 1.2026409377023426 1.3314953238847365 1.3867186322486196 1.368310862793992 1.423534171157875 1.4480778637640452 1.4051264017032472 1.423534171157875 1.4358060174609601 1.41126232485479 1.3744467859455345 1.1658253987930873 1.3130875544301088 1.2762720155208536 1.2026409377023426 1.6996507129772904 1.8346410223112268 1.761009944492716 1.8039614065535141 2.024854640009046 2.055534255766759 2.2212041808584084 2.270291566070749 2.1782527187976104 2.2334760271614935 2.3071071049800045 2.3193789512830896 2.1598449493429825 2.043262409463674 2.1966604882522383 2.2212041808584084 2.2089323345553233 1.9819031779482483 1.705786636128833 1.6873788666742053 1.6751070203711202 1.718058482431918 1.705786636128833 1.7119225592803755 1.662835174068035 
-50.5 -50.5 -50.0 -50.5 -50.5 -50.0 -50.5 -50.5 -50.0 -50.5 -50.0 -50.0 -50.5 -50.5 -50.0 -50.0 -50.0 -50.0 -50.0 -50.0 -51.0 -51.5 -50.0 -47.5 -51.0 -51.0 -52.0 -52.5 -52.5 -52.5 -53.0 -53.5 -54.0 -53.0 -50.5 -51.0 -53.0 -53.5 -53.5 -51.5 -50.0 -49.5 -49.5 -49.5 -49.5 -50.0 
1.6198837120072371 1.6198837120072371 1.6137477888556946 1.5278448647340985 1.6198837120072371 1.6014759425526093 1.6137477888556946 1.5892040962495242 1.6260196351587797 1.6137477888556946 1.6321555583103222 1.6014759425526093 1.6812429435226628 1.6751070203711202 1.6996507129772904 1.748738098189631 1.6751070203711202 1.662835174068035 1.607611865704152 1.576932249946439 1.4542137869155878 1.8285050991596843 1.9205439464328227 1.8039614065535141 2.2334760271614935 2.227340104009951 2.313243028131547 2.386874105950058 2.405281875404685 2.5341362615870793 2.4850488763747385 2.36846633649543 2.405281875404685 2.442097414313941 2.2764274892222915 2.3746022596469727 2.4850488763747385 2.073942025221387 1.8162332528565992 1.8039614065535141 1.8653206380689396 1.8346410223112268 1.8714565612204823 1.8653206380689396 1.945087639038993 1.8407769454627694 
-52.0 -52.0 -51.5 -52.0 -52.0 -51.5 -51.5 -51.5 -51.5 -51.0 -51.5 -51.0 -50.5 -50.5 -50.5 -50.5 -50.5 -50.5 -50.5 -52.0 -52.5 -52.5 -51.5 -53.5 -53.5 -53.5 -53.0 -54.0 -54.0 -53.5 -54.5 -55.0 -54.0 -55.0 -54.0 -52.5 -54.0 -55.0 -53.0 -51.5 -51.0 -50.5 -50.0 -50.0 -50.0 -50.0 
4.583534594202296 3.9944859716542096 4.565126824747668 4.430136515413731 4.503767593232243 4.577398671050753 4.552854978444583 4.25833066717054 4.571262747899211 4.190835512503572 4.651029748869264 4.466952054322987 4.73693267299086 4.4362724385652745 4.577398671050753 4.583534594202296 4.454680208019902 4.025165587411922 5.7616318392984684 5.534602682691394 5.859806609723149 5.902758071783947 5.927301764390117 6.270913460876501 6.129787228391022 6.074563920027139 6.258641614573416 6.2463697682703305 6.080699843178682 6.013204688511713 5.356660911296659 6.240233845118788 0.030679615757712823 6.209554229361076 5.8475347634200645 4.571262747899211 4.601942363656923 4.196971435655114 4.804427827657828 5.117359908386499 4.76147636559703 
-63.5 -65.5 -65.5 -64.5 -64.5 -64.5 -64.5 -63.0 -64.0 -64.0 -63.0 -64.0 -63.0 -63.5 -62.5 -62.0 -64.5 -64.5 -61.5 -58.5 -63.5 -59.5 -61.5 -60.5 -61.5 -62.0 -61.0 -61.0 -61.5 -61.0 -60.5 -57.5 -59.5 -62.0 -65.5 -65.5 -65.5 -63.0 -63.5 -64.5 -63.5 
4.9394181369917645 5.062136600022616 4.988505522204105 5.160311370447297 5.0682725231741586 5.056000676871073 5.049864753719531 5.037592907416445 5.056000676871073 5.056000676871073 4.957825906446392 4.97623367590102 5.129631754689584 5.178719139901925 5.0253210611133605 5.074408446325701 5.154175447295755 5.1725832167503825 5.117359908386499 5.062136600022616 5.675728915176872 5.9518454569962875 5.7616318392984684 5.4671075280244255 0.39269908169872414 6.17273869045182 0.18407769454627693 0.34974761963792617 0.030679615757712823 6.019340611663256 6.258641614573416 0.5399612373357456 6.037748381117884 6.264777537724958 2.4850488763747385 0.02454369260617026 5.921165841238575 5.522330836388308 4.945554060143307 5.098952138931871 5.295301679781233 5.258486140871978 5.307573526084319 5.289165756629691 5.258486140871978 
-61.5 -61.5 -61.0 -62.5 -61.5 -61.5 -61.5 -61.5 -60.5 -59.5 -60.5 -60.0 -59.5 -60.0 -59.0 -59.0 -59.0 -58.0 -59.0 -61.0 -63.5 -59.5 -57.0 -60.0 -64.5 -61.5 -64.5 -63.0 -62.5 -62.5 -63.0 -65.0 -67.5 -63.5 -67.0 -62.0 -65.5 -67.5 -63.5 -61.0 -58.5 -58.5 -58.5 -58.5 -59.0 
