0.8406214717613314 0.8774370106705868 0.8222137023067037 0.6381360077604268 0.9940195505498954 0.8099418560036186 0.7485826244881929 0.7240389318820226 1.239456476611598 1.6505633277649499 4.798291904506286 4.473087977474529 0.11658253987930872 5.724816300389213 2.5954954931025047 0.25157284921324513 
-72.0 -71.5 -71.5 -72.5 -72.0 -72.0 -71.5 -71.0 -68.0 -69.0 -65.5 -66.0 -70.5 -69.0 -68.0 -75.0 
1.8162332528565992 1.7303303287350031 1.7794177139473437 1.7855536370988863 1.7241944055834606 1.859184714917397 1.8162332528565992 1.8407769454627694 4.9823695990525625 1.7732817907958012 1.932815792735908 1.9819031779482483 1.7916895602504288 1.8223691760081417 1.7241944055834606 1.662835174068035 1.662835174068035 1.9082721001297376 1.2701360923693108 5.049864753719531 2.3009711818284617 2.1475731030398975 2.0800779483729293 2.2150682577068657 2.2150682577068657 2.3009711818284617 2.3009711818284617 2.2764274892222915 1.662835174068035 1.5278448647340985 1.7548740213411735 1.8162332528565992 1.8100973297050567 1.6996507129772904 1.9512235621905356 1.761009944492716 1.9205439464328227 1.8714565612204823 1.8775924843720249 1.7794177139473437 
-61.5 -62.0 -61.0 -61.5 -62.5 -61.0 -62.0 -62.0 -62.5 -62.5 -62.0 -61.5 -62.5 -62.5 -61.5 -62.5 -60.0 -62.0 -60.5 -63.5 -63.5 -63.0 -61.5 -61.0 -60.0 -60.0 -60.5 -63.5 -63.0 -60.0 -59.5 -59.5 -60.5 -60.0 -60.0 -60.0 -60.5 -59.0 -59.5 -60.0 
1.4542137869155878 1.4173982480063325 1.368310862793992 1.3192234775816514 1.4848934026733007 1.4051264017032472 1.3989904785517047 1.4173982480063325 1.41126232485479 1.3928545554001621 1.337631247036279 1.3560390164909069 1.1903690913992575 1.325359400733194 1.3499030933393643 1.1780972450961724 1.3069516312785663 1.3437671701878218 1.2578642460662257 1.3621749396424494 1.3867186322486196 1.380582709097077 1.3437671701878218 1.3499030933393643 1.2946797849754812 1.509437095279471 1.3069516312785663 1.3989904785517047 1.2087768608538851 1.1658253987930873 1.0676506283684062 1.0062913968529805 1.1106020904292042 1.3437671701878218 1.6751070203711202 1.3130875544301088 1.2762720155208536 1.4726215563702154 1.5707963267948966 1.5830681730979816 1.5707963267948966 1.4971652489763858 1.4603497100671303 1.509437095279471 1.6137477888556946 1.5155730184310134 
-52.5 -52.5 -52.5 -52.5 -52.5 -52.5 -52.5 -52.5 -52.0 -52.0 -52.0 -51.5 -52.0 -51.5 -51.5 -51.5 -51.5 -51.0 -51.0 -51.0 -51.0 -50.0 -49.5 -51.5 -52.0 -52.0 -51.5 -54.0 -54.5 -57.0 -57.5 -58.0 -56.5 -54.0 -55.0 -53.0 -51.5 -51.5 -51.5 -51.0 -51.0 -52.5 -54.0 -53.5 -54.0 -54.0 
1.3928545554001621 1.3560390164909069 1.3744467859455345 1.3621749396424494 1.3314953238847365 1.325359400733194 1.3008157081270237 1.3192234775816514 1.325359400733194 1.3192234775816514 1.2455923997631406 1.3069516312785663 1.2762720155208536 1.1903690913992575 1.2210487071569704 1.1535535524900022 1.184233168247715 1.2455923997631406 1.1780972450961724 1.2026409377023426 1.214912784005428 1.043106935762236 1.0921943209745766 1.1965050145508 1.3560390164909069 1.380582709097077 1.3560390164909069 1.5707963267948966 1.5892040962495242 1.5707963267948966 1.4664856332186729 1.552388557340269 1.564660403643354 1.4848934026733007 1.8039614065535141 1.5462526341887264 1.3314953238847365 1.282407938672396 1.2210487071569704 1.1106020904292042 1.2885438618239387 1.380582709097077 1.4051264017032472 1.3437671701878218 1.380582709097077 1.4296700943094176 
-50.5 -50.5 -50.5 -50.5 -50.5 -50.0 -50.5 -50.5 -50.5 -50.0 -50.5 -50.5 -50.5 -50.0 -50.5 -50.5 -50.5 -50.5 -50.5 -50.5 -50.5 -51.5 -51.5 -50.5 -50.0 -49.5 -51.0 -52.5 -52.5 -53.0 -52.5 -53.5 -54.0 -52.5 -51.5 -53.0 -52.0 -51.0 -51.0 -50.5 -50.0 -51.0 -50.5 -51.0 -51.0 -51.0 
1.564660403643354 1.6137477888556946 1.576932249946439 1.6689710972195777 1.5953400194010667 1.533980787885641 1.5462526341887264 1.6444274046134073 1.564660403643354 1.509437095279471 1.4603497100671303 1.4971652489763858 1.4480778637640452 1.423534171157875 1.4296700943094176 1.4173982480063325 1.3437671701878218 1.2455923997631406 1.3069516312785663 1.2640001692177683 1.2455923997631406 1.1535535524900022 1.4173982480063325 1.8775924843720249 1.9144080232812801 1.705786636128833 1.932815792735908 1.9880391010997909 2.3009711818284617 2.2948352586769194 2.3623304133438876 2.3623304133438876 2.442097414313941 2.1230294104337273 2.024854640009046 2.1905245651006955 2.1966604882522383 2.1353012567368124 1.7241944055834606 1.5585244804918115 1.5892040962495242 1.6873788666742053 1.7241944055834606 1.761009944492716 1.7732817907958012 1.8100973297050567 
-50.0 -50.5 -50.0 -50.0 -50.0 -50.0 -49.5 -50.0 -49.5 -49.5 -50.0 -49.5 -49.5 -49.5 -49.5 -49.5 -49.5 -49.5 -49.5 -50.0 -50.0 -50.5 -52.5 -51.0 -49.0 -49.5 -51.0 -51.0 -53.0 -53.0 -54.0 -54.0 -54.5 -54.0 -50.0 -49.0 -52.0 -52.0 -52.0 -50.5 -49.5 -49.0 -49.0 -49.0 -49.5 -49.5 
1.8714565612204823 1.902136176978195 1.8960002538266525 1.8407769454627694 1.859184714917397 1.8407769454627694 1.6996507129772904 1.8162332528565992 1.7978254834019713 1.7426021750380885 1.736466251886546 1.736466251886546 1.6321555583103222 1.6566992509164924 1.6505633277649499 1.6321555583103222 1.5953400194010667 1.4173982480063325 1.552388557340269 1.5953400194010667 1.576932249946439 1.5033011721279284 1.564660403643354 1.9389517158874505 1.9880391010997909 2.055534255766759 2.1537090261914402 2.270291566070749 2.337786720737717 2.5034566458293663 2.5157284921324514 2.5341362615870793 2.411417798556228 2.497320722677824 2.2580197197676637 2.356194490192345 2.448233337465483 2.1353012567368124 1.9082721001297376 1.6505633277649499 1.8407769454627694 1.902136176978195 2.043262409463674 1.9757672547967058 1.902136176978195 1.9389517158874505 
-50.0 -50.0 -50.0 -50.0 -50.5 -50.0 -50.0 -50.0 -50.0 -50.5 -50.0 -50.5 -50.5 -50.5 -50.5 -50.5 -51.0 -51.0 -51.0 -51.0 -51.5 -52.5 -53.0 -52.5 -51.5 -53.5 -53.5 -52.5 -54.0 -54.5 -55.0 -56.0 -54.5 -55.5 -54.0 -50.5 -52.5 -54.0 -52.5 -51.0 -50.0 -50.0 -50.0 -49.5 -50.0 -50.0 
4.859651136021712 4.970097752749477 4.700117134081604 4.963961829597935 4.914874444385594 4.657165672020807 4.95168998329485 4.896466674930966 4.7307967498393175 5.031456984264903 4.822835597112456 4.847379289718626 4.601942363656923 4.853515212870168 4.749204519293945 4.7860200582032 4.828971520263998 4.522175362686871 3.902447124381071 5.473243451175968 5.749359992995383 5.626641529964532 6.068427996875596 5.884350302329319 6.17273869045182 6.056156150572511 6.019340611663256 6.050020227420969 6.019340611663256 5.773903685601553 5.264622064023521 5.945709533844745 0.03681553890925539 6.17273869045182 6.050020227420969 1.337631247036279 4.95168998329485 5.111223985234957 5.0253210611133605 4.945554060143307 
-62.5 -61.5 -61.5 -60.5 -61.5 -61.5 -62.0 -61.5 -61.0 -59.5 -60.0 -62.0 -60.5 -59.5 -61.0 -60.5 -59.5 -64.0 -62.5 -68.5 -59.0 -62.0 -60.5 -62.0 -60.5 -61.5 -62.5 -61.5 -60.0 -64.0 -60.0 -56.5 -57.0 -62.0 -63.5 -66.0 -62.0 -60.5 -62.0 -61.0 
5.387340527054372 5.485515297479052 5.2768939103266055 5.473243451175968 5.3627968344482015 5.387340527054372 2.2334760271614935 5.307573526084319 5.252350217720435 5.338253141842031 5.178719139901925 5.332117218690489 5.092816215780329 5.178719139901925 5.258486140871978 5.448699758569798 5.307573526084319 5.368932757599744 4.853515212870168 2.6445828783148455 5.976389149602458 5.982525072754001 0.28838838812250056 0.23316507975861744 6.050020227420969 0.20248546400090464 0.018407769454627694 0.0859029241215959 0.15339807878856412 3.1661363461959633 6.2034183062095325 5.724816300389213 5.859806609723149 6.135923151542564 6.007068765360171 5.884350302329319 4.859651136021712 2.1966604882522383 5.546874528994478 5.47937937432751 5.270757987175063 5.393476450205914 5.399612373357457 
-58.5 -58.0 -58.5 -58.0 -57.5 -58.0 -58.5 -58.0 -58.0 -58.0 -58.0 -57.5 -58.0 -57.5 -57.5 -58.5 -58.0 -58.5 -62.0 -64.0 -59.0 -58.0 -68.0 -63.0 -62.0 -65.5 -63.5 -63.0 -64.5 -67.5 -67.0 -66.5 -60.5 -60.0 -61.5 -61.5 -63.5 -60.0 -58.5 -58.0 -58.0 -58.5 -58.0 
