3.0127382674073995 2.7550294950426117 6.240233845118788 3.0925052683774528 2.9697868053466014 6.252505691421874 3.018874190558942 2.9820586516496865 3.0802334220743677 3.117048960983623 3.031146036862027 3.184544115650591 3.2459033471660166 3.77972866135022 3.055689729468197 3.1661363461959633 2.9329712664373457 2.8777479580734626 2.9329712664373457 3.2397674240144743 0.521553467881118 3.32567034813607 0.8528933180644165 3.77972866135022 3.2090878082567613 3.2520392703175593 3.4054373491061236 3.3870295796514958 3.736777199289422 3.141592653589793 3.5588354278946874 4.049709280018092 3.6263305825616556 3.3318062712876126 3.442252888015379 3.5158839658338894 3.6263305825616556 3.2581751934691017 2.816388726558037 
-66.0 -66.0 -67.0 -64.5 -66.0 -67.0 -66.0 -66.0 -64.5 -66.5 -66.0 -66.0 -67.0 -66.0 -67.5 -64.0 -67.0 -65.5 -65.5 -66.0 -65.0 -67.0 -68.5 -65.5 -65.5 -65.0 -65.5 -65.0 -62.5 -65.5 -65.5 -67.5 -66.0 -63.5 -62.5 -63.0 -64.5 -65.0 -64.0 
2.4605051837685683 2.3071071049800045 2.282563412373834 5.559146375297564 5.546874528994478 2.2580197197676637 2.325514874434632 2.2396119503130363 2.442097414313941 2.2580197197676637 2.350058567040802 2.282563412373834 2.3071071049800045 2.399145952253143 2.1782527187976104 2.356194490192345 2.2580197197676637 2.282563412373834 2.2948352586769194 2.1782527187976104 2.4911847995262812 2.442097414313941 2.423689644859313 2.521864415283994 3.3072625786814425 3.2336315008629315 2.650718801466388 2.5770877236478773 2.3009711818284617 2.6384469551633027 2.675262494072558 2.730485802436441 3.0925052683774528 3.5036121195308043 3.153864499892878 2.705942109830271 2.337786720737717 2.5402721847386216 2.356194490192345 2.1475731030398975 1.8530487917658545 
-61.5 -64.5 -65.0 -65.0 -65.0 -64.5 -64.5 -64.0 -63.5 -63.5 -64.5 -64.5 -65.5 -65.0 -65.0 -65.0 -64.5 -63.5 -64.5 -63.0 -63.0 -62.0 -63.5 -64.0 -65.5 -64.0 -62.5 -62.5 -63.0 -62.5 -62.5 -62.0 -62.0 -65.0 -65.5 -66.5 -64.5 -63.5 -62.0 -62.0 -62.5 
1.0676506283684062 1.030835089459151 1.0062913968529805 1.0246991663076084 1.000155473701438 1.0185632431560658 1.0246991663076084 1.0185632431560658 1.0185632431560658 1.000155473701438 1.030835089459151 1.0062913968529805 1.030835089459151 0.9940195505498954 1.043106935762236 1.0369710126106935 1.055378782065321 1.086058397823034 1.0369710126106935 1.043106935762236 1.030835089459151 1.0185632431560658 1.030835089459151 1.0737865515199487 1.0615147052168636 0.9019807032767571 1.0492428589137786 1.368310862793992 1.0062913968529805 1.012427320004523 1.0369710126106935 1.0676506283684062 1.0369710126106935 1.0062913968529805 0.9326603190344698 1.0246991663076084 1.1535535524900022 1.3621749396424494 1.1719613219446299 1.0185632431560658 1.1351457830353744 1.086058397823034 0.9510680884890975 0.8406214717613314 
-48.5 -48.5 -48.5 -48.5 -48.5 -48.5 -48.5 -49.0 -48.5 -48.5 -48.5 -48.5 -48.5 -48.5 -48.5 -48.5 -48.5 -49.0 -49.0 -48.5 -48.5 -48.5 -49.0 -50.0 -53.0 -54.0 -55.5 -54.0 -53.0 -54.0 -53.0 -52.5 -52.5 -53.0 -53.0 -53.0 -52.0 -53.0 -53.0 -52.0 -51.5 -51.0 -50.0 -50.5 
0.9940195505498954 0.9387962421860124 0.9817477042468103 1.012427320004523 0.9756117810952678 0.9817477042468103 0.9817477042468103 1.000155473701438 1.012427320004523 1.0246991663076084 0.9633399347921826 0.9878836273983529 1.012427320004523 0.9817477042468103 0.9694758579437253 0.9940195505498954 0.9940195505498954 1.0492428589137786 1.0737865515199487 1.0246991663076084 1.0246991663076084 1.043106935762236 1.030835089459151 1.0921943209745766 1.1167380135807468 1.2087768608538851 1.5585244804918115 1.7119225592803755 1.3069516312785663 1.4726215563702154 1.3499030933393643 1.337631247036279 1.2762720155208536 1.3560390164909069 1.3867186322486196 1.3192234775816514 1.3069516312785663 1.5401167110371838 1.5892040962495242 1.5033011721279284 1.282407938672396 1.1596894756415448 1.0492428589137786 0.9203884727313847 
-50.5 -50.0 -50.5 -50.5 -51.0 -50.5 -50.5 -50.5 -50.5 -50.5 -50.5 -50.5 -51.0 -50.5 -50.5 -50.5 -50.5 -51.0 -50.5 -50.5 -50.5 -50.5 -50.5 -51.0 -51.5 -53.5 -54.0 -51.5 -51.0 -51.5 -51.0 -50.5 -51.0 -50.5 -50.5 -51.0 -50.0 -50.5 -52.5 -53.5 -52.5 -52.0 -51.5 -51.5 
1.4664856332186729 1.4603497100671303 1.4664856332186729 1.4787574795217582 1.5033011721279284 1.4971652489763858 1.4664856332186729 1.4603497100671303 1.4787574795217582 1.4787574795217582 1.3621749396424494 1.4971652489763858 1.4173982480063325 1.509437095279471 1.4848934026733007 1.509437095279471 1.4848934026733007 1.4296700943094176 1.509437095279471 1.4910293258248433 1.4787574795217582 1.5278448647340985 1.5462526341887264 1.5953400194010667 2.055534255766759 2.282563412373834 2.270291566070749 1.8162332528565992 1.748738098189631 1.748738098189631 1.736466251886546 1.7241944055834606 1.6382914814618648 1.6751070203711202 1.6935147898257479 1.6566992509164924 1.6812429435226628 1.7548740213411735 2.0064468705544187 2.1353012567368124 2.141437179888355 1.8407769454627694 1.6812429435226628 1.3744467859455345 
-54.5 -54.5 -54.0 -54.0 -54.5 -54.5 -54.5 -54.0 -54.0 -54.0 -54.0 -54.0 -54.0 -54.0 -53.5 -54.5 -54.0 -54.5 -54.0 -54.5 -54.0 -54.5 -55.0 -57.0 -58.0 -57.0 -53.5 -51.0 -53.0 -53.0 -52.5 -52.5 -52.5 -52.5 -52.0 -53.0 -51.0 -50.5 -49.5 -53.5 -54.5 -56.5 -58.0 -58.0 
1.5585244804918115 1.576932249946439 1.576932249946439 1.5585244804918115 1.552388557340269 1.5830681730979816 1.5707963267948966 1.5033011721279284 1.564660403643354 1.576932249946439 1.552388557340269 1.552388557340269 1.5585244804918115 1.576932249946439 1.564660403643354 1.576932249946439 1.5892040962495242 1.607611865704152 1.5462526341887264 1.6260196351587797 1.5953400194010667 1.5462526341887264 1.5278448647340985 1.5892040962495242 1.8775924843720249 2.2948352586769194 2.356194490192345 2.012582793705961 2.1966604882522383 2.1353012567368124 2.172116795646068 2.1230294104337273 1.9880391010997909 2.086213871524472 2.0371264863121317 2.086213871524472 2.1046216409791 2.0064468705544187 2.0923497946760143 2.282563412373834 2.1905245651006955 1.8775924843720249 1.662835174068035 1.552388557340269 
-53.0 -52.5 -53.0 -53.0 -52.5 -52.0 -52.5 -53.0 -53.0 -53.0 -53.0 -53.0 -53.0 -53.0 -53.5 -53.0 -53.0 -53.0 -53.0 -53.0 -53.0 -53.0 -53.5 -54.0 -55.5 -56.0 -53.5 -54.0 -57.0 -56.5 -56.0 -54.5 -54.5 -54.5 -55.5 -55.5 -56.0 -53.5 -52.5 -52.5 -54.0 -55.5 -55.5 -55.0 
4.841243366567084 4.865787059173254 4.902602598082509 4.92714629068868 4.902602598082509 4.884194828627882 4.914874444385594 4.8351074434155406 4.792155981354743 4.988505522204105 4.884194828627882 4.81056375080937 4.878058905476339 4.921010367537137 4.902602598082509 4.95168998329485 4.945554060143307 4.921010367537137 4.865787059173254 4.896466674930966 4.847379289718626 4.908738521234052 4.95168998329485 5.2768939103266055 5.749359992995383 6.000932842208628 6.013204688511713 5.350524988145116 5.626641529964532 5.209398755659637 5.221670601962723 5.4671075280244255 5.393476450205914 5.252350217720435 5.160311370447297 5.258486140871978 5.540738605842936 5.473243451175968 5.632777453116074 5.878214379177777 5.651185222570702 5.688000761479957 5.399612373357457 5.442563835418255 
-60.5 -61.0 -60.5 -61.0 -61.0 -61.0 -61.5 -61.0 -61.0 -61.0 -60.5 -61.0 -61.0 -61.5 -60.0 -61.0 -60.5 -60.5 -60.5 -60.5 -60.5 -61.0 -61.5 -63.0 -64.0 -62.5 -58.5 -58.5 -60.0 -60.5 -61.0 -60.5 -60.5 -61.0 -60.5 -60.0 -59.0 -59.0 -56.5 -59.0 -62.0 -62.0 -63.0 -62.5 
4.558990901596125 4.577398671050753 4.577398671050753 4.608078286808466 4.565126824747668 4.577398671050753 4.534447208989955 4.620350133111551 4.516039439535327 4.522175362686871 4.522175362686871 4.4976316700806995 4.485359823777615 4.485359823777615 4.558990901596125 4.620350133111551 4.558990901596125 4.540583132141498 4.595806440505381 4.577398671050753 4.381049130201391 4.608078286808466 4.4362724385652745 4.804427827657828 5.491651220630596 5.9088939949354895 5.706408530934585 2.055534255766759 5.9088939949354895 5.577554144752192 5.902758071783947 5.964117303299373 5.853670686571607 5.902758071783947 5.724816300389213 5.896622148632405 0.0 5.332117218690489 5.602097837358362 5.8659425328746915 5.577554144752192 5.135767677841127 4.608078286808466 
-61.5 -61.5 -62.0 -63.0 -63.5 -62.0 -63.5 -61.5 -63.0 -62.0 -63.5 -63.5 -63.0 -62.5 -63.0 -63.0 -62.5 -63.0 -63.0 -62.5 -62.5 -63.0 -63.0 -63.5 -64.5 -67.0 -63.0 -71.0 -66.5 -65.5 -64.5 -64.5 -63.5 -62.5 -64.5 -65.0 -69.0 -64.5 -61.5 -62.0 -64.0 -65.5 -68.0 
