3.0066023442558567 3.172272269347506 3.1231848841351653 3.129320807286708 3.2520392703175593 3.1661363461959633 3.11091303783208 3.184544115650591 3.172272269347506 3.055689729468197 2.9145634969827183 3.147728576741336 3.000466421104314 3.0372819600135696 3.117048960983623 3.141592653589793 2.9329712664373457 2.9268353432858034 3.522019888985432 3.5281558121369745 3.5036121195308043 3.773592738198677 3.6079228131070282 3.8533597391687304 3.466796580621549 3.2520392703175593 3.1906800388021335 3.442252888015379 3.411573272257666 3.356349963893783 3.3440781175906977 3.448388811166921 3.7981364308048478 0.2454369260617026 3.147728576741336 3.423845118560751 3.479068426924634 2.834796496012665 2.9820586516496865 2.6568547246179306 2.724349879284899 2.859340188618835 2.945243112740431 2.859340188618835 
-62.0 -62.5 -63.0 -62.5 -61.0 -62.0 -61.0 -63.0 -62.0 -62.5 -62.0 -62.5 -63.0 -63.0 -63.0 -62.5 -63.5 -63.5 -64.5 -63.0 -65.0 -66.5 -66.5 -67.0 -64.0 -64.0 -64.0 -64.0 -64.5 -63.5 -62.5 -63.0 -67.0 -67.0 -63.5 -62.5 -62.5 -64.0 -65.5 -65.0 -65.0 -65.0 -65.0 -65.0 
2.067806102069844 2.1905245651006955 2.1230294104337273 2.1046216409791 2.172116795646068 5.473243451175968 2.2396119503130363 2.184388641949153 2.3316507975861747 2.3930100291016 2.2334760271614935 2.227340104009951 1.945087639038993 2.1230294104337273 2.1537090261914402 2.018718716857504 2.337786720737717 2.435961491162398 2.5034566458293663 2.816388726558037 3.3870295796514958 3.0250101137104846 2.791845033951867 2.84706834231575 2.8961557275280905 2.84706834231575 2.859340188618835 2.9636508821950587 3.06182565261974 3.436116964863836 3.3072625786814425 2.7120780329818137 2.497320722677824 2.1046216409791 2.36846633649543 2.141437179888355 1.9941750242513334 1.9634954084936207 1.9512235621905356 2.073942025221387 2.1230294104337273 2.000310947402876 
-64.5 -63.0 -63.5 -63.0 -63.0 -63.5 -63.5 -61.5 -62.5 -63.0 -63.0 -62.5 -62.5 -62.0 -64.0 -62.0 -63.0 -62.5 -63.5 -64.5 -63.5 -62.0 -62.0 -62.5 -62.5 -63.0 -62.5 -62.0 -62.0 -62.5 -65.5 -65.5 -65.5 -63.0 -62.0 -62.0 -63.0 -63.5 -64.0 -63.5 -64.5 -63.5 
1.000155473701438 1.0369710126106935 1.030835089459151 1.0369710126106935 1.086058397823034 1.0062913968529805 1.0492428589137786 1.0246991663076084 1.0246991663076084 1.0185632431560658 1.0492428589137786 1.0062913968529805 1.0369710126106935 1.0369710126106935 1.0185632431560658 0.9817477042468103 0.9817477042468103 1.043106935762236 0.9940195505498954 1.0062913968529805 0.9878836273983529 1.4051264017032472 1.325359400733194 1.0983302441261191 1.030835089459151 1.030835089459151 1.0369710126106935 1.055378782065321 1.055378782065321 1.0369710126106935 1.043106935762236 1.030835089459151 1.0615147052168636 1.1658253987930873 1.3560390164909069 1.1351457830353744 0.9756117810952678 1.0615147052168636 0.9817477042468103 0.7792622402459057 0.7117670855789375 0.7363107781851077 0.7179030087304801 0.7117670855789375 0.6810874698212247 
-49.0 -49.0 -49.0 -49.0 -49.0 -49.0 -49.0 -49.0 -49.0 -49.0 -49.0 -49.0 -49.0 -49.0 -49.0 -49.5 -49.0 -50.0 -51.5 -53.0 -54.0 -54.0 -52.0 -51.5 -52.5 -53.0 -53.5 -53.5 -53.0 -53.0 -53.5 -52.5 -52.0 -51.0 -53.5 -54.0 -51.5 -51.0 -51.0 -51.5 -51.5 -51.0 -51.0 -51.5 -51.0 
1.012427320004523 1.000155473701438 0.9817477042468103 1.0676506283684062 1.030835089459151 1.0492428589137786 0.9694758579437253 1.0676506283684062 1.0062913968529805 1.0185632431560658 0.9756117810952678 1.0369710126106935 0.8774370106705868 0.9817477042468103 0.9940195505498954 1.0369710126106935 1.012427320004523 1.0737865515199487 1.1596894756415448 1.3192234775816514 1.6137477888556946 1.718058482431918 1.4419419406125027 1.3130875544301088 1.3499030933393643 1.3744467859455345 1.4296700943094176 1.3621749396424494 1.3314953238847365 1.3560390164909069 1.3621749396424494 1.3499030933393643 1.2885438618239387 1.3437671701878218 1.5401167110371838 1.552388557340269 1.4480778637640452 1.3314953238847365 1.1535535524900022 0.9633399347921826 0.9633399347921826 0.944932165337555 0.8774370106705868 0.9265243958829272 0.9081166264282996 
-50.5 -51.0 -50.5 -50.5 -50.5 -50.5 -50.0 -50.5 -50.0 -50.5 -50.5 -50.5 -50.5 -50.5 -50.0 -50.5 -51.0 -51.0 -51.0 -52.5 -52.0 -51.0 -49.5 -50.0 -51.0 -51.0 -50.5 -51.0 -51.0 -50.5 -51.0 -51.0 -50.5 -50.0 -51.0 -51.5 -52.5 -52.0 -51.5 -52.0 -52.5 -53.0 -53.0 -53.5 -53.0 
1.3744467859455345 1.3314953238847365 1.4480778637640452 1.4726215563702154 1.4296700943094176 1.4542137869155878 1.4726215563702154 1.4603497100671303 1.4358060174609601 1.41126232485479 1.4051264017032472 1.4603497100671303 1.4173982480063325 1.3989904785517047 1.4358060174609601 1.4296700943094176 1.4603497100671303 1.7303303287350031 1.902136176978195 2.1353012567368124 2.2334760271614935 1.9634954084936207 1.6996507129772904 1.6751070203711202 1.6935147898257479 1.7671458676442586 1.736466251886546 1.748738098189631 1.748738098189631 1.7241944055834606 1.736466251886546 1.7119225592803755 1.576932249946439 1.5892040962495242 1.7119225592803755 1.846912868614312 2.018718716857504 2.0800779483729293 1.9266798695843652 1.6444274046134073 1.6014759425526093 1.5707963267948966 1.521708941582556 1.576932249946439 1.5585244804918115 
-57.0 -56.5 -56.5 -57.0 -56.5 -57.0 -56.0 -56.0 -56.5 -56.5 -56.5 -56.5 -56.0 -56.0 -56.5 -56.5 -56.5 -58.5 -58.0 -56.5 -53.0 -49.5 -51.5 -51.5 -53.0 -52.0 -52.5 -53.0 -53.0 -52.5 -52.0 -52.5 -52.5 -51.5 -50.5 -50.5 -54.0 -54.0 -55.0 -56.5 -58.0 -58.0 -58.0 -58.0 -58.0 
1.6321555583103222 1.5585244804918115 1.6444274046134073 1.6566992509164924 1.6689710972195777 1.6873788666742053 1.6505633277649499 1.564660403643354 1.6382914814618648 1.6382914814618648 1.607611865704152 1.6137477888556946 1.6198837120072371 1.607611865704152 1.6321555583103222 1.6505633277649499 1.5830681730979816 1.6873788666742053 1.846912868614312 2.1537090261914402 2.1598449493429825 1.9389517158874505 1.9757672547967058 2.0800779483729293 1.9512235621905356 2.024854640009046 2.0493983326152168 2.110757564130642 2.061670178918302 2.086213871524472 2.012582793705961 2.012582793705961 2.067806102069844 1.8346410223112268 1.9389517158874505 1.9512235621905356 2.055534255766759 2.030990563160589 1.7548740213411735 1.5953400194010667 1.576932249946439 1.4419419406125027 1.564660403643354 1.6382914814618648 1.564660403643354 
-54.0 -54.0 -54.0 -53.5 -53.5 -53.5 -53.0 -53.5 -53.5 -54.0 -53.5 -54.0 -53.5 -54.0 -53.5 -53.5 -54.5 -55.5 -55.5 -55.5 -52.5 -53.0 -54.5 -55.5 -55.0 -56.5 -56.0 -55.5 -55.0 -55.5 -56.0 -56.0 -56.0 -55.5 -53.0 -53.0 -52.5 -53.5 -55.5 -57.0 -57.0 -57.0 -57.5 -58.0 -58.0 
4.9394181369917645 5.350524988145116 5.283029833478148 5.264622064023521 5.2768939103266055 5.190990986205009 5.148039524144211 5.252350217720435 5.270757987175063 5.258486140871978 5.240078371417351 5.418020142812084 5.332117218690489 5.307573526084319 5.252350217720435 5.2768939103266055 5.227806525114265 5.724816300389213 5.71868037723767 5.878214379177777 5.970253226450915 5.7616318392984684 5.540738605842936 5.534602682691394 5.620505606812989 5.350524988145116 5.393476450205914 5.460971604872882 5.522330836388308 5.350524988145116 5.264622064023521 5.270757987175063 5.473243451175968 5.522330836388308 5.460971604872882 5.473243451175968 5.939573610693203 5.8659425328746915 5.688000761479957 5.595961914206819 5.626641529964532 5.540738605842936 5.497787143782138 5.485515297479052 5.516194913236766 
-63.0 -61.5 -62.0 -59.5 -61.5 -61.5 -62.0 -61.5 -61.5 -61.5 -61.0 -61.5 -62.0 -61.0 -61.0 -61.5 -61.5 -63.0 -63.5 -62.5 -58.0 -56.5 -58.5 -58.0 -58.5 -59.0 -60.0 -60.5 -59.5 -60.5 -59.5 -58.5 -59.0 -57.5 -58.5 -57.5 -58.0 -60.0 -60.0 -60.5 -60.5 -60.0 -60.0 -60.0 -60.5 
4.828971520263998 5.019185137961818 4.7307967498393175 4.884194828627882 4.871922982324796 4.841243366567084 4.749204519293945 4.792155981354743 4.822835597112456 5.019185137961818 4.767612288748572 4.97623367590102 4.767612288748572 4.878058905476339 4.767612288748572 4.95168998329485 5.006913291658733 1.859184714917397 5.117359908386499 5.632777453116074 5.608233760509904 5.037592907416445 5.595961914206819 5.786175531904639 5.620505606812989 5.792311455056181 5.749359992995383 6.105243535784852 5.976389149602458 5.921165841238575 5.915029918087033 5.822991070813893 5.872078456026235 5.915029918087033 5.313709449235861 5.393476450205914 5.663457068873787 5.473243451175968 5.264622064023521 4.724660826687775 1.368310862793992 
-64.0 -63.0 -63.5 -62.5 -63.0 -63.0 -63.0 -63.5 -63.0 -63.0 -63.0 -64.0 -63.5 -64.0 -62.5 -63.0 -64.0 -67.5 -65.0 -64.5 -61.0 -60.5 -69.0 -65.5 -63.5 -65.0 -63.5 -65.0 -64.0 -64.0 -64.5 -64.0 -62.0 -66.5 -62.5 -61.0 -62.5 -62.5 -66.0 -69.0 -77.0 
