2.988194574801229 3.018874190558942 3.000466421104314 3.074097498922825 2.9759227284981438 3.018874190558942 2.9759227284981438 2.8838838812250054 3.06182565261974 2.9145634969827183 3.06182565261974 2.988194574801229 3.1784081924990484 3.0495538063166547 3.1906800388021335 3.08636934522591 3.018874190558942 3.055689729468197 3.1784081924990484 3.3318062712876126 0.5798447378207724 3.393165502803038 3.423845118560751 3.6386024288647407 3.9944859716542096 3.816544200259475 3.693825737228624 3.54042765844006 3.2704470397721868 3.5281558121369745 3.6386024288647407 3.9085830475326135 3.785864584501762 3.06182565261974 0.20248546400090464 3.423845118560751 3.2704470397721868 3.11091303783208 2.9759227284981438 2.8654761117703775 2.84706834231575 2.84706834231575 2.834796496012665 
-63.0 -64.0 -63.0 -63.5 -63.5 -63.5 -63.0 -62.5 -64.0 -64.0 -62.5 -63.0 -63.0 -63.5 -64.0 -64.0 -63.0 -64.0 -64.0 -64.5 -64.0 -63.0 -66.5 -67.5 -68.0 -66.0 -65.5 -64.5 -65.5 -66.5 -65.5 -66.5 -67.0 -66.5 -64.0 -63.5 -64.5 -64.0 -63.5 -62.5 -63.5 -63.0 -63.5 
2.012582793705961 2.110757564130642 2.356194490192345 2.172116795646068 2.1353012567368124 2.043262409463674 2.184388641949153 2.116893487282185 2.1353012567368124 2.1598449493429825 2.2457478734645786 2.2212041808584084 2.1475731030398975 2.2457478734645786 2.227340104009951 2.2089323345553233 2.2518837966161214 2.2948352586769194 2.2457478734645786 2.36846633649543 2.5740197620721057 2.386874105950058 2.5402721847386216 3.0495538063166547 3.399301425954581 3.423845118560751 3.031146036862027 2.9022916506796332 2.60776733940559 2.724349879284899 2.761165418194154 2.7857091108003242 2.945243112740431 3.1231848841351653 3.0495538063166547 2.7857091108003242 2.1782527187976104 2.018718716857504 2.2334760271614935 2.2150682577068657 2.141437179888355 2.2334760271614935 2.018718716857504 2.030990563160589 2.172116795646068 2.116893487282185 
-62.0 -62.5 -63.0 -62.0 -63.0 -63.5 -62.5 -63.5 -63.5 -63.5 -62.5 -63.5 -63.5 -63.5 -62.5 -63.0 -64.0 -62.0 -63.0 -62.0 -63.0 -62.5 -64.5 -65.0 -64.5 -63.0 -62.5 -62.0 -62.5 -62.5 -63.5 -62.5 -62.0 -63.0 -65.5 -65.0 -65.5 -63.0 -63.0 -61.5 -62.0 -62.5 -64.0 -63.0 -63.5 -63.5 
0.9142525495798421 0.9265243958829272 0.9203884727313847 0.9326603190344698 0.9142525495798421 0.8774370106705868 0.9326603190344698 0.8897088569736719 0.8958447801252144 0.8897088569736719 0.9265243958829272 0.8651651643675016 0.9019807032767571 0.9081166264282996 0.9019807032767571 0.944932165337555 0.9265243958829272 0.9510680884890975 0.9633399347921826 1.0062913968529805 4.276738436625168 1.0246991663076084 1.184233168247715 1.4419419406125027 1.1903690913992575 1.0369710126106935 1.0799224746714913 1.0676506283684062 1.0676506283684062 1.0676506283684062 1.1106020904292042 1.0676506283684062 1.0983302441261191 1.1167380135807468 1.1965050145508 1.3867186322486196 1.1596894756415448 0.944932165337555 1.0983302441261191 1.0615147052168636 0.9940195505498954 0.9019807032767571 0.8774370106705868 0.8651651643675016 0.8344855486097889 0.8651651643675016 
-49.0 -49.0 -49.5 -49.0 -49.0 -49.0 -49.5 -49.0 -49.5 -49.5 -49.0 -49.0 -49.0 -49.0 -49.0 -49.0 -49.0 -49.0 -49.0 -49.5 -52.5 -52.5 -54.0 -53.5 -51.0 -52.0 -53.0 -53.0 -53.5 -53.5 -53.5 -53.5 -52.5 -52.5 -51.5 -53.5 -54.5 -52.5 -51.5 -50.5 -49.5 -49.5 -50.0 -49.5 -50.0 -49.5 
0.9694758579437253 0.9940195505498954 0.9940195505498954 0.9878836273983529 1.000155473701438 1.012427320004523 1.0062913968529805 0.9756117810952678 0.9572040116406401 0.9817477042468103 0.8897088569736719 0.9387962421860124 0.9633399347921826 0.9817477042468103 0.9940195505498954 0.9756117810952678 0.9756117810952678 0.9633399347921826 1.0062913968529805 1.0676506283684062 1.2793399770966247 1.3867186322486196 1.6505633277649499 1.5953400194010667 1.368310862793992 1.3314953238847365 1.4664856332186729 1.521708941582556 1.4664856332186729 1.4542137869155878 1.4419419406125027 1.4848934026733007 1.4971652489763858 1.4480778637640452 1.368310862793992 1.5278448647340985 1.6444274046134073 1.533980787885641 1.337631247036279 1.2087768608538851 1.055378782065321 0.9878836273983529 1.000155473701438 0.9572040116406401 0.9572040116406401 0.9510680884890975 
-51.5 -51.5 -51.5 -51.5 -51.5 -51.5 -51.5 -51.5 -51.5 -51.5 -51.5 -51.0 -51.5 -51.0 -51.0 -51.5 -51.5 -51.5 -51.5 -51.5 -52.5 -53.0 -52.0 -50.5 -50.0 -51.0 -51.5 -51.5 -51.0 -51.0 -51.0 -51.0 -51.5 -51.5 -50.5 -50.5 -52.0 -53.5 -53.0 -52.0 -51.5 -52.0 -52.0 -52.0 -52.5 -52.5 
1.41126232485479 1.3744467859455345 1.3560390164909069 1.3867186322486196 1.4296700943094176 1.282407938672396 1.337631247036279 1.325359400733194 1.2885438618239387 1.2885438618239387 1.2333205534600555 1.2946797849754812 1.3867186322486196 1.3069516312785663 1.368310862793992 1.3130875544301088 1.3069516312785663 1.3989904785517047 1.4419419406125027 1.5401167110371838 5.2768939103266055 2.1905245651006955 2.116893487282185 1.8714565612204823 1.7978254834019713 1.7855536370988863 1.8346410223112268 1.8714565612204823 1.8223691760081417 1.8162332528565992 1.7671458676442586 1.8407769454627694 1.8285050991596843 1.7855536370988863 1.7548740213411735 1.8407769454627694 2.1046216409791 2.2334760271614935 2.184388641949153 1.9573594853420782 1.6566992509164924 1.4542137869155878 1.4358060174609601 1.3744467859455345 1.325359400733194 1.3499030933393643 
-56.0 -56.0 -56.0 -56.0 -56.0 -56.0 -56.0 -56.0 -56.0 -56.0 -56.0 -56.0 -56.0 -55.5 -56.0 -56.0 -56.0 -56.0 -56.0 -57.0 -57.0 -56.5 -52.0 -50.5 -51.5 -52.0 -52.5 -52.0 -52.5 -53.0 -52.5 -52.0 -52.0 -52.0 -51.5 -51.5 -52.0 -56.0 -55.5 -56.5 -57.0 -57.0 -57.5 -57.0 -56.5 -56.5 
1.5401167110371838 1.607611865704152 1.5830681730979816 1.576932249946439 1.552388557340269 1.5707963267948966 1.4971652489763858 1.576932249946439 1.5033011721279284 1.5953400194010667 1.576932249946439 1.4603497100671303 1.521708941582556 1.5033011721279284 1.533980787885641 1.5278448647340985 1.5155730184310134 1.5462526341887264 1.4726215563702154 1.5830681730979816 2.0279226015848177 2.116893487282185 2.043262409463674 1.9634954084936207 2.0371264863121317 2.0800779483729293 2.116893487282185 2.061670178918302 2.1046216409791 2.1598449493429825 2.055534255766759 2.0493983326152168 2.0371264863121317 2.116893487282185 2.000310947402876 2.0493983326152168 2.1537090261914402 2.1598449493429825 2.1230294104337273 1.9082721001297376 1.5155730184310134 1.576932249946439 1.5401167110371838 1.5278448647340985 1.509437095279471 1.509437095279471 
-55.5 -55.5 -55.0 -55.5 -55.5 -55.5 -55.0 -55.0 -55.5 -55.0 -55.0 -55.5 -55.5 -55.0 -54.5 -55.5 -55.0 -55.5 -55.5 -55.5 -56.0 -55.0 -53.0 -54.5 -55.5 -56.0 -55.0 -56.5 -56.0 -55.0 -55.5 -55.5 -55.0 -55.0 -55.5 -54.0 -54.5 -54.0 -54.0 -55.0 -56.0 -55.5 -55.5 -56.0 -56.5 -56.5 
5.264622064023521 5.338253141842031 5.2768939103266055 5.227806525114265 5.295301679781233 5.283029833478148 5.221670601962723 5.264622064023521 5.190990986205009 5.209398755659637 5.258486140871978 5.221670601962723 5.289165756629691 5.227806525114265 5.307573526084319 5.190990986205009 5.227806525114265 5.246214294568893 5.252350217720435 5.620505606812989 5.755495916146925 6.025476534814799 5.859806609723149 5.497787143782138 5.681864838328415 5.602097837358362 5.565282298449106 5.338253141842031 5.387340527054372 5.485515297479052 5.45483568172134 5.460971604872882 5.399612373357457 5.47937937432751 5.675728915176872 5.638913376267617 5.816855147662351 6.031612457966341 5.927301764390117 5.681864838328415 5.497787143782138 5.460971604872882 5.411884219660542 5.5100589900852235 5.393476450205914 5.6143696836614465 
-61.0 -62.0 -62.0 -62.0 -61.5 -62.0 -61.5 -62.0 -62.0 -62.0 -61.5 -61.5 -62.0 -61.5 -62.0 -62.0 -61.5 -61.5 -61.5 -61.5 -62.5 -60.0 -56.0 -58.0 -57.0 -57.5 -58.0 -58.0 -60.0 -60.0 -59.5 -59.0 -58.5 -58.5 -57.5 -59.5 -56.5 -58.5 -60.0 -60.0 -60.5 -61.0 -60.5 -61.0 -61.5 -61.0 
4.657165672020807 4.700117134081604 4.675573441475434 4.626486056263094 4.589670517353839 4.620350133111551 4.601942363656923 4.522175362686871 4.626486056263094 4.693981210930062 4.595806440505381 4.651029748869264 4.552854978444583 4.620350133111551 4.460816131171445 4.626486056263094 4.601942363656923 4.693981210930062 4.675573441475434 4.828971520263998 2.089281833100243 5.743224069843841 5.399612373357457 5.209398755659637 5.902758071783947 5.9088939949354895 5.675728915176872 5.577554144752192 5.8659425328746915 5.688000761479957 5.755495916146925 5.853670686571607 5.724816300389213 5.755495916146925 5.896622148632405 5.350524988145116 5.853670686571607 5.890486225480862 5.332117218690489 5.049864753719531 4.7860200582032 4.522175362686871 4.528311285838413 4.485359823777615 1.3867186322486196 
-64.0 -64.0 -65.0 -64.5 -65.0 -65.0 -65.0 -65.0 -64.5 -64.5 -64.5 -65.0 -65.0 -64.0 -64.5 -64.0 -64.0 -63.5 -65.0 -65.0 -64.0 -62.0 -61.5 -62.0 -67.5 -64.5 -63.5 -64.5 -65.5 -65.5 -65.0 -64.5 -63.5 -63.5 -67.5 -64.0 -62.0 -65.5 -63.0 -63.0 -66.0 -65.5 -65.5 -66.0 -68.5 
