2.552544031041707 2.5341362615870793 2.6813984172241008 2.675262494072558 2.8102528034064944 2.6016314162540475 2.779573187648782 2.834796496012665 2.890019804376548 2.779573187648782 2.791845033951867 2.8838838812250054 2.779573187648782 2.8654761117703775 2.8777479580734626 2.693670263527186 2.8102528034064944 3.0925052683774528 3.466796580621549 3.9392626632903265 3.6876898140770815 3.3195344249845276 3.184544115650591 3.509748042682347 3.902447124381071 3.7122335066832517 3.5158839658338894 3.5342917352885173 3.411573272257666 3.693825737228624 3.773592738198677 3.9822141253511245 3.429981041712294 0.2270291566070749 3.2581751934691017 3.08636934522591 3.32567034813607 3.448388811166921 2.9513790358919736 2.8532042654672924 2.9329712664373457 2.82252464970958 2.8961557275280905 2.9697868053466014 2.8716120349219203 
-63.0 -63.0 -63.0 -62.0 -63.5 -63.0 -63.5 -62.5 -63.0 -63.0 -63.5 -63.5 -63.5 -63.0 -62.0 -63.0 -63.5 -63.5 -63.0 -62.0 -61.0 -64.0 -65.0 -66.0 -64.0 -63.0 -62.5 -64.0 -65.0 -65.5 -64.0 -64.5 -67.5 -65.5 -65.5 -63.5 -62.5 -64.5 -65.0 -64.5 -64.5 -62.5 -63.5 -63.0 -63.0 
2.36846633649543 2.497320722677824 2.3439226438892597 2.3930100291016 2.356194490192345 2.2948352586769194 2.3193789512830896 2.2764274892222915 2.2948352586769194 2.4175537217077703 2.2457478734645786 2.1966604882522383 2.2150682577068657 2.386874105950058 2.2518837966161214 2.1659808724945253 2.2580197197676637 2.2580197197676637 2.337786720737717 2.9145634969827183 2.521864415283994 2.718213956133356 2.8409324191642074 3.129320807286708 3.4913402732277192 3.472932503773092 3.117048960983623 3.055689729468197 3.018874190558942 2.9636508821950587 3.08636934522591 3.3072625786814425 3.5281558121369745 3.497476196379262 3.129320807286708 2.890019804376548 2.405281875404685 2.4605051837685683 2.429825568010856 2.3439226438892597 2.227340104009951 2.2212041808584084 2.1966604882522383 2.141437179888355 2.116893487282185 2.1537090261914402 
-64.0 -63.5 -63.5 -64.0 -63.5 -64.0 -64.5 -64.5 -64.0 -64.5 -64.5 -63.0 -64.5 -64.0 -65.0 -64.0 -63.5 -63.5 -62.5 -61.5 -62.0 -63.5 -64.5 -64.5 -63.5 -61.5 -61.5 -63.0 -62.0 -63.0 -62.5 -61.5 -61.5 -65.5 -66.0 -66.0 -64.5 -63.5 -63.0 -63.0 -63.5 -63.5 -63.5 -63.0 -63.5 -63.0 
0.5338253141842031 0.5829126993965437 0.5583690067903734 0.5645049299419159 0.5951845456996288 0.607456392002714 0.6135923151542565 0.6565437772150544 0.6872233929727672 0.6810874698212247 0.7363107781851077 0.7240389318820226 0.7485826244881929 0.7363107781851077 0.760854470791278 0.7547185476397354 0.760854470791278 0.7976700097005334 0.8713010875190442 1.055378782065321 0.9756117810952678 0.944932165337555 1.184233168247715 1.2701360923693108 1.1228739367322893 0.944932165337555 0.9633399347921826 0.9878836273983529 0.9019807032767571 0.9694758579437253 0.9572040116406401 1.000155473701438 1.043106935762236 1.1719613219446299 1.3621749396424494 1.1780972450961724 0.9878836273983529 1.1044661672776617 1.030835089459151 0.859029241215959 0.7915340865489908 0.7547185476397354 0.7240389318820226 0.7363107781851077 0.7424467013366504 0.7117670855789375 
-51.0 -51.0 -51.0 -51.0 -50.5 -50.5 -50.5 -50.5 -50.5 -50.5 -50.0 -50.0 -50.5 -50.0 -50.5 -50.5 -50.5 -50.0 -50.5 -51.5 -52.5 -53.5 -54.0 -52.0 -50.5 -52.0 -53.5 -53.0 -53.5 -53.5 -53.5 -53.0 -52.5 -51.0 -53.0 -54.0 -52.5 -51.0 -50.5 -50.5 -50.5 -51.0 -50.5 -50.5 -50.5 -50.0 
0.9756117810952678 0.9019807032767571 0.9510680884890975 0.9203884727313847 0.9940195505498954 0.9203884727313847 0.9203884727313847 0.9142525495798421 0.9081166264282996 0.9510680884890975 0.8958447801252144 0.9081166264282996 0.9940195505498954 0.9387962421860124 0.9756117810952678 0.9633399347921826 0.9387962421860124 0.944932165337555 0.9756117810952678 1.1780972450961724 1.2885438618239387 1.4726215563702154 1.5707963267948966 1.4358060174609601 1.1780972450961724 1.1719613219446299 1.3499030933393643 1.3499030933393643 1.3989904785517047 1.2946797849754812 1.368310862793992 1.3989904785517047 1.337631247036279 1.2455923997631406 1.4051264017032472 1.6382914814618648 1.5462526341887264 1.380582709097077 1.1535535524900022 0.9878836273983529 0.9387962421860124 0.9633399347921826 0.9326603190344698 0.8897088569736719 0.8651651643675016 0.8651651643675016 
-53.5 -53.5 -53.5 -53.0 -53.0 -53.0 -53.0 -53.0 -53.0 -53.0 -53.0 -52.5 -52.5 -52.5 -52.5 -52.5 -53.0 -52.5 -52.5 -51.5 -52.5 -52.5 -51.0 -49.5 -49.5 -50.5 -51.0 -51.5 -51.0 -50.5 -51.0 -51.0 -50.5 -50.0 -50.0 -51.0 -52.5 -52.5 -52.0 -52.0 -52.5 -52.5 -52.0 -52.5 -52.0 -52.0 
1.3008157081270237 1.3192234775816514 1.2640001692177683 1.2762720155208536 1.3130875544301088 1.3192234775816514 1.3130875544301088 1.3069516312785663 1.3008157081270237 1.3069516312785663 1.3008157081270237 1.3192234775816514 1.3437671701878218 1.3621749396424494 1.3314953238847365 1.4419419406125027 1.3560390164909069 1.4051264017032472 1.5462526341887264 1.902136176978195 1.9757672547967058 1.9144080232812801 1.7978254834019713 1.5585244804918115 1.5033011721279284 1.5830681730979816 1.6751070203711202 1.6996507129772904 1.662835174068035 1.6935147898257479 1.7303303287350031 1.7794177139473437 1.6689710972195777 1.6505633277649499 1.6566992509164924 2.000310947402876 2.0923497946760143 2.086213871524472 1.9082721001297376 1.6689710972195777 1.4848934026733007 1.423534171157875 1.3989904785517047 1.3867186322486196 1.3314953238847365 1.3437671701878218 
-57.0 -57.0 -57.0 -57.0 -57.0 -56.5 -56.5 -57.0 -57.0 -57.0 -57.0 -57.0 -56.5 -56.5 -56.0 -56.5 -57.0 -56.5 -56.5 -54.5 -54.0 -51.5 -49.5 -50.0 -51.5 -52.0 -51.5 -51.0 -52.0 -52.0 -52.0 -52.0 -52.0 -51.5 -51.0 -50.5 -53.0 -53.5 -54.5 -55.5 -56.5 -57.0 -56.5 -56.0 -56.0 -56.0 
1.5033011721279284 1.533980787885641 1.533980787885641 1.5462526341887264 1.5278448647340985 1.4787574795217582 1.533980787885641 1.552388557340269 1.5401167110371838 1.4603497100671303 1.5462526341887264 1.509437095279471 1.509437095279471 1.521708941582556 1.5401167110371838 1.533980787885641 1.533980787885641 1.4848934026733007 1.509437095279471 1.9082721001297376 2.061670178918302 2.043262409463674 1.8346410223112268 1.7916895602504288 1.8407769454627694 2.0064468705544187 1.9696313316451632 1.859184714917397 1.9266798695843652 1.9757672547967058 1.9573594853420782 2.024854640009046 2.110757564130642 1.9573594853420782 1.932815792735908 1.9389517158874505 2.1046216409791 2.043262409463674 1.8775924843720249 1.6198837120072371 1.509437095279471 1.5278448647340985 1.552388557340269 1.4910293258248433 1.4726215563702154 1.4542137869155878 
-59.5 -59.0 -59.0 -58.5 -58.5 -58.5 -58.0 -57.5 -58.0 -57.5 -57.5 -57.5 -57.0 -56.5 -56.5 -56.5 -56.5 -57.0 -57.0 -55.0 -54.0 -52.5 -53.0 -54.0 -55.5 -55.5 -55.0 -56.0 -55.5 -55.5 -55.5 -55.5 -55.5 -56.0 -54.0 -53.0 -53.5 -54.0 -55.0 -56.5 -57.0 -56.0 -56.0 -56.5 -56.5 -56.5 
5.516194913236766 5.632777453116074 5.485515297479052 5.534602682691394 5.50392306693368 5.436427912266712 5.448699758569798 5.473243451175968 5.516194913236766 5.589825991055276 5.399612373357457 5.497787143782138 5.442563835418255 5.5100589900852235 5.381204603902829 5.356660911296659 5.47937937432751 5.5284667595398505 5.737088146692298 5.688000761479957 5.816855147662351 5.6573211457222445 5.332117218690489 5.301437602932776 5.4671075280244255 5.313709449235861 5.221670601962723 5.111223985234957 5.2339424482658075 5.301437602932776 5.227806525114265 5.356660911296659 5.344389064993574 5.534602682691394 5.5284667595398505 5.6941366846315 5.921165841238575 5.853670686571607 5.66959299202533 5.497787143782138 5.418020142812084 5.3627968344482015 5.368932757599744 5.283029833478148 5.393476450205914 5.350524988145116 
-60.5 -60.5 -60.5 -60.5 -61.0 -60.5 -60.5 -61.5 -61.0 -60.5 -60.5 -60.5 -61.0 -60.5 -60.5 -60.5 -60.5 -61.0 -60.5 -60.0 -60.0 -56.0 -56.5 -58.0 -57.5 -58.5 -57.5 -58.0 -59.0 -59.5 -59.5 -59.0 -58.5 -58.0 -59.0 -57.0 -58.0 -59.5 -60.0 -60.5 -61.0 -61.0 -61.0 -61.0 -61.5 -61.5 
1.607611865704152 1.4726215563702154 1.4848934026733007 1.4726215563702154 1.423534171157875 1.4419419406125027 4.424000592262189 4.509903516383785 1.5033011721279284 4.516039439535327 5.473243451175968 5.675728915176872 5.497787143782138 5.546874528994478 5.307573526084319 5.976389149602458 5.890486225480862 5.71868037723767 5.737088146692298 5.7616318392984684 5.921165841238575 5.93343768754166 5.730952223540755 5.6573211457222445 6.135923151542564 5.675728915176872 5.381204603902829 5.203262832508095 4.399456899656019 1.6260196351587797 4.700117134081604 4.718524903536232 1.552388557340269 4.681709364626977 
-75.5 -74.5 -73.5 -72.5 -72.0 -71.0 -68.0 -69.5 -70.0 -70.0 -64.0 -61.5 -61.0 -61.0 -64.5 -67.5 -62.5 -63.0 -64.0 -64.0 -65.5 -63.5 -63.0 -63.0 -68.0 -62.0 -64.0 -64.5 -70.0 -70.5 -69.0 -67.5 -70.0 -69.5 
