3.227495577711389 3.380893656499953 3.2520392703175593 3.215223731408304 3.2090878082567613 3.2029518851052186 3.2029518851052186 3.043417883165112 3.184544115650591 3.172272269347506 3.018874190558942 3.3318062712876126 3.4913402732277192 3.2029518851052186 3.436116964863836 3.2213596545598464 3.1661363461959633 3.522019888985432 3.141592653589793 3.9085830475326135 3.8717675086233583 3.4913402732277192 3.3011266555298997 3.6876898140770815 3.356349963893783 3.1354567304382504 3.3379421944391554 3.2949907323783574 3.141592653589793 3.6324665057131984 3.724505352986337 2.945243112740431 3.184544115650591 3.356349963893783 3.454524734318464 3.865631585471816 3.6570101983193686 3.0495538063166547 3.1968159619536762 3.0066023442558567 2.9697868053466014 3.184544115650591 3.0495538063166547 
-62.0 -62.0 -62.0 -62.0 -62.0 -62.5 -61.5 -62.0 -62.0 -62.5 -62.0 -62.0 -62.5 -62.0 -62.0 -63.0 -63.0 -63.0 -62.5 -62.5 -62.0 -62.5 -67.0 -66.0 -66.5 -66.5 -67.0 -66.5 -67.0 -68.5 -67.0 -66.0 -62.0 -62.5 -63.0 -65.0 -67.0 -66.0 -65.0 -63.0 -64.0 -62.5 -63.5 
2.2641556429192065 2.2396119503130363 2.2580197197676637 2.2948352586769194 2.282563412373834 2.2334760271614935 2.2334760271614935 2.141437179888355 2.141437179888355 2.172116795646068 2.2150682577068657 2.184388641949153 2.1230294104337273 1.9082721001297376 2.0923497946760143 2.2150682577068657 2.098485717827557 2.2212041808584084 2.018718716857504 2.4850488763747385 2.36846633649543 2.3009711818284617 2.988194574801229 3.06182565261974 3.08636934522591 2.791845033951867 2.442097414313941 2.405281875404685 2.399145952253143 2.4850488763747385 2.5586799541932495 2.761165418194154 3.0127382674073995 5.994796919057086 2.061670178918302 2.073942025221387 1.9696313316451632 2.055534255766759 2.116893487282185 2.0800779483729293 1.8530487917658545 1.8960002538266525 2.012582793705961 1.8223691760081417 
-62.5 -62.5 -63.5 -64.0 -63.5 -63.5 -63.5 -63.0 -63.5 -62.5 -62.0 -63.0 -63.0 -62.0 -62.0 -62.5 -62.5 -62.0 -61.5 -62.5 -62.0 -64.0 -66.0 -66.5 -64.0 -63.0 -63.0 -63.0 -62.5 -62.5 -62.5 -63.0 -66.0 -67.5 -66.5 -63.5 -62.5 -63.0 -62.5 -62.5 -62.5 -62.0 -63.5 -62.5 
1.1106020904292042 1.0921943209745766 1.0921943209745766 1.0676506283684062 1.012427320004523 1.000155473701438 0.9817477042468103 0.9572040116406401 1.012427320004523 0.9756117810952678 0.9878836273983529 1.0246991663076084 1.0246991663076084 1.030835089459151 1.055378782065321 1.0676506283684062 1.0676506283684062 1.0921943209745766 1.086058397823034 1.1106020904292042 1.0369710126106935 1.0246991663076084 1.380582709097077 1.227184630308513 1.0492428589137786 1.043106935762236 0.9510680884890975 0.9878836273983529 1.030835089459151 0.9817477042468103 1.0185632431560658 1.1965050145508 1.239456476611598 1.214912784005428 1.0676506283684062 1.0799224746714913 1.2087768608538851 1.1535535524900022 0.9756117810952678 0.9019807032767571 0.944932165337555 0.8774370106705868 1.000155473701438 0.9756117810952678 
-48.0 -48.0 -48.5 -48.5 -48.5 -48.5 -48.5 -48.5 -48.5 -48.5 -48.5 -48.5 -48.5 -48.5 -48.0 -48.0 -48.0 -48.5 -48.5 -50.0 -52.0 -52.5 -54.0 -51.5 -52.5 -52.5 -53.0 -53.5 -53.5 -52.5 -52.0 -52.0 -52.5 -54.0 -52.0 -51.0 -50.5 -51.0 -49.5 -49.5 -49.5 -49.5 -49.0 -49.0 
1.1106020904292042 1.1596894756415448 1.0615147052168636 1.0369710126106935 1.0676506283684062 1.0369710126106935 0.9940195505498954 1.0492428589137786 0.9878836273983529 1.012427320004523 1.000155473701438 1.030835089459151 1.0615147052168636 1.0369710126106935 1.055378782065321 1.055378782065321 1.0799224746714913 1.043106935762236 1.1228739367322893 1.1780972450961724 1.2640001692177683 1.4664856332186729 1.6996507129772904 1.3314953238847365 1.337631247036279 1.3928545554001621 1.41126232485479 1.380582709097077 1.4051264017032472 1.4358060174609601 1.4480778637640452 1.423534171157875 1.3314953238847365 1.576932249946439 1.5953400194010667 1.4173982480063325 1.2701360923693108 1.1535535524900022 1.030835089459151 1.055378782065321 1.043106935762236 1.030835089459151 1.000155473701438 0.9940195505498954 
-50.5 -50.5 -50.5 -51.0 -51.0 -51.0 -51.0 -51.0 -51.0 -51.0 -51.0 -51.0 -51.0 -51.0 -51.0 -50.5 -51.0 -51.0 -51.0 -51.0 -52.0 -53.0 -51.5 -49.5 -50.5 -51.0 -50.5 -51.0 -51.0 -50.5 -51.0 -51.5 -50.5 -50.5 -53.0 -53.5 -53.0 -52.5 -51.5 -51.5 -51.5 -51.5 -51.5 -51.0 
1.4542137869155878 1.4664856332186729 1.4480778637640452 1.3744467859455345 1.3192234775816514 1.4296700943094176 1.3867186322486196 1.4051264017032472 1.4358060174609601 1.3499030933393643 1.3928545554001621 1.3989904785517047 1.3744467859455345 1.4848934026733007 1.4173982480063325 1.4664856332186729 1.4848934026733007 1.4787574795217582 1.5462526341887264 1.736466251886546 2.055534255766759 2.110757564130642 1.9634954084936207 1.6812429435226628 1.6689710972195777 1.7303303287350031 1.6996507129772904 1.6505633277649499 1.6382914814618648 1.6198837120072371 1.6505633277649499 1.6382914814618648 1.6505633277649499 1.8039614065535141 2.043262409463674 2.018718716857504 1.9880391010997909 1.932815792735908 1.564660403643354 1.337631247036279 1.3314953238847365 1.3499030933393643 1.368310862793992 1.3499030933393643 
-54.5 -55.0 -54.5 -54.5 -54.5 -54.5 -54.5 -54.5 -54.5 -54.0 -54.5 -54.5 -54.5 -54.5 -54.0 -54.5 -54.0 -54.5 -56.0 -56.0 -55.5 -54.0 -49.5 -52.0 -52.5 -53.0 -53.0 -53.0 -53.0 -52.5 -52.5 -52.5 -51.0 -51.0 -51.5 -53.0 -53.0 -53.5 -56.0 -56.0 -55.5 -54.5 -54.5 -54.5 
1.6321555583103222 1.7119225592803755 1.6812429435226628 1.6689710972195777 1.6198837120072371 1.6505633277649499 1.6014759425526093 1.662835174068035 1.6996507129772904 1.576932249946439 1.552388557340269 1.5401167110371838 1.576932249946439 1.7426021750380885 1.6751070203711202 1.6321555583103222 1.6321555583103222 1.6751070203711202 1.6014759425526093 1.7241944055834606 2.12916533358527 2.227340104009951 1.9389517158874505 2.024854640009046 2.0923497946760143 2.0064468705544187 2.012582793705961 2.073942025221387 2.086213871524472 2.061670178918302 1.9266798695843652 2.0493983326152168 2.0493983326152168 2.043262409463674 2.055534255766759 2.282563412373834 2.1782527187976104 1.8775924843720249 1.5278448647340985 1.4910293258248433 1.4910293258248433 1.4787574795217582 1.509437095279471 1.5462526341887264 
-53.5 -54.0 -53.5 -54.0 -54.0 -54.0 -54.5 -55.0 -54.0 -54.5 -54.5 -54.0 -54.0 -54.5 -54.0 -54.0 -54.0 -54.5 -55.0 -55.5 -55.5 -53.5 -53.5 -55.5 -55.5 -55.5 -56.0 -55.0 -54.5 -55.5 -56.0 -54.5 -55.0 -55.0 -53.5 -54.0 -55.0 -56.0 -56.5 -55.0 -55.0 -54.5 -53.5 -53.5 
5.1725832167503825 5.098952138931871 5.154175447295755 5.184855063053467 5.105088062083414 5.166447293598839 5.123495831538041 5.190990986205009 5.141903600992669 5.154175447295755 5.105088062083414 5.166447293598839 5.135767677841127 5.080544369477243 5.184855063053467 5.190990986205009 5.141903600992669 5.178719139901925 5.399612373357457 5.6573211457222445 5.859806609723149 5.964117303299373 5.632777453116074 5.608233760509904 5.5284667595398505 5.313709449235861 5.252350217720435 5.387340527054372 5.442563835418255 5.258486140871978 5.21553467881118 5.344389064993574 5.608233760509904 5.565282298449106 5.93343768754166 6.007068765360171 5.822991070813893 5.859806609723149 5.516194913236766 5.448699758569798 5.332117218690489 5.240078371417351 5.289165756629691 5.375068680751287 
-61.5 -62.0 -62.0 -62.0 -62.0 -61.5 -61.0 -61.0 -61.5 -61.0 -61.5 -61.5 -61.5 -61.0 -61.5 -62.0 -63.0 -62.0 -62.0 -61.5 -61.5 -57.0 -57.0 -58.0 -58.5 -58.5 -59.5 -60.5 -60.0 -60.0 -59.0 -58.0 -57.5 -59.0 -57.0 -58.0 -60.0 -60.0 -61.0 -61.5 -62.5 -62.0 -62.0 -62.5 
4.6878452877785195 4.847379289718626 4.822835597112456 4.718524903536232 4.669437518323892 4.816699673960914 4.657165672020807 4.651029748869264 4.718524903536232 4.779884135051658 4.657165672020807 4.718524903536232 4.700117134081604 4.620350133111551 1.6321555583103222 4.773748211900116 4.614214209960009 4.859651136021712 4.76147636559703 5.4671075280244255 5.8045833013592665 5.755495916146925 5.178719139901925 5.859806609723149 5.595961914206819 5.927301764390117 5.964117303299373 5.988660995905543 5.945709533844745 5.921165841238575 5.706408530934585 6.043884304269426 5.66959299202533 5.749359992995383 5.896622148632405 5.780039608753096 5.448699758569798 4.718524903536232 4.565126824747668 4.491495746929157 1.552388557340269 4.896466674930966 
-62.5 -63.0 -63.0 -65.0 -65.5 -64.0 -64.5 -65.0 -65.0 -64.5 -64.0 -64.5 -64.0 -64.0 -63.5 -63.5 -63.5 -64.0 -66.0 -63.5 -64.0 -61.5 -62.0 -70.5 -65.5 -66.5 -64.0 -64.5 -63.5 -66.5 -65.0 -67.5 -65.0 -63.5 -62.5 -62.5 -66.0 -69.5 -66.5 -65.5 -66.0 -64.5 
