3.0802334220743677 3.11091303783208 2.9575149590435164 3.055689729468197 3.055689729468197 2.9268353432858034 2.9329712664373457 3.031146036862027 2.945243112740431 2.9759227284981438 2.8716120349219203 2.8961557275280905 3.215223731408304 2.84706834231575 2.890019804376548 3.141592653589793 2.9513790358919736 2.9145634969827183 2.9268353432858034 3.0127382674073995 3.773592738198677 3.706097583531709 3.4054373491061236 3.32567034813607 3.0802334220743677 3.3318062712876126 3.522019888985432 3.509748042682347 3.2643111166206444 3.509748042682347 3.54042765844006 3.6999616603801666 3.6201946594101133 3.77972866135022 3.6079228131070282 0.2761165418194154 3.3747577333484107 3.485204350076177 3.890175278077986 3.8288160465625602 3.2888548092268146 3.000466421104314 3.055689729468197 2.9820586516496865 3.1661363461959633 3.043417883165112 
-61.5 -62.5 -62.0 -62.5 -61.5 -62.0 -62.0 -61.5 -62.0 -61.5 -62.5 -62.5 -62.0 -62.5 -63.0 -62.5 -63.0 -63.5 -63.5 -64.5 -64.0 -62.0 -61.5 -63.0 -65.0 -68.0 -66.5 -67.5 -68.0 -68.0 -68.5 -69.0 -68.5 -69.5 -68.0 -66.0 -64.0 -64.0 -63.0 -65.0 -67.0 -65.5 -65.5 -64.5 -63.5 -63.5 
2.141437179888355 2.1782527187976104 2.337786720737717 2.3316507975861747 2.12916533358527 2.2641556429192065 2.270291566070749 2.3193789512830896 2.337786720737717 2.1230294104337273 2.0923497946760143 2.2334760271614935 2.116893487282185 2.325514874434632 2.1966604882522383 2.2518837966161214 2.2150682577068657 2.380738182798515 2.2089323345553233 2.1353012567368124 2.3439226438892597 2.405281875404685 5.424156065963627 2.5893595699509624 3.055689729468197 3.08636934522591 3.1784081924990484 3.0127382674073995 2.736621725587984 2.761165418194154 2.6691265709210157 2.748893571891069 2.9697868053466014 3.0372819600135696 2.761165418194154 2.5586799541932495 2.098485717827557 1.9266798695843652 1.9696313316451632 1.8162332528565992 2.018718716857504 2.024854640009046 1.945087639038993 1.9389517158874505 1.8346410223112268 1.7978254834019713 
-64.0 -64.0 -64.5 -64.5 -64.0 -65.0 -65.5 -65.0 -65.0 -65.0 -64.5 -65.0 -64.5 -64.5 -66.0 -64.0 -64.5 -65.5 -63.5 -63.5 -63.5 -64.0 -65.5 -64.5 -65.5 -66.5 -65.5 -64.0 -63.0 -62.5 -63.0 -63.5 -64.0 -66.5 -68.5 -67.0 -63.5 -62.0 -61.5 -62.5 -62.5 -62.0 -61.5 -62.5 -63.0 -63.5 
0.9633399347921826 0.9265243958829272 0.8897088569736719 0.8651651643675016 0.8528933180644165 0.8406214717613314 0.859029241215959 0.8099418560036186 0.8099418560036186 0.7792622402459057 0.7731263170943632 0.7485826244881929 0.7485826244881929 0.6994952392758523 0.6994952392758523 0.7179030087304801 0.7240389318820226 0.7240389318820226 0.7179030087304801 0.7179030087304801 0.8651651643675016 1.0185632431560658 0.8958447801252144 1.086058397823034 1.1474176293384597 1.0676506283684062 1.0921943209745766 1.0615147052168636 1.0185632431560658 1.000155473701438 1.1106020904292042 1.086058397823034 1.1290098598838318 1.184233168247715 1.184233168247715 1.3560390164909069 1.2701360923693108 1.184233168247715 1.2946797849754812 1.282407938672396 1.1106020904292042 1.055378782065321 0.9817477042468103 0.9694758579437253 0.9878836273983529 0.9510680884890975 
-49.0 -49.0 -49.0 -49.5 -49.5 -49.5 -50.0 -49.5 -50.0 -50.0 -50.0 -50.0 -50.0 -50.0 -50.5 -50.0 -50.5 -50.5 -50.5 -50.5 -51.0 -51.0 -52.5 -52.5 -52.5 -51.5 -51.5 -51.0 -51.5 -52.0 -52.5 -52.0 -51.5 -52.0 -52.5 -53.5 -52.5 -51.5 -50.5 -50.0 -49.5 -49.5 -49.5 -49.0 -49.5 -49.5 
0.9817477042468103 1.000155473701438 1.012427320004523 1.012427320004523 1.0062913968529805 1.0246991663076084 0.9940195505498954 1.000155473701438 0.9572040116406401 0.9694758579437253 0.9387962421860124 0.9265243958829272 0.9756117810952678 0.9387962421860124 0.9019807032767571 0.9265243958829272 0.9572040116406401 0.9326603190344698 0.9387962421860124 0.9940195505498954 1.0983302441261191 1.1290098598838318 1.3314953238847365 1.4787574795217582 1.4051264017032472 1.2762720155208536 1.2026409377023426 1.3989904785517047 1.4358060174609601 1.4542137869155878 1.4726215563702154 1.533980787885641 1.5462526341887264 1.423534171157875 1.423534171157875 1.6014759425526093 1.5892040962495242 1.4603497100671303 1.2517283229146832 1.227184630308513 1.1596894756415448 1.1167380135807468 1.0246991663076084 0.9756117810952678 1.0185632431560658 1.0369710126106935 
-51.5 -51.5 -51.5 -52.0 -52.0 -52.0 -52.0 -52.0 -52.0 -52.5 -52.0 -52.5 -52.5 -53.0 -53.0 -53.0 -53.0 -53.0 -53.0 -53.0 -52.5 -52.0 -53.0 -52.5 -50.5 -49.5 -50.5 -51.0 -51.0 -51.0 -51.0 -51.0 -51.0 -51.0 -50.5 -51.0 -52.0 -53.0 -52.5 -52.5 -52.0 -51.5 -51.5 -51.0 -51.5 -52.0 
1.3867186322486196 1.3621749396424494 1.325359400733194 1.3008157081270237 1.3130875544301088 1.3069516312785663 1.337631247036279 1.3192234775816514 1.282407938672396 1.2640001692177683 1.2517283229146832 1.2333205534600555 1.1167380135807468 1.1903690913992575 1.227184630308513 1.239456476611598 1.1474176293384597 1.227184630308513 1.1658253987930873 1.239456476611598 1.576932249946439 1.8162332528565992 1.8100973297050567 1.7671458676442586 1.5830681730979816 1.4848934026733007 1.4848934026733007 1.607611865704152 1.7548740213411735 1.7794177139473437 1.7671458676442586 1.8162332528565992 1.8285050991596843 1.736466251886546 1.7978254834019713 1.859184714917397 2.073942025221387 2.1475731030398975 2.0800779483729293 1.9941750242513334 1.6137477888556946 1.4971652489763858 1.4358060174609601 1.3560390164909069 1.41126232485479 1.3621749396424494 
-55.0 -55.5 -55.5 -55.0 -56.0 -55.5 -55.5 -55.0 -55.5 -55.5 -55.0 -56.0 -55.5 -55.5 -55.5 -55.5 -56.0 -55.5 -55.5 -55.5 -55.5 -53.5 -52.5 -50.0 -50.5 -51.0 -51.5 -52.0 -51.5 -51.5 -52.0 -51.5 -52.0 -52.0 -51.0 -51.0 -51.0 -54.5 -54.5 -54.5 -56.0 -56.0 -56.0 -56.5 -56.5 -57.0 
1.4726215563702154 1.5278448647340985 1.5155730184310134 1.552388557340269 1.5830681730979816 1.5585244804918115 1.5462526341887264 1.552388557340269 1.509437095279471 1.521708941582556 1.4971652489763858 1.4419419406125027 1.3130875544301088 1.3621749396424494 1.4971652489763858 1.509437095279471 1.4542137869155878 1.4910293258248433 1.4419419406125027 1.325359400733194 1.5830681730979816 1.9696313316451632 2.012582793705961 1.8960002538266525 1.7732817907958012 1.932815792735908 1.9880391010997909 1.9573594853420782 2.012582793705961 2.086213871524472 2.098485717827557 2.012582793705961 2.067806102069844 2.1230294104337273 2.0800779483729293 2.043262409463674 2.1046216409791 2.270291566070749 2.1659808724945253 1.9389517158874505 1.6751070203711202 1.607611865704152 1.607611865704152 1.6260196351587797 1.552388557340269 1.5401167110371838 
-55.0 -55.0 -55.5 -56.0 -56.0 -56.0 -56.0 -56.5 -56.5 -56.5 -56.5 -56.5 -57.0 -56.5 -57.0 -57.0 -56.5 -57.0 -57.5 -57.5 -58.0 -55.5 -53.5 -53.5 -56.0 -55.5 -54.5 -55.5 -55.5 -55.0 -55.0 -55.0 -54.5 -55.0 -55.5 -54.0 -53.5 -54.0 -54.0 -54.5 -55.0 -55.0 -55.0 -54.0 -55.0 -55.5 
5.289165756629691 5.3198453723874035 5.283029833478148 5.344389064993574 5.3198453723874035 5.368932757599744 5.375068680751287 5.307573526084319 5.381204603902829 5.3627968344482015 5.338253141842031 5.307573526084319 5.264622064023521 5.344389064993574 5.270757987175063 5.350524988145116 5.442563835418255 5.3198453723874035 5.381204603902829 5.442563835418255 5.675728915176872 5.602097837358362 5.8045833013592665 5.5284667595398505 5.2768939103266055 5.344389064993574 5.368932757599744 5.301437602932776 5.227806525114265 5.393476450205914 5.405748296509 5.3198453723874035 5.3627968344482015 5.540738605842936 5.675728915176872 5.663457068873787 5.663457068873787 6.043884304269426 5.93343768754166 5.835262917116979 5.681864838328415 5.436427912266712 5.418020142812084 5.418020142812084 5.47937937432751 5.546874528994478 
-62.0 -61.5 -61.5 -61.5 -61.5 -62.0 -62.0 -62.0 -62.0 -62.0 -62.0 -63.0 -62.5 -62.0 -62.5 -63.0 -63.0 -62.5 -62.0 -61.5 -62.0 -61.5 -58.0 -56.5 -58.5 -57.5 -58.5 -58.0 -57.5 -59.0 -59.0 -59.0 -57.5 -58.0 -57.0 -58.0 -57.0 -56.5 -59.5 -59.5 -59.5 -60.0 -61.0 -61.0 -60.5 -61.0 
5.037592907416445 4.675573441475434 4.558990901596125 4.7307967498393175 1.576932249946439 4.779884135051658 4.675573441475434 4.460816131171445 4.558990901596125 1.509437095279471 1.4419419406125027 1.509437095279471 1.662835174068035 1.4664856332186729 1.5401167110371838 1.4726215563702154 5.915029918087033 5.632777453116074 5.21553467881118 5.700272607783043 5.50392306693368 5.516194913236766 5.755495916146925 5.663457068873787 5.688000761479957 5.712544454086128 5.4671075280244255 5.3627968344482015 5.780039608753096 5.473243451175968 5.203262832508095 5.71868037723767 5.602097837358362 5.3198453723874035 4.743068596142402 4.853515212870168 1.6382914814618648 4.583534594202296 
-64.5 -67.0 -66.5 -68.0 -69.0 -67.5 -68.5 -71.0 -71.0 -73.0 -73.5 -75.5 -75.0 -75.0 -75.0 -77.0 -64.0 -60.0 -63.0 -64.5 -63.5 -66.5 -64.5 -64.5 -64.5 -65.0 -65.0 -64.5 -66.0 -65.0 -62.5 -63.0 -62.0 -63.5 -64.5 -66.0 -65.5 -65.0 
