3.0802334220743677 3.3072625786814425 3.2949907323783574 3.2520392703175593 3.1354567304382504 3.0925052683774528 3.0925052683774528 3.2397674240144743 3.043417883165112 2.9759227284981438 3.1354567304382504 2.9697868053466014 3.479068426924634 3.129320807286708 2.9145634969827183 3.0372819600135696 3.06182565261974 3.172272269347506 3.11091303783208 3.074097498922825 3.08636934522591 3.8717675086233583 3.423845118560751 3.313398501832985 3.2827188860752723 3.6263305825616556 0.2945243112740431 3.4177091954092087 3.54042765844006 3.4177091954092087 3.472932503773092 3.552699504743145 3.466796580621549 0.28225246497095796 3.429981041712294 3.7551849687440497 3.3747577333484107 3.5711072741977725 3.865631585471816 3.8288160465625602 3.3870295796514958 3.2029518851052186 2.890019804376548 3.1661363461959633 0.22089323345553233 
-62.5 -62.5 -63.5 -61.5 -62.5 -62.5 -62.5 -62.5 -62.5 -62.0 -62.5 -62.5 -62.0 -62.5 -62.5 -62.0 -63.0 -62.5 -62.5 -63.0 -63.5 -62.0 -62.0 -64.5 -65.0 -68.0 -68.0 -66.0 -65.0 -66.0 -66.5 -68.0 -69.0 -67.5 -63.5 -63.0 -62.5 -62.5 -64.0 -65.5 -65.0 -66.5 -64.5 -64.5 -66.0 
1.8407769454627694 1.9512235621905356 1.736466251886546 2.2518837966161214 2.0064468705544187 2.0493983326152168 2.067806102069844 2.1659808724945253 2.0923497946760143 2.270291566070749 2.2396119503130363 2.055534255766759 2.1782527187976104 2.12916533358527 2.141437179888355 1.9880391010997909 2.172116795646068 2.1353012567368124 2.067806102069844 2.110757564130642 2.1782527187976104 2.350058567040802 2.1905245651006955 2.0371264863121317 6.209554229361076 2.742757648739526 2.5464081078901644 2.478912953223196 2.552544031041707 2.466641106920111 2.5464081078901644 2.816388726558037 3.399301425954581 3.472932503773092 3.104777114680538 2.0064468705544187 1.9696313316451632 2.116893487282185 2.086213871524472 2.0371264863121317 1.9389517158874505 1.761009944492716 2.030990563160589 
-63.0 -63.5 -63.0 -63.0 -64.0 -63.0 -64.0 -64.0 -64.0 -64.0 -63.5 -64.0 -64.5 -63.0 -63.5 -63.5 -64.0 -64.5 -64.5 -64.0 -63.0 -62.5 -63.0 -63.5 -68.0 -62.0 -63.5 -63.0 -63.0 -62.0 -62.5 -63.0 -64.0 -66.0 -67.0 -63.0 -63.5 -63.5 -62.0 -63.5 -63.0 -63.0 -64.0 
1.0676506283684062 1.0492428589137786 1.030835089459151 1.0369710126106935 1.0983302441261191 0.9878836273983529 0.9510680884890975 0.9326603190344698 0.944932165337555 0.9387962421860124 0.944932165337555 0.9387962421860124 0.9326603190344698 0.9081166264282996 0.9203884727313847 0.9019807032767571 0.944932165337555 0.9572040116406401 0.9326603190344698 0.9265243958829272 0.9756117810952678 0.9817477042468103 1.1658253987930873 1.0246991663076084 1.2455923997631406 1.2640001692177683 1.0921943209745766 1.0185632431560658 0.9265243958829272 0.944932165337555 0.9817477042468103 0.9326603190344698 0.9265243958829272 0.9633399347921826 1.055378782065321 1.086058397823034 1.282407938672396 1.3130875544301088 1.043106935762236 1.0799224746714913 1.1474176293384597 1.0921943209745766 0.9878836273983529 0.8897088569736719 0.9510680884890975 0.9142525495798421 4.147884050442774 
-48.5 -48.5 -48.5 -49.0 -48.5 -48.5 -49.0 -49.0 -49.0 -49.0 -49.0 -49.0 -49.0 -49.0 -49.0 -49.5 -49.0 -49.5 -49.0 -49.5 -49.5 -50.0 -51.0 -52.0 -53.5 -52.0 -51.5 -52.0 -52.5 -52.5 -52.5 -52.5 -52.0 -51.5 -51.5 -51.5 -52.5 -53.0 -51.5 -51.0 -50.5 -50.0 -49.0 -49.5 -49.5 -49.0 -49.5 
1.1106020904292042 1.1044661672776617 1.0983302441261191 1.1044661672776617 1.0737865515199487 1.1044661672776617 1.0983302441261191 1.0983302441261191 1.043106935762236 1.0369710126106935 1.055378782065321 1.0615147052168636 1.043106935762236 1.0492428589137786 1.0615147052168636 1.0615147052168636 1.030835089459151 1.0615147052168636 1.086058397823034 1.1228739367322893 1.1044661672776617 1.1658253987930873 1.3008157081270237 1.4603497100671303 1.6321555583103222 1.4051264017032472 1.2210487071569704 1.3192234775816514 1.3499030933393643 1.3008157081270237 1.325359400733194 1.3069516312785663 1.325359400733194 1.3069516312785663 1.2333205534600555 1.2333205534600555 1.4910293258248433 1.6198837120072371 1.4910293258248433 1.3560390164909069 1.239456476611598 1.1474176293384597 1.055378782065321 1.0921943209745766 1.0062913968529805 0.9878836273983529 0.9786797426710391 
-51.5 -51.5 -51.5 -51.5 -51.5 -51.5 -51.5 -51.5 -52.0 -51.5 -51.5 -51.5 -52.0 -51.5 -52.0 -51.5 -52.0 -52.0 -51.5 -52.0 -52.0 -52.0 -52.0 -53.0 -51.5 -50.0 -50.5 -50.5 -50.5 -50.5 -50.5 -50.5 -50.5 -50.5 -51.0 -50.0 -50.5 -51.5 -52.5 -53.0 -52.0 -52.0 -52.0 -52.0 -51.0 -51.5 -52.0 
1.3314953238847365 1.3621749396424494 1.3867186322486196 1.3192234775816514 1.4296700943094176 1.41126232485479 1.3437671701878218 1.337631247036279 1.3744467859455345 1.3008157081270237 1.337631247036279 1.3867186322486196 1.3621749396424494 1.368310862793992 1.337631247036279 1.3621749396424494 1.337631247036279 1.3867186322486196 1.1965050145508 1.3989904785517047 1.4848934026733007 1.6260196351587797 1.9941750242513334 2.067806102069844 1.8960002538266525 1.6382914814618648 1.564660403643354 1.6689710972195777 1.5892040962495242 1.607611865704152 1.5892040962495242 1.5585244804918115 1.5401167110371838 1.5707963267948966 1.4787574795217582 1.4848934026733007 1.6444274046134073 1.8100973297050567 1.9819031779482483 1.9512235621905356 1.9634954084936207 1.6751070203711202 1.3744467859455345 1.2701360923693108 1.227184630308513 1.2455923997631406 4.414796707534875 
-56.5 -56.5 -56.0 -56.5 -56.5 -56.5 -56.5 -57.0 -56.5 -56.5 -56.5 -56.5 -57.0 -56.0 -56.5 -57.0 -56.5 -56.5 -56.5 -56.5 -57.0 -56.5 -55.0 -53.0 -50.0 -51.0 -52.0 -53.0 -52.0 -52.0 -52.5 -52.0 -51.5 -52.0 -52.5 -51.5 -51.0 -50.0 -52.5 -54.0 -54.0 -55.5 -56.5 -55.5 -56.0 -55.5 -55.5 
1.564660403643354 1.576932249946439 1.6321555583103222 1.564660403643354 1.5953400194010667 1.5462526341887264 1.5953400194010667 1.5585244804918115 1.533980787885641 1.5707963267948966 1.5278448647340985 1.5155730184310134 1.4848934026733007 1.5278448647340985 1.4971652489763858 1.521708941582556 1.5155730184310134 1.5585244804918115 1.4971652489763858 1.5401167110371838 1.5155730184310134 1.5707963267948966 1.9573594853420782 2.2027964114037806 1.932815792735908 1.9512235621905356 1.9880391010997909 1.932815792735908 1.9696313316451632 1.9819031779482483 1.9819031779482483 1.932815792735908 1.8407769454627694 1.859184714917397 2.0064468705544187 1.9573594853420782 1.9144080232812801 1.88986433067511 2.0923497946760143 2.141437179888355 2.024854640009046 1.736466251886546 1.4480778637640452 1.4848934026733007 1.5462526341887264 1.4971652489763858 1.5707963267948966 
-55.5 -55.0 -54.5 -55.0 -55.5 -55.0 -55.0 -55.5 -56.0 -56.0 -56.0 -56.0 -56.0 -56.0 -56.0 -56.0 -56.0 -56.0 -56.0 -56.0 -56.0 -57.0 -56.0 -53.5 -53.5 -55.0 -55.5 -55.5 -56.5 -55.5 -55.0 -55.5 -56.0 -55.5 -55.0 -55.5 -54.5 -53.5 -53.0 -54.0 -54.5 -56.0 -56.0 -55.0 -54.0 -54.5 -54.5 
5.47937937432751 5.387340527054372 5.448699758569798 5.620505606812989 5.448699758569798 5.516194913236766 5.332117218690489 5.442563835418255 5.418020142812084 5.436427912266712 5.45483568172134 5.442563835418255 5.50392306693368 5.338253141842031 5.460971604872882 5.45483568172134 5.516194913236766 5.442563835418255 5.491651220630596 5.47937937432751 5.589825991055276 5.767767762450011 5.921165841238575 6.007068765360171 5.595961914206819 5.516194913236766 5.491651220630596 5.387340527054372 5.178719139901925 5.221670601962723 5.295301679781233 5.0682725231741586 5.154175447295755 5.117359908386499 5.3198453723874035 5.442563835418255 5.516194913236766 5.47937937432751 5.896622148632405 5.915029918087033 5.773903685601553 5.675728915176872 5.553010452146021 5.381204603902829 5.411884219660542 5.2339424482658075 5.190990986205009 
-60.5 -60.5 -60.5 -60.0 -60.5 -60.0 -60.0 -60.0 -60.5 -60.0 -60.5 -60.5 -60.0 -60.5 -60.0 -60.0 -60.5 -60.5 -59.5 -60.5 -60.5 -60.0 -60.0 -56.5 -56.5 -58.0 -58.0 -57.5 -59.0 -60.5 -60.5 -59.5 -58.5 -58.0 -58.5 -58.0 -58.5 -56.5 -56.5 -59.5 -61.5 -61.0 -61.0 -62.0 -61.5 -62.5 -62.5 
4.724660826687775 4.792155981354743 4.841243366567084 4.681709364626977 4.706253057233147 4.779884135051658 4.669437518323892 4.620350133111551 4.460816131171445 4.724660826687775 1.4971652489763858 4.779884135051658 4.6448938257177215 4.767612288748572 4.577398671050753 4.706253057233147 4.718524903536232 1.5278448647340985 4.503767593232243 4.595806440505381 5.411884219660542 5.706408530934585 5.7616318392984684 5.246214294568893 5.424156065963627 5.675728915176872 5.64504929941916 5.859806609723149 5.724816300389213 5.93343768754166 5.902758071783947 5.792311455056181 5.773903685601553 5.798447378207723 5.976389149602458 2.3193789512830896 5.675728915176872 5.737088146692298 5.50392306693368 5.264622064023521 4.779884135051658 4.669437518323892 4.7307967498393175 4.73693267299086 1.5830681730979816 
-63.5 -62.5 -63.5 -65.0 -63.0 -65.0 -65.0 -65.5 -66.0 -64.5 -66.5 -65.5 -66.0 -66.0 -65.5 -65.0 -65.5 -66.5 -64.5 -66.5 -66.0 -63.5 -61.0 -62.5 -67.0 -65.0 -66.0 -64.0 -64.0 -64.0 -64.0 -64.5 -65.5 -65.0 -67.5 -63.5 -62.5 -62.0 -64.0 -65.0 -67.5 -67.0 -63.5 -64.5 -66.0 
