3.2397674240144743 2.9636508821950587 3.11091303783208 3.067961575771282 3.1784081924990484 0.02454369260617026 3.117048960983623 3.2520392703175593 3.104777114680538 3.031146036862027 3.031146036862027 2.9329712664373457 3.0372819600135696 3.0066023442558567 3.0372819600135696 3.031146036862027 3.1354567304382504 3.031146036862027 3.5711072741977725 3.810408277107933 3.736777199289422 3.3624858870453256 3.2520392703175593 3.693825737228624 3.4054373491061236 2.9943304979527716 3.3440781175906977 3.356349963893783 3.4054373491061236 0.2945243112740431 3.356349963893783 3.472932503773092 3.227495577711389 3.2213596545598464 3.2029518851052186 3.466796580621549 3.5772431973493153 3.5465635815916023 3.098641191528995 3.0802334220743677 3.104777114680538 3.54042765844006 3.074097498922825 3.160000423044421 3.4054373491061236 3.141592653589793 
-62.0 -62.0 -62.0 -61.5 -62.0 -62.0 -61.5 -61.5 -61.0 -62.0 -61.5 -62.0 -62.0 -62.0 -61.0 -62.0 -61.5 -63.0 -64.0 -63.5 -62.0 -63.0 -62.5 -67.5 -66.0 -65.5 -67.0 -66.0 -65.5 -67.0 -67.0 -67.0 -67.0 -64.0 -65.0 -62.5 -63.0 -66.0 -65.0 -65.0 -63.0 -63.5 -63.5 -64.0 -62.5 -64.0 
1.945087639038993 2.2150682577068657 2.0371264863121317 2.0493983326152168 2.1782527187976104 2.116893487282185 2.098485717827557 2.2027964114037806 2.0923497946760143 2.2150682577068657 2.1537090261914402 2.2764274892222915 2.0800779483729293 2.1475731030398975 2.043262409463674 2.073942025221387 2.3623304133438876 2.2764274892222915 2.098485717827557 2.435961491162398 6.1850105367549055 3.06182565261974 3.368621810196868 2.9022916506796332 2.6445828783148455 2.4850488763747385 2.466641106920111 2.313243028131547 2.478912953223196 2.4605051837685683 3.141592653589793 6.2463697682703305 2.3009711818284617 1.9880391010997909 1.9819031779482483 2.227340104009951 2.141437179888355 2.0493983326152168 2.12916533358527 2.2212041808584084 1.9573594853420782 2.073942025221387 1.8407769454627694 1.9389517158874505 
-63.5 -63.5 -62.5 -64.0 -63.5 -63.5 -63.5 -64.0 -64.0 -64.0 -63.5 -62.0 -63.5 -64.5 -63.5 -63.5 -63.5 -63.5 -63.0 -64.5 -68.0 -67.0 -65.5 -63.0 -63.0 -63.0 -63.0 -63.0 -62.5 -61.5 -64.0 -68.0 -66.5 -64.5 -64.0 -63.5 -63.5 -63.0 -62.5 -62.5 -63.5 -62.5 -63.0 -62.0 
0.9572040116406401 0.944932165337555 1.000155473701438 1.0062913968529805 0.9940195505498954 1.0185632431560658 0.9633399347921826 0.944932165337555 0.9387962421860124 0.9326603190344698 0.9510680884890975 0.8897088569736719 0.8713010875190442 0.8897088569736719 0.8958447801252144 0.9387962421860124 0.9081166264282996 0.9081166264282996 0.9572040116406401 0.9756117810952678 0.9326603190344698 0.9510680884890975 1.2640001692177683 1.1965050145508 1.012427320004523 0.9633399347921826 0.9019807032767571 0.8774370106705868 0.9510680884890975 0.9940195505498954 0.9572040116406401 1.0615147052168636 1.0062913968529805 1.1658253987930873 1.3560390164909069 1.1290098598838318 1.086058397823034 1.2026409377023426 1.141281706186917 1.043106935762236 1.000155473701438 1.0615147052168636 1.1167380135807468 1.1106020904292042 1.1474176293384597 1.227184630308513 1.2210487071569704 
-48.5 -48.5 -48.5 -48.5 -48.5 -48.5 -48.5 -48.5 -49.0 -48.5 -49.0 -49.0 -49.0 -49.0 -49.0 -49.0 -49.0 -49.0 -49.0 -50.0 -51.5 -52.5 -53.0 -51.5 -51.5 -52.0 -52.0 -52.0 -52.0 -52.0 -52.0 -51.5 -51.5 -51.0 -53.0 -53.0 -51.0 -50.0 -49.5 -49.5 -49.0 -48.5 -49.0 -48.5 -48.5 -48.5 -48.5 
1.0185632431560658 1.0062913968529805 0.9878836273983529 1.012427320004523 0.9940195505498954 0.9940195505498954 0.9940195505498954 0.9817477042468103 0.9572040116406401 0.9510680884890975 0.9203884727313847 0.9142525495798421 0.9142525495798421 0.8958447801252144 0.9387962421860124 0.9265243958829272 0.9510680884890975 0.9878836273983529 1.0185632431560658 1.0921943209745766 1.184233168247715 1.4358060174609601 1.521708941582556 1.3499030933393643 1.1474176293384597 1.1965050145508 1.3314953238847365 1.325359400733194 1.3008157081270237 1.337631247036279 1.368310862793992 1.3130875544301088 1.2946797849754812 1.2640001692177683 1.607611865704152 1.6566992509164924 1.5033011721279284 1.227184630308513 1.141281706186917 1.1167380135807468 1.0737865515199487 1.1044661672776617 1.030835089459151 1.043106935762236 1.055378782065321 1.0799224746714913 0.9572040116406401 
-51.0 -51.0 -51.0 -50.5 -51.0 -51.0 -51.0 -51.0 -51.0 -51.5 -51.5 -51.5 -51.5 -51.5 -51.5 -51.5 -52.0 -51.5 -51.0 -51.5 -52.5 -53.0 -51.0 -50.0 -50.5 -51.0 -51.0 -50.5 -50.5 -50.5 -50.5 -51.0 -51.0 -49.5 -50.5 -52.0 -53.0 -52.5 -52.0 -51.5 -51.5 -50.5 -51.0 -51.0 -50.5 -50.5 -50.5 
1.4480778637640452 1.3867186322486196 1.3499030933393643 1.337631247036279 1.3560390164909069 1.337631247036279 1.3621749396424494 1.3192234775816514 1.3314953238847365 1.3130875544301088 1.3130875544301088 1.3008157081270237 1.2946797849754812 1.2885438618239387 1.2885438618239387 1.2701360923693108 1.2885438618239387 1.3867186322486196 1.4726215563702154 1.7548740213411735 1.8837284075235674 1.8653206380689396 1.6751070203711202 1.4726215563702154 1.3928545554001621 1.3928545554001621 1.5401167110371838 1.4542137869155878 1.521708941582556 1.533980787885641 1.5830681730979816 1.576932249946439 1.4603497100671303 1.533980787885641 1.7978254834019713 1.9819031779482483 2.1353012567368124 1.9880391010997909 1.7671458676442586 1.4848934026733007 1.4480778637640452 1.3437671701878218 1.2946797849754812 1.3192234775816514 1.368310862793992 1.3499030933393643 1.368310862793992 
-55.0 -55.0 -55.0 -55.0 -55.0 -55.0 -55.0 -55.0 -55.0 -55.0 -55.0 -55.5 -55.0 -55.0 -54.5 -55.0 -55.0 -55.5 -56.5 -55.5 -54.0 -51.5 -50.0 -51.0 -51.5 -52.5 -52.0 -52.0 -52.5 -52.5 -52.0 -51.5 -52.5 -52.0 -50.5 -51.0 -55.0 -54.5 -55.5 -57.0 -56.0 -54.5 -54.5 -54.0 -54.5 -54.0 -54.0 
1.6505633277649499 1.6321555583103222 1.6260196351587797 1.6198837120072371 1.6260196351587797 1.6444274046134073 1.6321555583103222 1.5953400194010667 1.5585244804918115 1.5462526341887264 1.552388557340269 1.552388557340269 1.607611865704152 1.5278448647340985 1.5401167110371838 1.4358060174609601 1.5278448647340985 1.5155730184310134 1.4848934026733007 1.6566992509164924 2.061670178918302 2.067806102069844 1.7916895602504288 1.8960002538266525 1.9634954084936207 1.9512235621905356 1.8162332528565992 1.9144080232812801 1.9573594853420782 1.9512235621905356 1.902136176978195 1.8162332528565992 2.0064468705544187 1.902136176978195 1.945087639038993 2.043262409463674 2.1537090261914402 2.067806102069844 1.8407769454627694 1.5892040962495242 1.5892040962495242 1.6321555583103222 1.6014759425526093 1.5401167110371838 1.4726215563702154 1.6444274046134073 1.6382914814618648 
-53.5 -54.0 -54.0 -54.5 -54.0 -54.5 -54.0 -54.5 -55.0 -54.5 -54.5 -55.5 -55.0 -55.0 -55.0 -54.5 -54.5 -55.5 -56.0 -56.0 -54.5 -52.5 -54.0 -55.5 -55.5 -55.0 -56.0 -56.0 -55.0 -55.0 -56.0 -55.5 -55.0 -56.0 -54.5 -53.5 -54.0 -54.5 -54.5 -55.5 -54.5 -54.0 -54.0 -53.5 -53.5 -53.5 -53.5 
5.154175447295755 5.227806525114265 5.1725832167503825 5.21553467881118 5.227806525114265 5.123495831538041 5.240078371417351 5.258486140871978 5.197126909356553 5.203262832508095 5.178719139901925 5.295301679781233 5.240078371417351 5.178719139901925 5.129631754689584 5.21553467881118 5.21553467881118 5.301437602932776 5.663457068873787 5.66959299202533 5.8475347634200645 5.730952223540755 5.154175447295755 5.313709449235861 5.295301679781233 5.184855063053467 4.957825906446392 5.056000676871073 5.209398755659637 5.166447293598839 5.013049214810275 4.957825906446392 5.307573526084319 5.553010452146021 5.332117218690489 5.737088146692298 5.988660995905543 5.835262917116979 5.730952223540755 5.589825991055276 5.3198453723874035 5.209398755659637 5.289165756629691 5.178719139901925 5.111223985234957 5.105088062083414 5.111223985234957 
-61.5 -61.5 -62.0 -62.5 -62.0 -62.0 -61.5 -62.0 -62.0 -62.0 -62.5 -62.0 -62.0 -62.0 -62.0 -62.0 -60.5 -62.5 -62.0 -61.0 -61.0 -57.0 -57.5 -58.5 -59.0 -59.0 -58.5 -59.5 -59.0 -59.5 -59.5 -58.5 -58.5 -58.0 -57.5 -55.0 -57.5 -60.0 -60.0 -60.5 -60.5 -61.0 -60.0 -60.0 -61.0 -61.0 -60.5 
4.92714629068868 4.816699673960914 4.841243366567084 4.798291904506286 4.816699673960914 4.798291904506286 4.7307967498393175 4.792155981354743 4.963961829597935 4.767612288748572 4.749204519293945 4.528311285838413 4.755340442445488 4.743068596142402 4.706253057233147 4.71238898038469 5.197126909356553 4.957825906446392 2.227340104009951 5.602097837358362 5.829126993965437 5.424156065963627 5.350524988145116 5.675728915176872 5.8045833013592665 5.786175531904639 5.9088939949354895 5.915029918087033 5.767767762450011 5.9088939949354895 5.915029918087033 5.9518454569962875 5.66959299202533 5.970253226450915 2.2886993355253766 5.651185222570702 5.957981380147831 5.485515297479052 5.197126909356553 4.724660826687775 4.681709364626977 4.706253057233147 4.988505522204105 4.822835597112456 4.73693267299086 4.792155981354743 4.700117134081604 
-63.0 -63.0 -63.5 -64.5 -64.0 -64.5 -64.5 -65.0 -65.0 -64.5 -66.0 -66.5 -66.0 -66.5 -66.0 -65.5 -66.5 -65.5 -69.0 -64.5 -62.0 -61.5 -62.0 -67.0 -65.0 -64.5 -65.0 -64.0 -64.5 -63.0 -64.5 -65.0 -65.0 -68.5 -63.0 -61.5 -62.0 -64.0 -64.5 -65.5 -64.0 -62.0 -62.0 -63.0 -62.0 -62.0 -61.5 
