0.4111068511533518 3.3440781175906977 3.2765829629237295 2.9391071895888885 3.215223731408304 3.147728576741336 3.000466421104314 3.129320807286708 3.2090878082567613 3.104777114680538 2.5586799541932495 3.031146036862027 0.0674951546669682 6.215690152512618 3.0127382674073995 0.0859029241215959 3.098641191528995 3.3226023865602987 3.104777114680538 3.5833791205008576 4.356505437595221 3.988350048502667 3.822680123411018 3.7551849687440497 0.04908738521234052 0.9878836273983529 3.6386024288647407 
-65.5 -66.0 -65.5 -66.0 -63.0 -66.5 -66.5 -66.0 -67.0 -62.0 -67.5 -64.5 -67.5 -67.5 -66.5 -66.0 -64.0 -65.5 -63.0 -64.5 -62.5 -61.0 -60.5 -58.0 -65.0 -69.5 -62.0 
0.9203884727313847 4.025165587411922 3.822680123411018 3.6324665057131984 3.761320891895592 3.767456815047135 3.6754179677739964 3.4913402732277192 3.356349963893783 3.6754179677739964 3.3379421944391554 0.3313398501832985 3.2029518851052186 3.227495577711389 0.32520392703175593 3.472932503773092 0.8160777791551611 0.9940195505498954 1.055378782065321 4.25833066717054 1.2885438618239387 0.9756117810952678 3.988350048502667 0.1595340019401067 3.2213596545598464 2.6261751088602177 2.6200391857086753 2.8102528034064944 2.478912953223196 1.4296700943094176 
-66.0 -65.0 -66.0 -67.0 -67.5 -67.5 -64.5 -70.0 -68.5 -68.5 -69.0 -70.0 -68.0 -66.5 -69.5 -67.0 -67.0 -66.0 -65.5 -63.5 -67.5 -66.0 -65.5 -64.5 -60.5 -61.5 -67.5 -66.0 -64.0 -62.0 
3.9055150859568424 0.7731263170943632 0.8467573949128739 0.8344855486097889 0.8222137023067037 0.8651651643675016 0.9019807032767571 0.7669903939428205 0.9142525495798421 0.9387962421860124 0.9817477042468103 0.8344855486097889 1.000155473701438 0.9940195505498954 0.9756117810952678 0.9510680884890975 0.9756117810952678 0.9633399347921826 0.9572040116406401 0.9572040116406401 0.8498253564886452 0.7976700097005334 0.760854470791278 0.6442719309119693 0.760854470791278 0.9909515889741242 1.1903690913992575 1.2455923997631406 1.1596894756415448 1.282407938672396 1.2026409377023426 1.2210487071569704 1.1658253987930873 1.2026409377023426 1.043106935762236 1.282407938672396 1.3069516312785663 1.2762720155208536 1.2946797849754812 1.2762720155208536 
-51.0 -50.5 -50.5 -50.0 -50.0 -50.0 -50.0 -50.0 -50.0 -49.5 -49.5 -49.5 -49.5 -49.5 -49.0 -49.5 -49.5 -49.5 -49.5 -50.0 -50.5 -51.0 -50.5 -50.5 -50.5 -51.0 -51.5 -51.0 -50.0 -51.5 -51.0 -52.0 -53.0 -53.0 -49.5 -50.5 -50.0 -50.0 -50.5 -48.5 
0.8191457407309324 0.8528933180644165 0.8713010875190442 0.8713010875190442 0.8774370106705868 0.8835729338221293 0.8160777791551611 0.9326603190344698 0.8160777791551611 0.8713010875190442 0.9510680884890975 0.8958447801252144 0.9019807032767571 0.9265243958829272 0.9817477042468103 0.9265243958829272 0.9142525495798421 0.9019807032767571 0.8774370106705868 0.8651651643675016 0.7700583555185919 0.7731263170943632 0.8160777791551611 0.7179030087304801 0.7547185476397354 1.033903051034922 1.086058397823034 1.0246991663076084 1.3069516312785663 1.4848934026733007 1.3621749396424494 1.380582709097077 1.380582709097077 1.3560390164909069 1.3867186322486196 4.583534594202296 1.325359400733194 1.1290098598838318 1.043106935762236 0.9633399347921826 
-54.0 -53.5 -53.5 -53.0 -53.0 -52.5 -52.5 -53.0 -52.0 -52.5 -52.5 -52.5 -52.5 -52.5 -52.0 -52.0 -52.0 -52.5 -52.0 -52.5 -53.5 -53.5 -54.5 -54.5 -54.0 -53.0 -51.0 -50.5 -52.0 -51.0 -49.5 -50.5 -50.5 -51.0 -50.5 -49.0 -50.0 -50.0 -51.0 -51.0 
0.760854470791278 0.7792622402459057 0.8774370106705868 0.9203884727313847 0.9817477042468103 1.000155473701438 1.000155473701438 1.0676506283684062 1.0615147052168636 1.1044661672776617 1.0983302441261191 1.1535535524900022 1.1596894756415448 1.2701360923693108 1.2333205534600555 1.2087768608538851 1.2578642460662257 1.239456476611598 1.1965050145508 1.0615147052168636 3.9944859716542096 0.8528933180644165 0.6135923151542565 0.5645049299419159 0.9817477042468103 4.657165672020807 1.533980787885641 1.4910293258248433 1.552388557340269 1.7303303287350031 1.9634954084936207 2.0064468705544187 1.9941750242513334 2.018718716857504 1.9634954084936207 1.8407769454627694 1.7855536370988863 1.7794177139473437 1.7916895602504288 1.4051264017032472 
-51.5 -50.5 -50.5 -50.0 -49.5 -49.5 -49.5 -49.5 -49.0 -49.0 -48.5 -48.5 -49.0 -49.0 -49.0 -49.0 -49.0 -49.0 -49.0 -50.0 -51.0 -51.5 -52.0 -52.0 -52.5 -49.5 -48.5 -48.0 -51.5 -50.5 -49.5 -49.0 -49.5 -50.0 -50.5 -49.0 -48.5 -48.5 -50.0 -50.0 
1.086058397823034 1.0799224746714913 1.0983302441261191 1.1474176293384597 1.227184630308513 1.227184630308513 1.1903690913992575 1.2455923997631406 1.2946797849754812 1.2885438618239387 1.3621749396424494 1.337631247036279 1.2333205534600555 1.2333205534600555 1.3867186322486196 1.3989904785517047 1.2640001692177683 1.3560390164909069 1.2640001692177683 1.2640001692177683 1.1873011298234863 1.1044661672776617 0.9265243958829272 0.9940195505498954 1.3130875544301088 1.6751070203711202 1.7671458676442586 1.8223691760081417 2.0493983326152168 1.902136176978195 1.9941750242513334 2.227340104009951 2.1537090261914402 2.1905245651006955 2.0800779483729293 2.086213871524472 1.9757672547967058 1.5585244804918115 
-56.0 -55.0 -54.5 -54.0 -54.0 -53.5 -53.0 -52.5 -53.0 -53.0 -53.0 -52.5 -52.5 -52.5 -52.5 -52.0 -52.0 -52.5 -52.5 -53.0 -54.5 -54.0 -56.5 -57.5 -57.5 -54.5 -52.0 -53.5 -51.5 -51.0 -52.5 -52.5 -51.5 -52.5 -53.0 -52.0 -52.0 -53.0 
0.25770877236478773 3.497476196379262 3.5711072741977725 3.4177091954092087 3.2949907323783574 3.7981364308048478 3.816544200259475 3.890175278077986 3.9576704327449543 3.9515345095934116 4.086524818927348 3.8717675086233583 3.792000507653305 4.154019973594316 3.816544200259475 4.031301510563465 3.9638063558964967 3.773592738198677 3.9085830475326135 3.773592738198677 3.77972866135022 0.3190680038802134 3.043417883165112 5.565282298449106 5.8659425328746915 5.595961914206819 5.703340569358814 5.620505606812989 6.025476534814799 5.810719224510809 5.896622148632405 5.816855147662351 5.9518454569962875 5.976389149602458 
-65.5 -64.0 -65.0 -64.5 -64.5 -63.0 -64.0 -63.0 -63.0 -63.0 -63.0 -62.5 -62.5 -62.5 -62.5 -62.5 -63.0 -62.0 -61.0 -60.5 -65.0 -65.0 -64.0 -68.5 -59.0 -59.5 -60.0 -62.5 -60.0 -61.0 -61.0 -61.5 -60.0 -55.5 
1.9144080232812801 1.8530487917658545 1.7732817907958012 1.7978254834019713 1.8039614065535141 4.755340442445488 4.804427827657828 4.884194828627882 4.816699673960914 4.914874444385594 4.908738521234052 4.970097752749477 5.129631754689584 4.97623367590102 4.884194828627882 4.994641445355648 4.921010367537137 1.6996507129772904 1.705786636128833 1.736466251886546 6.092971689481767 5.635845414691846 5.577554144752192 5.368932757599744 6.277049384028044 6.025476534814799 6.252505691421874 5.970253226450915 6.037748381117884 6.166602767300278 5.816855147662351 
-70.5 -69.5 -68.5 -68.0 -67.5 -63.0 -64.0 -65.0 -65.5 -65.5 -62.0 -63.0 -63.0 -63.5 -64.0 -63.5 -63.5 -64.5 -65.5 -67.5 -64.0 -58.0 -55.5 -59.0 -57.5 -59.5 -60.0 -59.0 -58.5 -59.0 -57.0 
