3.6140587362585705 3.6201946594101133 3.4054373491061236 2.8654761117703775 3.718369429834794 4.154019973594316 3.411573272257666 0.5338253141842031 3.5711072741977725 3.485204350076177 3.663146121470911 1.0185632431560658 3.7551849687440497 3.2336315008629315 2.742757648739526 0.05522330836388308 3.448388811166921 6.092971689481767 3.32567034813607 3.0802334220743677 0.7424467013366504 3.380893656499953 3.06182565261974 3.2520392703175593 3.153864499892878 
-66.0 -64.5 -64.5 -65.0 -65.0 -65.5 -64.5 -65.0 -63.5 -64.5 -64.0 -63.0 -61.5 -61.5 -63.5 -74.0 -68.5 -70.5 -64.5 -63.0 -65.5 -69.5 -66.5 -68.0 -67.5 
5.565282298449106 5.730952223540755 5.6941366846315 5.780039608753096 5.8045833013592665 5.859806609723149 5.841398840268521 5.872078456026235 5.5284667595398505 3.454524734318464 2.8102528034064944 2.0923497946760143 2.282563412373834 2.2089323345553233 1.9512235621905356 2.0923497946760143 2.12916533358527 2.030990563160589 2.675262494072558 5.945709533844745 1.2578642460662257 1.4542137869155878 1.3928545554001621 1.5155730184310134 1.5401167110371838 1.5707963267948966 1.4480778637640452 1.4173982480063325 1.5033011721279284 
-70.0 -70.5 -70.5 -70.5 -70.5 -72.0 -71.5 -72.0 -72.5 -61.5 -61.0 -63.0 -66.0 -63.5 -62.5 -61.5 -63.5 -64.0 -65.0 -69.0 -63.0 -63.0 -63.0 -63.5 -63.0 -63.5 -63.5 -64.5 -64.0 
1.1903690913992575 1.1596894756415448 1.000155473701438 1.141281706186917 1.1474176293384597 1.1596894756415448 1.1596894756415448 1.1044661672776617 1.1228739367322893 1.0921943209745766 1.1106020904292042 1.1351457830353744 1.1167380135807468 1.1290098598838318 1.0676506283684062 1.1044661672776617 1.0676506283684062 1.0246991663076084 0.9878836273983529 0.9203884727313847 1.0921943209745766 1.1719613219446299 1.227184630308513 1.1351457830353744 1.239456476611598 1.2701360923693108 1.2026409377023426 1.214912784005428 1.3130875544301088 1.1044661672776617 1.086058397823034 1.2087768608538851 1.368310862793992 1.2946797849754812 1.2455923997631406 1.1351457830353744 1.1719613219446299 1.1780972450961724 1.0615147052168636 1.0369710126106935 1.0492428589137786 1.043106935762236 1.0062913968529805 0.9633399347921826 1.0062913968529805 
-41.5 -50.0 -50.5 -50.5 -50.5 -50.5 -50.5 -50.0 -50.5 -50.0 -50.0 -50.0 -50.0 -50.0 -50.0 -50.0 -50.0 -50.0 -49.5 -49.5 -50.5 -51.0 -51.0 -50.0 -51.5 -51.0 -52.5 -53.5 -54.0 -53.5 -53.0 -51.5 -51.5 -51.0 -52.0 -51.0 -49.5 -49.5 -49.0 -48.5 -49.0 -49.0 -49.0 -49.5 -49.5 
0.9940195505498954 0.9694758579437253 1.012427320004523 0.9265243958829272 0.9572040116406401 0.9878836273983529 0.9940195505498954 1.0185632431560658 0.9572040116406401 1.000155473701438 0.9694758579437253 0.9510680884890975 1.0369710126106935 0.9572040116406401 0.9387962421860124 1.030835089459151 0.9572040116406401 0.7363107781851077 0.8651651643675016 0.7363107781851077 0.9940195505498954 1.0983302441261191 1.0676506283684062 1.0983302441261191 1.4910293258248433 1.5033011721279284 1.4971652489763858 1.533980787885641 1.5707963267948966 1.5278448647340985 1.533980787885641 1.5155730184310134 1.4419419406125027 1.4971652489763858 1.3192234775816514 1.1780972450961724 1.1965050145508 1.0676506283684062 0.9940195505498954 0.9694758579437253 0.9510680884890975 1.0062913968529805 0.9756117810952678 1.012427320004523 0.9326603190344698 
-51.0 -51.0 -51.0 -51.0 -51.0 -51.0 -51.0 -51.0 -51.0 -51.0 -51.5 -51.0 -51.0 -51.0 -51.5 -51.0 -51.0 -51.0 -52.0 -52.5 -52.0 -50.5 -49.5 -51.0 -52.0 -51.0 -51.5 -52.0 -51.5 -51.5 -51.5 -51.0 -51.0 -51.0 -52.0 -52.0 -52.0 -52.5 -53.0 -52.5 -52.5 -53.0 -52.5 -52.5 -52.0 
1.3560390164909069 1.3437671701878218 1.3744467859455345 1.368310862793992 1.3621749396424494 1.214912784005428 1.3499030933393643 1.2517283229146832 1.3192234775816514 1.3744467859455345 1.368310862793992 1.3069516312785663 1.2701360923693108 1.3744467859455345 1.3192234775816514 1.4296700943094176 1.3008157081270237 1.1351457830353744 1.0615147052168636 1.5830681730979816 1.6444274046134073 1.5401167110371838 1.4787574795217582 1.7855536370988863 1.9941750242513334 2.0800779483729293 2.110757564130642 2.1353012567368124 2.1046216409791 2.073942025221387 2.043262409463674 1.761009944492716 1.6689710972195777 1.7671458676442586 1.748738098189631 1.7732817907958012 1.6566992509164924 1.3314953238847365 1.2333205534600555 1.3192234775816514 1.282407938672396 1.2210487071569704 1.2087768608538851 1.2578642460662257 
-50.5 -50.5 -50.5 -50.5 -50.5 -50.5 -50.5 -50.5 -50.5 -50.5 -50.5 -50.5 -50.0 -50.5 -50.5 -50.5 -50.5 -51.0 -52.0 -50.5 -48.5 -47.5 -49.5 -49.5 -51.5 -50.5 -50.5 -51.0 -51.0 -50.5 -51.0 -50.5 -49.5 -48.0 -48.5 -50.0 -51.5 -52.0 -51.5 -50.5 -50.5 -50.0 -50.5 -50.5 
1.6014759425526093 1.6137477888556946 1.5585244804918115 1.5892040962495242 1.509437095279471 1.576932249946439 1.5707963267948966 1.533980787885641 1.6321555583103222 1.5830681730979816 1.552388557340269 1.5830681730979816 1.576932249946439 1.5278448647340985 1.5278448647340985 1.533980787885641 1.5278448647340985 1.5033011721279284 1.4542137869155878 1.3621749396424494 1.748738098189631 1.8960002538266525 1.7303303287350031 2.0064468705544187 2.0064468705544187 2.1230294104337273 2.3193789512830896 2.3193789512830896 2.2457478734645786 2.2089323345553233 2.3009711818284617 2.1475731030398975 2.116893487282185 2.043262409463674 1.945087639038993 2.086213871524472 2.061670178918302 1.8714565612204823 1.6137477888556946 1.7303303287350031 1.6873788666742053 1.6382914814618648 1.5401167110371838 1.5462526341887264 1.564660403643354 
-52.0 -52.5 -52.0 -52.5 -52.5 -52.5 -52.0 -52.0 -52.5 -52.0 -53.0 -52.5 -52.5 -52.5 -52.5 -52.5 -52.5 -52.5 -54.0 -55.5 -54.0 -51.5 -53.0 -54.0 -51.5 -52.5 -53.0 -53.0 -53.0 -53.0 -53.5 -53.5 -52.5 -54.0 -52.5 -52.5 -54.0 -56.0 -57.0 -56.0 -54.5 -54.0 -54.0 -54.5 -53.5 
3.834951969714103 3.8963112012295285 4.2031073588066565 3.9085830475326135 3.767456815047135 4.080388895775806 4.074252972624263 4.221515128261284 4.1172044346850605 3.368621810196868 5.700272607783043 5.47937937432751 5.638913376267617 5.632777453116074 6.013204688511713 6.043884304269426 6.12365130523948 5.872078456026235 6.013204688511713 6.12365130523948 6.12365130523948 5.724816300389213 5.64504929941916 6.086835766330224 6.135923151542564 5.976389149602458 5.681864838328415 5.111223985234957 4.81056375080937 4.878058905476339 4.3933209765044765 4.558990901596125 4.571262747899211 
-66.5 -65.5 -67.0 -64.5 -66.5 -67.0 -64.5 -67.0 -67.5 -66.0 -59.0 -59.5 -62.0 -59.5 -61.5 -60.5 -61.0 -61.5 -61.0 -59.5 -59.5 -61.5 -57.5 -57.0 -60.0 -63.0 -71.0 -70.5 -68.5 -67.0 -67.5 -67.5 -67.0 
2.2150682577068657 4.828971520263998 5.301437602932776 5.411884219660542 5.197126909356553 5.209398755659637 4.957825906446392 5.3198453723874035 5.418020142812084 5.080544369477243 5.2339424482658075 5.295301679781233 2.1475731030398975 5.270757987175063 5.160311370447297 2.5341362615870793 5.964117303299373 5.706408530934585 5.436427912266712 0.15339807878856412 5.835262917116979 0.23316507975861744 0.02454369260617026 6.19728238305799 6.17273869045182 6.050020227420969 6.178874613603362 0.2454369260617026 5.9518454569962875 6.1420590746941075 2.3930100291016 5.780039608753096 5.964117303299373 6.22182607566416 3.6447383520162835 5.381204603902829 5.160311370447297 5.411884219660542 5.1725832167503825 
-62.0 -61.0 -61.0 -60.5 -60.5 -61.0 -61.5 -61.0 -62.0 -62.0 -62.0 -61.5 -62.5 -61.0 -62.5 -67.0 -59.0 -55.5 -59.0 -61.5 -58.5 -62.0 -60.0 -58.5 -61.0 -59.5 -59.5 -62.5 -61.0 -60.5 -63.0 -58.5 -57.5 -62.5 -76.0 -67.0 -67.5 -66.5 -66.0 
