3.000466421104314 3.098641191528995 3.227495577711389 3.2213596545598464 3.08636934522591 3.129320807286708 3.3379421944391554 3.2213596545598464 3.313398501832985 3.3502140407422405 3.4054373491061236 3.184544115650591 3.423845118560751 3.724505352986337 4.37798116862562 4.724660826687775 4.424000592262189 3.215223731408304 2.5034566458293663 2.1046216409791 5.884350302329319 6.19728238305799 0.30679615757712825 1.4296700943094176 5.301437602932776 0.2270291566070749 0.28225246497095796 0.5031456984264903 0.6749515466696822 0.6749515466696822 
-63.5 -63.5 -65.0 -65.5 -64.0 -65.5 -67.0 -66.5 -65.5 -65.5 -64.5 -65.5 -66.0 -67.0 -68.5 -66.0 -64.5 -64.0 -66.5 -66.5 -73.0 -70.0 -68.0 -69.5 -68.0 -71.5 -72.5 -73.0 -73.0 -72.0 
2.6691265709210157 5.663457068873787 2.350058567040802 2.36846633649543 2.067806102069844 1.9144080232812801 1.6873788666742053 1.705786636128833 1.718058482431918 1.552388557340269 1.6198837120072371 1.6873788666742053 1.761009944492716 1.6751070203711202 1.8346410223112268 1.4910293258248433 4.721592865112004 1.3069516312785663 1.6996507129772904 2.521864415283994 2.172116795646068 2.0493983326152168 2.055534255766759 2.073942025221387 2.073942025221387 1.9573594853420782 2.030990563160589 2.2457478734645786 2.227340104009951 1.6873788666742053 1.423534171157875 1.521708941582556 1.6014759425526093 1.6505633277649499 1.6321555583103222 1.7916895602504288 1.718058482431918 1.6444274046134073 1.5892040962495242 
-68.5 -69.5 -68.5 -69.5 -68.5 -66.5 -66.5 -65.0 -66.5 -65.5 -64.5 -64.5 -64.5 -65.0 -66.0 -65.5 -66.0 -64.0 -63.0 -65.0 -62.5 -62.0 -63.0 -60.5 -60.5 -61.0 -61.0 -62.0 -65.0 -62.5 -60.5 -62.0 -61.5 -60.0 -59.5 -60.0 -61.0 -60.5 -61.0 
0.6504078540635119 0.662679700366597 0.7240389318820226 0.7976700097005334 0.8406214717613314 0.8344855486097889 0.9203884727313847 0.944932165337555 0.9387962421860124 0.9510680884890975 0.9326603190344698 0.9817477042468103 0.9756117810952678 0.944932165337555 0.9633399347921826 0.9940195505498954 4.242990859291684 1.2762720155208536 1.2578642460662257 1.2517283229146832 1.227184630308513 1.1965050145508 1.030835089459151 0.9694758579437253 0.9940195505498954 1.012427320004523 1.0737865515199487 1.1106020904292042 1.3008157081270237 1.1535535524900022 1.1474176293384597 1.3621749396424494 1.3437671701878218 1.337631247036279 1.368310862793992 1.3928545554001621 1.3437671701878218 1.3989904785517047 1.4051264017032472 
-50.0 -49.5 -50.0 -50.0 -50.0 -50.0 -50.0 -49.5 -49.5 -49.5 -49.0 -49.5 -49.0 -49.5 -49.0 -49.5 -49.5 -50.5 -51.5 -54.0 -54.0 -54.0 -56.0 -57.5 -57.5 -57.5 -56.5 -54.5 -54.0 -54.5 -52.0 -51.0 -50.0 -50.0 -50.5 -51.0 -51.0 -50.5 -50.5 
0.8283496254582462 0.8528933180644165 0.9326603190344698 0.9019807032767571 0.9081166264282996 0.9510680884890975 0.9265243958829272 0.9572040116406401 0.9203884727313847 0.9203884727313847 0.944932165337555 0.9081166264282996 0.8958447801252144 0.9387962421860124 0.859029241215959 0.7792622402459057 0.8835729338221293 1.1965050145508 1.380582709097077 1.2701360923693108 1.3314953238847365 1.5155730184310134 1.325359400733194 1.3008157081270237 1.2455923997631406 1.2946797849754812 1.4296700943094176 1.368310862793992 1.4787574795217582 1.423534171157875 1.2762720155208536 1.1106020904292042 1.0799224746714913 1.1106020904292042 1.1535535524900022 1.1474176293384597 1.2455923997631406 1.1903690913992575 1.1780972450961724 
-53.0 -52.5 -52.5 -52.5 -52.0 -52.0 -52.0 -51.5 -51.5 -51.5 -51.5 -51.5 -51.5 -51.5 -51.5 -52.0 -52.5 -52.0 -50.5 -51.5 -52.5 -53.5 -53.0 -53.0 -53.5 -53.0 -53.5 -53.5 -52.0 -53.5 -53.5 -52.0 -51.5 -51.5 -51.5 -51.5 -51.0 -51.0 -51.0 
0.8774370106705868 0.944932165337555 0.9326603190344698 1.000155473701438 1.1351457830353744 1.1474176293384597 1.1903690913992575 1.2087768608538851 1.2210487071569704 1.2210487071569704 1.214912784005428 1.214912784005428 1.1903690913992575 1.1474176293384597 1.1903690913992575 1.1474176293384597 4.4362724385652745 1.88986433067511 1.9512235621905356 1.9512235621905356 1.9266798695843652 2.110757564130642 2.2764274892222915 2.2334760271614935 2.3316507975861747 2.2641556429192065 2.3623304133438876 2.1905245651006955 1.945087639038993 2.270291566070749 2.3316507975861747 1.932815792735908 1.6444274046134073 1.509437095279471 1.662835174068035 1.6751070203711202 1.718058482431918 1.6996507129772904 1.6996507129772904 
-53.5 -52.5 -52.0 -51.5 -51.5 -51.0 -51.0 -50.5 -51.0 -50.5 -50.5 -50.5 -50.5 -50.5 -50.5 -50.0 -52.0 -50.5 -50.0 -50.5 -53.5 -56.5 -57.0 -58.0 -59.0 -58.5 -57.5 -58.0 -55.0 -51.0 -53.5 -55.5 -54.0 -51.0 -50.0 -50.0 -50.0 -50.0 -50.0 
1.282407938672396 1.3008157081270237 1.41126232485479 1.4173982480063325 1.4848934026733007 1.4910293258248433 1.5462526341887264 1.6137477888556946 1.5953400194010667 1.5892040962495242 1.576932249946439 1.5462526341887264 1.5278448647340985 1.5033011721279284 1.4787574795217582 1.4542137869155878 1.576932249946439 2.2027964114037806 2.172116795646068 2.3439226438892597 2.411417798556228 2.3316507975861747 2.2764274892222915 2.386874105950058 2.3746022596469727 2.3930100291016 2.350058567040802 2.3193789512830896 2.448233337465483 2.4175537217077703 2.5402721847386216 1.9389517158874505 1.6935147898257479 1.6873788666742053 1.8039614065535141 1.846912868614312 1.8223691760081417 1.8100973297050567 1.8162332528565992 
-56.0 -55.5 -55.5 -55.0 -55.0 -54.5 -54.0 -54.0 -54.0 -54.0 -53.5 -53.5 -53.0 -53.5 -53.0 -53.0 -56.5 -54.5 -53.5 -56.0 -54.5 -54.5 -57.0 -56.5 -56.0 -57.0 -57.0 -55.5 -57.0 -53.0 -56.0 -58.5 -55.5 -53.5 -52.0 -52.0 -52.0 -52.0 -51.5 
4.362641360746763 4.565126824747668 4.608078286808466 4.325825821837508 4.522175362686871 4.583534594202296 4.28287435977671 4.338097668140593 4.154019973594316 4.129476280988146 4.3074180523828804 3.877903431774901 4.1172044346850605 4.104932588381976 5.982525072754001 5.9518454569962875 6.050020227420969 5.424156065963627 6.178874613603362 5.712544454086128 5.957981380147831 5.706408530934585 5.626641529964532 5.724816300389213 5.915029918087033 6.062292073724054 0.03681553890925539 6.086835766330224 4.289010282928253 4.196971435655114 4.577398671050753 4.460816131171445 4.528311285838413 4.454680208019902 4.23378697456437 
-69.0 -69.0 -70.0 -69.5 -68.0 -69.5 -68.5 -68.5 -67.5 -68.5 -65.5 -68.0 -68.0 -68.0 -67.0 -63.5 -59.5 -63.5 -61.5 -65.5 -62.5 -66.0 -65.5 -64.0 -62.0 -58.5 -59.5 -64.5 -70.5 -66.0 -65.5 -65.0 -66.0 -65.0 -65.0 
2.1966604882522383 1.9819031779482483 2.043262409463674 5.197126909356553 5.197126909356553 5.154175447295755 5.0682725231741586 5.166447293598839 5.166447293598839 5.227806525114265 5.123495831538041 2.024854640009046 4.865787059173254 2.5832236467994196 0.23316507975861744 6.240233845118788 5.927301764390117 0.8774370106705868 0.04908738521234052 0.14112623248547898 0.4724660826687775 6.111379458936394 6.14819499784565 0.8283496254582462 0.14112623248547898 0.6320000846088841 5.872078456026235 0.1595340019401067 1.0983302441261191 4.816699673960914 5.178719139901925 5.313709449235861 5.50392306693368 5.283029833478148 5.141903600992669 
-72.0 -71.5 -71.0 -69.5 -67.0 -66.0 -68.5 -66.0 -67.0 -65.0 -66.5 -65.5 -64.5 -71.5 -70.5 -59.0 -58.0 -66.5 -64.5 -66.0 -67.0 -67.0 -67.5 -68.5 -70.5 -65.5 -67.5 -63.5 -78.0 -67.0 -63.5 -61.5 -62.0 -61.0 -61.0 
