2.60776733940559 2.497320722677824 2.675262494072558 2.60776733940559 2.5954954931025047 2.399145952253143 2.564815877344792 2.5832236467994196 2.5954954931025047 2.6200391857086753 2.442097414313941 2.6813984172241008 2.6139032625571326 2.662990647769473 2.521864415283994 2.5341362615870793 2.5402721847386216 2.662990647769473 2.6384469551633027 2.8961557275280905 2.82252464970958 3.2213596545598464 3.215223731408304 2.9943304979527716 2.8838838812250054 2.8716120349219203 3.0250101137104846 3.5588354278946874 3.5281558121369745 3.2029518851052186 3.184544115650591 3.0495538063166547 3.147728576741336 3.356349963893783 3.5281558121369745 3.6201946594101133 3.6662140830466825 3.000466421104314 2.9022916506796332 2.779573187648782 2.988194574801229 2.779573187648782 2.5341362615870793 2.564815877344792 2.4911847995262812 
-64.5 -64.5 -63.5 -64.0 -64.0 -64.5 -64.5 -64.0 -64.0 -65.0 -64.5 -64.5 -64.5 -64.0 -65.5 -64.0 -64.5 -65.0 -65.5 -65.5 -64.5 -61.5 -59.5 -61.0 -62.0 -64.0 -63.5 -64.5 -63.5 -62.5 -62.5 -63.5 -63.5 -63.5 -63.5 -65.5 -68.5 -67.0 -67.0 -64.5 -62.0 -66.5 -65.0 -65.5 -66.0 
2.386874105950058 2.2886993355253766 2.386874105950058 2.2396119503130363 2.2518837966161214 2.435961491162398 2.2089323345553233 2.313243028131547 2.3746022596469727 2.3193789512830896 2.227340104009951 2.1659808724945253 2.2150682577068657 2.337786720737717 2.386874105950058 2.3316507975861747 2.3930100291016 2.2886993355253766 2.313243028131547 2.172116795646068 2.2457478734645786 2.313243028131547 2.5280003384355365 2.5402721847386216 2.2334760271614935 2.270291566070749 2.4727770300716534 2.730485802436441 3.2397674240144743 3.3195344249845276 2.84706834231575 2.448233337465483 2.3071071049800045 2.448233337465483 2.5893595699509624 2.6568547246179306 3.018874190558942 6.145127036269878 2.411417798556228 2.2764274892222915 2.1537090261914402 2.067806102069844 2.098485717827557 2.0493983326152168 1.8223691760081417 1.7978254834019713 1.6014759425526093 1.8653206380689396 
-64.5 -64.0 -64.5 -64.0 -64.5 -65.0 -64.5 -64.5 -65.5 -64.5 -64.5 -65.0 -65.0 -64.5 -64.5 -65.0 -64.5 -65.5 -65.0 -65.0 -64.0 -63.5 -63.0 -62.5 -64.0 -64.0 -65.5 -65.5 -65.0 -63.5 -62.5 -62.0 -61.5 -63.0 -61.5 -62.5 -63.5 -67.0 -66.0 -65.5 -64.0 -63.0 -60.5 -61.5 -64.0 -65.0 -65.5 -66.5 
0.36815538909255385 0.3988350048502667 0.4479223900626072 0.39269908169872414 0.3988350048502667 0.3620194659410113 0.4049709280018093 0.34974761963792617 0.4111068511533518 0.4172427743048944 0.39269908169872414 0.4172427743048944 0.42337869745643697 0.3988350048502667 0.39269908169872414 0.4172427743048944 0.44178646691106466 0.39269908169872414 0.42337869745643697 0.47860200582032003 0.5460971604872883 0.8283496254582462 0.8528933180644165 0.7363107781851077 0.7424467013366504 0.9572040116406401 1.012427320004523 0.8160777791551611 0.6810874698212247 0.803805932852076 0.8406214717613314 0.8467573949128739 0.8713010875190442 0.859029241215959 0.7915340865489908 0.8160777791551611 0.9940195505498954 1.1596894756415448 1.0737865515199487 0.9019807032767571 0.9326603190344698 0.9878836273983529 0.9387962421860124 0.7424467013366504 0.6872233929727672 0.5951845456996288 0.5767767762450011 
-51.0 -51.0 -51.0 -51.0 -51.0 -51.0 -51.0 -51.0 -50.5 -50.5 -50.5 -50.5 -50.5 -51.0 -50.5 -51.0 -51.0 -51.0 -50.5 -50.5 -50.5 -49.5 -49.5 -51.0 -51.5 -52.0 -51.0 -49.5 -50.0 -51.5 -51.5 -51.5 -51.0 -51.5 -51.5 -50.0 -49.5 -51.0 -52.0 -51.5 -50.5 -50.0 -50.0 -50.5 -50.5 -51.0 -51.0 
0.8222137023067037 0.8283496254582462 0.8406214717613314 0.8160777791551611 0.8222137023067037 0.8344855486097889 0.7915340865489908 0.7731263170943632 0.8344855486097889 0.8099418560036186 0.8344855486097889 0.7915340865489908 0.8099418560036186 0.8099418560036186 0.8467573949128739 0.8467573949128739 0.7792622402459057 0.8160777791551611 0.803805932852076 0.7731263170943632 0.8651651643675016 1.0615147052168636 1.0615147052168636 1.1596894756415448 1.2333205534600555 1.2640001692177683 1.1474176293384597 0.9387962421860124 0.9081166264282996 1.1167380135807468 1.2333205534600555 1.1780972450961724 1.2210487071569704 1.2578642460662257 1.2455923997631406 1.0615147052168636 1.1044661672776617 1.2885438618239387 1.3621749396424494 1.380582709097077 1.337631247036279 1.1903690913992575 1.030835089459151 0.8528933180644165 0.8651651643675016 0.859029241215959 0.8344855486097889 
-54.5 -54.5 -54.5 -54.5 -54.5 -54.5 -54.5 -54.0 -54.5 -54.5 -54.5 -54.5 -54.5 -54.5 -54.5 -54.5 -54.5 -54.5 -54.0 -54.0 -53.0 -52.0 -51.5 -52.5 -51.5 -51.0 -50.0 -50.0 -50.5 -51.0 -50.0 -50.0 -49.5 -50.0 -50.5 -50.5 -50.5 -49.0 -49.5 -50.5 -51.0 -51.0 -51.5 -52.5 -53.0 -53.5 -53.5 
1.4296700943094176 1.423534171157875 1.4603497100671303 1.4296700943094176 1.4051264017032472 1.3989904785517047 1.4173982480063325 1.41126232485479 1.41126232485479 1.3744467859455345 1.368310862793992 1.3560390164909069 1.337631247036279 1.41126232485479 1.41126232485479 1.380582709097077 1.4358060174609601 1.4296700943094176 1.3560390164909069 1.3621749396424494 1.3928545554001621 1.4603497100671303 1.6566992509164924 1.6812429435226628 1.6996507129772904 1.6812429435226628 1.5278448647340985 1.3867186322486196 1.3314953238847365 1.4051264017032472 1.4971652489763858 1.5033011721279284 1.4848934026733007 1.4726215563702154 1.5155730184310134 1.5892040962495242 1.521708941582556 1.533980787885641 1.5401167110371838 1.6873788666742053 1.8346410223112268 1.88986433067511 1.8653206380689396 1.6505633277649499 1.6873788666742053 1.6321555583103222 1.5585244804918115 1.5155730184310134 
-57.0 -57.5 -57.5 -57.5 -57.5 -57.5 -57.5 -57.0 -57.5 -57.0 -57.5 -57.5 -57.5 -57.5 -57.5 -57.5 -57.0 -57.5 -57.5 -57.0 -56.5 -55.5 -53.0 -52.5 -52.0 -51.0 -49.5 -49.5 -50.5 -50.5 -50.5 -51.0 -50.5 -51.0 -50.5 -50.5 -50.5 -50.5 -49.5 -49.0 -50.5 -52.5 -53.5 -54.0 -56.5 -57.0 -57.5 -57.0 
1.7241944055834606 1.736466251886546 1.7548740213411735 1.7119225592803755 1.7119225592803755 1.7241944055834606 1.7732817907958012 1.705786636128833 1.662835174068035 1.736466251886546 1.6873788666742053 1.6935147898257479 1.718058482431918 1.7548740213411735 1.7548740213411735 1.8039614065535141 1.736466251886546 1.7426021750380885 1.7119225592803755 1.6689710972195777 1.6751070203711202 1.902136176978195 1.8653206380689396 1.9266798695843652 1.8837284075235674 1.662835174068035 1.6812429435226628 1.7916895602504288 1.8837284075235674 1.88986433067511 1.8100973297050567 1.846912868614312 1.8346410223112268 1.8653206380689396 1.8285050991596843 1.9082721001297376 1.88986433067511 1.8775924843720249 1.8530487917658545 1.8960002538266525 1.9512235621905356 1.9144080232812801 1.88986433067511 1.8100973297050567 1.8100973297050567 1.7671458676442586 1.718058482431918 
-56.5 -56.5 -56.5 -56.5 -56.5 -56.5 -56.0 -56.0 -56.5 -56.0 -56.0 -56.5 -56.5 -56.0 -55.5 -56.0 -56.0 -56.0 -56.0 -56.0 -55.0 -53.0 -52.0 -51.0 -51.5 -52.0 -53.5 -53.0 -53.0 -52.5 -53.0 -52.5 -53.0 -52.5 -52.5 -53.0 -53.5 -52.0 -51.5 -51.0 -50.0 -51.0 -52.0 -53.5 -53.5 -53.5 -53.5 
5.8475347634200645 5.859806609723149 5.810719224510809 5.816855147662351 5.841398840268521 5.810719224510809 5.859806609723149 5.872078456026235 5.822991070813893 5.816855147662351 5.841398840268521 5.8659425328746915 5.878214379177777 5.786175531904639 5.835262917116979 5.8475347634200645 5.872078456026235 5.8045833013592665 5.822991070813893 5.712544454086128 5.724816300389213 5.773903685601553 5.835262917116979 5.835262917116979 5.688000761479957 5.485515297479052 5.5284667595398505 5.485515297479052 5.50392306693368 5.240078371417351 5.197126909356553 5.338253141842031 5.295301679781233 5.356660911296659 5.399612373357457 5.50392306693368 5.583690067903734 5.589825991055276 5.64504929941916 5.816855147662351 5.927301764390117 5.915029918087033 5.896622148632405 5.8045833013592665 5.8659425328746915 5.927301764390117 5.878214379177777 
-57.5 -57.5 -57.5 -57.5 -57.5 -57.0 -57.0 -57.5 -57.5 -57.5 -57.0 -57.0 -57.0 -57.5 -57.5 -57.0 -57.5 -57.5 -57.0 -57.5 -57.0 -57.0 -56.0 -55.0 -55.0 -55.5 -56.0 -56.0 -55.5 -55.5 -56.0 -56.5 -57.0 -56.5 -56.0 -55.5 -55.5 -56.0 -55.0 -54.5 -55.0 -56.5 -56.0 -57.0 -57.5 -58.0 -58.0 
2.779573187648782 2.724349879284899 2.675262494072558 2.466641106920111 2.509592568980909 2.4911847995262812 2.466641106920111 5.816855147662351 5.638913376267617 5.399612373357457 5.663457068873787 5.589825991055276 5.583690067903734 5.712544454086128 5.5714182216006485 5.350524988145116 5.375068680751287 5.638913376267617 5.675728915176872 5.792311455056181 5.5714182216006485 5.780039608753096 5.602097837358362 5.663457068873787 5.737088146692298 5.822991070813893 5.6665250304495585 5.387340527054372 5.344389064993574 5.602097837358362 5.688000761479957 5.442563835418255 2.2457478734645786 5.338253141842031 5.0253210611133605 5.424156065963627 5.50392306693368 
-74.5 -74.5 -75.0 -75.0 -75.5 -74.0 -74.5 -73.0 -74.5 -69.5 -66.5 -61.0 -60.5 -59.5 -59.0 -60.5 -62.5 -64.5 -63.0 -60.5 -62.5 -63.5 -62.0 -63.0 -61.5 -62.5 -67.0 -64.0 -61.0 -60.5 -61.5 -60.5 -64.5 -67.5 -67.5 -69.0 -69.5 
