0.9203884727313847 3.706097583531709 0.8406214717613314 0.44178646691106466 0.662679700366597 0.3620194659410113 0.8283496254582462 3.9208548938356986 4.718524903536232 0.30679615757712825 0.6994952392758523 0.2086213871524472 5.129631754689584 
-71.0 -72.0 -71.0 -71.0 -72.5 -72.0 -71.5 -69.0 -70.5 -65.5 -74.0 -74.0 -65.0 
1.761009944492716 1.9819031779482483 1.846912868614312 1.902136176978195 1.8162332528565992 1.3499030933393643 1.6505633277649499 1.6935147898257479 1.846912868614312 1.8162332528565992 1.748738098189631 1.7303303287350031 1.6382914814618648 1.6689710972195777 1.533980787885641 1.8714565612204823 1.662835174068035 1.6168157504314657 3.718369429834794 2.337786720737717 2.2518837966161214 2.2396119503130363 2.3071071049800045 2.1598449493429825 2.1230294104337273 2.098485717827557 2.3930100291016 2.2457478734645786 1.8162332528565992 1.9757672547967058 1.6321555583103222 1.7732817907958012 1.8530487917658545 1.9634954084936207 1.9757672547967058 2.0493983326152168 2.030990563160589 2.012582793705961 2.0064468705544187 1.9941750242513334 
-62.0 -62.5 -62.5 -62.0 -62.0 -62.0 -62.0 -61.5 -62.0 -62.5 -62.0 -60.5 -62.0 -61.5 -61.5 -62.5 -63.5 -66.5 -65.5 -64.0 -64.0 -64.0 -60.5 -60.5 -60.0 -62.5 -62.5 -66.0 -64.0 -60.0 -59.5 -61.5 -62.0 -61.0 -60.5 -59.5 -59.0 -60.5 -60.0 -60.5 
1.3130875544301088 1.2885438618239387 1.3192234775816514 1.337631247036279 1.325359400733194 1.3314953238847365 1.2762720155208536 1.3621749396424494 1.325359400733194 1.3008157081270237 1.3008157081270237 1.2762720155208536 1.2517283229146832 1.2946797849754812 1.282407938672396 1.239456476611598 1.214912784005428 1.184233168247715 1.0676506283684062 1.0246991663076084 1.2026409377023426 1.41126232485479 1.2517283229146832 1.368310862793992 1.2640001692177683 1.2640001692177683 1.2517283229146832 1.2701360923693108 1.2333205534600555 1.2087768608538851 1.3499030933393643 1.4726215563702154 1.4787574795217582 1.5033011721279284 1.4664856332186729 1.6260196351587797 1.6873788666742053 1.6689710972195777 1.5892040962495242 1.5278448647340985 1.4296700943094176 1.41126232485479 1.4848934026733007 1.325359400733194 
-51.5 -51.5 -51.5 -52.0 -51.5 -51.5 -51.0 -51.5 -51.5 -52.0 -51.5 -51.5 -52.0 -51.5 -51.5 -51.5 -51.0 -51.0 -51.0 -52.5 -52.5 -50.0 -50.0 -52.0 -51.0 -53.0 -53.5 -54.0 -54.0 -53.0 -53.0 -52.5 -53.0 -52.0 -52.5 -52.0 -51.5 -52.0 -54.0 -55.0 -55.0 -56.0 -57.0 -57.0 
1.2455923997631406 1.2578642460662257 1.2455923997631406 1.214912784005428 1.2210487071569704 1.1965050145508 1.2210487071569704 1.2087768608538851 1.1965050145508 1.0369710126106935 1.1965050145508 1.2885438618239387 1.239456476611598 1.227184630308513 1.1596894756415448 1.1780972450961724 1.1351457830353744 0.9142525495798421 0.8958447801252144 1.1290098598838318 1.3069516312785663 1.3621749396424494 1.184233168247715 1.5830681730979816 1.5033011721279284 1.5033011721279284 1.5278448647340985 1.3928545554001621 1.5278448647340985 1.5033011721279284 1.4542137869155878 1.533980787885641 1.4726215563702154 1.423534171157875 1.227184630308513 1.3069516312785663 1.227184630308513 1.282407938672396 1.3314953238847365 1.3928545554001621 1.368310862793992 1.3499030933393643 1.380582709097077 1.3867186322486196 
-51.0 -50.5 -50.5 -50.5 -51.0 -50.5 -51.0 -51.0 -51.0 -51.0 -51.0 -51.0 -51.0 -51.0 -51.0 -51.0 -52.0 -53.0 -52.5 -51.0 -50.5 -49.5 -49.0 -51.5 -51.5 -51.5 -52.0 -52.0 -52.0 -52.5 -52.5 -51.0 -51.5 -51.5 -51.0 -50.5 -50.0 -50.5 -51.0 -51.5 -52.0 -52.0 -52.5 -53.0 
1.5462526341887264 1.5278448647340985 1.4971652489763858 1.576932249946439 1.5830681730979816 1.564660403643354 1.5585244804918115 1.6382914814618648 1.533980787885641 1.5462526341887264 1.564660403643354 1.5278448647340985 1.5033011721279284 1.5033011721279284 1.4910293258248433 1.4603497100671303 1.4173982480063325 1.3069516312785663 1.3989904785517047 1.6505633277649499 1.6505633277649499 1.380582709097077 1.6260196351587797 1.7978254834019713 1.9696313316451632 2.000310947402876 2.000310947402876 1.9880391010997909 2.061670178918302 2.1353012567368124 2.0493983326152168 1.9573594853420782 2.000310947402876 2.2334760271614935 2.012582793705961 1.9205439464328227 1.6566992509164924 1.902136176978195 1.9819031779482483 1.9266798695843652 2.0371264863121317 2.043262409463674 2.055534255766759 2.067806102069844 
-50.0 -50.0 -50.0 -50.0 -49.5 -50.0 -49.5 -49.5 -49.5 -49.5 -49.5 -49.5 -49.5 -49.5 -49.5 -50.0 -50.5 -50.5 -52.0 -50.0 -48.0 -49.0 -50.0 -51.0 -50.5 -50.0 -50.0 -50.0 -51.0 -51.0 -52.0 -50.5 -49.0 -51.5 -53.5 -51.5 -50.0 -48.5 -48.5 -49.5 -49.5 -50.5 -50.0 -50.5 
1.7978254834019713 1.748738098189631 1.7855536370988863 1.7732817907958012 1.7671458676442586 1.7548740213411735 1.8100973297050567 1.7794177139473437 1.8223691760081417 1.7426021750380885 1.7916895602504288 1.7119225592803755 1.7241944055834606 1.7303303287350031 1.748738098189631 1.748738098189631 1.6935147898257479 4.7307967498393175 1.6751070203711202 1.736466251886546 1.6260196351587797 1.902136176978195 2.0371264863121317 2.086213871524472 2.073942025221387 2.2212041808584084 2.1905245651006955 2.2027964114037806 2.2396119503130363 2.1475731030398975 2.2089323345553233 2.1230294104337273 2.067806102069844 2.3071071049800045 2.061670178918302 1.859184714917397 1.902136176978195 1.932815792735908 1.9696313316451632 2.018718716857504 2.0923497946760143 2.12916533358527 2.1598449493429825 2.141437179888355 
-50.5 -50.5 -50.5 -50.5 -51.0 -50.5 -50.5 -50.5 -51.0 -51.0 -51.0 -51.0 -51.0 -51.0 -51.0 -51.5 -52.0 -53.0 -53.5 -52.0 -52.0 -55.0 -52.5 -52.0 -53.0 -53.0 -53.0 -52.5 -53.0 -54.0 -52.5 -55.0 -52.5 -53.0 -54.0 -52.5 -51.0 -50.5 -51.0 -51.5 -51.0 -51.0 -51.5 -51.5 
4.565126824747668 4.7860200582032 4.963961829597935 4.749204519293945 4.700117134081604 4.804427827657828 4.693981210930062 4.651029748869264 4.608078286808466 4.767612288748572 4.749204519293945 4.76147636559703 4.749204519293945 4.73693267299086 4.675573441475434 4.534447208989955 4.111068511533518 0.49394181369917645 5.522330836388308 5.013049214810275 5.816855147662351 5.71868037723767 5.982525072754001 5.970253226450915 5.9518454569962875 6.031612457966341 6.013204688511713 6.080699843178682 5.939573610693203 6.17273869045182 5.64504929941916 6.2463697682703305 6.025476534814799 4.675573441475434 4.080388895775806 4.368777283898306 4.571262747899211 4.921010367537137 4.878058905476339 4.908738521234052 4.9823695990525625 5.111223985234957 
-63.5 -63.5 -63.5 -63.0 -62.5 -63.0 -63.5 -63.5 -63.5 -64.0 -63.5 -62.0 -62.0 -64.0 -63.5 -64.0 -62.0 -61.5 -57.0 -63.0 -59.0 -61.0 -59.0 -58.0 -60.5 -61.0 -60.5 -59.5 -60.5 -60.0 -59.5 -57.0 -64.5 -66.5 -62.0 -58.0 -61.0 -61.0 -61.5 -61.5 -61.0 -61.0 
5.313709449235861 5.356660911296659 5.325981295538946 5.313709449235861 5.3627968344482015 5.375068680751287 5.332117218690489 5.399612373357457 5.227806525114265 5.295301679781233 5.240078371417351 5.283029833478148 5.080544369477243 5.258486140871978 5.258486140871978 5.227806525114265 5.356660911296659 5.439495873842484 6.000932842208628 5.859806609723149 5.418020142812084 5.688000761479957 6.056156150572511 6.117515382087937 0.11658253987930872 6.074563920027139 5.939573610693203 5.994796919057086 6.037748381117884 0.1043106935762236 6.14819499784565 6.227961998815704 2.423689644859313 6.025476534814799 6.1420590746941075 2.4911847995262812 5.313709449235861 5.460971604872882 5.5100589900852235 5.577554144752192 5.442563835418255 5.577554144752192 5.675728915176872 5.66959299202533 
-59.0 -59.0 -58.5 -58.5 -58.5 -58.0 -58.5 -59.0 -60.0 -59.0 -59.5 -59.0 -58.5 -60.0 -59.5 -59.5 -60.5 -63.5 -59.5 -57.0 -57.0 -65.5 -63.5 -63.0 -61.5 -60.5 -60.0 -60.0 -60.0 -63.5 -64.0 -63.5 -68.0 -58.5 -60.5 -64.0 -61.0 -58.5 -59.0 -57.5 -58.0 -58.5 -59.0 -58.5 
