3.6201946594101133 0.5767767762450011 0.5829126993965437 3.380893656499953 3.4054373491061236 0.6749515466696822 0.5338253141842031 0.6442719309119693 4.0128937411088375 3.7551849687440497 1.6566992509164924 0.7853981633974483 3.54042765844006 6.277049384028044 0.9142525495798421 4.01902966426038 0.9817477042468103 0.20248546400090464 0.1227184630308513 3.663146121470911 3.6692820446224537 4.344233591292136 4.933282213840222 3.485204350076177 4.0558452031696355 0.7240389318820226 
-66.0 -68.0 -68.0 -67.5 -66.5 -68.0 -68.5 -69.0 -67.5 -65.0 -64.5 -64.0 -64.0 -67.5 -73.0 -69.0 -69.5 -73.0 -66.0 -64.0 -63.5 -64.5 -64.5 -68.0 -68.0 -69.5 
1.6689710972195777 1.761009944492716 5.092816215780329 5.111223985234957 5.249282256144664 5.049864753719531 4.804427827657828 3.380893656499953 0.662679700366597 3.380893656499953 2.5280003384355365 2.3746022596469727 2.509592568980909 2.2641556429192065 2.2764274892222915 2.1659808724945253 2.2334760271614935 0.09203884727313846 3.3440781175906977 5.902758071783947 1.761009944492716 1.4173982480063325 1.227184630308513 1.3989904785517047 1.3744467859455345 1.3560390164909069 1.509437095279471 1.748738098189631 1.6873788666742053 1.718058482431918 1.6873788666742053 1.9205439464328227 
-64.0 -65.0 -67.0 -68.5 -67.0 -68.0 -70.0 -63.0 -63.5 -62.0 -62.0 -66.0 -64.0 -62.0 -63.0 -64.5 -63.5 -65.0 -64.5 -69.5 -64.5 -63.5 -63.0 -64.5 -63.0 -62.5 -63.5 -63.5 -63.5 -64.0 -64.0 -64.0 
1.1965050145508 1.1596894756415448 1.1044661672776617 1.055378782065321 1.1044661672776617 1.0676506283684062 1.0615147052168636 1.012427320004523 1.0983302441261191 1.0032234352772094 0.9817477042468103 0.9694758579437253 0.9756117810952678 0.944932165337555 0.9572040116406401 1.0185632431560658 1.000155473701438 0.859029241215959 0.8958447801252144 1.0799224746714913 1.380582709097077 4.322757860261737 1.0369710126106935 1.184233168247715 1.1780972450961724 1.2087768608538851 1.2517283229146832 1.2517283229146832 1.2210487071569704 1.2885438618239387 1.282407938672396 1.282407938672396 1.325359400733194 1.3437671701878218 1.3069516312785663 1.1780972450961724 1.1351457830353744 1.1351457830353744 1.1903690913992575 1.1903690913992575 1.214912784005428 1.1780972450961724 1.2210487071569704 1.141281706186917 1.1596894756415448 
-50.0 -50.0 -50.0 -50.0 -50.0 -50.0 -49.5 -50.0 -50.0 -50.5 -50.0 -50.0 -50.0 -50.0 -50.0 -50.5 -50.5 -50.0 -51.0 -52.5 -51.5 -50.0 -50.0 -51.0 -50.5 -52.0 -52.0 -52.0 -52.0 -50.5 -51.0 -49.5 -50.0 -50.5 -50.5 -50.5 -49.5 -49.0 -49.0 -49.5 -49.5 -49.5 -49.5 -49.5 -49.5 
1.0799224746714913 1.086058397823034 1.0676506283684062 1.0983302441261191 1.0369710126106935 1.055378782065321 1.030835089459151 1.000155473701438 1.0921943209745766 0.9940195505498954 1.0615147052168636 0.9940195505498954 1.0185632431560658 0.7731263170943632 0.9817477042468103 0.9633399347921826 0.9572040116406401 0.8406214717613314 0.9081166264282996 0.9694758579437253 1.1474176293384597 1.1136700520049756 1.0983302441261191 1.4664856332186729 1.3499030933393643 1.3744467859455345 1.4296700943094176 1.4664856332186729 1.4173982480063325 1.5155730184310134 1.423534171157875 1.3314953238847365 1.282407938672396 1.239456476611598 1.1044661672776617 1.086058397823034 0.9694758579437253 1.000155473701438 1.0921943209745766 1.0799224746714913 1.1351457830353744 1.0615147052168636 1.0369710126106935 0.9878836273983529 1.0737865515199487 
-50.0 -50.5 -50.5 -50.5 -51.0 -50.5 -51.0 -51.0 -51.5 -51.5 -51.5 -51.0 -51.5 -51.0 -51.5 -51.5 -52.0 -54.0 -53.5 -50.0 -50.0 -50.0 -50.5 -50.5 -50.5 -50.5 -51.0 -50.5 -51.0 -50.5 -51.0 -50.0 -50.0 -49.5 -50.5 -52.0 -52.5 -52.0 -51.5 -51.0 -51.0 -51.0 -50.5 -50.5 -51.0 
1.2640001692177683 1.2026409377023426 1.1780972450961724 1.1780972450961724 1.1535535524900022 1.1535535524900022 1.0676506283684062 1.043106935762236 0.9572040116406401 0.9541360500648688 0.9756117810952678 0.8774370106705868 0.7792622402459057 0.803805932852076 0.859029241215959 0.8283496254582462 0.8406214717613314 0.7731263170943632 1.2210487071569704 1.509437095279471 1.3499030933393643 1.2241166687327416 1.4542137869155878 1.564660403643354 1.748738098189631 1.8039614065535141 1.8223691760081417 1.8407769454627694 1.8653206380689396 1.8039614065535141 1.662835174068035 1.6935147898257479 1.5953400194010667 1.662835174068035 1.5462526341887264 1.6137477888556946 1.325359400733194 1.2762720155208536 1.2517283229146832 1.282407938672396 1.2701360923693108 1.2455923997631406 1.239456476611598 1.2455923997631406 1.2210487071569704 
-50.5 -51.0 -50.5 -50.5 -51.0 -51.0 -51.0 -50.5 -51.0 -51.5 -51.0 -51.0 -51.0 -51.0 -51.0 -51.5 -52.0 -53.5 -53.5 -49.0 -47.5 -51.0 -50.5 -50.5 -49.5 -49.0 -49.0 -49.0 -49.0 -50.5 -49.5 -49.5 -49.5 -48.5 -50.0 -51.5 -53.0 -51.0 -50.5 -50.0 -50.0 -50.0 -50.0 -50.5 -50.0 
1.6198837120072371 1.5892040962495242 1.509437095279471 1.564660403643354 1.521708941582556 1.552388557340269 1.4910293258248433 1.423534171157875 1.4419419406125027 1.3744467859455345 1.3560390164909069 1.3989904785517047 1.3499030933393643 1.3989904785517047 1.3314953238847365 1.3314953238847365 1.3621749396424494 1.3989904785517047 1.576932249946439 1.7548740213411735 1.6935147898257479 1.9205439464328227 1.859184714917397 1.932815792735908 1.9389517158874505 2.018718716857504 2.018718716857504 2.018718716857504 2.098485717827557 2.0064468705544187 2.061670178918302 1.932815792735908 1.902136176978195 1.9696313316451632 1.9757672547967058 1.705786636128833 1.4971652489763858 1.5585244804918115 1.576932249946439 1.5707963267948966 1.533980787885641 1.5462526341887264 1.5278448647340985 1.5401167110371838 1.552388557340269 
-52.0 -52.0 -52.0 -52.0 -52.5 -52.0 -52.0 -52.5 -52.5 -53.0 -52.5 -52.5 -52.5 -53.0 -53.0 -53.0 -53.0 -55.0 -54.5 -52.5 -54.5 -54.0 -53.0 -51.5 -53.0 -52.0 -51.5 -51.5 -52.0 -52.0 -52.5 -53.0 -53.0 -52.0 -52.5 -54.5 -56.0 -53.5 -52.5 -52.5 -52.0 -52.0 -51.5 -52.0 -52.0 
4.381049130201391 4.448544284868359 4.589670517353839 4.405592822807561 4.424000592262189 4.166291819897402 4.252194744018997 4.2092432819582 4.190835512503572 5.822991070813893 5.700272607783043 5.013049214810275 5.356660911296659 5.546874528994478 5.491651220630596 5.8045833013592665 5.688000761479957 5.755495916146925 5.71868037723767 5.835262917116979 5.743224069843841 5.50392306693368 5.626641529964532 5.240078371417351 5.810719224510809 6.007068765360171 5.927301764390117 6.000932842208628 4.841243366567084 4.675573441475434 4.473087977474529 4.583534594202296 4.381049130201391 4.399456899656019 4.448544284868359 
-64.0 -65.5 -66.5 -66.0 -66.0 -64.0 -66.5 -66.0 -64.0 -64.5 -59.5 -59.0 -65.0 -59.5 -60.5 -60.0 -59.5 -59.0 -60.0 -59.5 -59.5 -60.5 -59.5 -58.0 -56.0 -59.0 -61.5 -69.5 -72.5 -69.5 -68.0 -65.0 -66.5 -67.5 -67.5 
5.338253141842031 5.129631754689584 5.332117218690489 5.184855063053467 5.062136600022616 5.3198453723874035 5.184855063053467 5.2339424482658075 5.246214294568893 5.123495831538041 1.9266798695843652 5.123495831538041 5.178719139901925 5.00077736850719 5.105088062083414 5.184855063053467 5.197126909356553 5.7616318392984684 5.816855147662351 5.6143696836614465 5.2339424482658075 6.160466844148735 5.798447378207723 5.829126993965437 6.062292073724054 5.896622148632405 5.773903685601553 5.773903685601553 5.890486225480862 5.982525072754001 5.632777453116074 0.09817477042468103 5.915029918087033 5.976389149602458 2.380738182798515 5.062136600022616 5.123495831538041 4.970097752749477 5.209398755659637 5.184855063053467 5.184855063053467 5.190990986205009 
-60.5 -61.5 -60.0 -61.5 -60.5 -61.0 -61.5 -60.5 -60.0 -62.0 -62.0 -60.5 -60.5 -61.5 -62.0 -60.5 -61.0 -64.5 -60.5 -57.0 -59.5 -65.0 -59.0 -61.5 -60.5 -59.0 -59.5 -59.5 -58.5 -64.0 -60.0 -62.5 -58.0 -63.0 -69.5 -63.0 -61.5 -61.5 -61.0 -60.5 -60.5 -61.0 
