0.5767767762450011 0.7485826244881929 0.5522330836388308 0.7976700097005334 0.8160777791551611 4.0128937411088375 4.344233591292136 4.227651051412827 4.693981210930062 1.1106020904292042 3.2520392703175593 2.761165418194154 0.5399612373357456 0.6872233929727672 0.607456392002714 0.6135923151542565 5.957981380147831 0.2454369260617026 3.5281558121369745 4.104932588381976 4.583534594202296 5.66959299202533 6.135923151542564 6.191146459906448 
-68.0 -69.0 -69.5 -68.5 -68.5 -67.5 -65.0 -67.5 -66.0 -66.5 -67.5 -67.0 -75.5 -73.5 -72.5 -74.0 -69.5 -69.0 -70.0 -67.5 -65.5 -69.0 -70.0 -72.0 
5.295301679781233 5.356660911296659 5.491651220630596 5.344389064993574 5.565282298449106 5.178719139901925 5.178719139901925 5.123495831538041 5.473243451175968 2.6813984172241008 2.9268353432858034 2.423689644859313 2.110757564130642 2.3746022596469727 2.4175537217077703 2.399145952253143 2.478912953223196 2.386874105950058 2.497320722677824 2.3623304133438876 2.2089323345553233 2.073942025221387 1.7548740213411735 1.705786636128833 1.8837284075235674 2.000310947402876 1.7916895602504288 1.6873788666742053 1.705786636128833 1.761009944492716 1.705786636128833 
-69.5 -69.5 -70.0 -70.0 -70.0 -69.0 -68.5 -70.5 -75.5 -63.5 -64.0 -63.0 -63.5 -61.5 -61.0 -60.5 -61.0 -61.0 -62.0 -64.5 -64.5 -60.5 -59.0 -59.5 -61.0 -60.5 -60.5 -60.5 -60.0 -61.0 -61.0 
1.012427320004523 1.0369710126106935 1.0369710126106935 1.055378782065321 1.0676506283684062 0.9878836273983529 1.0615147052168636 0.9756117810952678 0.9572040116406401 0.9756117810952678 1.012427320004523 0.9265243958829272 1.0492428589137786 1.012427320004523 1.0246991663076084 1.030835089459151 1.0185632431560658 1.0615147052168636 1.055378782065321 1.0676506283684062 0.8528933180644165 1.0062913968529805 1.012427320004523 1.1474176293384597 1.3499030933393643 1.3560390164909069 1.1474176293384597 1.3560390164909069 1.2517283229146832 1.2701360923693108 1.3008157081270237 1.2946797849754812 1.3069516312785663 1.3499030933393643 1.3499030933393643 1.4603497100671303 1.5892040962495242 1.5830681730979816 1.4296700943094176 1.4542137869155878 1.4848934026733007 1.4542137869155878 1.4051264017032472 1.380582709097077 1.4296700943094176 1.4603497100671303 1.4971652489763858 
-50.0 -50.5 -50.5 -50.5 -50.0 -50.0 -50.0 -50.0 -50.0 -50.0 -50.0 -50.0 -50.5 -50.5 -50.5 -50.0 -50.5 -50.5 -50.5 -50.5 -50.5 -50.0 -50.5 -52.0 -52.0 -50.5 -50.5 -52.5 -51.5 -53.5 -54.0 -55.0 -54.5 -53.5 -54.0 -53.0 -53.0 -52.0 -52.5 -53.5 -52.0 -51.0 -51.5 -52.0 -52.0 -52.0 -52.0 
1.030835089459151 1.0983302441261191 1.0185632431560658 1.055378782065321 1.000155473701438 1.0799224746714913 0.9694758579437253 0.9878836273983529 0.9817477042468103 0.9878836273983529 0.9694758579437253 1.0246991663076084 0.9694758579437253 0.9817477042468103 1.0615147052168636 1.030835089459151 1.0615147052168636 1.141281706186917 1.012427320004523 1.0615147052168636 1.0246991663076084 0.8897088569736719 0.9203884727313847 1.0492428589137786 1.214912784005428 1.214912784005428 1.2517283229146832 1.6260196351587797 1.5033011721279284 1.4296700943094176 1.41126232485479 1.5830681730979816 1.6137477888556946 1.662835174068035 1.5953400194010667 1.5033011721279284 1.5585244804918115 1.6566992509164924 1.3069516312785663 1.2333205534600555 1.0615147052168636 1.0246991663076084 1.1106020904292042 1.1228739367322893 1.2946797849754812 1.2762720155208536 1.2885438618239387 
-50.5 -51.0 -50.5 -50.5 -50.5 -50.5 -51.0 -50.5 -51.0 -50.5 -50.5 -50.5 -50.5 -50.5 -51.0 -50.5 -51.0 -51.0 -51.0 -51.0 -51.5 -52.0 -52.5 -51.0 -50.0 -49.5 -51.5 -51.5 -51.0 -52.0 -52.5 -52.5 -52.5 -53.0 -52.5 -52.0 -51.5 -50.5 -51.0 -51.5 -52.0 -52.0 -51.5 -51.5 -51.5 -51.5 -51.0 
1.1106020904292042 1.0737865515199487 1.0676506283684062 1.043106935762236 1.055378782065321 0.9572040116406401 0.8958447801252144 0.9326603190344698 0.9326603190344698 0.9510680884890975 0.9142525495798421 1.0185632431560658 0.9694758579437253 0.9694758579437253 0.9326603190344698 1.0246991663076084 1.012427320004523 1.0492428589137786 1.000155473701438 1.012427320004523 0.9940195505498954 0.944932165337555 1.282407938672396 1.705786636128833 1.5892040962495242 1.4358060174609601 1.8039614065535141 1.9082721001297376 2.110757564130642 2.1046216409791 2.1537090261914402 2.1966604882522383 2.282563412373834 2.3193789512830896 2.1475731030398975 2.086213871524472 2.0064468705544187 2.0371264863121317 2.043262409463674 1.945087639038993 1.6321555583103222 1.5830681730979816 1.6198837120072371 1.6014759425526093 1.6996507129772904 1.705786636128833 1.7548740213411735 
-51.0 -51.0 -51.0 -51.5 -51.5 -51.5 -51.5 -51.5 -51.5 -51.0 -51.5 -51.5 -51.5 -51.0 -51.0 -51.0 -51.0 -51.5 -51.0 -51.0 -51.5 -52.0 -54.0 -50.5 -48.0 -49.0 -50.0 -50.0 -50.0 -50.0 -50.5 -51.5 -52.0 -52.5 -52.0 -50.5 -48.5 -48.0 -51.0 -52.0 -53.0 -51.5 -50.5 -50.0 -50.0 -49.5 -50.0 
1.4603497100671303 1.4603497100671303 1.4787574795217582 1.4296700943094176 1.4051264017032472 1.4419419406125027 1.4051264017032472 1.4664856332186729 1.3867186322486196 1.41126232485479 1.4603497100671303 1.3437671701878218 1.4296700943094176 1.4173982480063325 1.3989904785517047 1.41126232485479 1.4787574795217582 1.4419419406125027 1.4296700943094176 1.4173982480063325 1.5401167110371838 1.4173982480063325 1.6014759425526093 1.8346410223112268 1.8100973297050567 1.9757672547967058 2.061670178918302 2.1046216409791 2.1782527187976104 2.3071071049800045 2.282563412373834 2.380738182798515 2.350058567040802 2.386874105950058 2.4727770300716534 2.350058567040802 2.2089323345553233 2.1353012567368124 2.1905245651006955 1.9757672547967058 1.7855536370988863 1.6812429435226628 1.8039614065535141 1.846912868614312 1.8653206380689396 1.8346410223112268 1.7241944055834606 
-52.0 -52.0 -52.0 -52.5 -52.5 -52.5 -52.5 -52.5 -52.5 -52.5 -52.5 -52.5 -52.5 -52.5 -52.5 -52.5 -52.5 -52.5 -52.5 -52.5 -53.0 -54.0 -54.0 -52.0 -53.5 -54.0 -53.0 -51.5 -53.5 -52.5 -52.5 -53.0 -54.0 -53.5 -53.0 -55.0 -52.5 -52.0 -52.0 -53.5 -53.5 -53.0 -52.0 -51.0 -51.5 -51.0 -51.0 
4.847379289718626 4.430136515413731 4.3074180523828804 4.374913207049849 4.295146206079795 4.3074180523828804 4.319689898685965 1.1474176293384597 4.09266074207889 4.319689898685965 3.6140587362585705 4.411728745959104 4.368777283898306 4.374913207049849 4.356505437595221 4.295146206079795 4.411728745959104 5.638913376267617 5.5100589900852235 5.2768939103266055 5.553010452146021 5.6143696836614465 5.970253226450915 5.964117303299373 5.9088939949354895 6.019340611663256 6.074563920027139 6.013204688511713 5.71868037723767 5.632777453116074 5.773903685601553 5.841398840268521 6.191146459906448 6.12365130523948 3.8840393549264434 4.2092432819582 5.227806525114265 4.338097668140593 4.430136515413731 
-66.0 -64.5 -65.0 -65.5 -64.5 -65.5 -62.5 -65.0 -64.0 -62.5 -65.0 -65.0 -64.5 -64.5 -63.0 -61.5 -63.5 -62.0 -58.5 -63.0 -60.5 -61.5 -60.0 -59.5 -60.0 -60.0 -59.5 -59.5 -62.5 -61.0 -59.5 -56.0 -59.5 -64.5 -65.0 -64.0 -64.0 -64.0 -64.0 
5.283029833478148 5.21553467881118 5.129631754689584 5.154175447295755 5.2339424482658075 5.178719139901925 5.252350217720435 5.442563835418255 5.209398755659637 5.111223985234957 5.2768939103266055 5.105088062083414 5.166447293598839 5.344389064993574 5.006913291658733 5.184855063053467 5.344389064993574 5.1725832167503825 5.21553467881118 5.295301679781233 5.056000676871073 5.485515297479052 5.878214379177777 5.681864838328415 5.5100589900852235 6.111379458936394 6.043884304269426 6.1420590746941075 6.234097921967246 6.043884304269426 6.000932842208628 0.0674951546669682 0.02454369260617026 6.2463697682703305 5.878214379177777 6.209554229361076 5.485515297479052 5.9088939949354895 6.025476534814799 6.252505691421874 2.1782527187976104 5.47937937432751 5.411884219660542 5.332117218690489 5.246214294568893 5.258486140871978 
-59.5 -61.0 -60.5 -60.5 -60.0 -61.0 -60.5 -61.0 -61.0 -60.5 -60.5 -61.5 -61.0 -60.0 -61.0 -60.5 -61.0 -61.0 -60.5 -60.0 -61.0 -62.5 -61.0 -56.5 -60.5 -66.5 -59.5 -60.5 -59.5 -59.5 -59.5 -60.5 -62.0 -65.0 -62.0 -62.5 -59.5 -58.5 -59.5 -63.5 -66.5 -61.0 -61.0 -60.5 -60.0 -59.5 
