0.5645049299419159 0.7179030087304801 0.5154175447295755 4.196971435655114 0.5706408530934585 0.8099418560036186 0.6504078540635119 0.7853981633974483 0.5460971604872883 0.7117670855789375 0.7363107781851077 0.8835729338221293 4.663301595172349 4.485359823777615 1.2640001692177683 0.2945243112740431 2.890019804376548 0.380427235395639 3.9760782021995817 4.921010367537137 5.559146375297564 
-70.0 -70.0 -70.5 -69.0 -70.0 -69.5 -69.5 -70.0 -70.0 -70.0 -70.0 -69.0 -71.5 -64.0 -68.0 -69.0 -67.0 -68.0 -62.5 -66.5 -70.5 
1.9266798695843652 1.9266798695843652 1.9082721001297376 5.227806525114265 2.012582793705961 2.1475731030398975 1.662835174068035 1.7303303287350031 1.932815792735908 1.8837284075235674 1.8285050991596843 1.7794177139473437 1.7303303287350031 1.8100973297050567 1.8223691760081417 5.043728830567988 0.0674951546669682 3.2827188860752723 2.423689644859313 1.902136176978195 2.0800779483729293 2.086213871524472 2.030990563160589 2.0800779483729293 2.043262409463674 2.6261751088602177 1.521708941582556 1.6198837120072371 1.4480778637640452 1.6935147898257479 1.6566992509164924 1.5892040962495242 1.6505633277649499 1.5953400194010667 1.5892040962495242 
-63.0 -64.0 -63.5 -65.0 -65.0 -64.5 -64.0 -64.5 -62.0 -62.5 -63.0 -63.0 -62.5 -62.5 -62.5 -65.0 -67.0 -65.5 -63.0 -62.5 -62.0 -60.5 -60.0 -62.0 -62.0 -62.5 -61.5 -61.5 -64.0 -65.0 -64.0 -64.5 -63.5 -62.5 -63.0 
1.3130875544301088 1.2762720155208536 1.2946797849754812 1.2455923997631406 1.3499030933393643 1.3867186322486196 1.368310862793992 1.2701360923693108 1.3560390164909069 1.3192234775816514 1.2885438618239387 1.2762720155208536 1.2701360923693108 1.3744467859455345 1.325359400733194 1.3560390164909069 1.1965050145508 1.2578642460662257 1.3744467859455345 1.3008157081270237 1.3437671701878218 1.2946797849754812 1.1290098598838318 1.0737865515199487 1.3008157081270237 1.4051264017032472 1.2333205534600555 1.2762720155208536 1.2455923997631406 1.1780972450961724 1.214912784005428 1.227184630308513 1.1780972450961724 1.3069516312785663 1.3989904785517047 1.4480778637640452 1.4358060174609601 1.3867186322486196 1.3560390164909069 1.380582709097077 1.2946797849754812 1.2333205534600555 1.2333205534600555 1.2087768608538851 1.1903690913992575 1.2517283229146832 
-52.0 -51.5 -51.5 -51.5 -51.5 -51.5 -51.5 -51.5 -52.0 -52.0 -52.0 -51.5 -51.5 -51.5 -52.0 -52.0 -51.5 -52.0 -52.5 -52.0 -51.5 -50.0 -51.0 -53.0 -53.5 -52.0 -50.5 -52.5 -52.0 -54.0 -55.0 -55.5 -54.0 -53.0 -53.0 -52.0 -51.0 -50.5 -50.5 -50.0 -49.0 -49.5 -50.0 -50.0 -50.0 -50.0 
1.2210487071569704 1.2210487071569704 1.1719613219446299 1.1965050145508 1.184233168247715 1.2455923997631406 1.1290098598838318 1.2455923997631406 1.1535535524900022 1.141281706186917 1.1658253987930873 1.1596894756415448 1.1351457830353744 1.184233168247715 1.030835089459151 1.141281706186917 1.141281706186917 1.1719613219446299 1.227184630308513 1.2333205534600555 1.1596894756415448 0.9633399347921826 1.0246991663076084 1.0615147052168636 1.2640001692177683 1.3744467859455345 1.2578642460662257 1.533980787885641 1.552388557340269 1.5585244804918115 1.4726215563702154 1.4848934026733007 1.521708941582556 1.6505633277649499 1.564660403643354 1.564660403643354 1.3621749396424494 1.214912784005428 1.1228739367322893 1.1106020904292042 1.043106935762236 1.030835089459151 1.0983302441261191 1.055378782065321 1.043106935762236 1.1719613219446299 
-50.5 -50.5 -50.5 -50.0 -50.5 -50.5 -50.5 -50.5 -50.5 -50.5 -50.5 -51.0 -50.5 -51.0 -50.5 -51.0 -51.0 -51.0 -50.5 -51.0 -51.5 -51.5 -51.0 -50.0 -50.0 -49.5 -50.5 -52.0 -51.5 -52.0 -52.0 -52.5 -52.0 -52.0 -52.0 -51.0 -50.5 -50.5 -50.5 -51.0 -51.5 -52.0 -52.0 -51.5 -52.0 -51.5 
1.5278448647340985 1.4971652489763858 1.533980787885641 1.4971652489763858 1.5585244804918115 1.4848934026733007 1.4848934026733007 1.5033011721279284 1.4542137869155878 1.4051264017032472 1.41126232485479 1.3867186322486196 1.4480778637640452 1.4419419406125027 1.3499030933393643 1.3499030933393643 1.3314953238847365 1.3621749396424494 1.282407938672396 1.3437671701878218 1.3130875544301088 1.3314953238847365 1.5401167110371838 1.7241944055834606 1.8346410223112268 1.509437095279471 1.6566992509164924 1.846912868614312 2.1659808724945253 2.110757564130642 2.116893487282185 2.12916533358527 2.1782527187976104 2.1659808724945253 1.9634954084936207 1.8653206380689396 1.7671458676442586 1.8162332528565992 1.761009944492716 1.5953400194010667 1.325359400733194 1.2885438618239387 1.41126232485479 1.368310862793992 1.3744467859455345 1.3989904785517047 
-51.0 -51.0 -50.5 -50.5 -50.5 -50.5 -50.5 -50.5 -50.0 -50.5 -50.0 -50.0 -50.0 -50.5 -50.0 -50.0 -50.0 -50.0 -49.5 -50.5 -50.0 -51.0 -52.5 -50.5 -49.0 -49.0 -51.0 -50.0 -51.0 -51.5 -52.0 -52.0 -51.5 -52.5 -51.0 -49.0 -48.0 -50.0 -50.5 -51.0 -50.0 -49.5 -50.0 -50.0 -49.5 -49.5 
1.718058482431918 1.6505633277649499 1.7794177139473437 1.705786636128833 1.6812429435226628 1.6935147898257479 1.6751070203711202 1.6751070203711202 1.6382914814618648 1.5585244804918115 1.607611865704152 1.5953400194010667 1.6382914814618648 1.5892040962495242 1.6137477888556946 1.6260196351587797 1.607611865704152 1.5953400194010667 1.5830681730979816 1.282407938672396 1.5892040962495242 1.5707963267948966 1.7119225592803755 1.9144080232812801 1.8837284075235674 1.9082721001297376 2.073942025221387 2.086213871524472 2.1598449493429825 2.2948352586769194 2.3623304133438876 2.282563412373834 2.3071071049800045 2.282563412373834 2.3316507975861747 2.1046216409791 2.043262409463674 2.0371264863121317 1.8653206380689396 1.6260196351587797 1.5278448647340985 1.6137477888556946 1.662835174068035 1.6996507129772904 1.6689710972195777 1.718058482431918 
-51.0 -51.0 -51.0 -50.5 -50.5 -51.0 -51.0 -51.0 -51.0 -51.0 -51.0 -51.5 -51.5 -50.5 -51.5 -52.0 -51.5 -51.5 -51.5 -51.5 -52.0 -52.5 -52.5 -52.0 -51.0 -53.5 -53.0 -52.0 -54.0 -54.0 -53.5 -54.0 -54.0 -53.5 -54.0 -53.5 -52.0 -53.0 -53.5 -53.5 -53.0 -53.5 -52.5 -52.5 -52.5 -52.5 
4.669437518323892 4.798291904506286 4.9394181369917645 4.76147636559703 4.7860200582032 4.841243366567084 4.792155981354743 4.442408361716817 4.914874444385594 4.632621979414636 4.381049130201391 5.0682725231741586 4.724660826687775 4.847379289718626 4.908738521234052 4.7860200582032 4.7307967498393175 5.0253210611133605 1.6566992509164924 4.743068596142402 3.7981364308048478 3.1354567304382504 4.7307967498393175 6.043884304269426 5.595961914206819 5.031456984264903 5.945709533844745 5.792311455056181 6.068427996875596 6.117515382087937 5.93343768754166 5.982525072754001 6.111379458936394 6.117515382087937 5.700272607783043 5.6143696836614465 5.6143696836614465 6.043884304269426 5.798447378207723 4.037437433715008 4.724660826687775 4.3503695144436785 4.473087977474529 
-62.5 -63.5 -61.0 -62.0 -61.5 -62.0 -63.0 -63.0 -62.5 -63.5 -63.5 -61.0 -62.5 -60.0 -61.5 -62.5 -62.0 -62.5 -63.0 -62.5 -63.5 -62.5 -74.0 -65.0 -58.5 -63.5 -60.5 -63.5 -61.0 -61.0 -61.0 -61.5 -61.0 -61.0 -61.0 -59.5 -58.0 -57.0 -63.0 -66.0 -67.0 -66.0 -65.0 
5.313709449235861 5.45483568172134 5.350524988145116 2.2334760271614935 5.368932757599744 2.1905245651006955 5.246214294568893 5.381204603902829 5.332117218690489 5.3198453723874035 5.307573526084319 5.399612373357457 5.405748296509 5.184855063053467 5.184855063053467 5.301437602932776 5.209398755659637 5.313709449235861 2.116893487282185 5.534602682691394 5.93343768754166 5.976389149602458 5.8045833013592665 5.712544454086128 0.2270291566070749 6.0991076126333095 0.2086213871524472 0.006135923151542565 6.105243535784852 6.019340611663256 0.05522330836388308 0.0674951546669682 5.927301764390117 0.15339807878856412 5.313709449235861 5.8475347634200645 6.056156150572511 5.595961914206819 5.2768939103266055 5.154175447295755 5.129631754689584 5.203262832508095 5.258486140871978 5.246214294568893 
-59.5 -59.5 -59.5 -60.0 -59.5 -59.5 -58.5 -59.0 -58.5 -59.0 -59.0 -59.5 -59.0 -59.0 -59.0 -58.0 -58.0 -59.0 -61.0 -61.5 -61.0 -58.0 -58.0 -63.5 -62.0 -61.5 -63.5 -62.0 -62.0 -62.0 -62.5 -66.0 -62.0 -64.0 -62.0 -58.0 -59.5 -63.5 -64.5 -63.0 -62.5 -62.0 -62.5 -61.0 
