3.5342917352885173 3.436116964863836 3.5158839658338894 3.411573272257666 3.141592653589793 0.5583690067903734 0.5583690067903734 0.5276893910326605 3.356349963893783 3.5342917352885173 3.2213596545598464 1.086058397823034 4.460816131171445 3.9269908169872414 3.3624858870453256 6.270913460876501 0.8099418560036186 0.7301748550335652 0.28838838812250056 0.2086213871524472 0.4970097752749477 0.6504078540635119 3.9269908169872414 4.3933209765044765 4.749204519293945 5.062136600022616 5.105088062083414 1.423534171157875 
-66.0 -63.5 -65.0 -64.0 -66.0 -67.5 -68.5 -69.0 -68.5 -66.0 -65.5 -67.5 -67.5 -65.0 -66.0 -73.0 -74.0 -72.5 -74.5 -70.0 -69.5 -67.5 -65.5 -64.5 -64.5 -68.0 -70.0 -72.0 
5.589825991055276 5.651185222570702 5.743224069843841 5.595961914206819 5.516194913236766 5.411884219660542 5.43029198911517 5.258486140871978 5.295301679781233 6.056156150572511 3.1231848841351653 0.2761165418194154 0.7363107781851077 3.5588354278946874 3.2397674240144743 2.018718716857504 2.086213871524472 2.030990563160589 2.012582793705961 1.859184714917397 1.945087639038993 1.521708941582556 6.025476534814799 5.393476450205914 1.9757672547967058 1.6260196351587797 1.8223691760081417 1.3867186322486196 1.718058482431918 4.908738521234052 1.6566992509164924 1.8775924843720249 1.7916895602504288 1.8285050991596843 1.8039614065535141 
-69.5 -69.5 -70.0 -69.5 -70.0 -69.5 -69.0 -69.0 -69.5 -76.5 -64.5 -64.5 -65.0 -64.5 -64.0 -63.5 -63.0 -63.0 -62.0 -61.5 -61.5 -63.0 -67.0 -65.0 -62.0 -60.5 -62.5 -63.0 -62.5 -62.5 -61.0 -62.0 -60.5 -61.0 -61.5 
1.0185632431560658 0.9633399347921826 0.9387962421860124 1.000155473701438 1.0185632431560658 1.055378782065321 1.0062913968529805 1.0246991663076084 1.055378782065321 1.1167380135807468 1.1044661672776617 1.0676506283684062 1.1167380135807468 1.0921943209745766 1.030835089459151 1.0737865515199487 1.0492428589137786 1.0062913968529805 0.9633399347921826 1.0185632431560658 1.0369710126106935 1.325359400733194 1.3437671701878218 1.239456476611598 1.141281706186917 1.2578642460662257 1.1474176293384597 1.3314953238847365 1.3069516312785663 1.227184630308513 1.2885438618239387 1.3437671701878218 1.4051264017032472 1.4848934026733007 1.4358060174609601 1.380582709097077 1.325359400733194 1.3560390164909069 1.380582709097077 1.3928545554001621 1.4296700943094176 1.4542137869155878 1.4848934026733007 1.3314953238847365 1.4419419406125027 1.4542137869155878 1.4419419406125027 
-49.5 -50.0 -50.0 -49.5 -50.0 -50.0 -50.0 -50.0 -50.0 -50.0 -50.0 -50.5 -50.5 -50.0 -50.5 -50.0 -50.5 -51.0 -50.0 -50.5 -51.5 -52.0 -51.0 -49.0 -50.0 -51.0 -51.5 -53.0 -53.5 -54.5 -52.5 -52.0 -51.0 -51.0 -50.5 -50.5 -50.5 -50.0 -49.0 -49.0 -49.0 -50.0 -50.5 -51.5 -51.5 -52.0 -52.5 
1.0185632431560658 1.012427320004523 0.9694758579437253 0.9756117810952678 0.9940195505498954 1.043106935762236 1.0799224746714913 1.0185632431560658 1.030835089459151 1.030835089459151 1.0492428589137786 1.0492428589137786 1.012427320004523 1.0062913968529805 1.0062913968529805 1.0062913968529805 1.0062913968529805 1.000155473701438 0.8651651643675016 0.9203884727313847 0.9694758579437253 1.086058397823034 1.1995729761265714 1.141281706186917 1.337631247036279 1.5278448647340985 1.4848934026733007 1.4664856332186729 1.4971652489763858 1.4910293258248433 1.5155730184310134 1.6260196351587797 1.5585244804918115 1.5585244804918115 1.239456476611598 1.3130875544301088 1.0676506283684062 1.055378782065321 0.9940195505498954 1.0369710126106935 1.1474176293384597 1.1596894756415448 1.214912784005428 1.2762720155208536 1.2885438618239387 1.3130875544301088 1.325359400733194 
-51.0 -51.0 -51.0 -51.0 -50.5 -50.5 -50.5 -50.0 -51.0 -51.0 -51.0 -51.0 -50.5 -51.0 -51.0 -51.0 -51.0 -51.5 -53.0 -52.5 -51.0 -50.5 -49.5 -49.0 -51.5 -51.0 -51.0 -51.5 -51.5 -51.5 -51.5 -51.5 -51.0 -50.5 -51.0 -50.5 -50.0 -50.0 -50.5 -50.5 -50.0 -50.0 -50.5 -50.5 -50.5 -50.5 -50.5 
1.1044661672776617 1.0492428589137786 1.0676506283684062 1.043106935762236 1.0615147052168636 1.0799224746714913 1.1044661672776617 1.1290098598838318 1.1351457830353744 1.1596894756415448 1.141281706186917 1.184233168247715 1.184233168247715 1.0615147052168636 1.043106935762236 1.000155473701438 0.8283496254582462 1.0246991663076084 0.8713010875190442 1.3928545554001621 1.6505633277649499 1.4726215563702154 1.2793399770966247 1.4480778637640452 1.7548740213411735 1.8653206380689396 1.9634954084936207 2.012582793705961 2.024854640009046 2.073942025221387 2.061670178918302 2.043262409463674 1.8039614065535141 1.7426021750380885 1.6935147898257479 1.7119225592803755 1.6137477888556946 1.4971652489763858 1.2455923997631406 1.325359400733194 1.4051264017032472 1.4664856332186729 1.5585244804918115 1.564660403643354 1.607611865704152 1.5585244804918115 1.6751070203711202 
-51.0 -50.5 -51.0 -50.5 -51.0 -50.5 -50.5 -50.5 -50.5 -50.5 -50.0 -50.5 -50.5 -50.5 -50.5 -50.5 -51.0 -51.5 -53.0 -53.0 -50.0 -48.0 -48.5 -51.5 -49.5 -50.0 -49.5 -50.0 -50.0 -50.0 -50.0 -51.0 -50.5 -49.5 -48.5 -49.0 -50.5 -52.0 -51.5 -50.0 -49.5 -49.5 -50.0 -50.0 -50.0 -50.0 -50.0 
1.5033011721279284 1.3867186322486196 1.4726215563702154 1.4296700943094176 1.3437671701878218 1.4542137869155878 1.4664856332186729 1.4787574795217582 1.4542137869155878 1.4971652489763858 1.5033011721279284 1.4173982480063325 1.3989904785517047 1.368310862793992 1.3867186322486196 1.380582709097077 1.4358060174609601 1.41126232485479 1.3560390164909069 1.521708941582556 1.7671458676442586 1.6137477888556946 1.705786636128833 1.945087639038993 2.0493983326152168 1.9941750242513334 2.1782527187976104 2.1905245651006955 2.2150682577068657 2.2334760271614935 5.3198453723874035 2.2027964114037806 1.9634954084936207 1.9634954084936207 1.8530487917658545 1.8714565612204823 1.5033011721279284 1.4603497100671303 1.5707963267948966 1.607611865704152 1.705786636128833 1.7916895602504288 1.846912868614312 1.8837284075235674 1.932815792735908 1.932815792735908 
-53.0 -53.0 -52.5 -52.5 -52.5 -52.5 -52.0 -52.0 -52.0 -52.5 -52.5 -52.0 -52.0 -52.5 -52.5 -52.5 -53.0 -53.0 -54.5 -54.5 -52.5 -54.0 -55.5 -52.5 -52.0 -52.5 -53.0 -52.5 -52.0 -53.0 -53.0 -53.5 -53.5 -52.0 -51.5 -52.0 -53.5 -53.0 -52.0 -51.0 -50.5 -50.0 -50.0 -50.0 -50.0 -50.0 
4.301282129231338 4.2031073588066565 4.3503695144436785 4.381049130201391 4.172427743048944 4.031301510563465 4.381049130201391 4.3074180523828804 4.239922897715912 4.3933209765044765 4.473087977474529 4.276738436625168 4.276738436625168 4.3074180523828804 4.2031073588066565 0.14112623248547898 5.7616318392984684 5.620505606812989 5.418020142812084 4.6356899409904075 5.810719224510809 5.497787143782138 5.890486225480862 5.915029918087033 5.982525072754001 5.964117303299373 5.945709533844745 6.086835766330224 5.902758071783947 5.730952223540755 5.516194913236766 5.350524988145116 5.786175531904639 5.988660995905543 5.700272607783043 0.803805932852076 4.06811704947272 4.362641360746763 4.620350133111551 4.466952054322987 4.859651136021712 4.76147636559703 5.240078371417351 
-66.5 -66.0 -66.5 -65.5 -65.5 -65.5 -65.5 -64.0 -64.5 -64.5 -63.0 -64.0 -62.5 -65.0 -66.5 -68.0 -66.5 -64.0 -58.5 -62.0 -61.0 -60.0 -60.0 -60.0 -60.0 -61.0 -60.5 -60.0 -60.0 -61.5 -59.5 -58.0 -56.0 -60.5 -64.5 -69.0 -65.5 -63.0 -64.5 -64.0 -64.0 -64.0 -63.5 
5.252350217720435 5.2339424482658075 5.258486140871978 5.123495831538041 5.203262832508095 5.203262832508095 5.184855063053467 5.031456984264903 5.178719139901925 5.270757987175063 4.945554060143307 5.154175447295755 5.129631754689584 5.1725832167503825 4.97623367590102 5.098952138931871 5.135767677841127 5.221670601962723 2.5157284921324514 5.71868037723767 5.737088146692298 5.393476450205914 5.473243451175968 0.07363107781851078 5.957981380147831 6.270913460876501 6.166602767300278 5.945709533844745 5.945709533844745 6.117515382087937 0.01227184630308513 6.007068765360171 5.884350302329319 6.062292073724054 2.2150682577068657 5.755495916146925 5.6143696836614465 5.283029833478148 4.8351074434155406 5.031456984264903 5.356660911296659 5.399612373357457 5.411884219660542 5.295301679781233 5.5714182216006485 5.50392306693368 
-62.0 -62.5 -60.5 -62.0 -62.0 -60.5 -60.0 -61.0 -61.0 -60.5 -60.5 -61.5 -61.0 -60.0 -60.5 -60.0 -60.5 -60.5 -65.5 -61.5 -57.0 -57.5 -65.0 -63.0 -59.5 -63.0 -60.0 -59.5 -60.0 -59.5 -61.5 -64.5 -61.5 -65.0 -60.5 -58.5 -62.0 -64.5 -61.0 -59.5 -58.5 -58.5 -58.0 -58.5 -58.5 -58.0 
