0.3374757733348411 3.485204350076177 0.521553467881118 0.4295146206079795 3.552699504743145 0.4908738521234052 0.5829126993965437 3.356349963893783 4.319689898685965 0.5338253141842031 0.6994952392758523 4.479223900626073 4.850447251294398 5.031456984264903 1.846912868614312 4.086524818927348 6.007068765360171 0.859029241215959 0.619728238305799 3.5465635815916023 3.9822141253511245 5.148039524144211 4.246058820867455 0.3988350048502667 
-68.5 -63.5 -68.5 -68.0 -66.5 -68.0 -67.5 -67.5 -67.5 -68.0 -68.0 -68.0 -68.5 -65.5 -67.0 -67.5 -73.5 -75.0 -74.5 -64.0 -64.0 -68.0 -71.0 -68.5 
5.2339424482658075 5.307573526084319 5.4671075280244255 5.5284667595398505 5.418020142812084 5.6143696836614465 5.663457068873787 2.5402721847386216 0.46019423636569234 2.7550294950426117 2.141437179888355 2.2764274892222915 2.0371264863121317 1.9573594853420782 2.061670178918302 2.1475731030398975 2.184388641949153 2.748893571891069 5.056000676871073 1.8653206380689396 5.0682725231741586 1.945087639038993 5.283029833478148 2.030990563160589 2.030990563160589 5.3198453723874035 
-68.5 -68.5 -69.5 -69.5 -70.0 -70.5 -70.5 -64.0 -67.5 -64.0 -62.0 -62.5 -60.0 -60.5 -61.0 -61.5 -62.0 -65.0 -65.5 -66.0 -66.0 -64.5 -66.0 -65.5 -66.5 -68.5 
1.2210487071569704 1.2087768608538851 1.184233168247715 1.1903690913992575 1.1780972450961724 1.0799224746714913 1.184233168247715 1.1780972450961724 1.1167380135807468 1.1290098598838318 1.1351457830353744 1.1167380135807468 1.214912784005428 1.141281706186917 1.1780972450961724 1.1535535524900022 1.2026409377023426 1.0676506283684062 1.2762720155208536 1.055378782065321 1.1719613219446299 1.1228739367322893 1.227184630308513 1.4419419406125027 1.3499030933393643 1.2026409377023426 1.368310862793992 1.2517283229146832 1.3192234775816514 1.3130875544301088 1.227184630308513 1.1965050145508 1.325359400733194 1.3989904785517047 1.5155730184310134 1.5278448647340985 1.3499030933393643 1.3437671701878218 1.1903690913992575 1.1351457830353744 1.0615147052168636 1.0737865515199487 1.0062913968529805 0.9572040116406401 0.944932165337555 
-50.5 -50.0 -49.5 -50.0 -50.0 -50.0 -50.5 -50.0 -50.0 -50.0 -50.0 -50.0 -50.0 -50.0 -50.5 -50.0 -50.5 -50.5 -50.0 -49.0 -51.0 -51.5 -52.5 -51.5 -50.0 -51.5 -51.5 -53.0 -54.5 -55.0 -54.5 -53.0 -52.5 -51.0 -51.0 -50.5 -50.0 -50.0 -49.5 -49.5 -49.5 -50.0 -49.5 -49.5 -49.5 
1.1351457830353744 1.1351457830353744 1.1044661672776617 1.1044661672776617 1.055378782065321 1.086058397823034 1.086058397823034 1.0983302441261191 1.0369710126106935 1.0246991663076084 1.055378782065321 1.012427320004523 1.0737865515199487 1.043106935762236 1.030835089459151 1.0676506283684062 1.1106020904292042 1.1167380135807468 1.0062913968529805 0.8344855486097889 0.8897088569736719 1.000155473701438 1.0737865515199487 1.325359400733194 1.2210487071569704 1.5278448647340985 1.6382914814618648 1.5278448647340985 1.5585244804918115 1.552388557340269 1.6014759425526093 1.6505633277649499 1.7241944055834606 1.5585244804918115 1.4910293258248433 1.325359400733194 1.1106020904292042 1.030835089459151 0.9510680884890975 0.9387962421860124 1.1167380135807468 1.055378782065321 1.0369710126106935 0.9510680884890975 0.9203884727313847 
-50.5 -50.5 -50.5 -50.5 -50.5 -50.0 -50.5 -50.5 -50.5 -50.5 -50.5 -50.0 -50.5 -50.5 -50.5 -50.5 -51.0 -50.5 -51.5 -52.0 -52.0 -50.5 -50.0 -49.0 -49.0 -52.0 -51.5 -51.5 -51.5 -52.0 -51.5 -51.5 -51.5 -51.0 -50.5 -50.0 -50.5 -50.5 -52.0 -52.5 -52.0 -52.0 -52.0 -51.5 -51.5 
1.2210487071569704 1.2333205534600555 1.2946797849754812 1.2640001692177683 1.1596894756415448 1.1658253987930873 1.086058397823034 1.1474176293384597 1.141281706186917 1.0676506283684062 1.0921943209745766 1.0615147052168636 1.055378782065321 1.0246991663076084 1.0369710126106935 1.1106020904292042 1.0492428589137786 1.055378782065321 0.9633399347921826 0.8897088569736719 1.1443496677626883 1.6198837120072371 1.6382914814618648 1.4358060174609601 1.4419419406125027 1.7671458676442586 1.8837284075235674 1.9880391010997909 2.061670178918302 2.043262409463674 2.073942025221387 2.1537090261914402 2.067806102069844 1.8162332528565992 1.6935147898257479 1.4971652489763858 1.4358060174609601 1.4296700943094176 1.012427320004523 0.8528933180644165 0.8406214717613314 0.8160777791551611 0.8406214717613314 0.7915340865489908 0.7424467013366504 
-50.5 -50.5 -50.5 -50.5 -51.0 -50.5 -50.5 -50.5 -51.0 -50.5 -50.5 -51.0 -51.0 -50.5 -50.5 -51.0 -51.0 -51.0 -51.5 -51.5 -53.5 -51.0 -49.5 -48.5 -51.0 -50.0 -50.0 -49.5 -50.0 -50.0 -50.5 -50.5 -51.0 -50.0 -48.5 -48.0 -50.0 -51.0 -51.5 -51.0 -50.5 -51.0 -51.0 -51.5 -52.0 
1.533980787885641 1.564660403643354 1.5462526341887264 1.533980787885641 1.5401167110371838 1.5033011721279284 1.4910293258248433 1.5585244804918115 1.5401167110371838 1.4542137869155878 1.4296700943094176 1.4358060174609601 1.423534171157875 1.4051264017032472 1.4358060174609601 1.4296700943094176 1.5401167110371838 1.41126232485479 1.3928545554001621 1.3867186322486196 4.703185095657376 1.8285050991596843 1.859184714917397 1.7671458676442586 2.000310947402876 2.116893487282185 2.043262409463674 2.2089323345553233 2.2396119503130363 2.3009711818284617 2.2886993355253766 2.2518837966161214 2.184388641949153 2.1475731030398975 1.9205439464328227 1.6198837120072371 1.8223691760081417 1.607611865704152 1.3192234775816514 1.2701360923693108 1.4787574795217582 1.3130875544301088 1.3499030933393643 1.3314953238847365 1.3192234775816514 
-52.0 -51.5 -52.0 -52.0 -52.5 -52.0 -52.5 -52.5 -52.0 -51.5 -52.5 -52.5 -52.0 -52.0 -52.5 -52.0 -52.5 -52.0 -52.5 -53.5 -53.5 -52.0 -52.0 -54.5 -53.0 -52.0 -51.5 -53.0 -52.5 -52.5 -52.5 -53.5 -52.0 -53.5 -52.0 -52.0 -51.5 -53.5 -54.0 -54.0 -53.5 -53.5 -53.5 -54.0 -54.0 
4.908738521234052 4.430136515413731 4.663301595172349 4.516039439535327 4.516039439535327 4.4976316700806995 4.675573441475434 4.405592822807561 4.2031073588066565 4.405592822807561 4.215379205109742 4.466952054322987 4.552854978444583 3.227495577711389 3.8932432396537573 5.724816300389213 5.5100589900852235 4.896466674930966 5.8045833013592665 5.743224069843841 5.884350302329319 6.025476534814799 5.9518454569962875 6.025476534814799 5.982525072754001 5.976389149602458 6.056156150572511 5.688000761479957 5.307573526084319 5.5100589900852235 5.822991070813893 5.270757987175063 3.761320891895592 4.804427827657828 4.417864669110647 
-64.0 -63.5 -62.0 -63.5 -63.5 -63.5 -63.5 -63.0 -63.5 -63.0 -59.5 -63.5 -61.5 -63.0 -70.5 -66.5 -60.0 -63.0 -62.5 -61.0 -60.0 -60.5 -61.5 -61.0 -60.5 -59.5 -60.5 -60.0 -60.5 -57.0 -58.5 -71.0 -71.0 -67.5 -69.0 
5.283029833478148 5.258486140871978 5.209398755659637 5.5100589900852235 5.221670601962723 5.111223985234957 5.289165756629691 5.1725832167503825 5.209398755659637 5.21553467881118 5.190990986205009 5.129631754689584 4.841243366567084 5.00077736850719 5.289165756629691 5.197126909356553 5.062136600022616 5.209398755659637 5.117359908386499 5.1725832167503825 5.325981295538946 5.592893952631048 5.8045833013592665 5.681864838328415 5.399612373357457 0.18407769454627693 5.945709533844745 6.117515382087937 6.117515382087937 6.050020227420969 6.025476534814799 6.025476534814799 0.006135923151542565 6.160466844148735 6.117515382087937 6.080699843178682 5.221670601962723 5.6143696836614465 5.6573211457222445 5.700272607783043 2.018718716857504 5.178719139901925 5.080544369477243 5.301437602932776 5.258486140871978 
-59.5 -59.0 -59.0 -60.5 -59.0 -59.5 -59.0 -59.5 -59.0 -59.0 -59.0 -59.5 -59.5 -60.0 -60.0 -57.5 -59.5 -59.5 -58.5 -59.5 -62.0 -60.5 -57.5 -58.5 -62.0 -64.5 -60.0 -62.0 -59.0 -58.5 -59.0 -59.5 -62.0 -63.0 -60.5 -64.5 -60.0 -57.5 -60.0 -63.0 -64.5 -62.5 -62.5 -64.5 -64.0 
