3.718369429834794 0.7424467013366504 3.8717675086233583 0.6994952392758523 3.6201946594101133 3.5588354278946874 3.6324665057131984 3.56497135104623 0.5645049299419159 3.4054373491061236 3.172272269347506 3.9822141253511245 3.117048960983623 3.1906800388021335 3.6201946594101133 0.4908738521234052 0.5645049299419159 0.5338253141842031 0.8344855486097889 3.6692820446224537 4.571262747899211 4.442408361716817 3.761320891895592 6.1850105367549055 0.34974761963792617 0.5276893910326605 1.4480778637640452 4.841243366567084 5.464039566448654 
-68.5 -68.5 -68.5 -68.0 -66.5 -66.5 -67.0 -66.0 -68.0 -66.5 -68.0 -65.5 -67.0 -67.0 -66.0 -68.0 -67.5 -66.5 -65.5 -64.0 -63.5 -63.5 -66.5 -72.0 -72.5 -70.5 -66.0 -65.0 -67.0 
2.098485717827557 2.1046216409791 5.227806525114265 5.240078371417351 5.3198453723874035 0.7669903939428205 6.013204688511713 0.30679615757712825 3.5711072741977725 2.730485802436441 1.9389517158874505 1.9266798695843652 2.0923497946760143 2.2027964114037806 2.055534255766759 2.1782527187976104 2.761165418194154 2.705942109830271 2.325514874434632 1.9389517158874505 1.5585244804918115 1.880660445947796 1.6812429435226628 1.3744467859455345 1.7119225592803755 1.8775924843720249 1.7732817907958012 
-65.5 -64.0 -68.0 -68.5 -72.0 -71.5 -66.0 -64.5 -64.0 -63.0 -64.0 -63.5 -61.5 -62.0 -61.5 -60.0 -63.5 -65.5 -63.0 -62.0 -61.5 -63.5 -63.0 -63.5 -63.5 -61.5 -61.5 
1.1167380135807468 1.1228739367322893 1.1228739367322893 1.0921943209745766 1.0676506283684062 1.0615147052168636 1.000155473701438 0.9694758579437253 0.9572040116406401 0.8160777791551611 0.9203884727313847 0.9387962421860124 0.8651651643675016 0.8344855486097889 0.8222137023067037 0.8528933180644165 0.8774370106705868 0.7731263170943632 0.8467573949128739 0.7853981633974483 0.9019807032767571 0.8467573949128739 0.8467573949128739 0.8774370106705868 0.9878836273983529 1.239456476611598 1.337631247036279 1.1535535524900022 1.1903690913992575 1.2885438618239387 1.2026409377023426 1.2762720155208536 1.282407938672396 1.214912784005428 1.2578642460662257 1.2640001692177683 1.4051264017032472 1.4726215563702154 1.41126232485479 1.2885438618239387 1.4051264017032472 1.2885438618239387 1.282407938672396 1.2517283229146832 1.2946797849754812 1.239456476611598 
-49.0 -49.0 -49.0 -49.0 -49.0 -49.5 -49.5 -49.5 -49.5 -49.5 -50.0 -50.0 -50.0 -50.0 -50.0 -50.0 -50.0 -50.5 -50.5 -50.5 -50.0 -50.5 -50.5 -51.0 -51.5 -53.0 -51.5 -49.0 -51.0 -51.0 -51.5 -53.0 -53.0 -52.5 -52.0 -51.5 -50.5 -51.5 -51.0 -51.0 -51.5 -50.5 -50.0 -50.5 -50.5 -50.5 
0.8406214717613314 1.0062913968529805 1.000155473701438 0.9878836273983529 1.030835089459151 1.030835089459151 0.9081166264282996 0.8160777791551611 0.9387962421860124 0.9694758579437253 0.9019807032767571 0.9817477042468103 0.9387962421860124 0.9019807032767571 0.8406214717613314 0.8897088569736719 0.7976700097005334 0.8835729338221293 0.859029241215959 0.6933593161243098 0.9633399347921826 0.8774370106705868 0.8160777791551611 0.8406214717613314 0.8958447801252144 1.0737865515199487 1.0983302441261191 1.1658253987930873 1.5401167110371838 1.4910293258248433 1.4480778637640452 1.4787574795217582 1.4664856332186729 1.5707963267948966 1.6505633277649499 1.5033011721279284 1.5278448647340985 1.4296700943094176 1.3069516312785663 1.0799224746714913 1.1290098598838318 1.030835089459151 0.9633399347921826 1.0185632431560658 1.086058397823034 1.1903690913992575 
-50.5 -50.5 -50.5 -50.5 -50.5 -51.0 -50.5 -51.0 -51.5 -51.5 -51.5 -52.0 -52.0 -52.0 -51.5 -52.0 -51.5 -51.5 -52.0 -52.5 -52.5 -53.0 -53.5 -52.5 -51.0 -51.0 -50.0 -50.0 -51.5 -50.5 -50.5 -51.0 -51.0 -50.5 -51.5 -51.5 -50.5 -51.0 -50.5 -50.0 -51.5 -52.0 -52.5 -51.5 -51.0 -51.0 
1.1474176293384597 1.1228739367322893 1.1167380135807468 1.1351457830353744 1.0921943209745766 1.1228739367322893 0.9510680884890975 0.9572040116406401 0.9326603190344698 0.9019807032767571 0.9265243958829272 0.8283496254582462 0.7853981633974483 0.7547185476397354 0.8099418560036186 0.7853981633974483 0.7669903939428205 0.6688156235181395 0.6688156235181395 0.6872233929727672 0.5276893910326605 0.4908738521234052 0.3865631585471816 0.944932165337555 1.423534171157875 1.3008157081270237 1.1658253987930873 1.3192234775816514 1.6689710972195777 1.8162332528565992 1.8285050991596843 1.88986433067511 1.8100973297050567 1.88986433067511 1.9696313316451632 1.8285050991596843 1.7241944055834606 1.6751070203711202 1.6996507129772904 1.5462526341887264 4.804427827657828 1.423534171157875 1.2087768608538851 1.2455923997631406 1.2578642460662257 1.3192234775816514 
-49.5 -49.5 -49.5 -50.0 -50.0 -50.5 -50.5 -50.5 -51.0 -51.0 -51.0 -51.5 -51.0 -51.0 -52.0 -51.5 -51.5 -51.5 -52.0 -52.0 -52.0 -53.0 -53.5 -53.5 -50.0 -49.0 -49.0 -51.5 -50.0 -49.5 -49.0 -49.0 -49.0 -49.0 -49.5 -50.5 -50.0 -48.0 -48.5 -50.5 -51.0 -52.0 -51.0 -49.5 -49.0 -49.0 
1.4664856332186729 1.4173982480063325 1.423534171157875 1.41126232485479 1.3928545554001621 1.4173982480063325 1.3621749396424494 1.2885438618239387 1.3069516312785663 1.2455923997631406 1.0369710126106935 1.2333205534600555 1.1228739367322893 1.227184630308513 1.2087768608538851 1.1474176293384597 1.1903690913992575 1.214912784005428 1.1719613219446299 1.1474176293384597 1.1658253987930873 1.1290098598838318 1.1228739367322893 1.423534171157875 1.5830681730979816 1.6505633277649499 1.748738098189631 1.9573594853420782 2.018718716857504 2.0064468705544187 2.0800779483729293 2.116893487282185 2.1353012567368124 2.1598449493429825 2.0923497946760143 2.2089323345553233 2.018718716857504 1.9144080232812801 1.8775924843720249 1.8714565612204823 1.761009944492716 1.5278448647340985 1.4358060174609601 1.5462526341887264 1.5155730184310134 1.6444274046134073 
-52.0 -52.5 -52.5 -52.5 -53.0 -52.5 -53.0 -53.5 -53.5 -53.5 -54.0 -54.0 -54.5 -54.5 -55.0 -54.5 -54.5 -55.0 -55.0 -55.5 -55.0 -55.5 -56.5 -54.5 -54.0 -54.0 -55.5 -52.5 -51.5 -52.0 -53.0 -52.0 -51.5 -52.5 -52.0 -51.0 -54.0 -51.5 -51.0 -52.0 -53.5 -54.0 -53.5 -51.5 -50.5 -51.0 
4.147884050442774 4.147884050442774 4.129476280988146 4.196971435655114 4.1417481272912315 4.638757902566179 3.8533597391687304 4.295146206079795 3.933126740138784 3.454524734318464 3.141592653589793 3.6079228131070282 3.8410878928656453 3.9392626632903265 3.761320891895592 3.865631585471816 3.706097583531709 0.4908738521234052 0.1227184630308513 5.393476450205914 4.614214209960009 5.921165841238575 5.45483568172134 5.822991070813893 5.884350302329319 5.902758071783947 6.086835766330224 5.915029918087033 5.841398840268521 5.822991070813893 5.675728915176872 5.252350217720435 5.540738605842936 6.037748381117884 5.6573211457222445 5.712544454086128 4.528311285838413 4.6878452877785195 4.773748211900116 
-65.0 -62.0 -64.5 -64.0 -64.0 -65.0 -65.0 -65.5 -65.0 -67.0 -66.5 -65.0 -65.5 -64.5 -66.5 -65.0 -66.5 -67.0 -67.0 -59.0 -62.0 -59.0 -60.5 -61.0 -60.0 -60.5 -61.0 -60.5 -59.0 -60.5 -61.0 -57.5 -56.0 -59.5 -63.0 -69.5 -73.0 -66.5 -62.0 
4.988505522204105 4.95168998329485 4.9394181369917645 4.706253057233147 5.013049214810275 4.884194828627882 4.970097752749477 4.700117134081604 1.6873788666742053 1.8162332528565992 5.71868037723767 5.460971604872882 5.460971604872882 5.286097795053919 0.35588354278946877 5.859806609723149 6.2034183062095325 6.050020227420969 5.896622148632405 5.964117303299373 6.050020227420969 6.240233845118788 5.810719224510809 6.0991076126333095 5.786175531904639 5.620505606812989 5.663457068873787 5.21553467881118 5.184855063053467 5.393476450205914 5.160311370447297 
-61.5 -62.0 -61.5 -63.0 -63.5 -65.0 -63.5 -63.5 -67.5 -68.0 -61.0 -57.0 -57.0 -63.0 -61.5 -59.5 -62.0 -59.0 -58.0 -58.0 -59.0 -60.0 -61.0 -60.5 -57.5 -61.0 -66.5 -66.0 -61.5 -60.5 -58.0 
