3.32567034813607 3.313398501832985 3.2765829629237295 3.1231848841351653 3.3195344249845276 3.436116964863836 3.153864499892878 3.1968159619536762 3.32567034813607 3.2949907323783574 3.356349963893783 3.2520392703175593 3.055689729468197 3.043417883165112 5.841398840268521 2.761165418194154 2.7120780329818137 5.9088939949354895 2.742757648739526 2.945243112740431 2.9513790358919736 2.5893595699509624 2.779573187648782 2.662990647769473 2.8409324191642074 6.215690152512618 3.6263305825616556 3.429981041712294 0.2699806186678728 3.2029518851052186 3.411573272257666 3.2704470397721868 0.15339807878856412 0.28225246497095796 3.3072625786814425 0.2761165418194154 0.3129320807286708 3.117048960983623 3.454524734318464 3.411573272257666 
-66.0 -65.5 -63.5 -67.0 -65.5 -65.0 -66.5 -66.5 -66.0 -66.0 -64.5 -65.5 -64.5 -63.5 -64.0 -65.5 -68.0 -69.5 -67.5 -67.0 -67.5 -68.0 -67.0 -65.5 -64.0 -64.5 -66.5 -67.0 -68.0 -67.5 -66.0 -67.5 -68.0 -68.5 -68.0 -68.0 -68.0 -68.5 -68.5 -66.0 
1.8100973297050567 1.8775924843720249 1.761009944492716 1.7978254834019713 1.8407769454627694 1.7916895602504288 1.8223691760081417 1.761009944492716 1.8162332528565992 1.8223691760081417 1.6812429435226628 1.705786636128833 1.5892040962495242 1.4051264017032472 6.209554229361076 2.5034566458293663 2.6200391857086753 2.2948352586769194 1.9757672547967058 1.748738098189631 1.6321555583103222 1.6935147898257479 1.6505633277649499 1.9512235621905356 2.4850488763747385 2.650718801466388 1.4726215563702154 1.3621749396424494 4.558990901596125 1.423534171157875 1.3867186322486196 1.4419419406125027 1.5707963267948966 1.5830681730979816 1.552388557340269 1.564660403643354 1.521708941582556 1.521708941582556 1.6751070203711202 1.6444274046134073 1.5892040962495242 1.6751070203711202 1.7241944055834606 1.6014759425526093 
-62.0 -62.5 -62.0 -62.5 -62.5 -62.0 -62.5 -62.0 -62.0 -62.0 -61.5 -61.5 -62.0 -62.5 -68.0 -65.0 -63.5 -62.0 -60.5 -60.5 -61.0 -61.0 -60.0 -60.5 -63.0 -64.5 -70.5 -65.5 -64.0 -62.0 -61.0 -61.0 -60.0 -59.0 -60.5 -60.5 -60.5 -60.0 -60.5 -60.5 -60.0 -60.0 -60.5 -60.5 
1.1228739367322893 1.0983302441261191 1.0799224746714913 1.0799224746714913 1.086058397823034 1.1106020904292042 1.0615147052168636 1.0921943209745766 1.0799224746714913 1.0983302441261191 1.1106020904292042 1.1106020904292042 1.086058397823034 0.9572040116406401 0.9142525495798421 0.8835729338221293 1.0369710126106935 1.1596894756415448 1.1474176293384597 1.0737865515199487 1.012427320004523 0.9817477042468103 0.9756117810952678 1.0185632431560658 1.043106935762236 1.0246991663076084 1.086058397823034 1.2087768608538851 1.282407938672396 0.9786797426710391 1.0062913968529805 1.0615147052168636 1.1228739367322893 1.1719613219446299 1.1719613219446299 1.2210487071569704 1.184233168247715 1.2087768608538851 1.239456476611598 1.1780972450961724 1.1903690913992575 1.1903690913992575 1.1965050145508 1.184233168247715 1.239456476611598 1.2087768608538851 
-49.0 -49.0 -49.0 -49.0 -49.0 -49.0 -49.0 -49.0 -49.0 -49.0 -49.5 -49.0 -48.5 -48.0 -49.0 -51.5 -52.5 -51.0 -51.0 -51.0 -51.5 -51.5 -52.0 -52.0 -51.5 -51.0 -50.5 -50.0 -51.5 -51.5 -49.5 -49.0 -48.5 -48.0 -48.5 -49.0 -49.0 -49.0 -49.0 -49.0 -49.0 -49.0 -49.0 -49.0 -49.5 -49.0 
1.2087768608538851 1.1719613219446299 1.1106020904292042 1.1474176293384597 1.1474176293384597 1.1290098598838318 1.1719613219446299 1.1965050145508 1.184233168247715 1.2026409377023426 1.2087768608538851 1.1780972450961724 1.1474176293384597 1.000155473701438 1.1719613219446299 1.4603497100671303 1.3989904785517047 1.4419419406125027 1.368310862793992 1.3867186322486196 1.5401167110371838 1.5155730184310134 1.5278448647340985 1.5155730184310134 1.4910293258248433 1.4971652489763858 1.3989904785517047 1.4358060174609601 1.6505633277649499 1.4419419406125027 1.1903690913992575 1.0983302441261191 1.030835089459151 1.1167380135807468 1.1719613219446299 1.2333205534600555 1.227184630308513 1.2762720155208536 1.2640001692177683 1.2578642460662257 1.227184630308513 1.239456476611598 1.227184630308513 1.2578642460662257 1.2701360923693108 1.2455923997631406 
-50.0 -50.0 -50.0 -50.0 -49.5 -50.0 -50.0 -50.0 -50.0 -50.0 -49.5 -50.0 -50.0 -51.0 -51.5 -51.5 -52.0 -50.5 -49.5 -51.0 -51.0 -50.5 -51.0 -51.0 -51.0 -51.5 -51.0 -49.5 -50.5 -52.5 -51.5 -50.5 -50.0 -49.5 -49.5 -50.0 -50.0 -50.0 -50.0 -50.0 -50.0 -50.0 -50.0 -50.5 -50.0 -50.0 
1.533980787885641 1.509437095279471 1.4664856332186729 1.521708941582556 1.5155730184310134 1.521708941582556 1.4910293258248433 1.4971652489763858 1.552388557340269 1.5155730184310134 1.552388557340269 1.5401167110371838 1.4787574795217582 1.6198837120072371 1.8285050991596843 1.902136176978195 1.859184714917397 1.662835174068035 1.6996507129772904 1.7855536370988863 1.9144080232812801 1.902136176978195 1.9082721001297376 1.9082721001297376 1.932815792735908 1.8653206380689396 1.7794177139473437 1.6751070203711202 1.761009944492716 1.9512235621905356 2.0064468705544187 1.9266798695843652 1.662835174068035 1.5155730184310134 1.5462526341887264 1.533980787885641 1.564660403643354 1.5462526341887264 1.5707963267948966 1.5278448647340985 1.5462526341887264 1.552388557340269 1.5585244804918115 1.5892040962495242 1.5830681730979816 1.5707963267948966 
-51.0 -50.0 -50.5 -50.5 -50.5 -50.5 -50.5 -50.0 -50.5 -50.5 -50.5 -50.5 -51.0 -52.5 -50.0 -48.5 -48.0 -49.0 -49.5 -50.0 -51.0 -50.0 -50.0 -50.5 -50.5 -51.0 -50.0 -50.0 -48.5 -48.5 -49.5 -51.0 -52.5 -52.0 -51.0 -51.0 -50.5 -50.5 -50.5 -50.5 -50.5 -51.0 -50.5 -50.5 -50.5 -51.0 
1.9696313316451632 1.9205439464328227 1.945087639038993 1.8346410223112268 1.9205439464328227 1.9205439464328227 1.9205439464328227 1.8960002538266525 1.9082721001297376 1.932815792735908 1.9512235621905356 1.9634954084936207 1.902136176978195 1.859184714917397 2.1966604882522383 2.2886993355253766 2.1782527187976104 2.2580197197676637 2.2334760271614935 2.2764274892222915 2.2396119503130363 2.3009711818284617 2.3009711818284617 2.2948352586769194 2.2948352586769194 2.2396119503130363 2.2641556429192065 2.3193789512830896 2.1046216409791 2.359262451768116 2.1230294104337273 1.9941750242513334 1.8100973297050567 1.8653206380689396 1.9082721001297376 1.9144080232812801 1.9634954084936207 1.9512235621905356 2.000310947402876 1.9266798695843652 1.945087639038993 1.9757672547967058 1.9512235621905356 2.012582793705961 2.012582793705961 1.9696313316451632 
-50.5 -50.5 -50.5 -50.5 -50.5 -50.5 -50.5 -50.0 -50.5 -50.5 -50.5 -50.5 -51.5 -54.5 -54.0 -52.0 -52.0 -52.5 -52.5 -52.5 -53.0 -53.0 -53.5 -53.5 -53.5 -52.5 -52.0 -53.0 -53.0 -52.5 -53.0 -53.5 -53.0 -51.5 -51.0 -50.5 -50.0 -50.5 -50.5 -50.0 -50.0 -50.5 -50.0 -50.5 -50.0 -50.0 
4.908738521234052 5.019185137961818 5.049864753719531 4.988505522204105 5.062136600022616 4.841243366567084 5.283029833478148 5.062136600022616 4.957825906446392 4.914874444385594 4.963961829597935 4.76147636559703 5.074408446325701 5.062136600022616 5.71868037723767 5.970253226450915 6.062292073724054 5.411884219660542 5.589825991055276 5.730952223540755 5.675728915176872 5.927301764390117 5.872078456026235 5.945709533844745 5.945709533844745 5.939573610693203 5.8475347634200645 5.816855147662351 5.688000761479957 5.184855063053467 5.948777495420517 6.080699843178682 6.074563920027139 5.921165841238575 5.356660911296659 5.043728830567988 5.086680292628786 5.006913291658733 4.896466674930966 5.148039524144211 5.117359908386499 4.97623367590102 5.049864753719531 4.878058905476339 5.013049214810275 5.062136600022616 
-64.0 -65.0 -63.5 -64.0 -65.5 -65.5 -65.0 -64.5 -64.0 -65.0 -64.0 -64.5 -65.0 -66.5 -63.5 -60.0 -57.0 -57.0 -60.0 -58.5 -59.0 -59.0 -58.0 -58.0 -58.5 -58.0 -59.0 -58.5 -59.5 -58.5 -56.5 -57.0 -59.5 -63.0 -65.5 -65.0 -64.0 -64.5 -64.5 -64.0 -65.0 -65.0 -64.5 -64.5 -64.0 -63.5 
5.589825991055276 5.534602682691394 5.540738605842936 5.780039608753096 5.485515297479052 5.485515297479052 5.559146375297564 5.45483568172134 5.418020142812084 5.491651220630596 5.411884219660542 5.66959299202533 5.651185222570702 6.258641614573416 5.890486225480862 0.6442719309119693 0.4663301595172349 0.16566992509164924 0.1349903093339364 0.32520392703175593 0.30066023442558565 0.4049709280018093 0.22089323345553233 6.135923151542564 5.838330878692751 3.018874190558942 6.264777537724958 5.872078456026235 6.068427996875596 5.45483568172134 5.6941366846315 5.43029198911517 5.43029198911517 5.540738605842936 5.5284667595398505 5.583690067903734 5.418020142812084 5.602097837358362 5.522330836388308 5.50392306693368 5.497787143782138 5.5284667595398505 
-61.0 -62.0 -62.0 -62.5 -61.5 -62.0 -62.0 -61.5 -61.0 -62.0 -61.5 -62.5 -64.5 -65.0 -64.0 -66.5 -63.0 -62.5 -61.5 -62.5 -63.5 -64.5 -67.0 -62.5 -64.5 -62.0 -62.0 -64.0 -67.5 -67.5 -65.0 -62.5 -62.0 -61.5 -60.5 -61.0 -62.0 -61.5 -61.5 -61.5 -61.5 -62.0 
