2.9820586516496865 3.0066023442558567 2.9820586516496865 3.0127382674073995 2.7979809571034093 3.0372819600135696 2.9206994201342606 2.9697868053466014 2.9820586516496865 2.9513790358919736 2.9759227284981438 2.9697868053466014 2.890019804376548 3.0495538063166547 3.067961575771282 2.9145634969827183 3.0127382674073995 2.9268353432858034 2.9513790358919736 3.3318062712876126 3.724505352986337 3.758252930319821 3.5956509668039427 3.7981364308048478 3.2459033471660166 3.1661363461959633 0.30679615757712825 3.4054373491061236 3.2827188860752723 3.1661363461959633 3.3379421944391554 3.000466421104314 3.2765829629237295 3.6999616603801666 3.3440781175906977 3.429981041712294 3.6017868899554855 2.9697868053466014 3.0066023442558567 2.9513790358919736 3.0066023442558567 
-62.0 -62.0 -62.5 -62.5 -62.0 -62.0 -62.0 -62.5 -62.5 -62.0 -63.0 -62.5 -62.5 -62.5 -62.0 -62.5 -63.0 -63.5 -63.0 -66.5 -66.0 -68.5 -63.5 -63.5 -65.0 -68.0 -69.0 -66.5 -66.0 -65.5 -67.0 -66.5 -63.5 -64.5 -65.0 -62.5 -64.0 -63.5 -62.0 -63.5 -63.5 
2.12916533358527 2.1905245651006955 2.141437179888355 2.1659808724945253 2.2764274892222915 2.184388641949153 2.1659808724945253 2.2150682577068657 2.2027964114037806 2.2948352586769194 2.1537090261914402 2.2886993355253766 2.2641556429192065 2.110757564130642 2.110757564130642 2.4727770300716534 2.1598449493429825 2.0493983326152168 2.3316507975861747 2.454369260617026 2.736621725587984 5.819923109238123 2.9268353432858034 2.9759227284981438 2.736621725587984 2.724349879284899 2.736621725587984 2.742757648739526 2.650718801466388 2.650718801466388 2.6200391857086753 2.509592568980909 2.662990647769473 2.9022916506796332 3.380893656499953 3.2643111166206444 2.8532042654672924 2.6813984172241008 2.356194490192345 2.2580197197676637 2.141437179888355 2.0493983326152168 1.9880391010997909 2.0800779483729293 2.227340104009951 
-63.0 -63.0 -63.5 -62.5 -62.5 -63.0 -62.0 -62.5 -63.0 -63.5 -63.0 -63.0 -64.0 -63.0 -63.0 -62.0 -62.5 -63.5 -62.5 -62.0 -61.5 -63.0 -63.0 -62.0 -62.0 -63.5 -63.5 -63.5 -63.5 -63.0 -62.5 -62.5 -62.5 -62.5 -63.5 -64.5 -66.0 -64.5 -63.0 -62.0 -61.5 -61.5 -61.5 -61.5 -61.5 
0.803805932852076 0.8160777791551611 0.8344855486097889 0.859029241215959 0.803805932852076 0.8467573949128739 0.8344855486097889 0.8467573949128739 0.8222137023067037 0.8528933180644165 0.8835729338221293 0.859029241215959 0.8467573949128739 0.8528933180644165 0.859029241215959 0.8344855486097889 0.8651651643675016 0.8344855486097889 0.8222137023067037 0.9019807032767571 1.0676506283684062 1.1443496677626883 1.3192234775816514 1.1167380135807468 1.0185632431560658 1.1044661672776617 0.9940195505498954 1.030835089459151 0.9019807032767571 0.9019807032767571 0.9572040116406401 0.944932165337555 0.9940195505498954 0.9878836273983529 1.0737865515199487 1.337631247036279 1.227184630308513 1.0246991663076084 0.9878836273983529 1.030835089459151 0.9694758579437253 0.9265243958829272 0.9510680884890975 0.9817477042468103 1.030835089459151 
-50.0 -50.0 -49.5 -49.5 -50.0 -49.5 -49.5 -49.5 -49.5 -49.5 -49.5 -49.5 -49.5 -49.5 -49.5 -49.5 -49.5 -49.5 -50.0 -51.5 -55.0 -58.5 -56.0 -52.5 -52.5 -54.0 -54.0 -54.0 -54.5 -53.5 -54.0 -54.0 -54.0 -54.5 -52.0 -52.5 -54.5 -54.0 -52.0 -51.5 -50.5 -50.0 -50.0 -50.0 -49.5 
0.859029241215959 0.8713010875190442 0.8835729338221293 0.9019807032767571 0.8835729338221293 0.8897088569736719 0.8835729338221293 0.9265243958829272 0.9142525495798421 0.8897088569736719 0.9142525495798421 0.8897088569736719 0.8835729338221293 0.8774370106705868 0.9142525495798421 0.8774370106705868 0.760854470791278 0.8958447801252144 0.9326603190344698 0.9940195505498954 1.2026409377023426 1.3775147475213059 1.4726215563702154 1.282407938672396 1.3069516312785663 1.368310862793992 1.3314953238847365 1.2701360923693108 1.2578642460662257 1.2578642460662257 1.2333205534600555 1.2087768608538851 1.3130875544301088 1.3008157081270237 1.2455923997631406 1.3928545554001621 1.5155730184310134 1.4664856332186729 1.227184630308513 1.086058397823034 0.9878836273983529 0.9265243958829272 0.9265243958829272 0.9203884727313847 0.9633399347921826 
-51.5 -51.5 -51.5 -51.5 -51.5 -51.5 -51.5 -51.5 -51.5 -51.5 -51.5 -51.5 -51.5 -51.0 -51.0 -51.0 -51.5 -51.5 -51.5 -51.5 -52.5 -53.0 -51.5 -50.5 -51.0 -51.0 -51.0 -51.0 -50.5 -51.0 -51.0 -51.0 -50.5 -51.0 -50.5 -50.5 -51.5 -52.0 -52.5 -51.0 -51.0 -50.5 -50.5 -50.5 -50.5 
1.2455923997631406 1.3130875544301088 1.2578642460662257 1.1596894756415448 1.2701360923693108 1.368310862793992 1.3192234775816514 1.3621749396424494 1.2517283229146832 1.3437671701878218 1.282407938672396 1.380582709097077 1.3867186322486196 1.3008157081270237 1.2762720155208536 1.3130875544301088 1.2885438618239387 1.3314953238847365 1.4664856332186729 1.607611865704152 2.184388641949153 5.368932757599744 2.018718716857504 1.7303303287350031 1.6751070203711202 1.6137477888556946 1.6505633277649499 1.662835174068035 1.6137477888556946 1.6873788666742053 1.6566992509164924 1.6382914814618648 1.6014759425526093 1.6137477888556946 1.6382914814618648 1.6382914814618648 1.9205439464328227 2.030990563160589 2.043262409463674 1.9266798695843652 1.6444274046134073 1.4664856332186729 1.2640001692177683 1.4787574795217582 1.3867186322486196 
-56.5 -56.0 -56.0 -56.0 -56.0 -56.0 -55.5 -56.0 -56.0 -56.0 -56.0 -55.5 -55.5 -56.0 -56.0 -56.0 -56.5 -54.5 -56.0 -57.5 -57.0 -53.0 -50.5 -51.5 -52.0 -52.5 -54.0 -54.0 -54.0 -53.5 -54.0 -54.0 -53.5 -53.5 -52.0 -51.0 -49.0 -51.0 -54.0 -54.5 -56.0 -56.5 -56.0 -56.0 -56.0 
1.4603497100671303 1.4358060174609601 1.4910293258248433 1.509437095279471 1.509437095279471 1.4542137869155878 1.4848934026733007 1.521708941582556 1.5278448647340985 1.509437095279471 1.5585244804918115 1.5401167110371838 1.5033011721279284 1.4848934026733007 1.5585244804918115 1.533980787885641 1.5033011721279284 1.4971652489763858 1.4419419406125027 1.4296700943094176 1.7978254834019713 2.1751847572218392 1.9573594853420782 2.024854640009046 2.110757564130642 2.055534255766759 1.9634954084936207 2.012582793705961 2.0800779483729293 2.141437179888355 2.1782527187976104 2.116893487282185 2.043262409463674 2.018718716857504 2.073942025221387 1.8837284075235674 1.9880391010997909 2.098485717827557 2.043262409463674 1.9696313316451632 1.6505633277649499 1.607611865704152 1.662835174068035 1.6566992509164924 1.662835174068035 
-56.5 -56.0 -55.5 -56.0 -55.5 -55.5 -55.5 -55.5 -56.0 -55.5 -56.0 -55.0 -55.5 -55.5 -55.0 -55.0 -55.5 -56.0 -56.5 -57.0 -58.5 -55.0 -54.0 -56.0 -55.0 -55.5 -57.0 -58.0 -57.0 -55.5 -55.5 -56.5 -57.5 -55.5 -56.0 -54.5 -54.0 -53.5 -53.5 -54.0 -55.0 -54.0 -53.5 -53.0 -53.0 
5.270757987175063 5.289165756629691 5.160311370447297 5.270757987175063 5.197126909356553 5.178719139901925 5.2339424482658075 5.325981295538946 5.264622064023521 5.2339424482658075 5.221670601962723 5.221670601962723 5.086680292628786 5.258486140871978 5.160311370447297 5.258486140871978 5.1725832167503825 5.221670601962723 5.135767677841127 5.448699758569798 5.9518454569962875 5.994796919057086 5.921165841238575 5.485515297479052 5.546874528994478 5.448699758569798 5.3627968344482015 5.240078371417351 5.252350217720435 5.553010452146021 5.522330836388308 5.184855063053467 5.184855063053467 5.264622064023521 5.602097837358362 5.522330836388308 5.2339424482658075 5.6143696836614465 5.7616318392984684 5.393476450205914 5.1725832167503825 5.117359908386499 5.049864753719531 5.092816215780329 5.160311370447297 
-63.0 -62.5 -62.0 -63.0 -63.0 -62.5 -62.5 -61.5 -63.0 -62.5 -62.0 -62.0 -62.5 -62.0 -62.0 -62.5 -63.0 -62.5 -62.5 -62.5 -64.0 -61.5 -56.5 -59.5 -58.5 -58.5 -60.0 -61.0 -61.5 -61.0 -61.5 -62.0 -61.0 -59.5 -59.0 -59.0 -58.5 -58.0 -63.0 -61.5 -62.5 -62.0 -62.0 -61.5 -61.5 
4.4362724385652745 4.411728745959104 4.706253057233147 4.626486056263094 4.595806440505381 4.516039439535327 4.338097668140593 4.479223900626073 4.405592822807561 4.522175362686871 4.583534594202296 4.565126824747668 4.6448938257177215 4.417864669110647 4.442408361716817 4.583534594202296 4.558990901596125 4.743068596142402 1.2946797849754812 5.8659425328746915 5.338253141842031 0.03681553890925539 5.896622148632405 5.976389149602458 6.068427996875596 6.191146459906448 5.8659425328746915 6.013204688511713 5.93343768754166 6.12365130523948 5.9518454569962875 0.1043106935762236 2.0064468705544187 5.092816215780329 5.626641529964532 5.473243451175968 5.43029198911517 5.086680292628786 5.031456984264903 4.552854978444583 4.743068596142402 4.914874444385594 
-69.0 -69.5 -66.0 -68.0 -67.0 -67.5 -67.5 -67.0 -67.0 -66.0 -65.5 -65.0 -66.5 -66.0 -67.0 -66.5 -65.5 -66.5 -70.0 -64.0 -63.0 -71.5 -64.5 -69.0 -68.0 -66.5 -66.0 -64.5 -66.5 -67.5 -65.5 -69.0 -68.0 -63.0 -62.5 -63.5 -62.0 -64.5 -65.0 -64.0 -64.5 -64.0 
