2.9636508821950587 2.9759227284981438 2.8286605728611223 2.9022916506796332 2.8532042654672924 2.8777479580734626 2.9145634969827183 2.693670263527186 2.859340188618835 2.8838838812250054 2.761165418194154 2.890019804376548 2.8532042654672924 2.8838838812250054 2.84706834231575 2.675262494072558 2.724349879284899 2.8777479580734626 0.15339807878856412 3.816544200259475 3.6876898140770815 3.6386024288647407 3.5465635815916023 3.8963112012295285 3.6263305825616556 3.1784081924990484 3.3379421944391554 3.2765829629237295 3.5342917352885173 3.393165502803038 3.497476196379262 3.552699504743145 3.847223816017188 3.9944859716542096 0.14112623248547898 3.6263305825616556 3.3195344249845276 3.454524734318464 3.4177091954092087 2.8838838812250054 2.742757648739526 2.8838838812250054 2.945243112740431 2.804116880254952 2.9636508821950587 
-62.5 -61.5 -61.5 -62.0 -62.0 -61.5 -62.0 -61.5 -62.0 -62.0 -62.0 -61.5 -62.0 -61.5 -62.0 -61.5 -62.0 -63.5 -65.0 -63.5 -63.0 -62.5 -64.5 -65.5 -65.5 -65.5 -65.5 -64.5 -67.0 -66.0 -66.0 -67.5 -67.5 -69.0 -69.5 -69.0 -66.5 -64.5 -65.5 -65.0 -64.0 -63.5 -64.5 -62.5 -63.5 
2.2457478734645786 2.2212041808584084 2.1782527187976104 2.12916533358527 2.12916533358527 2.018718716857504 2.1537090261914402 2.086213871524472 2.2334760271614935 2.1230294104337273 2.1353012567368124 2.12916533358527 2.1537090261914402 2.184388641949153 2.2150682577068657 2.030990563160589 2.1782527187976104 2.705942109830271 2.724349879284899 2.834796496012665 3.2336315008629315 3.147728576741336 3.104777114680538 2.8777479580734626 2.736621725587984 2.82252464970958 2.8102528034064944 2.748893571891069 2.6691265709210157 2.8838838812250054 3.0802334220743677 3.4177091954092087 5.829126993965437 2.2580197197676637 2.1659808724945253 2.2150682577068657 2.0493983326152168 1.9941750242513334 2.055534255766759 2.073942025221387 2.110757564130642 1.902136176978195 
-62.5 -62.5 -62.5 -62.5 -62.5 -62.0 -63.0 -63.0 -62.5 -62.5 -62.5 -63.0 -63.0 -62.5 -62.5 -63.0 -61.5 -61.5 -62.0 -63.0 -63.0 -62.0 -61.5 -61.5 -62.5 -62.5 -63.5 -63.0 -62.0 -62.5 -63.0 -65.0 -66.5 -63.5 -62.5 -62.0 -61.0 -61.5 -62.0 -62.0 -61.5 -61.0 
0.8958447801252144 0.7669903939428205 0.8406214717613314 0.8406214717613314 0.8222137023067037 0.7915340865489908 0.7485826244881929 0.7792622402459057 0.7976700097005334 0.760854470791278 0.7424467013366504 0.6994952392758523 0.7363107781851077 0.7179030087304801 0.7424467013366504 0.7117670855789375 0.7424467013366504 0.7485826244881929 0.8651651643675016 1.0062913968529805 0.9387962421860124 1.1167380135807468 1.2701360923693108 1.0615147052168636 0.9940195505498954 1.043106935762236 1.0369710126106935 0.9756117810952678 1.012427320004523 1.012427320004523 1.0492428589137786 1.0799224746714913 0.9878836273983529 1.1044661672776617 1.4664856332186729 1.1596894756415448 0.9572040116406401 1.1044661672776617 1.012427320004523 0.9081166264282996 0.9081166264282996 0.8774370106705868 0.8406214717613314 0.8344855486097889 0.7976700097005334 
-50.0 -50.0 -50.0 -50.0 -50.0 -50.0 -50.5 -50.5 -50.5 -50.5 -50.5 -50.5 -50.5 -50.5 -51.0 -50.0 -50.5 -50.5 -51.5 -53.5 -55.0 -56.0 -53.0 -51.5 -53.0 -54.0 -53.5 -52.5 -53.5 -54.0 -54.0 -54.0 -53.5 -52.0 -54.5 -56.0 -54.0 -52.5 -51.0 -50.5 -50.5 -50.0 -50.0 -50.5 -51.0 
0.859029241215959 0.8528933180644165 0.8897088569736719 0.8651651643675016 0.803805932852076 0.8283496254582462 0.8528933180644165 0.8283496254582462 0.8099418560036186 0.8467573949128739 0.803805932852076 0.7976700097005334 0.7915340865489908 0.7853981633974483 0.8099418560036186 0.7853981633974483 0.803805932852076 0.8467573949128739 0.8774370106705868 1.1106020904292042 1.2517283229146832 1.4848934026733007 1.4664856332186729 1.1535535524900022 1.227184630308513 1.380582709097077 1.3867186322486196 1.325359400733194 1.3499030933393643 1.3314953238847365 1.368310862793992 1.4051264017032472 1.3130875544301088 1.2762720155208536 1.5033011721279284 1.6382914814618648 1.4726215563702154 1.282407938672396 1.1044661672776617 0.9756117810952678 0.944932165337555 0.9203884727313847 0.8713010875190442 0.8222137023067037 0.8222137023067037 
-51.0 -51.5 -51.0 -51.0 -51.0 -51.0 -51.5 -51.5 -51.5 -51.5 -51.5 -51.5 -52.0 -51.5 -51.5 -51.5 -52.0 -52.0 -52.0 -51.5 -52.5 -52.0 -50.5 -50.0 -51.0 -51.5 -51.0 -50.5 -50.5 -50.5 -50.5 -51.0 -51.0 -50.5 -50.5 -51.5 -53.0 -52.0 -51.0 -50.5 -51.0 -51.0 -51.0 -51.5 -51.5 
1.4296700943094176 1.337631247036279 1.2701360923693108 1.3744467859455345 1.3314953238847365 1.380582709097077 1.3560390164909069 1.3621749396424494 1.380582709097077 1.3069516312785663 1.3560390164909069 1.3437671701878218 1.3008157081270237 1.3069516312785663 1.3069516312785663 1.282407938672396 1.337631247036279 1.4296700943094176 1.5707963267948966 1.9634954084936207 2.055534255766759 1.9389517158874505 1.7241944055834606 1.5033011721279284 1.5830681730979816 1.6260196351587797 1.7119225592803755 1.6935147898257479 1.8653206380689396 1.7732817907958012 1.7732817907958012 1.7916895602504288 1.705786636128833 1.6935147898257479 1.8162332528565992 2.0371264863121317 2.227340104009951 2.0371264863121317 1.7671458676442586 1.4971652489763858 1.368310862793992 1.368310862793992 1.3989904785517047 1.2517283229146832 1.3069516312785663 
-56.5 -56.0 -56.5 -56.0 -56.5 -56.0 -56.0 -56.5 -56.5 -56.5 -56.5 -56.5 -56.5 -56.0 -56.5 -56.0 -56.0 -56.5 -56.0 -54.5 -53.5 -51.0 -49.5 -52.0 -52.0 -52.5 -53.0 -53.0 -53.5 -53.0 -52.5 -53.0 -52.5 -52.0 -51.0 -51.0 -56.5 -56.5 -57.0 -57.5 -57.0 -56.5 -57.0 -57.0 -57.0 
1.5462526341887264 1.5462526341887264 1.5707963267948966 1.5953400194010667 1.4542137869155878 1.5278448647340985 1.5278448647340985 1.5401167110371838 1.533980787885641 1.5278448647340985 1.509437095279471 1.4542137869155878 1.4787574795217582 1.5278448647340985 1.5585244804918115 1.5155730184310134 1.4848934026733007 1.4296700943094176 1.4664856332186729 1.7303303287350031 2.1475731030398975 1.9819031779482483 1.736466251886546 2.0371264863121317 1.9941750242513334 2.018718716857504 1.8960002538266525 2.098485717827557 2.1353012567368124 2.110757564130642 2.110757564130642 2.0064468705544187 2.1475731030398975 2.1046216409791 2.061670178918302 2.1046216409791 2.110757564130642 2.110757564130642 1.9144080232812801 1.6505633277649499 1.6505633277649499 1.5585244804918115 1.5585244804918115 1.4787574795217582 1.533980787885641 
-55.5 -55.5 -55.5 -55.0 -55.5 -55.5 -55.5 -56.0 -56.5 -56.0 -56.0 -56.5 -56.5 -56.5 -56.0 -56.0 -56.5 -56.5 -57.5 -56.5 -55.5 -53.0 -54.5 -55.5 -56.0 -56.0 -57.5 -57.5 -56.0 -56.5 -57.0 -56.5 -55.5 -56.0 -54.5 -53.5 -54.5 -54.0 -54.5 -55.0 -54.0 -54.0 -54.5 -55.0 -55.5 
5.227806525114265 5.184855063053467 5.270757987175063 5.154175447295755 5.227806525114265 5.209398755659637 5.375068680751287 5.197126909356553 5.270757987175063 5.252350217720435 5.098952138931871 5.178719139901925 5.2339424482658075 5.264622064023521 5.111223985234957 5.283029833478148 5.270757987175063 5.43029198911517 5.418020142812084 5.424156065963627 5.43029198911517 5.730952223540755 5.368932757599744 5.338253141842031 5.626641529964532 5.197126909356553 5.098952138931871 5.037592907416445 5.356660911296659 5.295301679781233 5.154175447295755 5.289165756629691 5.485515297479052 5.50392306693368 5.50392306693368 5.608233760509904 5.9518454569962875 5.50392306693368 5.583690067903734 5.240078371417351 5.086680292628786 5.184855063053467 5.086680292628786 5.197126909356553 5.184855063053467 
-62.5 -62.5 -62.0 -62.5 -62.0 -62.0 -62.5 -62.0 -62.5 -62.0 -62.5 -62.5 -62.5 -62.5 -63.0 -62.5 -63.0 -62.5 -62.5 -62.5 -64.0 -58.0 -57.5 -60.0 -58.5 -58.5 -60.0 -61.0 -61.0 -60.5 -60.5 -59.0 -59.0 -59.0 -59.5 -58.0 -59.0 -63.5 -62.5 -62.0 -63.0 -62.5 -63.5 -63.0 -64.0 
4.767612288748572 4.773748211900116 4.7307967498393175 4.9394181369917645 4.7307967498393175 4.73693267299086 4.828971520263998 4.71238898038469 4.81056375080937 4.921010367537137 4.841243366567084 5.056000676871073 1.6812429435226628 4.4976316700806995 4.884194828627882 4.663301595172349 4.970097752749477 5.289165756629691 5.890486225480862 5.5100589900852235 5.160311370447297 2.8409324191642074 5.810719224510809 5.773903685601553 5.712544454086128 5.730952223540755 5.853670686571607 5.786175531904639 5.589825991055276 5.681864838328415 6.160466844148735 5.190990986205009 5.497787143782138 5.816855147662351 5.209398755659637 5.289165756629691 5.006913291658733 4.773748211900116 4.718524903536232 4.767612288748572 4.896466674930966 4.865787059173254 
-65.0 -66.0 -66.0 -67.0 -66.0 -66.0 -65.5 -67.5 -67.0 -66.0 -67.5 -68.0 -68.5 -67.0 -67.0 -67.5 -66.0 -66.5 -63.5 -61.0 -64.0 -67.0 -67.0 -67.5 -66.0 -67.0 -66.0 -67.0 -67.0 -66.0 -73.5 -67.0 -63.0 -65.5 -62.5 -63.0 -64.0 -64.5 -64.0 -65.0 -66.0 -66.5 
