2.8532042654672924 2.945243112740431 3.0372819600135696 2.9575149590435164 2.9268353432858034 2.8102528034064944 2.767301341345697 2.8777479580734626 2.84706834231575 2.9329712664373457 2.9268353432858034 2.8716120349219203 2.773437264497239 2.9268353432858034 2.988194574801229 3.0250101137104846 2.9575149590435164 3.0802334220743677 3.1906800388021335 3.4177091954092087 3.816544200259475 3.6140587362585705 3.6999616603801666 3.7429131224409646 3.988350048502667 3.859495662320273 3.442252888015379 3.4177091954092087 3.5465635815916023 3.5833791205008576 3.448388811166921 3.6386024288647407 3.8533597391687304 3.9208548938356986 3.2949907323783574 3.227495577711389 3.3011266555298997 3.442252888015379 0.1380582709097077 3.0925052683774528 2.988194574801229 3.074097498922825 2.9697868053466014 3.184544115650591 3.227495577711389 
-62.5 -62.0 -63.0 -64.0 -63.0 -63.0 -63.0 -62.0 -63.0 -62.5 -62.5 -63.5 -63.0 -62.5 -62.5 -63.0 -62.5 -63.0 -63.5 -65.0 -63.0 -64.0 -64.5 -64.5 -65.0 -65.0 -64.0 -63.5 -65.0 -64.5 -65.0 -64.0 -67.0 -68.5 -66.5 -65.5 -62.5 -63.0 -66.0 -63.5 -64.5 -63.0 -63.5 -63.5 -62.0 
2.1046216409791 2.2457478734645786 2.086213871524472 2.000310947402876 2.141437179888355 2.1537090261914402 2.0923497946760143 2.1230294104337273 1.7671458676442586 1.9941750242513334 2.2518837966161214 2.110757564130642 2.172116795646068 2.141437179888355 2.0493983326152168 2.2457478734645786 2.1659808724945253 2.1230294104337273 2.3623304133438876 2.442097414313941 2.693670263527186 2.736621725587984 3.043417883165112 3.3195344249845276 3.3440781175906977 3.141592653589793 3.043417883165112 3.0127382674073995 3.0127382674073995 2.8716120349219203 3.0372819600135696 3.043417883165112 3.4054373491061236 3.3870295796514958 3.043417883165112 2.411417798556228 2.1537090261914402 2.1782527187976104 5.445631796994026 2.2027964114037806 2.012582793705961 2.086213871524472 2.1353012567368124 2.1659808724945253 2.1782527187976104 
-62.0 -62.0 -62.0 -63.0 -62.5 -62.5 -62.5 -62.5 -62.5 -62.5 -62.5 -62.5 -62.0 -62.5 -62.5 -63.0 -62.5 -63.5 -62.5 -61.5 -61.5 -62.0 -63.0 -63.0 -62.0 -61.5 -62.0 -62.5 -63.0 -62.5 -63.0 -62.0 -62.5 -64.5 -65.0 -66.0 -64.0 -63.5 -63.5 -63.0 -60.5 -61.5 -61.5 -61.5 -62.0 
0.7853981633974483 0.7792622402459057 0.7363107781851077 0.7485826244881929 0.705631162427395 0.7179030087304801 0.7485826244881929 0.7547185476397354 0.7792622402459057 0.7731263170943632 0.7731263170943632 0.7547185476397354 0.7669903939428205 0.7731263170943632 0.7731263170943632 0.8283496254582462 0.803805932852076 0.7976700097005334 0.8099418560036186 0.859029241215959 1.000155473701438 1.012427320004523 1.3069516312785663 1.4051264017032472 1.1044661672776617 1.030835089459151 1.0983302441261191 1.1044661672776617 1.043106935762236 1.030835089459151 1.055378782065321 1.0615147052168636 1.0062913968529805 1.1290098598838318 1.3989904785517047 1.2026409377023426 1.0369710126106935 1.141281706186917 1.0799224746714913 1.0062913968529805 0.9510680884890975 0.9633399347921826 1.000155473701438 1.030835089459151 1.012427320004523 
-50.5 -50.5 -50.5 -50.5 -50.5 -50.5 -50.5 -50.5 -50.5 -50.5 -50.5 -50.5 -50.5 -50.0 -50.5 -50.0 -50.0 -50.0 -51.0 -51.5 -52.5 -54.5 -54.5 -53.0 -51.5 -52.5 -54.0 -53.5 -53.5 -53.5 -53.5 -54.0 -53.0 -51.5 -54.0 -55.0 -53.0 -51.5 -51.5 -50.5 -50.0 -49.5 -49.5 -49.5 -49.5 
0.8897088569736719 0.8467573949128739 0.8283496254582462 0.8528933180644165 0.8406214717613314 0.8835729338221293 0.8528933180644165 0.8344855486097889 0.8651651643675016 0.8528933180644165 0.8406214717613314 0.8651651643675016 0.8713010875190442 0.8958447801252144 0.8651651643675016 0.8713010875190442 0.8344855486097889 0.9019807032767571 0.8774370106705868 0.9817477042468103 1.086058397823034 1.3989904785517047 1.5830681730979816 1.4848934026733007 1.2517283229146832 1.3008157081270237 1.3989904785517047 1.423534171157875 1.3867186322486196 1.3989904785517047 1.368310862793992 1.4296700943094176 1.2885438618239387 1.282407938672396 1.564660403643354 1.6382914814618648 1.4173982480063325 1.2701360923693108 1.1596894756415448 1.0921943209745766 1.0185632431560658 0.9633399347921826 1.000155473701438 0.9572040116406401 0.9940195505498954 
-51.0 -51.0 -51.5 -51.5 -51.0 -51.0 -51.5 -51.0 -51.0 -51.0 -51.0 -51.5 -51.0 -51.0 -51.0 -51.0 -51.0 -51.5 -51.5 -52.0 -51.5 -52.5 -51.5 -50.0 -50.0 -51.0 -51.0 -50.5 -50.5 -50.5 -50.5 -51.0 -50.5 -50.5 -50.5 -52.0 -53.5 -52.5 -52.5 -51.0 -50.5 -51.0 -51.0 -50.5 -50.5 
1.2026409377023426 1.3008157081270237 1.2333205534600555 1.2517283229146832 1.2640001692177683 1.3130875544301088 1.2026409377023426 1.1965050145508 1.325359400733194 1.2517283229146832 1.1535535524900022 1.2210487071569704 1.3008157081270237 1.184233168247715 1.239456476611598 1.3560390164909069 1.2455923997631406 1.3008157081270237 1.4051264017032472 1.6566992509164924 1.9512235621905356 2.1475731030398975 1.9573594853420782 1.7241944055834606 1.6444274046134073 1.6382914814618648 1.6751070203711202 1.6935147898257479 1.6935147898257479 1.7119225592803755 1.6566992509164924 1.7303303287350031 1.6505633277649499 1.7119225592803755 1.7732817907958012 2.1782527187976104 2.2948352586769194 2.1537090261914402 5.037592907416445 1.6321555583103222 1.533980787885641 1.6321555583103222 1.5033011721279284 1.4051264017032472 1.3867186322486196 
-56.5 -56.5 -56.5 -56.5 -57.0 -56.5 -56.5 -56.5 -57.0 -56.5 -56.5 -56.5 -56.0 -56.0 -56.0 -56.0 -56.0 -55.5 -56.5 -56.0 -55.0 -54.0 -50.0 -50.0 -52.0 -51.5 -52.5 -52.0 -52.5 -52.0 -52.0 -52.0 -52.0 -52.0 -51.0 -51.5 -56.0 -56.5 -58.5 -58.5 -59.0 -58.0 -58.0 -57.0 -57.5 
1.5155730184310134 1.5278448647340985 1.509437095279471 1.5155730184310134 1.576932249946439 1.521708941582556 1.552388557340269 1.5830681730979816 1.576932249946439 1.4848934026733007 1.533980787885641 1.5830681730979816 1.533980787885641 1.5155730184310134 1.533980787885641 1.5585244804918115 1.533980787885641 1.521708941582556 1.423534171157875 1.5155730184310134 1.736466251886546 2.141437179888355 1.9634954084936207 1.8162332528565992 2.030990563160589 2.1046216409791 1.9941750242513334 2.0064468705544187 2.055534255766759 2.061670178918302 2.024854640009046 2.0371264863121317 2.110757564130642 2.0800779483729293 2.000310947402876 2.110757564130642 2.1966604882522383 2.110757564130642 1.8990682154024239 1.6321555583103222 1.6505633277649499 1.6014759425526093 1.6137477888556946 1.5830681730979816 1.5953400194010667 
-55.5 -55.0 -55.5 -55.0 -55.5 -55.5 -55.5 -55.5 -55.5 -55.5 -55.0 -55.5 -55.0 -55.0 -54.5 -55.0 -55.0 -55.5 -56.0 -57.0 -56.5 -56.0 -53.0 -55.0 -56.0 -55.5 -56.0 -57.5 -56.5 -56.5 -56.5 -56.0 -56.5 -56.0 -54.5 -53.5 -54.0 -54.0 -55.5 -54.5 -54.5 -54.5 -55.0 -55.0 -54.5 
5.209398755659637 5.197126909356553 5.197126909356553 5.190990986205009 5.1725832167503825 5.129631754689584 5.148039524144211 5.013049214810275 4.988505522204105 4.890330751779424 5.160311370447297 5.123495831538041 5.1725832167503825 5.203262832508095 5.092816215780329 5.043728830567988 5.160311370447297 5.141903600992669 5.141903600992669 5.338253141842031 5.448699758569798 5.816855147662351 5.620505606812989 5.350524988145116 5.565282298449106 5.497787143782138 5.135767677841127 5.092816215780329 5.154175447295755 5.203262832508095 5.080544369477243 5.178719139901925 5.473243451175968 5.608233760509904 5.2339424482658075 5.841398840268521 5.970253226450915 5.878214379177777 5.546874528994478 5.50392306693368 5.43029198911517 5.393476450205914 5.43029198911517 5.393476450205914 
-64.0 -63.5 -64.0 -64.0 -63.0 -64.5 -64.5 -63.5 -63.5 -63.5 -64.5 -64.0 -62.5 -63.5 -63.5 -63.5 -63.0 -63.0 -63.0 -63.0 -62.0 -61.0 -56.5 -58.5 -58.5 -57.5 -58.0 -59.0 -60.0 -60.5 -60.0 -58.5 -58.5 -59.0 -60.0 -57.0 -60.5 -61.5 -62.0 -61.0 -61.5 -62.0 -62.0 -62.0 
4.522175362686871 4.71238898038469 4.767612288748572 4.632621979414636 4.8351074434155406 4.767612288748572 4.7860200582032 4.657165672020807 4.97623367590102 4.7860200582032 4.7307967498393175 4.675573441475434 4.957825906446392 4.755340442445488 4.798291904506286 4.718524903536232 4.4362724385652745 4.798291904506286 4.724660826687775 5.0253210611133605 5.295301679781233 5.743224069843841 5.442563835418255 4.853515212870168 6.000932842208628 5.663457068873787 5.6143696836614465 5.651185222570702 5.6941366846315 5.700272607783043 6.000932842208628 5.522330836388308 5.700272607783043 5.878214379177777 4.908738521234052 5.595961914206819 5.700272607783043 5.295301679781233 5.028389022689132 4.871922982324796 4.743068596142402 4.706253057233147 4.755340442445488 4.479223900626073 4.822835597112456 
-66.5 -66.0 -65.5 -66.5 -67.5 -66.5 -67.0 -66.0 -67.0 -66.0 -66.5 -66.5 -65.0 -66.0 -66.0 -65.0 -64.5 -65.0 -67.5 -67.0 -66.5 -64.5 -60.0 -64.0 -69.0 -64.5 -65.5 -66.0 -66.0 -66.5 -66.0 -65.5 -65.5 -72.5 -64.0 -63.0 -65.0 -62.5 -63.5 -62.5 -63.5 -64.5 -64.5 -64.0 -63.5 
