2.730485802436441 6.013204688511713 2.8440003807399785 2.9329712664373457 2.8838838812250054 2.9206994201342606 2.8716120349219203 2.779573187648782 2.9759227284981438 2.767301341345697 2.859340188618835 3.0925052683774528 3.08636934522591 3.313398501832985 6.2463697682703305 3.098641191528995 3.2827188860752723 3.2888548092268146 3.3072625786814425 0.36815538909255385 3.9699422790480394 4.1172044346850605 4.1417481272912315 3.6692820446224537 3.2765829629237295 3.215223731408304 3.3318062712876126 3.2704470397721868 3.1784081924990484 3.2029518851052186 3.822680123411018 4.000621894805752 4.000621894805752 0.16566992509164924 3.472932503773092 3.6263305825616556 0.12885438618239387 3.06182565261974 2.82252464970958 2.748893571891069 6.074563920027139 6.019340611663256 
-62.0 -63.0 -62.5 -62.5 -62.0 -62.5 -61.5 -61.0 -62.0 -61.0 -62.0 -61.5 -61.5 -62.0 -62.5 -61.0 -61.5 -63.0 -65.5 -67.5 -68.5 -65.5 -65.0 -63.5 -63.0 -63.5 -64.0 -64.5 -62.5 -62.0 -62.0 -65.5 -67.0 -69.0 -63.0 -63.0 -65.5 -63.0 -63.0 -63.0 -63.5 -63.5 
1.9512235621905356 2.141437179888355 2.116893487282185 5.344389064993574 2.3071071049800045 5.344389064993574 2.2027964114037806 2.024854640009046 2.3009711818284617 2.0923497946760143 2.000310947402876 2.067806102069844 2.067806102069844 2.1475731030398975 2.0493983326152168 5.424156065963627 2.098485717827557 2.061670178918302 2.313243028131547 2.6998061866787286 5.875146417602005 2.8409324191642074 3.043417883165112 3.1784081924990484 3.0250101137104846 2.9145634969827183 2.8102528034064944 2.7857091108003242 2.8961557275280905 2.804116880254952 3.0066023442558567 3.117048960983623 3.2029518851052186 3.2213596545598464 2.791845033951867 5.767767762450011 2.5954954931025047 2.350058567040802 5.307573526084319 2.227340104009951 1.8653206380689396 1.6444274046134073 1.9144080232812801 5.2768939103266055 1.9082721001297376 1.9266798695843652 
-64.0 -64.0 -62.0 -64.5 -62.5 -64.0 -63.0 -62.5 -62.0 -63.0 -63.0 -62.0 -62.0 -62.5 -62.5 -62.5 -61.5 -61.5 -63.5 -62.5 -63.5 -64.0 -63.0 -63.0 -63.0 -62.0 -62.0 -62.0 -62.5 -62.0 -62.5 -62.5 -64.5 -64.5 -63.0 -65.5 -63.0 -63.0 -63.5 -61.5 -63.0 -63.5 -63.0 -64.5 -63.5 -64.0 
0.6565437772150544 0.662679700366597 0.7179030087304801 0.7516505860639642 0.7976700097005334 0.8222137023067037 0.8222137023067037 0.8528933180644165 0.8897088569736719 0.9326603190344698 0.944932165337555 1.000155473701438 0.9817477042468103 1.043106935762236 1.1044661672776617 4.285942321352481 1.1044661672776617 1.1106020904292042 1.1351457830353744 1.0921943209745766 1.0952622825503477 1.423534171157875 1.3867186322486196 1.1106020904292042 1.0799224746714913 1.1535535524900022 1.0737865515199487 1.030835089459151 1.0062913968529805 1.0492428589137786 1.0615147052168636 0.8897088569736719 1.0737865515199487 1.3621749396424494 1.227184630308513 1.1044661672776617 1.086058397823034 1.1290098598838318 0.9387962421860124 0.7976700097005334 0.7117670855789375 0.6749515466696822 0.6810874698212247 0.6810874698212247 0.6688156235181395 0.6320000846088841 
-51.0 -50.5 -50.5 -50.5 -50.5 -50.5 -50.0 -50.0 -49.5 -49.5 -49.5 -49.5 -49.5 -49.0 -49.0 -50.0 -49.5 -49.5 -51.0 -54.0 -57.0 -55.0 -52.5 -52.0 -54.0 -54.0 -54.0 -53.5 -53.5 -54.0 -55.0 -55.0 -51.0 -51.5 -53.5 -54.5 -53.0 -52.0 -52.5 -53.0 -53.5 -53.0 -52.5 -52.0 -52.0 -52.0 
0.8406214717613314 0.8467573949128739 0.859029241215959 0.8927768185494431 0.8897088569736719 0.8835729338221293 0.9265243958829272 0.9203884727313847 0.9510680884890975 0.9940195505498954 1.012427320004523 1.0676506283684062 1.086058397823034 1.1351457830353744 1.1351457830353744 1.1719613219446299 1.1351457830353744 1.1596894756415448 1.1596894756415448 1.2517283229146832 1.3989904785517047 1.6751070203711202 1.4910293258248433 1.4173982480063325 1.4971652489763858 1.5033011721279284 1.423534171157875 1.3928545554001621 1.3314953238847365 1.3192234775816514 1.3130875544301088 1.2578642460662257 1.2578642460662257 1.4051264017032472 1.4296700943094176 1.4480778637640452 1.3314953238847365 1.239456476611598 1.0983302441261191 0.9817477042468103 0.944932165337555 0.8713010875190442 0.9633399347921826 0.8344855486097889 0.8835729338221293 0.8774370106705868 
-52.0 -51.5 -51.5 -52.0 -51.0 -51.0 -51.0 -51.0 -50.5 -50.5 -50.0 -50.0 -50.0 -50.0 -50.0 -50.5 -50.0 -49.5 -50.5 -51.0 -53.0 -51.5 -50.5 -51.0 -51.5 -51.0 -50.5 -50.5 -50.0 -50.5 -50.0 -50.5 -50.0 -50.5 -50.5 -50.5 -51.5 -51.5 -51.5 -51.0 -51.5 -51.5 -51.5 -52.0 -52.0 -52.0 
1.325359400733194 1.325359400733194 1.337631247036279 1.3744467859455345 1.3560390164909069 1.3192234775816514 1.2087768608538851 1.3008157081270237 1.3437671701878218 1.4296700943094176 1.4603497100671303 1.4419419406125027 1.3621749396424494 1.41126232485479 1.4173982480063325 1.4848934026733007 1.4358060174609601 1.5155730184310134 1.6812429435226628 2.055534255766759 5.629709491540303 2.061670178918302 1.7241944055834606 1.736466251886546 1.7241944055834606 1.761009944492716 1.7548740213411735 1.705786636128833 1.718058482431918 1.662835174068035 1.5892040962495242 1.5462526341887264 1.5033011721279284 1.6198837120072371 1.8223691760081417 1.9819031779482483 2.1353012567368124 2.1659808724945253 1.9757672547967058 1.8039614065535141 1.5401167110371838 1.6505633277649499 1.6751070203711202 1.5155730184310134 1.5278448647340985 1.6014759425526093 
-57.0 -56.5 -56.5 -57.0 -56.5 -56.5 -56.5 -57.0 -56.5 -56.5 -57.0 -56.0 -56.5 -57.0 -56.5 -57.0 -56.5 -57.5 -59.5 -60.5 -59.0 -52.5 -52.0 -52.5 -52.0 -53.0 -53.0 -53.5 -53.5 -53.0 -53.0 -53.0 -52.5 -51.5 -50.0 -51.0 -53.5 -54.5 -56.0 -58.0 -59.0 -59.0 -59.5 -59.0 -59.0 -59.0 
1.533980787885641 1.5033011721279284 1.4296700943094176 4.693981210930062 1.4971652489763858 1.576932249946439 1.5278448647340985 1.607611865704152 1.6014759425526093 1.5707963267948966 1.6689710972195777 1.7426021750380885 1.564660403643354 1.6382914814618648 1.7303303287350031 1.8039614065535141 1.736466251886546 1.6505633277649499 1.7426021750380885 1.8837284075235674 2.2641556429192065 2.141437179888355 2.0800779483729293 2.1046216409791 2.1475731030398975 2.098485717827557 2.1659808724945253 2.1537090261914402 2.1230294104337273 2.061670178918302 2.0371264863121317 2.1046216409791 1.9266798695843652 1.9144080232812801 2.012582793705961 1.9880391010997909 1.9757672547967058 1.9082721001297376 1.8775924843720249 1.761009944492716 1.5462526341887264 1.6812429435226628 1.6321555583103222 1.5462526341887264 1.552388557340269 1.4910293258248433 
-56.5 -56.0 -56.0 -56.5 -55.5 -55.5 -55.5 -55.5 -55.0 -54.5 -54.0 -54.0 -53.5 -53.5 -53.5 -54.0 -53.5 -53.5 -55.0 -55.5 -56.0 -54.0 -55.0 -55.0 -55.5 -56.0 -56.5 -56.5 -55.5 -56.0 -56.0 -56.0 -56.5 -53.5 -53.5 -53.5 -52.5 -52.5 -54.0 -55.0 -55.5 -55.5 -56.0 -56.5 -57.0 -57.0 
5.246214294568893 5.393476450205914 5.301437602932776 5.283029833478148 5.2339424482658075 5.368932757599744 5.289165756629691 5.3198453723874035 5.344389064993574 5.240078371417351 5.270757987175063 5.295301679781233 5.203262832508095 5.3198453723874035 5.350524988145116 5.283029833478148 5.344389064993574 5.442563835418255 5.626641529964532 5.853670686571607 6.034680419542112 5.724816300389213 5.485515297479052 5.577554144752192 5.50392306693368 5.344389064993574 5.197126909356553 5.264622064023521 5.313709449235861 5.270757987175063 5.129631754689584 5.209398755659637 5.203262832508095 5.203262832508095 5.436427912266712 5.64504929941916 5.822991070813893 5.6143696836614465 5.522330836388308 5.583690067903734 5.344389064993574 5.516194913236766 5.546874528994478 5.448699758569798 5.553010452146021 5.50392306693368 
-60.5 -60.5 -61.0 -61.5 -60.5 -60.5 -61.0 -61.0 -61.0 -61.0 -61.0 -60.5 -60.0 -59.5 -60.0 -60.5 -60.0 -59.5 -60.5 -61.5 -61.5 -55.5 -59.0 -58.0 -57.5 -59.0 -59.5 -60.0 -60.0 -60.0 -60.0 -59.0 -59.0 -58.5 -57.0 -57.0 -60.0 -61.5 -61.5 -61.5 -61.0 -61.0 -60.5 -60.0 -60.0 -60.5 
4.779884135051658 4.792155981354743 5.00077736850719 4.853515212870168 4.970097752749477 4.921010367537137 5.031456984264903 4.565126824747668 4.755340442445488 4.779884135051658 4.865787059173254 4.878058905476339 4.95168998329485 4.957825906446392 4.822835597112456 4.942486098567536 4.896466674930966 4.890330751779424 5.117359908386499 5.197126909356553 2.435961491162398 5.160311370447297 4.890330751779424 5.6143696836614465 5.540738605842936 5.350524988145116 5.350524988145116 5.5100589900852235 5.5284667595398505 5.626641529964532 5.424156065963627 5.632777453116074 6.043884304269426 1.9819031779482483 5.559146375297564 5.356660911296659 5.350524988145116 5.270757987175063 5.166447293598839 5.141903600992669 5.105088062083414 4.92714629068868 5.056000676871073 5.117359908386499 4.914874444385594 
-65.0 -66.5 -64.5 -66.0 -64.5 -63.5 -63.0 -63.0 -62.0 -62.5 -61.5 -60.5 -60.0 -60.5 -60.0 -60.5 -59.5 -60.0 -61.0 -61.0 -64.5 -60.0 -65.0 -69.0 -63.0 -64.0 -65.0 -65.5 -65.5 -66.0 -64.0 -63.0 -70.0 -67.5 -61.0 -61.5 -61.5 -62.5 -64.5 -64.5 -66.5 -66.5 -66.0 -66.0 -67.5 
