2.325514874434632 2.3623304133438876 2.3930100291016 2.4850488763747385 2.429825568010856 2.3009711818284617 2.36846633649543 2.454369260617026 2.405281875404685 2.6016314162540475 2.5157284921324514 2.6016314162540475 2.521864415283994 2.386874105950058 2.454369260617026 2.4911847995262812 2.497320722677824 2.4850488763747385 2.454369260617026 2.521864415283994 2.748893571891069 6.129787228391022 2.9943304979527716 6.22182607566416 3.423845118560751 3.098641191528995 6.019340611663256 2.4727770300716534 2.8532042654672924 2.816388726558037 2.9636508821950587 2.9513790358919736 2.834796496012665 5.970253226450915 2.84706834231575 3.018874190558942 2.84706834231575 3.2704470397721868 3.9699422790480394 0.705631162427395 0.3374757733348411 
-67.5 -67.0 -67.5 -68.5 -68.0 -68.0 -67.5 -68.0 -67.5 -67.5 -68.0 -68.5 -68.0 -68.0 -68.5 -67.5 -69.0 -67.5 -68.0 -67.0 -67.5 -67.0 -65.5 -65.5 -59.5 -60.5 -65.5 -67.0 -67.5 -68.5 -67.5 -68.5 -68.0 -69.0 -65.5 -64.0 -63.5 -62.0 -65.0 -71.5 -69.5 
1.5155730184310134 1.4173982480063325 1.4358060174609601 1.4051264017032472 1.5155730184310134 1.533980787885641 1.533980787885641 1.521708941582556 1.6812429435226628 1.6444274046134073 1.5707963267948966 1.239456476611598 1.6198837120072371 1.662835174068035 1.4787574795217582 1.4542137869155878 1.6321555583103222 1.2885438618239387 1.533980787885641 1.552388557340269 1.6260196351587797 1.7794177139473437 1.8100973297050567 1.748738098189631 4.933282213840222 1.1596894756415448 0.4479223900626072 6.2034183062095325 2.405281875404685 1.8346410223112268 1.6382914814618648 1.6444274046134073 1.552388557340269 1.5953400194010667 1.7426021750380885 2.270291566070749 2.9391071895888885 4.595806440505381 1.5278448647340985 1.3130875544301088 1.3314953238847365 1.552388557340269 1.564660403643354 
-65.0 -65.0 -65.5 -65.5 -65.5 -66.0 -66.0 -66.0 -66.5 -66.0 -66.0 -66.0 -66.0 -66.5 -66.5 -67.0 -65.5 -66.0 -66.0 -66.0 -66.5 -66.5 -66.5 -67.0 -67.5 -75.5 -66.5 -64.5 -63.0 -62.0 -62.5 -62.5 -61.5 -62.0 -61.0 -62.5 -64.0 -67.0 -66.5 -65.0 -64.0 -61.5 -62.0 
0.9387962421860124 0.9326603190344698 0.9326603190344698 0.9265243958829272 0.944932165337555 0.8774370106705868 0.9081166264282996 0.859029241215959 0.9326603190344698 0.9081166264282996 0.9019807032767571 0.8958447801252144 0.9019807032767571 0.9081166264282996 0.9019807032767571 0.8835729338221293 0.9265243958829272 0.9081166264282996 0.9203884727313847 0.9633399347921826 1.000155473701438 0.9878836273983529 1.000155473701438 0.944932165337555 0.9878836273983529 0.8958447801252144 0.859029241215959 0.9081166264282996 0.8344855486097889 1.0062913968529805 1.0246991663076084 1.0369710126106935 0.9203884727313847 1.030835089459151 1.043106935762236 1.030835089459151 0.9878836273983529 1.0492428589137786 1.0062913968529805 1.1290098598838318 1.227184630308513 1.030835089459151 0.8897088569736719 1.0615147052168636 1.0615147052168636 1.0492428589137786 1.1290098598838318 1.141281706186917 
-49.0 -49.0 -49.0 -49.0 -49.0 -49.0 -48.5 -49.0 -49.0 -49.0 -49.0 -49.0 -48.5 -49.0 -49.0 -49.0 -49.0 -48.5 -48.5 -48.5 -48.5 -48.5 -48.5 -48.5 -48.0 -48.5 -48.0 -49.0 -50.0 -51.0 -50.0 -50.0 -51.0 -51.5 -51.5 -52.0 -52.0 -51.5 -50.5 -50.0 -51.0 -51.5 -50.5 -49.0 -49.0 -48.0 -48.5 -49.0 
0.9510680884890975 0.9817477042468103 0.9387962421860124 0.9756117810952678 0.9633399347921826 0.9694758579437253 0.9878836273983529 0.9694758579437253 0.9510680884890975 0.9878836273983529 0.9633399347921826 0.944932165337555 0.9817477042468103 0.9510680884890975 0.9940195505498954 0.9694758579437253 0.9878836273983529 0.9694758579437253 0.9940195505498954 0.9817477042468103 0.9878836273983529 1.0062913968529805 1.0246991663076084 0.9940195505498954 0.9817477042468103 0.9265243958829272 0.8958447801252144 1.1106020904292042 1.214912784005428 1.1658253987930873 1.2885438618239387 1.3069516312785663 1.4296700943094176 1.380582709097077 1.368310862793992 1.3621749396424494 1.4358060174609601 1.509437095279471 1.4296700943094176 1.2885438618239387 1.4664856332186729 1.4419419406125027 1.1780972450961724 1.0921943209745766 1.0062913968529805 0.9694758579437253 1.043106935762236 1.0921943209745766 
-51.0 -51.0 -51.0 -51.0 -51.0 -51.0 -51.0 -51.0 -51.5 -51.0 -51.0 -51.0 -51.0 -51.5 -51.0 -51.0 -51.0 -51.0 -51.0 -51.0 -50.5 -50.5 -50.5 -50.5 -50.5 -51.0 -51.0 -51.0 -51.0 -51.0 -49.5 -50.0 -50.0 -50.0 -50.5 -50.0 -49.5 -50.0 -51.0 -49.5 -50.0 -51.5 -52.0 -51.0 -51.0 -50.5 -50.0 -50.5 
1.5953400194010667 1.576932249946439 1.5707963267948966 1.5892040962495242 1.5892040962495242 1.5707963267948966 1.576932249946439 1.5707963267948966 1.5707963267948966 1.576932249946439 1.5585244804918115 1.5585244804918115 1.5585244804918115 1.5707963267948966 1.564660403643354 1.5278448647340985 1.5155730184310134 1.5462526341887264 1.564660403643354 1.521708941582556 1.4971652489763858 1.4173982480063325 1.4419419406125027 1.2946797849754812 1.3560390164909069 1.214912784005428 1.2762720155208536 1.6812429435226628 1.7119225592803755 1.5278448647340985 1.509437095279471 1.6260196351587797 1.7855536370988863 1.8346410223112268 1.902136176978195 1.8837284075235674 1.8837284075235674 1.8960002538266525 1.8100973297050567 1.6566992509164924 1.6321555583103222 1.7794177139473437 1.7916895602504288 1.8100973297050567 1.662835174068035 1.3560390164909069 1.3437671701878218 1.3437671701878218 
-48.5 -48.5 -48.5 -48.5 -48.5 -48.5 -48.5 -48.5 -48.5 -49.0 -48.5 -48.5 -48.5 -48.5 -48.5 -49.0 -48.5 -48.5 -49.0 -48.5 -48.5 -48.5 -48.5 -48.5 -49.0 -50.0 -51.5 -49.5 -48.5 -48.0 -49.5 -50.5 -49.5 -49.5 -49.5 -49.5 -49.5 -50.0 -50.5 -50.0 -48.5 -47.0 -48.5 -49.5 -51.0 -51.5 -50.0 -49.5 
1.8162332528565992 1.7978254834019713 1.8100973297050567 1.8100973297050567 1.7855536370988863 1.7978254834019713 1.7732817907958012 1.7978254834019713 1.7671458676442586 1.7794177139473437 1.7732817907958012 1.7732817907958012 1.761009944492716 1.7732817907958012 1.7548740213411735 1.7794177139473437 1.7548740213411735 1.7794177139473437 1.7732817907958012 1.7855536370988863 1.7794177139473437 1.761009944492716 1.7303303287350031 1.718058482431918 1.6566992509164924 1.5462526341887264 1.564660403643354 1.9941750242513334 2.067806102069844 1.9266798695843652 1.9941750242513334 2.055534255766759 2.1659808724945253 2.2457478734645786 2.3009711818284617 2.3193789512830896 2.2948352586769194 2.282563412373834 2.1475731030398975 2.1353012567368124 2.000310947402876 2.098485717827557 2.1782527187976104 2.073942025221387 1.7548740213411735 1.6444274046134073 1.6505633277649499 1.7794177139473437 
-51.5 -51.5 -51.0 -51.0 -51.0 -51.5 -51.0 -51.5 -51.5 -52.0 -52.0 -51.5 -51.5 -51.5 -51.5 -51.5 -51.5 -51.5 -51.5 -51.5 -51.5 -51.0 -51.0 -51.0 -51.5 -53.0 -55.0 -52.5 -51.5 -52.0 -51.5 -52.0 -52.5 -52.0 -52.0 -52.0 -52.5 -52.5 -51.5 -52.0 -52.5 -50.0 -51.0 -53.5 -54.0 -53.0 -52.0 -51.0 
4.522175362686871 4.546719055293041 4.424000592262189 4.528311285838413 4.479223900626073 4.442408361716817 4.509903516383785 4.466952054322987 4.442408361716817 4.503767593232243 4.399456899656019 4.442408361716817 4.448544284868359 4.509903516383785 4.516039439535327 4.466952054322987 4.473087977474529 4.516039439535327 4.460816131171445 4.454680208019902 4.534447208989955 4.387185053352934 4.442408361716817 4.657165672020807 5.8045833013592665 5.884350302329319 5.939573610693203 5.424156065963627 5.565282298449106 5.632777453116074 5.8659425328746915 5.859806609723149 5.835262917116979 5.872078456026235 5.829126993965437 5.921165841238575 5.706408530934585 6.019340611663256 5.105088062083414 5.602097837358362 6.019340611663256 5.988660995905543 5.970253226450915 4.890330751779424 
-60.5 -60.0 -60.5 -60.0 -60.0 -60.0 -60.5 -60.5 -61.0 -60.5 -60.5 -60.5 -60.5 -60.0 -60.5 -61.0 -60.5 -60.0 -60.5 -60.5 -60.5 -61.0 -61.5 -61.5 -63.5 -60.0 -57.0 -57.0 -59.0 -59.5 -58.0 -58.5 -59.0 -59.5 -59.0 -58.0 -59.0 -58.5 -58.0 -56.0 -55.5 -58.0 -59.5 -65.5 
4.902602598082509 4.865787059173254 4.847379289718626 4.841243366567084 4.749204519293945 4.798291904506286 4.841243366567084 4.9394181369917645 4.749204519293945 4.816699673960914 4.7307967498393175 4.847379289718626 4.7860200582032 4.798291904506286 4.743068596142402 4.700117134081604 4.798291904506286 4.933282213840222 4.473087977474529 4.663301595172349 4.7860200582032 4.779884135051658 5.074408446325701 4.773748211900116 1.932815792735908 2.3623304133438876 6.14819499784565 2.6875343403756435 6.22182607566416 5.93343768754166 0.14726215563702155 0.01227184630308513 6.2034183062095325 6.1420590746941075 6.2034183062095325 0.14726215563702155 0.32520392703175593 0.15339807878856412 0.2699806186678728 5.921165841238575 6.025476534814799 6.068427996875596 5.4671075280244255 
-65.0 -65.5 -66.0 -66.0 -66.0 -66.5 -66.0 -66.0 -65.5 -66.0 -66.0 -65.5 -65.5 -67.0 -66.0 -66.5 -65.5 -66.0 -66.5 -65.5 -65.5 -64.0 -63.5 -63.0 -66.5 -74.5 -67.0 -60.0 -66.0 -61.0 -65.5 -62.0 -62.0 -61.5 -62.5 -62.5 -63.5 -65.0 -64.0 -60.0 -61.5 -64.0 -63.5 
