3.0372819600135696 2.9268353432858034 3.098641191528995 6.163534805724506 2.8777479580734626 3.043417883165112 2.9022916506796332 3.227495577711389 2.8838838812250054 2.9145634969827183 2.9084275738311756 3.098641191528995 2.9084275738311756 2.9820586516496865 3.000466421104314 2.9329712664373457 0.4172427743048944 3.761320891895592 3.6386024288647407 4.000621894805752 0.5951845456996288 3.8533597391687304 3.466796580621549 3.2765829629237295 3.2704470397721868 3.472932503773092 3.6324665057131984 4.276738436625168 0.25157284921324513 2.9084275738311756 3.141592653589793 3.6386024288647407 2.988194574801229 
-62.5 -63.0 -62.5 -64.0 -62.0 -63.0 -63.5 -63.5 -62.5 -62.5 -63.0 -63.0 -63.0 -63.5 -64.5 -64.5 -68.0 -64.0 -69.0 -65.0 -66.0 -64.5 -65.0 -64.0 -65.5 -63.5 -63.5 -66.0 -68.5 -67.0 -65.0 -62.5 -63.5 
2.141437179888355 2.3071071049800045 2.055534255766759 2.1046216409791 2.1598449493429825 2.110757564130642 2.0493983326152168 5.375068680751287 2.073942025221387 2.061670178918302 2.2027964114037806 2.141437179888355 2.2886993355253766 2.0800779483729293 2.000310947402876 2.2027964114037806 2.018718716857504 2.1046216409791 2.141437179888355 2.2334760271614935 2.1905245651006955 2.337786720737717 2.405281875404685 2.435961491162398 2.6875343403756435 2.816388726558037 3.074097498922825 2.9145634969827183 3.11091303783208 2.6261751088602177 2.5464081078901644 2.4911847995262812 5.780039608753096 2.4850488763747385 2.675262494072558 2.9759227284981438 0.2699806186678728 2.859340188618835 2.0493983326152168 2.073942025221387 2.067806102069844 2.2764274892222915 2.061670178918302 2.061670178918302 
-62.5 -62.5 -62.5 -62.0 -62.5 -63.0 -63.0 -63.5 -62.5 -63.0 -63.0 -62.0 -62.5 -62.0 -63.0 -62.5 -62.5 -61.0 -61.0 -63.0 -63.0 -62.5 -62.0 -61.5 -61.0 -62.0 -63.5 -62.0 -62.5 -61.5 -62.0 -62.0 -63.0 -61.0 -61.5 -62.5 -67.0 -66.0 -64.0 -63.0 -61.5 -62.0 -63.0 -61.5 
0.8897088569736719 0.8713010875190442 0.9019807032767571 0.8958447801252144 0.9019807032767571 0.8774370106705868 0.8897088569736719 0.8989127417009857 0.8958447801252144 0.8713010875190442 0.9265243958829272 0.9081166264282996 0.9265243958829272 0.9142525495798421 0.9142525495798421 0.9019807032767571 0.9326603190344698 0.9326603190344698 0.9633399347921826 0.944932165337555 0.944932165337555 0.9387962421860124 0.9756117810952678 1.1106020904292042 1.0799224746714913 1.141281706186917 1.3989904785517047 1.2640001692177683 1.0185632431560658 1.0492428589137786 1.0492428589137786 1.0246991663076084 4.224583089837056 1.0615147052168636 1.030835089459151 0.9633399347921826 1.043106935762236 1.4296700943094176 1.3744467859455345 0.9940195505498954 1.0185632431560658 1.1106020904292042 0.9940195505498954 0.8835729338221293 
-50.0 -49.5 -49.5 -49.5 -50.0 -49.5 -50.0 -50.5 -50.0 -50.0 -49.5 -49.5 -49.5 -49.5 -49.5 -49.5 -49.5 -49.5 -49.5 -49.5 -49.0 -50.0 -50.5 -52.0 -55.0 -55.0 -53.5 -51.0 -51.5 -53.5 -53.5 -53.5 -54.0 -53.0 -53.5 -54.0 -51.5 -51.5 -54.0 -53.0 -51.0 -51.0 -50.5 -51.0 
0.9756117810952678 0.9203884727313847 0.9387962421860124 0.9572040116406401 0.9510680884890975 0.9203884727313847 0.9510680884890975 0.9572040116406401 0.944932165337555 0.944932165337555 0.9572040116406401 0.9572040116406401 0.9694758579437253 0.9572040116406401 0.9756117810952678 0.944932165337555 0.9510680884890975 1.000155473701438 0.9633399347921826 0.9756117810952678 0.944932165337555 0.9326603190344698 0.9326603190344698 1.1167380135807468 1.3130875544301088 1.5401167110371838 1.5953400194010667 1.368310862793992 1.2946797849754812 1.3621749396424494 1.3928545554001621 1.3744467859455345 1.3959225169759335 1.3867186322486196 1.3867186322486196 1.337631247036279 1.2578642460662257 1.3437671701878218 1.4848934026733007 1.3928545554001621 1.214912784005428 1.1596894756415448 1.012427320004523 0.9326603190344698 
-51.0 -51.0 -51.0 -50.5 -51.0 -51.0 -51.0 -51.5 -51.0 -50.5 -50.5 -50.5 -50.5 -50.5 -50.5 -50.5 -50.5 -50.5 -50.5 -50.5 -51.0 -51.0 -51.0 -51.0 -51.5 -52.0 -50.5 -50.0 -50.5 -51.0 -50.0 -50.0 -50.5 -50.0 -50.0 -50.5 -50.5 -49.5 -51.0 -52.0 -51.5 -51.0 -50.5 -51.0 
1.1351457830353744 1.141281706186917 1.1290098598838318 1.1596894756415448 1.184233168247715 1.141281706186917 1.1351457830353744 1.205708899278114 1.1658253987930873 1.2087768608538851 1.1474176293384597 1.214912784005428 1.1965050145508 1.227184630308513 1.239456476611598 1.1965050145508 1.227184630308513 1.227184630308513 1.2026409377023426 1.2333205534600555 1.239456476611598 1.282407938672396 1.4296700943094176 1.8714565612204823 2.2334760271614935 2.172116795646068 1.8407769454627694 1.6566992509164924 1.662835174068035 1.6198837120072371 1.6873788666742053 1.6689710972195777 1.684310905098434 1.6812429435226628 1.607611865704152 1.6321555583103222 1.564660403643354 1.5892040962495242 1.7855536370988863 1.9205439464328227 1.932815792735908 1.9205439464328227 1.5278448647340985 1.5033011721279284 
-56.5 -56.5 -57.0 -56.5 -56.5 -56.0 -57.0 -57.5 -57.0 -56.5 -56.0 -56.5 -56.5 -56.5 -56.5 -56.5 -56.0 -56.5 -56.0 -55.5 -55.5 -56.0 -56.5 -57.0 -56.5 -53.5 -50.0 -51.5 -51.5 -51.5 -51.5 -52.0 -53.0 -52.0 -52.0 -52.5 -52.5 -51.0 -49.5 -52.5 -55.0 -54.5 -57.0 -57.5 
1.521708941582556 1.521708941582556 1.6014759425526093 1.5155730184310134 1.5830681730979816 1.509437095279471 1.5278448647340985 1.5677283652191252 1.509437095279471 1.607611865704152 1.5033011721279284 1.6566992509164924 1.5892040962495242 1.564660403643354 1.5462526341887264 1.564660403643354 1.5585244804918115 1.4787574795217582 1.5830681730979816 1.6014759425526093 1.4971652489763858 1.4664856332186729 1.4787574795217582 1.662835174068035 1.9880391010997909 2.1782527187976104 1.8714565612204823 1.9573594853420782 1.9819031779482483 1.9941750242513334 1.9144080232812801 1.945087639038993 2.089281833100243 2.018718716857504 1.945087639038993 1.9573594853420782 2.086213871524472 1.88986433067511 1.9819031779482483 2.1353012567368124 2.1475731030398975 2.0800779483729293 1.7303303287350031 1.6505633277649499 
-55.0 -55.0 -54.5 -55.0 -54.5 -55.0 -55.5 -55.5 -55.0 -55.5 -54.0 -54.5 -54.5 -54.5 -54.5 -54.0 -54.5 -54.0 -54.5 -55.0 -54.5 -55.0 -55.0 -55.5 -56.0 -53.5 -54.5 -55.0 -55.0 -54.5 -56.0 -56.0 -56.5 -55.5 -56.0 -55.0 -55.5 -54.5 -53.5 -52.5 -53.0 -53.0 -55.0 -55.0 
5.301437602932776 5.43029198911517 5.3198453723874035 5.356660911296659 5.350524988145116 5.270757987175063 5.338253141842031 5.316777410811632 5.246214294568893 5.436427912266712 5.338253141842031 5.258486140871978 5.313709449235861 5.246214294568893 5.3198453723874035 5.313709449235861 5.227806525114265 5.221670601962723 5.2768939103266055 5.227806525114265 5.344389064993574 5.307573526084319 5.325981295538946 5.405748296509 5.829126993965437 5.8475347634200645 5.546874528994478 5.577554144752192 5.540738605842936 5.368932757599744 5.2339424482658075 5.307573526084319 5.230874486690037 5.246214294568893 5.049864753719531 5.295301679781233 5.393476450205914 5.246214294568893 5.184855063053467 5.730952223540755 5.589825991055276 5.381204603902829 5.313709449235861 5.246214294568893 
-61.5 -61.5 -61.0 -61.0 -61.5 -61.5 -61.0 -62.0 -61.0 -60.5 -61.5 -61.0 -61.5 -61.0 -61.5 -61.5 -60.5 -61.0 -61.5 -61.0 -61.5 -60.5 -61.0 -61.0 -60.5 -56.0 -55.5 -57.5 -56.5 -57.0 -58.0 -59.5 -60.5 -60.0 -59.0 -58.0 -58.0 -58.0 -57.0 -57.5 -61.0 -60.5 -59.5 -60.5 
4.773748211900116 4.767612288748572 4.779884135051658 4.859651136021712 4.626486056263094 4.921010367537137 4.828971520263998 1.5922720578252956 4.7307967498393175 4.853515212870168 4.773748211900116 4.779884135051658 4.779884135051658 4.853515212870168 4.577398671050753 4.724660826687775 4.92714629068868 4.8351074434155406 4.871922982324796 4.779884135051658 4.6448938257177215 4.871922982324796 4.755340442445488 5.123495831538041 5.375068680751287 5.497787143782138 5.062136600022616 5.129631754689584 5.8475347634200645 5.5284667595398505 5.534602682691394 5.491651220630596 2.3101750665557756 5.559146375297564 5.485515297479052 5.418020142812084 5.810719224510809 1.88986433067511 5.608233760509904 5.540738605842936 5.350524988145116 5.154175447295755 4.994641445355648 
-63.5 -63.5 -63.5 -63.5 -63.0 -62.5 -64.0 -64.0 -62.5 -63.0 -62.0 -62.5 -62.5 -63.0 -62.0 -62.5 -62.0 -62.5 -62.5 -62.0 -63.0 -63.0 -64.0 -63.5 -63.0 -61.0 -60.0 -64.0 -65.5 -63.0 -64.0 -63.5 -65.5 -65.0 -65.5 -63.0 -66.0 -64.0 -61.5 -62.0 -60.5 -62.0 -65.0 
