2.9759227284981438 2.742757648739526 6.19728238305799 6.191146459906448 3.0495538063166547 3.06182565261974 2.9268353432858034 3.06182565261974 3.0066023442558567 2.9513790358919736 3.0372819600135696 3.067961575771282 2.8716120349219203 3.3502140407422405 3.000466421104314 3.0802334220743677 3.11091303783208 3.1231848841351653 3.1784081924990484 0.3865631585471816 3.767456815047135 3.552699504743145 4.080388895775806 3.9576704327449543 3.9085830475326135 3.6263305825616556 3.3072625786814425 3.2949907323783574 3.1968159619536762 3.399301425954581 3.5772431973493153 3.6815538909255388 0.8467573949128739 3.834951969714103 3.215223731408304 3.043417883165112 0.39269908169872414 6.0991076126333095 6.105243535784852 2.9206994201342606 
-61.5 -63.0 -63.5 -63.5 -62.5 -62.5 -62.0 -62.0 -62.0 -61.0 -62.5 -62.5 -62.5 -62.5 -62.5 -62.0 -62.0 -62.5 -63.5 -68.0 -67.0 -65.0 -68.0 -66.0 -65.5 -63.5 -63.0 -63.0 -63.5 -63.5 -63.0 -65.0 -69.0 -69.0 -67.5 -65.0 -64.0 -66.5 -65.5 -65.0 
1.9205439464328227 2.061670178918302 2.0064468705544187 2.024854640009046 1.9205439464328227 2.1046216409791 2.0493983326152168 1.9512235621905356 2.0923497946760143 2.018718716857504 2.1659808724945253 1.7671458676442586 1.6505633277649499 1.9634954084936207 2.1230294104337273 2.018718716857504 2.0800779483729293 1.945087639038993 2.36846633649543 2.552544031041707 2.662990647769473 2.693670263527186 3.018874190558942 3.160000423044421 3.043417883165112 2.8838838812250054 2.84706834231575 2.7120780329818137 2.3439226438892597 2.564815877344792 2.7857091108003242 3.104777114680538 3.436116964863836 0.02761165418194154 2.6691265709210157 2.2948352586769194 2.423689644859313 1.9634954084936207 1.932815792735908 1.846912868614312 1.9082721001297376 1.9696313316451632 1.6444274046134073 
-62.5 -62.5 -63.0 -62.5 -63.0 -63.0 -62.0 -63.0 -62.0 -62.5 -62.5 -63.0 -63.5 -62.0 -63.5 -62.0 -62.5 -62.5 -62.0 -62.0 -62.0 -63.0 -64.5 -64.5 -64.0 -63.0 -62.0 -62.0 -61.5 -61.5 -61.5 -61.5 -64.5 -67.0 -64.5 -63.5 -62.5 -63.5 -62.5 -63.0 -62.5 -63.0 -62.5 
0.8774370106705868 0.8528933180644165 0.8099418560036186 0.9019807032767571 0.8958447801252144 0.8835729338221293 0.8774370106705868 0.8774370106705868 0.9081166264282996 0.9019807032767571 0.9081166264282996 0.8774370106705868 0.9142525495798421 0.9203884727313847 0.8835729338221293 0.8958447801252144 0.9203884727313847 0.9265243958829272 0.944932165337555 0.9817477042468103 1.0737865515199487 0.9817477042468103 1.1719613219446299 1.509437095279471 1.325359400733194 1.0676506283684062 1.0492428589137786 1.086058397823034 1.0921943209745766 1.086058397823034 1.0921943209745766 1.055378782065321 0.9940195505498954 1.0737865515199487 1.5247769031583274 1.3314953238847365 1.1106020904292042 1.1596894756415448 1.1658253987930873 1.0062913968529805 0.9387962421860124 1.012427320004523 1.030835089459151 1.0676506283684062 
-50.0 -50.0 -50.0 -50.0 -50.0 -50.0 -50.0 -50.0 -50.0 -50.0 -50.0 -49.5 -49.5 -50.0 -49.5 -49.5 -49.5 -49.5 -49.5 -51.0 -54.0 -55.5 -56.0 -55.0 -52.5 -52.5 -54.5 -54.0 -53.5 -53.5 -53.0 -53.5 -54.0 -52.0 -53.0 -55.0 -54.0 -52.0 -51.5 -51.5 -51.5 -51.0 -50.5 -51.0 
0.9019807032767571 0.9203884727313847 0.9265243958829272 0.9387962421860124 0.9510680884890975 0.9572040116406401 0.944932165337555 0.9510680884890975 0.9817477042468103 0.9572040116406401 0.9572040116406401 0.9510680884890975 0.9572040116406401 1.012427320004523 0.9510680884890975 0.9572040116406401 0.9572040116406401 0.9510680884890975 0.9387962421860124 1.0246991663076084 1.1474176293384597 1.3008157081270237 1.6382914814618648 1.6996507129772904 1.4664856332186729 1.4296700943094176 1.4358060174609601 1.4848934026733007 1.4480778637640452 1.4603497100671303 1.4910293258248433 1.4787574795217582 1.4051264017032472 1.337631247036279 1.4511458253398166 1.6014759425526093 1.6198837120072371 1.4296700943094176 1.227184630308513 1.1228739367322893 0.9940195505498954 1.0185632431560658 1.0246991663076084 1.0492428589137786 
-51.0 -51.0 -51.0 -51.0 -51.0 -50.5 -51.0 -50.5 -50.5 -50.5 -51.0 -51.0 -51.0 -50.5 -50.5 -51.0 -50.5 -50.5 -50.5 -50.5 -50.5 -52.5 -52.0 -50.0 -50.0 -50.5 -51.0 -50.5 -50.5 -50.5 -50.5 -50.5 -51.0 -50.0 -50.0 -50.5 -52.0 -53.0 -52.0 -51.5 -51.0 -51.0 -51.0 -50.5 
1.1290098598838318 1.1167380135807468 1.1474176293384597 1.1351457830353744 1.1106020904292042 1.141281706186917 1.1780972450961724 1.1658253987930873 1.1474176293384597 1.227184630308513 1.1167380135807468 1.1167380135807468 1.1474176293384597 1.1903690913992575 1.1351457830353744 1.1228739367322893 1.0676506283684062 1.2210487071569704 1.3130875544301088 1.4358060174609601 1.9941750242513334 2.3009711818284617 2.270291566070749 1.9634954084936207 1.8039614065535141 1.846912868614312 1.7855536370988863 1.8162332528565992 1.7794177139473437 1.7119225592803755 1.7671458676442586 1.7119225592803755 1.6812429435226628 1.705786636128833 4.859651136021712 2.024854640009046 2.325514874434632 2.2518837966161214 2.030990563160589 1.662835174068035 1.2701360923693108 1.239456476611598 1.2333205534600555 1.2026409377023426 
-57.5 -57.5 -57.5 -57.5 -57.5 -57.5 -57.5 -57.5 -57.5 -57.0 -57.0 -57.0 -57.5 -57.5 -57.5 -57.0 -56.5 -57.0 -56.5 -57.5 -58.5 -58.5 -53.5 -51.0 -52.5 -53.0 -53.5 -53.0 -52.5 -52.5 -52.5 -52.5 -53.0 -53.0 -52.5 -50.5 -55.0 -57.5 -58.5 -60.5 -60.0 -59.5 -60.0 -60.5 
1.5707963267948966 1.4971652489763858 1.423534171157875 1.521708941582556 1.4910293258248433 1.509437095279471 1.552388557340269 1.5033011721279284 1.4173982480063325 1.533980787885641 1.5462526341887264 1.5585244804918115 1.5155730184310134 1.5155730184310134 1.5462526341887264 1.5462526341887264 1.533980787885641 1.521708941582556 1.521708941582556 1.509437095279471 1.761009944492716 2.030990563160589 2.2396119503130363 2.018718716857504 2.0800779483729293 2.2518837966161214 2.024854640009046 2.012582793705961 2.073942025221387 2.086213871524472 2.098485717827557 2.0371264863121317 2.098485717827557 2.0923497946760143 2.043262409463674 2.043262409463674 2.2150682577068657 2.1598449493429825 1.945087639038993 1.6505633277649499 1.4910293258248433 1.5830681730979816 1.533980787885641 1.6689710972195777 
-55.0 -54.5 -55.0 -55.0 -54.5 -54.5 -54.5 -54.5 -54.0 -54.5 -54.5 -54.5 -54.5 -54.5 -54.5 -54.5 -54.5 -54.0 -54.5 -55.5 -55.5 -56.5 -54.0 -53.5 -54.5 -56.5 -56.0 -56.0 -56.0 -56.0 -56.0 -55.5 -55.5 -56.0 -54.5 -53.5 -54.0 -54.0 -54.5 -55.0 -54.5 -54.5 -54.5 -54.5 
5.368932757599744 5.1725832167503825 5.301437602932776 5.313709449235861 5.485515297479052 5.3198453723874035 5.375068680751287 5.098952138931871 5.332117218690489 5.375068680751287 5.252350217720435 5.387340527054372 5.3198453723874035 5.411884219660542 5.45483568172134 5.411884219660542 5.295301679781233 5.264622064023521 5.283029833478148 5.393476450205914 5.595961914206819 5.896622148632405 5.93343768754166 5.638913376267617 5.651185222570702 5.64504929941916 5.565282298449106 5.534602682691394 5.497787143782138 5.411884219660542 5.473243451175968 5.368932757599744 5.448699758569798 5.5714182216006485 5.433359950690941 5.602097837358362 6.000932842208628 5.93343768754166 5.786175531904639 5.6941366846315 5.583690067903734 5.522330836388308 5.485515297479052 5.602097837358362 
-62.5 -62.5 -63.5 -61.5 -62.0 -61.5 -61.5 -62.0 -62.0 -62.0 -62.5 -62.5 -62.0 -61.5 -62.0 -62.0 -62.0 -61.5 -62.0 -62.0 -62.5 -61.5 -57.0 -56.5 -58.0 -57.0 -57.5 -58.5 -59.0 -59.0 -59.0 -58.0 -58.0 -58.0 -58.5 -56.5 -56.5 -59.5 -60.0 -60.0 -60.5 -61.5 -60.5 -61.5 
4.718524903536232 4.828971520263998 4.724660826687775 4.632621979414636 4.76147636559703 4.822835597112456 4.81056375080937 4.9394181369917645 4.804427827657828 4.792155981354743 4.718524903536232 4.651029748869264 4.884194828627882 4.7307967498393175 4.828971520263998 4.8351074434155406 4.865787059173254 4.767612288748572 4.76147636559703 4.896466674930966 5.178719139901925 5.5100589900852235 5.565282298449106 4.9823695990525625 4.871922982324796 5.626641529964532 5.491651220630596 5.43029198911517 5.516194913236766 5.448699758569798 5.534602682691394 5.534602682691394 5.64504929941916 5.688000761479957 1.8346410223112268 5.117359908386499 5.767767762450011 5.393476450205914 5.221670601962723 4.884194828627882 4.792155981354743 4.878058905476339 4.81056375080937 4.822835597112456 
-63.5 -62.5 -63.5 -63.0 -62.5 -63.0 -63.0 -63.0 -61.0 -62.5 -62.5 -61.0 -62.0 -62.5 -62.0 -61.5 -62.5 -61.0 -63.0 -64.0 -63.0 -64.5 -61.5 -60.0 -67.5 -65.0 -63.5 -63.0 -63.5 -63.0 -64.0 -63.5 -63.5 -66.5 -65.5 -61.5 -62.5 -61.5 -60.0 -61.5 -61.5 -61.0 -61.5 -61.0 
