2.9697868053466014 2.7979809571034093 2.8409324191642074 2.8409324191642074 6.105243535784852 2.8532042654672924 2.9206994201342606 2.9820586516496865 2.9636508821950587 2.9759227284981438 2.9329712664373457 3.160000423044421 3.2029518851052186 3.6079228131070282 3.8963112012295285 4.000621894805752 3.80427235395639 3.423845118560751 3.153864499892878 3.509748042682347 3.0127382674073995 0.07056311624273949 3.485204350076177 3.429981041712294 3.454524734318464 3.650874275167826 3.810408277107933 3.0802334220743677 3.153864499892878 3.018874190558942 3.06182565261974 3.2213596545598464 3.153864499892878 
-61.5 -61.0 -61.5 -61.5 -62.5 -62.0 -61.0 -62.0 -62.0 -61.5 -62.5 -62.0 -62.0 -66.5 -68.0 -66.5 -66.0 -66.5 -65.5 -66.5 -66.0 -67.5 -66.5 -64.5 -62.5 -62.5 -62.5 -63.5 -62.0 -63.5 -62.0 -63.5 -64.5 
2.1046216409791 2.018718716857504 2.193592526676467 2.1659808724945253 1.9512235621905356 2.1230294104337273 2.1475731030398975 2.012582793705961 2.0923497946760143 2.227340104009951 2.2518837966161214 2.0493983326152168 2.067806102069844 5.387340527054372 1.9757672547967058 2.2334760271614935 2.2334760271614935 2.405281875404685 2.650718801466388 2.718213956133356 2.9636508821950587 3.1661363461959633 3.0495538063166547 2.5893595699509624 2.478912953223196 2.405281875404685 2.1966604882522383 5.589825991055276 2.6323110320117604 3.0066023442558567 5.9088939949354895 2.0371264863121317 1.9696313316451632 2.067806102069844 2.073942025221387 1.9819031779482483 5.264622064023521 1.9389517158874505 2.1966604882522383 
-62.5 -63.0 -64.0 -63.0 -62.0 -63.0 -63.0 -62.5 -63.0 -62.0 -63.0 -62.0 -62.0 -63.0 -62.5 -62.5 -63.0 -62.5 -62.5 -64.0 -66.0 -65.0 -64.5 -63.5 -63.0 -62.5 -62.5 -63.0 -62.5 -64.0 -67.0 -65.0 -63.0 -62.5 -63.0 -61.5 -64.0 -63.5 -63.5 
0.6994952392758523 0.7424467013366504 0.7853981633974483 0.8099418560036186 3.9515345095934116 0.8344855486097889 0.8713010875190442 0.8713010875190442 0.9081166264282996 0.9633399347921826 0.9510680884890975 1.0062913968529805 1.0185632431560658 1.0799224746714913 1.1044661672776617 1.1290098598838318 1.1474176293384597 1.1228739367322893 1.1903690913992575 1.337631247036279 1.1474176293384597 1.3989904785517047 1.607611865704152 1.2517283229146832 1.1474176293384597 1.1351457830353744 1.086058397823034 1.1351457830353744 1.1290098598838318 1.1474176293384597 1.1167380135807468 1.1106020904292042 1.1596894756415448 4.703185095657376 1.423534171157875 1.1106020904292042 1.2087768608538851 1.2087768608538851 1.1719613219446299 0.9878836273983529 1.012427320004523 1.0062913968529805 0.9878836273983529 0.9572040116406401 
-51.0 -50.5 -50.5 -51.0 -51.0 -50.5 -50.5 -50.0 -50.0 -49.5 -49.5 -49.5 -49.0 -49.0 -49.0 -49.5 -49.0 -49.5 -50.5 -53.5 -54.5 -55.5 -54.5 -52.5 -54.0 -55.0 -55.0 -54.5 -54.0 -54.5 -54.0 -53.5 -52.0 -54.0 -56.0 -53.0 -52.0 -51.0 -50.0 -50.0 -50.0 -50.0 -49.5 -50.0 
0.8713010875190442 0.8160777791551611 0.8528933180644165 0.8835729338221293 0.8989127417009857 0.9203884727313847 0.9265243958829272 0.9694758579437253 0.9633399347921826 0.9940195505498954 1.0369710126106935 1.030835089459151 1.0676506283684062 1.0676506283684062 1.0921943209745766 1.1535535524900022 1.1228739367322893 1.1106020904292042 1.1474176293384597 1.3192234775816514 1.4603497100671303 1.7548740213411735 1.705786636128833 1.5462526341887264 1.5278448647340985 1.5462526341887264 1.533980787885641 1.4971652489763858 1.4664856332186729 4.654097710445035 1.4971652489763858 1.4787574795217582 1.4051264017032472 1.6474953661891787 1.761009944492716 1.6321555583103222 1.4480778637640452 1.2701360923693108 1.2087768608538851 1.1474176293384597 1.1474176293384597 1.1167380135807468 1.0676506283684062 1.0799224746714913 
-51.5 -51.5 -51.0 -51.0 -51.5 -51.0 -50.5 -50.5 -50.5 -50.5 -50.5 -50.0 -50.0 -50.0 -50.0 -50.0 -50.5 -50.0 -50.5 -51.0 -53.0 -51.5 -50.0 -51.0 -52.0 -51.5 -51.0 -51.5 -51.0 -51.0 -51.0 -51.5 -50.5 -50.5 -51.0 -53.0 -53.5 -52.0 -51.5 -51.0 -51.0 -51.5 -51.5 -52.0 
1.4419419406125027 1.2517283229146832 1.2517283229146832 1.337631247036279 1.4480778637640452 1.325359400733194 1.239456476611598 1.4358060174609601 1.3130875544301088 1.3314953238847365 1.533980787885641 1.3192234775816514 1.3192234775816514 1.0983302441261191 1.3499030933393643 1.2517283229146832 1.2026409377023426 1.4480778637640452 1.6260196351587797 1.9512235621905356 2.2396119503130363 2.282563412373834 1.9266798695843652 1.8714565612204823 1.8775924843720249 1.8653206380689396 1.7794177139473437 1.8223691760081417 1.7978254834019713 1.8193012144323704 1.7916895602504288 1.736466251886546 1.736466251886546 1.9052041385539664 2.0493983326152168 2.423689644859313 2.116893487282185 1.932815792735908 1.5155730184310134 1.3314953238847365 1.2026409377023426 1.4296700943094176 1.3314953238847365 1.423534171157875 
-57.5 -58.0 -57.5 -57.5 -58.0 -57.5 -57.5 -58.0 -58.0 -58.0 -58.0 -57.0 -57.0 -57.0 -57.0 -57.0 -56.5 -57.0 -58.5 -58.5 -60.0 -54.0 -51.5 -53.5 -54.0 -55.0 -55.5 -55.0 -55.0 -55.0 -54.0 -54.0 -53.0 -52.5 -51.5 -57.5 -58.0 -59.0 -60.0 -59.5 -60.0 -59.5 -59.0 -59.0 
1.552388557340269 1.5953400194010667 1.6137477888556946 1.552388557340269 1.6505633277649499 1.576932249946439 1.6014759425526093 1.607611865704152 1.662835174068035 1.6566992509164924 1.5892040962495242 1.5401167110371838 1.6444274046134073 1.6321555583103222 1.6751070203711202 1.6444274046134073 1.6689710972195777 1.6444274046134073 1.662835174068035 1.932815792735908 2.2027964114037806 2.270291566070749 2.055534255766759 2.1782527187976104 2.313243028131547 2.1230294104337273 2.1782527187976104 2.2027964114037806 2.172116795646068 2.1690488340702965 1.9941750242513334 2.098485717827557 2.110757564130642 2.083145909948701 2.1046216409791 2.282563412373834 2.184388641949153 1.9819031779482483 1.7426021750380885 1.6260196351587797 1.564660403643354 1.5585244804918115 1.576932249946439 1.5892040962495242 
-55.0 -55.0 -55.0 -55.0 -55.5 -54.5 -54.5 -54.5 -54.0 -54.0 -54.0 -54.0 -53.5 -53.5 -53.5 -52.5 -53.5 -53.5 -54.0 -54.5 -55.5 -54.0 -53.5 -55.0 -55.0 -55.5 -57.0 -56.0 -56.0 -57.0 -56.5 -55.5 -56.0 -54.5 -54.5 -54.0 -54.5 -54.5 -54.0 -54.0 -54.0 -55.0 -56.0 -56.0 
5.4671075280244255 5.460971604872882 5.418020142812084 5.460971604872882 5.448699758569798 5.485515297479052 5.485515297479052 5.583690067903734 5.473243451175968 5.565282298449106 5.325981295538946 5.473243451175968 5.5100589900852235 5.43029198911517 5.460971604872882 5.5284667595398505 5.5284667595398505 5.565282298449106 5.8045833013592665 5.921165841238575 6.056156150572511 6.007068765360171 5.724816300389213 5.786175531904639 5.7616318392984684 5.6941366846315 5.595961914206819 5.706408530934585 5.749359992995383 5.488583259054824 5.540738605842936 5.620505606812989 5.7616318392984684 5.688000761479957 5.724816300389213 6.086835766330224 6.074563920027139 5.841398840268521 5.712544454086128 5.608233760509904 5.559146375297564 5.589825991055276 5.675728915176872 5.632777453116074 
-61.0 -60.5 -60.5 -60.0 -61.0 -60.5 -60.0 -61.0 -60.0 -60.5 -60.5 -60.0 -60.0 -60.0 -58.5 -59.5 -59.0 -59.5 -59.5 -60.0 -59.5 -55.5 -56.5 -56.5 -56.0 -57.5 -59.0 -59.0 -59.0 -60.0 -58.5 -57.5 -57.0 -58.0 -57.0 -57.5 -60.0 -59.5 -59.0 -58.5 -60.0 -59.5 -59.0 -59.5 
4.957825906446392 1.8530487917658545 4.963961829597935 5.111223985234957 4.967029791173706 4.914874444385594 5.086680292628786 4.804427827657828 4.963961829597935 4.9394181369917645 4.945554060143307 4.847379289718626 4.871922982324796 4.95168998329485 5.056000676871073 1.8285050991596843 5.013049214810275 4.921010367537137 5.21553467881118 5.350524988145116 5.730952223540755 5.393476450205914 5.154175447295755 5.436427912266712 5.516194913236766 5.387340527054372 5.473243451175968 5.436427912266712 5.442563835418255 5.427224027539398 5.283029833478148 5.583690067903734 5.43029198911517 5.062136600022616 5.283029833478148 5.663457068873787 5.3627968344482015 5.166447293598839 5.049864753719531 4.773748211900116 4.81056375080937 4.663301595172349 4.620350133111551 4.7307967498393175 
-62.5 -63.5 -63.0 -62.5 -63.0 -62.5 -61.0 -62.0 -61.5 -61.0 -61.0 -60.5 -60.0 -60.0 -60.0 -60.0 -59.5 -59.0 -60.5 -60.0 -62.5 -59.5 -59.5 -65.5 -62.5 -63.0 -63.0 -64.0 -64.0 -65.5 -65.5 -65.5 -67.5 -65.5 -61.0 -61.5 -60.5 -59.5 -60.0 -61.0 -60.5 -62.0 -63.5 -64.0 
