3.067961575771282 3.031146036862027 3.018874190558942 2.9697868053466014 3.11091303783208 3.2581751934691017 3.043417883165112 3.06182565261974 2.9084275738311756 3.08636934522591 3.0925052683774528 2.988194574801229 3.160000423044421 2.988194574801229 3.055689729468197 3.3103305402572136 3.834951969714103 3.650874275167826 3.859495662320273 3.6876898140770815 3.80427235395639 3.6447383520162835 3.497476196379262 3.663146121470911 3.5833791205008576 3.761320891895592 3.773592738198677 0.36815538909255385 3.141592653589793 3.454524734318464 3.792000507653305 4.104932588381976 4.006757817957295 0.37429131224409645 3.3502140407422405 0.42337869745643697 0.48473792897186263 3.1906800388021335 3.509748042682347 
-62.0 -62.5 -62.0 -62.5 -62.5 -63.0 -62.5 -62.0 -63.0 -62.5 -62.5 -63.0 -63.0 -63.0 -63.0 -65.0 -63.0 -64.5 -64.5 -65.5 -65.0 -64.5 -65.0 -64.0 -65.0 -64.5 -65.0 -68.5 -64.5 -63.5 -62.5 -64.5 -66.0 -63.5 -63.0 -63.5 -64.0 -63.5 -63.0 
2.1230294104337273 2.3439226438892597 2.073942025221387 2.1537090261914402 2.1475731030398975 2.3316507975861747 2.184388641949153 2.3316507975861747 2.3930100291016 2.3009711818284617 2.337786720737717 2.386874105950058 2.2518837966161214 2.141437179888355 2.337786720737717 5.6143696836614465 2.442097414313941 2.834796496012665 2.8654761117703775 3.043417883165112 3.2397674240144743 3.436116964863836 3.313398501832985 3.098641191528995 2.8961557275280905 2.8838838812250054 2.9759227284981438 3.117048960983623 3.215223731408304 3.509748042682347 3.098641191528995 2.337786720737717 2.1353012567368124 2.055534255766759 2.018718716857504 2.2027964114037806 2.141437179888355 1.9696313316451632 2.1046216409791 2.1475731030398975 2.1537090261914402 2.2641556429192065 
-64.0 -63.5 -63.5 -64.0 -63.5 -64.5 -64.0 -64.0 -63.5 -64.5 -64.0 -65.0 -63.5 -65.0 -65.0 -64.5 -62.0 -62.0 -61.5 -65.0 -65.0 -64.0 -62.0 -62.0 -62.0 -62.5 -63.0 -62.5 -62.5 -63.5 -66.5 -66.5 -63.5 -62.5 -62.0 -62.0 -61.5 -62.5 -62.0 -62.5 -62.5 -61.0 
0.9633399347921826 0.9756117810952678 0.9326603190344698 0.9326603190344698 0.9081166264282996 0.9019807032767571 0.8897088569736719 0.8897088569736719 0.8958447801252144 0.8651651643675016 0.8774370106705868 0.8774370106705868 0.9142525495798421 0.9265243958829272 0.9265243958829272 0.9572040116406401 0.9572040116406401 0.9878836273983529 1.0461748973380072 1.1596894756415448 1.227184630308513 1.1106020904292042 1.5033011721279284 1.41126232485479 1.227184630308513 1.1351457830353744 1.1106020904292042 1.1351457830353744 1.141281706186917 1.1351457830353744 1.1351457830353744 1.1965050145508 1.2455923997631406 1.3744467859455345 1.3867186322486196 1.1780972450961724 1.3989904785517047 1.3621749396424494 1.2578642460662257 1.1780972450961724 1.2517283229146832 1.2578642460662257 1.2640001692177683 1.2455923997631406 1.2517283229146832 
-49.5 -49.5 -49.5 -49.5 -49.5 -49.5 -49.5 -49.5 -49.5 -49.5 -49.5 -49.5 -49.5 -49.5 -49.0 -49.0 -49.0 -49.5 -50.0 -51.5 -52.5 -53.5 -54.5 -53.0 -52.5 -52.5 -53.0 -53.0 -53.0 -53.0 -52.5 -52.5 -52.5 -53.0 -55.5 -53.0 -52.5 -52.0 -50.5 -50.0 -49.5 -49.5 -49.5 -49.5 -49.5 
1.030835089459151 1.043106935762236 1.055378782065321 0.9940195505498954 1.0246991663076084 0.9940195505498954 0.9633399347921826 0.9633399347921826 0.9940195505498954 0.9940195505498954 0.9694758579437253 0.9878836273983529 0.9572040116406401 0.9756117810952678 1.000155473701438 0.9756117810952678 1.043106935762236 1.0185632431560658 1.0676506283684062 1.2026409377023426 1.4419419406125027 1.662835174068035 1.8285050991596843 1.6014759425526093 1.4296700943094176 1.4787574795217582 1.5585244804918115 1.5462526341887264 1.4848934026733007 1.5278448647340985 1.552388557340269 1.5462526341887264 1.4910293258248433 1.552388557340269 1.761009944492716 1.552388557340269 1.3069516312785663 1.2517283229146832 1.2578642460662257 1.227184630308513 1.2762720155208536 1.2517283229146832 1.1658253987930873 1.2455923997631406 1.2517283229146832 
-51.0 -51.0 -51.0 -51.5 -51.5 -51.5 -51.5 -51.5 -52.0 -52.0 -51.5 -52.0 -51.5 -51.0 -51.5 -51.5 -51.5 -51.5 -52.0 -51.5 -52.5 -52.0 -50.5 -50.0 -50.5 -51.5 -51.0 -51.0 -50.5 -50.5 -50.5 -51.0 -51.0 -50.0 -51.0 -53.5 -53.5 -52.5 -51.5 -51.0 -51.0 -51.0 -51.0 -50.5 -51.0 
1.2517283229146832 1.184233168247715 1.184233168247715 1.1658253987930873 1.2026409377023426 1.2333205534600555 1.214912784005428 1.239456476611598 1.2026409377023426 1.1596894756415448 1.2026409377023426 1.227184630308513 1.214912784005428 1.1903690913992575 1.2026409377023426 1.2087768608538851 1.2762720155208536 1.53091282630987 1.7732817907958012 2.2150682577068657 2.337786720737717 2.018718716857504 1.8100973297050567 1.7426021750380885 1.7855536370988863 1.8346410223112268 1.8346410223112268 1.8285050991596843 1.8346410223112268 1.8039614065535141 1.8162332528565992 1.6935147898257479 1.8530487917658545 2.116893487282185 2.3071071049800045 2.0064468705544187 1.4848934026733007 1.1351457830353744 1.030835089459151 1.239456476611598 1.2640001692177683 1.3069516312785663 1.282407938672396 1.2885438618239387 
-57.5 -57.0 -57.5 -57.5 -57.5 -57.5 -57.5 -57.5 -57.0 -57.0 -57.0 -57.0 -57.0 -56.5 -56.5 -56.5 -56.5 -58.0 -58.0 -57.5 -54.5 -50.5 -52.0 -52.5 -52.5 -53.0 -53.0 -53.0 -52.5 -52.5 -53.0 -53.0 -53.0 -53.0 -59.5 -60.0 -60.5 -59.0 -59.0 -58.0 -58.0 -58.0 -58.0 -58.0 
1.5401167110371838 1.5953400194010667 1.5707963267948966 1.5033011721279284 1.576932249946439 1.5155730184310134 1.521708941582556 1.5155730184310134 1.509437095279471 1.4910293258248433 1.5033011721279284 1.4664856332186729 1.5033011721279284 1.5401167110371838 1.5033011721279284 1.5278448647340985 1.5892040962495242 1.5033011721279284 4.718524903536232 1.6873788666742053 2.184388641949153 2.350058567040802 2.018718716857504 2.1475731030398975 2.2764274892222915 2.184388641949153 2.067806102069844 2.0800779483729293 2.110757564130642 2.086213871524472 1.9819031779482483 2.061670178918302 2.282563412373834 2.12916533358527 2.172116795646068 2.3193789512830896 2.1659808724945253 1.7671458676442586 1.5278448647340985 1.6505633277649499 1.6873788666742053 1.6321555583103222 1.6505633277649499 1.6689710972195777 1.6996507129772904 
-54.5 -54.5 -54.5 -54.5 -55.0 -55.0 -55.0 -55.0 -55.5 -56.0 -55.0 -56.0 -55.5 -55.5 -55.0 -54.5 -55.0 -55.0 -55.5 -56.0 -56.0 -54.5 -52.5 -56.0 -55.0 -55.0 -56.0 -56.5 -56.0 -56.0 -56.0 -56.0 -56.0 -55.5 -54.5 -55.0 -55.5 -55.5 -53.5 -53.0 -53.5 -53.5 -53.5 -54.0 -53.5 
5.45483568172134 5.4671075280244255 5.473243451175968 5.3627968344482015 5.424156065963627 5.283029833478148 5.5100589900852235 5.436427912266712 5.442563835418255 5.2768939103266055 5.350524988145116 5.356660911296659 5.325981295538946 5.381204603902829 5.375068680751287 5.350524988145116 5.43029198911517 5.221670601962723 5.52539879796408 5.626641529964532 5.93343768754166 6.031612457966341 5.8045833013592665 5.755495916146925 5.7616318392984684 5.712544454086128 5.608233760509904 5.565282298449106 5.651185222570702 5.577554144752192 5.522330836388308 5.64504929941916 5.786175531904639 5.829126993965437 5.829126993965437 6.092971689481767 6.031612457966341 5.810719224510809 5.595961914206819 5.45483568172134 5.5100589900852235 5.546874528994478 5.522330836388308 5.3627968344482015 5.148039524144211 
-60.5 -61.0 -60.5 -61.0 -61.5 -61.0 -61.5 -60.5 -61.5 -61.5 -61.5 -61.0 -61.5 -61.0 -61.0 -60.5 -61.0 -61.0 -61.5 -59.5 -58.5 -56.0 -55.0 -56.5 -55.5 -56.5 -56.5 -57.5 -57.5 -57.5 -57.5 -56.5 -56.5 -56.0 -56.0 -56.5 -59.0 -59.0 -59.0 -59.5 -60.5 -60.0 -60.5 -60.5 -61.0 
4.755340442445488 4.681709364626977 4.755340442445488 4.76147636559703 4.718524903536232 4.755340442445488 4.614214209960009 4.749204519293945 4.614214209960009 4.669437518323892 4.595806440505381 1.521708941582556 4.614214209960009 4.6448938257177215 4.718524903536232 4.693981210930062 1.6566992509164924 5.203262832508095 5.411884219660542 5.64504929941916 5.092816215780329 5.338253141842031 5.47937937432751 5.2339424482658075 5.436427912266712 5.516194913236766 5.50392306693368 5.393476450205914 5.460971604872882 5.436427912266712 5.50392306693368 5.5284667595398505 5.209398755659637 5.583690067903734 5.344389064993574 5.283029833478148 4.779884135051658 4.865787059173254 4.773748211900116 4.693981210930062 4.841243366567084 4.73693267299086 4.749204519293945 
-61.0 -60.5 -61.0 -61.5 -61.5 -62.5 -62.5 -63.0 -62.5 -62.5 -62.5 -62.5 -61.0 -61.5 -61.5 -61.5 -62.5 -61.0 -61.0 -59.0 -59.5 -62.5 -61.5 -61.5 -62.5 -62.5 -62.0 -61.5 -62.5 -62.5 -61.5 -63.5 -59.5 -60.0 -59.5 -58.0 -57.5 -56.5 -57.5 -58.0 -58.5 -58.0 -58.0 
