2.693670263527186 3.0250101137104846 2.8286605728611223 6.056156150572511 2.8409324191642074 2.767301341345697 2.9943304979527716 2.773437264497239 6.0991076126333095 3.000466421104314 2.7120780329818137 2.8716120349219203 6.043884304269426 0.9940195505498954 4.28287435977671 3.865631585471816 2.9084275738311756 2.3930100291016 6.062292073724054 0.23316507975861744 0.11658253987930872 6.270913460876501 5.7616318392984684 5.442563835418255 2.110757564130642 2.84706834231575 3.5465635815916023 5.810719224510809 2.497320722677824 5.675728915176872 
-67.0 -67.5 -65.5 -67.5 -66.5 -66.0 -67.0 -66.0 -68.0 -68.0 -66.5 -67.5 -68.0 -69.5 -64.5 -60.5 -60.0 -66.0 -70.5 -70.5 -69.5 -69.5 -72.0 -67.0 -64.5 -62.0 -65.5 -69.0 -67.0 -69.5 
1.3069516312785663 1.5462526341887264 1.3621749396424494 1.1044661672776617 1.4848934026733007 1.4173982480063325 1.4051264017032472 1.6198837120072371 1.3499030933393643 1.3314953238847365 1.380582709097077 1.3499030933393643 1.4910293258248433 1.423534171157875 1.325359400733194 1.4051264017032472 1.2578642460662257 2.7550294950426117 2.282563412373834 2.2641556429192065 2.350058567040802 2.2457478734645786 2.0064468705544187 2.0800779483729293 2.2150682577068657 2.2396119503130363 2.2089323345553233 2.356194490192345 2.2948352586769194 5.2339424482658075 1.718058482431918 1.6444274046134073 1.4480778637640452 1.1167380135807468 1.1719613219446299 1.2455923997631406 1.4173982480063325 1.380582709097077 1.3989904785517047 1.2885438618239387 
-66.5 -67.0 -65.0 -67.0 -66.5 -65.5 -66.5 -66.5 -66.0 -64.0 -65.5 -64.5 -65.5 -65.0 -65.0 -64.5 -65.0 -65.0 -65.5 -64.0 -63.5 -60.0 -60.0 -59.5 -60.5 -62.0 -64.0 -64.0 -64.0 -70.0 -69.0 -67.0 -63.5 -64.5 -63.0 -62.5 -62.0 -62.0 -62.0 -62.0 
0.9510680884890975 0.944932165337555 0.9265243958829272 0.9510680884890975 0.9510680884890975 0.9510680884890975 0.9878836273983529 1.000155473701438 1.0062913968529805 0.9817477042468103 1.000155473701438 1.000155473701438 1.0492428589137786 1.012427320004523 1.0185632431560658 0.9572040116406401 0.9756117810952678 1.282407938672396 1.3008157081270237 1.141281706186917 1.4971652489763858 1.2762720155208536 1.239456476611598 1.3008157081270237 1.368310862793992 1.380582709097077 1.3621749396424494 1.2762720155208536 1.2455923997631406 1.4603497100671303 1.368310862793992 1.1290098598838318 1.1351457830353744 1.2578642460662257 1.1474176293384597 1.0615147052168636 1.055378782065321 1.1044661672776617 1.1106020904292042 1.1474176293384597 1.1106020904292042 1.0921943209745766 
-49.5 -49.5 -49.5 -49.0 -49.0 -49.0 -49.0 -49.0 -49.0 -49.0 -49.0 -49.0 -49.0 -49.0 -49.0 -49.0 -48.5 -48.5 -48.5 -51.0 -52.0 -51.0 -52.5 -53.5 -53.5 -53.5 -53.0 -52.0 -50.0 -51.5 -52.5 -51.0 -50.0 -48.5 -48.5 -48.5 -48.5 -48.0 -48.5 -48.5 -48.5 -48.5 
0.9694758579437253 0.9817477042468103 0.9756117810952678 1.0246991663076084 1.030835089459151 1.0062913968529805 0.9878836273983529 0.8713010875190442 0.9387962421860124 0.9878836273983529 0.9633399347921826 0.9940195505498954 0.9878836273983529 0.9940195505498954 1.000155473701438 0.8897088569736719 1.043106935762236 1.3314953238847365 1.4358060174609601 1.3008157081270237 1.564660403643354 1.5585244804918115 1.6321555583103222 1.6014759425526093 1.564660403643354 1.607611865704152 1.6321555583103222 1.6014759425526093 1.5278448647340985 1.5033011721279284 1.6014759425526093 1.5462526341887264 1.662835174068035 1.6751070203711202 1.2455923997631406 1.086058397823034 0.944932165337555 0.9756117810952678 0.9878836273983529 0.9633399347921826 1.0185632431560658 0.9081166264282996 
-51.5 -52.0 -51.5 -52.0 -52.0 -51.5 -51.5 -51.5 -51.5 -51.5 -51.0 -51.5 -51.5 -51.5 -51.5 -51.5 -52.0 -52.0 -51.5 -51.0 -51.0 -51.0 -52.0 -51.5 -51.5 -51.5 -51.5 -51.5 -50.5 -51.0 -50.5 -52.0 -51.5 -52.5 -52.5 -52.5 -52.5 -52.0 -52.0 -52.0 -52.0 -52.0 
1.2640001692177683 1.3069516312785663 1.3437671701878218 1.2333205534600555 1.2578642460662257 1.3192234775816514 1.2701360923693108 1.2578642460662257 1.282407938672396 1.325359400733194 1.2455923997631406 1.2885438618239387 1.2946797849754812 1.282407938672396 1.2701360923693108 1.227184630308513 1.4296700943094176 1.7855536370988863 1.9389517158874505 1.7855536370988863 1.8775924843720249 2.024854640009046 2.141437179888355 2.2334760271614935 2.2089323345553233 2.2150682577068657 2.1782527187976104 2.141437179888355 1.9941750242513334 1.8039614065535141 1.8100973297050567 2.018718716857504 2.000310947402876 1.9573594853420782 1.5953400194010667 1.4419419406125027 1.337631247036279 1.2946797849754812 1.3437671701878218 1.337631247036279 1.3314953238847365 1.239456476611598 
-54.5 -54.5 -54.5 -54.0 -54.0 -54.0 -53.5 -54.0 -54.0 -53.5 -53.5 -53.5 -53.0 -53.0 -53.0 -54.0 -54.0 -50.0 -48.0 -49.5 -49.5 -52.0 -51.5 -51.5 -51.0 -51.0 -51.0 -51.0 -51.5 -50.0 -49.0 -48.0 -49.0 -50.5 -54.0 -54.5 -54.0 -53.0 -52.5 -52.0 -52.5 -53.0 
1.6689710972195777 1.6260196351587797 1.6873788666742053 1.6873788666742053 1.718058482431918 1.6873788666742053 1.6689710972195777 1.6935147898257479 1.6935147898257479 1.6321555583103222 1.6689710972195777 1.6996507129772904 1.705786636128833 1.6996507129772904 1.6935147898257479 1.6321555583103222 1.6444274046134073 2.073942025221387 2.1598449493429825 2.2027964114037806 2.1046216409791 2.282563412373834 2.2027964114037806 2.3071071049800045 2.356194490192345 2.313243028131547 2.270291566070749 2.2641556429192065 2.1966604882522383 2.0923497946760143 2.184388641949153 2.270291566070749 2.3316507975861747 2.282563412373834 1.8714565612204823 1.6812429435226628 1.7119225592803755 1.705786636128833 1.736466251886546 1.718058482431918 1.718058482431918 1.736466251886546 
-55.5 -55.5 -55.5 -55.5 -55.0 -55.0 -55.0 -55.0 -55.0 -54.5 -54.5 -54.5 -54.5 -54.0 -54.5 -55.5 -56.5 -55.0 -53.5 -54.0 -52.5 -53.5 -53.0 -54.0 -54.0 -53.0 -53.5 -53.0 -53.0 -51.5 -52.5 -52.0 -53.0 -54.0 -56.0 -56.5 -55.0 -54.5 -54.0 -54.0 -54.0 -53.5 
5.577554144752192 5.516194913236766 5.546874528994478 5.491651220630596 5.375068680751287 5.252350217720435 5.148039524144211 5.301437602932776 5.2339424482658075 5.0253210611133605 5.086680292628786 5.957981380147831 5.988660995905543 5.878214379177777 5.66959299202533 5.240078371417351 5.792311455056181 5.822991070813893 5.773903685601553 5.872078456026235 5.939573610693203 5.810719224510809 5.786175531904639 5.798447378207723 5.411884219660542 5.620505606812989 5.583690067903734 6.0991076126333095 6.19728238305799 6.037748381117884 5.853670686571607 5.71868037723767 5.0682725231741586 5.178719139901925 5.3627968344482015 
-66.0 -66.5 -65.5 -66.5 -65.5 -64.5 -66.0 -66.5 -64.0 -67.0 -68.5 -65.0 -60.5 -56.0 -59.0 -59.0 -59.5 -58.5 -59.0 -58.5 -59.5 -58.5 -58.0 -59.0 -59.0 -58.0 -57.0 -56.0 -57.5 -60.5 -64.5 -66.5 -67.5 -67.0 -66.0 
2.411417798556228 2.3930100291016 5.2339424482658075 2.1353012567368124 5.712544454086128 5.706408530934585 6.166602767300278 5.583690067903734 0.03681553890925539 5.939573610693203 5.902758071783947 5.890486225480862 5.945709533844745 5.798447378207723 5.945709533844745 0.0 5.553010452146021 5.749359992995383 5.730952223540755 5.780039608753096 5.829126993965437 6.19728238305799 2.761165418194154 2.227340104009951 2.2212041808584084 5.2768939103266055 5.45483568172134 
-72.0 -72.0 -68.0 -69.0 -61.5 -58.0 -60.5 -62.0 -62.5 -60.5 -61.5 -61.5 -61.5 -61.0 -59.5 -64.5 -62.0 -58.5 -62.5 -58.5 -60.0 -68.5 -73.5 -69.5 -67.0 -65.0 -65.5 
