5.608233760509904 2.110757564130642 5.6573211457222445 5.724816300389213 2.2948352586769194 5.71868037723767 5.743224069843841 2.509592568980909 2.2580197197676637 2.6200391857086753 0.3988350048502667 4.595806440505381 3.54042765844006 2.6261751088602177 5.712544454086128 6.080699843178682 6.14819499784565 2.9943304979527716 2.7979809571034093 2.7550294950426117 6.086835766330224 2.3009711818284617 2.6139032625571326 3.1968159619536762 3.6324665057131984 4.184699589352029 4.841243366567084 2.3316507975861747 2.6384469551633027 2.705942109830271 2.8409324191642074 2.8961557275280905 
-73.0 -68.5 -72.0 -72.0 -68.5 -70.5 -70.5 -69.5 -67.0 -66.0 -74.5 -68.5 -61.5 -65.5 -73.0 -75.0 -70.5 -68.0 -69.0 -67.5 -72.0 -66.5 -65.0 -61.5 -63.0 -66.0 -70.0 -66.0 -65.0 -63.5 -64.0 -63.5 
1.3437671701878218 1.4542137869155878 1.4296700943094176 1.3130875544301088 1.3867186322486196 1.3621749396424494 1.4848934026733007 1.4173982480063325 1.282407938672396 1.2578642460662257 1.3130875544301088 1.1903690913992575 1.3989904785517047 1.3867186322486196 1.3499030933393643 1.380582709097077 1.2762720155208536 1.1351457830353744 1.325359400733194 1.576932249946439 5.589825991055276 2.0800779483729293 2.061670178918302 2.086213871524472 2.0064468705544187 2.012582793705961 2.061670178918302 2.012582793705961 2.110757564130642 2.1598449493429825 2.282563412373834 2.12916533358527 2.018718716857504 1.6689710972195777 1.564660403643354 1.3744467859455345 1.5278448647340985 1.3744467859455345 1.368310862793992 1.4542137869155878 1.5830681730979816 1.718058482431918 1.6566992509164924 
-65.5 -65.0 -65.5 -65.5 -66.0 -66.0 -66.5 -67.5 -67.0 -65.5 -65.0 -65.5 -65.5 -65.5 -65.5 -65.0 -65.0 -63.5 -66.0 -67.5 -65.5 -64.5 -63.0 -61.5 -59.0 -59.5 -59.0 -59.0 -61.0 -63.5 -64.5 -64.5 -66.0 -63.0 -63.0 -63.0 -62.5 -63.0 -61.5 -60.5 -60.0 -60.0 -59.0 
0.859029241215959 0.9142525495798421 0.8774370106705868 0.8713010875190442 0.8897088569736719 0.8774370106705868 0.8467573949128739 0.8283496254582462 0.8897088569736719 0.859029241215959 0.8467573949128739 0.8651651643675016 0.859029241215959 0.8283496254582462 0.859029241215959 0.9019807032767571 0.9387962421860124 0.9387962421860124 0.9756117810952678 1.227184630308513 1.2762720155208536 1.0983302441261191 1.1719613219446299 1.3069516312785663 1.1228739367322893 1.1965050145508 1.2087768608538851 1.2517283229146832 1.227184630308513 1.1596894756415448 1.1535535524900022 1.227184630308513 1.3867186322486196 1.2517283229146832 1.1290098598838318 1.2026409377023426 1.3008157081270237 1.3499030933393643 1.1780972450961724 1.0921943209745766 1.1106020904292042 1.2640001692177683 1.4173982480063325 1.4051264017032472 1.380582709097077 
-49.0 -49.0 -49.0 -49.0 -49.5 -49.5 -49.0 -49.5 -49.0 -49.5 -49.5 -49.5 -49.5 -49.0 -49.5 -49.0 -49.0 -48.5 -48.0 -48.5 -49.5 -49.5 -53.0 -53.0 -52.0 -54.0 -54.5 -54.5 -54.5 -54.5 -53.0 -51.5 -52.5 -52.5 -51.5 -50.0 -49.0 -49.0 -49.5 -49.5 -49.0 -48.5 -49.0 -49.5 -49.5 
1.0676506283684062 1.030835089459151 1.055378782065321 1.0492428589137786 1.086058397823034 1.0185632431560658 1.030835089459151 0.9326603190344698 1.0062913968529805 1.043106935762236 0.9940195505498954 1.000155473701438 0.9817477042468103 0.9940195505498954 0.9817477042468103 0.9756117810952678 1.000155473701438 0.944932165337555 0.9878836273983529 1.2885438618239387 1.3928545554001621 1.1474176293384597 1.3621749396424494 1.5278448647340985 1.509437095279471 1.509437095279471 1.4664856332186729 1.4787574795217582 1.4664856332186729 1.5462526341887264 1.5278448647340985 1.521708941582556 1.552388557340269 1.576932249946439 1.3437671701878218 1.3499030933393643 1.4726215563702154 1.3621749396424494 1.1167380135807468 1.0492428589137786 1.012427320004523 0.9817477042468103 1.043106935762236 1.1228739367322893 1.0369710126106935 
-52.5 -52.5 -52.5 -52.5 -52.5 -52.5 -52.5 -52.5 -52.5 -52.5 -52.5 -52.5 -52.5 -52.5 -52.0 -52.0 -52.0 -52.0 -52.0 -52.0 -51.0 -50.5 -51.5 -52.0 -52.0 -52.0 -52.0 -52.0 -52.0 -52.0 -52.0 -51.5 -51.5 -51.5 -52.5 -52.5 -53.0 -53.0 -52.5 -53.0 -52.0 -51.0 -50.5 -50.5 -50.5 
1.282407938672396 1.2333205534600555 1.2701360923693108 1.2517283229146832 1.239456476611598 1.2640001692177683 1.2701360923693108 1.1719613219446299 1.227184630308513 1.2210487071569704 1.2578642460662257 1.2333205534600555 1.2762720155208536 1.227184630308513 1.1535535524900022 1.227184630308513 1.184233168247715 1.2210487071569704 1.337631247036279 1.8530487917658545 1.8714565612204823 1.8714565612204823 1.9205439464328227 1.945087639038993 2.1905245651006955 2.2212041808584084 2.270291566070749 2.270291566070749 2.270291566070749 2.2396119503130363 2.2089323345553233 2.116893487282185 1.9082721001297376 1.9266798695843652 2.0064468705544187 2.055534255766759 2.024854640009046 1.8714565612204823 1.6812429435226628 1.5462526341887264 1.4358060174609601 1.4051264017032472 1.521708941582556 1.6198837120072371 1.5707963267948966 
-54.5 -54.5 -54.5 -54.0 -54.0 -54.5 -54.0 -54.0 -54.5 -54.0 -54.0 -54.0 -54.0 -54.0 -54.0 -54.0 -53.5 -53.0 -54.0 -50.5 -48.5 -49.0 -49.5 -51.0 -52.5 -52.0 -52.0 -53.0 -52.5 -52.0 -52.0 -52.5 -50.5 -49.5 -49.0 -48.5 -51.5 -52.0 -55.0 -55.0 -54.0 -52.5 -51.5 -51.5 -51.5 
1.7303303287350031 1.761009944492716 1.705786636128833 1.7548740213411735 1.748738098189631 1.7241944055834606 1.718058482431918 1.748738098189631 1.7426021750380885 1.718058482431918 1.6382914814618648 1.6873788666742053 1.6996507129772904 1.662835174068035 1.7119225592803755 1.6812429435226628 1.6873788666742053 1.6444274046134073 1.6444274046134073 2.0493983326152168 2.110757564130642 2.030990563160589 2.2886993355253766 2.1782527187976104 2.386874105950058 2.3071071049800045 2.350058567040802 2.380738182798515 2.3746022596469727 2.356194490192345 2.3316507975861747 2.270291566070749 2.1659808724945253 2.282563412373834 2.2089323345553233 2.3009711818284617 2.442097414313941 2.2457478734645786 1.846912868614312 1.7426021750380885 1.748738098189631 1.6935147898257479 1.7671458676442586 1.8223691760081417 1.761009944492716 
-56.5 -56.0 -56.5 -56.0 -56.0 -56.0 -56.0 -56.5 -56.5 -56.0 -56.0 -56.0 -55.5 -55.5 -55.5 -55.5 -54.5 -55.5 -57.0 -55.5 -53.0 -54.5 -53.0 -53.0 -53.5 -54.0 -54.5 -54.5 -54.0 -54.0 -53.5 -54.5 -52.5 -53.5 -54.5 -53.5 -55.5 -57.0 -57.5 -56.0 -54.5 -53.5 -52.5 -52.0 -52.5 
5.730952223540755 5.553010452146021 5.442563835418255 5.332117218690489 5.295301679781233 5.9088939949354895 5.485515297479052 5.4671075280244255 5.43029198911517 5.405748296509 5.516194913236766 5.448699758569798 5.577554144752192 5.921165841238575 5.945709533844745 6.062292073724054 5.583690067903734 5.890486225480862 5.166447293598839 5.970253226450915 5.915029918087033 5.964117303299373 5.964117303299373 6.007068765360171 5.945709533844745 5.945709533844745 5.890486225480862 5.577554144752192 5.749359992995383 5.559146375297564 5.9088939949354895 6.234097921967246 6.111379458936394 5.93343768754166 6.080699843178682 4.8351074434155406 4.289010282928253 4.2031073588066565 4.270602513473625 4.178563666200486 
-65.5 -66.5 -67.0 -68.0 -67.0 -67.0 -68.0 -67.5 -68.5 -68.5 -65.0 -68.5 -66.0 -67.5 -61.5 -57.0 -61.0 -58.0 -62.0 -59.5 -59.5 -60.0 -61.0 -60.0 -60.0 -59.0 -61.0 -62.0 -59.5 -60.0 -57.5 -58.0 -61.0 -62.5 -64.5 -68.0 -65.5 -65.5 -65.0 -63.5 
2.055534255766759 2.6200391857086753 2.3439226438892597 2.2764274892222915 2.5034566458293663 5.730952223540755 6.252505691421874 5.945709533844745 6.2463697682703305 6.14819499784565 5.921165841238575 5.902758071783947 5.829126993965437 6.2463697682703305 5.994796919057086 6.209554229361076 0.20248546400090464 5.638913376267617 6.074563920027139 6.000932842208628 5.540738605842936 5.970253226450915 6.17273869045182 1.7916895602504288 5.0682725231741586 4.822835597112456 4.921010367537137 
-78.0 -77.0 -71.5 -71.0 -75.0 -59.0 -66.5 -60.0 -67.0 -63.0 -62.5 -65.0 -64.5 -64.0 -63.0 -63.0 -64.5 -63.5 -61.0 -67.5 -62.5 -60.5 -67.5 -66.0 -62.5 -61.5 -63.0 
