2.478912953223196 2.5464081078901644 2.380738182798515 2.386874105950058 2.429825568010856 2.5157284921324514 5.798447378207723 5.798447378207723 2.5157284921324514 5.890486225480862 2.509592568980909 5.703340569358814 4.816699673960914 4.7860200582032 4.528311285838413 3.380893656499953 2.435961491162398 1.4419419406125027 2.3193789512830896 2.6691265709210157 2.5709518004963345 2.779573187648782 2.478912953223196 2.12916533358527 2.313243028131547 2.6445828783148455 3.32567034813607 1.4848934026733007 2.9084275738311756 2.662990647769473 2.693670263527186 2.693670263527186 2.6998061866787286 2.718213956133356 2.650718801466388 
-67.5 -68.5 -68.5 -67.0 -68.5 -67.5 -68.5 -68.5 -67.0 -68.5 -67.0 -69.5 -72.0 -65.0 -65.5 -65.0 -66.5 -67.5 -68.5 -67.0 -66.0 -66.0 -67.5 -67.5 -66.5 -65.0 -64.0 -73.0 -66.5 -65.0 -64.5 -63.0 -65.0 -65.0 -65.0 
1.1903690913992575 1.1658253987930873 1.3130875544301088 1.3560390164909069 1.239456476611598 1.3499030933393643 1.2517283229146832 1.325359400733194 1.2517283229146832 1.282407938672396 1.2026409377023426 1.1965050145508 1.2640001692177683 1.4910293258248433 1.2210487071569704 1.2578642460662257 1.3437671701878218 1.2701360923693108 1.3314953238847365 2.0800779483729293 2.073942025221387 1.859184714917397 2.184388641949153 2.2764274892222915 2.3623304133438876 2.3009711818284617 2.399145952253143 2.172116795646068 1.705786636128833 1.9144080232812801 1.5585244804918115 1.6137477888556946 1.8039614065535141 1.736466251886546 1.7671458676442586 1.6566992509164924 1.3928545554001621 1.6382914814618648 1.6505633277649499 1.6137477888556946 1.6137477888556946 
-64.0 -63.5 -65.5 -64.5 -64.5 -64.5 -63.5 -64.0 -64.0 -64.0 -64.0 -64.5 -63.5 -63.0 -62.5 -63.5 -63.5 -62.0 -62.5 -64.0 -62.5 -62.5 -62.5 -59.5 -59.5 -60.0 -60.0 -61.5 -63.0 -61.5 -60.5 -60.0 -59.5 -60.0 -60.0 -59.0 -59.5 -59.0 -59.0 -58.5 -58.5 
1.043106935762236 0.9878836273983529 1.012427320004523 1.012427320004523 1.0062913968529805 1.0062913968529805 0.9633399347921826 0.9878836273983529 0.9817477042468103 0.9940195505498954 0.9878836273983529 1.0062913968529805 1.000155473701438 1.000155473701438 1.0062913968529805 1.012427320004523 1.1658253987930873 1.4296700943094176 1.3928545554001621 1.184233168247715 1.0921943209745766 1.184233168247715 1.000155473701438 1.0615147052168636 0.9940195505498954 0.9633399347921826 0.9940195505498954 0.9756117810952678 1.1044661672776617 1.1290098598838318 1.043106935762236 1.325359400733194 1.552388557340269 1.4296700943094176 1.3069516312785663 1.2210487071569704 1.2333205534600555 1.337631247036279 1.2640001692177683 1.3560390164909069 1.3499030933393643 
-49.0 -49.0 -49.0 -49.0 -49.0 -49.0 -49.0 -49.0 -49.0 -49.0 -49.0 -49.0 -49.0 -49.0 -48.5 -49.0 -48.0 -49.5 -51.0 -52.0 -54.0 -55.0 -54.5 -56.5 -57.0 -57.5 -57.0 -56.0 -56.5 -55.5 -53.5 -51.0 -50.5 -50.0 -49.0 -49.0 -49.5 -49.5 -49.5 -49.0 -49.0 
1.0062913968529805 1.043106935762236 1.0185632431560658 1.0246991663076084 1.055378782065321 1.012427320004523 1.0062913968529805 0.9878836273983529 0.9878836273983529 0.9878836273983529 0.9633399347921826 0.9633399347921826 0.9756117810952678 0.9817477042468103 0.9633399347921826 0.859029241215959 1.030835089459151 1.1658253987930873 1.3437671701878218 1.2701360923693108 1.2578642460662257 1.5155730184310134 1.3744467859455345 1.3744467859455345 1.3130875544301088 1.2640001692177683 1.2762720155208536 1.325359400733194 1.3192234775816514 1.3989904785517047 1.214912784005428 1.2517283229146832 1.1106020904292042 1.043106935762236 0.9572040116406401 0.9572040116406401 0.9019807032767571 0.9081166264282996 0.944932165337555 0.9756117810952678 0.9694758579437253 
-52.5 -52.5 -52.5 -52.0 -52.0 -52.0 -52.0 -52.0 -52.0 -52.0 -51.5 -51.5 -51.5 -51.5 -51.5 -52.0 -52.0 -52.5 -52.0 -51.0 -52.0 -53.0 -53.0 -53.5 -53.5 -53.5 -53.5 -53.5 -54.0 -52.5 -53.5 -54.0 -54.0 -52.5 -52.0 -52.5 -52.5 -52.0 -51.5 -51.5 -50.5 
1.3928545554001621 1.3437671701878218 1.2762720155208536 1.2701360923693108 1.3069516312785663 1.2578642460662257 1.3008157081270237 1.3130875544301088 1.325359400733194 1.282407938672396 1.2946797849754812 1.3069516312785663 1.325359400733194 1.3314953238847365 1.2701360923693108 1.337631247036279 1.5830681730979816 2.0923497946760143 2.141437179888355 1.9941750242513334 1.9880391010997909 2.1230294104337273 2.2641556429192065 2.2457478734645786 2.313243028131547 2.356194490192345 2.4175537217077703 2.2641556429192065 1.9512235621905356 1.9389517158874505 2.2334760271614935 2.3930100291016 2.141437179888355 1.718058482431918 1.41126232485479 1.4971652489763858 1.533980787885641 1.5830681730979816 1.5892040962495242 1.6321555583103222 1.6260196351587797 
-52.5 -52.5 -52.5 -53.0 -52.5 -52.5 -53.0 -52.5 -52.5 -52.5 -52.5 -52.5 -52.0 -52.0 -52.5 -54.0 -53.0 -50.5 -50.5 -50.0 -53.0 -56.5 -56.5 -56.5 -57.5 -58.0 -59.0 -60.0 -57.0 -54.5 -52.0 -54.5 -56.0 -56.0 -55.0 -54.5 -54.0 -53.0 -52.5 -52.5 -52.0 
1.7855536370988863 1.748738098189631 1.7916895602504288 1.7855536370988863 1.718058482431918 1.7548740213411735 1.7241944055834606 1.6996507129772904 1.748738098189631 1.736466251886546 1.705786636128833 1.748738098189631 1.7241944055834606 1.6260196351587797 1.7426021750380885 1.6198837120072371 1.8100973297050567 2.2518837966161214 2.3071071049800045 2.1598449493429825 2.442097414313941 2.2948352586769194 2.3930100291016 2.350058567040802 2.350058567040802 2.2948352586769194 2.3193789512830896 2.36846633649543 2.2886993355253766 2.3623304133438876 2.2457478734645786 2.4175537217077703 2.350058567040802 1.8960002538266525 1.6689710972195777 1.7303303287350031 1.7794177139473437 1.748738098189631 1.8039614065535141 1.7978254834019713 1.7732817907958012 
-55.0 -55.0 -55.5 -55.0 -55.0 -54.5 -54.5 -55.0 -54.5 -54.0 -54.5 -54.0 -54.0 -53.5 -54.0 -55.5 -55.5 -55.0 -54.5 -56.0 -55.0 -55.5 -55.5 -56.0 -57.0 -57.5 -57.0 -56.5 -56.5 -57.5 -56.5 -57.5 -58.0 -57.0 -55.0 -55.0 -54.5 -54.0 -53.5 -53.5 -53.0 
4.546719055293041 4.313553975534423 4.485359823777615 4.571262747899211 4.546719055293041 4.608078286808466 4.565126824747668 4.6878452877785195 4.638757902566179 4.675573441475434 4.933282213840222 5.927301764390117 6.105243535784852 6.19728238305799 5.381204603902829 5.970253226450915 5.583690067903734 5.988660995905543 5.743224069843841 5.730952223540755 5.798447378207723 5.749359992995383 5.767767762450011 5.301437602932776 5.5100589900852235 5.945709533844745 6.240233845118788 6.154330920997192 5.71868037723767 4.657165672020807 4.577398671050753 4.804427827657828 4.466952054322987 4.509903516383785 4.264466590322082 4.4976316700806995 
-67.0 -66.0 -70.0 -69.5 -69.5 -67.0 -68.5 -68.5 -67.5 -68.5 -70.0 -64.5 -61.5 -58.0 -61.5 -61.5 -64.5 -61.5 -60.5 -62.5 -62.0 -61.5 -62.0 -64.5 -62.0 -59.0 -60.0 -62.0 -65.0 -67.5 -67.5 -66.0 -65.5 -65.0 -64.0 -64.0 
5.5100589900852235 5.730952223540755 2.2334760271614935 5.442563835418255 5.332117218690489 5.332117218690489 2.1475731030398975 5.994796919057086 5.64504929941916 5.289165756629691 5.393476450205914 5.8659425328746915 6.019340611663256 0.5399612373357456 0.006135923151542565 6.252505691421874 0.05522330836388308 6.007068765360171 5.957981380147831 5.945709533844745 5.9518454569962875 6.240233845118788 5.632777453116074 0.30679615757712825 5.773903685601553 2.859340188618835 4.221515128261284 4.424000592262189 4.681709364626977 4.921010367537137 4.878058905476339 4.914874444385594 4.908738521234052 
-70.5 -69.0 -70.0 -68.5 -68.0 -69.0 -68.5 -66.0 -66.5 -66.5 -66.5 -61.0 -60.5 -68.5 -64.5 -70.5 -66.5 -66.5 -68.0 -69.5 -68.0 -68.5 -69.0 -68.5 -66.0 -66.0 -69.5 -67.0 -64.5 -62.0 -62.5 -62.0 -61.5 
