2.662990647769473 2.693670263527186 2.724349879284899 6.025476534814799 6.056156150572511 2.9022916506796332 2.791845033951867 2.6384469551633027 2.736621725587984 5.957981380147831 6.007068765360171 6.105243535784852 2.767301341345697 2.761165418194154 3.0925052683774528 2.6568547246179306 2.5954954931025047 3.663146121470911 2.5893595699509624 2.325514874434632 6.007068765360171 2.834796496012665 2.675262494072558 6.135923151542564 3.2397674240144743 0.6810874698212247 4.147884050442774 2.5770877236478773 2.5280003384355365 2.8716120349219203 2.7857091108003242 5.939573610693203 
-70.0 -70.0 -67.0 -69.0 -69.5 -68.5 -69.5 -68.5 -67.5 -69.5 -69.5 -69.0 -68.5 -69.5 -68.5 -67.0 -68.5 -63.0 -66.5 -71.5 -72.0 -71.5 -67.5 -67.0 -64.5 -68.5 -67.0 -69.0 -68.0 -68.0 -69.0 -70.0 
1.2762720155208536 1.2762720155208536 1.2885438618239387 1.2885438618239387 1.2640001692177683 1.3069516312785663 1.4787574795217582 1.3744467859455345 1.3069516312785663 1.227184630308513 1.2026409377023426 1.3130875544301088 1.3499030933393643 1.4419419406125027 1.4051264017032472 1.3069516312785663 1.325359400733194 1.1903690913992575 1.3867186322486196 2.018718716857504 2.0493983326152168 1.9389517158874505 2.110757564130642 2.2027964114037806 2.1598449493429825 2.1905245651006955 2.2457478734645786 2.380738182798515 2.12916533358527 2.024854640009046 1.902136176978195 1.2578642460662257 1.3928545554001621 1.4358060174609601 1.4296700943094176 1.3621749396424494 1.3928545554001621 1.4542137869155878 1.380582709097077 1.3192234775816514 1.3621749396424494 
-62.0 -62.5 -62.0 -62.5 -63.5 -62.0 -62.5 -62.0 -62.0 -61.5 -61.5 -61.0 -60.5 -61.5 -61.0 -61.5 -62.0 -61.5 -61.5 -63.0 -62.5 -62.5 -62.0 -60.0 -59.5 -60.0 -59.5 -61.5 -63.0 -63.5 -63.5 -61.5 -61.0 -62.0 -62.0 -61.0 -61.0 -60.5 -60.5 -60.5 -61.5 
1.1044661672776617 1.0983302441261191 1.0799224746714913 1.1106020904292042 1.0737865515199487 1.0983302441261191 1.1044661672776617 1.1290098598838318 1.1290098598838318 1.1044661672776617 1.086058397823034 1.1044661672776617 1.0983302441261191 1.1596894756415448 1.1658253987930873 1.1228739367322893 1.1106020904292042 1.4664856332186729 1.4296700943094176 1.0921943209745766 1.1596894756415448 1.2333205534600555 1.0246991663076084 1.012427320004523 1.012427320004523 1.0615147052168636 1.055378782065321 1.0921943209745766 1.227184630308513 1.3867186322486196 1.2333205534600555 1.2455923997631406 1.3314953238847365 1.2578642460662257 1.1965050145508 1.184233168247715 1.2210487071569704 1.184233168247715 1.1535535524900022 1.1167380135807468 1.0676506283684062 
-48.5 -48.5 -48.5 -48.5 -48.5 -48.5 -48.5 -48.5 -49.0 -48.5 -48.5 -48.5 -48.5 -48.5 -49.0 -48.5 -48.0 -50.5 -50.5 -52.0 -56.0 -54.5 -55.5 -57.0 -57.5 -57.5 -57.0 -55.5 -53.5 -53.5 -52.5 -50.5 -49.5 -49.5 -48.5 -48.0 -48.0 -48.0 -48.0 -48.5 -48.5 
1.0615147052168636 1.055378782065321 1.0921943209745766 1.0737865515199487 1.0615147052168636 1.0676506283684062 1.043106935762236 0.9510680884890975 1.012427320004523 1.012427320004523 0.9756117810952678 1.055378782065321 1.012427320004523 1.086058397823034 1.043106935762236 0.9817477042468103 0.9694758579437253 1.282407938672396 1.4051264017032472 1.2087768608538851 1.368310862793992 1.4603497100671303 1.3928545554001621 1.3928545554001621 1.3989904785517047 1.3437671701878218 1.3989904785517047 1.4787574795217582 1.5830681730979816 1.5278448647340985 1.5585244804918115 1.4480778637640452 1.4358060174609601 1.1780972450961724 1.055378782065321 1.0246991663076084 1.012427320004523 0.9940195505498954 1.0246991663076084 0.9817477042468103 1.012427320004523 
-51.5 -51.5 -51.5 -51.5 -51.0 -51.5 -51.5 -51.0 -51.0 -51.0 -51.0 -51.0 -51.0 -51.0 -51.0 -51.5 -51.5 -53.5 -53.0 -51.0 -52.5 -53.0 -53.0 -53.0 -53.0 -53.0 -53.0 -53.0 -52.5 -52.0 -53.0 -52.5 -53.5 -52.5 -52.5 -52.0 -51.5 -51.5 -52.0 -51.5 -51.5 
1.2946797849754812 1.3069516312785663 1.325359400733194 1.3621749396424494 1.337631247036279 1.337631247036279 1.2885438618239387 1.3069516312785663 1.325359400733194 1.3928545554001621 1.3928545554001621 1.380582709097077 1.4173982480063325 1.3989904785517047 1.4051264017032472 1.3744467859455345 1.3560390164909069 2.0493983326152168 2.1598449493429825 2.2027964114037806 2.0493983326152168 2.2580197197676637 2.350058567040802 2.325514874434632 2.325514874434632 2.313243028131547 2.3009711818284617 2.3193789512830896 2.2150682577068657 1.9880391010997909 2.0800779483729293 2.141437179888355 2.1537090261914402 1.7732817907958012 1.5278448647340985 1.3867186322486196 1.3499030933393643 1.3560390164909069 1.368310862793992 1.337631247036279 1.325359400733194 
-53.0 -52.5 -52.0 -52.5 -52.5 -52.0 -52.5 -52.0 -52.0 -52.0 -52.0 -52.0 -52.0 -52.0 -52.0 -53.0 -54.5 -52.5 -51.5 -51.5 -52.0 -56.0 -56.5 -56.0 -56.0 -56.0 -55.5 -54.5 -55.0 -51.0 -49.5 -50.5 -53.0 -54.5 -56.0 -55.0 -53.0 -53.0 -54.0 -54.0 -54.5 
1.761009944492716 1.736466251886546 1.761009944492716 1.718058482431918 1.7548740213411735 1.705786636128833 1.748738098189631 1.6873788666742053 1.7241944055834606 1.7241944055834606 1.7916895602504288 1.6873788666742053 1.748738098189631 1.748738098189631 1.7548740213411735 1.7119225592803755 1.7119225592803755 2.3009711818284617 2.2212041808584084 2.2150682577068657 2.4911847995262812 2.423689644859313 2.411417798556228 2.350058567040802 2.3623304133438876 2.3746022596469727 2.3930100291016 2.411417798556228 2.337786720737717 2.356194490192345 2.172116795646068 2.4175537217077703 2.350058567040802 1.945087639038993 1.7426021750380885 1.7119225592803755 1.718058482431918 1.7303303287350031 1.662835174068035 1.6873788666742053 1.6935147898257479 
-53.5 -53.0 -53.0 -53.0 -53.0 -53.5 -53.0 -53.0 -53.0 -53.0 -53.0 -53.0 -53.0 -52.5 -53.5 -54.0 -55.0 -56.0 -56.0 -57.0 -55.0 -55.5 -55.5 -56.0 -56.0 -56.0 -55.5 -55.5 -55.0 -53.5 -54.5 -53.5 -55.0 -56.5 -56.0 -55.0 -54.0 -54.0 -54.5 -55.0 -55.0 
4.97623367590102 4.97623367590102 4.890330751779424 4.921010367537137 4.841243366567084 4.804427827657828 4.853515212870168 4.669437518323892 4.7860200582032 5.019185137961818 4.7307967498393175 4.565126824747668 4.608078286808466 4.921010367537137 4.755340442445488 4.902602598082509 5.651185222570702 6.252505691421874 6.277049384028044 5.829126993965437 5.798447378207723 5.902758071783947 5.939573610693203 5.835262917116979 5.792311455056181 5.798447378207723 5.822991070813893 6.019340611663256 5.810719224510809 5.8659425328746915 5.546874528994478 6.209554229361076 0.0 6.117515382087937 0.02454369260617026 5.4671075280244255 5.00077736850719 5.135767677841127 
-68.5 -67.0 -68.0 -67.0 -67.5 -67.5 -67.0 -66.5 -67.0 -67.0 -67.0 -65.5 -67.0 -66.5 -68.0 -67.5 -69.5 -63.0 -58.5 -60.0 -61.0 -61.5 -61.0 -61.5 -62.0 -63.0 -62.0 -61.0 -64.0 -60.0 -60.0 -58.0 -59.0 -62.0 -66.5 -67.5 -68.0 -68.5 
4.963961829597935 4.847379289718626 5.141903600992669 5.105088062083414 5.129631754689584 5.056000676871073 5.086680292628786 5.123495831538041 5.0682725231741586 5.062136600022616 5.227806525114265 5.105088062083414 5.019185137961818 4.896466674930966 5.037592907416445 4.97623367590102 1.9205439464328227 5.921165841238575 6.14819499784565 0.380427235395639 5.921165841238575 6.117515382087937 6.092971689481767 5.8045833013592665 5.982525072754001 5.902758071783947 5.970253226450915 6.1420590746941075 5.896622148632405 5.878214379177777 6.0991076126333095 5.688000761479957 5.896622148632405 1.8039614065535141 4.773748211900116 1.8346410223112268 1.8407769454627694 1.6935147898257479 
-66.0 -67.0 -65.5 -65.5 -66.5 -66.0 -66.5 -66.0 -65.5 -65.5 -64.5 -64.0 -65.0 -64.5 -65.5 -66.5 -76.5 -64.0 -61.5 -67.0 -63.0 -67.5 -64.5 -65.5 -66.0 -65.5 -64.5 -64.0 -67.5 -61.0 -67.0 -60.0 -65.0 -70.0 -66.5 -68.0 -69.5 -71.0 
