2.8102528034064944 6.0991076126333095 2.8409324191642074 2.9022916506796332 2.730485802436441 6.007068765360171 2.8286605728611223 2.761165418194154 2.6445828783148455 2.6384469551633027 2.724349879284899 2.6875343403756435 2.429825568010856 5.706408530934585 5.737088146692298 5.325981295538946 5.166447293598839 4.2092432819582 3.3379421944391554 2.6261751088602177 5.8659425328746915 2.791845033951867 2.767301341345697 2.890019804376548 2.8102528034064944 3.4606606574700063 4.706253057233147 5.798447378207723 2.6875343403756435 2.834796496012665 2.816388726558037 2.6875343403756435 2.773437264497239 
-68.5 -70.5 -69.0 -68.5 -68.0 -68.5 -66.5 -68.0 -67.5 -67.5 -68.5 -67.0 -68.5 -68.5 -68.5 -67.0 -67.5 -65.5 -65.0 -66.0 -71.5 -69.5 -69.0 -70.0 -64.5 -63.0 -66.5 -69.0 -67.0 -67.0 -66.5 -67.0 -67.5 
1.3499030933393643 1.3499030933393643 1.4664856332186729 1.4542137869155878 1.3989904785517047 1.2701360923693108 1.4664856332186729 1.4787574795217582 1.325359400733194 1.043106935762236 1.2517283229146832 1.3069516312785663 1.423534171157875 1.2885438618239387 1.337631247036279 1.2455923997631406 1.2210487071569704 1.1719613219446299 1.3314953238847365 1.2640001692177683 1.3621749396424494 2.0371264863121317 2.1905245651006955 2.12916533358527 1.9757672547967058 2.172116795646068 2.2150682577068657 2.1905245651006955 2.3071071049800045 2.2518837966161214 2.2457478734645786 2.055534255766759 2.1475731030398975 1.932815792735908 1.7241944055834606 1.576932249946439 1.5892040962495242 1.533980787885641 1.5462526341887264 1.6812429435226628 1.662835174068035 1.6198837120072371 1.3560390164909069 
-66.5 -66.5 -64.5 -65.5 -65.0 -65.0 -64.5 -64.5 -62.5 -63.5 -63.0 -63.0 -62.5 -62.0 -62.5 -62.5 -62.5 -62.0 -62.5 -62.5 -62.0 -63.5 -63.0 -61.5 -63.0 -62.0 -60.0 -59.5 -60.0 -61.5 -62.5 -62.0 -61.0 -59.0 -59.0 -61.5 -60.5 -61.0 -60.5 -59.5 -58.0 -58.5 -59.0 
0.8344855486097889 0.8774370106705868 0.8958447801252144 0.9326603190344698 0.9265243958829272 0.944932165337555 1.0062913968529805 0.9940195505498954 1.0246991663076084 1.043106935762236 1.0185632431560658 1.0615147052168636 1.0246991663076084 1.0676506283684062 1.1106020904292042 1.0737865515199487 1.1044661672776617 1.086058397823034 1.282407938672396 1.607611865704152 1.576932249946439 1.3069516312785663 1.0921943209745766 1.282407938672396 1.1903690913992575 1.1228739367322893 1.1351457830353744 1.141281706186917 1.0983302441261191 1.1965050145508 1.3744467859455345 1.3621749396424494 1.3069516312785663 1.5585244804918115 1.761009944492716 1.533980787885641 1.3621749396424494 1.239456476611598 1.2885438618239387 1.3621749396424494 1.282407938672396 1.368310862793992 
-49.5 -49.5 -49.5 -49.5 -49.0 -49.0 -49.0 -49.0 -49.0 -49.0 -49.0 -49.0 -49.0 -49.0 -49.0 -49.0 -49.0 -48.5 -48.5 -49.5 -50.5 -50.5 -54.0 -55.0 -53.5 -54.5 -55.5 -56.5 -56.0 -54.5 -53.5 -54.5 -51.5 -50.0 -51.0 -51.0 -50.0 -50.5 -50.5 -50.0 -50.0 -50.0 
0.9756117810952678 1.012427320004523 0.9817477042468103 0.9878836273983529 0.9940195505498954 0.9756117810952678 0.9817477042468103 0.9142525495798421 0.9940195505498954 0.9510680884890975 1.0062913968529805 1.0246991663076084 0.9940195505498954 0.9940195505498954 1.030835089459151 1.0062913968529805 0.9694758579437253 0.9572040116406401 1.1228739367322893 1.3130875544301088 1.4480778637640452 1.3744467859455345 1.2087768608538851 1.5585244804918115 1.533980787885641 1.509437095279471 1.4848934026733007 1.4603497100671303 1.533980787885641 1.4787574795217582 1.533980787885641 1.5707963267948966 1.3314953238847365 1.3989904785517047 1.2762720155208536 1.1535535524900022 1.0062913968529805 0.9019807032767571 0.9694758579437253 0.9203884727313847 0.9510680884890975 1.000155473701438 1.0676506283684062 
-52.5 -52.5 -52.0 -52.0 -52.0 -52.0 -52.0 -52.0 -51.5 -51.5 -51.5 -51.5 -51.5 -51.5 -51.5 -51.5 -51.5 -52.0 -51.5 -52.5 -51.5 -49.5 -51.5 -53.5 -52.5 -53.0 -53.0 -53.0 -53.0 -53.5 -52.5 -52.5 -52.0 -51.5 -53.0 -53.0 -53.0 -53.0 -53.0 -52.0 -52.0 -52.0 -51.5 
1.2087768608538851 1.3130875544301088 1.3130875544301088 1.3069516312785663 1.3314953238847365 1.282407938672396 1.239456476611598 1.2885438618239387 1.3560390164909069 1.2885438618239387 1.3744467859455345 1.3437671701878218 1.3499030933393643 1.3928545554001621 1.337631247036279 1.3621749396424494 1.3192234775816514 1.3130875544301088 1.5462526341887264 1.9757672547967058 2.098485717827557 1.9941750242513334 1.9880391010997909 2.067806102069844 2.2089323345553233 2.3071071049800045 2.313243028131547 2.313243028131547 2.3439226438892597 2.356194490192345 2.2396119503130363 2.0493983326152168 2.116893487282185 2.0800779483729293 2.227340104009951 1.9144080232812801 1.5462526341887264 1.4664856332186729 1.5401167110371838 1.4971652489763858 1.4664856332186729 1.4358060174609601 1.4603497100671303 
-54.5 -54.5 -54.5 -54.0 -54.0 -53.5 -53.5 -53.0 -53.0 -53.0 -53.0 -53.0 -53.0 -53.0 -52.5 -53.0 -52.5 -53.0 -53.5 -51.0 -50.0 -50.5 -52.0 -53.0 -54.0 -53.5 -54.0 -54.5 -54.5 -54.5 -54.0 -51.5 -50.0 -49.0 -52.0 -54.0 -55.0 -54.5 -53.5 -52.5 -52.5 -53.5 -53.0 
1.6137477888556946 1.6198837120072371 1.6566992509164924 1.7119225592803755 1.705786636128833 1.6689710972195777 1.7119225592803755 1.6689710972195777 1.6996507129772904 1.7119225592803755 1.6996507129772904 1.7548740213411735 1.7426021750380885 1.6996507129772904 1.7241944055834606 1.7303303287350031 1.7119225592803755 1.6873788666742053 1.8162332528565992 2.2580197197676637 2.1905245651006955 2.0493983326152168 2.411417798556228 2.3439226438892597 2.356194490192345 2.3746022596469727 2.3930100291016 2.429825568010856 2.411417798556228 2.454369260617026 2.399145952253143 2.399145952253143 2.313243028131547 2.1966604882522383 2.2518837966161214 2.086213871524472 1.9082721001297376 1.8714565612204823 1.9880391010997909 1.8407769454627694 1.8223691760081417 1.846912868614312 1.8407769454627694 
-56.0 -56.5 -55.5 -55.0 -55.5 -55.0 -55.0 -54.5 -54.5 -54.5 -54.0 -54.0 -54.0 -54.0 -53.5 -53.5 -53.5 -54.5 -55.0 -55.5 -54.5 -56.0 -54.5 -54.0 -54.0 -54.5 -55.0 -55.5 -55.5 -54.5 -54.0 -53.0 -54.5 -54.0 -54.5 -55.0 -54.5 -54.5 -53.5 -53.5 -53.0 -53.0 -52.5 
5.589825991055276 5.368932757599744 5.283029833478148 5.307573526084319 5.209398755659637 5.258486140871978 5.043728830567988 4.988505522204105 4.945554060143307 5.074408446325701 4.914874444385594 4.908738521234052 5.117359908386499 4.994641445355648 4.749204519293945 4.970097752749477 5.123495831538041 6.2463697682703305 5.792311455056181 6.111379458936394 5.632777453116074 6.025476534814799 5.982525072754001 5.957981380147831 5.841398840268521 5.921165841238575 6.000932842208628 5.737088146692298 5.829126993965437 5.706408530934585 5.964117303299373 0.03681553890925539 0.04295146206079795 5.497787143782138 4.657165672020807 4.749204519293945 
-67.0 -66.5 -68.0 -66.5 -68.0 -66.5 -68.0 -68.0 -67.5 -66.5 -67.5 -65.5 -67.0 -66.5 -66.0 -68.0 -69.5 -59.0 -61.0 -60.5 -61.5 -61.5 -59.5 -61.0 -61.5 -61.0 -60.0 -61.5 -59.5 -59.0 -57.5 -60.5 -63.5 -71.0 -69.5 -67.5 
2.086213871524472 5.117359908386499 2.061670178918302 1.8285050991596843 5.872078456026235 0.4111068511533518 6.068427996875596 6.062292073724054 5.8659425328746915 5.890486225480862 0.018407769454627694 0.2945243112740431 5.8659425328746915 0.0674951546669682 5.638913376267617 5.9518454569962875 2.3439226438892597 4.988505522204105 5.098952138931871 5.148039524144211 5.080544369477243 
-73.0 -68.0 -67.0 -74.5 -60.0 -68.5 -64.0 -64.5 -65.5 -64.0 -63.0 -68.0 -61.0 -66.0 -61.0 -62.0 -66.0 -65.0 -65.0 -64.0 -63.0 
