5.976389149602458 6.000932842208628 5.945709533844745 2.60776733940559 6.105243535784852 3.018874190558942 5.945709533844745 6.019340611663256 0.944932165337555 4.859651136021712 4.417864669110647 3.9944859716542096 3.074097498922825 5.829126993965437 2.718213956133356 6.0991076126333095 6.178874613603362 6.056156150572511 2.5157284921324514 3.0925052683774528 3.6692820446224537 2.5464081078901644 2.9391071895888885 5.945709533844745 
-72.0 -71.5 -71.5 -71.0 -71.0 -68.0 -70.5 -70.0 -74.5 -68.5 -64.5 -62.0 -62.0 -69.0 -69.0 -71.5 -70.5 -71.5 -68.0 -63.5 -62.5 -68.5 -67.5 -68.0 
1.1596894756415448 1.564660403643354 1.141281706186917 1.282407938672396 1.3621749396424494 1.1535535524900022 1.2701360923693108 1.2762720155208536 1.1658253987930873 1.141281706186917 1.3314953238847365 1.2087768608538851 1.1596894756415448 1.0492428589137786 1.1780972450961724 1.1596894756415448 1.4818254410975293 1.4971652489763858 5.93343768754166 5.387340527054372 2.110757564130642 2.2886993355253766 2.2089323345553233 2.0493983326152168 2.0800779483729293 2.2089323345553233 2.1475731030398975 1.9941750242513334 2.12916533358527 1.9634954084936207 1.5953400194010667 1.533980787885641 1.4787574795217582 1.5707963267948966 1.521708941582556 1.5401167110371838 1.509437095279471 1.564660403643354 1.4787574795217582 1.4051264017032472 1.4296700943094176 
-63.5 -63.0 -64.0 -63.5 -63.0 -63.5 -63.5 -64.0 -64.0 -64.0 -64.0 -63.5 -64.5 -63.5 -63.5 -65.5 -66.5 -66.5 -68.5 -65.0 -64.0 -62.0 -60.5 -59.5 -59.0 -60.5 -63.5 -63.5 -62.5 -63.0 -61.5 -61.0 -61.0 -61.5 -60.0 -59.0 -59.0 -59.5 -59.5 -60.0 -60.5 
1.0185632431560658 1.0369710126106935 1.0492428589137786 1.0246991663076084 1.030835089459151 0.9633399347921826 1.0369710126106935 1.0492428589137786 1.055378782065321 1.0737865515199487 1.0369710126106935 1.0492428589137786 1.0246991663076084 0.9756117810952678 1.0062913968529805 1.0615147052168636 4.439340400141045 1.509437095279471 1.368310862793992 1.1535535524900022 1.5462526341887264 1.2885438618239387 1.2517283229146832 1.2087768608538851 1.184233168247715 1.184233168247715 1.2026409377023426 1.3069516312785663 1.4787574795217582 1.1965050145508 1.1596894756415448 1.4848934026733007 1.5278448647340985 1.4051264017032472 1.2640001692177683 1.2333205534600555 1.3008157081270237 1.2701360923693108 1.2517283229146832 1.2455923997631406 1.1780972450961724 1.2026409377023426 
-49.0 -49.0 -49.0 -49.0 -49.5 -49.0 -49.0 -49.0 -49.0 -49.0 -49.0 -49.0 -49.0 -49.0 -49.0 -49.5 -50.0 -49.5 -49.5 -50.5 -53.0 -52.0 -53.5 -55.0 -55.5 -56.0 -55.0 -53.5 -53.5 -53.5 -50.5 -50.5 -50.5 -50.5 -49.5 -49.0 -48.5 -49.0 -49.0 -48.5 -48.5 -49.0 
1.0369710126106935 1.012427320004523 1.0062913968529805 1.043106935762236 1.030835089459151 0.9940195505498954 1.043106935762236 0.9817477042468103 1.0246991663076084 1.0369710126106935 1.030835089459151 1.0492428589137786 1.0492428589137786 1.0737865515199487 1.0185632431560658 1.0707185899441776 1.4081943632790186 1.6260196351587797 1.3560390164909069 1.3008157081270237 1.6505633277649499 1.6014759425526093 1.576932249946439 1.6505633277649499 1.552388557340269 1.5707963267948966 1.6198837120072371 1.607611865704152 1.6689710972195777 1.521708941582556 1.2885438618239387 1.564660403643354 1.5401167110371838 1.1780972450961724 1.043106935762236 1.0185632431560658 1.0492428589137786 1.043106935762236 1.0369710126106935 1.055378782065321 1.0062913968529805 1.0799224746714913 
-52.0 -52.0 -52.0 -52.0 -52.0 -51.5 -52.0 -52.0 -52.0 -52.0 -52.0 -51.5 -51.5 -51.5 -52.0 -53.0 -53.0 -52.5 -50.0 -51.0 -52.0 -51.5 -52.5 -52.5 -52.5 -52.5 -52.5 -52.5 -51.5 -52.5 -51.5 -52.0 -53.5 -53.0 -52.0 -52.0 -51.0 -51.0 -51.0 -51.0 -51.0 -52.0 
1.2517283229146832 1.2578642460662257 1.2578642460662257 1.227184630308513 1.2762720155208536 1.2762720155208536 1.2210487071569704 1.2455923997631406 1.2210487071569704 1.2455923997631406 1.1474176293384597 1.1535535524900022 1.1535535524900022 1.2946797849754812 1.214912784005428 4.565126824747668 1.7548740213411735 1.9819031779482483 1.9266798695843652 1.9389517158874505 1.9512235621905356 2.024854640009046 2.141437179888355 2.2334760271614935 2.2334760271614935 2.2089323345553233 2.227340104009951 2.110757564130642 1.9880391010997909 2.018718716857504 1.9819031779482483 2.0371264863121317 2.055534255766759 1.7548740213411735 1.6014759425526093 1.4296700943094176 1.4910293258248433 1.5462526341887264 1.4173982480063325 1.4787574795217582 1.5278448647340985 1.4787574795217582 
-53.5 -53.0 -53.5 -53.5 -53.5 -53.5 -53.5 -53.5 -53.5 -53.5 -53.5 -53.5 -53.5 -53.5 -53.5 -55.5 -53.0 -49.5 -48.5 -50.0 -49.5 -53.0 -52.5 -52.5 -53.0 -53.5 -53.0 -53.0 -52.0 -50.0 -50.0 -49.0 -51.5 -53.5 -55.0 -54.0 -53.0 -52.0 -52.0 -52.5 -52.5 -53.0 
1.7916895602504288 1.7241944055834606 1.7855536370988863 1.761009944492716 1.748738098189631 1.7303303287350031 1.6444274046134073 1.705786636128833 1.6996507129772904 1.6935147898257479 1.6935147898257479 1.662835174068035 1.718058482431918 1.7241944055834606 1.6873788666742053 1.7794177139473437 5.258486140871978 2.350058567040802 2.073942025221387 2.325514874434632 2.2212041808584084 2.2518837966161214 2.3071071049800045 2.325514874434632 2.3623304133438876 2.2641556429192065 2.337786720737717 2.337786720737717 2.2334760271614935 2.3071071049800045 2.2212041808584084 2.1905245651006955 2.313243028131547 2.0064468705544187 1.8346410223112268 1.748738098189631 1.8162332528565992 1.8960002538266525 1.859184714917397 1.8407769454627694 1.8223691760081417 1.8285050991596843 
-54.5 -54.5 -54.5 -54.0 -54.5 -54.0 -54.0 -54.0 -54.0 -54.0 -54.0 -54.0 -53.5 -54.5 -55.0 -56.5 -55.5 -53.5 -54.5 -54.5 -52.5 -53.5 -53.0 -54.0 -54.0 -54.5 -54.0 -53.5 -54.0 -53.0 -55.0 -53.5 -54.0 -55.0 -55.0 -54.0 -52.5 -51.5 -52.0 -52.5 -52.5 -53.0 
5.3627968344482015 5.270757987175063 5.381204603902829 5.295301679781233 5.2339424482658075 5.21553467881118 5.227806525114265 5.2768939103266055 5.148039524144211 5.203262832508095 5.264622064023521 5.534602682691394 5.985593034329772 6.0899037279059955 6.105243535784852 5.872078456026235 5.890486225480862 5.516194913236766 6.043884304269426 6.1420590746941075 5.93343768754166 6.068427996875596 5.970253226450915 6.031612457966341 6.092971689481767 5.620505606812989 5.927301764390117 5.792311455056181 6.1850105367549055 6.270913460876501 0.07363107781851078 5.915029918087033 5.013049214810275 4.963961829597935 4.73693267299086 4.908738521234052 4.7307967498393175 4.896466674930966 4.847379289718626 
-68.5 -70.0 -67.5 -70.0 -69.5 -68.5 -68.0 -69.0 -69.0 -68.5 -69.0 -68.5 -67.0 -61.5 -57.5 -57.0 -59.0 -58.5 -60.5 -59.0 -60.0 -60.5 -60.5 -59.5 -60.0 -61.0 -57.5 -59.5 -56.0 -60.0 -62.0 -64.0 -68.5 -65.0 -65.0 -64.5 -66.0 -66.5 -66.5 
2.1046216409791 5.442563835418255 2.116893487282185 2.12916533358527 5.197126909356553 2.1475731030398975 2.043262409463674 5.411884219660542 2.2027964114037806 6.117515382087937 5.884350302329319 5.724816300389213 0.030679615757712823 5.522330836388308 6.191146459906448 5.994796919057086 6.031612457966341 5.982525072754001 5.921165841238575 5.982525072754001 0.01227184630308513 5.798447378207723 5.957981380147831 6.105243535784852 5.6573211457222445 5.945709533844745 6.025476534814799 5.086680292628786 5.227806525114265 5.062136600022616 5.013049214810275 5.086680292628786 5.166447293598839 
-71.5 -69.5 -71.0 -70.5 -68.5 -70.0 -70.0 -70.5 -74.5 -69.0 -59.0 -60.0 -60.0 -61.0 -64.0 -61.5 -62.5 -63.5 -63.5 -63.5 -64.0 -64.5 -59.5 -67.0 -58.5 -61.0 -65.0 -63.0 -62.5 -61.0 -64.0 -64.0 -64.5 
