6.160466844148735 2.82252464970958 2.705942109830271 2.9022916506796332 2.5586799541932495 5.927301764390117 5.939573610693203 2.5402721847386216 2.6813984172241008 2.5280003384355365 2.675262494072558 2.386874105950058 2.779573187648782 2.9145634969827183 2.411417798556228 4.908738521234052 5.190990986205009 4.411728745959104 3.54042765844006 2.6384469551633027 2.2212041808584084 0.5276893910326605 0.1718058482431918 0.2086213871524472 6.1420590746941075 2.9575149590435164 3.5711072741977725 5.841398840268521 5.620505606812989 5.755495916146925 2.466641106920111 
-71.0 -68.5 -66.0 -68.5 -68.0 -68.5 -69.0 -67.5 -68.5 -68.0 -69.0 -69.0 -68.0 -69.0 -69.5 -74.5 -67.5 -64.5 -63.0 -64.5 -70.0 -74.0 -71.5 -72.0 -68.5 -64.5 -65.5 -77.5 -72.0 -71.0 -70.0 
1.2762720155208536 1.2640001692177683 0.9817477042468103 1.2640001692177683 1.4051264017032472 1.2640001692177683 1.3928545554001621 1.0062913968529805 1.260932207641997 1.2762720155208536 1.3130875544301088 1.227184630308513 1.4051264017032472 1.4910293258248433 1.4051264017032472 4.516039439535327 1.4542137869155878 1.6321555583103222 2.1659808724945253 2.012582793705961 2.098485717827557 2.000310947402876 2.043262409463674 2.116893487282185 2.1598449493429825 2.055534255766759 2.1046216409791 2.442097414313941 2.2641556429192065 2.0064468705544187 1.748738098189631 1.6014759425526093 1.5033011721279284 1.423534171157875 1.41126232485479 1.368310862793992 1.282407938672396 1.3928545554001621 1.3008157081270237 1.2578642460662257 
-66.0 -65.5 -66.5 -64.0 -64.5 -63.5 -66.0 -64.0 -66.0 -63.5 -65.0 -64.0 -65.5 -65.0 -64.5 -64.5 -63.5 -62.5 -66.5 -62.5 -62.0 -63.5 -60.0 -59.5 -60.0 -60.5 -61.5 -62.5 -63.5 -66.5 -63.0 -62.0 -62.0 -63.0 -64.5 -63.5 -64.0 -64.5 -64.5 -63.0 
0.9326603190344698 0.9633399347921826 0.9387962421860124 1.000155473701438 1.043106935762236 0.9878836273983529 0.8958447801252144 0.9510680884890975 4.086524818927348 0.9572040116406401 0.9387962421860124 0.9633399347921826 0.944932165337555 0.9387962421860124 0.9756117810952678 4.267534551897854 1.5707963267948966 1.4358060174609601 1.1780972450961724 1.2946797849754812 1.3560390164909069 1.1658253987930873 1.227184630308513 1.2333205534600555 1.227184630308513 1.1351457830353744 1.2640001692177683 1.4173982480063325 1.4173982480063325 1.4296700943094176 1.239456476611598 1.3192234775816514 1.184233168247715 0.9878836273983529 0.944932165337555 0.9265243958829272 0.9694758579437253 0.9572040116406401 0.9817477042468103 1.030835089459151 
-50.0 -49.5 -49.5 -49.5 -49.0 -49.5 -49.5 -49.0 -50.0 -49.5 -49.5 -49.5 -49.5 -49.5 -49.5 -49.5 -49.5 -50.0 -51.0 -54.0 -53.0 -53.0 -55.5 -56.5 -56.5 -56.0 -53.0 -53.5 -53.0 -53.0 -51.0 -50.0 -50.0 -50.0 -51.0 -50.5 -50.0 -49.5 -49.5 -49.5 
1.0246991663076084 0.9940195505498954 0.9694758579437253 1.043106935762236 1.0062913968529805 1.012427320004523 1.0369710126106935 1.055378782065321 1.0032234352772094 1.000155473701438 1.0615147052168636 1.0246991663076084 1.0246991663076084 0.9510680884890975 0.8897088569736719 1.033903051034922 1.2578642460662257 1.3928545554001621 1.3314953238847365 1.533980787885641 1.607611865704152 1.521708941582556 1.5830681730979816 1.521708941582556 1.5033011721279284 1.5462526341887264 1.6382914814618648 1.5585244804918115 1.5585244804918115 1.9266798695843652 1.8100973297050567 1.607611865704152 1.3069516312785663 1.1290098598838318 1.0799224746714913 1.030835089459151 1.0185632431560658 1.055378782065321 1.0062913968529805 0.9756117810952678 
-52.0 -52.5 -52.0 -52.0 -51.5 -51.5 -51.5 -52.0 -52.5 -52.0 -52.0 -52.0 -52.0 -52.0 -52.5 -52.5 -51.5 -51.0 -51.0 -52.5 -52.0 -52.5 -52.5 -52.5 -52.5 -52.5 -52.0 -52.5 -51.0 -52.5 -53.0 -54.0 -53.0 -54.0 -54.0 -53.5 -53.0 -53.0 -53.0 -52.5 
1.1658253987930873 1.227184630308513 1.2517283229146832 1.2762720155208536 1.282407938672396 1.3192234775816514 1.3069516312785663 1.2455923997631406 1.2241166687327416 1.3130875544301088 1.2210487071569704 1.1965050145508 1.1965050145508 1.1658253987930873 1.1965050145508 1.325359400733194 1.8223691760081417 1.9634954084936207 1.9512235621905356 1.8714565612204823 2.098485717827557 2.1659808724945253 2.270291566070749 2.2518837966161214 2.2150682577068657 2.1537090261914402 2.227340104009951 2.0371264863121317 1.9634954084936207 2.0371264863121317 2.1537090261914402 2.0371264863121317 1.7241944055834606 1.423534171157875 1.3130875544301088 1.1965050145508 1.227184630308513 1.239456476611598 1.282407938672396 1.2517283229146832 
-54.0 -53.5 -53.5 -53.5 -53.0 -53.0 -53.5 -53.5 -54.0 -53.5 -54.0 -53.5 -53.5 -53.0 -53.0 -53.5 -50.0 -49.5 -49.5 -50.5 -53.5 -52.5 -52.0 -52.5 -53.0 -52.5 -52.5 -52.5 -51.5 -49.0 -50.0 -52.5 -54.5 -56.5 -55.5 -55.5 -55.0 -55.0 -55.0 -54.0 
1.6444274046134073 1.6321555583103222 1.705786636128833 1.6873788666742053 1.7241944055834606 1.6812429435226628 1.6873788666742053 1.6812429435226628 1.6781749819468914 1.7303303287350031 1.6198837120072371 1.6689710972195777 1.705786636128833 1.6382914814618648 1.6198837120072371 1.6720390587953489 2.141437179888355 1.9512235621905356 2.2396119503130363 2.3193789512830896 2.270291566070749 2.3439226438892597 2.3439226438892597 2.386874105950058 2.399145952253143 2.325514874434632 2.337786720737717 2.3009711818284617 2.337786720737717 2.2089323345553233 2.405281875404685 2.3009711818284617 1.9819031779482483 1.7119225592803755 1.8162332528565992 1.6566992509164924 1.6014759425526093 1.7732817907958012 1.6873788666742053 1.6137477888556946 
-55.0 -55.0 -54.5 -54.5 -54.5 -54.5 -54.5 -54.5 -55.0 -55.0 -55.0 -55.0 -55.0 -54.5 -55.5 -56.0 -55.0 -54.0 -56.0 -52.5 -53.0 -54.0 -53.5 -53.5 -53.5 -53.5 -54.5 -53.0 -53.0 -54.0 -53.0 -54.0 -56.5 -59.0 -57.5 -58.0 -57.0 -56.5 -55.5 -56.0 
5.160311370447297 5.105088062083414 4.945554060143307 4.767612288748572 4.9823695990525625 5.056000676871073 5.117359908386499 4.970097752749477 5.160311370447297 5.031456984264903 5.3627968344482015 5.872078456026235 5.915029918087033 5.534602682691394 5.712544454086128 5.516194913236766 5.982525072754001 6.111379458936394 6.111379458936394 6.013204688511713 6.080699843178682 6.117515382087937 5.9518454569962875 5.957981380147831 5.595961914206819 0.030679615757712823 6.270913460876501 6.209554229361076 6.277049384028044 6.000932842208628 5.8045833013592665 5.737088146692298 5.66959299202533 5.5284667595398505 5.3627968344482015 
-66.0 -68.0 -66.0 -67.5 -66.5 -67.5 -68.0 -66.5 -66.5 -68.5 -70.0 -61.0 -57.5 -61.5 -60.0 -62.0 -59.0 -60.5 -60.5 -60.5 -61.0 -59.0 -61.5 -60.5 -59.5 -57.0 -58.0 -61.5 -62.5 -64.0 -65.5 -66.0 -68.0 -67.0 -68.5 
2.061670178918302 2.1230294104337273 2.386874105950058 2.270291566070749 2.2518837966161214 2.313243028131547 2.2948352586769194 5.862874571298921 5.976389149602458 5.743224069843841 0.48473792897186263 5.957981380147831 0.12885438618239387 6.19728238305799 6.092971689481767 6.105243535784852 6.074563920027139 6.043884304269426 0.05522330836388308 2.6261751088602177 5.859806609723149 5.915029918087033 5.6941366846315 5.859806609723149 4.227651051412827 5.0682725231741586 
-70.5 -70.5 -71.5 -71.0 -70.5 -70.0 -70.0 -71.0 -61.5 -59.5 -68.5 -62.0 -67.5 -62.0 -62.5 -62.0 -63.5 -62.0 -63.0 -64.5 -62.0 -63.0 -60.0 -63.5 -74.5 -75.5 
