5.8659425328746915 5.9088939949354895 5.915029918087033 5.976389149602458 2.761165418194154 2.9084275738311756 2.705942109830271 2.6139032625571326 2.5157284921324514 6.056156150572511 2.859340188618835 6.074563920027139 5.9088939949354895 4.522175362686871 4.743068596142402 4.1172044346850605 3.2581751934691017 2.497320722677824 3.2888548092268146 3.816544200259475 4.4362724385652745 2.4911847995262812 2.313243028131547 2.466641106920111 2.6261751088602177 
-72.0 -71.5 -71.5 -71.0 -69.0 -69.0 -69.0 -69.0 -69.5 -71.0 -69.5 -70.5 -71.5 -68.5 -64.0 -62.0 -62.5 -67.5 -64.0 -64.5 -68.0 -71.5 -70.0 -68.0 -69.5 
2.000310947402876 5.221670601962723 1.9634954084936207 2.2089323345553233 1.7671458676442586 1.7119225592803755 2.1475731030398975 1.8714565612204823 1.8039614065535141 1.7303303287350031 1.6382914814618648 1.6751070203711202 1.5585244804918115 1.6935147898257479 1.4848934026733007 1.6321555583103222 1.3867186322486196 1.6382914814618648 1.3437671701878218 1.3744467859455345 1.6566992509164924 1.761009944492716 2.313243028131547 2.1046216409791 2.1537090261914402 2.018718716857504 2.098485717827557 2.12916533358527 2.270291566070749 2.1966604882522383 2.2396119503130363 2.4175537217077703 1.718058482431918 1.41126232485479 1.521708941582556 1.4664856332186729 1.4787574795217582 1.325359400733194 1.3130875544301088 1.337631247036279 1.3069516312785663 
-70.5 -71.0 -70.0 -69.5 -66.5 -69.0 -69.5 -70.0 -68.0 -68.0 -67.0 -68.0 -68.0 -69.5 -67.5 -66.5 -68.0 -66.5 -65.5 -66.0 -63.5 -66.0 -62.5 -63.0 -63.0 -62.0 -60.5 -59.5 -59.5 -61.0 -61.5 -64.5 -64.0 -62.0 -61.5 -62.0 -61.5 -62.5 -61.5 -62.0 -63.0 
0.6994952392758523 0.6504078540635119 0.619728238305799 0.6688156235181395 0.6872233929727672 0.6994952392758523 0.7117670855789375 0.6565437772150544 0.7179030087304801 0.7301748550335652 0.7669903939428205 0.7485826244881929 0.8160777791551611 0.7731263170943632 0.8283496254582462 0.7853981633974483 0.803805932852076 0.8160777791551611 0.8713010875190442 1.1535535524900022 1.4971652489763858 1.2946797849754812 1.086058397823034 1.4542137869155878 1.214912784005428 1.141281706186917 1.1474176293384597 1.184233168247715 1.2026409377023426 1.1290098598838318 1.239456476611598 1.368310862793992 1.3867186322486196 1.3008157081270237 1.4051264017032472 1.2762720155208536 1.0615147052168636 0.9940195505498954 0.9510680884890975 0.9694758579437253 0.9940195505498954 
-51.0 -50.5 -50.5 -51.0 -50.5 -51.0 -50.5 -50.5 -50.5 -50.5 -50.5 -50.5 -50.5 -50.5 -50.5 -50.5 -50.5 -50.0 -49.5 -48.5 -49.0 -49.5 -51.5 -54.0 -52.5 -54.0 -55.5 -56.0 -56.0 -54.5 -52.5 -53.5 -53.0 -50.5 -50.0 -49.5 -49.5 -49.5 -49.5 -49.5 -49.5 
1.086058397823034 1.0921943209745766 1.0615147052168636 1.0492428589137786 1.055378782065321 1.030835089459151 1.043106935762236 1.0185632431560658 1.0492428589137786 1.043106935762236 1.0185632431560658 1.0185632431560658 1.030835089459151 1.0492428589137786 1.012427320004523 1.0246991663076084 1.0185632431560658 1.030835089459151 0.9940195505498954 1.214912784005428 1.3744467859455345 1.2701360923693108 1.2762720155208536 1.5707963267948966 1.552388557340269 1.5401167110371838 1.5401167110371838 1.4848934026733007 1.5585244804918115 1.552388557340269 1.6382914814618648 1.521708941582556 1.8285050991596843 1.4542137869155878 1.2578642460662257 1.1719613219446299 0.9203884727313847 0.9817477042468103 0.9510680884890975 0.9142525495798421 0.9265243958829272 
-53.0 -53.0 -53.0 -53.0 -53.0 -52.5 -53.0 -53.0 -52.5 -53.0 -53.0 -53.0 -52.5 -53.0 -53.0 -52.5 -53.0 -53.0 -53.0 -52.0 -52.5 -49.5 -50.5 -52.0 -52.0 -52.5 -52.5 -52.0 -52.5 -52.5 -52.0 -52.0 -52.5 -54.5 -53.0 -52.0 -52.0 -52.5 -52.5 -52.5 -52.5 
1.1228739367322893 1.184233168247715 1.1535535524900022 1.184233168247715 1.1290098598838318 1.1044661672776617 1.1228739367322893 1.0921943209745766 1.1535535524900022 1.086058397823034 1.141281706186917 1.0983302441261191 1.1167380135807468 0.9756117810952678 1.1044661672776617 1.1780972450961724 1.1351457830353744 1.1167380135807468 1.2026409377023426 1.4910293258248433 1.902136176978195 1.8407769454627694 1.8653206380689396 1.932815792735908 2.141437179888355 2.2396119503130363 2.2334760271614935 2.227340104009951 2.2212041808584084 2.2518837966161214 2.1659808724945253 1.9757672547967058 2.012582793705961 2.2518837966161214 2.061670178918302 1.6321555583103222 1.4971652489763858 1.337631247036279 1.3069516312785663 1.3130875544301088 1.3008157081270237 
-55.0 -55.0 -55.0 -54.5 -55.0 -55.0 -54.5 -55.0 -54.5 -55.0 -54.5 -54.5 -54.5 -54.5 -54.0 -54.5 -54.5 -54.0 -54.0 -53.0 -48.5 -48.0 -49.5 -50.0 -52.5 -52.0 -52.5 -52.5 -52.0 -52.5 -53.0 -50.0 -48.5 -51.5 -52.5 -55.0 -56.0 -56.0 -54.5 -54.5 -55.0 
1.6873788666742053 1.6873788666742053 1.662835174068035 1.6751070203711202 1.662835174068035 1.6321555583103222 1.6382914814618648 1.5830681730979816 1.5892040962495242 1.576932249946439 1.552388557340269 1.5707963267948966 1.576932249946439 1.6260196351587797 1.5830681730979816 1.5707963267948966 1.5830681730979816 1.6382914814618648 1.5830681730979816 1.8285050991596843 2.2580197197676637 2.012582793705961 2.3316507975861747 2.2212041808584084 2.356194490192345 2.3623304133438876 2.325514874434632 2.423689644859313 2.411417798556228 2.411417798556228 2.386874105950058 2.36846633649543 2.055534255766759 2.454369260617026 2.2089323345553233 1.88986433067511 1.6812429435226628 1.6812429435226628 1.6505633277649499 1.6566992509164924 1.6382914814618648 
-58.5 -58.0 -58.0 -58.0 -58.0 -57.5 -57.5 -58.0 -57.5 -57.5 -58.0 -57.0 -56.5 -57.0 -56.5 -56.5 -56.5 -56.5 -57.0 -55.5 -54.5 -54.0 -54.5 -52.5 -53.5 -53.5 -54.0 -54.0 -53.5 -53.0 -54.0 -53.0 -53.0 -54.0 -55.5 -56.0 -56.5 -55.5 -55.0 -55.0 -55.5 
5.626641529964532 5.688000761479957 5.5100589900852235 5.583690067903734 5.688000761479957 5.6573211457222445 5.47937937432751 5.522330836388308 5.602097837358362 5.540738605842936 5.411884219660542 5.448699758569798 5.460971604872882 5.436427912266712 5.43029198911517 5.368932757599744 5.522330836388308 6.019340611663256 5.988660995905543 5.822991070813893 5.884350302329319 5.620505606812989 6.007068765360171 6.050020227420969 6.12365130523948 6.0991076126333095 6.105243535784852 6.117515382087937 6.007068765360171 5.773903685601553 5.424156065963627 6.234097921967246 6.1850105367549055 6.1420590746941075 5.3198453723874035 5.418020142812084 5.264622064023521 
-66.0 -66.0 -66.5 -66.0 -66.0 -66.0 -67.5 -65.5 -67.0 -66.0 -67.5 -67.0 -66.5 -64.5 -66.5 -68.0 -66.5 -64.5 -59.5 -59.5 -60.0 -62.5 -59.5 -59.0 -60.0 -60.5 -60.5 -61.5 -59.5 -60.0 -59.5 -57.5 -61.5 -61.5 -67.0 -67.5 -67.0 
6.2463697682703305 0.25157284921324513 0.5092816215780329 3.4913402732277192 3.423845118560751 3.466796580621549 3.479068426924634 0.19634954084936207 0.14726215563702155 3.0250101137104846 5.8045833013592665 5.4671075280244255 6.129787228391022 5.681864838328415 0.25157284921324513 6.092971689481767 6.050020227420969 6.117515382087937 6.129787228391022 6.086835766330224 0.4049709280018093 5.749359992995383 6.215690152512618 6.013204688511713 5.9518454569962875 1.4910293258248433 1.282407938672396 1.2087768608538851 
-70.5 -72.5 -73.0 -74.5 -75.0 -75.0 -76.0 -76.5 -76.0 -76.0 -59.0 -60.5 -61.5 -62.5 -62.5 -61.5 -61.5 -63.0 -62.0 -61.0 -65.0 -62.0 -65.0 -60.5 -63.0 -72.0 -73.0 -72.0 
