2.6998061866787286 2.767301341345697 2.8409324191642074 2.8961557275280905 2.804116880254952 2.773437264497239 2.8654761117703775 3.06182565261974 2.8409324191642074 6.105243535784852 6.105243535784852 2.84706834231575 2.9391071895888885 2.82252464970958 2.761165418194154 5.982525072754001 4.706253057233147 4.381049130201391 3.098641191528995 2.6384469551633027 2.3071071049800045 6.031612457966341 2.8102528034064944 2.724349879284899 2.411417798556228 2.8286605728611223 3.2704470397721868 4.061981126321178 5.902758071783947 5.780039608753096 5.884350302329319 5.921165841238575 2.6813984172241008 
-68.5 -68.0 -69.5 -67.0 -68.0 -69.5 -68.0 -68.0 -70.0 -70.5 -71.0 -71.5 -70.0 -69.0 -69.0 -69.5 -65.5 -64.5 -64.0 -65.0 -65.0 -72.5 -68.0 -69.5 -68.0 -66.5 -65.5 -63.5 -78.5 -69.0 -67.0 -66.0 -66.0 
1.4358060174609601 1.2946797849754812 1.2026409377023426 1.337631247036279 1.3008157081270237 1.3437671701878218 1.3008157081270237 1.2640001692177683 1.2885438618239387 1.227184630308513 1.2333205534600555 1.3314953238847365 1.3192234775816514 1.3069516312785663 1.3008157081270237 1.3499030933393643 1.0185632431560658 1.3989904785517047 1.3130875544301088 1.705786636128833 2.1537090261914402 2.030990563160589 2.2518837966161214 2.3316507975861747 2.325514874434632 2.3316507975861747 2.386874105950058 2.448233337465483 2.380738182798515 2.1782527187976104 1.945087639038993 1.239456476611598 1.6321555583103222 1.846912868614312 1.8530487917658545 1.6566992509164924 1.6873788666742053 1.736466251886546 1.662835174068035 1.6382914814618648 
-64.5 -63.5 -65.0 -63.0 -64.0 -64.0 -64.0 -64.5 -64.5 -65.5 -64.5 -64.5 -64.0 -63.5 -65.0 -63.5 -63.0 -63.5 -62.5 -62.5 -62.0 -62.5 -62.5 -62.5 -60.0 -59.0 -59.5 -61.5 -61.0 -62.5 -61.0 -59.5 -59.5 -60.5 -60.0 -58.5 -58.5 -58.5 -59.5 -60.5 
0.9265243958829272 0.9387962421860124 0.9572040116406401 0.9756117810952678 1.0246991663076084 1.000155473701438 1.000155473701438 0.9817477042468103 0.9940195505498954 0.9940195505498954 0.9694758579437253 0.9326603190344698 0.9387962421860124 0.9633399347921826 0.9878836273983529 1.000155473701438 0.9756117810952678 1.0246991663076084 1.2762720155208536 1.552388557340269 1.325359400733194 1.086058397823034 1.239456476611598 1.2701360923693108 0.9633399347921826 0.9510680884890975 0.9817477042468103 0.9265243958829272 0.944932165337555 1.1167380135807468 1.1719613219446299 1.1474176293384597 1.1106020904292042 1.2762720155208536 1.4848934026733007 1.214912784005428 1.1535535524900022 1.1290098598838318 1.214912784005428 1.184233168247715 1.2210487071569704 
-49.5 -49.5 -49.0 -49.0 -49.0 -49.0 -49.0 -49.5 -49.0 -49.5 -49.5 -49.5 -49.5 -49.5 -49.5 -49.5 -49.5 -49.0 -49.0 -49.5 -50.5 -52.5 -56.0 -54.5 -56.0 -57.5 -58.0 -57.5 -56.5 -55.0 -56.5 -54.5 -53.0 -51.5 -52.0 -50.0 -50.0 -50.0 -49.5 -50.0 -50.0 
0.9081166264282996 0.9081166264282996 0.8897088569736719 0.9633399347921826 0.9756117810952678 0.9326603190344698 0.9572040116406401 0.9817477042468103 1.012427320004523 0.9510680884890975 0.9572040116406401 0.9633399347921826 0.9510680884890975 0.9633399347921826 0.9326603190344698 0.9633399347921826 0.9817477042468103 0.9019807032767571 1.0799224746714913 1.3560390164909069 1.423534171157875 1.4051264017032472 1.3621749396424494 1.4173982480063325 1.4051264017032472 1.3008157081270237 1.3008157081270237 1.325359400733194 1.41126232485479 1.4358060174609601 1.3437671701878218 1.5830681730979816 1.2210487071569704 1.0799224746714913 0.9142525495798421 0.8958447801252144 0.8528933180644165 0.9019807032767571 0.8160777791551611 0.803805932852076 0.8774370106705868 
-52.0 -52.0 -51.5 -52.0 -52.0 -52.0 -51.5 -52.0 -52.0 -52.0 -52.5 -52.0 -52.5 -52.0 -52.5 -52.0 -52.5 -52.5 -52.0 -53.0 -52.0 -51.5 -52.5 -53.0 -53.5 -53.5 -53.0 -53.0 -53.5 -53.5 -53.0 -53.5 -54.5 -54.5 -52.5 -51.5 -51.5 -51.5 -51.5 -51.0 -51.5 
1.2885438618239387 1.2578642460662257 1.3008157081270237 1.3560390164909069 1.3192234775816514 1.325359400733194 1.3560390164909069 1.3008157081270237 1.3069516312785663 1.2946797849754812 1.2885438618239387 1.2701360923693108 1.2210487071569704 1.3130875544301088 1.2701360923693108 1.2640001692177683 1.282407938672396 1.2885438618239387 1.6321555583103222 2.018718716857504 2.1046216409791 2.0371264863121317 2.0493983326152168 2.227340104009951 2.3316507975861747 2.356194490192345 2.282563412373834 2.356194490192345 2.3623304133438876 2.3316507975861747 2.116893487282185 2.12916533358527 2.3623304133438876 2.380738182798515 1.859184714917397 1.5033011721279284 1.4726215563702154 1.4971652489763858 1.4910293258248433 1.4296700943094176 1.5033011721279284 
-54.0 -53.5 -53.5 -53.5 -53.5 -53.5 -53.0 -54.0 -53.5 -53.5 -53.5 -53.5 -53.5 -53.5 -53.0 -53.5 -53.0 -53.5 -53.0 -50.5 -50.0 -50.0 -51.5 -56.0 -55.5 -56.0 -56.0 -56.0 -56.0 -56.5 -54.0 -52.5 -52.5 -58.5 -56.5 -56.0 -54.5 -53.5 -53.5 -54.0 -54.0 
1.552388557340269 1.5401167110371838 1.5401167110371838 1.6505633277649499 1.4726215563702154 1.6137477888556946 1.6260196351587797 1.5892040962495242 1.6382914814618648 1.607611865704152 1.5892040962495242 1.6014759425526093 1.576932249946439 1.6382914814618648 1.6014759425526093 1.6260196351587797 1.662835174068035 1.4848934026733007 1.736466251886546 2.350058567040802 2.356194490192345 2.282563412373834 2.386874105950058 2.411417798556228 2.478912953223196 2.399145952253143 2.429825568010856 2.4175537217077703 2.448233337465483 2.423689644859313 2.4175537217077703 2.3623304133438876 2.405281875404685 2.4605051837685683 1.9144080232812801 1.6382914814618648 1.6382914814618648 1.6689710972195777 1.5462526341887264 1.6014759425526093 1.6014759425526093 
-55.0 -55.0 -54.5 -54.5 -54.5 -55.0 -55.5 -55.5 -55.0 -55.0 -55.5 -55.5 -55.0 -55.5 -55.0 -55.0 -55.0 -55.5 -56.0 -56.5 -55.0 -57.0 -54.0 -55.5 -55.0 -56.0 -57.0 -56.5 -55.5 -56.0 -54.5 -57.5 -55.0 -59.0 -57.0 -55.0 -54.0 -53.5 -53.5 -53.5 -53.5 
4.767612288748572 4.921010367537137 4.767612288748572 4.7307967498393175 4.804427827657828 5.062136600022616 4.92714629068868 5.00077736850719 4.865787059173254 5.154175447295755 5.00077736850719 5.074408446325701 5.129631754689584 5.442563835418255 6.050020227420969 6.19728238305799 5.64504929941916 5.66959299202533 5.896622148632405 6.050020227420969 6.007068765360171 5.890486225480862 6.000932842208628 6.019340611663256 5.988660995905543 5.5284667595398505 5.546874528994478 0.0859029241215959 0.06135923151542565 5.9518454569962875 4.921010367537137 5.056000676871073 4.914874444385594 4.681709364626977 4.76147636559703 4.804427827657828 
-68.0 -67.0 -67.5 -69.0 -68.5 -68.5 -69.0 -67.0 -69.0 -67.5 -67.5 -65.5 -67.5 -68.5 -62.0 -58.5 -63.5 -61.5 -63.5 -62.5 -62.5 -63.5 -63.0 -63.0 -62.5 -63.5 -61.5 -58.5 -63.5 -67.0 -68.5 -66.0 -64.0 -63.5 -65.0 -65.5 
1.4480778637640452 1.4419419406125027 1.3989904785517047 1.2885438618239387 1.2946797849754812 1.4480778637640452 1.4726215563702154 1.4726215563702154 1.4173982480063325 1.5707963267948966 4.957825906446392 6.056156150572511 5.755495916146925 0.2945243112740431 6.086835766330224 0.7853981633974483 0.1349903093339364 0.2638446955163303 0.0 0.09817477042468103 0.17794177139473438 0.4356505437595221 5.957981380147831 0.30679615757712825 6.013204688511713 0.11658253987930872 5.620505606812989 4.558990901596125 4.675573441475434 4.552854978444583 4.620350133111551 4.675573441475434 4.516039439535327 
-73.0 -72.5 -72.0 -72.5 -73.0 -73.5 -74.0 -74.5 -75.0 -73.0 -71.0 -62.0 -63.5 -63.0 -63.0 -67.5 -63.0 -67.0 -67.0 -67.5 -65.5 -67.0 -65.5 -65.5 -64.5 -68.5 -72.0 -68.5 -66.0 -64.0 -63.0 -63.0 -61.5 
