5.841398840268521 5.9088939949354895 6.080699843178682 5.9088939949354895 5.976389149602458 2.767301341345697 5.970253226450915 5.939573610693203 4.632621979414636 4.074252972624263 3.5833791205008576 2.5954954931025047 2.5709518004963345 3.153864499892878 3.104777114680538 3.56497135104623 4.724660826687775 2.6016314162540475 2.736621725587984 2.693670263527186 5.7616318392984684 
-72.0 -72.5 -72.0 -72.5 -72.0 -71.5 -73.5 -74.0 -66.0 -63.0 -63.0 -63.5 -70.0 -66.5 -65.0 -63.0 -68.5 -68.5 -66.0 -66.5 -67.0 
1.3008157081270237 1.368310862793992 1.3928545554001621 0.8160777791551611 1.337631247036279 1.3744467859455345 1.3069516312785663 1.325359400733194 1.337631247036279 1.2578642460662257 1.3008157081270237 1.184233168247715 1.2578642460662257 1.3989904785517047 1.282407938672396 1.2640001692177683 0.521553467881118 1.1719613219446299 1.3989904785517047 1.3499030933393643 1.533980787885641 1.7548740213411735 2.2764274892222915 2.073942025221387 2.380738182798515 2.2027964114037806 2.116893487282185 2.2641556429192065 2.2089323345553233 2.055534255766759 2.086213871524472 2.2027964114037806 2.116893487282185 1.9144080232812801 1.6014759425526093 1.718058482431918 1.6996507129772904 1.5707963267948966 1.5707963267948966 1.607611865704152 1.4910293258248433 1.4542137869155878 1.41126232485479 
-65.5 -64.5 -64.0 -66.0 -64.5 -65.5 -65.5 -65.5 -64.0 -64.0 -63.5 -65.5 -65.5 -64.5 -65.5 -63.5 -64.0 -65.0 -64.0 -62.5 -61.5 -63.5 -62.5 -62.5 -62.5 -62.5 -60.5 -59.5 -60.0 -61.0 -61.5 -62.5 -63.0 -62.5 -60.5 -59.5 -60.5 -60.0 -61.0 -61.5 -60.5 -60.0 -60.5 
0.9203884727313847 0.9142525495798421 0.9203884727313847 0.9203884727313847 0.9387962421860124 0.9326603190344698 0.9203884727313847 0.9817477042468103 0.9387962421860124 0.944932165337555 0.9694758579437253 0.9510680884890975 0.9142525495798421 0.944932165337555 0.944932165337555 0.9694758579437253 0.9326603190344698 0.9694758579437253 1.239456476611598 1.6137477888556946 1.6260196351587797 1.368310862793992 1.1044661672776617 1.3314953238847365 1.2087768608538851 1.1351457830353744 1.1044661672776617 1.0062913968529805 1.0799224746714913 1.0983302441261191 1.214912784005428 1.2762720155208536 1.2210487071569704 1.282407938672396 1.4173982480063325 1.6137477888556946 1.2946797849754812 1.2333205534600555 1.1535535524900022 1.086058397823034 1.0676506283684062 1.0737865515199487 1.055378782065321 
-50.0 -50.5 -50.0 -50.0 -50.0 -49.5 -50.0 -49.5 -50.0 -50.0 -50.0 -50.0 -50.0 -50.0 -50.0 -50.5 -50.0 -50.0 -49.5 -50.0 -50.0 -50.0 -52.5 -55.0 -53.5 -54.0 -56.0 -56.5 -56.0 -54.5 -54.0 -55.5 -54.0 -53.0 -51.0 -51.0 -49.5 -49.0 -49.0 -50.0 -49.0 -49.5 -49.5 
0.9694758579437253 0.9756117810952678 1.000155473701438 0.8467573949128739 0.944932165337555 0.9326603190344698 0.9326603190344698 1.0246991663076084 0.9265243958829272 0.9756117810952678 0.944932165337555 1.000155473701438 0.9510680884890975 0.9510680884890975 0.9510680884890975 0.9572040116406401 0.9817477042468103 0.9019807032767571 1.0799224746714913 1.2762720155208536 1.282407938672396 1.3314953238847365 1.3130875544301088 1.4787574795217582 1.564660403643354 1.5033011721279284 1.5033011721279284 1.4664856332186729 1.509437095279471 1.4848934026733007 1.6137477888556946 1.5401167110371838 1.521708941582556 1.3989904785517047 1.2762720155208536 1.1474176293384597 0.944932165337555 0.9081166264282996 0.8713010875190442 0.8897088569736719 0.8344855486097889 0.8528933180644165 0.8467573949128739 
-53.0 -53.0 -52.5 -52.5 -52.5 -52.0 -52.5 -52.0 -52.5 -52.5 -52.0 -52.5 -52.5 -52.5 -53.0 -53.0 -53.0 -53.0 -52.0 -52.0 -52.0 -50.0 -50.5 -53.0 -52.5 -52.5 -53.0 -53.0 -52.5 -53.0 -52.5 -53.0 -52.0 -53.0 -53.5 -53.5 -52.0 -52.0 -52.5 -52.5 -51.5 -52.0 -52.0 
1.2210487071569704 1.2210487071569704 1.1780972450961724 1.2026409377023426 1.2578642460662257 1.2762720155208536 1.2762720155208536 1.2578642460662257 1.2210487071569704 1.2946797849754812 1.239456476611598 1.2455923997631406 1.1658253987930873 1.2087768608538851 1.2640001692177683 1.2640001692177683 1.1658253987930873 1.227184630308513 1.521708941582556 1.8960002538266525 2.030990563160589 1.9696313316451632 1.932815792735908 1.9389517158874505 2.1598449493429825 2.2396119503130363 2.086213871524472 2.1905245651006955 2.2089323345553233 2.2457478734645786 2.227340104009951 2.0800779483729293 2.0493983326152168 2.1046216409791 2.2641556429192065 2.1353012567368124 1.564660403643354 1.3867186322486196 1.337631247036279 1.4173982480063325 1.4051264017032472 1.3499030933393643 1.3989904785517047 
-54.0 -53.5 -53.5 -53.5 -53.5 -53.5 -53.5 -53.5 -53.5 -53.5 -53.5 -53.5 -53.0 -53.0 -53.0 -52.5 -52.5 -52.5 -52.5 -50.5 -49.0 -48.5 -50.0 -50.0 -53.5 -52.5 -53.0 -52.5 -52.5 -52.5 -53.5 -52.0 -51.5 -49.5 -52.5 -53.0 -55.5 -55.0 -53.0 -53.5 -53.0 -53.0 -53.5 
1.5462526341887264 1.509437095279471 1.4848934026733007 1.5401167110371838 1.533980787885641 1.521708941582556 1.5462526341887264 1.5892040962495242 1.5830681730979816 1.6198837120072371 1.5953400194010667 1.533980787885641 1.564660403643354 1.509437095279471 1.607611865704152 1.6321555583103222 1.5953400194010667 1.5155730184310134 1.7732817907958012 2.0923497946760143 2.1598449493429825 1.9696313316451632 2.270291566070749 2.2518837966161214 2.386874105950058 2.3193789512830896 2.3439226438892597 2.36846633649543 2.36846633649543 2.380738182798515 2.325514874434632 2.337786720737717 2.386874105950058 2.2518837966161214 2.3746022596469727 2.386874105950058 1.705786636128833 1.6505633277649499 1.7119225592803755 1.736466251886546 1.6689710972195777 1.6321555583103222 1.6566992509164924 
-55.5 -55.5 -55.0 -55.5 -55.5 -54.5 -55.0 -54.5 -54.5 -55.0 -55.0 -55.5 -55.0 -55.0 -55.0 -55.5 -55.0 -55.5 -54.0 -54.0 -54.0 -54.0 -55.0 -53.0 -54.0 -53.0 -54.0 -54.0 -54.0 -53.5 -54.5 -54.0 -55.0 -55.5 -55.5 -56.5 -55.0 -54.5 -54.0 -53.5 -53.5 -54.0 -53.5 
5.356660911296659 5.356660911296659 5.105088062083414 5.166447293598839 5.184855063053467 5.105088062083414 5.252350217720435 5.0682725231741586 5.197126909356553 5.129631754689584 5.141903600992669 5.080544369477243 4.97623367590102 5.393476450205914 4.945554060143307 5.344389064993574 6.025476534814799 6.17273869045182 5.8045833013592665 5.9088939949354895 5.638913376267617 6.037748381117884 6.12365130523948 6.031612457966341 5.9518454569962875 6.000932842208628 6.166602767300278 6.0991076126333095 5.595961914206819 6.025476534814799 5.767767762450011 0.06135923151542565 6.22182607566416 5.896622148632405 4.81056375080937 4.718524903536232 4.693981210930062 4.540583132141498 
-66.0 -66.0 -65.5 -66.0 -64.5 -66.0 -65.0 -65.0 -65.5 -67.0 -65.0 -66.0 -66.5 -66.0 -68.0 -71.5 -61.5 -57.0 -59.0 -59.5 -62.0 -60.0 -61.0 -61.5 -61.5 -61.5 -61.5 -62.0 -63.0 -60.0 -60.0 -58.0 -60.5 -70.0 -66.0 -67.0 -68.0 -67.0 
1.4542137869155878 1.41126232485479 1.4971652489763858 1.5033011721279284 1.4726215563702154 1.5830681730979816 1.576932249946439 2.061670178918302 6.037748381117884 6.209554229361076 5.737088146692298 6.252505691421874 5.9088939949354895 0.15339807878856412 6.264777537724958 6.12365130523948 6.17273869045182 6.129787228391022 0.03681553890925539 0.23930100291016002 6.007068765360171 0.15339807878856412 6.050020227420969 0.0 6.178874613603362 4.080388895775806 3.890175278077986 4.816699673960914 5.0253210611133605 4.7307967498393175 4.632621979414636 4.626486056263094 
-74.5 -72.5 -73.0 -72.5 -73.0 -73.0 -72.5 -71.5 -60.5 -58.5 -62.0 -62.5 -62.0 -64.5 -61.5 -63.0 -63.0 -62.5 -62.0 -64.0 -62.0 -63.5 -64.5 -61.0 -65.5 -74.0 -70.0 -67.5 -64.5 -66.5 -66.5 -67.0 
