5.896622148632405 5.9518454569962875 5.945709533844745 5.7616318392984684 5.921165841238575 5.884350302329319 5.872078456026235 5.982525072754001 0.030679615757712823 5.994796919057086 2.1905245651006955 0.9326603190344698 2.9513790358919736 2.386874105950058 6.240233845118788 2.429825568010856 2.6998061866787286 3.2090878082567613 3.724505352986337 5.418020142812084 5.816855147662351 5.902758071783947 2.3193789512830896 2.2948352586769194 5.730952223540755 
-72.5 -73.0 -72.5 -73.0 -73.5 -73.5 -74.0 -74.5 -74.0 -75.0 -66.0 -64.5 -64.5 -65.5 -70.5 -70.5 -66.0 -66.0 -66.5 -77.5 -67.5 -67.0 -66.5 -66.5 -67.5 
1.1965050145508 1.012427320004523 1.227184630308513 1.1719613219446299 1.030835089459151 1.0369710126106935 1.184233168247715 1.1903690913992575 1.2517283229146832 1.337631247036279 1.2701360923693108 1.3008157081270237 1.2087768608538851 1.2455923997631406 1.0676506283684062 1.5155730184310134 1.6505633277649499 1.9266798695843652 2.2334760271614935 2.184388641949153 2.043262409463674 2.2886993355253766 2.2457478734645786 2.337786720737717 2.442097414313941 2.429825568010856 2.227340104009951 2.110757564130642 2.061670178918302 1.7794177139473437 1.8285050991596843 1.8775924843720249 1.846912868614312 1.761009944492716 1.7303303287350031 1.6812429435226628 1.576932249946439 1.5033011721279284 1.576932249946439 
-64.0 -64.5 -64.5 -65.0 -64.5 -65.0 -65.0 -65.0 -65.5 -64.5 -64.5 -65.0 -65.0 -65.0 -65.5 -64.0 -60.5 -62.0 -62.5 -62.5 -62.0 -62.5 -60.5 -59.5 -60.0 -61.5 -62.5 -62.5 -61.0 -58.0 -58.5 -60.5 -61.0 -59.5 -59.0 -60.0 -60.0 -60.0 -60.5 
0.8774370106705868 0.9081166264282996 0.9326603190344698 0.8713010875190442 0.8835729338221293 0.8774370106705868 0.859029241215959 0.9019807032767571 0.9019807032767571 0.9081166264282996 0.9265243958829272 0.9142525495798421 0.9019807032767571 0.9142525495798421 0.8713010875190442 1.043106935762236 1.4542137869155878 1.6751070203711202 1.4971652489763858 1.1474176293384597 1.1658253987930873 1.3499030933393643 1.1719613219446299 1.055378782065321 1.043106935762236 1.0369710126106935 0.9940195505498954 1.0983302441261191 1.184233168247715 1.2946797849754812 1.214912784005428 1.4296700943094176 1.5953400194010667 1.368310862793992 1.2885438618239387 1.2640001692177683 1.239456476611598 1.2026409377023426 1.141281706186917 1.1658253987930873 
-49.5 -50.0 -50.0 -49.5 -50.0 -50.0 -50.0 -50.0 -50.0 -50.0 -50.0 -50.0 -50.0 -50.5 -50.5 -49.0 -49.5 -50.0 -51.0 -51.5 -54.5 -54.5 -54.5 -55.5 -56.5 -56.5 -56.0 -55.5 -56.0 -54.5 -52.5 -52.0 -52.5 -51.0 -50.0 -50.5 -50.5 -50.0 -50.0 -49.5 
0.9081166264282996 0.8774370106705868 0.9265243958829272 0.9510680884890975 0.9817477042468103 0.9940195505498954 0.9878836273983529 0.9326603190344698 0.9387962421860124 0.9572040116406401 0.9756117810952678 0.8835729338221293 0.9387962421860124 1.0246991663076084 0.803805932852076 1.0062913968529805 1.2333205534600555 1.1965050145508 1.3989904785517047 1.337631247036279 1.2946797849754812 1.5401167110371838 1.4542137869155878 1.4664856332186729 1.4664856332186729 1.4173982480063325 1.4971652489763858 1.423534171157875 1.4358060174609601 1.5707963267948966 1.1290098598838318 1.012427320004523 0.9510680884890975 0.9694758579437253 0.9142525495798421 1.0062913968529805 0.9081166264282996 0.9019807032767571 0.9081166264282996 0.8958447801252144 
-52.5 -52.5 -53.0 -52.5 -52.5 -52.5 -52.5 -52.5 -53.0 -52.5 -52.5 -52.5 -53.0 -52.5 -53.0 -53.0 -52.0 -52.0 -50.5 -50.0 -52.0 -52.5 -53.0 -53.5 -53.0 -53.0 -53.5 -53.5 -53.5 -53.0 -53.5 -54.0 -52.5 -51.5 -51.0 -51.0 -51.5 -51.5 -52.0 -52.0 
1.239456476611598 1.2333205534600555 1.239456476611598 1.239456476611598 1.1903690913992575 1.1044661672776617 1.227184630308513 1.1903690913992575 1.1780972450961724 1.184233168247715 1.2333205534600555 1.1290098598838318 1.1719613219446299 1.0983302441261191 1.1044661672776617 1.2210487071569704 1.6444274046134073 2.024854640009046 1.9634954084936207 1.945087639038993 2.012582793705961 2.061670178918302 2.3316507975861747 2.3071071049800045 2.282563412373834 2.2334760271614935 2.282563412373834 2.2886993355253766 2.110757564130642 2.227340104009951 2.4175537217077703 2.4850488763747385 1.9696313316451632 1.6321555583103222 1.5707963267948966 1.5830681730979816 1.521708941582556 1.4848934026733007 1.423534171157875 1.4542137869155878 
-53.5 -53.5 -53.5 -53.5 -53.5 -53.5 -54.0 -53.5 -53.0 -53.0 -53.0 -53.0 -53.0 -53.0 -53.0 -52.5 -51.0 -50.0 -49.0 -50.0 -50.5 -52.5 -53.5 -53.5 -53.5 -53.5 -54.0 -55.5 -52.5 -51.0 -52.0 -57.0 -54.5 -53.5 -53.0 -51.5 -51.5 -52.5 -53.0 -53.0 
1.5707963267948966 1.5462526341887264 1.564660403643354 1.5585244804918115 1.5707963267948966 1.576932249946439 1.576932249946439 1.564660403643354 1.5892040962495242 1.5462526341887264 1.5462526341887264 1.576932249946439 1.5462526341887264 1.552388557340269 1.4910293258248433 1.5707963267948966 1.9696313316451632 2.184388641949153 1.9941750242513334 2.1353012567368124 2.3439226438892597 2.3623304133438876 2.3623304133438876 2.3746022596469727 2.380738182798515 2.2396119503130363 2.411417798556228 2.350058567040802 2.448233337465483 2.1537090261914402 2.442097414313941 2.497320722677824 2.061670178918302 1.8162332528565992 1.7732817907958012 1.7671458676442586 1.7548740213411735 1.662835174068035 1.5953400194010667 1.6198837120072371 
-55.5 -55.5 -55.5 -55.5 -56.0 -56.0 -55.5 -55.5 -56.0 -55.5 -55.5 -54.5 -55.5 -55.0 -55.0 -55.5 -55.0 -54.5 -54.0 -55.5 -53.5 -54.0 -54.0 -54.5 -54.5 -55.0 -54.0 -55.0 -54.5 -56.0 -54.0 -58.0 -58.0 -53.5 -52.5 -52.0 -52.0 -53.0 -54.0 -53.5 
4.933282213840222 5.043728830567988 4.95168998329485 4.945554060143307 4.841243366567084 4.914874444385594 4.9394181369917645 4.878058905476339 4.847379289718626 4.884194828627882 5.098952138931871 5.289165756629691 5.056000676871073 6.117515382087937 6.074563920027139 5.675728915176872 6.154330920997192 6.22182607566416 6.013204688511713 5.945709533844745 6.080699843178682 6.0991076126333095 5.700272607783043 5.681864838328415 0.02454369260617026 0.05522330836388308 5.994796919057086 4.7307967498393175 4.595806440505381 4.669437518323892 4.7860200582032 4.23378697456437 
-69.0 -66.5 -68.0 -70.0 -69.5 -68.5 -69.0 -68.5 -68.5 -67.5 -68.0 -68.0 -69.0 -60.5 -58.5 -63.0 -61.0 -60.5 -62.0 -62.0 -61.5 -62.0 -61.0 -60.5 -58.0 -60.5 -63.5 -62.5 -63.5 -65.0 -65.5 -65.0 
0.859029241215959 0.9817477042468103 1.5401167110371838 1.7241944055834606 1.7855536370988863 6.043884304269426 0.05522330836388308 5.9088939949354895 0.46019423636569234 6.111379458936394 0.1349903093339364 0.2638446955163303 0.0859029241215959 0.030679615757712823 6.264777537724958 0.02454369260617026 6.264777537724958 6.068427996875596 0.6749515466696822 6.031612457966341 0.03681553890925539 5.902758071783947 4.626486056263094 4.614214209960009 4.804427827657828 5.074408446325701 4.706253057233147 4.601942363656923 
-76.5 -76.0 -75.5 -74.0 -73.0 -68.0 -59.5 -61.0 -64.5 -63.0 -64.5 -63.5 -62.0 -63.0 -63.0 -63.0 -67.0 -62.5 -69.5 -61.0 -66.5 -68.5 -66.0 -64.0 -62.0 -62.0 -63.5 -62.5 
