2.6813984172241008 5.957981380147831 2.7979809571034093 2.693670263527186 2.6998061866787286 5.853670686571607 2.761165418194154 2.448233337465483 2.478912953223196 2.8654761117703775 2.5586799541932495 2.779573187648782 3.2827188860752723 3.472932503773092 3.2888548092268146 4.1417481272912315 3.5956509668039427 3.5036121195308043 3.3072625786814425 3.5895150436524004 3.9576704327449543 3.3624858870453256 3.393165502803038 3.466796580621549 3.54042765844006 3.3379421944391554 3.3870295796514958 3.399301425954581 3.2213596545598464 2.804116880254952 2.3623304133438876 2.9206994201342606 2.834796496012665 5.921165841238575 5.976389149602458 
-64.0 -65.5 -64.5 -64.5 -65.0 -65.0 -64.5 -64.0 -64.5 -65.0 -65.0 -65.5 -66.0 -65.0 -65.5 -64.5 -65.5 -65.5 -68.0 -68.5 -66.5 -66.0 -65.5 -65.0 -62.0 -62.0 -61.0 -61.0 -63.5 -64.5 -65.0 -65.5 -64.0 -66.0 -66.0 
5.3198453723874035 1.9941750242513334 5.246214294568893 2.030990563160589 2.110757564130642 2.0064468705544187 1.9512235621905356 2.0493983326152168 2.0493983326152168 2.2641556429192065 1.9389517158874505 1.9573594853420782 2.110757564130642 1.9880391010997909 2.0923497946760143 1.8775924843720249 2.1046216409791 2.2948352586769194 2.5341362615870793 2.8286605728611223 0.2945243112740431 3.2704470397721868 2.9513790358919736 2.705942109830271 2.5034566458293663 2.6813984172241008 2.761165418194154 2.8286605728611223 2.9943304979527716 3.000466421104314 3.08636934522591 3.215223731408304 3.2336315008629315 2.816388726558037 2.6875343403756435 2.2027964114037806 2.067806102069844 1.761009944492716 1.859184714917397 1.9573594853420782 2.141437179888355 2.172116795646068 1.932815792735908 
-64.5 -63.0 -64.5 -63.5 -63.0 -64.5 -63.5 -62.0 -63.5 -63.5 -64.5 -64.5 -64.5 -65.5 -64.5 -63.5 -63.0 -63.0 -63.0 -64.5 -63.5 -62.5 -62.5 -63.0 -63.0 -62.5 -65.5 -63.0 -64.5 -63.0 -63.5 -64.5 -65.5 -67.0 -67.0 -64.0 -63.0 -63.0 -64.0 -66.0 -66.0 -64.5 -64.0 
0.803805932852076 0.8099418560036186 0.7976700097005334 0.7976700097005334 0.803805932852076 0.7853981633974483 0.7792622402459057 0.760854470791278 0.7547185476397354 0.7669903939428205 0.7731263170943632 0.7424467013366504 0.7301748550335652 0.7547185476397354 0.7301748550335652 0.803805932852076 0.9265243958829272 1.2087768608538851 1.227184630308513 1.509437095279471 1.5830681730979816 1.2333205534600555 1.086058397823034 1.1106020904292042 1.1658253987930873 1.1290098598838318 1.1106020904292042 1.0983302441261191 0.8651651643675016 1.1658253987930873 1.1351457830353744 1.1474176293384597 1.3008157081270237 1.0983302441261191 1.0369710126106935 1.043106935762236 0.8222137023067037 0.6872233929727672 0.5522330836388308 0.521553467881118 0.4724660826687775 0.47860200582032003 0.3436116964863836 
-50.0 -50.5 -50.0 -50.0 -50.5 -50.5 -50.5 -50.5 -50.5 -50.5 -50.5 -50.5 -50.5 -50.5 -50.5 -50.5 -51.0 -51.5 -54.0 -55.0 -51.5 -50.5 -51.0 -52.5 -53.0 -53.5 -54.0 -54.0 -53.5 -52.5 -52.0 -51.0 -51.5 -52.5 -51.5 -50.0 -51.0 -51.5 -52.0 -52.5 -53.0 -52.0 -52.0 
0.8222137023067037 0.8160777791551611 0.7976700097005334 0.803805932852076 0.8160777791551611 0.7976700097005334 0.7915340865489908 0.7731263170943632 0.803805932852076 0.7731263170943632 0.7976700097005334 0.7976700097005334 0.7792622402459057 0.7547185476397354 0.7547185476397354 0.8222137023067037 0.8835729338221293 1.1596894756415448 1.4664856332186729 1.6935147898257479 1.6382914814618648 1.3989904785517047 1.4051264017032472 1.4173982480063325 1.423534171157875 1.3437671701878218 1.4051264017032472 1.3499030933393643 1.3928545554001621 1.3867186322486196 1.3989904785517047 1.2762720155208536 1.423534171157875 1.4664856332186729 1.4603497100671303 1.2333205534600555 1.000155473701438 0.8222137023067037 0.8283496254582462 0.8651651643675016 0.8467573949128739 0.7485826244881929 0.7853981633974483 
-52.5 -52.0 -52.5 -52.0 -52.5 -52.5 -52.5 -52.0 -52.5 -52.0 -52.5 -52.5 -52.5 -52.5 -52.5 -52.5 -52.5 -52.5 -53.5 -53.0 -50.5 -50.5 -51.0 -51.5 -51.5 -51.0 -51.0 -51.0 -51.5 -51.0 -50.5 -50.5 -50.5 -52.0 -52.5 -52.0 -52.5 -53.0 -54.0 -54.0 -54.0 -54.5 -54.0 
1.2026409377023426 1.2517283229146832 1.1474176293384597 1.043106935762236 1.1290098598838318 1.1719613219446299 1.227184630308513 1.1228739367322893 1.1780972450961724 1.1474176293384597 0.8713010875190442 1.1719613219446299 1.0921943209745766 1.1596894756415448 1.1474176293384597 1.2517283229146832 1.4419419406125027 1.9144080232812801 2.116893487282185 2.0923497946760143 1.8837284075235674 1.859184714917397 1.846912868614312 1.7794177139473437 1.9082721001297376 1.846912868614312 1.8039614065535141 1.8407769454627694 1.7978254834019713 1.8775924843720249 1.6873788666742053 1.7241944055834606 1.6751070203711202 1.8346410223112268 1.88986433067511 1.8162332528565992 1.6751070203711202 1.5830681730979816 1.6566992509164924 1.607611865704152 1.4173982480063325 1.3499030933393643 1.1719613219446299 
-57.5 -58.0 -57.5 -58.0 -57.5 -58.0 -58.5 -58.0 -58.5 -58.0 -58.5 -58.0 -59.0 -59.0 -58.0 -58.0 -58.0 -57.0 -55.5 -52.5 -50.5 -52.5 -52.0 -51.5 -52.5 -52.0 -52.5 -52.5 -52.0 -52.0 -52.5 -50.5 -51.5 -50.0 -51.5 -53.0 -55.0 -57.0 -58.0 -57.5 -59.5 -58.5 -59.0 
1.509437095279471 1.4542137869155878 1.5155730184310134 1.5033011721279284 1.5033011721279284 1.4296700943094176 1.5401167110371838 1.5830681730979816 1.5462526341887264 1.5830681730979816 1.5462526341887264 1.521708941582556 1.533980787885641 1.5401167110371838 1.5033011721279284 1.5278448647340985 1.4971652489763858 1.902136176978195 2.2396119503130363 2.172116795646068 1.859184714917397 2.0371264863121317 2.116893487282185 2.1230294104337273 2.024854640009046 1.9696313316451632 2.1230294104337273 1.9389517158874505 2.0064468705544187 2.024854640009046 2.018718716857504 1.945087639038993 1.932815792735908 1.9573594853420782 2.067806102069844 2.043262409463674 1.9082721001297376 1.8223691760081417 1.748738098189631 1.9082721001297376 1.7855536370988863 1.6751070203711202 1.6014759425526093 
-56.0 -55.5 -56.0 -56.0 -56.0 -56.0 -56.0 -56.5 -55.5 -56.5 -56.5 -57.0 -56.5 -56.5 -56.5 -56.5 -57.0 -56.0 -55.0 -52.5 -53.0 -54.0 -54.5 -54.0 -55.0 -56.5 -56.0 -56.0 -56.5 -56.0 -54.5 -54.0 -54.0 -53.0 -52.0 -52.5 -54.0 -57.0 -58.0 -57.5 -57.5 -58.5 -59.0 
5.436427912266712 5.442563835418255 5.338253141842031 5.3198453723874035 5.344389064993574 5.338253141842031 5.368932757599744 5.393476450205914 5.289165756629691 5.3198453723874035 5.240078371417351 5.2768939103266055 5.270757987175063 5.246214294568893 5.240078371417351 5.356660911296659 5.473243451175968 5.595961914206819 5.921165841238575 5.822991070813893 5.5284667595398505 5.700272607783043 5.6143696836614465 5.626641529964532 5.491651220630596 5.307573526084319 5.252350217720435 5.135767677841127 5.148039524144211 5.283029833478148 5.381204603902829 5.47937937432751 5.387340527054372 5.264622064023521 5.491651220630596 5.240078371417351 5.203262832508095 5.295301679781233 5.393476450205914 5.356660911296659 5.399612373357457 5.393476450205914 5.393476450205914 
-60.5 -61.0 -61.0 -59.5 -60.0 -59.5 -61.0 -60.5 -60.5 -62.0 -60.5 -60.5 -60.5 -61.0 -61.5 -61.0 -60.5 -63.0 -61.5 -59.0 -59.5 -58.5 -57.0 -57.5 -58.0 -59.0 -60.5 -60.5 -59.5 -58.0 -58.5 -57.5 -60.5 -59.0 -60.5 -61.0 -61.0 -60.5 -61.5 -61.0 -61.0 -61.5 -62.5 
1.9634954084936207 1.9512235621905356 1.9266798695843652 2.1905245651006955 2.2150682577068657 5.516194913236766 5.896622148632405 5.448699758569798 5.013049214810275 5.663457068873787 5.957981380147831 5.724816300389213 5.755495916146925 5.816855147662351 5.878214379177777 5.988660995905543 5.66959299202533 6.092971689481767 5.344389064993574 5.313709449235861 5.522330836388308 5.522330836388308 5.595961914206819 5.743224069843841 6.000932842208628 5.976389149602458 6.013204688511713 
-71.0 -70.5 -69.5 -70.5 -71.0 -69.0 -62.0 -59.5 -61.5 -64.0 -64.5 -63.5 -62.5 -63.5 -64.0 -65.0 -64.5 -67.5 -65.0 -62.0 -60.0 -60.0 -63.0 -65.0 -66.5 -66.5 -67.0 
