6.037748381117884 3.411573272257666 2.6261751088602177 3.055689729468197 2.6998061866787286 2.804116880254952 2.834796496012665 2.82252464970958 2.779573187648782 2.84706834231575 2.748893571891069 2.8838838812250054 2.6139032625571326 2.9206994201342606 2.8286605728611223 2.730485802436441 2.6261751088602177 2.6691265709210157 3.08636934522591 3.32567034813607 3.3624858870453256 0.9142525495798421 4.466952054322987 4.3503695144436785 4.0558452031696355 3.663146121470911 3.6017868899554855 3.834951969714103 0.8283496254582462 4.104932588381976 4.06811704947272 3.497476196379262 2.9022916506796332 3.2520392703175593 3.368621810196868 6.154330920997192 2.804116880254952 2.564815877344792 5.899690110208176 
-64.5 -63.5 -63.5 -64.0 -65.0 -64.0 -64.5 -63.5 -64.5 -64.5 -65.0 -64.0 -63.5 -63.0 -65.0 -64.5 -64.0 -64.5 -66.0 -68.0 -68.5 -69.5 -67.0 -64.0 -65.0 -66.0 -64.5 -67.5 -68.5 -65.5 -67.0 -67.0 -65.5 -66.0 -65.0 -65.5 -65.0 -63.5 -64.5 
1.932815792735908 2.055534255766759 1.9266798695843652 1.9696313316451632 2.073942025221387 2.086213871524472 2.043262409463674 2.098485717827557 2.030990563160589 2.1353012567368124 2.030990563160589 2.012582793705961 2.030990563160589 2.1046216409791 2.055534255766759 2.1046216409791 1.9144080232812801 1.9389517158874505 1.9512235621905356 2.141437179888355 2.435961491162398 2.6998061866787286 0.35895150436524004 3.129320807286708 3.0066023442558567 2.6323110320117604 2.5341362615870793 2.693670263527186 2.466641106920111 2.4850488763747385 2.7550294950426117 2.82252464970958 3.3072625786814425 2.9820586516496865 5.9088939949354895 2.5157284921324514 2.110757564130642 2.1782527187976104 2.0371264863121317 2.012582793705961 5.049864753719531 1.705786636128833 1.8561167533416258 
-63.5 -64.0 -63.0 -63.5 -64.0 -64.0 -64.0 -61.0 -63.0 -63.0 -63.5 -64.0 -65.0 -62.5 -61.0 -64.5 -62.5 -63.0 -63.0 -62.5 -63.0 -63.5 -63.0 -61.5 -62.0 -62.5 -63.5 -64.0 -63.0 -64.0 -64.0 -63.0 -64.5 -63.5 -66.5 -65.5 -64.0 -62.0 -61.0 -61.0 -61.5 -60.5 -63.0 
0.8528933180644165 0.9203884727313847 0.8774370106705868 0.859029241215959 0.8528933180644165 0.8099418560036186 0.8222137023067037 0.7915340865489908 0.8344855486097889 0.803805932852076 0.7853981633974483 0.7976700097005334 0.7915340865489908 0.7853981633974483 0.7976700097005334 0.7976700097005334 0.7731263170943632 0.760854470791278 0.9326603190344698 1.1106020904292042 1.2333205534600555 1.2885438618239387 1.533980787885641 1.2762720155208536 1.0799224746714913 1.0799224746714913 1.1290098598838318 1.0799224746714913 1.0737865515199487 1.0676506283684062 1.0615147052168636 1.1044661672776617 1.1351457830353744 1.2946797849754812 1.5278448647340985 1.2701360923693108 1.0369710126106935 1.1474176293384597 1.1351457830353744 1.0062913968529805 0.8528933180644165 0.7792622402459057 0.7915340865489908 
-50.0 -50.0 -50.0 -50.0 -50.0 -50.0 -50.0 -50.0 -50.0 -50.5 -50.0 -50.5 -50.5 -50.5 -50.5 -50.5 -50.5 -50.5 -51.0 -51.5 -54.5 -55.5 -52.0 -51.0 -51.5 -53.5 -53.5 -54.0 -54.5 -55.0 -54.5 -52.5 -51.5 -51.5 -53.0 -54.0 -52.5 -52.0 -51.0 -50.5 -51.0 -51.0 -51.5 
0.8774370106705868 0.8774370106705868 0.8528933180644165 0.8406214717613314 0.8528933180644165 0.8467573949128739 0.8283496254582462 0.8528933180644165 0.8099418560036186 0.8406214717613314 0.8774370106705868 0.7976700097005334 0.8406214717613314 0.8222137023067037 0.619728238305799 0.8160777791551611 0.7976700097005334 0.8160777791551611 0.8406214717613314 0.9203884727313847 1.2578642460662257 1.4787574795217582 1.5033011721279284 1.4296700943094176 1.368310862793992 1.3314953238847365 1.3867186322486196 1.337631247036279 1.3621749396424494 1.423534171157875 1.3989904785517047 1.3744467859455345 1.3989904785517047 1.368310862793992 1.5462526341887264 1.5830681730979816 1.41126232485479 1.2517283229146832 1.1044661672776617 1.0246991663076084 0.8498253564886452 0.8099418560036186 0.8528933180644165 
-51.5 -51.5 -52.0 -51.5 -51.5 -52.0 -52.0 -52.0 -52.0 -52.0 -52.0 -52.0 -52.0 -52.0 -52.0 -52.5 -52.5 -52.5 -52.0 -51.5 -52.5 -52.5 -51.0 -50.5 -51.5 -52.0 -51.5 -51.5 -51.0 -51.5 -51.5 -51.0 -51.0 -51.0 -51.0 -53.0 -53.5 -52.5 -51.5 -51.0 -51.5 -52.0 -52.5 
1.1658253987930873 1.2517283229146832 1.239456476611598 1.214912784005428 1.3008157081270237 1.2701360923693108 1.3069516312785663 1.043106935762236 1.2087768608538851 1.227184630308513 1.282407938672396 1.325359400733194 1.2455923997631406 1.2885438618239387 1.2762720155208536 1.2885438618239387 1.41126232485479 1.4910293258248433 1.5953400194010667 1.8285050991596843 2.1782527187976104 2.1782527187976104 1.8622526764931684 1.846912868614312 1.846912868614312 1.7916895602504288 1.8653206380689396 1.8775924843720249 1.8162332528565992 1.7426021750380885 1.8285050991596843 1.8223691760081417 1.8223691760081417 1.8285050991596843 1.8714565612204823 2.024854640009046 1.932815792735908 1.9082721001297376 1.7119225592803755 1.5401167110371838 1.4419419406125027 1.3928545554001621 4.589670517353839 
-58.5 -59.5 -59.0 -59.0 -59.5 -60.0 -60.0 -59.5 -60.0 -59.5 -59.0 -59.0 -58.5 -59.5 -60.0 -60.0 -59.5 -58.5 -59.0 -58.0 -56.5 -54.0 -51.5 -51.5 -52.0 -53.0 -52.5 -53.0 -54.0 -53.5 -52.5 -53.0 -51.5 -51.0 -50.5 -52.0 -55.5 -54.5 -55.0 -56.0 -58.5 -59.0 -60.0 
1.6014759425526093 1.6260196351587797 1.6014759425526093 1.6014759425526093 1.5585244804918115 1.576932249946439 1.607611865704152 1.5585244804918115 1.5401167110371838 1.6137477888556946 1.6382914814618648 1.5401167110371838 1.5707963267948966 1.564660403643354 1.5892040962495242 1.5707963267948966 1.6137477888556946 1.552388557340269 1.5830681730979816 1.748738098189631 1.9757672547967058 2.1353012567368124 1.9911070626755623 2.043262409463674 2.055534255766759 2.0923497946760143 2.0064468705544187 2.0493983326152168 2.1230294104337273 2.1046216409791 2.000310947402876 2.073942025221387 2.0800779483729293 1.9880391010997909 2.0064468705544187 2.018718716857504 2.141437179888355 2.1475731030398975 2.000310947402876 1.7916895602504288 1.6597672124922638 1.8100973297050567 1.8223691760081417 
-55.0 -56.0 -56.0 -56.0 -56.0 -55.5 -55.5 -56.5 -56.0 -55.5 -56.0 -56.0 -56.0 -56.5 -56.0 -56.0 -56.0 -56.5 -56.0 -56.0 -55.0 -53.5 -54.5 -54.0 -54.5 -54.5 -56.0 -57.0 -55.5 -55.5 -56.5 -54.5 -54.5 -53.0 -53.0 -53.0 -53.0 -53.0 -54.0 -55.5 -57.0 -56.0 -56.0 
5.418020142812084 5.546874528994478 5.411884219660542 5.424156065963627 5.522330836388308 5.448699758569798 5.424156065963627 5.442563835418255 5.405748296509 5.381204603902829 5.436427912266712 5.375068680751287 5.43029198911517 5.387340527054372 5.442563835418255 5.387340527054372 5.442563835418255 5.411884219660542 5.424156065963627 5.522330836388308 5.93343768754166 6.019340611663256 5.559146375297564 5.638913376267617 5.651185222570702 5.626641529964532 5.516194913236766 5.45483568172134 5.608233760509904 5.356660911296659 5.227806525114265 5.688000761479957 5.43029198911517 5.64504929941916 5.485515297479052 5.6941366846315 5.767767762450011 5.332117218690489 5.43029198911517 5.368932757599744 5.341321103417803 5.436427912266712 5.387340527054372 
-59.5 -60.5 -60.5 -60.0 -60.5 -60.5 -60.5 -61.0 -61.0 -60.5 -60.0 -60.0 -60.5 -59.0 -60.5 -60.5 -60.0 -61.0 -61.0 -61.5 -62.5 -60.0 -60.0 -59.5 -57.0 -58.0 -58.5 -59.5 -61.0 -61.5 -59.0 -58.5 -57.5 -57.5 -59.0 -58.0 -61.0 -61.0 -59.5 -59.0 -59.5 -59.0 -60.0 
5.295301679781233 4.9394181369917645 5.399612373357457 1.9205439464328227 5.197126909356553 5.080544369477243 5.098952138931871 5.098952138931871 2.061670178918302 2.067806102069844 2.055534255766759 5.307573526084319 5.988660995905543 5.675728915176872 1.892932292250881 5.902758071783947 5.890486225480862 5.767767762450011 5.822991070813893 5.675728915176872 5.602097837358362 5.822991070813893 5.921165841238575 5.853670686571607 5.964117303299373 5.5100589900852235 5.792311455056181 5.681864838328415 5.602097837358362 5.663457068873787 5.433359950690941 5.553010452146021 5.45483568172134 
-67.5 -67.0 -68.0 -69.0 -67.0 -69.0 -68.5 -68.0 -69.0 -70.0 -68.5 -65.0 -63.0 -60.5 -62.5 -75.0 -65.5 -66.0 -65.5 -64.5 -65.5 -64.0 -64.5 -66.0 -65.5 -61.0 -61.0 -60.0 -61.5 -66.0 -70.0 -68.0 -68.0 
