2.6200391857086753 5.890486225480862 2.5954954931025047 2.6813984172241008 2.5832236467994196 2.60776733940559 2.60776733940559 2.5954954931025047 2.9391071895888885 2.761165418194154 2.82252464970958 2.60776733940559 2.4911847995262812 2.6445828783148455 2.6384469551633027 5.859806609723149 2.650718801466388 2.8716120349219203 3.3379421944391554 4.430136515413731 3.9147189706841563 3.423845118560751 3.2643111166206444 3.423845118560751 3.5895150436524004 3.2459033471660166 3.429981041712294 3.5465635815916023 3.8963112012295285 3.8410878928656453 3.2090878082567613 2.748893571891069 3.2581751934691017 0.2699806186678728 3.0802334220743677 2.859340188618835 2.6445828783148455 2.9391071895888885 2.7550294950426117 2.718213956133356 2.779573187648782 
-64.0 -64.5 -64.0 -65.0 -64.5 -64.5 -64.0 -63.5 -63.5 -63.5 -63.5 -64.5 -63.5 -64.0 -64.0 -65.5 -64.5 -65.5 -66.5 -62.0 -63.0 -64.0 -65.5 -67.5 -68.0 -68.0 -66.5 -65.5 -67.0 -67.5 -67.0 -65.0 -64.0 -65.0 -64.0 -62.5 -60.5 -63.0 -62.5 -63.0 -63.0 
2.325514874434632 2.0800779483729293 2.1905245651006955 2.1537090261914402 2.1475731030398975 2.2457478734645786 2.2334760271614935 2.2334760271614935 2.1353012567368124 2.2027964114037806 2.184388641949153 2.110757564130642 2.2089323345553233 2.2580197197676637 2.1230294104337273 2.055534255766759 2.073942025221387 2.172116795646068 2.227340104009951 2.454369260617026 2.9636508821950587 3.000466421104314 3.1661363461959633 2.9513790358919736 2.859340188618835 2.767301341345697 2.890019804376548 2.84706834231575 2.705942109830271 2.8532042654672924 3.2459033471660166 2.9697868053466014 2.6691265709210157 2.4911847995262812 2.2580197197676637 2.1353012567368124 2.067806102069844 1.9512235621905356 1.88986433067511 1.9757672547967058 1.9573594853420782 1.9941750242513334 2.030990563160589 
-64.5 -64.5 -65.5 -64.5 -64.5 -65.0 -64.5 -64.5 -65.5 -65.0 -64.0 -65.0 -65.0 -65.0 -63.5 -65.0 -65.5 -63.5 -63.5 -63.0 -63.0 -61.5 -62.5 -63.0 -64.0 -64.5 -64.5 -64.5 -64.5 -63.5 -63.5 -66.5 -65.0 -65.0 -63.5 -62.5 -62.0 -61.5 -60.5 -60.5 -62.0 -61.0 -62.0 
0.7240389318820226 0.607456392002714 0.6381360077604268 0.6320000846088841 0.5706408530934585 0.6442719309119693 0.6381360077604268 0.5829126993965437 0.6013204688511713 0.607456392002714 0.5276893910326605 0.6320000846088841 0.6258641614573416 0.5767767762450011 0.5951845456996288 0.5522330836388308 0.6381360077604268 0.9387962421860124 1.1903690913992575 1.3130875544301088 1.552388557340269 1.3989904785517047 1.1351457830353744 1.0921943209745766 1.086058397823034 1.1290098598838318 1.1044661672776617 1.0983302441261191 1.055378782065321 1.0676506283684062 1.1106020904292042 1.3437671701878218 1.4910293258248433 1.2087768608538851 1.086058397823034 1.1596894756415448 1.2026409377023426 1.0983302441261191 0.9633399347921826 0.9694758579437253 0.9694758579437253 0.9756117810952678 1.030835089459151 
-50.5 -51.0 -51.0 -51.0 -51.0 -51.0 -51.0 -51.0 -51.0 -51.0 -51.0 -51.0 -51.0 -51.0 -51.0 -51.0 -51.5 -52.0 -52.5 -54.5 -54.0 -51.0 -51.0 -53.0 -53.5 -53.5 -54.5 -54.5 -54.0 -53.5 -52.5 -51.5 -54.0 -54.0 -53.0 -52.5 -51.0 -50.0 -50.0 -50.0 -50.0 -50.0 -49.5 
0.7792622402459057 0.8222137023067037 0.7853981633974483 0.8651651643675016 0.803805932852076 0.7424467013366504 0.8283496254582462 0.7547185476397354 0.803805932852076 0.803805932852076 0.803805932852076 0.8160777791551611 0.7976700097005334 0.7853981633974483 0.8099418560036186 0.8283496254582462 0.8160777791551611 0.8958447801252144 1.0799224746714913 1.3560390164909069 1.5707963267948966 1.41126232485479 1.3744467859455345 1.325359400733194 1.41126232485479 1.3928545554001621 1.380582709097077 1.3560390164909069 1.4173982480063325 1.380582709097077 1.3989904785517047 1.4480778637640452 1.533980787885641 1.5707963267948966 1.3989904785517047 1.282407938672396 1.1228739367322893 0.9940195505498954 0.8528933180644165 0.8713010875190442 0.9510680884890975 0.8713010875190442 0.9203884727313847 
-52.5 -53.0 -53.0 -53.5 -53.0 -53.5 -53.5 -53.5 -53.5 -53.5 -53.5 -53.5 -53.5 -53.5 -53.5 -53.0 -53.5 -53.0 -52.0 -52.0 -51.5 -50.0 -50.5 -51.0 -51.0 -51.5 -51.5 -51.5 -51.5 -51.5 -51.5 -51.5 -52.0 -53.0 -54.0 -52.5 -51.5 -51.0 -51.0 -51.5 -51.0 -50.5 -50.5 
1.3437671701878218 1.423534171157875 1.4051264017032472 1.4051264017032472 1.4480778637640452 1.4173982480063325 1.4358060174609601 1.4358060174609601 1.423534171157875 1.4296700943094176 1.4358060174609601 1.4542137869155878 1.4480778637640452 1.4480778637640452 1.3928545554001621 1.4358060174609601 1.5830681730979816 1.7978254834019713 2.012582793705961 2.1905245651006955 1.9696313316451632 1.7794177139473437 1.7978254834019713 1.736466251886546 1.902136176978195 1.7916895602504288 1.8407769454627694 1.8039614065535141 1.9266798695843652 1.902136176978195 1.8346410223112268 1.9144080232812801 1.9573594853420782 2.12916533358527 2.030990563160589 2.018718716857504 1.7241944055834606 1.3560390164909069 1.4051264017032472 1.325359400733194 1.4419419406125027 1.3008157081270237 1.4848934026733007 
-60.0 -59.5 -60.0 -59.5 -59.5 -59.5 -60.0 -60.0 -59.5 -59.5 -59.5 -60.0 -60.0 -59.5 -60.0 -60.0 -58.5 -57.5 -56.0 -54.0 -51.0 -51.0 -51.5 -53.0 -52.5 -53.5 -55.0 -54.5 -53.5 -54.0 -53.0 -52.0 -51.5 -54.5 -56.5 -56.0 -57.5 -58.0 -59.0 -59.5 -58.5 -58.5 -59.0 
1.533980787885641 1.533980787885641 1.6689710972195777 1.5830681730979816 1.5830681730979816 1.509437095279471 1.4726215563702154 1.552388557340269 1.5830681730979816 1.5155730184310134 1.564660403643354 1.5401167110371838 1.521708941582556 1.576932249946439 1.5462526341887264 1.5585244804918115 1.5155730184310134 1.607611865704152 1.8223691760081417 2.086213871524472 1.9573594853420782 1.9757672547967058 2.0371264863121317 2.098485717827557 2.024854640009046 2.1598449493429825 2.1905245651006955 2.1659808724945253 2.0800779483729293 2.12916533358527 2.1353012567368124 2.110757564130642 2.073942025221387 2.1905245651006955 2.1782527187976104 2.0800779483729293 1.9205439464328227 1.7548740213411735 1.5585244804918115 1.5155730184310134 1.4787574795217582 1.5585244804918115 1.5830681730979816 
-57.0 -57.0 -57.5 -58.5 -57.5 -58.5 -58.5 -58.5 -58.0 -58.0 -58.5 -58.5 -58.5 -58.0 -58.5 -59.0 -59.0 -58.0 -56.5 -54.5 -52.5 -54.0 -55.0 -54.5 -56.5 -57.5 -56.0 -56.5 -57.5 -56.0 -55.5 -54.0 -53.5 -53.5 -53.5 -53.5 -54.0 -55.0 -55.0 -54.5 -54.0 -54.5 -54.0 
5.589825991055276 5.608233760509904 5.460971604872882 5.47937937432751 5.5100589900852235 5.460971604872882 5.460971604872882 5.448699758569798 5.50392306693368 5.4671075280244255 5.473243451175968 5.448699758569798 5.405748296509 5.43029198911517 5.559146375297564 5.448699758569798 5.559146375297564 5.497787143782138 5.602097837358362 6.007068765360171 5.780039608753096 5.66959299202533 5.6143696836614465 5.47937937432751 5.436427912266712 5.424156065963627 5.45483568172134 5.64504929941916 5.411884219660542 5.577554144752192 5.583690067903734 5.559146375297564 5.50392306693368 5.927301764390117 5.424156065963627 5.491651220630596 5.3198453723874035 5.283029833478148 5.2768939103266055 5.344389064993574 5.283029833478148 5.295301679781233 5.289165756629691 
-61.5 -61.5 -62.5 -61.5 -61.5 -61.0 -61.5 -61.5 -61.0 -60.0 -61.0 -60.5 -62.0 -61.0 -61.5 -61.0 -60.5 -61.5 -62.5 -61.0 -57.0 -59.5 -57.0 -58.5 -59.5 -60.5 -61.5 -62.5 -60.0 -58.5 -59.0 -58.5 -58.5 -58.5 -61.5 -60.0 -59.5 -59.0 -59.5 -60.0 -59.0 -58.5 -59.5 
5.6143696836614465 2.3071071049800045 2.454369260617026 2.552544031041707 2.5464081078901644 5.8475347634200645 5.258486140871978 4.957825906446392 6.252505691421874 5.822991070813893 6.092971689481767 5.957981380147831 5.822991070813893 5.5714182216006485 5.994796919057086 5.902758071783947 6.086835766330224 1.8100973297050567 5.712544454086128 5.6941366846315 5.5714182216006485 5.350524988145116 4.908738521234052 4.516039439535327 4.430136515413731 4.135612204139688 4.865787059173254 
-76.0 -76.0 -76.5 -76.5 -66.0 -63.5 -60.5 -66.0 -67.0 -65.0 -65.0 -65.0 -64.5 -66.0 -65.5 -68.0 -67.0 -69.0 -63.0 -61.0 -61.0 -61.5 -64.0 -64.5 -64.0 -63.5 -63.0 
