2.6568547246179306 2.5586799541932495 2.6445828783148455 2.6016314162540475 2.718213956133356 2.6139032625571326 2.693670263527186 2.6200391857086753 2.5280003384355365 2.6200391857086753 2.552544031041707 2.6691265709210157 2.6568547246179306 2.650718801466388 2.5157284921324514 2.6568547246179306 2.7979809571034093 3.9085830475326135 3.429981041712294 2.9575149590435164 4.135612204139688 3.5158839658338894 3.5342917352885173 3.2765829629237295 3.6815538909255388 6.135923151542564 2.5586799541932495 3.1968159619536762 3.3870295796514958 6.092971689481767 2.356194490192345 2.4175537217077703 2.313243028131547 2.386874105950058 2.2089323345553233 
-63.0 -63.0 -64.0 -63.0 -63.0 -63.0 -64.0 -64.0 -63.5 -64.0 -64.0 -64.5 -64.5 -64.0 -64.0 -65.0 -65.0 -63.5 -61.5 -66.5 -70.5 -67.5 -67.0 -66.5 -67.5 -72.5 -66.0 -63.0 -62.5 -75.0 -72.0 -68.0 -68.5 -69.5 -68.0 
1.9819031779482483 1.8100973297050567 1.8960002538266525 1.9880391010997909 1.9880391010997909 2.067806102069844 1.945087639038993 2.0800779483729293 1.9144080232812801 1.9266798695843652 2.0064468705544187 1.8714565612204823 1.9266798695843652 2.098485717827557 1.9634954084936207 2.055534255766759 2.018718716857504 2.012582793705961 2.2334760271614935 2.8532042654672924 2.5770877236478773 2.386874105950058 2.675262494072558 3.031146036862027 2.7857091108003242 2.650718801466388 2.84706834231575 2.7857091108003242 3.11091303783208 1.9757672547967058 1.902136176978195 1.9819031779482483 2.067806102069844 2.098485717827557 2.1046216409791 2.0800779483729293 
-63.5 -63.0 -64.0 -62.5 -64.0 -64.0 -62.5 -65.0 -64.5 -64.0 -63.5 -64.0 -64.0 -64.5 -64.5 -63.5 -63.0 -63.5 -62.5 -61.5 -60.5 -65.5 -64.5 -63.5 -63.0 -63.0 -63.0 -61.5 -61.0 -63.5 -63.5 -65.0 -64.5 -64.0 -64.0 -64.5 
0.8160777791551611 0.7731263170943632 0.7731263170943632 0.7179030087304801 0.7363107781851077 0.705631162427395 0.7117670855789375 0.6749515466696822 0.6933593161243098 0.5583690067903734 0.705631162427395 0.7117670855789375 0.705631162427395 0.7240389318820226 0.7485826244881929 0.7240389318820226 0.7853981633974483 1.030835089459151 1.4480778637640452 1.4664856332186729 0.9572040116406401 1.1903690913992575 1.0799224746714913 1.1167380135807468 1.086058397823034 1.0737865515199487 1.141281706186917 1.086058397823034 1.1903690913992575 1.0676506283684062 1.1351457830353744 1.1903690913992575 1.3192234775816514 1.0185632431560658 0.7915340865489908 0.5890486225480862 0.4663301595172349 0.4663301595172349 0.46019423636569234 0.5092816215780329 
-50.0 -50.5 -50.0 -50.5 -50.5 -50.5 -51.0 -51.0 -51.0 -51.0 -51.0 -51.5 -51.0 -51.0 -51.0 -51.0 -51.5 -53.0 -56.0 -52.0 -51.5 -54.0 -53.5 -55.0 -55.0 -55.0 -55.0 -53.0 -53.0 -52.5 -52.0 -53.5 -53.5 -54.0 -53.5 -52.5 -53.5 -53.5 -53.5 -53.0 
0.803805932852076 0.7915340865489908 0.7485826244881929 0.8222137023067037 0.8222137023067037 0.8283496254582462 0.8344855486097889 0.8283496254582462 0.8160777791551611 0.7976700097005334 0.7301748550335652 0.8160777791551611 0.8099418560036186 0.7792622402459057 0.7792622402459057 0.7915340865489908 0.8099418560036186 0.9694758579437253 1.2885438618239387 1.4173982480063325 1.41126232485479 1.521708941582556 1.4051264017032472 1.3499030933393643 1.3989904785517047 1.3928545554001621 1.5155730184310134 1.41126232485479 1.4358060174609601 1.3621749396424494 1.3928545554001621 1.564660403643354 1.4910293258248433 1.1044661672776617 0.8467573949128739 0.8160777791551611 0.8467573949128739 0.7792622402459057 0.8528933180644165 0.8406214717613314 
-52.5 -52.5 -52.5 -52.5 -52.5 -53.0 -53.0 -52.5 -52.5 -53.0 -53.0 -53.0 -53.0 -52.5 -52.5 -53.0 -53.0 -52.5 -52.5 -51.5 -52.0 -51.5 -51.5 -52.0 -52.5 -52.5 -52.0 -51.5 -51.5 -51.5 -51.0 -52.5 -52.5 -53.0 -53.5 -54.5 -55.0 -55.0 -55.0 -54.5 
1.2578642460662257 1.3499030933393643 1.3192234775816514 1.4173982480063325 1.3192234775816514 1.3314953238847365 1.380582709097077 1.3867186322486196 1.4419419406125027 1.3437671701878218 1.4173982480063325 1.4419419406125027 1.4419419406125027 1.325359400733194 1.3621749396424494 1.4542137869155878 1.5707963267948966 2.012582793705961 2.2334760271614935 1.9266798695843652 1.9819031779482483 1.8960002538266525 1.9512235621905356 1.902136176978195 1.9144080232812801 1.9205439464328227 1.8162332528565992 1.932815792735908 1.9205439464328227 2.018718716857504 1.932815792735908 2.1046216409791 2.1659808724945253 2.1230294104337273 1.5585244804918115 1.2701360923693108 1.1780972450961724 0.5276893910326605 0.9081166264282996 0.8651651643675016 
-60.0 -59.5 -60.5 -60.0 -60.5 -60.5 -61.0 -60.0 -60.0 -61.0 -61.0 -61.0 -61.5 -60.5 -61.0 -60.5 -60.5 -60.5 -55.0 -51.5 -53.5 -53.0 -54.0 -56.0 -56.5 -56.0 -55.5 -54.5 -54.5 -53.0 -54.0 -55.5 -56.5 -62.5 -67.0 -67.5 -69.5 -69.5 -68.5 -66.0 
1.509437095279471 1.3867186322486196 1.4419419406125027 1.4419419406125027 1.4664856332186729 1.4480778637640452 1.4603497100671303 1.4848934026733007 1.4173982480063325 1.4542137869155878 1.423534171157875 1.4419419406125027 1.41126232485479 1.4296700943094176 1.4296700943094176 1.3928545554001621 1.3499030933393643 1.6260196351587797 1.9696313316451632 2.030990563160589 2.227340104009951 2.110757564130642 2.043262409463674 2.1475731030398975 2.1782527187976104 2.1966604882522383 2.172116795646068 2.0800779483729293 2.1475731030398975 2.1537090261914402 2.098485717827557 2.141437179888355 2.2027964114037806 1.7426021750380885 1.3744467859455345 1.3008157081270237 1.4480778637640452 1.282407938672396 1.3314953238847365 1.2455923997631406 
-55.5 -56.0 -56.0 -56.5 -56.5 -56.5 -57.0 -57.5 -57.0 -57.0 -57.5 -57.0 -57.0 -57.0 -57.0 -57.0 -57.5 -58.0 -57.0 -55.0 -55.0 -54.5 -57.0 -56.5 -55.5 -55.0 -56.0 -56.5 -55.0 -54.5 -55.5 -55.0 -56.5 -58.0 -58.5 -60.0 -60.0 -60.5 -61.0 -59.5 
5.307573526084319 5.3198453723874035 5.356660911296659 5.295301679781233 5.203262832508095 5.387340527054372 5.350524988145116 5.368932757599744 5.350524988145116 5.344389064993574 5.3627968344482015 5.3627968344482015 5.424156065963627 5.313709449235861 5.47937937432751 5.387340527054372 5.485515297479052 5.773903685601553 6.092971689481767 5.773903685601553 5.737088146692298 5.546874528994478 5.485515297479052 5.45483568172134 5.638913376267617 5.66959299202533 5.4671075280244255 5.5100589900852235 5.485515297479052 5.749359992995383 5.93343768754166 5.957981380147831 5.6143696836614465 5.546874528994478 5.755495916146925 5.632777453116074 5.651185222570702 5.620505606812989 
-60.5 -61.0 -61.0 -61.5 -61.0 -60.5 -61.0 -61.0 -61.5 -61.0 -61.5 -62.0 -62.0 -61.0 -61.0 -62.0 -61.5 -62.5 -61.0 -58.0 -57.0 -57.5 -58.0 -60.5 -60.0 -59.5 -60.0 -58.0 -57.5 -56.0 -59.0 -59.5 -62.5 -62.5 -62.0 -62.0 -62.0 -63.0 
4.154019973594316 1.4173982480063325 1.1780972450961724 5.964117303299373 5.356660911296659 2.5709518004963345 5.47937937432751 2.12916533358527 5.393476450205914 5.890486225480862 2.6445828783148455 0.07976700097005335 
-67.5 -72.5 -73.0 -65.0 -64.5 -67.5 -65.5 -69.0 -63.5 -73.5 -70.5 -73.5 
