2.3930100291016 3.1968159619536762 2.6016314162540475 2.6691265709210157 2.5157284921324514 2.4605051837685683 2.8777479580734626 2.6568547246179306 2.0064468705544187 2.6139032625571326 2.5770877236478773 2.5770877236478773 2.705942109830271 2.5893595699509624 2.60776733940559 2.761165418194154 3.393165502803038 4.454680208019902 0.7976700097005334 3.8717675086233583 2.730485802436441 3.2888548092268146 3.2581751934691017 3.129320807286708 2.9329712664373457 2.816388726558037 3.0372819600135696 2.6691265709210157 2.7550294950426117 5.93343768754166 
-66.0 -67.5 -68.5 -68.5 -68.0 -67.0 -68.0 -65.5 -67.5 -68.0 -67.0 -68.0 -67.5 -65.5 -66.0 -68.0 -62.5 -68.5 -68.0 -67.0 -66.0 -63.0 -64.5 -69.0 -67.0 -65.0 -67.0 -66.0 -68.5 -69.0 
2.1782527187976104 2.227340104009951 2.141437179888355 2.0493983326152168 2.098485717827557 2.116893487282185 1.9819031779482483 2.0371264863121317 2.055534255766759 2.1230294104337273 2.1353012567368124 2.141437179888355 2.1537090261914402 2.1230294104337273 2.2089323345553233 2.073942025221387 2.3746022596469727 2.5157284921324514 2.6568547246179306 2.736621725587984 2.466641106920111 2.3193789512830896 2.6568547246179306 3.018874190558942 2.8838838812250054 2.9391071895888885 3.3011266555298997 2.859340188618835 2.5341362615870793 2.736621725587984 3.3195344249845276 3.117048960983623 2.8286605728611223 2.5954954931025047 2.442097414313941 2.399145952253143 2.270291566070749 2.2457478734645786 2.282563412373834 2.0923497946760143 2.0493983326152168 
-64.5 -65.0 -64.5 -65.0 -64.5 -65.0 -64.0 -64.5 -65.0 -65.0 -63.5 -65.0 -65.0 -64.5 -63.5 -64.0 -64.0 -63.5 -63.0 -62.0 -61.0 -65.0 -66.5 -67.0 -65.0 -64.0 -64.0 -67.5 -63.5 -61.0 -61.5 -65.5 -64.5 -65.5 -65.5 -64.5 -63.0 -65.0 -66.0 -65.0 -65.5 
0.6504078540635119 0.607456392002714 0.6320000846088841 0.6320000846088841 0.607456392002714 0.6749515466696822 0.6872233929727672 0.6810874698212247 0.6381360077604268 0.6688156235181395 0.5829126993965437 0.6258641614573416 0.6135923151542565 0.5951845456996288 0.5829126993965437 0.662679700366597 0.7547185476397354 0.9142525495798421 1.4296700943094176 1.1965050145508 0.9019807032767571 1.1167380135807468 1.1903690913992575 1.0676506283684062 1.030835089459151 1.012427320004523 1.030835089459151 1.1106020904292042 1.239456476611598 0.9940195505498954 1.2517283229146832 1.2455923997631406 1.055378782065321 0.9203884727313847 0.6135923151542565 0.4540583132141498 0.5031456984264903 0.4908738521234052 0.47860200582032003 0.5338253141842031 0.6105243535784852 
-52.0 -52.0 -52.0 -51.5 -51.5 -51.5 -51.5 -51.5 -51.5 -51.0 -51.5 -51.0 -51.5 -51.0 -51.0 -51.0 -53.0 -56.5 -56.5 -52.0 -53.0 -54.5 -53.0 -53.5 -55.0 -54.5 -54.5 -53.5 -54.0 -53.5 -52.0 -55.0 -54.5 -53.5 -52.5 -53.0 -52.5 -52.5 -53.0 -53.0 -52.5 
0.8222137023067037 0.7915340865489908 0.7853981633974483 0.803805932852076 0.8160777791551611 0.7915340865489908 0.7731263170943632 0.7424467013366504 0.7853981633974483 0.8099418560036186 0.8099418560036186 0.8099418560036186 0.803805932852076 0.8406214717613314 0.8406214717613314 0.7669903939428205 1.0921943209745766 1.2701360923693108 1.4787574795217582 1.3867186322486196 1.2517283229146832 1.576932249946439 1.4542137869155878 1.3928545554001621 1.4051264017032472 1.423534171157875 1.3314953238847365 1.3621749396424494 1.4787574795217582 1.2578642460662257 1.4726215563702154 1.5892040962495242 1.4848934026733007 1.1965050145508 1.0492428589137786 0.8958447801252144 0.8406214717613314 0.8406214717613314 0.8344855486097889 0.7240389318820226 0.7485826244881929 
-54.0 -54.0 -54.0 -54.0 -54.0 -53.5 -53.5 -53.5 -53.5 -53.5 -53.5 -54.0 -53.5 -54.0 -54.0 -53.5 -53.5 -53.5 -53.5 -51.0 -52.0 -52.5 -51.0 -52.0 -52.0 -52.0 -52.0 -51.0 -52.0 -51.5 -50.0 -52.0 -53.0 -53.0 -53.5 -54.0 -54.5 -55.0 -55.0 -54.5 -54.0 
1.1228739367322893 1.0737865515199487 1.141281706186917 1.000155473701438 1.1351457830353744 1.043106935762236 1.0185632431560658 0.9572040116406401 0.944932165337555 0.9510680884890975 0.9633399347921826 1.1228739367322893 1.0799224746714913 1.030835089459151 1.2578642460662257 1.6321555583103222 2.435961491162398 2.3930100291016 1.9696313316451632 2.073942025221387 1.9266798695843652 1.932815792735908 1.9266798695843652 1.9389517158874505 1.8714565612204823 1.9573594853420782 1.945087639038993 1.7855536370988863 1.932815792735908 1.8346410223112268 2.067806102069844 2.2518837966161214 2.0493983326152168 1.6935147898257479 1.761009944492716 1.2210487071569704 1.1719613219446299 1.4603497100671303 1.380582709097077 1.3161555160058802 
-61.5 -62.0 -61.5 -62.0 -61.0 -61.5 -61.0 -61.0 -61.0 -61.5 -62.0 -61.5 -61.5 -61.0 -61.0 -64.5 -61.0 -55.5 -53.5 -53.0 -51.0 -54.0 -53.5 -54.0 -54.5 -53.5 -54.0 -53.0 -52.0 -52.0 -52.0 -55.0 -58.5 -61.0 -62.0 -63.0 -63.0 -63.0 -63.5 -63.0 
1.3499030933393643 1.3744467859455345 1.3744467859455345 1.3560390164909069 1.282407938672396 1.325359400733194 1.3744467859455345 1.325359400733194 1.3130875544301088 1.3560390164909069 1.2946797849754812 1.325359400733194 1.3989904785517047 1.4051264017032472 1.380582709097077 1.3008157081270237 1.423534171157875 1.9757672547967058 2.270291566070749 2.1353012567368124 2.086213871524472 2.110757564130642 2.2150682577068657 2.1966604882522383 2.1782527187976104 2.172116795646068 2.073942025221387 2.184388641949153 2.0493983326152168 2.061670178918302 2.1598449493429825 2.067806102069844 1.748738098189631 1.7916895602504288 1.5585244804918115 1.4173982480063325 1.4603497100671303 1.4419419406125027 1.5155730184310134 
-58.0 -57.5 -57.5 -57.0 -57.0 -57.0 -57.0 -56.5 -56.5 -57.0 -56.5 -57.5 -57.0 -57.0 -57.5 -58.0 -59.5 -56.0 -55.0 -54.0 -56.0 -57.0 -56.5 -56.5 -57.0 -56.5 -55.0 -54.5 -54.5 -53.5 -55.5 -57.0 -59.0 -59.0 -60.0 -60.5 -60.0 -59.5 -58.5 
5.47937937432751 5.3627968344482015 5.460971604872882 5.473243451175968 5.405748296509 5.411884219660542 5.47937937432751 5.424156065963627 5.4671075280244255 5.264622064023521 5.424156065963627 5.387340527054372 5.473243451175968 5.522330836388308 5.497787143782138 5.737088146692298 6.258641614573416 6.191146459906448 5.927301764390117 5.884350302329319 5.688000761479957 5.6143696836614465 5.344389064993574 5.473243451175968 5.6573211457222445 5.663457068873787 5.608233760509904 5.626641529964532 5.780039608753096 5.7616318392984684 5.927301764390117 6.043884304269426 5.626641529964532 5.540738605842936 5.460971604872882 5.681864838328415 5.638913376267617 5.786175531904639 5.681864838328415 5.522330836388308 
-62.0 -61.5 -62.0 -61.5 -62.5 -63.0 -61.5 -61.5 -61.5 -62.0 -62.5 -62.0 -62.0 -62.5 -62.5 -63.5 -62.0 -59.0 -58.0 -56.0 -55.5 -58.0 -59.0 -60.5 -60.5 -60.5 -58.5 -57.0 -55.5 -59.0 -59.0 -62.0 -62.0 -61.5 -61.0 -62.5 -63.0 -62.5 -61.5 -63.0 
0.4908738521234052 0.7853981633974483 1.030835089459151 1.0062913968529805 1.1290098598838318 0.7179030087304801 3.2397674240144743 2.2948352586769194 5.93343768754166 5.559146375297564 5.724816300389213 5.835262917116979 5.681864838328415 5.712544454086128 5.749359992995383 2.60776733940559 5.681864838328415 6.215690152512618 5.516194913236766 5.64504929941916 5.6941366846315 
-77.0 -74.5 -74.5 -73.5 -73.0 -74.0 -72.0 -70.5 -67.5 -62.5 -69.0 -68.0 -64.0 -66.5 -65.5 -69.0 -62.5 -67.5 -64.5 -62.0 -64.5 
