2.6568547246179306 2.816388726558037 2.693670263527186 2.761165418194154 2.6691265709210157 2.767301341345697 3.0066023442558567 2.6691265709210157 2.736621725587984 2.779573187648782 2.7120780329818137 2.890019804376548 2.9145634969827183 4.239922897715912 4.166291819897402 3.6999616603801666 3.5158839658338894 3.9085830475326135 3.767456815047135 3.380893656499953 3.6201946594101133 3.792000507653305 0.23930100291016002 3.5158839658338894 3.54042765844006 3.399301425954581 3.2520392703175593 3.2704470397721868 3.067961575771282 2.6200391857086753 2.6139032625571326 2.6261751088602177 2.521864415283994 2.5402721847386216 2.736621725587984 2.5954954931025047 2.84706834231575 
-63.5 -64.5 -64.5 -63.0 -64.0 -64.0 -64.0 -64.5 -64.0 -63.0 -65.0 -65.0 -67.0 -63.5 -62.0 -64.0 -66.5 -67.5 -67.5 -65.5 -66.0 -66.0 -70.0 -63.0 -62.0 -62.5 -63.5 -63.0 -65.0 -64.0 -64.0 -64.0 -65.5 -64.5 -64.5 -63.5 -64.0 
2.0371264863121317 2.1353012567368124 2.1966604882522383 2.0923497946760143 2.1046216409791 2.0800779483729293 2.061670178918302 2.12916533358527 2.024854640009046 2.116893487282185 1.945087639038993 2.061670178918302 2.110757564130642 2.067806102069844 5.749359992995383 3.2765829629237295 3.227495577711389 2.9145634969827183 2.718213956133356 2.748893571891069 2.7857091108003242 2.5893595699509624 2.5341362615870793 2.767301341345697 2.5893595699509624 2.859340188618835 3.368621810196868 3.000466421104314 2.705942109830271 2.350058567040802 2.086213871524472 1.902136176978195 1.5033011721279284 2.024854640009046 1.945087639038993 1.846912868614312 1.9205439464328227 1.8100973297050567 1.8100973297050567 
-63.0 -64.0 -62.5 -63.5 -63.5 -61.5 -63.0 -63.5 -64.5 -64.0 -64.0 -63.5 -63.5 -63.0 -63.5 -62.0 -61.0 -62.5 -64.0 -65.5 -63.0 -61.0 -63.5 -65.0 -65.0 -63.0 -64.0 -65.5 -66.0 -64.5 -63.5 -64.0 -65.0 -64.5 -63.5 -64.5 -64.0 -64.5 -65.0 
0.7669903939428205 0.760854470791278 0.8651651643675016 0.7853981633974483 0.760854470791278 0.7915340865489908 0.803805932852076 0.760854470791278 0.7669903939428205 0.7301748550335652 0.7363107781851077 0.7547185476397354 0.9265243958829272 1.227184630308513 1.325359400733194 1.6321555583103222 1.2578642460662257 1.1106020904292042 1.086058397823034 1.055378782065321 1.0246991663076084 0.9940195505498954 1.0369710126106935 1.0062913968529805 1.0246991663076084 1.1965050145508 1.141281706186917 1.3314953238847365 1.337631247036279 1.1535535524900022 1.1596894756415448 1.000155473701438 0.7792622402459057 0.7117670855789375 0.5951845456996288 0.6381360077604268 0.7117670855789375 0.7240389318820226 0.7485826244881929 0.7301748550335652 
-50.5 -51.0 -50.5 -50.5 -50.5 -50.5 -50.5 -51.0 -50.5 -51.0 -51.0 -51.0 -51.5 -54.0 -56.0 -53.5 -51.5 -52.0 -53.5 -54.0 -55.0 -54.5 -54.5 -54.5 -53.0 -53.0 -52.5 -52.0 -53.5 -53.0 -52.5 -51.0 -51.5 -52.0 -52.0 -51.5 -52.0 -52.0 -51.5 -51.0 
0.7301748550335652 0.803805932852076 0.760854470791278 0.803805932852076 0.8344855486097889 0.7853981633974483 0.7792622402459057 0.7547185476397354 0.7301748550335652 0.7485826244881929 0.7853981633974483 0.7731263170943632 0.8099418560036186 1.0983302441261191 1.3069516312785663 1.552388557340269 1.4664856332186729 1.4542137869155878 1.3928545554001621 1.41126232485479 1.3008157081270237 1.3499030933393643 1.3069516312785663 1.3560390164909069 1.3989904785517047 1.4419419406125027 1.3314953238847365 1.5278448647340985 1.6689710972195777 1.662835174068035 1.4910293258248433 1.000155473701438 0.7976700097005334 0.8283496254582462 0.8160777791551611 0.7669903939428205 0.803805932852076 0.8344855486097889 0.8099418560036186 0.8160777791551611 
-52.0 -52.0 -52.5 -52.0 -52.0 -52.5 -52.5 -52.0 -52.5 -52.5 -52.5 -52.5 -52.5 -52.5 -53.5 -51.0 -51.0 -51.0 -51.5 -52.0 -51.5 -51.5 -51.5 -51.5 -51.5 -51.5 -51.5 -51.0 -51.5 -53.5 -53.5 -52.5 -52.5 -53.0 -53.5 -53.0 -53.5 -53.5 -53.0 -53.0 
1.3499030933393643 1.3621749396424494 1.3130875544301088 1.3437671701878218 1.3744467859455345 1.3069516312785663 1.3867186322486196 1.3437671701878218 1.2701360923693108 1.4358060174609601 1.3928545554001621 1.4480778637640452 1.6014759425526093 2.2457478734645786 2.2764274892222915 2.0923497946760143 1.9266798695843652 1.8714565612204823 1.859184714917397 1.88986433067511 1.8039614065535141 1.7671458676442586 1.8285050991596843 1.7978254834019713 1.9082721001297376 1.7732817907958012 1.9082721001297376 1.9634954084936207 2.1353012567368124 2.2089323345553233 2.227340104009951 1.748738098189631 1.5278448647340985 1.4542137869155878 1.3437671701878218 1.4910293258248433 1.6014759425526093 1.6751070203711202 1.4173982480063325 1.41126232485479 
-60.5 -61.5 -61.0 -60.5 -60.5 -60.5 -60.5 -61.0 -61.5 -61.0 -60.5 -60.5 -60.0 -58.5 -56.0 -52.0 -51.5 -52.0 -53.0 -53.5 -54.5 -55.0 -55.0 -54.5 -53.5 -53.0 -52.5 -53.0 -52.5 -55.0 -56.0 -61.5 -62.5 -63.5 -64.5 -63.0 -63.0 -62.0 -61.5 -62.0 
1.5892040962495242 1.5462526341887264 1.533980787885641 1.5707963267948966 1.5401167110371838 1.5278448647340985 1.521708941582556 1.4910293258248433 1.4971652489763858 1.4787574795217582 1.5155730184310134 1.4296700943094176 1.5462526341887264 1.846912868614312 2.1537090261914402 2.024854640009046 2.043262409463674 2.1659808724945253 2.1537090261914402 2.018718716857504 2.2580197197676637 2.313243028131547 2.1966604882522383 2.2457478734645786 2.073942025221387 2.067806102069844 2.110757564130642 2.086213871524472 2.1046216409791 2.270291566070749 2.1782527187976104 1.7978254834019713 1.6198837120072371 1.5707963267948966 1.5830681730979816 1.4971652489763858 1.5585244804918115 1.6444274046134073 1.607611865704152 1.6137477888556946 
-56.5 -56.0 -56.5 -56.0 -56.5 -56.0 -56.5 -56.5 -56.5 -56.5 -56.5 -57.0 -56.5 -56.5 -56.0 -53.5 -54.0 -55.0 -55.0 -57.5 -56.5 -55.5 -55.5 -56.5 -57.5 -55.5 -54.5 -55.5 -54.5 -54.0 -54.5 -56.5 -57.5 -57.0 -57.5 -57.5 -57.0 -57.0 -56.5 -56.5 
5.350524988145116 5.307573526084319 5.332117218690489 5.313709449235861 5.301437602932776 5.258486140871978 5.270757987175063 5.2768939103266055 5.283029833478148 5.301437602932776 5.344389064993574 5.332117218690489 5.405748296509 5.896622148632405 5.663457068873787 5.620505606812989 5.589825991055276 5.43029198911517 5.190990986205009 5.387340527054372 5.540738605842936 5.5284667595398505 5.381204603902829 5.632777453116074 5.816855147662351 5.66959299202533 5.884350302329319 5.822991070813893 5.608233760509904 5.516194913236766 5.47937937432751 5.559146375297564 5.411884219660542 5.50392306693368 5.663457068873787 5.5714182216006485 5.522330836388308 5.442563835418255 
-61.5 -61.5 -61.5 -61.5 -61.5 -62.0 -62.5 -61.0 -61.0 -61.5 -62.0 -61.5 -62.5 -58.0 -58.5 -57.0 -58.5 -59.0 -61.5 -61.5 -60.5 -61.0 -60.0 -58.5 -56.5 -60.0 -58.0 -60.5 -61.5 -61.5 -62.0 -61.5 -62.0 -60.5 -61.5 -61.0 -61.0 -60.5 
4.816699673960914 4.92714629068868 4.552854978444583 4.865787059173254 4.743068596142402 1.6689710972195777 1.6444274046134073 1.521708941582556 1.6137477888556946 5.258486140871978 2.6016314162540475 6.013204688511713 5.71868037723767 5.902758071783947 5.853670686571607 5.853670686571607 5.553010452146021 5.896622148632405 5.460971604872882 5.485515297479052 5.178719139901925 1.662835174068035 1.8039614065535141 1.9082721001297376 
-69.5 -70.0 -69.5 -69.0 -68.5 -70.5 -70.5 -72.5 -73.0 -61.5 -74.5 -66.5 -66.0 -66.0 -65.0 -66.0 -66.5 -64.5 -64.0 -62.5 -69.0 -74.0 -73.5 -72.0 
