2.6261751088602177 2.662990647769473 2.6261751088602177 2.6323110320117604 2.552544031041707 2.6875343403756435 2.650718801466388 2.435961491162398 2.791845033951867 2.5954954931025047 2.724349879284899 2.6384469551633027 2.650718801466388 2.6875343403756435 2.5954954931025047 3.0250101137104846 3.3072625786814425 3.356349963893783 4.215379205109742 4.669437518323892 4.0558452031696355 3.5956509668039427 3.436116964863836 3.32567034813607 0.44178646691106466 3.472932503773092 3.429981041712294 3.368621810196868 3.3072625786814425 3.810408277107933 4.190835512503572 3.9453985864418692 3.313398501832985 3.3011266555298997 3.1661363461959633 3.0250101137104846 2.736621725587984 2.816388726558037 2.779573187648782 2.8777479580734626 2.6445828783148455 
-65.0 -63.5 -64.5 -64.5 -63.5 -65.5 -65.5 -64.5 -65.0 -63.5 -65.5 -64.5 -65.0 -65.0 -64.5 -65.5 -66.0 -68.0 -67.0 -64.0 -63.5 -65.5 -63.5 -67.0 -67.0 -65.0 -65.0 -66.0 -65.5 -66.0 -65.5 -64.5 -63.0 -62.5 -63.0 -64.5 -64.5 -64.5 -64.0 -65.0 -65.0 
2.0064468705544187 1.9941750242513334 2.061670178918302 1.8775924843720249 2.110757564130642 2.000310947402876 2.2212041808584084 2.055534255766759 2.043262409463674 2.0064468705544187 2.030990563160589 2.030990563160589 2.184388641949153 2.0923497946760143 2.061670178918302 2.116893487282185 2.1782527187976104 2.448233337465483 2.7857091108003242 3.2827188860752723 3.153864499892878 2.9022916506796332 2.761165418194154 2.6200391857086753 2.945243112740431 2.890019804376548 3.031146036862027 2.9022916506796332 2.8532042654672924 3.1968159619536762 3.2888548092268146 3.184544115650591 2.662990647769473 2.36846633649543 2.1659808724945253 1.9634954084936207 1.88986433067511 1.9819031779482483 2.018718716857504 2.055534255766759 2.067806102069844 
-64.5 -64.0 -64.5 -64.0 -64.0 -64.5 -65.5 -65.0 -64.0 -64.5 -64.5 -64.5 -64.0 -65.0 -64.5 -64.0 -64.0 -61.5 -63.5 -62.0 -62.5 -63.0 -63.5 -63.5 -63.5 -61.5 -62.5 -63.5 -62.0 -62.0 -63.0 -65.5 -66.0 -65.0 -63.0 -62.5 -63.0 -64.0 -64.0 -63.5 -63.0 
0.5890486225480862 0.6258641614573416 0.6810874698212247 0.619728238305799 0.6381360077604268 0.6381360077604268 0.6381360077604268 0.6381360077604268 0.6565437772150544 0.6135923151542565 0.6749515466696822 0.6013204688511713 0.6135923151542565 0.6504078540635119 0.6933593161243098 0.8344855486097889 1.043106935762236 1.2210487071569704 1.3989904785517047 1.4726215563702154 1.0799224746714913 1.000155473701438 1.012427320004523 0.9756117810952678 1.0185632431560658 1.030835089459151 1.0369710126106935 0.9756117810952678 1.055378782065321 1.0799224746714913 1.227184630308513 1.4480778637640452 1.2026409377023426 1.1596894756415448 1.141281706186917 0.9081166264282996 0.7485826244881929 0.6442719309119693 0.619728238305799 0.6442719309119693 0.6994952392758523 
-52.0 -52.0 -52.0 -52.0 -52.0 -52.0 -52.0 -52.0 -52.0 -51.5 -51.5 -52.0 -52.0 -51.5 -51.5 -52.0 -53.0 -55.0 -55.5 -52.5 -51.0 -52.5 -53.5 -53.5 -54.0 -54.0 -54.0 -53.5 -53.0 -52.5 -51.5 -53.0 -54.0 -52.5 -51.5 -51.0 -51.5 -51.0 -51.5 -51.0 -51.0 
0.8099418560036186 0.7792622402459057 0.7976700097005334 0.7853981633974483 0.7853981633974483 0.7669903939428205 0.7547185476397354 0.760854470791278 0.7547185476397354 0.7792622402459057 0.7792622402459057 0.7363107781851077 0.7179030087304801 0.803805932852076 0.7915340865489908 0.8467573949128739 0.944932165337555 1.2026409377023426 1.5401167110371838 1.5033011721279284 1.2885438618239387 1.2762720155208536 1.3069516312785663 1.3560390164909069 1.2946797849754812 1.2885438618239387 1.3560390164909069 1.368310862793992 1.3130875544301088 1.3621749396424494 1.368310862793992 1.4542137869155878 1.5462526341887264 1.4173982480063325 1.2087768608538851 0.9510680884890975 0.8222137023067037 0.8406214717613314 0.7915340865489908 0.7792622402459057 0.7976700097005334 
-53.0 -53.5 -53.0 -53.5 -53.5 -53.5 -53.5 -53.0 -53.0 -53.5 -53.5 -53.0 -53.5 -53.5 -53.5 -53.0 -52.0 -52.5 -52.5 -50.5 -50.5 -50.5 -51.0 -51.0 -51.0 -51.0 -51.0 -51.0 -51.0 -50.5 -50.5 -51.0 -52.5 -52.5 -52.5 -52.5 -53.0 -53.5 -53.0 -53.0 -53.0 
1.4726215563702154 1.6505633277649499 1.423534171157875 1.509437095279471 1.5155730184310134 1.4910293258248433 1.4358060174609601 1.3928545554001621 1.4419419406125027 1.4787574795217582 1.3928545554001621 1.3989904785517047 1.41126232485479 1.3928545554001621 1.4664856332186729 1.6198837120072371 1.8346410223112268 2.325514874434632 2.2089323345553233 1.8285050991596843 1.761009944492716 1.662835174068035 1.718058482431918 1.7303303287350031 1.662835174068035 1.6996507129772904 1.7671458676442586 1.8223691760081417 1.7241944055834606 1.6996507129772904 1.7978254834019713 1.9144080232812801 1.9819031779482483 2.012582793705961 2.000310947402876 1.662835174068035 1.564660403643354 1.5278448647340985 1.4542137869155878 1.3499030933393643 1.4051264017032472 
-61.5 -61.0 -61.0 -61.5 -61.5 -62.0 -62.0 -61.5 -61.5 -62.0 -62.0 -61.0 -62.0 -61.5 -62.0 -61.5 -60.0 -57.5 -53.0 -50.5 -52.0 -52.0 -53.0 -52.0 -52.5 -53.0 -52.5 -52.5 -53.0 -52.0 -51.5 -51.0 -53.5 -54.5 -55.0 -57.5 -59.0 -60.0 -60.5 -60.0 -59.0 
1.5462526341887264 1.6137477888556946 1.5585244804918115 1.576932249946439 1.552388557340269 1.6321555583103222 1.576932249946439 1.509437095279471 1.5892040962495242 1.5892040962495242 1.576932249946439 1.5278448647340985 1.552388557340269 1.5707963267948966 1.5278448647340985 1.4787574795217582 1.7732817907958012 2.018718716857504 2.0800779483729293 1.8837284075235674 1.9573594853420782 1.9757672547967058 2.024854640009046 2.012582793705961 2.0800779483729293 2.1598449493429825 2.043262409463674 2.043262409463674 2.073942025221387 2.073942025221387 1.9757672547967058 1.9696313316451632 2.067806102069844 2.110757564130642 2.000310947402876 1.7732817907958012 1.6566992509164924 1.6689710972195777 1.6996507129772904 1.6137477888556946 1.6321555583103222 
-57.5 -57.5 -57.5 -57.5 -57.5 -57.5 -57.5 -58.0 -57.5 -57.5 -58.0 -57.5 -58.0 -58.0 -58.5 -58.5 -57.5 -56.5 -53.0 -53.5 -54.5 -54.5 -55.0 -57.0 -56.0 -55.5 -56.0 -57.0 -55.0 -55.5 -54.0 -53.5 -53.0 -53.0 -54.0 -56.0 -57.5 -57.0 -56.5 -56.5 -56.5 
5.381204603902829 5.387340527054372 5.546874528994478 5.4671075280244255 5.50392306693368 5.442563835418255 5.460971604872882 5.424156065963627 5.418020142812084 5.448699758569798 5.47937937432751 5.522330836388308 5.418020142812084 5.411884219660542 5.418020142812084 5.473243451175968 5.939573610693203 6.068427996875596 5.939573610693203 5.565282298449106 5.608233760509904 5.43029198911517 5.497787143782138 5.399612373357457 5.197126909356553 5.2768939103266055 5.516194913236766 5.190990986205009 5.442563835418255 5.50392306693368 5.675728915176872 5.66959299202533 5.970253226450915 5.620505606812989 5.135767677841127 5.307573526084319 5.246214294568893 5.368932757599744 5.381204603902829 5.295301679781233 5.405748296509 
-61.5 -61.0 -61.5 -61.0 -61.0 -61.5 -61.5 -61.0 -61.5 -61.5 -62.0 -62.0 -61.0 -61.5 -61.5 -62.0 -62.5 -63.0 -60.0 -59.5 -58.0 -59.5 -59.0 -59.5 -60.5 -61.5 -61.0 -59.5 -59.5 -58.5 -57.0 -59.0 -59.5 -62.0 -61.5 -61.0 -61.5 -61.5 -61.0 -60.0 -60.5 
2.4850488763747385 2.313243028131547 2.325514874434632 2.2641556429192065 2.2886993355253766 2.1230294104337273 1.8714565612204823 1.7241944055834606 2.36846633649543 5.553010452146021 1.9634954084936207 0.3129320807286708 5.8659425328746915 5.970253226450915 6.037748381117884 5.737088146692298 5.5714182216006485 5.375068680751287 5.681864838328415 5.792311455056181 5.853670686571607 2.2580197197676637 5.141903600992669 5.565282298449106 5.651185222570702 5.436427912266712 5.227806525114265 2.448233337465483 5.767767762450011 5.246214294568893 
-73.5 -75.5 -75.0 -75.0 -75.0 -74.5 -74.5 -77.0 -69.0 -61.5 -68.5 -70.0 -65.0 -66.0 -64.5 -64.5 -65.0 -64.0 -64.0 -65.0 -64.5 -70.0 -63.0 -60.5 -60.5 -62.0 -67.0 -71.5 -69.5 -68.5 
