2.6813984172241008 2.5832236467994196 2.5464081078901644 2.7550294950426117 2.5157284921324514 2.6139032625571326 2.6384469551633027 2.4175537217077703 2.6998061866787286 2.6261751088602177 2.6139032625571326 2.767301341345697 2.6200391857086753 2.693670263527186 5.93343768754166 2.5770877236478773 2.9022916506796332 3.2704470397721868 3.7551849687440497 3.5711072741977725 4.571262747899211 4.356505437595221 4.031301510563465 3.6999616603801666 3.3195344249845276 3.454524734318464 3.3318062712876126 3.429981041712294 3.423845118560751 3.3011266555298997 3.5036121195308043 3.5281558121369745 3.6815538909255388 3.479068426924634 2.9820586516496865 3.184544115650591 3.2520392703175593 2.9391071895888885 2.7120780329818137 2.552544031041707 
-66.0 -66.0 -65.0 -66.0 -66.0 -66.0 -66.0 -65.5 -66.0 -65.0 -66.0 -66.5 -65.5 -66.5 -66.5 -65.0 -65.5 -65.5 -65.5 -66.0 -66.5 -64.0 -64.5 -66.0 -65.5 -66.0 -67.0 -65.5 -67.0 -67.0 -67.5 -68.5 -66.0 -66.5 -65.0 -64.5 -65.5 -65.0 -64.5 -66.0 
2.337786720737717 1.9880391010997909 1.9266798695843652 2.086213871524472 2.5464081078901644 2.086213871524472 2.061670178918302 2.2764274892222915 2.2396119503130363 2.1475731030398975 1.7794177139473437 2.1475731030398975 2.073942025221387 2.0923497946760143 1.9880391010997909 1.9634954084936207 2.043262409463674 2.2089323345553233 2.4727770300716534 2.9697868053466014 3.1906800388021335 3.1354567304382504 3.08636934522591 2.804116880254952 2.8409324191642074 2.82252464970958 2.816388726558037 2.791845033951867 2.730485802436441 2.742757648739526 2.9268353432858034 3.1354567304382504 2.8532042654672924 2.3623304133438876 2.270291566070749 1.8346410223112268 1.8346410223112268 1.7303303287350031 1.8100973297050567 1.6873788666742053 1.7916895602504288 
-64.5 -64.0 -65.0 -64.5 -65.5 -65.0 -64.0 -65.5 -65.0 -64.5 -65.0 -64.5 -64.5 -64.0 -65.0 -63.5 -62.5 -62.0 -63.5 -62.0 -62.0 -62.5 -61.5 -61.5 -62.5 -63.0 -63.5 -62.5 -62.0 -62.0 -63.5 -64.5 -66.0 -66.0 -65.0 -64.0 -62.5 -61.5 -61.5 -63.0 -63.0 
0.5276893910326605 0.521553467881118 0.521553467881118 0.4908738521234052 0.521553467881118 0.521553467881118 0.4724660826687775 0.5092816215780329 0.4908738521234052 0.5031456984264903 0.521553467881118 0.5092816215780329 0.48473792897186263 0.5522330836388308 0.5276893910326605 0.6749515466696822 0.9019807032767571 1.1903690913992575 1.214912784005428 1.5585244804918115 1.4603497100671303 1.184233168247715 1.030835089459151 1.0246991663076084 1.0246991663076084 1.0185632431560658 1.0185632431560658 1.0369710126106935 1.0921943209745766 1.1290098598838318 1.1044661672776617 1.214912784005428 1.4358060174609601 1.3069516312785663 1.1596894756415448 1.1106020904292042 1.000155473701438 0.9510680884890975 0.8774370106705868 0.7792622402459057 0.7179030087304801 
-52.0 -51.5 -51.5 -52.0 -52.0 -52.0 -52.0 -52.0 -52.0 -52.0 -52.0 -52.0 -52.0 -52.0 -51.5 -52.0 -52.5 -54.0 -56.0 -55.0 -52.0 -51.0 -52.0 -53.5 -53.5 -53.5 -53.5 -53.5 -53.0 -53.5 -52.5 -51.5 -52.0 -55.0 -53.5 -51.5 -51.0 -51.0 -51.0 -52.0 -52.0 
0.803805932852076 0.7976700097005334 0.7424467013366504 0.8160777791551611 0.7915340865489908 0.7669903939428205 0.7669903939428205 0.7485826244881929 0.7731263170943632 0.7485826244881929 0.6994952392758523 0.7117670855789375 0.7424467013366504 0.7669903939428205 0.760854470791278 0.7853981633974483 0.7792622402459057 1.1167380135807468 1.41126232485479 1.5033011721279284 1.3989904785517047 1.3314953238847365 1.3192234775816514 1.3130875544301088 1.337631247036279 1.3867186322486196 1.3130875544301088 1.368310862793992 1.4296700943094176 1.4296700943094176 1.3744467859455345 1.368310862793992 1.5155730184310134 1.718058482431918 1.509437095279471 1.1903690913992575 1.0062913968529805 0.8897088569736719 0.7547185476397354 0.8160777791551611 0.8467573949128739 
-53.0 -53.5 -53.5 -53.5 -53.5 -53.5 -53.5 -53.5 -53.5 -53.5 -53.5 -53.5 -53.5 -53.5 -53.5 -53.0 -52.5 -52.5 -52.0 -50.5 -50.5 -50.5 -50.5 -50.5 -51.5 -51.0 -51.0 -51.0 -51.0 -51.5 -51.0 -51.0 -51.5 -53.0 -54.0 -53.5 -52.0 -52.0 -52.5 -52.5 -52.5 
1.3499030933393643 1.3499030933393643 1.3621749396424494 1.4419419406125027 1.4480778637640452 1.3989904785517047 1.3989904785517047 1.3130875544301088 1.3928545554001621 1.3621749396424494 1.3499030933393643 1.3621749396424494 1.368310862793992 1.41126232485479 1.4296700943094176 1.4787574795217582 1.5707963267948966 1.8223691760081417 2.0923497946760143 2.141437179888355 2.000310947402876 1.7855536370988863 1.7855536370988863 1.7119225592803755 1.6689710972195777 1.8100973297050567 1.8100973297050567 1.7548740213411735 1.8039614065535141 1.8223691760081417 1.6812429435226628 1.7671458676442586 1.846912868614312 1.9082721001297376 2.2396119503130363 2.067806102069844 1.902136176978195 1.4848934026733007 1.509437095279471 1.5707963267948966 1.5892040962495242 1.5462526341887264 
-60.5 -60.5 -60.5 -60.5 -60.5 -60.5 -61.0 -60.5 -60.5 -61.0 -60.5 -60.5 -61.0 -60.5 -61.0 -60.0 -59.5 -58.0 -56.0 -54.5 -51.0 -50.5 -52.0 -51.5 -53.0 -53.5 -53.0 -53.0 -53.0 -53.0 -53.5 -52.5 -53.0 -52.5 -55.0 -58.0 -57.5 -60.0 -60.5 -60.5 -63.0 -62.5 
1.5830681730979816 1.5892040962495242 1.6014759425526093 1.6014759425526093 1.607611865704152 1.6014759425526093 1.5401167110371838 1.6260196351587797 1.6014759425526093 1.533980787885641 1.6382914814618648 1.5155730184310134 1.607611865704152 1.552388557340269 1.521708941582556 1.5892040962495242 1.6751070203711202 1.9573594853420782 2.061670178918302 1.9512235621905356 1.8714565612204823 1.9634954084936207 2.086213871524472 2.1046216409791 2.0800779483729293 2.0923497946760143 2.098485717827557 2.1782527187976104 2.0371264863121317 1.9819031779482483 2.12916533358527 2.0800779483729293 2.0493983326152168 2.1598449493429825 2.270291566070749 2.0371264863121317 1.7794177139473437 1.576932249946439 1.5401167110371838 1.4542137869155878 1.607611865704152 
-57.5 -58.5 -58.0 -58.0 -58.0 -58.5 -58.0 -58.5 -58.5 -58.5 -58.5 -58.5 -58.5 -58.0 -59.0 -59.0 -57.5 -55.0 -53.5 -52.5 -54.0 -55.5 -56.0 -55.5 -57.0 -57.5 -56.5 -56.5 -57.0 -55.5 -55.0 -54.5 -53.5 -54.0 -54.5 -54.5 -55.0 -56.0 -56.5 -56.0 -56.0 
5.405748296509 5.448699758569798 5.6143696836614465 5.47937937432751 5.43029198911517 5.43029198911517 5.442563835418255 5.540738605842936 5.473243451175968 5.325981295538946 5.424156065963627 5.411884219660542 5.393476450205914 5.546874528994478 5.4671075280244255 5.448699758569798 5.491651220630596 5.399612373357457 5.626641529964532 5.872078456026235 5.767767762450011 5.399612373357457 5.5714182216006485 5.393476450205914 5.295301679781233 5.160311370447297 5.111223985234957 5.129631754689584 5.2339424482658075 5.135767677841127 5.344389064993574 5.540738605842936 5.7616318392984684 5.724816300389213 6.068427996875596 5.890486225480862 5.473243451175968 5.522330836388308 5.485515297479052 5.448699758569798 5.559146375297564 5.50392306693368 
-62.5 -62.0 -62.0 -62.0 -62.0 -62.5 -62.5 -62.5 -62.0 -62.0 -62.5 -62.5 -63.0 -62.5 -62.5 -62.5 -62.5 -62.5 -63.5 -61.5 -59.5 -59.5 -57.5 -59.5 -60.0 -60.0 -61.0 -61.5 -61.0 -60.0 -59.5 -58.5 -58.0 -59.0 -59.5 -62.5 -61.5 -60.5 -60.5 -60.5 -61.5 -61.0 
5.626641529964532 2.411417798556228 2.6016314162540475 2.718213956133356 2.6691265709210157 2.6445828783148455 2.5464081078901644 2.466641106920111 2.6016314162540475 5.6143696836614465 5.9518454569962875 5.381204603902829 6.000932842208628 5.872078456026235 5.767767762450011 5.755495916146925 5.921165841238575 5.829126993965437 6.050020227420969 5.602097837358362 5.663457068873787 2.2886993355253766 5.332117218690489 5.589825991055276 5.491651220630596 5.368932757599744 5.123495831538041 5.240078371417351 5.160311370447297 4.988505522204105 
-74.0 -74.0 -74.0 -74.0 -74.0 -74.5 -74.5 -74.0 -74.5 -64.5 -61.0 -61.0 -63.5 -64.5 -66.5 -65.0 -64.5 -65.0 -66.0 -65.5 -64.0 -76.5 -62.5 -62.5 -62.5 -62.5 -63.0 -68.0 -66.0 -66.0 
