2.730485802436441 2.773437264497239 2.662990647769473 2.718213956133356 2.7120780329818137 2.6445828783148455 2.4911847995262812 2.675262494072558 2.693670263527186 2.8286605728611223 2.6445828783148455 2.804116880254952 2.386874105950058 2.6384469551633027 2.6384469551633027 2.718213956133356 2.6568547246179306 2.6568547246179306 3.5342917352885173 1.4358060174609601 3.9576704327449543 3.6140587362585705 3.3195344249845276 3.2765829629237295 3.3318062712876126 3.3440781175906977 3.485204350076177 3.2888548092268146 3.7981364308048478 3.724505352986337 3.8840393549264434 3.098641191528995 3.3011266555298997 3.1661363461959633 2.804116880254952 2.5402721847386216 2.7120780329818137 2.773437264497239 2.675262494072558 2.767301341345697 
-64.5 -64.5 -64.0 -66.0 -65.5 -65.0 -65.0 -65.0 -66.5 -66.0 -66.5 -66.5 -66.0 -66.5 -66.5 -66.0 -66.5 -66.5 -65.5 -65.5 -64.5 -65.5 -66.0 -66.5 -65.5 -66.0 -66.5 -67.0 -66.5 -66.5 -66.5 -66.0 -62.5 -63.5 -64.0 -65.5 -65.0 -65.0 -65.0 -66.0 
2.067806102069844 1.9757672547967058 1.9941750242513334 2.0371264863121317 2.067806102069844 2.098485717827557 2.067806102069844 1.9819031779482483 2.1046216409791 2.1353012567368124 1.9819031779482483 1.8960002538266525 2.0493983326152168 1.9941750242513334 2.055534255766759 2.024854640009046 2.000310947402876 2.073942025221387 2.4175537217077703 2.3746022596469727 3.000466421104314 3.0925052683774528 2.9391071895888885 2.2396119503130363 2.6875343403756435 2.718213956133356 2.650718801466388 2.662990647769473 2.6016314162540475 3.0925052683774528 3.1906800388021335 2.9820586516496865 2.3623304133438876 1.945087639038993 1.9880391010997909 1.6935147898257479 1.7794177139473437 1.9266798695843652 1.7978254834019713 1.7241944055834606 1.7671458676442586 
-64.0 -65.0 -64.5 -64.5 -64.5 -65.0 -64.0 -64.5 -64.5 -64.5 -65.5 -65.5 -64.5 -65.0 -64.0 -64.5 -63.0 -63.0 -63.5 -63.5 -62.0 -62.5 -63.0 -62.5 -63.5 -63.0 -63.5 -64.0 -63.5 -63.0 -64.5 -66.0 -67.0 -65.0 -63.5 -63.5 -64.0 -64.0 -65.0 -64.5 -63.5 
0.6135923151542565 0.5583690067903734 0.5829126993965437 0.5951845456996288 0.5951845456996288 0.5706408530934585 0.5767767762450011 0.607456392002714 0.5276893910326605 0.5522330836388308 0.5338253141842031 0.5522330836388308 0.5951845456996288 0.47860200582032003 0.5829126993965437 0.6381360077604268 0.7853981633974483 1.0737865515199487 1.2517283229146832 1.552388557340269 1.4848934026733007 1.1719613219446299 1.000155473701438 1.0246991663076084 0.9633399347921826 0.9633399347921826 0.9940195505498954 0.9633399347921826 0.9940195505498954 1.030835089459151 1.1106020904292042 1.4542137869155878 1.239456476611598 1.055378782065321 1.1167380135807468 0.8897088569736719 0.7485826244881929 0.7547185476397354 0.760854470791278 0.760854470791278 0.7485826244881929 
-51.0 -51.0 -51.0 -51.0 -51.5 -51.5 -51.5 -51.5 -51.5 -51.5 -52.0 -51.5 -51.5 -52.0 -52.0 -52.0 -52.5 -53.0 -55.5 -56.5 -52.5 -51.0 -52.5 -54.0 -54.0 -54.0 -54.0 -54.0 -53.5 -54.0 -52.0 -54.5 -55.0 -52.0 -51.0 -51.0 -51.5 -52.0 -51.5 -51.5 -52.0 
0.8222137023067037 0.705631162427395 0.8406214717613314 0.7915340865489908 0.7915340865489908 0.803805932852076 0.8222137023067037 0.8160777791551611 0.8160777791551611 0.7853981633974483 0.7731263170943632 0.7792622402459057 0.8283496254582462 0.7485826244881929 0.7792622402459057 0.7853981633974483 0.8406214717613314 0.9756117810952678 1.2210487071569704 1.5033011721279284 1.4664856332186729 1.3314953238847365 1.3069516312785663 1.3069516312785663 1.325359400733194 1.337631247036279 1.3314953238847365 1.368310862793992 1.3744467859455345 1.380582709097077 1.3928545554001621 1.5278448647340985 1.6260196351587797 1.509437095279471 1.282407938672396 0.9572040116406401 0.9081166264282996 0.9326603190344698 0.8528933180644165 0.8160777791551611 0.7669903939428205 
-53.5 -53.5 -53.5 -53.5 -53.5 -54.0 -53.5 -53.5 -54.0 -54.0 -53.5 -54.0 -53.5 -54.0 -54.0 -54.0 -53.5 -52.5 -52.0 -51.5 -50.5 -50.5 -50.5 -51.0 -51.5 -51.0 -51.0 -51.0 -51.0 -51.0 -51.0 -51.5 -52.5 -53.5 -53.0 -52.5 -53.0 -53.0 -53.0 -53.0 -53.0 
1.2885438618239387 1.3314953238847365 1.423534171157875 1.41126232485479 1.282407938672396 1.1596894756415448 1.3928545554001621 1.4358060174609601 1.3130875544301088 1.380582709097077 1.4971652489763858 1.41126232485479 1.509437095279471 1.4419419406125027 1.4848934026733007 1.6137477888556946 1.7855536370988863 2.000310947402876 2.2089323345553233 2.1475731030398975 1.7978254834019713 1.7978254834019713 1.7548740213411735 1.7548740213411735 1.7855536370988863 1.662835174068035 1.8100973297050567 1.8223691760081417 1.8837284075235674 1.7855536370988863 1.8346410223112268 1.8837284075235674 2.1230294104337273 2.116893487282185 1.9880391010997909 1.6260196351587797 1.7855536370988863 1.8714565612204823 1.607611865704152 1.6689710972195777 1.7303303287350031 
-60.5 -61.0 -61.0 -61.0 -60.5 -60.5 -60.0 -60.5 -60.5 -61.0 -60.5 -60.5 -60.5 -60.5 -60.5 -59.5 -58.5 -57.5 -55.5 -52.5 -51.0 -52.5 -52.0 -53.5 -53.0 -53.0 -54.0 -53.0 -53.5 -54.0 -53.0 -52.0 -55.0 -56.5 -57.0 -60.0 -61.0 -61.5 -62.0 -61.5 -61.0 
1.509437095279471 1.4910293258248433 1.4910293258248433 1.533980787885641 1.576932249946439 1.5585244804918115 1.6198837120072371 1.5278448647340985 1.5278448647340985 1.607611865704152 1.607611865704152 1.4971652489763858 1.4971652489763858 1.4419419406125027 1.521708941582556 1.509437095279471 1.607611865704152 1.7303303287350031 2.018718716857504 1.9757672547967058 1.8346410223112268 2.012582793705961 2.067806102069844 2.0064468705544187 2.012582793705961 2.1230294104337273 2.1598449493429825 2.0800779483729293 2.018718716857504 2.1598449493429825 2.043262409463674 2.073942025221387 2.098485717827557 2.1659808724945253 2.086213871524472 1.7794177139473437 1.6873788666742053 1.7303303287350031 1.6996507129772904 1.6505633277649499 1.6873788666742053 
-58.0 -58.0 -58.0 -58.5 -58.5 -58.5 -58.5 -59.0 -58.5 -58.5 -59.0 -58.5 -59.0 -58.5 -58.5 -59.5 -59.0 -57.5 -56.0 -53.0 -54.0 -55.0 -55.5 -55.0 -56.0 -56.5 -56.0 -57.0 -56.5 -55.0 -56.0 -54.5 -54.5 -54.0 -54.5 -56.0 -57.0 -56.5 -57.0 -57.0 -57.0 
5.534602682691394 5.6573211457222445 5.5284667595398505 5.540738605842936 5.6941366846315 5.497787143782138 5.473243451175968 5.47937937432751 5.64504929941916 5.6573211457222445 5.626641529964532 5.6941366846315 5.50392306693368 5.553010452146021 5.66959299202533 5.43029198911517 5.405748296509 5.816855147662351 5.755495916146925 5.884350302329319 5.663457068873787 5.681864838328415 5.565282298449106 5.448699758569798 5.289165756629691 5.129631754689584 5.313709449235861 5.350524988145116 5.424156065963627 5.595961914206819 5.663457068873787 5.608233760509904 6.013204688511713 5.706408530934585 5.540738605842936 5.5714182216006485 5.5284667595398505 5.4671075280244255 5.589825991055276 
-63.0 -62.5 -62.0 -62.5 -62.5 -62.5 -62.0 -62.0 -62.5 -62.0 -62.5 -62.5 -62.0 -63.0 -62.0 -62.0 -62.0 -62.5 -62.0 -58.0 -59.5 -58.0 -59.0 -60.0 -59.5 -61.0 -61.5 -60.0 -60.0 -59.5 -58.5 -60.0 -59.0 -62.0 -60.5 -61.0 -61.5 -60.0 -61.5 
2.1905245651006955 1.9819031779482483 2.4727770300716534 2.4175537217077703 5.3627968344482015 2.3930100291016 5.859806609723149 5.577554144752192 6.191146459906448 5.626641529964532 5.546874528994478 5.8475347634200645 5.755495916146925 5.859806609723149 5.577554144752192 5.8475347634200645 1.859184714917397 5.638913376267617 5.5284667595398505 5.209398755659637 5.111223985234957 2.0493983326152168 
-77.0 -78.0 -76.5 -77.0 -72.5 -70.0 -65.5 -61.0 -65.0 -66.0 -65.5 -65.0 -66.0 -66.5 -67.5 -64.5 -71.5 -62.5 -62.0 -63.0 -68.0 -70.5 
