2.6568547246179306 2.5893595699509624 2.6200391857086753 2.5280003384355365 2.429825568010856 2.6998061866787286 2.675262494072558 2.6139032625571326 2.650718801466388 2.6691265709210157 2.5709518004963345 2.6875343403756435 2.650718801466388 2.804116880254952 2.6261751088602177 2.779573187648782 3.0250101137104846 3.3747577333484107 3.77972866135022 3.9515345095934116 4.558990901596125 4.215379205109742 3.9147189706841563 3.6079228131070282 3.3747577333484107 3.172272269347506 3.393165502803038 3.2643111166206444 3.4913402732277192 3.215223731408304 3.2888548092268146 3.810408277107933 3.8963112012295285 0.46019423636569234 0.14726215563702155 3.423845118560751 3.3624858870453256 3.2336315008629315 2.5586799541932495 2.509592568980909 5.911961956511261 
-64.5 -65.5 -66.5 -64.0 -65.0 -65.5 -64.0 -65.5 -65.0 -65.0 -65.5 -65.0 -65.0 -66.0 -65.0 -66.0 -65.5 -65.0 -66.0 -67.0 -64.5 -63.5 -64.5 -65.0 -65.0 -66.5 -67.0 -65.0 -66.0 -66.5 -66.5 -67.5 -67.0 -70.5 -68.0 -66.0 -66.5 -66.0 -65.5 -65.0 -67.0 
1.9634954084936207 1.9389517158874505 1.4971652489763858 1.9573594853420782 2.018718716857504 1.9205439464328227 2.1046216409791 1.9941750242513334 1.9880391010997909 1.9757672547967058 2.030990563160589 1.945087639038993 1.9757672547967058 1.9880391010997909 1.8714565612204823 1.8285050991596843 2.0371264863121317 2.1046216409791 2.399145952253143 2.7857091108003242 3.4913402732277192 3.2213596545598464 3.0372819600135696 2.8838838812250054 2.779573187648782 2.791845033951867 2.6261751088602177 2.718213956133356 2.718213956133356 2.773437264497239 2.6384469551633027 2.859340188618835 2.9943304979527716 2.724349879284899 2.521864415283994 2.172116795646068 2.043262409463674 1.7119225592803755 1.6935147898257479 1.6137477888556946 1.705786636128833 5.031456984264903 5.080544369477243 
-66.0 -65.0 -66.0 -64.5 -65.0 -65.0 -64.5 -65.5 -64.5 -65.5 -65.0 -64.5 -66.0 -65.5 -66.0 -64.5 -64.0 -62.5 -63.0 -64.0 -62.0 -62.0 -62.0 -62.0 -62.5 -62.0 -62.5 -62.5 -62.5 -62.5 -63.5 -63.0 -63.5 -66.0 -65.5 -64.5 -62.5 -61.5 -62.5 -63.5 -61.5 -63.5 -63.5 
0.6258641614573416 0.6442719309119693 0.6565437772150544 0.6688156235181395 0.6565437772150544 0.6381360077604268 0.5951845456996288 0.6565437772150544 0.6135923151542565 0.6258641614573416 0.619728238305799 0.6135923151542565 0.6258641614573416 0.607456392002714 0.619728238305799 0.6320000846088841 0.8099418560036186 1.086058397823034 1.2333205534600555 1.380582709097077 1.4480778637640452 1.2578642460662257 1.1044661672776617 0.9878836273983529 1.0737865515199487 1.0062913968529805 1.0062913968529805 1.012427320004523 1.0492428589137786 1.0369710126106935 0.9633399347921826 1.0246991663076084 1.2578642460662257 1.4051264017032472 1.184233168247715 1.1903690913992575 1.1106020904292042 0.9203884727313847 0.7915340865489908 0.7669903939428205 0.7669903939428205 0.7731263170943632 3.8993791628053 
-52.5 -52.5 -52.5 -52.5 -52.5 -52.5 -52.5 -52.5 -52.5 -52.5 -52.0 -52.0 -52.0 -52.0 -52.5 -52.5 -52.5 -53.0 -56.0 -56.0 -52.0 -51.0 -51.5 -53.0 -54.0 -54.0 -54.0 -54.0 -54.0 -54.5 -54.0 -53.5 -52.0 -54.0 -54.5 -53.5 -52.5 -52.0 -52.5 -53.0 -52.0 -51.5 -52.0 
0.8222137023067037 0.8774370106705868 0.8467573949128739 0.8344855486097889 0.8406214717613314 0.8160777791551611 0.8222137023067037 0.8467573949128739 0.803805932852076 0.8160777791551611 0.8160777791551611 0.8283496254582462 0.8099418560036186 0.8099418560036186 0.8528933180644165 0.8222137023067037 0.8283496254582462 0.9940195505498954 1.2885438618239387 1.4726215563702154 1.4419419406125027 1.3130875544301088 1.3192234775816514 1.2885438618239387 1.3314953238847365 1.3437671701878218 1.2701360923693108 1.3069516312785663 1.2701360923693108 1.4173982480063325 1.368310862793992 1.3560390164909069 1.4480778637640452 1.5830681730979816 1.5033011721279284 1.3928545554001621 1.0921943209745766 0.9019807032767571 0.8160777791551611 0.8222137023067037 0.8406214717613314 0.8344855486097889 0.8375535101855601 
-53.0 -53.5 -53.0 -53.0 -53.5 -53.0 -53.0 -53.5 -53.0 -53.5 -53.0 -53.5 -53.5 -53.5 -53.5 -53.5 -53.0 -52.5 -52.0 -51.5 -50.5 -50.0 -50.5 -50.0 -51.0 -51.0 -50.5 -51.0 -51.0 -51.0 -51.5 -51.0 -51.0 -51.5 -52.5 -52.0 -52.0 -52.0 -52.5 -52.0 -52.0 -52.0 -52.5 
1.6505633277649499 1.7303303287350031 1.7241944055834606 1.6935147898257479 1.736466251886546 1.736466251886546 1.718058482431918 1.7241944055834606 1.6751070203711202 1.6689710972195777 1.6382914814618648 1.6444274046134073 1.6566992509164924 1.6198837120072371 1.6751070203711202 1.6996507129772904 1.8653206380689396 2.000310947402876 2.172116795646068 2.098485717827557 1.7978254834019713 1.6812429435226628 1.718058482431918 1.6566992509164924 1.705786636128833 1.761009944492716 1.6935147898257479 1.6935147898257479 1.736466251886546 1.859184714917397 1.8346410223112268 1.7916895602504288 1.88986433067511 2.030990563160589 2.1905245651006955 2.1230294104337273 1.9144080232812801 1.6198837120072371 1.5953400194010667 1.3560390164909069 1.2578642460662257 1.239456476611598 1.389786593824391 
-60.5 -60.5 -61.0 -60.5 -61.0 -61.0 -61.0 -61.0 -61.0 -61.0 -61.5 -61.0 -61.5 -61.5 -61.0 -60.0 -59.0 -58.0 -55.0 -52.0 -50.5 -52.0 -51.5 -53.0 -53.5 -53.0 -53.5 -54.0 -54.0 -53.5 -53.5 -53.5 -52.5 -52.0 -56.5 -56.5 -57.5 -60.5 -62.0 -62.5 -61.5 -59.5 -62.5 
1.6566992509164924 1.6935147898257479 1.7241944055834606 1.7303303287350031 1.6198837120072371 1.6751070203711202 1.6873788666742053 1.662835174068035 1.6689710972195777 1.705786636128833 1.6812429435226628 1.6812429435226628 1.6444274046134073 1.718058482431918 1.533980787885641 1.7119225592803755 1.6812429435226628 1.8346410223112268 2.0064468705544187 2.000310947402876 1.859184714917397 1.9389517158874505 2.055534255766759 2.061670178918302 2.024854640009046 2.116893487282185 2.1475731030398975 2.12916533358527 2.1353012567368124 2.110757564130642 1.9573594853420782 2.1046216409791 2.043262409463674 2.067806102069844 2.141437179888355 2.1659808724945253 2.000310947402876 1.8039614065535141 1.6198837120072371 1.7241944055834606 1.6996507129772904 1.564660403643354 1.705786636128833 
-57.5 -56.5 -57.5 -57.5 -57.5 -57.5 -57.5 -57.5 -57.5 -58.0 -58.0 -58.5 -58.0 -58.0 -58.5 -58.5 -59.0 -58.0 -55.0 -53.5 -55.0 -55.0 -56.0 -55.0 -56.0 -57.5 -57.0 -56.0 -56.0 -57.5 -56.5 -55.5 -55.0 -54.0 -53.5 -53.5 -54.0 -56.0 -56.0 -55.5 -56.0 -56.0 -57.0 
5.749359992995383 5.712544454086128 5.712544454086128 5.724816300389213 5.6573211457222445 5.64504929941916 5.706408530934585 5.602097837358362 5.6941366846315 5.64504929941916 5.64504929941916 5.6143696836614465 5.632777453116074 5.6573211457222445 5.706408530934585 5.6941366846315 5.602097837358362 5.816855147662351 5.964117303299373 5.915029918087033 5.47937937432751 5.675728915176872 5.540738605842936 5.473243451175968 5.405748296509 5.135767677841127 5.338253141842031 5.301437602932776 5.381204603902829 5.332117218690489 5.387340527054372 5.559146375297564 5.577554144752192 5.9088939949354895 5.8475347634200645 5.460971604872882 5.43029198911517 5.497787143782138 5.45483568172134 5.418020142812084 5.405748296509 5.436427912266712 
-60.5 -61.0 -60.5 -61.5 -60.0 -61.0 -61.5 -61.0 -61.0 -60.5 -61.0 -61.0 -61.5 -61.5 -61.5 -61.5 -62.0 -62.5 -60.0 -58.0 -59.0 -58.0 -57.5 -59.5 -59.0 -60.0 -61.5 -62.0 -62.0 -60.5 -59.5 -60.0 -58.0 -58.0 -60.0 -61.5 -60.0 -60.0 -60.5 -60.0 -59.5 -60.0 
2.356194490192345 2.36846633649543 2.2948352586769194 2.2518837966161214 2.270291566070749 2.2641556429192065 2.454369260617026 5.964117303299373 5.620505606812989 0.03681553890925539 5.595961914206819 5.896622148632405 5.681864838328415 5.822991070813893 5.767767762450011 5.798447378207723 5.994796919057086 6.22182607566416 2.073942025221387 5.620505606812989 5.516194913236766 5.577554144752192 5.608233760509904 2.1475731030398975 5.3627968344482015 5.230874486690037 
-71.5 -71.5 -73.0 -73.5 -74.0 -74.5 -75.5 -63.5 -60.5 -66.0 -64.0 -67.0 -65.5 -66.0 -64.5 -65.5 -66.0 -65.0 -65.0 -62.5 -60.5 -63.5 -65.0 -69.0 -67.0 -69.0 
