2.718213956133356 2.82252464970958 2.9513790358919736 3.3440781175906977 2.773437264497239 3.0127382674073995 2.8654761117703775 2.859340188618835 2.9268353432858034 2.773437264497239 2.7550294950426117 2.791845033951867 2.779573187648782 2.859340188618835 2.718213956133356 2.8409324191642074 2.9697868053466014 3.3072625786814425 3.7551849687440497 3.6754179677739964 0.6994952392758523 1.2640001692177683 4.0558452031696355 3.6447383520162835 3.423845118560751 3.4177091954092087 3.522019888985432 3.485204350076177 3.4177091954092087 3.4606606574700063 3.693825737228624 3.5281558121369745 3.693825737228624 3.2949907323783574 3.3624858870453256 3.552699504743145 3.393165502803038 3.1231848841351653 2.9022916506796332 3.018874190558942 3.08636934522591 
-66.5 -67.0 -67.0 -67.0 -66.0 -67.0 -66.5 -65.5 -65.5 -65.5 -66.0 -65.0 -65.0 -65.5 -66.5 -65.5 -66.0 -65.5 -65.5 -64.5 -69.0 -67.5 -65.0 -64.5 -64.5 -65.5 -65.5 -67.0 -66.0 -67.0 -68.0 -66.0 -63.0 -64.0 -63.0 -63.0 -62.5 -63.0 -63.0 -63.5 -64.5 
2.380738182798515 2.5586799541932495 2.5770877236478773 2.60776733940559 2.411417798556228 2.448233337465483 2.466641106920111 2.442097414313941 2.4850488763747385 2.448233337465483 2.386874105950058 2.435961491162398 2.325514874434632 2.4911847995262812 2.2580197197676637 2.1659808724945253 2.043262409463674 2.2641556429192065 2.4727770300716534 2.6261751088602177 3.0495538063166547 3.2520392703175593 3.3624858870453256 3.2704470397721868 2.9636508821950587 2.8777479580734626 2.8654761117703775 2.9268353432858034 2.9943304979527716 2.84706834231575 2.9084275738311756 3.411573272257666 3.497476196379262 3.356349963893783 2.6384469551633027 2.2764274892222915 2.0923497946760143 2.061670178918302 2.030990563160589 1.8714565612204823 1.9512235621905356 2.0371264863121317 
-65.0 -66.0 -64.5 -65.5 -65.5 -65.0 -65.0 -65.0 -65.5 -65.0 -64.0 -64.5 -65.5 -65.0 -65.0 -65.0 -64.5 -63.0 -61.5 -61.5 -65.0 -63.5 -63.0 -62.0 -61.0 -62.0 -62.5 -63.0 -63.0 -63.5 -63.0 -64.0 -65.5 -65.0 -66.5 -66.0 -65.0 -62.5 -61.0 -61.5 -61.5 -61.0 
0.5399612373357456 0.5338253141842031 0.5154175447295755 0.5154175447295755 0.5154175447295755 0.5092816215780329 0.5031456984264903 0.5276893910326605 0.521553467881118 0.5399612373357456 0.5399612373357456 0.5276893910326605 0.5092816215780329 0.5276893910326605 0.521553467881118 0.5583690067903734 0.6258641614573416 0.859029241215959 1.1474176293384597 1.0676506283684062 1.2455923997631406 1.4419419406125027 1.2210487071569704 1.000155473701438 0.9878836273983529 0.9878836273983529 0.9633399347921826 0.9572040116406401 1.055378782065321 0.9694758579437253 1.0615147052168636 1.0737865515199487 1.1719613219446299 1.4051264017032472 1.2087768608538851 1.1167380135807468 1.1965050145508 1.141281706186917 1.0615147052168636 0.9387962421860124 0.9817477042468103 1.0737865515199487 
-51.0 -51.0 -51.0 -51.5 -51.5 -51.0 -51.5 -51.5 -51.0 -51.0 -51.0 -51.0 -51.0 -51.0 -51.0 -51.0 -51.0 -51.5 -52.0 -55.0 -55.5 -52.5 -51.0 -52.5 -53.5 -53.0 -53.5 -53.5 -53.5 -53.0 -53.0 -53.0 -52.0 -53.5 -54.0 -52.0 -50.5 -49.5 -49.0 -49.0 -49.0 -49.0 
0.8344855486097889 0.8528933180644165 0.8283496254582462 0.8406214717613314 0.8283496254582462 0.7976700097005334 0.7976700097005334 0.7915340865489908 0.7485826244881929 0.7731263170943632 0.7669903939428205 0.7792622402459057 0.760854470791278 0.7179030087304801 0.7853981633974483 0.7792622402459057 0.8099418560036186 0.8160777791551611 0.9694758579437253 1.3314953238847365 1.552388557340269 1.4664856332186729 1.3314953238847365 1.2640001692177683 1.2762720155208536 1.3069516312785663 1.337631247036279 1.3744467859455345 1.3437671701878218 1.4051264017032472 1.3560390164909069 1.368310862793992 1.3928545554001621 1.6260196351587797 1.705786636128833 1.5401167110371838 1.3130875544301088 1.0921943209745766 0.9878836273983529 0.9940195505498954 1.0185632431560658 1.043106935762236 
-54.5 -54.5 -54.5 -54.0 -54.5 -54.5 -54.5 -54.5 -54.0 -54.0 -54.5 -54.0 -54.0 -54.0 -54.0 -54.0 -53.5 -52.5 -51.5 -52.0 -52.0 -50.5 -50.0 -50.5 -50.5 -51.0 -50.5 -50.5 -50.5 -51.0 -51.0 -51.0 -51.0 -51.0 -53.0 -54.5 -53.0 -52.0 -51.0 -51.0 -51.0 -50.5 
1.214912784005428 1.214912784005428 1.227184630308513 1.2210487071569704 1.2333205534600555 1.239456476611598 1.227184630308513 1.0921943209745766 1.214912784005428 1.282407938672396 1.2701360923693108 1.0983302441261191 1.282407938672396 1.325359400733194 1.2578642460662257 1.3008157081270237 1.41126232485479 1.662835174068035 2.000310947402876 2.067806102069844 1.9144080232812801 1.6566992509164924 1.6566992509164924 1.564660403643354 1.5892040962495242 1.7426021750380885 1.6935147898257479 1.7426021750380885 1.7303303287350031 1.7978254834019713 1.7732817907958012 1.7241944055834606 1.8530487917658545 1.8653206380689396 2.1475731030398975 2.0923497946760143 2.043262409463674 1.6873788666742053 1.4848934026733007 1.4358060174609601 1.239456476611598 1.2885438618239387 
-60.0 -59.5 -59.5 -59.0 -59.5 -59.5 -59.5 -59.5 -59.5 -59.5 -59.5 -59.5 -59.5 -60.0 -60.0 -59.5 -59.0 -57.5 -55.5 -54.5 -51.0 -50.0 -51.0 -51.5 -52.5 -52.0 -52.5 -53.0 -53.0 -53.0 -54.0 -52.5 -53.0 -52.0 -53.0 -55.5 -55.0 -57.0 -57.0 -58.0 -58.5 -57.0 
1.4358060174609601 1.4419419406125027 1.521708941582556 1.3867186322486196 1.5155730184310134 1.5033011721279284 1.4480778637640452 1.4664856332186729 1.4787574795217582 1.3560390164909069 1.4480778637640452 1.4358060174609601 1.4971652489763858 1.4173982480063325 1.4787574795217582 1.4971652489763858 1.368310862793992 1.552388557340269 1.8162332528565992 2.061670178918302 1.9696313316451632 1.846912868614312 1.8530487917658545 1.9757672547967058 2.012582793705961 1.9266798695843652 2.110757564130642 1.9880391010997909 2.1230294104337273 2.086213871524472 2.055534255766759 2.0371264863121317 2.067806102069844 2.067806102069844 2.12916533358527 2.2641556429192065 2.172116795646068 1.8775924843720249 1.7241944055834606 1.5830681730979816 1.6996507129772904 1.718058482431918 
-58.5 -59.0 -59.5 -59.5 -59.5 -59.5 -59.0 -59.5 -59.0 -58.5 -58.5 -59.0 -58.5 -59.0 -58.5 -59.0 -59.0 -58.0 -55.0 -53.0 -52.0 -54.0 -55.0 -56.0 -55.0 -56.5 -57.0 -55.5 -55.5 -56.5 -56.0 -55.5 -54.5 -55.0 -54.5 -54.0 -54.5 -55.5 -56.0 -55.0 -54.5 -54.5 
5.43029198911517 5.436427912266712 5.448699758569798 5.485515297479052 5.418020142812084 5.424156065963627 5.448699758569798 5.344389064993574 5.448699758569798 5.424156065963627 5.301437602932776 5.387340527054372 5.424156065963627 5.338253141842031 5.4671075280244255 5.325981295538946 5.436427912266712 5.411884219660542 5.448699758569798 5.767767762450011 5.700272607783043 5.252350217720435 5.5284667595398505 5.325981295538946 5.264622064023521 5.166447293598839 5.148039524144211 5.264622064023521 5.289165756629691 5.264622064023521 5.399612373357457 5.6143696836614465 5.798447378207723 5.608233760509904 5.859806609723149 5.829126993965437 5.626641529964532 5.405748296509 5.43029198911517 5.307573526084319 5.350524988145116 5.381204603902829 
-62.5 -61.5 -62.0 -62.5 -62.5 -62.5 -62.0 -62.0 -61.5 -62.5 -62.5 -62.0 -62.0 -62.0 -62.0 -61.5 -62.0 -61.0 -63.0 -61.0 -59.0 -59.0 -58.0 -58.5 -60.0 -59.0 -60.0 -60.5 -60.5 -59.5 -59.5 -57.5 -57.0 -59.0 -58.0 -59.5 -60.5 -59.5 -59.0 -58.0 -59.5 -58.5 
2.227340104009951 5.368932757599744 5.393476450205914 5.436427912266712 5.301437602932776 4.804427827657828 0.20248546400090464 5.822991070813893 5.5100589900852235 5.859806609723149 5.47937937432751 5.724816300389213 5.902758071783947 5.749359992995383 5.473243451175968 5.8659425328746915 2.2027964114037806 5.491651220630596 5.663457068873787 5.638913376267617 5.031456984264903 4.914874444385594 4.577398671050753 4.626486056263094 4.779884135051658 
-78.5 -70.0 -64.0 -60.5 -59.5 -64.0 -71.0 -62.0 -63.5 -64.5 -64.0 -64.5 -65.0 -66.5 -65.5 -64.5 -69.5 -62.5 -62.5 -61.5 -63.0 -64.0 -65.0 -64.0 -63.5 
