3.368621810196868 0.2638446955163303 3.153864499892878 0.16566992509164924 3.141592653589793 3.147728576741336 0.12885438618239387 3.1906800388021335 0.1227184630308513 3.141592653589793 3.098641191528995 2.9697868053466014 2.6261751088602177 3.9699422790480394 3.356349963893783 3.1968159619536762 3.411573272257666 2.767301341345697 3.32567034813607 3.368621810196868 3.3870295796514958 0.07363107781851078 0.4356505437595221 3.5158839658338894 3.3318062712876126 3.9453985864418692 3.6140587362585705 3.3440781175906977 3.160000423044421 2.8409324191642074 2.988194574801229 2.988194574801229 2.773437264497239 
-63.5 -63.5 -62.5 -64.0 -62.5 -63.0 -63.5 -63.0 -63.5 -63.5 -62.5 -63.5 -63.0 -63.0 -62.5 -63.5 -65.0 -64.0 -68.5 -69.0 -69.0 -75.5 -73.0 -72.0 -65.5 -68.0 -66.5 -63.5 -62.0 -62.0 -59.0 -62.5 -62.5 
1.9696313316451632 1.9512235621905356 1.846912868614312 1.932815792735908 1.9757672547967058 2.000310947402876 2.012582793705961 2.055534255766759 1.9082721001297376 2.0923497946760143 2.227340104009951 2.110757564130642 1.88986433067511 2.184388641949153 2.067806102069844 2.1475731030398975 2.0923497946760143 2.0923497946760143 2.36846633649543 2.2150682577068657 2.2580197197676637 2.12916533358527 5.485515297479052 5.737088146692298 2.564815877344792 2.5402721847386216 2.564815877344792 2.3746022596469727 2.2948352586769194 2.466641106920111 2.1598449493429825 2.3623304133438876 2.454369260617026 2.423689644859313 2.2641556429192065 2.0923497946760143 5.197126909356553 2.116893487282185 2.1659808724945253 2.141437179888355 5.258486140871978 2.067806102069844 2.141437179888355 
-58.5 -59.0 -59.5 -59.5 -60.0 -60.0 -59.0 -59.0 -59.0 -60.0 -60.5 -60.0 -60.5 -60.5 -59.0 -60.0 -60.5 -60.0 -60.5 -61.0 -61.5 -62.5 -67.0 -65.5 -64.0 -64.5 -64.0 -63.0 -63.0 -63.5 -63.5 -63.5 -64.5 -67.5 -63.0 -62.5 -61.0 -60.5 -60.0 -57.5 -61.0 -59.5 -61.0 
1.337631247036279 1.3867186322486196 1.3499030933393643 1.239456476611598 1.325359400733194 1.3621749396424494 1.3499030933393643 1.3560390164909069 1.2885438618239387 1.337631247036279 1.337631247036279 1.3621749396424494 1.3867186322486196 1.4358060174609601 1.509437095279471 1.423534171157875 1.3989904785517047 1.4542137869155878 1.4848934026733007 1.380582709097077 1.2026409377023426 0.8651651643675016 1.0369710126106935 1.380582709097077 1.1044661672776617 0.859029241215959 0.8651651643675016 0.8222137023067037 0.7853981633974483 0.8406214717613314 0.8099418560036186 0.9081166264282996 0.9817477042468103 1.012427320004523 1.184233168247715 1.1719613219446299 1.0185632431560658 1.0799224746714913 1.2640001692177683 1.2517283229146832 1.3008157081270237 1.1965050145508 1.184233168247715 1.2026409377023426 1.1780972450961724 
-48.0 -48.0 -48.5 -48.0 -48.5 -48.5 -48.5 -48.0 -48.5 -48.5 -48.5 -48.5 -48.5 -49.0 -49.0 -49.0 -49.0 -49.0 -49.0 -50.5 -51.5 -53.5 -55.0 -54.5 -53.0 -54.5 -54.5 -54.0 -54.5 -55.5 -55.5 -54.5 -54.5 -54.5 -53.5 -55.5 -54.0 -53.5 -53.0 -50.0 -49.0 -49.0 -49.0 -48.5 -48.5 
1.0676506283684062 1.0737865515199487 1.0676506283684062 1.1106020904292042 1.1290098598838318 1.0983302441261191 1.1106020904292042 1.0799224746714913 1.1044661672776617 1.2087768608538851 1.1044661672776617 1.1351457830353744 1.055378782065321 1.0369710126106935 1.1903690913992575 1.1903690913992575 1.2455923997631406 1.227184630308513 1.2333205534600555 1.239456476611598 1.1290098598838318 1.0676506283684062 1.325359400733194 1.5462526341887264 1.2701360923693108 1.3008157081270237 1.3192234775816514 1.2885438618239387 1.3192234775816514 1.337631247036279 1.3008157081270237 1.3621749396424494 1.5033011721279284 1.4848934026733007 1.3621749396424494 1.4480778637640452 1.2087768608538851 1.0615147052168636 1.1167380135807468 1.1658253987930873 1.1719613219446299 1.1228739367322893 1.1106020904292042 1.0676506283684062 1.012427320004523 
-50.0 -50.0 -50.5 -50.5 -50.0 -50.0 -50.0 -50.0 -50.0 -50.0 -50.0 -50.0 -50.0 -50.0 -50.0 -49.5 -50.0 -50.0 -49.5 -50.5 -51.5 -54.5 -56.0 -54.0 -53.0 -53.5 -53.0 -52.5 -53.0 -53.0 -53.0 -53.0 -53.5 -54.0 -53.5 -54.5 -54.5 -53.5 -52.0 -51.0 -50.0 -51.0 -51.0 -50.5 -50.5 
1.4296700943094176 1.2333205534600555 1.4726215563702154 1.2640001692177683 1.239456476611598 1.2517283229146832 1.2578642460662257 1.2946797849754812 1.2578642460662257 1.2210487071569704 1.239456476611598 1.3069516312785663 1.2640001692177683 1.3069516312785663 1.2026409377023426 1.2885438618239387 1.3130875544301088 1.325359400733194 1.2333205534600555 1.214912784005428 0.8283496254582462 1.4664856332186729 1.564660403643354 1.282407938672396 1.2517283229146832 1.1965050145508 1.5401167110371838 1.8100973297050567 1.5892040962495242 1.8960002538266525 1.9512235621905356 2.0493983326152168 1.4971652489763858 1.282407938672396 1.2210487071569704 1.2026409377023426 1.1903690913992575 1.368310862793992 1.1474176293384597 
-55.0 -55.0 -55.5 -55.5 -55.0 -55.0 -55.5 -55.0 -55.5 -55.0 -55.0 -55.0 -55.5 -55.0 -55.0 -55.5 -54.5 -55.0 -55.5 -56.0 -59.5 -62.0 -65.0 -64.0 -62.5 -62.0 -62.0 -61.0 -63.0 -60.0 -61.5 -59.5 -59.5 -56.5 -57.0 -57.0 -57.0 -56.5 -57.0 
1.521708941582556 1.5033011721279284 1.5462526341887264 1.6014759425526093 1.4664856332186729 1.6444274046134073 1.5462526341887264 1.5707963267948966 1.509437095279471 1.5953400194010667 1.5830681730979816 1.6014759425526093 1.6260196351587797 1.6444274046134073 1.6137477888556946 1.7303303287350031 1.6260196351587797 1.6566992509164924 1.6321555583103222 1.5953400194010667 1.6260196351587797 1.8346410223112268 1.9634954084936207 1.7978254834019713 1.8775924843720249 1.9266798695843652 1.8162332528565992 1.7426021750380885 1.8285050991596843 1.8653206380689396 1.7303303287350031 1.8960002538266525 1.9941750242513334 2.024854640009046 2.067806102069844 2.024854640009046 2.073942025221387 2.030990563160589 1.9266798695843652 1.718058482431918 1.576932249946439 1.5707963267948966 1.607611865704152 1.533980787885641 1.521708941582556 
-53.0 -53.0 -52.5 -52.5 -52.5 -52.0 -52.5 -52.5 -52.5 -52.0 -52.0 -52.5 -52.5 -52.0 -52.0 -52.0 -51.5 -52.0 -52.0 -52.5 -54.0 -57.5 -55.0 -56.0 -57.0 -56.0 -56.0 -56.5 -57.0 -56.0 -56.5 -56.5 -55.0 -55.5 -55.5 -56.0 -56.0 -56.0 -55.5 -53.5 -53.5 -54.0 -53.0 -53.5 -53.0 
5.166447293598839 5.190990986205009 5.313709449235861 5.166447293598839 5.141903600992669 5.154175447295755 5.21553467881118 5.141903600992669 5.080544369477243 5.1725832167503825 5.21553467881118 5.227806525114265 5.197126909356553 5.307573526084319 5.129631754689584 5.203262832508095 5.227806525114265 5.589825991055276 5.2768939103266055 5.264622064023521 5.375068680751287 5.252350217720435 5.700272607783043 5.338253141842031 5.522330836388308 5.368932757599744 5.436427912266712 5.301437602932776 5.21553467881118 5.209398755659637 5.295301679781233 5.387340527054372 5.387340527054372 5.5100589900852235 5.540738605842936 5.516194913236766 5.681864838328415 5.5100589900852235 5.448699758569798 5.258486140871978 5.209398755659637 5.129631754689584 5.258486140871978 5.264622064023521 5.307573526084319 
-58.5 -58.0 -58.0 -57.5 -58.5 -58.5 -58.0 -56.5 -58.0 -58.0 -58.0 -57.5 -57.5 -58.0 -58.0 -56.0 -58.0 -57.5 -56.5 -57.5 -58.0 -59.5 -58.0 -58.5 -58.0 -57.5 -57.5 -58.5 -59.5 -60.0 -59.5 -59.0 -58.0 -57.5 -59.0 -58.0 -58.0 -59.5 -58.0 -57.0 -57.0 -57.0 -57.5 -56.0 -57.0 
4.589670517353839 4.577398671050753 4.632621979414636 4.577398671050753 4.583534594202296 4.657165672020807 4.608078286808466 4.669437518323892 4.632621979414636 4.595806440505381 4.473087977474529 4.583534594202296 4.577398671050753 4.509903516383785 4.632621979414636 4.669437518323892 4.632621979414636 4.565126824747668 4.577398671050753 4.651029748869264 4.693981210930062 4.8351074434155406 4.528311285838413 4.878058905476339 5.123495831538041 4.841243366567084 4.773748211900116 4.7307967498393175 4.76147636559703 4.902602598082509 4.92714629068868 5.1725832167503825 5.160311370447297 4.6448938257177215 5.154175447295755 2.172116795646068 5.227806525114265 4.988505522204105 4.755340442445488 4.595806440505381 4.626486056263094 4.571262747899211 4.466952054322987 4.841243366567084 
-58.5 -58.5 -56.5 -59.0 -58.5 -57.5 -58.5 -58.0 -57.5 -58.5 -58.0 -57.5 -58.0 -58.0 -57.0 -57.0 -57.0 -57.5 -57.5 -57.5 -58.0 -60.0 -59.0 -65.0 -62.0 -61.5 -62.5 -62.5 -62.0 -62.5 -63.0 -63.5 -65.5 -64.0 -60.5 -64.5 -62.0 -60.0 -59.0 -60.0 -59.5 -60.0 -59.5 -60.0 
