2.779573187648782 2.742757648739526 2.816388726558037 2.804116880254952 2.791845033951867 2.8716120349219203 2.9820586516496865 2.791845033951867 2.7857091108003242 2.9145634969827183 2.761165418194154 2.8286605728611223 2.8654761117703775 2.804116880254952 2.791845033951867 2.859340188618835 2.9022916506796332 3.184544115650591 3.2090878082567613 2.693670263527186 0.8958447801252144 0.9572040116406401 3.429981041712294 3.147728576741336 3.4606606574700063 3.3502140407422405 3.2581751934691017 4.000621894805752 0.5092816215780329 0.14112623248547898 0.12578642460662257 3.3072625786814425 3.184544115650591 2.804116880254952 2.478912953223196 2.779573187648782 2.2212041808584084 2.466641106920111 2.5157284921324514 
-63.0 -63.0 -62.5 -62.0 -63.5 -62.5 -62.5 -63.0 -62.5 -62.5 -63.0 -63.5 -63.5 -62.5 -64.0 -63.0 -62.5 -65.0 -65.0 -66.5 -70.5 -70.0 -67.0 -67.5 -66.5 -68.5 -66.5 -67.0 -69.5 -66.0 -64.5 -63.0 -62.5 -62.5 -63.5 -64.5 -64.5 -64.5 -63.5 
1.9266798695843652 1.9266798695843652 1.9696313316451632 2.012582793705961 1.9696313316451632 1.9634954084936207 2.030990563160589 5.154175447295755 1.945087639038993 2.061670178918302 1.88986433067511 1.9880391010997909 1.945087639038993 2.0800779483729293 1.9144080232812801 2.030990563160589 2.086213871524472 2.350058567040802 2.411417798556228 2.3193789512830896 6.025476534814799 6.277049384028044 2.9022916506796332 2.791845033951867 2.6384469551633027 2.435961491162398 2.4911847995262812 2.4727770300716534 2.693670263527186 2.6691265709210157 3.3318062712876126 3.2029518851052186 5.522330836388308 2.1475731030398975 1.859184714917397 1.8039614065535141 1.4051264017032472 1.748738098189631 1.7855536370988863 1.846912868614312 1.9266798695843652 
-61.5 -63.0 -62.0 -63.5 -62.0 -64.0 -63.5 -63.5 -63.5 -62.5 -61.0 -63.5 -63.5 -63.0 -63.0 -62.0 -62.0 -62.0 -62.5 -63.5 -67.5 -66.5 -64.0 -64.0 -63.0 -63.0 -62.5 -63.0 -62.5 -63.0 -64.5 -67.0 -67.5 -65.0 -63.5 -62.5 -63.5 -64.5 -64.5 -64.0 -65.5 
0.8958447801252144 0.9203884727313847 0.9203884727313847 0.9203884727313847 0.9081166264282996 0.8958447801252144 0.9081166264282996 0.8897088569736719 0.8958447801252144 0.9142525495798421 0.9081166264282996 0.944932165337555 0.9142525495798421 0.9265243958829272 0.9203884727313847 0.9572040116406401 1.086058397823034 1.0921943209745766 0.8222137023067037 0.7547185476397354 1.3499030933393643 1.368310862793992 1.0246991663076084 1.000155473701438 0.9203884727313847 0.8774370106705868 0.9510680884890975 0.9572040116406401 0.9019807032767571 0.9756117810952678 1.0492428589137786 1.1719613219446299 1.3560390164909069 1.2333205534600555 0.9909515889741242 0.9756117810952678 0.944932165337555 0.8222137023067037 0.6135923151542565 0.5890486225480862 0.521553467881118 0.5154175447295755 0.5522330836388308 
-48.5 -48.5 -48.5 -48.5 -48.5 -49.0 -48.5 -48.5 -49.0 -48.5 -49.5 -49.0 -48.5 -49.0 -48.5 -48.5 -49.5 -51.0 -54.5 -55.0 -56.5 -54.0 -53.0 -54.5 -55.5 -55.5 -55.5 -55.0 -55.0 -54.0 -54.0 -53.0 -54.5 -55.5 -53.5 -52.0 -51.0 -50.5 -51.0 -51.5 -51.5 -51.0 -51.5 
0.8713010875190442 0.8897088569736719 0.8528933180644165 0.8713010875190442 0.8528933180644165 0.9081166264282996 0.8467573949128739 0.8467573949128739 0.8283496254582462 0.8344855486097889 0.8467573949128739 0.8222137023067037 0.8467573949128739 0.7424467013366504 0.8835729338221293 0.859029241215959 0.9081166264282996 1.0246991663076084 1.1780972450961724 1.380582709097077 1.662835174068035 1.552388557340269 1.3989904785517047 1.3437671701878218 1.2946797849754812 1.3069516312785663 1.3437671701878218 1.3560390164909069 1.3314953238847365 1.337631247036279 1.3928545554001621 1.3560390164909069 1.4910293258248433 1.564660403643354 4.647961787293493 1.368310862793992 1.0676506283684062 0.9081166264282996 0.7731263170943632 0.8222137023067037 0.7853981633974483 0.7301748550335652 0.803805932852076 
-52.0 -51.5 -52.0 -51.5 -51.5 -51.5 -51.5 -51.0 -51.5 -51.5 -51.5 -51.5 -51.5 -51.5 -51.5 -51.5 -50.5 -51.0 -52.5 -54.5 -53.5 -52.0 -51.5 -51.5 -52.0 -51.5 -51.5 -51.5 -51.5 -51.5 -51.0 -51.5 -51.5 -52.5 -53.5 -53.0 -52.0 -52.0 -53.0 -53.0 -53.0 -53.0 -53.0 
1.2640001692177683 1.239456476611598 1.055378782065321 1.1596894756415448 1.2026409377023426 1.214912784005428 1.2087768608538851 1.1965050145508 1.1903690913992575 1.1780972450961724 1.1658253987930873 1.1474176293384597 1.1658253987930873 1.1596894756415448 1.2640001692177683 1.1535535524900022 1.3499030933393643 1.607611865704152 1.9634954084936207 2.2396119503130363 2.110757564130642 1.902136176978195 1.9389517158874505 1.8653206380689396 1.88986433067511 1.7732817907958012 1.761009944492716 1.7548740213411735 1.7732817907958012 1.846912868614312 1.761009944492716 1.7794177139473437 1.8162332528565992 1.9573594853420782 2.0493983326152168 2.024854640009046 1.846912868614312 1.6566992509164924 1.521708941582556 1.509437095279471 1.4603497100671303 1.4726215563702154 1.5707963267948966 
-58.0 -58.5 -58.0 -58.0 -59.0 -57.5 -58.0 -58.0 -58.0 -58.0 -58.0 -58.0 -58.0 -58.0 -57.5 -58.0 -58.5 -58.5 -60.5 -57.5 -53.0 -53.0 -54.0 -55.0 -55.5 -55.0 -55.0 -55.0 -54.0 -53.5 -54.5 -52.5 -52.0 -52.0 -54.5 -55.0 -57.0 -59.0 -59.5 -60.0 -59.5 -60.5 -60.5 
1.4480778637640452 1.4910293258248433 1.552388557340269 1.5278448647340985 1.5155730184310134 1.4848934026733007 1.4664856332186729 1.5462526341887264 1.4971652489763858 1.4664856332186729 1.4419419406125027 1.4971652489763858 1.4910293258248433 1.4726215563702154 1.4480778637640452 1.4664856332186729 1.5033011721279284 1.6812429435226628 2.073942025221387 2.2396119503130363 2.024854640009046 2.067806102069844 2.1230294104337273 2.184388641949153 2.0923497946760143 2.067806102069844 2.1598449493429825 2.141437179888355 2.0923497946760143 2.0371264863121317 2.1353012567368124 2.0800779483729293 2.086213871524472 1.9880391010997909 5.332117218690489 2.116893487282185 2.024854640009046 1.7732817907958012 1.662835174068035 1.6198837120072371 1.6444274046134073 1.6137477888556946 1.5830681730979816 
-55.0 -55.0 -55.5 -55.5 -55.0 -55.0 -55.0 -55.0 -55.0 -54.5 -55.0 -54.5 -54.5 -54.5 -54.5 -55.0 -55.0 -54.5 -55.5 -55.0 -53.5 -54.0 -56.5 -56.0 -57.0 -58.0 -57.0 -56.5 -57.0 -56.5 -55.5 -56.0 -55.5 -55.0 -54.0 -54.5 -55.5 -56.5 -58.0 -57.0 -57.0 -57.5 -57.5 
5.21553467881118 5.258486140871978 5.375068680751287 5.338253141842031 5.307573526084319 5.3627968344482015 5.283029833478148 5.289165756629691 5.301437602932776 5.246214294568893 5.325981295538946 5.221670601962723 5.240078371417351 5.3198453723874035 5.289165756629691 5.45483568172134 5.730952223540755 5.957981380147831 5.6573211457222445 5.651185222570702 5.577554144752192 5.737088146692298 5.632777453116074 5.516194913236766 5.565282298449106 5.608233760509904 5.313709449235861 5.602097837358362 5.491651220630596 5.602097837358362 5.620505606812989 5.71868037723767 5.746292031419612 5.902758071783947 5.64504929941916 5.473243451175968 5.43029198911517 5.270757987175063 5.393476450205914 5.295301679781233 5.553010452146021 
-60.5 -60.0 -60.0 -59.5 -61.0 -60.5 -60.0 -60.0 -59.5 -60.5 -60.0 -60.5 -60.5 -60.0 -59.5 -60.5 -61.5 -61.0 -58.0 -59.5 -57.5 -59.5 -59.5 -61.5 -62.0 -62.5 -61.5 -60.5 -60.0 -58.5 -59.0 -59.5 -61.0 -61.0 -61.5 -62.0 -61.5 -62.0 -62.0 -61.5 -62.5 
4.595806440505381 4.651029748869264 4.589670517353839 4.565126824747668 4.460816131171445 4.577398671050753 4.724660826687775 4.565126824747668 4.626486056263094 4.442408361716817 4.509903516383785 4.473087977474529 4.583534594202296 4.8351074434155406 4.921010367537137 5.411884219660542 5.730952223540755 5.105088062083414 5.841398840268521 6.178874613603362 5.890486225480862 5.767767762450011 5.730952223540755 5.675728915176872 5.878214379177777 5.976389149602458 6.14819499784565 2.2641556429192065 5.6941366846315 2.1230294104337273 5.47937937432751 2.0923497946760143 
-64.0 -63.5 -65.0 -65.0 -63.0 -65.0 -65.5 -65.0 -64.0 -66.0 -65.5 -64.0 -65.0 -65.5 -63.5 -64.0 -62.0 -61.5 -68.5 -68.5 -66.0 -66.0 -66.5 -66.5 -67.5 -65.5 -66.0 -66.5 -64.0 -73.5 -71.0 -73.5 
