0.01227184630308513 2.6323110320117604 0.0 3.3011266555298997 3.172272269347506 2.9268353432858034 3.1354567304382504 6.258641614573416 3.067961575771282 0.018407769454627694 0.006135923151542565 0.04295146206079795 0.9756117810952678 1.055378782065321 3.454524734318464 3.2029518851052186 2.3071071049800045 2.3930100291016 2.2641556429192065 2.5954954931025047 2.098485717827557 2.8777479580734626 2.650718801466388 2.6261751088602177 2.60776733940559 2.5832236467994196 2.6139032625571326 3.1784081924990484 2.6323110320117604 3.2520392703175593 0.1043106935762236 2.7550294950426117 2.8532042654672924 2.791845033951867 3.031146036862027 2.8102528034064944 6.209554229361076 
-69.5 -68.5 -69.5 -69.0 -69.5 -67.5 -69.0 -69.5 -65.5 -69.5 -69.5 -70.0 -74.5 -68.0 -63.5 -61.5 -64.0 -66.5 -67.5 -67.5 -68.5 -67.5 -68.5 -66.5 -67.5 -68.0 -67.0 -64.5 -65.5 -66.5 -76.0 -67.0 -66.5 -68.5 -68.5 -68.0 -69.0 
1.6566992509164924 1.6505633277649499 1.564660403643354 1.6505633277649499 1.5401167110371838 1.6137477888556946 1.8775924843720249 1.607611865704152 1.6505633277649499 1.521708941582556 1.564660403643354 1.7794177139473437 1.5892040962495242 1.552388557340269 1.3192234775816514 1.2640001692177683 1.0921943209745766 0.8099418560036186 2.399145952253143 2.0800779483729293 1.8653206380689396 1.8960002538266525 1.9512235621905356 1.9266798695843652 1.8960002538266525 1.9082721001297376 1.9389517158874505 2.227340104009951 2.1230294104337273 1.4480778637640452 1.1167380135807468 1.3621749396424494 1.509437095279471 1.5155730184310134 1.521708941582556 1.7241944055834606 1.6505633277649499 1.6198837120072371 1.6689710972195777 1.7855536370988863 1.6505633277649499 1.736466251886546 1.6014759425526093 1.6014759425526093 
-62.0 -61.5 -61.5 -61.5 -61.5 -61.5 -61.5 -62.0 -62.0 -62.0 -61.5 -62.5 -62.0 -62.5 -62.5 -65.0 -67.5 -70.0 -64.0 -61.5 -61.5 -60.5 -59.5 -60.0 -59.5 -60.0 -60.0 -61.0 -63.5 -64.5 -61.5 -61.0 -61.5 -62.0 -62.0 -60.5 -59.5 -60.5 -60.5 -60.0 -60.0 -60.5 -60.0 -60.0 
1.1474176293384597 1.1290098598838318 1.0737865515199487 1.1106020904292042 1.1228739367322893 1.0921943209745766 1.0921943209745766 1.0799224746714913 1.0492428589137786 1.0615147052168636 1.043106935762236 1.0369710126106935 1.030835089459151 1.012427320004523 0.9265243958829272 0.9203884727313847 1.055378782065321 1.086058397823034 1.0492428589137786 1.1780972450961724 1.2087768608538851 1.1351457830353744 1.086058397823034 1.0676506283684062 1.0799224746714913 1.055378782065321 1.0369710126106935 1.086058397823034 1.0921943209745766 1.1228739367322893 1.2578642460662257 1.2517283229146832 0.9265243958829272 1.012427320004523 1.0492428589137786 1.1106020904292042 1.030835089459151 1.1106020904292042 1.1474176293384597 1.2026409377023426 1.2210487071569704 1.227184630308513 1.2210487071569704 1.2210487071569704 1.214912784005428 1.1658253987930873 
-49.0 -49.5 -49.0 -49.0 -49.0 -49.0 -49.5 -49.0 -49.0 -49.5 -49.0 -49.5 -49.0 -49.0 -49.0 -48.5 -49.5 -50.0 -50.5 -51.0 -50.5 -51.0 -51.5 -52.0 -53.0 -53.5 -53.0 -52.5 -52.0 -52.0 -51.0 -52.5 -52.0 -50.5 -49.5 -49.5 -49.0 -48.5 -48.5 -49.0 -49.5 -49.5 -49.5 -49.5 -49.0 -49.5 
1.1535535524900022 1.1903690913992575 1.1535535524900022 1.141281706186917 1.1474176293384597 1.1719613219446299 1.1596894756415448 1.1290098598838318 1.141281706186917 1.1167380135807468 1.1474176293384597 1.0983302441261191 1.0983302441261191 1.0492428589137786 0.9510680884890975 0.9940195505498954 1.2026409377023426 1.2885438618239387 1.2087768608538851 1.4726215563702154 1.4664856332186729 1.5401167110371838 1.5462526341887264 1.533980787885641 1.4971652489763858 1.4726215563702154 1.5033011721279284 1.533980787885641 1.5953400194010667 1.423534171157875 1.4173982480063325 1.6198837120072371 1.5707963267948966 1.4726215563702154 1.3928545554001621 1.1658253987930873 1.086058397823034 1.0983302441261191 1.1290098598838318 1.1903690913992575 1.239456476611598 1.2517283229146832 1.2578642460662257 1.2210487071569704 1.2640001692177683 1.2333205534600555 
-50.0 -49.5 -49.5 -49.5 -50.0 -49.5 -49.5 -49.5 -49.5 -49.5 -50.0 -50.0 -50.0 -49.5 -50.5 -51.5 -51.5 -50.5 -50.5 -50.5 -50.0 -51.5 -51.0 -51.5 -51.5 -51.5 -51.0 -51.5 -51.5 -52.0 -50.0 -51.5 -52.5 -53.0 -53.0 -52.5 -52.0 -51.0 -50.5 -50.0 -49.5 -49.5 -50.0 -50.0 -49.5 -49.5 
1.4358060174609601 1.423534171157875 1.423534171157875 1.4173982480063325 1.4173982480063325 1.41126232485479 1.3867186322486196 1.41126232485479 1.337631247036279 1.3560390164909069 1.3437671701878218 1.2701360923693108 1.3314953238847365 1.2946797849754812 1.227184630308513 1.3314953238847365 1.718058482431918 1.7241944055834606 1.718058482431918 1.6014759425526093 1.6812429435226628 1.7794177139473437 1.9082721001297376 1.945087639038993 2.012582793705961 2.030990563160589 2.030990563160589 2.0064468705544187 2.000310947402876 1.859184714917397 1.8039614065535141 1.8960002538266525 1.9941750242513334 2.110757564130642 2.110757564130642 1.8960002538266525 1.6689710972195777 1.533980787885641 1.5278448647340985 1.5278448647340985 1.5830681730979816 1.5830681730979816 1.5585244804918115 1.5585244804918115 1.5830681730979816 1.521708941582556 
-50.0 -49.5 -49.5 -49.5 -49.5 -49.5 -49.5 -50.0 -49.5 -49.5 -50.0 -49.5 -49.5 -49.5 -50.0 -52.0 -49.5 -48.0 -47.5 -49.0 -48.5 -50.0 -50.0 -49.5 -49.0 -49.5 -50.0 -50.5 -50.5 -50.0 -49.5 -47.0 -47.5 -49.0 -50.0 -51.5 -52.5 -52.0 -51.0 -50.0 -50.0 -49.5 -49.5 -50.0 -50.0 -50.0 
1.8285050991596843 1.8223691760081417 1.7732817907958012 1.8285050991596843 1.8346410223112268 1.7794177139473437 1.7916895602504288 1.7978254834019713 1.7916895602504288 1.7548740213411735 1.718058482431918 1.705786636128833 1.718058482431918 1.6812429435226628 1.6444274046134073 1.6137477888556946 2.000310947402876 2.073942025221387 2.1046216409791 2.098485717827557 2.141437179888355 2.2334760271614935 2.2212041808584084 2.3316507975861747 2.3439226438892597 2.405281875404685 2.423689644859313 2.386874105950058 2.2886993355253766 2.2764274892222915 2.2948352586769194 2.073942025221387 2.337786720737717 2.521864415283994 2.4911847995262812 2.116893487282185 1.859184714917397 1.8285050991596843 1.859184714917397 1.8837284075235674 1.9144080232812801 1.9082721001297376 1.9082721001297376 1.9082721001297376 1.9144080232812801 1.859184714917397 
-50.0 -50.0 -50.0 -49.5 -49.5 -50.0 -50.0 -50.0 -50.5 -50.0 -50.5 -50.0 -50.0 -50.0 -51.5 -54.0 -53.0 -51.5 -52.0 -52.0 -51.5 -51.5 -52.5 -52.0 -52.0 -52.0 -52.0 -53.0 -52.5 -51.5 -52.5 -51.5 -50.5 -52.0 -54.0 -56.0 -55.5 -53.5 -52.0 -50.5 -50.0 -49.5 -49.5 -49.5 -49.5 -49.5 
5.21553467881118 5.049864753719531 4.994641445355648 4.853515212870168 5.111223985234957 5.283029833478148 4.4976316700806995 4.9823695990525625 5.092816215780329 5.092816215780329 5.129631754689584 4.970097752749477 4.749204519293945 4.994641445355648 5.798447378207723 5.896622148632405 5.994796919057086 5.632777453116074 5.497787143782138 5.71868037723767 5.700272607783043 6.031612457966341 5.872078456026235 5.976389149602458 5.884350302329319 5.970253226450915 5.939573610693203 5.957981380147831 5.859806609723149 6.031612457966341 5.485515297479052 5.927301764390117 6.1420590746941075 6.166602767300278 6.025476534814799 5.786175531904639 5.399612373357457 5.086680292628786 4.792155981354743 5.227806525114265 5.135767677841127 5.092816215780329 5.098952138931871 5.074408446325701 
-62.5 -63.5 -63.0 -63.5 -63.0 -63.0 -63.0 -62.5 -63.0 -63.0 -63.0 -63.0 -63.0 -64.5 -63.5 -58.0 -56.0 -56.5 -58.5 -58.5 -59.0 -57.0 -58.0 -58.5 -59.0 -58.5 -58.5 -58.0 -58.5 -58.5 -57.5 -55.5 -56.5 -58.0 -59.0 -60.5 -65.0 -64.5 -63.5 -62.5 -63.0 -62.5 -63.0 -64.0 
5.129631754689584 5.270757987175063 5.21553467881118 5.270757987175063 5.221670601962723 5.105088062083414 5.252350217720435 5.724816300389213 5.246214294568893 5.178719139901925 5.227806525114265 5.301437602932776 5.190990986205009 5.074408446325701 5.344389064993574 6.1420590746941075 5.896622148632405 5.737088146692298 6.178874613603362 5.749359992995383 0.4970097752749477 0.5276893910326605 0.09817477042468103 6.154330920997192 0.01227184630308513 0.0 0.44178646691106466 0.25770877236478773 0.0 5.988660995905543 5.890486225480862 5.737088146692298 6.117515382087937 0.006135923151542565 6.178874613603362 1.576932249946439 1.8285050991596843 4.994641445355648 5.270757987175063 5.2339424482658075 5.448699758569798 5.313709449235861 5.295301679781233 5.356660911296659 5.203262832508095 
-62.5 -61.5 -62.5 -61.0 -61.5 -62.5 -62.0 -61.5 -62.0 -61.5 -61.5 -62.0 -62.0 -62.0 -63.0 -67.5 -62.0 -60.5 -61.0 -64.0 -66.5 -62.5 -61.5 -61.0 -62.0 -61.5 -64.0 -66.0 -68.5 -65.5 -66.5 -62.0 -62.0 -65.5 -68.5 -76.5 -71.0 -66.0 -63.5 -62.0 -61.0 -61.0 -61.5 -61.0 -61.5 
