2.9575149590435164 3.2029518851052186 2.945243112740431 2.834796496012665 2.8409324191642074 2.779573187648782 2.9022916506796332 2.8409324191642074 2.736621725587984 2.82252464970958 2.8409324191642074 2.7979809571034093 2.773437264497239 2.767301341345697 3.141592653589793 2.82252464970958 3.2336315008629315 3.3747577333484107 3.429981041712294 4.031301510563465 4.074252972624263 4.111068511533518 3.718369429834794 3.2949907323783574 3.4054373491061236 0.2761165418194154 3.6079228131070282 3.380893656499953 3.2520392703175593 3.56497135104623 3.9147189706841563 3.5158839658338894 3.5772431973493153 3.2090878082567613 3.3502140407422405 3.6386024288647407 3.411573272257666 3.098641191528995 3.0066023442558567 2.9575149590435164 3.129320807286708 2.9697868053466014 
-64.0 -63.5 -63.5 -63.5 -62.5 -63.0 -63.5 -63.0 -63.5 -63.0 -62.5 -63.5 -63.0 -62.5 -62.5 -64.0 -64.0 -63.5 -65.0 -65.5 -64.0 -66.0 -66.5 -65.5 -66.0 -67.0 -66.0 -66.0 -66.0 -66.0 -70.5 -69.0 -67.0 -66.0 -63.5 -64.0 -63.0 -63.0 -63.0 -63.5 -63.0 -62.5 
2.282563412373834 2.4175537217077703 2.2396119503130363 2.399145952253143 2.36846633649543 2.282563412373834 2.4727770300716534 2.429825568010856 2.356194490192345 2.5954954931025047 2.227340104009951 2.2764274892222915 2.313243028131547 2.5034566458293663 2.270291566070749 2.3316507975861747 2.380738182798515 2.60776733940559 2.6998061866787286 3.08636934522591 3.4177091954092087 3.3011266555298997 3.172272269347506 3.000466421104314 2.8777479580734626 3.018874190558942 2.9575149590435164 2.945243112740431 2.9943304979527716 3.043417883165112 3.215223731408304 2.8777479580734626 2.5341362615870793 2.2580197197676637 2.073942025221387 2.1537090261914402 2.0371264863121317 2.018718716857504 2.018718716857504 2.073942025221387 2.067806102069844 2.1046216409791 
-66.0 -65.5 -65.0 -65.5 -65.5 -65.5 -64.5 -64.5 -65.0 -65.0 -65.0 -64.5 -65.0 -65.0 -65.5 -63.0 -62.5 -62.0 -63.5 -63.5 -62.0 -62.0 -62.5 -62.5 -63.5 -63.5 -63.0 -63.0 -64.0 -65.5 -66.5 -66.0 -64.0 -65.0 -63.0 -62.5 -61.0 -61.5 -60.5 -61.0 -60.0 -60.5 
0.7363107781851077 0.7179030087304801 0.7117670855789375 0.6872233929727672 0.705631162427395 0.6320000846088841 0.6135923151542565 0.6504078540635119 0.619728238305799 0.5951845456996288 0.5951845456996288 0.6135923151542565 0.6013204688511713 0.5890486225480862 0.6135923151542565 0.760854470791278 0.9387962421860124 1.0921943209745766 1.1167380135807468 1.4787574795217582 1.4542137869155878 1.1658253987930873 1.0062913968529805 1.0062913968529805 0.9387962421860124 0.9326603190344698 0.9756117810952678 0.9878836273983529 0.9019807032767571 1.0676506283684062 1.1228739367322893 1.2578642460662257 1.4542137869155878 1.0615147052168636 1.055378782065321 1.2026409377023426 1.1780972450961724 1.0492428589137786 0.9940195505498954 1.0185632431560658 1.0983302441261191 1.1290098598838318 
-49.5 -49.5 -49.5 -50.0 -50.0 -50.0 -50.0 -50.0 -50.0 -50.0 -50.5 -50.5 -50.0 -50.5 -50.5 -50.5 -51.0 -54.0 -56.0 -55.0 -52.5 -51.5 -53.0 -54.5 -54.5 -55.0 -55.0 -54.5 -54.0 -54.0 -54.0 -53.0 -54.0 -53.0 -51.5 -50.5 -49.0 -48.5 -49.0 -49.5 -48.5 -48.0 
0.9510680884890975 0.9326603190344698 0.9694758579437253 0.9326603190344698 0.9756117810952678 0.8835729338221293 0.9019807032767571 0.8467573949128739 0.859029241215959 0.8528933180644165 0.8344855486097889 0.8651651643675016 0.8467573949128739 0.859029241215959 0.859029241215959 0.8406214717613314 0.944932165337555 1.2640001692177683 1.5585244804918115 1.6689710972195777 1.4787574795217582 1.3192234775816514 1.3437671701878218 1.3560390164909069 1.3621749396424494 1.3744467859455345 1.3621749396424494 1.368310862793992 1.3437671701878218 1.3560390164909069 1.4787574795217582 1.4664856332186729 1.4910293258248433 1.4787574795217582 1.3008157081270237 1.1596894756415448 1.0369710126106935 1.0062913968529805 0.9510680884890975 1.0799224746714913 1.043106935762236 1.055378782065321 
-53.5 -53.0 -53.5 -53.0 -53.0 -53.0 -53.0 -53.0 -53.0 -53.0 -53.0 -53.0 -53.0 -53.0 -53.0 -53.0 -52.0 -52.5 -52.5 -51.0 -50.5 -50.5 -50.5 -51.5 -51.0 -51.0 -51.0 -51.0 -51.0 -51.0 -51.0 -52.0 -52.0 -53.5 -53.5 -53.0 -51.5 -51.0 -51.0 -51.0 -51.0 -50.0 
1.043106935762236 1.3130875544301088 1.2885438618239387 1.2701360923693108 1.3069516312785663 1.2885438618239387 1.41126232485479 1.3069516312785663 1.368310862793992 1.4480778637640452 1.380582709097077 1.4051264017032472 1.4971652489763858 1.423534171157875 1.3744467859455345 1.5401167110371838 1.846912868614312 2.2212041808584084 2.2580197197676637 2.0064468705544187 1.7548740213411735 1.7794177139473437 1.736466251886546 1.7855536370988863 1.8530487917658545 1.8346410223112268 1.8100973297050567 1.7855536370988863 1.8653206380689396 1.8346410223112268 1.8407769454627694 1.932815792735908 1.9634954084936207 2.1230294104337273 2.043262409463674 1.945087639038993 1.6137477888556946 1.4296700943094176 1.4664856332186729 1.3744467859455345 1.3069516312785663 0.7669903939428205 
-60.0 -60.5 -60.0 -60.0 -60.0 -61.0 -61.0 -60.0 -60.0 -60.5 -60.0 -60.5 -60.0 -60.5 -59.5 -59.0 -58.5 -58.0 -55.0 -51.0 -51.5 -52.5 -53.0 -54.0 -54.0 -54.5 -54.5 -53.5 -54.0 -54.5 -52.5 -52.0 -51.0 -53.5 -55.0 -54.0 -55.0 -56.5 -58.0 -58.5 -56.5 -57.0 
1.533980787885641 1.564660403643354 1.576932249946439 1.564660403643354 1.5585244804918115 1.5707963267948966 1.5707963267948966 1.533980787885641 1.5707963267948966 1.576932249946439 1.6260196351587797 1.5462526341887264 1.5830681730979816 1.521708941582556 1.5953400194010667 1.5278448647340985 1.761009944492716 2.024854640009046 2.141437179888355 1.9941750242513334 1.932815792735908 2.0064468705544187 2.1905245651006955 2.0493983326152168 1.9696313316451632 2.1230294104337273 2.141437179888355 2.1659808724945253 2.1353012567368124 2.086213871524472 2.12916533358527 2.110757564130642 2.098485717827557 2.184388641949153 2.2396119503130363 2.1659808724945253 1.8653206380689396 1.7241944055834606 1.6751070203711202 1.6935147898257479 1.6873788666742053 1.6137477888556946 
-57.5 -57.5 -58.0 -57.5 -58.0 -57.5 -57.5 -57.5 -57.5 -58.0 -57.5 -58.0 -58.0 -58.0 -58.5 -58.0 -57.5 -56.5 -54.0 -53.0 -55.0 -55.5 -56.0 -56.0 -57.5 -57.5 -56.5 -56.5 -57.0 -56.5 -55.5 -54.5 -54.0 -54.5 -54.5 -54.5 -55.5 -55.5 -56.0 -55.0 -54.0 -53.5 
5.368932757599744 5.418020142812084 5.393476450205914 5.460971604872882 5.393476450205914 5.399612373357457 5.356660911296659 5.436427912266712 5.47937937432751 5.325981295538946 5.356660911296659 5.381204603902829 5.45483568172134 5.344389064993574 5.393476450205914 5.387340527054372 5.5284667595398505 5.915029918087033 5.915029918087033 5.755495916146925 5.6941366846315 5.688000761479957 5.50392306693368 5.559146375297564 5.436427912266712 5.442563835418255 5.436427912266712 5.786175531904639 5.473243451175968 5.387340527054372 5.546874528994478 5.638913376267617 5.553010452146021 5.835262917116979 5.6143696836614465 5.50392306693368 5.3198453723874035 5.350524988145116 5.381204603902829 5.332117218690489 5.227806525114265 5.190990986205009 
-60.5 -59.5 -60.5 -60.5 -61.0 -60.5 -61.0 -61.5 -61.0 -59.5 -60.5 -61.5 -61.5 -61.0 -61.0 -62.0 -61.5 -61.0 -59.0 -57.5 -59.0 -57.5 -59.0 -59.5 -60.0 -61.0 -61.5 -61.0 -60.5 -60.0 -58.5 -58.0 -59.0 -58.5 -61.0 -59.5 -58.5 -58.0 -57.5 -58.0 -58.0 -57.5 
4.25833066717054 4.172427743048944 4.430136515413731 4.331961744989051 4.338097668140593 4.442408361716817 1.3560390164909069 4.540583132141498 4.442408361716817 1.5033011721279284 1.41126232485479 1.4480778637640452 4.28287435977671 4.448544284868359 4.565126824747668 5.6143696836614465 5.221670601962723 1.9144080232812801 0.15339807878856412 5.829126993965437 5.608233760509904 5.497787143782138 5.829126993965437 5.66959299202533 5.620505606812989 5.706408530934585 5.712544454086128 5.915029918087033 2.0923497946760143 5.184855063053467 5.786175531904639 5.681864838328415 5.546874528994478 5.037592907416445 1.8039614065535141 4.571262747899211 4.338097668140593 4.442408361716817 4.387185053352934 
-68.0 -68.5 -68.5 -69.0 -70.0 -70.0 -71.0 -70.0 -71.5 -72.0 -73.0 -72.5 -70.0 -70.5 -72.0 -60.5 -61.0 -70.0 -68.0 -64.0 -67.5 -67.5 -65.0 -65.5 -66.0 -68.0 -66.0 -67.0 -69.5 -64.5 -62.5 -62.0 -61.5 -63.5 -65.5 -62.5 -65.0 -61.5 -61.5 
