2.8716120349219203 3.074097498922825 2.8286605728611223 2.8409324191642074 2.7979809571034093 2.9513790358919736 2.804116880254952 2.779573187648782 2.8286605728611223 2.736621725587984 2.705942109830271 2.748893571891069 2.6875343403756435 2.7857091108003242 2.675262494072558 2.6998061866787286 2.773437264497239 2.8838838812250054 3.1354567304382504 2.9943304979527716 0.8406214717613314 1.0185632431560658 3.816544200259475 3.6692820446224537 3.448388811166921 3.2459033471660166 3.479068426924634 3.54042765844006 0.5154175447295755 3.2704470397721868 3.736777199289422 3.773592738198677 3.2949907323783574 3.2090878082567613 3.4054373491061236 2.9575149590435164 3.0495538063166547 2.8532042654672924 2.9759227284981438 2.767301341345697 
-62.5 -62.0 -62.5 -62.5 -63.0 -62.5 -63.0 -62.5 -63.0 -62.5 -62.5 -63.0 -63.0 -62.5 -63.5 -62.5 -63.0 -63.5 -65.5 -65.5 -68.0 -67.0 -65.0 -66.0 -65.5 -68.0 -68.5 -69.5 -70.5 -68.5 -69.0 -69.0 -64.0 -64.0 -62.5 -62.0 -62.5 -62.5 -62.5 -62.5 
2.000310947402876 1.9757672547967058 2.0064468705544187 2.12916533358527 1.9880391010997909 1.8837284075235674 2.055534255766759 2.018718716857504 1.945087639038993 1.9757672547967058 2.1353012567368124 2.043262409463674 1.9266798695843652 1.9389517158874505 2.1230294104337273 2.399145952253143 2.3623304133438876 2.767301341345697 2.988194574801229 3.2397674240144743 3.141592653589793 2.724349879284899 2.6998061866787286 2.748893571891069 2.742757648739526 2.7120780329818137 2.705942109830271 2.9575149590435164 2.6691265709210157 5.712544454086128 5.338253141842031 2.073942025221387 2.0923497946760143 1.9389517158874505 1.9880391010997909 1.6873788666742053 1.7426021750380885 1.9082721001297376 1.9389517158874505 
-64.5 -64.0 -63.5 -62.0 -63.5 -64.0 -64.5 -64.0 -65.0 -62.5 -63.5 -64.5 -65.0 -63.5 -62.5 -63.5 -63.5 -64.5 -63.5 -63.5 -64.0 -64.0 -65.0 -64.5 -64.0 -64.5 -64.0 -65.0 -66.5 -67.0 -64.5 -63.0 -62.0 -61.5 -61.0 -61.5 -61.0 -60.5 -61.0 
0.8651651643675016 0.859029241215959 0.8160777791551611 0.8283496254582462 0.803805932852076 0.803805932852076 0.7976700097005334 0.7853981633974483 0.7669903939428205 0.7669903939428205 0.7792622402459057 0.7853981633974483 0.760854470791278 0.7301748550335652 0.7547185476397354 0.8099418560036186 0.9326603190344698 1.0185632431560658 1.000155473701438 1.4051264017032472 1.4480778637640452 1.1903690913992575 1.0369710126106935 1.1044661672776617 1.0369710126106935 0.9510680884890975 1.086058397823034 0.944932165337555 0.9633399347921826 1.1596894756415448 1.184233168247715 1.3928545554001621 1.0921943209745766 0.9694758579437253 1.1658253987930873 1.1780972450961724 1.0921943209745766 1.0615147052168636 1.0246991663076084 1.1228739367322893 1.0676506283684062 
-48.5 -48.5 -48.5 -49.0 -49.0 -49.0 -49.0 -49.0 -49.0 -49.5 -49.5 -49.5 -49.5 -49.5 -49.5 -49.5 -49.5 -53.0 -55.0 -55.5 -53.0 -51.5 -53.0 -54.0 -54.5 -55.5 -56.0 -55.5 -53.5 -53.5 -52.5 -54.0 -53.5 -52.0 -51.5 -49.5 -48.5 -49.5 -48.5 -48.0 -48.5 
0.8713010875190442 0.8467573949128739 0.8897088569736719 0.8467573949128739 0.8528933180644165 0.8406214717613314 0.8344855486097889 0.8222137023067037 0.9019807032767571 0.8222137023067037 0.8283496254582462 0.7976700097005334 0.8344855486097889 0.8528933180644165 0.803805932852076 0.7915340865489908 0.8835729338221293 1.0737865515199487 1.2885438618239387 1.6566992509164924 1.552388557340269 1.368310862793992 1.3867186322486196 1.3621749396424494 1.3989904785517047 1.3867186322486196 1.380582709097077 1.380582709097077 1.3867186322486196 1.4726215563702154 1.4051264017032472 1.5585244804918115 1.5401167110371838 1.2946797849754812 1.1903690913992575 1.0737865515199487 0.9940195505498954 1.000155473701438 0.9081166264282996 0.9387962421860124 0.9265243958829272 
-52.0 -52.0 -52.0 -52.5 -52.5 -52.0 -52.0 -52.5 -52.0 -52.0 -52.0 -52.0 -52.5 -52.5 -52.0 -52.5 -51.5 -52.5 -53.5 -52.5 -51.5 -50.5 -51.5 -51.5 -52.0 -52.0 -51.5 -52.0 -51.5 -51.5 -52.0 -52.0 -54.5 -54.5 -53.5 -52.0 -51.5 -52.0 -51.0 -50.5 -51.0 
1.1044661672776617 1.1106020904292042 1.2026409377023426 1.1719613219446299 1.1719613219446299 1.0983302441261191 1.1719613219446299 1.1780972450961724 1.0921943209745766 1.2333205534600555 1.214912784005428 1.2701360923693108 1.2455923997631406 1.1228739367322893 1.239456476611598 1.3744467859455345 1.521708941582556 1.9144080232812801 2.2334760271614935 2.1659808724945253 1.8223691760081417 1.9082721001297376 1.8285050991596843 1.8837284075235674 1.9941750242513334 1.8346410223112268 1.7303303287350031 1.8100973297050567 1.9266798695843652 1.8530487917658545 1.945087639038993 1.9512235621905356 2.184388641949153 2.0800779483729293 1.9082721001297376 1.4603497100671303 1.3560390164909069 1.2578642460662257 1.1474176293384597 1.0983302441261191 1.1719613219446299 
-58.0 -58.0 -58.0 -58.5 -58.0 -58.5 -58.0 -59.0 -58.5 -59.5 -59.0 -59.0 -59.5 -59.0 -59.5 -59.0 -59.0 -59.5 -57.0 -52.5 -51.5 -53.0 -52.5 -54.5 -54.5 -55.5 -56.0 -55.5 -55.5 -54.5 -53.0 -53.5 -55.5 -57.5 -57.0 -58.0 -58.0 -60.0 -58.0 -57.5 -57.5 
1.4358060174609601 1.4664856332186729 1.4419419406125027 1.3928545554001621 1.4726215563702154 1.4971652489763858 1.4664856332186729 1.4542137869155878 1.4542137869155878 1.423534171157875 1.5278448647340985 1.521708941582556 1.4910293258248433 1.4603497100671303 1.4787574795217582 1.4971652489763858 1.4173982480063325 1.4726215563702154 1.7119225592803755 2.0371264863121317 2.086213871524472 1.9634954084936207 2.0800779483729293 2.1475731030398975 2.12916533358527 2.073942025221387 2.184388641949153 2.116893487282185 2.1659808724945253 2.110757564130642 2.2027964114037806 2.184388641949153 2.086213871524472 2.1046216409791 2.2886993355253766 2.184388641949153 1.8162332528565992 1.6812429435226628 1.5892040962495242 1.533980787885641 1.4971652489763858 1.5401167110371838 
-55.5 -56.0 -56.0 -56.0 -55.5 -56.0 -56.0 -56.5 -55.5 -56.0 -56.0 -56.0 -56.0 -56.5 -56.5 -57.0 -56.0 -56.0 -56.5 -56.5 -52.5 -55.0 -55.0 -56.0 -55.5 -57.5 -57.5 -56.5 -57.0 -57.0 -55.5 -55.5 -55.0 -54.5 -55.0 -55.5 -56.0 -55.5 -55.5 -54.5 -54.5 -54.5 
5.301437602932776 5.246214294568893 5.301437602932776 5.246214294568893 5.227806525114265 5.301437602932776 5.21553467881118 5.221670601962723 5.154175447295755 5.301437602932776 5.240078371417351 5.227806525114265 5.313709449235861 5.227806525114265 5.160311370447297 5.418020142812084 5.258486140871978 5.706408530934585 5.945709533844745 6.013204688511713 5.767767762450011 5.632777453116074 5.651185222570702 5.595961914206819 5.546874528994478 5.424156065963627 5.540738605842936 5.5714182216006485 5.6143696836614465 5.540738605842936 5.829126993965437 5.743224069843841 5.381204603902829 5.368932757599744 5.442563835418255 5.240078371417351 5.325981295538946 5.3198453723874035 
-61.0 -60.5 -61.5 -61.0 -61.5 -61.0 -61.0 -61.5 -61.5 -61.5 -62.0 -61.5 -61.5 -61.5 -61.0 -61.0 -61.0 -63.5 -62.0 -58.0 -57.5 -58.0 -59.0 -59.5 -61.0 -61.0 -59.5 -59.0 -57.5 -60.0 -58.5 -58.5 -59.0 -57.0 -59.0 -59.5 -59.0 -58.5 
4.276738436625168 4.3074180523828804 4.325825821837508 1.2701360923693108 4.362641360746763 4.368777283898306 4.239922897715912 4.417864669110647 4.239922897715912 4.2031073588066565 4.424000592262189 4.381049130201391 4.381049130201391 4.4976316700806995 4.344233591292136 4.411728745959104 4.405592822807561 2.3623304133438876 5.829126993965437 5.154175447295755 4.743068596142402 2.9697868053466014 5.730952223540755 5.737088146692298 5.6941366846315 5.620505606812989 6.000932842208628 5.730952223540755 5.743224069843841 1.859184714917397 2.2948352586769194 5.049864753719531 4.798291904506286 4.767612288748572 4.583534594202296 4.601942363656923 1.5462526341887264 
-65.5 -65.0 -66.5 -67.5 -66.0 -66.5 -68.0 -68.0 -66.5 -68.0 -68.5 -67.5 -68.5 -69.5 -68.0 -66.0 -66.5 -67.5 -64.0 -60.0 -63.0 -69.0 -66.5 -67.0 -66.0 -65.0 -68.0 -68.0 -66.5 -68.0 -62.0 -62.0 -64.5 -64.0 -63.0 -62.5 -63.5 
