2.7857091108003242 2.8777479580734626 2.9636508821950587 2.6200391857086753 2.816388726558037 2.9391071895888885 2.859340188618835 2.9513790358919736 3.0127382674073995 2.9636508821950587 3.11091303783208 3.043417883165112 3.0066023442558567 2.9022916506796332 3.1661363461959633 2.9145634969827183 3.184544115650591 3.2704470397721868 3.454524734318464 3.1354567304382504 3.2581751934691017 3.77972866135022 3.6263305825616556 3.215223731408304 3.5465635815916023 3.5895150436524004 3.4913402732277192 3.5036121195308043 3.8288160465625602 3.5772431973493153 3.485204350076177 3.816544200259475 3.3440781175906977 3.6017868899554855 3.423845118560751 2.9145634969827183 2.767301341345697 2.82252464970958 2.60776733940559 2.7550294950426117 2.6445828783148455 
-62.5 -61.5 -62.5 -62.0 -61.5 -62.5 -62.0 -62.5 -62.0 -62.5 -62.0 -63.0 -63.0 -63.0 -62.0 -62.0 -63.0 -63.5 -63.0 -63.5 -65.5 -70.0 -69.5 -71.0 -72.5 -70.0 -68.5 -69.5 -68.5 -68.5 -65.0 -63.0 -62.0 -61.0 -61.0 -61.5 -62.0 -62.0 -62.5 -63.0 -62.5 
5.1725832167503825 1.8960002538266525 1.9757672547967058 1.9144080232812801 1.7978254834019713 1.902136176978195 1.8162332528565992 1.9266798695843652 1.902136176978195 1.9205439464328227 1.9941750242513334 1.945087639038993 1.932815792735908 1.9696313316451632 1.9144080232812801 1.9880391010997909 2.0371264863121317 2.1230294104337273 2.1353012567368124 2.184388641949153 2.9759227284981438 2.859340188618835 2.442097414313941 2.5034566458293663 2.5157284921324514 2.5034566458293663 2.448233337465483 2.6139032625571326 3.2765829629237295 2.84706834231575 5.853670686571607 2.2641556429192065 2.0800779483729293 1.932815792735908 2.0064468705544187 1.7732817907958012 1.8039614065535141 1.8346410223112268 1.8837284075235674 1.88986433067511 
-63.5 -64.0 -63.0 -61.5 -63.0 -62.5 -62.5 -62.0 -62.0 -63.5 -62.0 -60.0 -62.0 -62.0 -61.0 -59.5 -61.5 -62.0 -63.0 -65.0 -66.5 -64.5 -63.0 -64.5 -64.0 -63.5 -64.0 -63.5 -65.0 -66.5 -67.5 -65.5 -65.0 -63.5 -63.0 -63.0 -63.5 -63.5 -63.0 -63.5 
0.7976700097005334 0.8283496254582462 0.7915340865489908 0.8713010875190442 0.8467573949128739 0.9081166264282996 0.9019807032767571 0.9326603190344698 0.9756117810952678 0.9940195505498954 0.9756117810952678 0.9756117810952678 0.9940195505498954 1.0799224746714913 1.0492428589137786 1.086058397823034 1.1106020904292042 1.1965050145508 1.184233168247715 0.944932165337555 1.2455923997631406 1.4358060174609601 1.0615147052168636 0.9940195505498954 0.9203884727313847 0.9142525495798421 0.9817477042468103 1.0369710126106935 1.0062913968529805 1.086058397823034 1.0369710126106935 1.1965050145508 1.380582709097077 1.1044661672776617 1.1106020904292042 1.1290098598838318 0.859029241215959 0.7792622402459057 0.7792622402459057 0.7179030087304801 0.7424467013366504 0.7301748550335652 
-49.5 -49.5 -49.5 -49.5 -49.0 -49.0 -49.0 -49.0 -48.5 -48.5 -48.5 -48.5 -48.5 -48.5 -48.5 -48.5 -48.5 -49.5 -50.5 -53.5 -56.0 -54.0 -53.0 -54.5 -54.5 -54.5 -55.0 -54.5 -54.5 -54.0 -53.5 -52.5 -54.0 -53.5 -51.0 -49.5 -49.5 -50.5 -50.5 -50.5 -51.0 -51.5 
0.8774370106705868 0.8774370106705868 0.8835729338221293 0.9019807032767571 0.9019807032767571 0.9081166264282996 0.9019807032767571 0.944932165337555 0.9326603190344698 0.944932165337555 0.9817477042468103 0.9203884727313847 0.9817477042468103 1.0062913968529805 0.9633399347921826 0.9142525495798421 0.9694758579437253 1.000155473701438 1.1167380135807468 1.3314953238847365 1.576932249946439 1.607611865704152 1.325359400733194 1.3560390164909069 1.3867186322486196 1.3867186322486196 1.3867186322486196 1.3867186322486196 1.4542137869155878 1.3989904785517047 1.423534171157875 1.4296700943094176 1.6198837120072371 1.533980787885641 1.2517283229146832 1.1167380135807468 0.9817477042468103 0.8713010875190442 0.8713010875190442 0.7915340865489908 0.7485826244881929 0.7853981633974483 
-51.5 -51.5 -51.5 -51.5 -51.5 -51.5 -51.5 -51.0 -51.0 -51.0 -51.0 -51.0 -51.0 -51.0 -51.0 -50.5 -51.0 -51.0 -53.0 -55.0 -55.0 -52.0 -52.0 -52.5 -52.0 -52.0 -51.5 -51.5 -51.5 -51.5 -51.5 -51.5 -52.0 -54.5 -54.0 -53.0 -51.5 -52.0 -51.5 -52.0 -52.5 -53.0 
1.2885438618239387 1.3744467859455345 1.2517283229146832 1.3192234775816514 1.1965050145508 1.368310862793992 1.2333205534600555 1.239456476611598 1.2210487071569704 1.2333205534600555 1.141281706186917 1.2455923997631406 1.1719613219446299 1.2640001692177683 1.2333205534600555 1.3867186322486196 1.4787574795217582 1.7119225592803755 2.1598449493429825 2.2396119503130363 1.8775924843720249 1.9082721001297376 1.718058482431918 1.9082721001297376 1.8162332528565992 1.7794177139473437 1.7916895602504288 1.8407769454627694 1.8714565612204823 1.8223691760081417 1.9512235621905356 1.9941750242513334 2.184388641949153 2.110757564130642 1.8653206380689396 1.5830681730979816 1.5401167110371838 1.368310862793992 1.5033011721279284 1.6935147898257479 1.3867186322486196 
-59.0 -58.5 -58.5 -59.0 -59.0 -59.0 -58.5 -59.0 -58.5 -58.5 -58.0 -58.0 -58.0 -58.0 -58.0 -58.5 -59.0 -60.5 -62.5 -57.0 -56.5 -56.5 -57.0 -58.0 -56.5 -57.0 -56.5 -55.0 -55.5 -54.0 -53.5 -52.5 -54.0 -55.5 -55.5 -59.0 -59.5 -61.0 -61.0 -61.0 -61.0 
1.5585244804918115 1.5953400194010667 1.5830681730979816 1.6505633277649499 1.564660403643354 1.5155730184310134 1.576932249946439 1.576932249946439 1.607611865704152 1.5953400194010667 1.5278448647340985 1.5830681730979816 1.564660403643354 1.509437095279471 1.5462526341887264 1.4787574795217582 1.509437095279471 1.576932249946439 1.88986433067511 2.1598449493429825 2.067806102069844 2.018718716857504 2.024854640009046 2.1353012567368124 2.055534255766759 2.0923497946760143 2.110757564130642 2.141437179888355 2.1353012567368124 2.018718716857504 2.1659808724945253 2.086213871524472 2.0371264863121317 2.2089323345553233 2.2580197197676637 2.110757564130642 1.6996507129772904 1.662835174068035 1.533980787885641 1.6014759425526093 1.6444274046134073 1.5953400194010667 
-55.5 -55.5 -55.5 -55.5 -55.5 -55.5 -55.0 -54.5 -54.5 -55.0 -55.0 -55.0 -55.0 -54.5 -53.5 -55.0 -54.5 -55.5 -57.0 -57.5 -54.0 -56.5 -55.5 -56.0 -56.5 -58.5 -57.5 -57.0 -58.5 -57.0 -55.5 -55.0 -54.0 -55.0 -55.5 -55.0 -56.0 -56.5 -55.0 -57.0 -57.0 -56.5 
5.393476450205914 5.411884219660542 5.332117218690489 5.418020142812084 5.45483568172134 5.45483568172134 5.283029833478148 5.3627968344482015 5.283029833478148 5.221670601962723 5.289165756629691 5.264622064023521 5.258486140871978 5.264622064023521 5.2768939103266055 5.313709449235861 5.356660911296659 5.485515297479052 5.595961914206819 5.737088146692298 5.8045833013592665 5.737088146692298 5.71868037723767 5.589825991055276 5.620505606812989 5.418020142812084 5.448699758569798 5.540738605842936 5.522330836388308 5.565282298449106 5.681864838328415 5.737088146692298 5.66959299202533 5.853670686571607 5.773903685601553 5.620505606812989 5.418020142812084 5.405748296509 5.344389064993574 5.375068680751287 5.540738605842936 5.497787143782138 
-59.5 -60.5 -60.0 -60.0 -59.5 -60.5 -60.0 -59.5 -60.0 -59.5 -60.0 -59.5 -60.0 -59.5 -59.5 -59.0 -60.0 -59.0 -59.5 -60.5 -58.5 -60.5 -57.5 -58.5 -58.5 -60.0 -60.5 -60.5 -60.0 -59.0 -58.0 -57.0 -59.0 -58.0 -60.0 -59.5 -59.5 -60.0 -61.0 -60.5 -60.5 -60.5 
1.7303303287350031 4.95168998329485 4.914874444385594 4.522175362686871 4.81056375080937 4.577398671050753 4.71238898038469 4.552854978444583 4.921010367537137 4.902602598082509 4.546719055293041 4.442408361716817 4.411728745959104 4.669437518323892 4.552854978444583 4.651029748869264 5.135767677841127 5.043728830567988 4.859651136021712 5.663457068873787 5.270757987175063 5.111223985234957 5.350524988145116 5.393476450205914 5.50392306693368 5.387340527054372 5.344389064993574 5.816855147662351 2.012582793705961 5.589825991055276 5.626641529964532 5.553010452146021 5.4671075280244255 4.994641445355648 5.056000676871073 5.209398755659637 
-67.5 -65.5 -64.0 -65.0 -62.5 -65.5 -63.5 -64.5 -63.5 -63.5 -62.5 -64.0 -64.0 -64.5 -63.5 -64.0 -64.0 -61.5 -64.0 -67.5 -66.0 -69.0 -66.5 -66.0 -66.0 -67.5 -67.5 -67.0 -71.0 -64.5 -63.5 -62.0 -62.5 -65.5 -67.0 -67.5 
