2.730485802436441 2.9022916506796332 2.8409324191642074 2.816388726558037 3.0372819600135696 2.816388726558037 2.9943304979527716 2.7120780329818137 2.8286605728611223 2.9636508821950587 2.9084275738311756 2.9022916506796332 2.945243112740431 2.8777479580734626 2.7550294950426117 3.0127382674073995 3.2397674240144743 3.215223731408304 4.264466590322082 3.792000507653305 3.479068426924634 3.497476196379262 0.5276893910326605 3.4913402732277192 3.399301425954581 3.902447124381071 3.834951969714103 6.22182607566416 3.736777199289422 3.2765829629237295 2.8654761117703775 2.767301341345697 2.767301341345697 2.5034566458293663 
-63.0 -62.5 -61.5 -62.5 -63.0 -63.0 -63.5 -63.0 -63.5 -62.0 -62.5 -63.0 -64.0 -63.0 -63.0 -62.0 -63.5 -65.5 -66.5 -66.5 -68.0 -69.5 -69.0 -68.0 -68.5 -67.5 -66.5 -66.5 -64.0 -63.5 -62.5 -61.5 -63.5 -61.5 
1.9819031779482483 1.8223691760081417 1.846912868614312 2.098485717827557 1.8653206380689396 2.018718716857504 1.8285050991596843 1.9266798695843652 1.9696313316451632 1.88986433067511 1.9144080232812801 1.9696313316451632 2.0800779483729293 1.932815792735908 2.086213871524472 2.0064468705544187 1.8653206380689396 2.172116795646068 2.3746022596469727 6.160466844148735 3.184544115650591 2.8409324191642074 2.6384469551633027 2.6323110320117604 2.6875343403756435 2.5954954931025047 2.405281875404685 2.497320722677824 2.8286605728611223 3.0127382674073995 3.356349963893783 5.896622148632405 2.448233337465483 2.3009711818284617 1.8775924843720249 1.9389517158874505 1.7548740213411735 1.761009944492716 1.761009944492716 1.7119225592803755 
-64.0 -63.5 -64.0 -63.0 -62.5 -60.5 -64.0 -61.5 -63.5 -61.5 -63.0 -62.5 -62.5 -61.5 -62.0 -62.0 -61.0 -63.0 -65.0 -67.5 -64.0 -63.5 -64.0 -64.5 -64.0 -63.0 -61.5 -63.0 -64.5 -63.0 -65.0 -66.5 -65.5 -63.0 -63.5 -61.5 -61.5 -60.5 -61.0 -61.5 
0.8099418560036186 0.8283496254582462 0.8222137023067037 0.9265243958829272 0.8897088569736719 0.859029241215959 0.8897088569736719 0.8958447801252144 0.9142525495798421 0.9572040116406401 0.9694758579437253 0.9817477042468103 1.000155473701438 1.0062913968529805 1.030835089459151 1.012427320004523 1.0185632431560658 1.1044661672776617 1.0676506283684062 1.1167380135807468 1.6014759425526093 1.227184630308513 0.9633399347921826 0.9817477042468103 0.9756117810952678 0.9694758579437253 1.043106935762236 1.043106935762236 0.9940195505498954 1.043106935762236 1.0921943209745766 1.2087768608538851 1.3928545554001621 1.2885438618239387 1.0369710126106935 1.1658253987930873 1.1351457830353744 1.0062913968529805 0.8958447801252144 0.8528933180644165 0.8713010875190442 
-49.5 -49.5 -49.0 -49.0 -49.0 -49.0 -48.5 -48.5 -49.0 -48.5 -48.5 -48.5 -48.5 -48.5 -48.5 -48.5 -49.0 -51.0 -53.0 -56.0 -56.0 -52.0 -53.0 -54.5 -54.5 -55.0 -54.5 -54.5 -55.0 -53.5 -53.5 -52.5 -53.0 -54.0 -53.0 -51.5 -50.5 -50.0 -50.0 -50.0 -50.5 
0.7731263170943632 0.7853981633974483 0.8283496254582462 0.7547185476397354 0.803805932852076 0.8099418560036186 0.8222137023067037 0.803805932852076 0.8897088569736719 0.8222137023067037 0.6933593161243098 0.859029241215959 0.8713010875190442 0.8897088569736719 0.8835729338221293 0.8897088569736719 0.9387962421860124 0.9940195505498954 1.1596894756415448 1.4787574795217582 1.6137477888556946 1.3744467859455345 1.3437671701878218 1.3437671701878218 1.282407938672396 1.3069516312785663 1.3008157081270237 1.3499030933393643 1.325359400733194 1.3560390164909069 1.3437671701878218 1.4419419406125027 1.4787574795217582 1.5278448647340985 1.4173982480063325 1.2087768608538851 1.1167380135807468 0.9326603190344698 0.8528933180644165 0.8651651643675016 0.8774370106705868 
-52.5 -52.5 -52.0 -52.0 -52.0 -51.5 -51.5 -51.0 -51.5 -51.0 -51.5 -51.5 -51.0 -51.0 -51.0 -51.0 -50.5 -51.0 -52.5 -54.0 -52.0 -51.0 -51.5 -51.5 -52.0 -51.5 -51.0 -51.5 -51.0 -51.5 -51.0 -51.5 -51.5 -52.5 -53.0 -52.5 -51.5 -50.5 -51.0 -52.0 -52.0 
1.2640001692177683 1.1658253987930873 1.1535535524900022 1.3437671701878218 1.1596894756415448 1.1903690913992575 1.2026409377023426 1.214912784005428 1.086058397823034 1.2578642460662257 1.2026409377023426 1.214912784005428 1.1965050145508 1.1596894756415448 1.214912784005428 1.2885438618239387 1.3621749396424494 1.6566992509164924 2.086213871524472 2.3071071049800045 2.055534255766759 1.8100973297050567 1.8346410223112268 1.8530487917658545 1.8285050991596843 1.7732817907958012 1.7426021750380885 1.6566992509164924 1.736466251886546 1.8162332528565992 1.705786636128833 1.8530487917658545 1.88986433067511 2.2150682577068657 2.1475731030398975 1.8837284075235674 1.6321555583103222 1.3621749396424494 1.4358060174609601 1.2762720155208536 1.3008157081270237 
-59.0 -58.5 -58.5 -58.0 -57.5 -58.5 -58.0 -58.5 -58.0 -57.5 -57.5 -57.5 -57.0 -57.5 -57.5 -57.5 -58.0 -58.0 -59.5 -58.0 -53.0 -54.5 -54.0 -54.5 -54.5 -54.5 -56.0 -55.0 -54.0 -53.5 -54.0 -52.0 -52.0 -53.5 -56.5 -55.0 -56.0 -58.0 -59.0 -60.0 -60.0 
1.4787574795217582 1.521708941582556 1.5155730184310134 1.521708941582556 1.4603497100671303 1.4848934026733007 1.4971652489763858 1.4664856332186729 1.4664856332186729 1.4603497100671303 1.5462526341887264 1.5033011721279284 1.533980787885641 1.509437095279471 1.5278448647340985 1.4664856332186729 1.4664856332186729 1.607611865704152 1.9205439464328227 2.1598449493429825 1.9634954084936207 2.030990563160589 2.086213871524472 2.067806102069844 1.88986433067511 2.12916533358527 2.1537090261914402 2.116893487282185 2.086213871524472 1.9941750242513334 2.073942025221387 2.024854640009046 2.000310947402876 2.12916533358527 2.1475731030398975 2.1046216409791 1.9512235621905356 1.7119225592803755 1.5278448647340985 1.6444274046134073 1.576932249946439 
-56.0 -55.5 -56.0 -55.5 -55.5 -55.5 -55.0 -54.5 -55.0 -54.5 -54.5 -54.5 -54.0 -54.5 -53.5 -55.0 -54.0 -55.0 -55.5 -54.5 -53.5 -55.5 -56.5 -55.5 -57.5 -57.5 -55.5 -56.0 -57.0 -56.5 -55.0 -54.5 -53.5 -54.0 -54.0 -53.5 -54.5 -55.5 -55.0 -55.0 -55.0 
5.387340527054372 5.264622064023521 5.184855063053467 5.252350217720435 5.344389064993574 5.270757987175063 5.295301679781233 5.307573526084319 5.197126909356553 5.240078371417351 5.240078371417351 5.221670601962723 5.221670601962723 5.283029833478148 5.209398755659637 5.313709449235861 5.344389064993574 5.47937937432751 5.5714182216006485 5.970253226450915 5.878214379177777 5.6941366846315 5.700272607783043 5.66959299202533 5.540738605842936 5.473243451175968 5.442563835418255 5.626641529964532 5.522330836388308 5.534602682691394 5.626641529964532 5.66959299202533 5.608233760509904 5.822991070813893 5.835262917116979 5.45483568172134 5.393476450205914 5.491651220630596 5.4671075280244255 5.418020142812084 5.283029833478148 
-62.0 -61.5 -61.5 -61.0 -61.5 -61.5 -61.0 -61.0 -61.0 -60.5 -60.5 -60.5 -60.5 -60.0 -61.0 -59.5 -60.0 -60.5 -62.5 -61.0 -59.5 -58.5 -58.0 -58.5 -59.5 -61.5 -61.0 -61.5 -60.5 -59.0 -59.0 -57.5 -59.5 -58.0 -61.0 -61.0 -58.5 -58.0 -59.5 -60.0 -59.5 
1.552388557340269 1.576932249946439 4.804427827657828 4.626486056263094 4.534447208989955 4.172427743048944 4.828971520263998 4.601942363656923 4.460816131171445 4.638757902566179 1.423534171157875 4.589670517353839 4.681709364626977 4.583534594202296 4.681709364626977 4.528311285838413 4.871922982324796 5.393476450205914 5.5100589900852235 5.160311370447297 3.160000423044421 6.056156150572511 5.8475347634200645 5.994796919057086 5.368932757599744 5.700272607783043 5.780039608753096 5.712544454086128 6.166602767300278 5.964117303299373 2.1230294104337273 5.773903685601553 2.5157284921324514 5.5100589900852235 4.957825906446392 5.154175447295755 
-69.5 -69.0 -67.0 -67.0 -66.5 -66.5 -65.5 -64.0 -65.0 -64.0 -64.5 -65.0 -63.5 -63.5 -63.5 -64.5 -64.0 -65.0 -61.5 -61.5 -77.5 -67.0 -69.5 -66.5 -67.5 -66.5 -66.0 -67.0 -68.0 -66.5 -72.5 -63.5 -63.5 -63.0 -66.0 -66.5 
