2.8716120349219203 2.84706834231575 2.9145634969827183 2.9084275738311756 2.8961557275280905 2.9575149590435164 3.031146036862027 2.84706834231575 3.067961575771282 3.018874190558942 2.8716120349219203 2.8286605728611223 2.7857091108003242 3.2029518851052186 2.859340188618835 2.890019804376548 3.1968159619536762 3.11091303783208 3.3440781175906977 3.074097498922825 4.080388895775806 3.80427235395639 3.141592653589793 3.54042765844006 3.3747577333484107 3.3502140407422405 3.4177091954092087 3.773592738198677 0.803805932852076 2.9636508821950587 3.2520392703175593 2.9943304979527716 3.497476196379262 3.718369429834794 3.9699422790480394 3.1354567304382504 2.9391071895888885 2.9943304979527716 2.9943304979527716 2.834796496012665 
-63.0 -60.5 -63.5 -62.0 -62.0 -63.5 -63.5 -63.5 -61.0 -62.0 -63.5 -63.5 -63.5 -63.5 -64.0 -63.0 -64.0 -65.0 -64.0 -66.0 -67.0 -67.0 -67.0 -69.0 -68.0 -67.5 -67.5 -68.0 -73.0 -68.0 -64.5 -64.0 -63.0 -64.0 -64.0 -63.5 -64.5 -63.0 -62.5 -65.0 
1.859184714917397 1.8346410223112268 1.9819031779482483 1.902136176978195 1.8653206380689396 5.154175447295755 1.9266798695843652 2.012582793705961 1.9573594853420782 1.9144080232812801 1.9696313316451632 1.9819031779482483 1.9941750242513334 1.9696313316451632 1.8775924843720249 1.9941750242513334 2.098485717827557 2.1966604882522383 2.2027964114037806 2.325514874434632 2.945243112740431 3.411573272257666 2.9943304979527716 2.693670263527186 2.5157284921324514 2.497320722677824 2.5770877236478773 2.6016314162540475 2.60776733940559 3.215223731408304 2.718213956133356 5.485515297479052 1.9880391010997909 1.9573594853420782 2.030990563160589 1.9941750242513334 2.055534255766759 1.9205439464328227 1.9144080232812801 2.000310947402876 
-62.5 -62.0 -62.0 -62.5 -62.0 -62.5 -62.0 -62.0 -63.0 -62.5 -62.0 -63.0 -62.5 -63.0 -59.5 -63.0 -62.0 -62.0 -64.0 -67.0 -66.5 -65.0 -64.0 -63.5 -63.0 -62.0 -63.0 -62.0 -62.5 -65.5 -66.0 -67.0 -64.5 -64.5 -63.0 -61.0 -60.5 -61.0 -61.0 -60.5 
1.0062913968529805 1.0062913968529805 0.9387962421860124 0.9694758579437253 0.9817477042468103 1.000155473701438 0.9633399347921826 0.9756117810952678 0.9940195505498954 0.8897088569736719 0.9510680884890975 0.9694758579437253 0.9694758579437253 0.8713010875190442 0.9756117810952678 0.9817477042468103 1.043106935762236 1.1780972450961724 1.0737865515199487 1.1351457830353744 1.607611865704152 1.1535535524900022 1.0185632431560658 0.9817477042468103 0.9387962421860124 1.0246991663076084 1.0185632431560658 0.9878836273983529 1.012427320004523 1.0676506283684062 1.3437671701878218 1.3192234775816514 1.1044661672776617 1.0676506283684062 1.1903690913992575 1.1780972450961724 1.0983302441261191 1.0492428589137786 0.9940195505498954 1.0246991663076084 1.0615147052168636 1.1044661672776617 
-49.0 -49.0 -48.5 -48.5 -48.5 -49.0 -48.5 -48.5 -49.0 -48.5 -48.5 -48.5 -48.5 -48.5 -48.5 -48.5 -49.0 -50.5 -52.5 -55.0 -54.5 -52.0 -53.5 -54.0 -54.5 -54.5 -54.5 -53.5 -53.0 -52.5 -53.0 -55.0 -53.0 -51.5 -51.0 -50.0 -49.0 -48.5 -49.0 -49.0 -49.0 -49.0 
0.8774370106705868 0.9265243958829272 0.8835729338221293 0.9265243958829272 0.9019807032767571 0.9142525495798421 0.9019807032767571 0.8897088569736719 0.859029241215959 0.8835729338221293 0.8528933180644165 0.8774370106705868 0.8774370106705868 0.9081166264282996 0.9142525495798421 0.8713010875190442 0.9081166264282996 0.9817477042468103 1.214912784005428 1.6321555583103222 1.6505633277649499 1.3744467859455345 1.4051264017032472 1.368310862793992 1.3867186322486196 1.368310862793992 1.3989904785517047 1.41126232485479 1.3867186322486196 1.380582709097077 1.4419419406125027 1.552388557340269 1.5401167110371838 1.3499030933393643 1.214912784005428 1.0492428589137786 0.9756117810952678 0.9326603190344698 1.0062913968529805 0.944932165337555 0.9326603190344698 1.0062913968529805 
-51.5 -51.0 -51.5 -51.0 -51.5 -51.0 -51.5 -51.5 -51.0 -51.5 -51.5 -51.0 -51.0 -51.5 -51.5 -51.5 -51.0 -51.5 -53.5 -54.5 -51.5 -51.0 -51.5 -52.0 -51.5 -51.0 -51.5 -51.0 -51.5 -51.5 -51.0 -52.0 -54.0 -54.0 -52.5 -51.5 -51.0 -51.0 -51.5 -51.0 -51.5 -51.0 
1.227184630308513 1.1903690913992575 1.1965050145508 1.2087768608538851 1.1780972450961724 1.239456476611598 1.239456476611598 1.2762720155208536 1.214912784005428 1.1658253987930873 1.214912784005428 1.0062913968529805 1.1903690913992575 1.0062913968529805 1.2026409377023426 1.2578642460662257 1.4787574795217582 1.7426021750380885 2.098485717827557 2.2334760271614935 1.9696313316451632 1.8775924843720249 1.8223691760081417 1.8223691760081417 1.7732817907958012 1.748738098189631 1.761009944492716 1.8162332528565992 1.859184714917397 1.6812429435226628 1.8223691760081417 2.018718716857504 2.1537090261914402 2.043262409463674 1.88986433067511 1.6198837120072371 1.4542137869155878 1.3621749396424494 1.2640001692177683 1.3314953238847365 1.227184630308513 1.2455923997631406 
-58.0 -58.0 -58.0 -58.5 -58.0 -58.5 -57.5 -58.0 -58.0 -57.5 -58.0 -57.5 -57.5 -57.0 -56.5 -57.5 -57.5 -57.0 -57.0 -54.5 -51.0 -52.5 -53.5 -54.0 -53.5 -54.0 -53.0 -52.5 -53.0 -52.5 -52.5 -52.0 -55.0 -56.0 -55.5 -56.0 -57.5 -57.5 -57.5 -57.5 -56.5 -56.5 
1.5707963267948966 1.4848934026733007 1.521708941582556 1.521708941582556 1.4848934026733007 1.552388557340269 1.509437095279471 1.4910293258248433 1.4848934026733007 1.509437095279471 1.4480778637640452 1.5278448647340985 1.509437095279471 1.5278448647340985 1.4971652489763858 1.4296700943094176 1.4358060174609601 1.7426021750380885 2.116893487282185 2.270291566070749 1.9757672547967058 2.1046216409791 2.1782527187976104 2.018718716857504 2.0800779483729293 2.12916533358527 2.1353012567368124 2.030990563160589 2.030990563160589 2.0923497946760143 2.055534255766759 1.9941750242513334 2.1353012567368124 2.2518837966161214 2.1475731030398975 1.846912868614312 1.6689710972195777 1.6137477888556946 1.7855536370988863 1.564660403643354 1.564660403643354 1.5707963267948966 
-55.0 -54.5 -54.5 -54.5 -55.0 -54.5 -55.0 -55.0 -54.5 -55.0 -55.0 -55.0 -55.0 -55.0 -55.0 -55.0 -55.0 -55.5 -55.5 -54.0 -53.5 -55.5 -55.0 -56.5 -57.0 -56.0 -56.0 -56.0 -56.0 -55.5 -54.5 -54.5 -53.5 -54.5 -54.5 -55.5 -55.5 -55.0 -54.0 -54.5 -54.5 -54.0 
5.375068680751287 5.209398755659637 5.307573526084319 5.325981295538946 5.264622064023521 5.246214294568893 5.325981295538946 5.332117218690489 5.3627968344482015 5.264622064023521 5.338253141842031 5.270757987175063 5.2768939103266055 5.295301679781233 5.332117218690489 5.5100589900852235 5.4671075280244255 5.534602682691394 5.730952223540755 5.859806609723149 5.66959299202533 5.6573211457222445 5.64504929941916 5.534602682691394 5.3198453723874035 5.368932757599744 5.283029833478148 5.270757987175063 5.4671075280244255 5.522330836388308 5.706408530934585 5.559146375297564 5.9088939949354895 5.71868037723767 5.595961914206819 5.534602682691394 5.442563835418255 5.43029198911517 5.381204603902829 5.405748296509 5.283029833478148 5.338253141842031 
-61.0 -60.5 -60.0 -60.0 -60.5 -58.5 -61.0 -60.5 -61.0 -61.0 -61.5 -60.5 -60.5 -60.5 -60.5 -61.0 -60.5 -60.0 -61.0 -60.0 -60.0 -57.5 -58.5 -59.0 -60.5 -61.5 -60.0 -60.0 -59.5 -59.0 -57.5 -59.0 -59.0 -61.0 -60.5 -60.0 -59.5 -59.0 -59.0 -59.5 -60.0 -60.5 
4.614214209960009 4.693981210930062 4.700117134081604 4.608078286808466 4.651029748869264 4.6448938257177215 4.460816131171445 4.534447208989955 4.540583132141498 4.724660826687775 4.871922982324796 4.589670517353839 4.479223900626073 4.534447208989955 1.5033011721279284 4.595806440505381 4.896466674930966 5.798447378207723 5.66959299202533 5.872078456026235 5.792311455056181 5.712544454086128 5.724816300389213 5.780039608753096 5.595961914206819 5.675728915176872 5.829126993965437 2.1475731030398975 5.626641529964532 5.675728915176872 5.5284667595398505 5.332117218690489 1.6505633277649499 5.019185137961818 4.828971520263998 
-64.0 -61.0 -65.0 -64.5 -64.0 -62.5 -64.5 -64.5 -65.5 -65.5 -65.0 -65.0 -65.5 -64.5 -66.0 -66.5 -66.0 -63.5 -61.0 -66.0 -67.5 -66.0 -66.0 -64.0 -66.0 -66.5 -66.0 -66.5 -64.0 -62.0 -63.0 -63.5 -67.5 -63.5 -65.0 
