3.147728576741336 3.0250101137104846 3.2520392703175593 3.11091303783208 3.129320807286708 2.988194574801229 3.1968159619536762 6.264777537724958 0.0859029241215959 3.153864499892878 3.368621810196868 3.1784081924990484 3.3502140407422405 3.54042765844006 3.117048960983623 2.9820586516496865 0.7792622402459057 4.215379205109742 0.5522330836388308 3.393165502803038 0.3865631585471816 0.6135923151542565 0.7485826244881929 0.4540583132141498 3.2213596545598464 3.2827188860752723 3.466796580621549 3.2213596545598464 3.031146036862027 2.7857091108003242 2.730485802436441 2.6261751088602177 2.9268353432858034 
-61.5 -63.5 -63.5 -62.5 -64.0 -63.0 -61.0 -64.0 -64.0 -63.0 -62.0 -61.5 -63.5 -65.0 -64.5 -65.0 -71.0 -70.5 -69.0 -67.5 -70.0 -70.0 -69.5 -66.5 -64.0 -63.5 -63.0 -63.0 -62.0 -63.0 -62.5 -64.0 -62.5 
1.9266798695843652 1.8407769454627694 1.7916895602504288 1.4542137869155878 1.7303303287350031 1.9082721001297376 1.88986433067511 1.8039614065535141 1.7794177139473437 1.8223691760081417 1.88986433067511 1.7978254834019713 1.859184714917397 1.8346410223112268 1.8960002538266525 2.2518837966161214 2.1966604882522383 2.2457478734645786 2.356194490192345 2.8102528034064944 3.031146036862027 2.748893571891069 2.804116880254952 2.478912953223196 2.429825568010856 2.478912953223196 2.36846633649543 2.3009711818284617 2.650718801466388 2.9513790358919736 6.209554229361076 5.970253226450915 2.429825568010856 1.9880391010997909 2.012582793705961 1.8346410223112268 1.8530487917658545 2.018718716857504 1.859184714917397 
-61.5 -62.0 -61.5 -60.5 -61.0 -62.5 -61.5 -61.5 -60.5 -62.0 -62.5 -62.5 -61.5 -62.0 -59.5 -62.5 -62.0 -63.5 -65.5 -65.5 -66.5 -63.0 -63.0 -63.0 -62.5 -62.0 -61.5 -63.0 -64.0 -64.0 -66.5 -67.0 -65.5 -64.0 -62.0 -62.0 -60.5 -61.5 -62.5 
1.0799224746714913 1.086058397823034 1.1228739367322893 1.0983302441261191 1.0983302441261191 1.0615147052168636 1.055378782065321 1.0615147052168636 1.0615147052168636 1.0492428589137786 1.0615147052168636 1.0492428589137786 1.055378782065321 1.0369710126106935 1.055378782065321 1.0615147052168636 1.0799224746714913 1.1535535524900022 1.1474176293384597 1.0062913968529805 0.9694758579437253 1.2640001692177683 1.1535535524900022 0.9510680884890975 0.9633399347921826 0.9265243958829272 0.9326603190344698 1.0492428589137786 0.944932165337555 0.944932165337555 0.9878836273983529 1.1351457830353744 1.248660361338912 1.3560390164909069 1.2578642460662257 1.1167380135807468 1.141281706186917 1.1351457830353744 1.000155473701438 0.9081166264282996 0.9510680884890975 0.9019807032767571 0.8713010875190442 
-48.0 -48.0 -48.0 -48.0 -48.5 -48.5 -48.0 -48.0 -48.5 -48.0 -48.5 -48.0 -48.0 -48.5 -48.5 -48.0 -48.5 -49.0 -51.0 -52.5 -54.0 -56.5 -52.0 -54.5 -54.5 -54.5 -55.0 -54.5 -54.5 -54.5 -53.5 -54.0 -53.5 -54.0 -54.0 -52.5 -51.0 -49.5 -49.0 -50.0 -50.0 -49.5 -49.5 
0.9878836273983529 0.9326603190344698 0.9081166264282996 0.944932165337555 0.9387962421860124 0.9019807032767571 0.8958447801252144 0.9019807032767571 0.9265243958829272 0.9265243958829272 0.9326603190344698 0.8651651643675016 0.9572040116406401 0.8713010875190442 0.8774370106705868 0.9142525495798421 0.8897088569736719 0.9572040116406401 1.012427320004523 1.1535535524900022 1.4971652489763858 1.576932249946439 1.325359400733194 1.3437671701878218 1.3621749396424494 1.3621749396424494 1.380582709097077 1.3621749396424494 1.282407938672396 1.3560390164909069 1.3499030933393643 1.3314953238847365 1.4511458253398166 1.41126232485479 1.6014759425526093 1.5033011721279284 1.2210487071569704 0.9940195505498954 0.9081166264282996 0.859029241215959 0.8528933180644165 0.8528933180644165 0.8897088569736719 
-51.0 -51.0 -50.5 -51.0 -51.0 -51.0 -51.0 -51.0 -51.0 -51.5 -51.5 -51.5 -51.5 -51.5 -51.0 -51.0 -50.5 -51.0 -51.5 -53.5 -54.5 -52.5 -51.5 -51.0 -52.0 -51.5 -51.5 -51.5 -51.5 -51.0 -51.5 -51.0 -52.0 -52.0 -53.5 -54.0 -53.5 -52.0 -51.0 -51.5 -52.0 -52.0 -51.5 
1.1965050145508 1.1719613219446299 1.1965050145508 0.9081166264282996 1.1351457830353744 1.2026409377023426 1.1044661672776617 1.1965050145508 1.214912784005428 1.1106020904292042 1.2026409377023426 1.2087768608538851 1.1290098598838318 1.1658253987930873 1.184233168247715 1.1719613219446299 1.3437671701878218 1.533980787885641 1.846912868614312 2.2396119503130363 2.1046216409791 1.859184714917397 1.6689710972195777 1.8223691760081417 1.8162332528565992 1.6812429435226628 1.7241944055834606 1.7303303287350031 1.7426021750380885 1.7916895602504288 1.736466251886546 1.923611908008594 1.859184714917397 2.1475731030398975 1.9880391010997909 1.8653206380689396 1.6321555583103222 1.3499030933393643 1.3499030933393643 1.2087768608538851 1.2762720155208536 1.3008157081270237 
-56.0 -56.0 -56.0 -56.5 -56.0 -56.5 -55.5 -56.5 -57.0 -56.5 -56.5 -56.0 -56.5 -56.0 -56.5 -57.0 -57.0 -58.5 -60.5 -58.0 -52.0 -54.0 -54.0 -54.0 -53.5 -54.0 -54.0 -54.0 -53.0 -53.0 -53.5 -53.5 -52.5 -54.0 -57.0 -56.0 -57.0 -58.0 -59.5 -59.0 -58.5 -59.0 
1.380582709097077 1.4726215563702154 1.5033011721279284 1.4480778637640452 1.4726215563702154 1.4358060174609601 1.4971652489763858 1.4173982480063325 1.4542137869155878 1.4726215563702154 1.3621749396424494 1.41126232485479 1.4726215563702154 1.4910293258248433 1.4726215563702154 1.3867186322486196 1.3499030933393643 1.41126232485479 1.6137477888556946 1.9696313316451632 2.2580197197676637 1.8960002538266525 2.061670178918302 2.141437179888355 1.945087639038993 2.043262409463674 2.055534255766759 2.061670178918302 2.055534255766759 2.067806102069844 1.945087639038993 2.0493983326152168 2.0708740636456158 2.061670178918302 2.141437179888355 2.1475731030398975 2.055534255766759 1.6566992509164924 1.5585244804918115 1.6444274046134073 1.5585244804918115 1.5830681730979816 1.521708941582556 
-54.0 -53.5 -54.0 -53.0 -53.5 -53.5 -54.0 -54.0 -54.0 -54.0 -54.0 -53.5 -53.0 -54.5 -54.0 -53.5 -54.0 -54.0 -55.0 -56.0 -54.5 -54.0 -56.0 -55.5 -56.0 -57.5 -56.5 -56.0 -56.0 -56.5 -56.0 -54.5 -55.0 -54.5 -55.0 -54.0 -54.5 -55.5 -55.5 -55.5 -55.0 -55.0 -55.0 
5.258486140871978 5.301437602932776 5.295301679781233 5.289165756629691 5.313709449235861 5.160311370447297 5.111223985234957 5.289165756629691 5.258486140871978 5.252350217720435 5.3198453723874035 5.2768939103266055 5.264622064023521 5.325981295538946 5.197126909356553 5.289165756629691 5.411884219660542 5.43029198911517 5.553010452146021 5.688000761479957 6.031612457966341 5.6941366846315 5.6941366846315 5.50392306693368 5.71868037723767 5.393476450205914 5.473243451175968 5.356660911296659 5.356660911296659 5.583690067903734 5.559146375297564 5.663457068873787 5.737088146692298 5.6941366846315 5.872078456026235 5.663457068873787 5.516194913236766 5.50392306693368 5.418020142812084 5.5100589900852235 5.301437602932776 5.553010452146021 5.553010452146021 
-60.5 -60.5 -60.5 -60.0 -60.0 -60.5 -60.5 -60.0 -60.5 -61.5 -61.0 -61.5 -61.0 -60.5 -60.5 -60.5 -58.5 -60.5 -61.5 -61.5 -59.5 -58.5 -58.0 -60.0 -59.5 -59.5 -60.5 -61.0 -60.5 -60.0 -59.5 -59.0 -58.5 -59.5 -59.0 -61.0 -61.0 -59.5 -59.5 -60.0 -61.0 -59.0 -60.5 
4.362641360746763 4.491495746929157 4.595806440505381 4.614214209960009 4.589670517353839 4.767612288748572 4.430136515413731 4.264466590322082 4.534447208989955 4.681709364626977 4.503767593232243 4.344233591292136 4.571262747899211 4.8351074434155406 4.485359823777615 4.473087977474529 4.325825821837508 4.933282213840222 5.2339424482658075 5.583690067903734 5.2768939103266055 5.7616318392984684 5.626641529964532 5.737088146692298 5.773903685601553 5.712544454086128 5.743224069843841 6.092971689481767 5.921165841238575 5.522330836388308 5.418020142812084 5.368932757599744 5.080544369477243 1.6812429435226628 1.748738098189631 
-62.0 -62.5 -60.5 -62.0 -63.0 -62.5 -62.5 -63.0 -63.0 -62.5 -63.0 -63.5 -63.5 -63.0 -63.5 -62.0 -63.5 -64.5 -65.0 -62.0 -61.5 -67.5 -66.0 -65.5 -65.0 -65.0 -65.5 -66.5 -67.0 -63.5 -63.5 -63.0 -63.5 -68.0 -66.5 
