2.82252464970958 2.804116880254952 2.9145634969827183 2.730485802436441 2.8286605728611223 2.84706834231575 2.8838838812250054 2.8102528034064944 2.804116880254952 2.761165418194154 2.8961557275280905 2.804116880254952 2.8716120349219203 2.791845033951867 2.9084275738311756 3.031146036862027 3.3011266555298997 3.485204350076177 3.3195344249845276 3.9822141253511245 3.8840393549264434 3.454524734318464 3.153864499892878 3.411573272257666 3.399301425954581 3.497476196379262 3.442252888015379 3.9269908169872414 3.988350048502667 3.6999616603801666 3.6570101983193686 0.09817477042468103 3.2520392703175593 3.56497135104623 3.5281558121369745 3.11091303783208 3.055689729468197 3.6570101983193686 3.0925052683774528 
-63.0 -63.0 -63.5 -63.5 -61.5 -62.5 -62.0 -62.5 -63.5 -62.5 -62.0 -63.0 -63.0 -62.0 -63.0 -63.0 -63.0 -63.0 -64.0 -66.0 -66.5 -66.0 -66.0 -65.5 -65.5 -66.0 -66.0 -66.0 -67.5 -68.0 -67.5 -67.0 -65.5 -64.5 -62.5 -61.5 -62.0 -62.5 -62.5 
1.8223691760081417 1.932815792735908 1.9082721001297376 2.018718716857504 1.9512235621905356 1.8714565612204823 1.9819031779482483 1.9941750242513334 1.9634954084936207 1.9389517158874505 1.9819031779482483 1.9205439464328227 2.055534255766759 1.9573594853420782 2.030990563160589 2.1598449493429825 2.3071071049800045 2.350058567040802 2.5034566458293663 3.147728576741336 3.06182565261974 2.779573187648782 2.705942109830271 2.7550294950426117 2.7120780329818137 2.724349879284899 2.7120780329818137 2.804116880254952 3.043417883165112 2.945243112740431 2.552544031041707 5.418020142812084 2.0923497946760143 2.110757564130642 2.1230294104337273 1.945087639038993 1.8960002538266525 2.043262409463674 2.098485717827557 
-63.0 -64.0 -62.5 -63.5 -63.0 -63.5 -63.5 -63.0 -63.5 -64.5 -64.0 -63.5 -63.5 -63.0 -63.5 -63.5 -63.5 -64.0 -66.0 -63.5 -63.0 -62.0 -62.0 -63.5 -62.0 -62.0 -62.0 -62.0 -64.0 -66.0 -64.0 -65.5 -62.5 -60.5 -60.5 -60.0 -60.0 -57.0 -60.5 
0.8406214717613314 0.8160777791551611 0.7792622402459057 0.7731263170943632 0.7853981633974483 0.760854470791278 0.7669903939428205 0.7547185476397354 0.760854470791278 0.7301748550335652 0.7669903939428205 0.7547185476397354 0.7853981633974483 0.803805932852076 0.8344855486097889 0.8528933180644165 1.0185632431560658 0.9940195505498954 1.030835089459151 1.423534171157875 1.184233168247715 1.0737865515199487 0.9633399347921826 1.012427320004523 0.9510680884890975 0.9081166264282996 1.030835089459151 1.0062913968529805 0.9817477042468103 1.0062913968529805 1.043106935762236 1.2087768608538851 1.4726215563702154 1.0891263593988052 0.9878836273983529 1.2210487071569704 1.2210487071569704 1.086058397823034 1.1044661672776617 1.1535535524900022 1.1965050145508 
-49.5 -49.5 -50.0 -50.0 -50.0 -49.5 -49.5 -50.0 -49.5 -50.0 -49.5 -49.5 -49.5 -49.5 -49.0 -49.5 -50.0 -53.0 -55.0 -56.5 -53.5 -52.0 -53.5 -54.5 -54.0 -54.5 -54.5 -54.0 -54.0 -53.5 -53.5 -52.5 -55.0 -55.5 -53.0 -51.5 -50.0 -49.0 -49.0 -49.0 -48.5 
0.8160777791551611 0.803805932852076 0.7792622402459057 0.7731263170943632 0.803805932852076 0.7915340865489908 0.8406214717613314 0.8160777791551611 0.7853981633974483 0.8222137023067037 0.662679700366597 0.7976700097005334 0.8160777791551611 0.8283496254582462 0.8160777791551611 0.8467573949128739 0.9265243958829272 1.1044661672776617 1.533980787885641 1.6321555583103222 1.4296700943094176 1.2946797849754812 1.2885438618239387 1.2946797849754812 1.3314953238847365 1.337631247036279 1.3560390164909069 1.3499030933393643 1.3928545554001621 1.380582709097077 1.325359400733194 1.41126232485479 1.4358060174609601 1.564660403643354 1.3130875544301088 1.1596894756415448 1.141281706186917 1.0799224746714913 0.9633399347921826 1.0492428589137786 1.043106935762236 
-52.5 -52.5 -52.0 -52.5 -52.5 -52.5 -52.5 -52.5 -53.0 -53.0 -53.0 -53.0 -52.5 -52.5 -52.5 -52.0 -51.5 -53.0 -53.5 -52.0 -51.0 -50.5 -51.0 -51.0 -51.5 -51.0 -51.0 -50.5 -51.0 -51.5 -51.0 -51.5 -52.0 -53.5 -54.0 -53.5 -52.0 -50.5 -50.5 -50.5 -50.5 
1.2578642460662257 1.2517283229146832 1.2455923997631406 1.3314953238847365 1.2517283229146832 1.2517283229146832 1.2946797849754812 1.2455923997631406 1.239456476611598 1.3437671701878218 1.0369710126106935 1.2640001692177683 1.2701360923693108 1.2455923997631406 1.3314953238847365 1.4173982480063325 1.6996507129772904 2.0800779483729293 2.184388641949153 2.0064468705544187 1.7241944055834606 1.6873788666742053 1.6198837120072371 1.718058482431918 1.761009944492716 1.7303303287350031 1.705786636128833 1.6996507129772904 1.7426021750380885 1.7548740213411735 1.7426021750380885 1.8100973297050567 1.9205439464328227 5.390408488630143 1.9573594853420782 1.846912868614312 1.6137477888556946 1.325359400733194 1.1106020904292042 1.0246991663076084 1.0676506283684062 
-58.5 -58.5 -57.5 -58.5 -58.0 -58.5 -58.0 -58.5 -59.0 -59.0 -58.5 -59.0 -58.5 -58.5 -58.0 -59.0 -57.5 -57.0 -54.5 -50.5 -51.0 -52.5 -53.5 -54.0 -53.5 -53.5 -53.0 -53.0 -52.0 -53.0 -53.0 -53.0 -53.0 -57.0 -59.5 -57.0 -57.0 -58.0 -59.0 -57.5 -57.5 
1.5401167110371838 1.4480778637640452 1.5033011721279284 1.4971652489763858 1.5155730184310134 1.509437095279471 1.552388557340269 1.552388557340269 1.521708941582556 1.4910293258248433 1.5155730184310134 1.5278448647340985 1.5462526341887264 1.4971652489763858 1.4542137869155878 1.5033011721279284 1.6812429435226628 2.067806102069844 2.1966604882522383 1.9696313316451632 1.8837284075235674 2.018718716857504 2.0923497946760143 2.043262409463674 2.012582793705961 2.086213871524472 2.116893487282185 2.073942025221387 2.0371264863121317 2.024854640009046 2.1475731030398975 2.141437179888355 2.1537090261914402 5.3198453723874035 2.2334760271614935 2.282563412373834 1.9389517158874505 1.7303303287350031 1.6689710972195777 1.6321555583103222 1.5707963267948966 
-55.5 -56.0 -56.5 -57.0 -57.0 -57.0 -57.0 -57.0 -57.0 -57.0 -57.0 -56.5 -56.0 -56.0 -56.5 -56.5 -57.0 -55.5 -54.5 -53.0 -55.0 -56.0 -56.0 -55.5 -57.0 -56.0 -55.5 -55.5 -56.5 -55.0 -56.0 -56.0 -54.0 -55.0 -55.0 -55.5 -55.0 -53.5 -54.0 -53.5 -53.0 
5.4671075280244255 5.485515297479052 5.387340527054372 5.5714182216006485 5.516194913236766 5.448699758569798 5.381204603902829 5.405748296509 5.411884219660542 5.399612373357457 5.485515297479052 5.436427912266712 5.356660911296659 5.45483568172134 5.368932757599744 5.546874528994478 5.583690067903734 5.896622148632405 5.896622148632405 5.5284667595398505 5.411884219660542 5.491651220630596 5.325981295538946 5.393476450205914 5.221670601962723 5.301437602932776 5.209398755659637 5.21553467881118 5.123495831538041 5.307573526084319 5.5284667595398505 5.638913376267617 5.730952223540755 5.902758071783947 5.737088146692298 5.540738605842936 5.3627968344482015 5.227806525114265 5.252350217720435 5.221670601962723 5.246214294568893 
-61.5 -62.0 -60.0 -62.0 -61.5 -61.5 -59.5 -61.0 -61.5 -61.5 -61.5 -62.0 -61.5 -61.0 -61.5 -61.0 -60.5 -61.0 -59.5 -58.5 -60.5 -59.0 -60.5 -60.0 -60.5 -61.5 -61.5 -61.0 -60.0 -59.5 -59.0 -57.0 -57.5 -59.0 -59.5 -58.0 -56.5 -58.0 -57.5 -59.0 -58.0 
1.6014759425526093 1.5278448647340985 1.607611865704152 1.607611865704152 4.749204519293945 4.037437433715008 1.5953400194010667 1.6321555583103222 1.4603497100671303 1.662835174068035 5.184855063053467 5.872078456026235 5.675728915176872 5.338253141842031 5.786175531904639 5.755495916146925 6.17273869045182 5.902758071783947 5.9518454569962875 5.743224069843841 5.8045833013592665 5.853670686571607 6.062292073724054 1.9880391010997909 5.221670601962723 5.553010452146021 5.620505606812989 5.4671075280244255 5.006913291658733 4.669437518323892 4.669437518323892 4.595806440505381 4.534447208989955 
-69.0 -71.0 -71.0 -71.5 -70.0 -70.5 -70.5 -70.5 -72.0 -71.5 -68.0 -64.5 -62.0 -60.5 -63.5 -67.0 -66.0 -65.0 -65.0 -64.5 -63.5 -65.5 -65.0 -68.0 -62.0 -64.0 -61.5 -61.5 -62.0 -62.0 -60.5 -60.5 -60.5 
