2.834796496012665 2.859340188618835 2.84706834231575 2.859340188618835 3.3624858870453256 2.8409324191642074 2.8838838812250054 2.6813984172241008 2.8716120349219203 2.804116880254952 2.8961557275280905 2.804116880254952 2.9329712664373457 2.8654761117703775 2.9636508821950587 2.8286605728611223 3.0250101137104846 2.9206994201342606 3.368621810196868 3.0925052683774528 3.2029518851052186 4.123340357836604 3.890175278077986 3.9699422790480394 3.724505352986337 3.5588354278946874 3.730641276137879 3.472932503773092 3.6263305825616556 3.522019888985432 3.8840393549264434 3.8963112012295285 3.9760782021995817 0.4632621979414636 3.06182565261974 3.1354567304382504 3.172272269347506 2.742757648739526 2.8961557275280905 2.761165418194154 
-62.5 -62.0 -62.5 -62.0 -63.0 -62.5 -62.5 -62.0 -63.0 -62.0 -63.0 -63.0 -61.5 -61.0 -63.0 -62.5 -62.5 -64.0 -64.5 -63.5 -66.5 -64.0 -66.5 -66.5 -65.5 -68.0 -66.0 -66.0 -67.0 -66.0 -66.0 -67.0 -65.0 -68.0 -65.0 -64.0 -64.5 -64.0 -64.5 -65.0 
1.9819031779482483 1.902136176978195 1.9941750242513334 2.098485717827557 2.172116795646068 1.9389517158874505 2.055534255766759 2.0371264863121317 1.9819031779482483 1.9941750242513334 1.9389517158874505 2.2212041808584084 1.9696313316451632 1.8285050991596843 2.2027964114037806 2.172116795646068 2.270291566070749 2.478912953223196 2.6323110320117604 3.2643111166206444 3.2397674240144743 3.141592653589793 2.8654761117703775 2.8102528034064944 2.8654761117703775 2.8102528034064944 2.9145634969827183 2.7550294950426117 2.945243112740431 3.368621810196868 3.1906800388021335 1.9941750242513334 1.8223691760081417 1.8285050991596843 1.8714565612204823 1.7794177139473437 1.8100973297050567 
-63.5 -62.5 -63.0 -64.5 -64.5 -63.5 -64.0 -64.5 -64.0 -64.0 -63.0 -65.0 -63.0 -63.0 -62.5 -63.0 -64.0 -64.0 -66.5 -64.0 -63.0 -62.0 -61.5 -62.5 -63.5 -62.0 -63.0 -63.0 -62.5 -64.0 -65.0 -66.0 -62.5 -61.5 -62.5 -62.5 -61.5 
0.803805932852076 0.7853981633974483 0.8222137023067037 0.8406214717613314 0.6565437772150544 0.7853981633974483 0.760854470791278 0.7547185476397354 0.7424467013366504 0.7547185476397354 0.7485826244881929 0.7792622402459057 0.7792622402459057 0.803805932852076 0.8467573949128739 0.8406214717613314 0.9081166264282996 0.9265243958829272 1.0062913968529805 0.9878836273983529 1.0676506283684062 1.423534171157875 1.1535535524900022 0.9326603190344698 0.944932165337555 0.9142525495798421 0.8897088569736719 0.9081166264282996 0.9510680884890975 0.9817477042468103 0.944932165337555 1.0615147052168636 1.239456476611598 1.423534171157875 1.1474176293384597 1.1719613219446299 1.0737865515199487 0.9019807032767571 0.8344855486097889 0.8651651643675016 0.8897088569736719 
-49.5 -49.5 -49.5 -50.0 -50.0 -50.0 -49.5 -50.0 -50.0 -50.0 -49.5 -50.0 -49.5 -49.5 -49.5 -49.5 -49.5 -50.0 -51.5 -54.0 -55.5 -53.5 -52.0 -53.0 -54.5 -54.5 -54.5 -54.5 -54.5 -54.0 -54.0 -52.5 -52.5 -55.0 -54.5 -51.5 -50.5 -50.5 -51.0 -50.0 -50.0 
0.7853981633974483 0.8222137023067037 0.8344855486097889 0.8651651643675016 0.859029241215959 0.8344855486097889 0.8406214717613314 0.8528933180644165 0.8344855486097889 0.8528933180644165 0.7424467013366504 0.8713010875190442 0.8160777791551611 0.8283496254582462 0.8283496254582462 0.8528933180644165 0.8406214717613314 0.8774370106705868 0.9633399347921826 1.3314953238847365 1.5830681730979816 1.4787574795217582 1.3192234775816514 1.2885438618239387 1.3069516312785663 1.337631247036279 1.3069516312785663 1.3192234775816514 1.3621749396424494 1.3437671701878218 1.2701360923693108 1.3499030933393643 1.41126232485479 1.576932249946439 1.4848934026733007 1.2578642460662257 1.0492428589137786 0.9019807032767571 0.8774370106705868 0.9081166264282996 0.8528933180644165 
-52.0 -52.0 -52.5 -52.0 -52.5 -53.0 -52.5 -53.0 -53.0 -53.0 -53.0 -52.5 -52.5 -52.0 -52.0 -52.0 -52.0 -51.5 -52.0 -52.5 -53.0 -51.0 -50.5 -51.0 -51.0 -51.5 -51.0 -51.5 -51.0 -51.0 -51.5 -51.0 -51.5 -52.0 -53.0 -53.5 -52.5 -51.5 -52.0 -51.5 -51.5 
1.239456476611598 1.1351457830353744 1.1106020904292042 1.1780972450961724 1.1658253987930873 1.2210487071569704 1.1903690913992575 1.1719613219446299 1.1965050145508 1.2455923997631406 1.1903690913992575 1.239456476611598 1.2087768608538851 1.2946797849754812 1.2578642460662257 1.2210487071569704 1.3744467859455345 1.5401167110371838 1.7671458676442586 2.227340104009951 2.184388641949153 1.761009944492716 1.7671458676442586 1.6505633277649499 1.6505633277649499 1.8100973297050567 1.7426021750380885 1.7732817907958012 1.736466251886546 1.7671458676442586 1.6689710972195777 1.718058482431918 1.8407769454627694 2.132233295161041 2.043262409463674 1.932815792735908 1.736466251886546 1.214912784005428 1.4726215563702154 1.1658253987930873 1.2640001692177683 
-58.5 -59.5 -59.5 -59.5 -59.5 -59.0 -59.5 -59.5 -59.5 -59.5 -59.5 -59.5 -59.0 -59.0 -58.0 -58.5 -58.5 -59.0 -60.0 -59.5 -55.0 -52.0 -53.0 -52.5 -54.5 -54.0 -53.5 -54.0 -53.5 -53.0 -54.0 -53.0 -53.0 -54.0 -57.5 -57.5 -58.5 -60.0 -60.0 -59.5 -59.0 
1.4480778637640452 1.4848934026733007 1.4296700943094176 1.4664856332186729 1.509437095279471 1.4358060174609601 1.4603497100671303 1.4910293258248433 1.5033011721279284 1.4603497100671303 1.4848934026733007 1.4971652489763858 1.4480778637640452 1.4603497100671303 1.5155730184310134 1.4848934026733007 1.423534171157875 1.4296700943094176 1.6444274046134073 2.043262409463674 2.1966604882522383 1.902136176978195 2.0371264863121317 2.067806102069844 2.1046216409791 2.018718716857504 2.1230294104337273 2.086213871524472 2.116893487282185 2.067806102069844 2.0371264863121317 2.1230294104337273 2.000310947402876 2.110757564130642 2.018718716857504 1.9880391010997909 1.8837284075235674 1.6260196351587797 1.662835174068035 1.6321555583103222 1.576932249946439 
-55.5 -56.0 -56.5 -56.5 -56.5 -57.0 -57.0 -56.5 -57.0 -56.5 -56.5 -57.0 -56.5 -56.0 -56.5 -56.0 -56.0 -56.5 -57.0 -56.5 -54.5 -55.0 -56.0 -56.5 -55.5 -57.0 -57.0 -56.5 -57.0 -57.0 -55.5 -56.0 -54.0 -55.0 -55.0 -54.5 -54.5 -56.0 -55.5 -55.0 -55.0 
5.47937937432751 5.47937937432751 5.47937937432751 5.534602682691394 5.577554144752192 5.5714182216006485 5.553010452146021 5.651185222570702 5.47937937432751 5.47937937432751 5.491651220630596 5.45483568172134 5.485515297479052 5.473243451175968 5.45483568172134 5.516194913236766 5.47937937432751 5.553010452146021 5.497787143782138 5.9518454569962875 5.957981380147831 5.5284667595398505 5.706408530934585 5.583690067903734 5.565282298449106 5.387340527054372 5.325981295538946 5.405748296509 5.325981295538946 5.436427912266712 5.546874528994478 5.730952223540755 5.737088146692298 5.954913418572059 6.068427996875596 5.559146375297564 5.393476450205914 5.43029198911517 5.50392306693368 5.368932757599744 5.387340527054372 
-61.5 -61.5 -61.0 -62.0 -62.0 -61.5 -61.5 -62.0 -61.5 -61.5 -62.0 -61.5 -61.0 -61.5 -61.0 -61.0 -61.0 -61.0 -62.5 -61.5 -60.0 -60.5 -58.5 -59.0 -60.5 -60.5 -62.0 -61.5 -61.5 -61.0 -60.0 -58.0 -59.0 -59.5 -62.0 -63.0 -60.5 -60.0 -59.0 -60.0 -59.5 
1.3499030933393643 1.2762720155208536 1.4910293258248433 4.215379205109742 4.601942363656923 5.8475347634200645 5.436427912266712 4.896466674930966 6.19728238305799 6.025476534814799 5.688000761479957 5.921165841238575 5.786175531904639 5.816855147662351 5.822991070813893 5.927301764390117 5.884350302329319 6.105243535784852 1.8960002538266525 5.580622106327962 5.798447378207723 5.522330836388308 5.227806525114265 4.9823695990525625 4.9394181369917645 1.7794177139473437 
-69.5 -70.0 -69.0 -68.5 -68.0 -64.0 -61.5 -67.0 -69.5 -65.0 -66.5 -67.5 -66.0 -65.5 -66.0 -66.5 -66.0 -68.5 -70.0 -64.0 -64.5 -65.0 -63.5 -67.5 -68.0 -69.0 
