2.730485802436441 2.6875343403756435 2.779573187648782 2.730485802436441 2.767301341345697 2.6200391857086753 2.6445828783148455 2.718213956133356 2.767301341345697 2.675262494072558 2.60776733940559 2.705942109830271 2.693670263527186 2.779573187648782 2.718213956133356 2.8716120349219203 3.0495538063166547 3.3072625786814425 3.6386024288647407 3.2029518851052186 3.792000507653305 4.313553975534423 3.6876898140770815 3.663146121470911 3.393165502803038 3.313398501832985 3.3502140407422405 3.368621810196868 3.3195344249845276 3.5158839658338894 3.761320891895592 3.9944859716542096 3.3318062712876126 3.1354567304382504 3.497476196379262 3.509748042682347 3.865631585471816 3.0802334220743677 2.9084275738311756 3.172272269347506 3.141592653589793 
-63.5 -63.5 -62.5 -63.5 -63.0 -63.0 -62.5 -63.5 -63.0 -63.0 -63.0 -63.0 -63.0 -63.0 -63.0 -62.0 -63.5 -65.0 -65.5 -66.0 -67.5 -65.0 -65.5 -64.0 -65.0 -65.5 -64.5 -66.0 -65.5 -66.5 -67.5 -66.0 -65.0 -66.0 -63.0 -63.0 -63.0 -62.0 -63.0 -63.0 -63.5 
1.8346410223112268 1.761009944492716 1.9205439464328227 1.8530487917658545 1.945087639038993 2.018718716857504 1.9757672547967058 2.1046216409791 2.1475731030398975 2.0493983326152168 2.0493983326152168 2.0923497946760143 2.0064468705544187 2.067806102069844 2.043262409463674 2.0923497946760143 2.0064468705544187 2.0923497946760143 2.2518837966161214 2.3930100291016 2.4911847995262812 2.8838838812250054 3.227495577711389 2.9759227284981438 3.153864499892878 2.9575149590435164 2.9391071895888885 2.8838838812250054 2.82252464970958 2.7550294950426117 2.9329712664373457 2.8961557275280905 3.2213596545598464 3.1968159619536762 1.9573594853420782 2.0064468705544187 1.9819031779482483 1.88986433067511 1.8100973297050567 1.8162332528565992 1.9205439464328227 
-63.5 -63.0 -64.5 -64.5 -64.5 -64.5 -65.5 -65.0 -65.0 -64.0 -65.5 -65.0 -64.5 -63.5 -64.5 -64.0 -63.5 -63.5 -63.5 -63.0 -63.0 -63.5 -62.5 -62.0 -62.0 -62.0 -62.5 -63.0 -63.0 -62.5 -62.5 -64.0 -64.0 -65.5 -64.0 -62.5 -62.0 -61.5 -61.5 -62.0 -61.5 
0.6994952392758523 0.7240389318820226 0.6933593161243098 0.7117670855789375 0.6504078540635119 0.6810874698212247 0.6872233929727672 0.6504078540635119 0.7179030087304801 0.6442719309119693 0.662679700366597 0.6504078540635119 0.6688156235181395 0.6933593161243098 0.6994952392758523 0.7669903939428205 0.803805932852076 0.8958447801252144 0.9756117810952678 1.000155473701438 1.0062913968529805 1.3499030933393643 1.3499030933393643 1.2087768608538851 0.9694758579437253 0.9694758579437253 0.9878836273983529 0.9940195505498954 1.000155473701438 0.9878836273983529 0.9756117810952678 1.0369710126106935 1.0246991663076084 1.2455923997631406 1.3867186322486196 1.227184630308513 1.000155473701438 1.1719613219446299 1.1474176293384597 1.0369710126106935 0.9326603190344698 1.0492428589137786 0.9878836273983529 
-50.0 -50.0 -49.5 -49.5 -50.0 -50.0 -50.0 -50.0 -50.0 -50.0 -50.0 -50.0 -50.0 -50.0 -50.0 -50.0 -50.0 -50.5 -51.0 -53.0 -56.0 -56.0 -52.5 -51.5 -52.0 -53.5 -53.0 -54.0 -54.0 -54.5 -54.0 -53.5 -53.5 -52.0 -54.0 -54.0 -52.0 -50.0 -49.0 -49.0 -49.0 -49.0 -48.5 
0.7792622402459057 0.7547185476397354 0.7547185476397354 0.7792622402459057 0.760854470791278 0.7792622402459057 0.6442719309119693 0.803805932852076 0.7853981633974483 0.7915340865489908 0.7792622402459057 0.7915340865489908 0.8160777791551611 0.7792622402459057 0.7792622402459057 0.8344855486097889 0.7915340865489908 0.7915340865489908 0.9019807032767571 1.0369710126106935 1.380582709097077 1.576932249946439 1.4296700943094176 1.3008157081270237 1.2455923997631406 1.2517283229146832 1.3314953238847365 1.3928545554001621 1.4296700943094176 1.337631247036279 1.3560390164909069 1.3744467859455345 1.3008157081270237 1.4480778637640452 1.4848934026733007 1.5830681730979816 1.4051264017032472 1.1228739367322893 1.086058397823034 0.9633399347921826 0.9756117810952678 0.9694758579437253 0.9572040116406401 
-52.5 -52.5 -53.0 -53.0 -53.0 -53.0 -53.0 -53.0 -53.0 -53.0 -53.0 -52.5 -53.0 -53.0 -52.5 -52.5 -52.5 -52.0 -51.5 -52.0 -52.5 -52.0 -50.5 -50.0 -50.5 -50.5 -51.0 -50.5 -50.5 -51.0 -51.0 -51.5 -50.5 -51.5 -52.0 -53.5 -54.0 -53.5 -52.0 -51.0 -51.0 -51.0 -51.0 
1.2026409377023426 1.2578642460662257 1.2578642460662257 1.2578642460662257 1.1965050145508 1.2026409377023426 1.1965050145508 1.2026409377023426 1.2701360923693108 1.2946797849754812 1.2762720155208536 1.2026409377023426 1.3069516312785663 1.2762720155208536 1.214912784005428 1.282407938672396 1.3499030933393643 1.552388557340269 1.6996507129772904 2.1230294104337273 2.2518837966161214 1.9634954084936207 1.736466251886546 1.7119225592803755 1.6444274046134073 1.5892040962495242 1.736466251886546 1.7794177139473437 1.7426021750380885 1.736466251886546 1.7916895602504288 1.8039614065535141 1.736466251886546 1.8837284075235674 1.9205439464328227 2.12916533358527 2.098485717827557 1.9573594853420782 1.6014759425526093 1.380582709097077 1.2640001692177683 1.1290098598838318 1.1167380135807468 
-58.5 -59.0 -58.5 -59.0 -59.0 -59.5 -59.0 -59.0 -59.0 -59.5 -59.0 -59.5 -59.0 -59.5 -59.0 -58.5 -58.5 -59.5 -58.5 -58.5 -56.5 -50.5 -50.5 -51.5 -51.5 -52.5 -52.5 -53.0 -53.5 -53.5 -53.0 -53.5 -53.0 -52.0 -52.0 -54.0 -56.5 -56.0 -58.0 -58.0 -59.0 -59.0 -57.5 
1.5033011721279284 1.521708941582556 1.4910293258248433 1.5033011721279284 1.5707963267948966 1.5830681730979816 1.5401167110371838 1.533980787885641 1.4971652489763858 1.4971652489763858 1.533980787885641 1.5033011721279284 1.5033011721279284 1.533980787885641 1.509437095279471 1.533980787885641 1.4971652489763858 1.4603497100671303 1.5953400194010667 1.8223691760081417 2.110757564130642 2.055534255766759 1.859184714917397 1.9389517158874505 2.061670178918302 2.0493983326152168 1.88986433067511 2.043262409463674 2.110757564130642 2.1353012567368124 2.0493983326152168 1.9573594853420782 2.1598449493429825 2.067806102069844 2.086213871524472 2.141437179888355 2.2886993355253766 2.2212041808584084 2.000310947402876 1.6873788666742053 1.6321555583103222 1.6260196351587797 1.6137477888556946 
-56.5 -56.0 -57.0 -57.0 -57.0 -57.0 -56.5 -57.0 -57.5 -58.0 -57.5 -57.0 -57.0 -57.0 -56.5 -57.0 -57.0 -56.5 -57.0 -56.5 -55.0 -52.5 -54.0 -55.5 -56.0 -55.0 -56.5 -57.5 -56.0 -56.5 -57.0 -56.0 -55.5 -55.5 -54.5 -54.5 -55.5 -55.5 -55.5 -55.5 -55.5 -54.5 -55.0 
5.393476450205914 5.405748296509 5.295301679781233 5.405748296509 4.841243366567084 5.418020142812084 5.405748296509 5.448699758569798 5.589825991055276 5.43029198911517 5.50392306693368 5.45483568172134 5.448699758569798 5.540738605842936 5.418020142812084 5.442563835418255 5.485515297479052 5.4671075280244255 5.66959299202533 5.730952223540755 5.884350302329319 5.872078456026235 5.522330836388308 5.5714182216006485 5.448699758569798 5.5100589900852235 5.283029833478148 5.368932757599744 5.301437602932776 5.399612373357457 5.325981295538946 5.540738605842936 5.565282298449106 5.706408530934585 5.602097837358362 5.859806609723149 5.982525072754001 5.6143696836614465 5.565282298449106 5.350524988145116 5.350524988145116 5.227806525114265 5.2768939103266055 
-62.5 -62.5 -61.5 -62.5 -62.0 -61.0 -62.0 -63.0 -62.0 -61.0 -62.0 -62.5 -62.0 -62.5 -61.5 -62.0 -61.0 -61.5 -61.5 -63.0 -61.0 -57.5 -60.0 -59.0 -59.5 -60.0 -59.5 -60.0 -61.5 -61.0 -59.5 -59.5 -59.5 -58.5 -60.0 -58.5 -61.0 -60.0 -59.5 -58.5 -59.5 -58.0 -60.0 
1.607611865704152 1.5892040962495242 1.7916895602504288 1.4787574795217582 1.576932249946439 4.681709364626977 5.3627968344482015 5.749359992995383 5.43029198911517 1.8837284075235674 0.018407769454627694 5.896622148632405 5.724816300389213 5.927301764390117 5.835262917116979 6.0991076126333095 5.743224069843841 5.773903685601553 5.675728915176872 6.117515382087937 1.9389517158874505 5.7616318392984684 5.6941366846315 5.497787143782138 5.184855063053467 1.5401167110371838 4.657165672020807 4.743068596142402 4.626486056263094 
-71.5 -73.5 -74.5 -72.5 -72.5 -68.5 -67.0 -61.5 -60.5 -70.0 -69.0 -64.0 -64.0 -64.5 -65.0 -65.0 -65.0 -66.5 -66.5 -66.5 -70.5 -63.0 -63.0 -62.0 -62.5 -66.0 -62.5 -64.5 -63.5 
