2.9329712664373457 6.000932842208628 2.779573187648782 6.031612457966341 2.736621725587984 2.736621725587984 2.8409324191642074 2.6875343403756435 2.736621725587984 2.736621725587984 2.675262494072558 2.693670263527186 2.736621725587984 2.705942109830271 2.675262494072558 2.791845033951867 2.705942109830271 2.748893571891069 2.7550294950426117 2.7979809571034093 2.8961557275280905 2.9943304979527716 2.7120780329818137 2.8102528034064944 3.0127382674073995 3.2949907323783574 3.706097583531709 3.3011266555298997 0.6504078540635119 4.1601558967458585 3.8717675086233583 4.000621894805752 4.061981126321178 3.9576704327449543 3.847223816017188 3.6876898140770815 3.56497135104623 3.4913402732277192 3.663146121470911 3.822680123411018 4.135612204139688 
-62.0 -62.5 -62.0 -62.5 -62.5 -62.5 -61.5 -62.5 -62.5 -63.0 -62.5 -63.0 -62.5 -63.0 -63.0 -63.0 -63.0 -62.5 -63.0 -62.5 -63.5 -63.0 -62.0 -63.5 -64.0 -63.0 -64.0 -66.0 -71.0 -68.0 -68.5 -68.0 -65.5 -64.5 -64.5 -63.0 -62.5 -62.5 -63.0 -64.0 -64.0 
2.012582793705961 1.9880391010997909 1.9696313316451632 2.055534255766759 2.0923497946760143 2.116893487282185 1.9082721001297376 2.1537090261914402 2.1353012567368124 2.030990563160589 2.1782527187976104 2.2150682577068657 2.172116795646068 2.12916533358527 2.061670178918302 2.1966604882522383 2.1659808724945253 2.2089323345553233 2.1475731030398975 2.141437179888355 2.172116795646068 2.0923497946760143 1.945087639038993 1.9941750242513334 2.067806102069844 2.086213871524472 2.1537090261914402 2.3746022596469727 2.4911847995262812 2.767301341345697 3.2213596545598464 2.9943304979527716 3.0802334220743677 2.9697868053466014 3.08636934522591 2.8532042654672924 3.0802334220743677 3.117048960983623 3.1354567304382504 3.0802334220743677 3.227495577711389 3.055689729468197 3.0127382674073995 
-63.5 -64.0 -63.5 -64.5 -64.5 -65.0 -64.5 -64.0 -64.5 -64.5 -65.5 -65.0 -65.0 -65.5 -65.0 -64.5 -64.5 -65.0 -65.0 -64.5 -64.5 -65.0 -64.5 -65.0 -64.5 -62.5 -62.5 -61.5 -62.5 -64.0 -62.5 -62.5 -62.5 -62.0 -62.0 -61.5 -61.5 -60.5 -61.5 -61.5 -61.5 -63.5 -63.0 
0.7731263170943632 0.6933593161243098 0.7117670855789375 0.7179030087304801 0.7424467013366504 0.6933593161243098 0.6504078540635119 0.6258641614573416 0.619728238305799 0.6933593161243098 0.6320000846088841 0.607456392002714 0.6688156235181395 0.619728238305799 0.5951845456996288 0.619728238305799 0.619728238305799 0.6381360077604268 0.6442719309119693 0.6320000846088841 0.6565437772150544 0.6688156235181395 0.6013204688511713 0.6258641614573416 0.5951845456996288 0.7301748550335652 0.8835729338221293 1.0737865515199487 0.9633399347921826 1.184233168247715 1.5401167110371838 1.337631247036279 1.184233168247715 1.0737865515199487 0.9940195505498954 0.8897088569736719 0.9019807032767571 0.9387962421860124 1.0185632431560658 0.9142525495798421 0.8528933180644165 0.9510680884890975 1.0185632431560658 
-50.0 -49.5 -50.0 -50.0 -50.0 -50.0 -50.5 -50.5 -50.5 -50.5 -51.0 -51.0 -50.5 -51.0 -51.0 -51.0 -51.0 -51.0 -51.0 -51.0 -51.0 -51.0 -51.0 -51.0 -51.0 -51.5 -52.0 -54.0 -56.5 -57.0 -54.5 -52.5 -51.5 -52.0 -52.5 -54.0 -54.0 -54.5 -54.0 -54.0 -53.5 -53.0 -52.5 
0.8344855486097889 0.7976700097005334 0.859029241215959 0.8160777791551611 0.7853981633974483 0.8160777791551611 0.803805932852076 0.6565437772150544 0.7792622402459057 0.7976700097005334 0.8283496254582462 0.7915340865489908 0.8344855486097889 0.7669903939428205 0.7792622402459057 0.7976700097005334 0.7853981633974483 0.7731263170943632 0.7792622402459057 0.8467573949128739 0.7976700097005334 0.803805932852076 0.803805932852076 0.7731263170943632 0.7669903939428205 0.7669903939428205 0.803805932852076 1.043106935762236 1.3069516312785663 1.4603497100671303 1.4603497100671303 1.325359400733194 1.337631247036279 1.282407938672396 1.1965050145508 1.214912784005428 1.2701360923693108 1.3008157081270237 1.2640001692177683 1.2885438618239387 1.3008157081270237 1.1965050145508 1.2026409377023426 
-52.5 -52.5 -52.5 -53.0 -52.5 -53.0 -53.0 -53.0 -53.5 -53.0 -53.5 -53.5 -53.5 -53.0 -53.5 -53.5 -53.5 -53.5 -53.0 -53.5 -53.0 -53.0 -53.0 -53.0 -53.0 -52.5 -52.0 -51.5 -52.0 -51.5 -51.0 -50.0 -50.5 -50.0 -50.5 -51.0 -51.5 -50.5 -51.0 -51.0 -51.0 -51.0 -50.5 
1.2701360923693108 1.325359400733194 1.2333205534600555 1.3499030933393643 1.3621749396424494 1.3867186322486196 1.3069516312785663 1.2640001692177683 1.3499030933393643 1.3192234775816514 1.4051264017032472 1.3560390164909069 1.41126232485479 1.282407938672396 1.3560390164909069 1.1474176293384597 1.3314953238847365 1.3314953238847365 1.41126232485479 1.423534171157875 1.3928545554001621 1.4296700943094176 1.3314953238847365 1.3621749396424494 1.3499030933393643 1.5892040962495242 1.8530487917658545 2.067806102069844 2.043262409463674 1.945087639038993 1.7548740213411735 1.607611865704152 1.6260196351587797 1.533980787885641 1.5830681730979816 1.6873788666742053 1.6873788666742053 1.662835174068035 1.6689710972195777 1.6751070203711202 1.718058482431918 1.6812429435226628 1.5892040962495242 
-59.5 -59.0 -59.0 -59.0 -59.5 -59.0 -59.5 -59.5 -59.5 -60.0 -60.0 -60.0 -59.5 -60.0 -59.5 -59.5 -59.5 -60.0 -59.5 -60.0 -59.5 -60.0 -60.0 -60.5 -60.0 -58.5 -56.5 -55.0 -54.0 -52.0 -50.0 -50.5 -51.0 -52.0 -52.5 -52.0 -52.0 -52.0 -51.5 -52.0 -51.5 -52.0 -52.5 
1.5033011721279284 1.521708941582556 1.6014759425526093 1.552388557340269 1.5830681730979816 1.552388557340269 1.5401167110371838 1.552388557340269 1.5462526341887264 1.5707963267948966 1.576932249946439 1.509437095279471 1.552388557340269 1.5892040962495242 1.4971652489763858 1.4726215563702154 1.3560390164909069 1.6137477888556946 1.5707963267948966 1.564660403643354 1.662835174068035 1.6198837120072371 1.6260196351587797 1.607611865704152 1.552388557340269 1.509437095279471 1.6935147898257479 1.932815792735908 2.030990563160589 1.945087639038993 1.7794177139473437 1.846912868614312 1.846912868614312 1.9819031779482483 2.030990563160589 1.9144080232812801 1.945087639038993 1.9573594853420782 2.000310947402876 1.9634954084936207 1.9205439464328227 1.846912868614312 1.9757672547967058 
-57.0 -57.0 -56.0 -57.0 -57.0 -57.0 -57.0 -58.0 -58.0 -57.5 -58.0 -58.0 -57.5 -58.0 -58.0 -57.5 -57.5 -58.0 -58.5 -57.5 -57.5 -57.0 -57.0 -57.5 -59.0 -59.0 -57.5 -54.5 -53.5 -52.5 -52.5 -53.5 -55.5 -56.0 -55.0 -55.5 -56.0 -56.5 -56.0 -56.0 -56.0 -56.0 -55.0 
5.47937937432751 5.442563835418255 5.534602682691394 5.405748296509 5.418020142812084 5.5284667595398505 5.651185222570702 5.5714182216006485 5.47937937432751 5.522330836388308 5.534602682691394 5.540738605842936 5.565282298449106 5.4671075280244255 5.559146375297564 5.540738605842936 5.534602682691394 5.50392306693368 5.626641529964532 5.663457068873787 5.565282298449106 5.663457068873787 5.638913376267617 5.559146375297564 5.602097837358362 5.608233760509904 5.497787143782138 5.626641529964532 5.822991070813893 5.798447378207723 5.4671075280244255 5.3627968344482015 5.283029833478148 5.301437602932776 5.375068680751287 5.325981295538946 5.2339424482658075 5.209398755659637 5.086680292628786 5.086680292628786 5.240078371417351 5.344389064993574 5.056000676871073 
-61.5 -62.0 -61.5 -62.0 -61.5 -62.0 -62.5 -62.5 -61.5 -61.5 -61.5 -61.5 -61.5 -62.0 -61.5 -61.0 -62.0 -62.0 -62.0 -61.5 -61.5 -62.0 -62.0 -62.0 -62.0 -61.5 -61.5 -62.5 -60.0 -58.0 -57.5 -57.5 -57.5 -58.5 -59.5 -59.0 -59.0 -59.5 -59.5 -59.5 -58.5 -59.0 -59.0 
2.0064468705544187 2.073942025221387 2.2027964114037806 2.2089323345553233 5.5100589900852235 2.386874105950058 5.6573211457222445 5.559146375297564 5.6941366846315 5.442563835418255 5.485515297479052 2.386874105950058 5.921165841238575 5.93343768754166 5.841398840268521 5.767767762450011 5.786175531904639 5.737088146692298 5.730952223540755 5.767767762450011 5.663457068873787 5.994796919057086 6.0991076126333095 
-76.5 -76.5 -75.5 -75.5 -72.5 -73.5 -68.0 -63.0 -60.5 -59.5 -61.0 -70.5 -68.0 -64.0 -63.5 -63.5 -63.0 -64.0 -63.5 -63.0 -63.5 -63.5 -65.5 
