2.675262494072558 2.6813984172241008 2.761165418194154 2.6998061866787286 2.761165418194154 2.736621725587984 2.834796496012665 2.7857091108003242 2.742757648739526 2.675262494072558 2.804116880254952 2.6691265709210157 2.7857091108003242 3.000466421104314 2.6261751088602177 2.6445828783148455 2.748893571891069 2.7550294950426117 2.6139032625571326 2.6384469551633027 2.662990647769473 2.6568547246179306 2.6445828783148455 2.6323110320117604 2.7857091108003242 6.074563920027139 3.1784081924990484 3.442252888015379 3.4606606574700063 0.9817477042468103 3.9760782021995817 4.123340357836604 3.9147189706841563 3.5956509668039427 3.436116964863836 3.393165502803038 0.37429131224409645 3.5342917352885173 3.6876898140770815 4.215379205109742 4.0128937411088375 
-63.0 -63.0 -63.5 -63.5 -64.0 -63.5 -63.5 -63.0 -63.5 -64.0 -63.5 -63.5 -64.0 -64.0 -64.5 -64.0 -64.0 -65.0 -64.0 -64.5 -64.5 -63.5 -64.0 -64.5 -63.0 -64.5 -63.5 -62.0 -64.0 -67.0 -64.5 -65.0 -64.0 -63.5 -64.0 -64.0 -64.0 -63.5 -64.5 -68.5 -70.0 
1.8162332528565992 1.9757672547967058 2.086213871524472 1.9573594853420782 1.7916895602504288 1.9389517158874505 2.030990563160589 1.9512235621905356 1.8714565612204823 5.393476450205914 2.1537090261914402 2.0371264863121317 2.12916533358527 2.282563412373834 2.2334760271614935 1.9941750242513334 2.3193789512830896 2.337786720737717 2.1353012567368124 2.3930100291016 2.564815877344792 2.3930100291016 2.141437179888355 2.2150682577068657 5.405748296509 2.12916533358527 2.337786720737717 2.497320722677824 2.7857091108003242 2.7857091108003242 3.153864499892878 3.08636934522591 3.2336315008629315 2.9820586516496865 2.9575149590435164 2.988194574801229 2.9145634969827183 2.945243112740431 2.8838838812250054 3.1661363461959633 3.2765829629237295 
-63.5 -63.5 -64.0 -64.5 -64.0 -64.0 -64.5 -65.0 -64.5 -65.5 -65.0 -64.5 -64.0 -65.0 -65.0 -64.5 -64.5 -65.0 -65.0 -66.0 -63.5 -65.0 -65.0 -64.5 -64.0 -63.0 -62.0 -63.5 -64.0 -64.0 -63.0 -61.0 -61.5 -61.5 -63.0 -62.5 -62.0 -62.0 -62.5 -63.0 -64.5 
0.5829126993965437 0.5645049299419159 0.5338253141842031 0.5645049299419159 0.5338253141842031 0.5399612373357456 0.4970097752749477 0.5031456984264903 0.521553467881118 0.4724660826687775 0.47860200582032003 0.4540583132141498 0.47860200582032003 0.4356505437595221 0.4479223900626072 0.4356505437595221 0.4356505437595221 0.4540583132141498 0.37429131224409645 0.42337869745643697 0.39269908169872414 0.39269908169872414 0.3620194659410113 0.4111068511533518 0.37429131224409645 0.3865631585471816 0.5246214294568893 0.8774370106705868 1.0676506283684062 1.1044661672776617 1.3069516312785663 1.4296700943094176 1.214912784005428 1.0246991663076084 0.8835729338221293 0.8835729338221293 0.8528933180644165 0.8835729338221293 0.9510680884890975 0.9019807032767571 0.8958447801252144 0.8835729338221293 0.9940195505498954 1.1719613219446299 
-51.0 -51.0 -51.0 -51.0 -51.0 -51.0 -51.0 -51.0 -51.0 -51.0 -51.0 -51.5 -51.5 -51.5 -51.5 -52.0 -51.5 -51.5 -51.5 -52.0 -52.0 -52.0 -52.0 -52.0 -52.5 -52.0 -52.5 -52.0 -53.0 -55.0 -55.5 -52.5 -51.0 -51.0 -52.5 -54.0 -54.0 -54.0 -54.0 -54.0 -54.0 -53.5 -53.0 -52.5 
0.803805932852076 0.7976700097005334 0.7915340865489908 0.7485826244881929 0.7669903939428205 0.8099418560036186 0.8160777791551611 0.7547185476397354 0.7547185476397354 0.7485826244881929 0.803805932852076 0.7792622402459057 0.803805932852076 0.8099418560036186 0.8283496254582462 0.7853981633974483 0.8283496254582462 0.8467573949128739 0.8283496254582462 0.8160777791551611 0.8528933180644165 0.8406214717613314 0.8406214717613314 0.8897088569736719 0.8406214717613314 0.7915340865489908 0.7792622402459057 0.8528933180644165 1.055378782065321 1.3069516312785663 1.4480778637640452 1.3989904785517047 1.2210487071569704 1.1780972450961724 1.141281706186917 1.1596894756415448 1.2640001692177683 1.2455923997631406 1.2578642460662257 1.2517283229146832 1.2455923997631406 1.2087768608538851 1.2333205534600555 1.325359400733194 
-53.5 -53.5 -53.5 -53.5 -53.5 -53.5 -53.5 -54.0 -53.5 -54.0 -54.0 -54.0 -54.0 -54.0 -54.0 -54.0 -54.0 -54.5 -54.5 -54.0 -54.0 -54.0 -54.5 -54.5 -54.5 -54.5 -54.5 -53.0 -52.0 -52.0 -51.5 -50.0 -50.0 -50.0 -50.0 -51.0 -51.0 -50.5 -50.5 -51.0 -50.5 -51.0 -50.5 -51.0 
1.2701360923693108 1.2517283229146832 1.2946797849754812 1.2762720155208536 1.2455923997631406 1.337631247036279 1.3192234775816514 1.2455923997631406 1.3069516312785663 1.2885438618239387 1.3069516312785663 1.3192234775816514 1.3989904785517047 1.423534171157875 1.2946797849754812 1.4051264017032472 1.3499030933393643 1.337631247036279 1.4358060174609601 1.3192234775816514 1.3008157081270237 1.4051264017032472 1.380582709097077 1.41126232485479 1.3744467859455345 1.4848934026733007 4.76147636559703 1.7426021750380885 1.8653206380689396 1.8837284075235674 1.8407769454627694 1.552388557340269 1.4848934026733007 1.4910293258248433 1.4787574795217582 1.552388557340269 1.5953400194010667 1.607611865704152 1.5892040962495242 1.4664856332186729 1.6137477888556946 1.6689710972195777 1.533980787885641 1.662835174068035 
-59.0 -59.5 -59.0 -59.5 -59.5 -60.0 -59.5 -59.5 -59.5 -59.5 -59.5 -60.0 -59.5 -59.5 -59.5 -59.5 -59.5 -59.0 -59.5 -59.0 -59.5 -59.5 -59.0 -59.0 -59.5 -58.5 -57.5 -55.5 -54.0 -52.0 -50.5 -50.0 -50.5 -51.0 -52.0 -52.0 -52.0 -52.0 -52.0 -52.0 -52.0 -52.0 -52.5 -51.0 
1.5892040962495242 1.6382914814618648 1.5892040962495242 1.607611865704152 1.5707963267948966 1.5830681730979816 1.6014759425526093 1.5892040962495242 1.533980787885641 1.6566992509164924 1.6321555583103222 1.5953400194010667 1.564660403643354 1.5585244804918115 1.6382914814618648 1.509437095279471 1.6321555583103222 1.5462526341887264 1.6566992509164924 1.662835174068035 1.521708941582556 1.6566992509164924 1.6444274046134073 1.6689710972195777 1.7303303287350031 1.576932249946439 1.6444274046134073 1.7241944055834606 1.8837284075235674 1.8775924843720249 1.8039614065535141 1.6444274046134073 1.6566992509164924 1.7732817907958012 1.9266798695843652 1.8714565612204823 1.8775924843720249 1.8653206380689396 1.9266798695843652 1.8960002538266525 1.846912868614312 1.9266798695843652 1.945087639038993 1.9205439464328227 
-57.0 -57.0 -57.0 -57.5 -57.5 -58.0 -57.5 -57.5 -57.5 -58.0 -57.5 -58.0 -58.5 -58.5 -58.5 -59.0 -59.0 -59.0 -58.5 -59.5 -58.5 -59.0 -59.5 -59.0 -60.0 -60.0 -61.0 -58.5 -55.0 -54.0 -52.5 -54.0 -55.0 -56.5 -55.5 -54.5 -56.5 -56.5 -56.0 -56.0 -56.0 -55.5 -55.0 -54.5 
5.405748296509 5.577554144752192 5.43029198911517 5.387340527054372 5.473243451175968 5.47937937432751 5.534602682691394 5.50392306693368 5.5714182216006485 5.534602682691394 5.688000761479957 5.516194913236766 5.595961914206819 5.546874528994478 5.632777453116074 5.638913376267617 5.620505606812989 5.577554144752192 5.589825991055276 5.577554144752192 5.540738605842936 5.681864838328415 5.553010452146021 5.45483568172134 5.540738605842936 5.4671075280244255 5.396544411781686 5.3627968344482015 5.595961914206819 5.749359992995383 5.583690067903734 5.332117218690489 5.411884219660542 5.227806525114265 5.197126909356553 5.240078371417351 5.0682725231741586 4.97623367590102 4.9823695990525625 4.994641445355648 4.95168998329485 5.209398755659637 5.375068680751287 5.325981295538946 
-62.5 -62.0 -62.5 -61.5 -63.0 -62.5 -62.5 -61.5 -62.5 -62.5 -62.5 -63.0 -62.5 -62.0 -62.0 -62.0 -61.5 -62.0 -62.0 -62.0 -62.5 -62.5 -62.5 -62.0 -62.0 -62.5 -62.0 -61.5 -61.5 -60.5 -58.5 -59.0 -58.5 -57.5 -59.0 -58.5 -59.0 -60.5 -60.5 -60.0 -60.0 -59.5 -59.0 -58.0 
2.282563412373834 2.380738182798515 5.681864838328415 2.5709518004963345 5.994796919057086 6.22182607566416 6.209554229361076 6.12365130523948 5.915029918087033 6.114447420512166 5.749359992995383 5.497787143782138 5.688000761479957 5.436427912266712 1.9819031779482483 6.068427996875596 5.792311455056181 5.724816300389213 5.767767762450011 5.829126993965437 5.816855147662351 5.816855147662351 5.822991070813893 5.810719224510809 6.007068765360171 5.307573526084319 
-73.5 -74.5 -72.0 -73.5 -73.0 -72.0 -71.0 -71.0 -70.5 -71.5 -68.0 -61.5 -59.5 -59.5 -66.5 -67.5 -62.0 -62.0 -63.5 -64.0 -63.0 -63.5 -64.5 -64.0 -65.0 -68.0 
