2.742757648739526 2.718213956133356 2.816388726558037 2.6875343403756435 2.7857091108003242 2.742757648739526 2.9513790358919736 2.718213956133356 2.724349879284899 2.779573187648782 2.748893571891069 2.8409324191642074 2.767301341345697 2.8102528034064944 2.7979809571034093 2.9636508821950587 2.804116880254952 3.0495538063166547 3.5281558121369745 3.5036121195308043 1.0676506283684062 4.405592822807561 4.2092432819582 3.7551849687440497 3.436116964863836 3.442252888015379 3.5036121195308043 3.724505352986337 3.9699422790480394 1.1535535524900022 1.086058397823034 0.3620194659410113 3.368621810196868 3.356349963893783 2.8654761117703775 2.6568547246179306 2.7857091108003242 
-65.0 -64.0 -65.0 -65.0 -64.5 -65.0 -65.0 -65.5 -64.0 -65.0 -64.0 -65.5 -65.0 -65.5 -65.0 -65.0 -64.5 -65.5 -63.5 -65.0 -68.0 -65.5 -65.5 -63.5 -63.0 -63.0 -63.5 -63.5 -65.0 -69.0 -69.5 -70.0 -65.5 -66.5 -65.5 -67.0 -66.5 
2.2580197197676637 2.227340104009951 2.325514874434632 2.313243028131547 2.5893595699509624 2.454369260617026 2.552544031041707 2.497320722677824 2.5034566458293663 2.6139032625571326 2.442097414313941 2.509592568980909 2.429825568010856 2.509592568980909 2.4605051837685683 2.4850488763747385 2.2334760271614935 2.2334760271614935 2.3193789512830896 2.5157284921324514 2.6998061866787286 3.0372819600135696 3.2336315008629315 3.3195344249845276 3.2029518851052186 3.018874190558942 3.117048960983623 3.067961575771282 3.074097498922825 3.018874190558942 2.988194574801229 3.0372819600135696 2.9145634969827183 6.227961998815704 5.66959299202533 2.0800779483729293 1.8039614065535141 1.6444274046134073 1.7732817907958012 1.88986433067511 
-64.5 -64.0 -66.0 -64.0 -64.5 -64.5 -64.0 -65.0 -65.5 -65.0 -65.0 -64.5 -64.5 -63.5 -65.5 -65.0 -64.0 -62.5 -63.0 -63.0 -62.5 -63.5 -62.5 -61.0 -61.0 -61.5 -62.0 -62.5 -62.0 -62.0 -63.5 -63.0 -63.5 -67.0 -66.5 -63.5 -62.5 -62.5 -63.5 -62.0 
0.44178646691106466 0.47860200582032003 0.4663301595172349 0.4356505437595221 0.3988350048502667 0.4356505437595221 0.36815538909255385 0.4049709280018093 0.36815538909255385 0.37429131224409645 0.39269908169872414 0.4049709280018093 0.3865631585471816 0.380427235395639 0.380427235395639 0.39269908169872414 0.3374757733348411 0.4663301595172349 0.6565437772150544 1.043106935762236 1.1228739367322893 1.2762720155208536 1.3989904785517047 1.2026409377023426 1.000155473701438 0.9203884727313847 0.8651651643675016 0.9203884727313847 0.9019807032767571 0.8713010875190442 0.9265243958829272 0.9081166264282996 0.9081166264282996 1.1167380135807468 1.3560390164909069 1.239456476611598 1.0615147052168636 1.1106020904292042 0.9326603190344698 0.7117670855789375 0.5951845456996288 0.607456392002714 
-52.0 -52.0 -52.0 -52.0 -52.5 -52.5 -52.5 -52.5 -52.5 -52.5 -52.5 -52.5 -52.5 -52.5 -52.5 -52.5 -52.5 -52.5 -52.5 -52.5 -55.5 -56.0 -52.5 -51.5 -51.5 -53.0 -54.5 -54.5 -55.0 -54.5 -54.0 -54.0 -52.5 -52.0 -53.5 -55.0 -54.0 -52.5 -51.5 -52.0 -52.0 -52.0 
0.8160777791551611 0.8160777791551611 0.803805932852076 0.8344855486097889 0.7731263170943632 0.7547185476397354 0.7915340865489908 0.7117670855789375 0.8651651643675016 0.8099418560036186 0.8160777791551611 0.8099418560036186 0.7915340865489908 0.8528933180644165 0.7976700097005334 0.7731263170943632 0.7853981633974483 0.6810874698212247 0.7424467013366504 0.859029241215959 1.227184630308513 1.3928545554001621 1.3744467859455345 1.2455923997631406 1.227184630308513 1.1780972450961724 1.184233168247715 1.2946797849754812 1.282407938672396 1.2701360923693108 1.2762720155208536 1.2333205534600555 1.2087768608538851 1.3867186322486196 1.4296700943094176 1.5401167110371838 1.3499030933393643 1.1780972450961724 0.8835729338221293 0.7731263170943632 0.7485826244881929 0.8160777791551611 
-54.5 -54.5 -54.0 -54.5 -54.5 -54.5 -55.0 -55.0 -54.5 -54.5 -54.5 -54.5 -54.5 -55.0 -54.5 -54.5 -55.0 -55.0 -54.0 -53.0 -52.0 -51.5 -50.5 -50.0 -50.5 -50.5 -51.5 -51.5 -51.0 -51.0 -51.5 -51.0 -50.5 -51.0 -51.0 -52.5 -52.5 -52.5 -52.5 -53.0 -53.5 -53.0 
1.4726215563702154 1.4173982480063325 1.4419419406125027 1.4051264017032472 1.4848934026733007 1.4480778637640452 1.576932249946439 1.4296700943094176 1.4848934026733007 1.4419419406125027 1.521708941582556 1.552388557340269 1.423534171157875 1.4358060174609601 1.4480778637640452 1.4603497100671303 1.4971652489763858 1.6321555583103222 1.8530487917658545 1.9757672547967058 1.8775924843720249 1.5830681730979816 1.5278448647340985 1.4848934026733007 1.521708941582556 1.6321555583103222 1.6996507129772904 1.6321555583103222 1.5155730184310134 1.6260196351587797 1.718058482431918 1.6198837120072371 1.6260196351587797 1.7978254834019713 2.000310947402876 2.000310947402876 2.024854640009046 1.6689710972195777 1.6260196351587797 1.5953400194010667 1.521708941582556 
-59.0 -59.5 -59.5 -59.5 -59.0 -59.0 -59.5 -59.0 -59.0 -59.5 -59.0 -59.5 -59.0 -59.5 -59.0 -59.5 -58.5 -57.0 -55.0 -53.5 -52.0 -50.0 -51.0 -51.5 -52.0 -52.5 -52.0 -52.0 -52.0 -51.5 -51.5 -52.0 -51.5 -50.5 -54.0 -56.5 -56.0 -59.0 -60.0 -59.5 -59.5 
1.6505633277649499 1.5462526341887264 1.6566992509164924 1.6382914814618648 1.748738098189631 1.6321555583103222 1.6935147898257479 1.718058482431918 1.6812429435226628 1.6444274046134073 1.718058482431918 1.6566992509164924 1.662835174068035 1.6566992509164924 1.6873788666742053 1.6014759425526093 1.5155730184310134 1.5892040962495242 1.8162332528565992 1.945087639038993 1.9512235621905356 1.6812429435226628 1.6812429435226628 1.7426021750380885 1.9941750242513334 1.8775924843720249 1.8346410223112268 1.88986433067511 1.9696313316451632 1.9082721001297376 1.9757672547967058 1.9819031779482483 1.8837284075235674 1.9266798695843652 1.9512235621905356 2.098485717827557 2.0064468705544187 1.8346410223112268 1.7426021750380885 1.7241944055834606 1.7794177139473437 
-58.5 -59.0 -59.0 -58.5 -59.0 -59.5 -59.5 -59.5 -59.0 -59.0 -59.0 -59.0 -59.5 -59.0 -59.0 -59.5 -61.0 -60.0 -56.5 -54.0 -52.5 -54.0 -54.5 -57.0 -55.5 -55.5 -56.5 -55.5 -56.0 -56.0 -56.0 -55.0 -55.5 -53.5 -53.5 -54.0 -54.5 -55.5 -57.0 -57.5 -56.5 
5.565282298449106 5.405748296509 5.3198453723874035 5.3627968344482015 5.418020142812084 5.227806525114265 5.418020142812084 5.43029198911517 5.405748296509 5.491651220630596 5.424156065963627 5.497787143782138 5.3198453723874035 5.442563835418255 5.497787143782138 5.387340527054372 5.436427912266712 5.3198453723874035 5.393476450205914 5.632777453116074 5.540738605842936 5.368932757599744 5.289165756629691 5.350524988145116 5.264622064023521 5.3198453723874035 5.123495831538041 4.970097752749477 5.190990986205009 5.056000676871073 5.301437602932776 5.368932757599744 5.460971604872882 5.700272607783043 5.964117303299373 5.743224069843841 5.565282298449106 5.264622064023521 5.190990986205009 5.160311370447297 5.246214294568893 
-63.0 -63.0 -63.5 -62.0 -62.5 -62.5 -63.0 -62.5 -62.5 -62.5 -63.0 -62.5 -62.5 -62.5 -63.0 -62.5 -62.5 -61.5 -62.5 -61.5 -59.0 -59.0 -59.0 -58.5 -59.5 -59.5 -59.5 -60.0 -60.0 -59.0 -59.0 -59.0 -58.0 -59.0 -59.0 -63.0 -62.5 -62.0 -61.5 -61.0 -61.5 
6.12365130523948 6.209554229361076 6.129787228391022 0.1043106935762236 6.135923151542564 0.018407769454627694 0.1227184630308513 6.105243535784852 5.927301764390117 6.050020227420969 6.105243535784852 6.1850105367549055 5.859806609723149 6.258641614573416 6.227961998815704 0.01227184630308513 0.2270291566070749 6.1420590746941075 5.773903685601553 5.706408530934585 5.289165756629691 4.718524903536232 5.970253226450915 6.062292073724054 5.8045833013592665 5.712544454086128 5.8659425328746915 5.939573610693203 5.890486225480862 5.8475347634200645 5.6573211457222445 6.043884304269426 2.429825568010856 2.1598449493429825 5.724816300389213 5.491651220630596 5.368932757599744 5.982525072754001 
-73.5 -73.0 -72.0 -71.5 -70.5 -71.5 -69.5 -70.0 -70.5 -70.0 -70.5 -69.5 -70.0 -70.5 -70.0 -70.5 -70.5 -68.5 -66.0 -61.0 -59.0 -63.5 -70.5 -64.0 -63.0 -64.0 -65.5 -64.0 -64.0 -64.0 -64.0 -64.0 -72.0 -64.5 -62.0 -62.5 -63.5 -68.5 
