2.650718801466388 2.718213956133356 2.650718801466388 2.429825568010856 5.8659425328746915 2.675262494072558 2.6445828783148455 2.448233337465483 2.6998061866787286 2.5341362615870793 2.5157284921324514 2.724349879284899 2.60776733940559 2.5464081078901644 2.662990647769473 2.435961491162398 2.5341362615870793 2.521864415283994 2.5034566458293663 3.2827188860752723 3.479068426924634 3.3502140407422405 3.3440781175906977 3.497476196379262 4.1172044346850605 4.074252972624263 3.8717675086233583 3.436116964863836 3.436116964863836 3.2827188860752723 3.834951969714103 3.5158839658338894 3.4606606574700063 3.6201946594101133 3.6876898140770815 3.693825737228624 0.0674951546669682 3.2090878082567613 3.1906800388021335 3.1354567304382504 
-63.5 -64.0 -64.5 -64.0 -65.5 -64.0 -64.5 -64.0 -65.0 -65.0 -64.5 -65.0 -65.0 -65.0 -65.0 -64.0 -64.0 -64.5 -63.0 -63.0 -62.5 -62.5 -64.5 -66.5 -66.5 -66.0 -64.0 -64.0 -64.5 -65.0 -65.0 -64.0 -65.0 -64.5 -67.5 -66.0 -67.5 -64.0 -62.5 -63.0 
2.1782527187976104 2.2580197197676637 2.1046216409791 2.018718716857504 2.2764274892222915 2.2212041808584084 2.282563412373834 2.386874105950058 2.227340104009951 2.2886993355253766 2.3746022596469727 2.2027964114037806 2.1966604882522383 2.4175537217077703 2.2212041808584084 2.2334760271614935 1.9634954084936207 2.1659808724945253 2.086213871524472 2.086213871524472 5.433359950690941 2.2334760271614935 2.337786720737717 2.5034566458293663 2.8102528034064944 3.0066023442558567 0.39269908169872414 3.522019888985432 3.2459033471660166 3.0127382674073995 2.9391071895888885 3.0802334220743677 3.098641191528995 2.9697868053466014 3.0925052683774528 3.2643111166206444 3.5342917352885173 3.4177091954092087 2.6813984172241008 2.337786720737717 2.448233337465483 1.9941750242513334 
-65.0 -65.0 -64.0 -65.0 -66.0 -64.0 -64.5 -65.5 -65.0 -65.5 -64.0 -65.5 -64.5 -64.5 -64.5 -65.5 -64.0 -65.0 -64.0 -63.5 -64.0 -62.0 -62.5 -63.0 -64.0 -64.0 -64.0 -62.0 -61.5 -61.5 -61.5 -62.0 -62.0 -61.0 -62.5 -63.0 -64.0 -66.0 -66.0 -66.0 -66.5 -66.0 
0.44178646691106466 0.4479223900626072 0.4172427743048944 0.4172427743048944 0.4540583132141498 0.4049709280018093 0.42337869745643697 0.4111068511533518 0.3620194659410113 0.36815538909255385 0.380427235395639 0.39269908169872414 0.37429131224409645 0.37429131224409645 0.39269908169872414 0.4111068511533518 0.3988350048502667 0.39269908169872414 0.4356505437595221 0.5092816215780329 0.6289321230331129 0.7424467013366504 0.9940195505498954 1.0492428589137786 1.1106020904292042 1.3928545554001621 1.3744467859455345 0.9510680884890975 0.8897088569736719 0.9694758579437253 0.9203884727313847 0.9265243958829272 0.9142525495798421 0.9265243958829272 0.944932165337555 0.9817477042468103 1.0492428589137786 1.2701360923693108 1.3928545554001621 1.0737865515199487 1.1044661672776617 1.030835089459151 
-51.5 -51.5 -51.5 -52.0 -52.5 -52.0 -52.0 -52.0 -52.0 -52.0 -52.5 -52.0 -52.0 -52.0 -51.5 -51.5 -52.0 -52.0 -51.5 -52.0 -52.5 -52.0 -52.5 -53.5 -55.5 -54.5 -52.0 -51.5 -53.0 -53.5 -53.0 -53.5 -53.5 -53.5 -53.0 -53.0 -53.0 -52.0 -53.5 -53.5 -52.0 -50.5 
0.8713010875190442 0.8897088569736719 0.8344855486097889 0.8344855486097889 0.8651651643675016 0.8835729338221293 0.8774370106705868 0.8467573949128739 0.8835729338221293 0.8835729338221293 0.8897088569736719 0.8283496254582462 0.8283496254582462 0.803805932852076 0.8099418560036186 0.8713010875190442 0.8344855486097889 0.8222137023067037 0.7669903939428205 0.7853981633974483 0.7792622402459057 0.8958447801252144 1.0246991663076084 1.2210487071569704 1.4173982480063325 1.4542137869155878 1.3928545554001621 1.1965050145508 1.1596894756415448 1.214912784005428 1.239456476611598 1.325359400733194 1.3069516312785663 1.2946797849754812 1.2701360923693108 1.2578642460662257 1.2885438618239387 1.3744467859455345 1.5401167110371838 1.4787574795217582 1.4051264017032472 1.3130875544301088 
-53.5 -54.0 -54.0 -54.0 -54.5 -54.0 -54.5 -54.5 -54.5 -54.0 -54.5 -54.5 -54.5 -54.5 -54.5 -54.5 -54.5 -54.5 -54.5 -54.5 -54.0 -53.0 -52.0 -52.0 -51.5 -51.0 -50.0 -50.0 -50.5 -50.5 -50.5 -51.0 -50.5 -50.5 -50.5 -50.5 -50.5 -50.5 -51.5 -53.0 -53.0 -53.0 
1.3499030933393643 1.4480778637640452 1.282407938672396 1.3560390164909069 1.4603497100671303 1.3314953238847365 1.4173982480063325 1.3008157081270237 1.227184630308513 1.282407938672396 1.368310862793992 1.3744467859455345 1.368310862793992 1.3560390164909069 1.380582709097077 1.3130875544301088 1.3069516312785663 1.380582709097077 1.3867186322486196 1.4603497100671303 1.6566992509164924 1.662835174068035 1.902136176978195 1.9205439464328227 1.8346410223112268 1.7119225592803755 1.5278448647340985 1.4726215563702154 1.4971652489763858 1.5953400194010667 1.718058482431918 1.6812429435226628 1.662835174068035 1.6505633277649499 1.662835174068035 1.6873788666742053 1.5892040962495242 1.7732817907958012 1.8960002538266525 2.024854640009046 2.018718716857504 1.859184714917397 
-59.5 -59.5 -60.0 -60.0 -60.5 -60.0 -60.0 -60.0 -59.5 -59.5 -60.0 -60.0 -60.0 -60.0 -60.0 -59.5 -60.0 -59.5 -59.5 -59.5 -58.0 -57.0 -54.5 -53.0 -51.5 -50.0 -51.0 -51.0 -51.5 -53.0 -52.0 -52.0 -52.0 -52.0 -52.0 -52.5 -52.0 -51.0 -51.0 -54.0 -55.0 -55.5 
1.6935147898257479 1.6935147898257479 1.6505633277649499 1.6260196351587797 1.7088545977046044 1.6935147898257479 1.5953400194010667 1.6566992509164924 1.5953400194010667 1.564660403643354 1.6382914814618648 1.533980787885641 1.533980787885641 1.6137477888556946 1.5585244804918115 1.6137477888556946 1.5585244804918115 1.4296700943094176 1.521708941582556 1.5033011721279284 1.607611865704152 1.6137477888556946 1.7978254834019713 1.9389517158874505 1.9389517158874505 1.736466251886546 1.7794177139473437 1.8223691760081417 1.9819031779482483 1.9696313316451632 1.9941750242513334 1.9634954084936207 2.086213871524472 2.0064468705544187 1.9512235621905356 1.9757672547967058 2.0493983326152168 1.9573594853420782 1.9634954084936207 2.0923497946760143 2.0493983326152168 2.055534255766759 
-58.0 -58.0 -58.0 -59.0 -59.0 -58.5 -59.5 -59.0 -59.5 -60.0 -59.5 -59.0 -59.0 -59.0 -59.0 -59.5 -60.0 -60.0 -60.5 -60.0 -60.5 -58.5 -55.5 -54.0 -53.0 -53.0 -55.5 -56.5 -55.5 -55.0 -56.5 -57.0 -56.0 -56.5 -56.5 -55.0 -55.0 -54.5 -53.5 -54.0 -53.5 -54.0 
5.559146375297564 5.540738605842936 5.565282298449106 5.5284667595398505 5.50085510535791 5.553010452146021 5.50392306693368 5.516194913236766 5.50392306693368 5.5100589900852235 5.485515297479052 5.4671075280244255 5.4671075280244255 5.559146375297564 5.565282298449106 5.583690067903734 5.553010452146021 5.368932757599744 5.516194913236766 5.522330836388308 5.399612373357457 5.497787143782138 5.651185222570702 5.675728915176872 5.577554144752192 5.375068680751287 5.368932757599744 5.154175447295755 5.264622064023521 5.313709449235861 5.092816215780329 5.1725832167503825 4.902602598082509 4.902602598082509 5.252350217720435 5.368932757599744 5.338253141842031 5.516194913236766 5.540738605842936 5.921165841238575 5.632777453116074 5.399612373357457 
-62.0 -62.5 -62.5 -63.0 -63.0 -62.0 -62.0 -62.5 -62.5 -62.5 -62.0 -62.5 -62.5 -62.0 -62.5 -62.5 -63.0 -62.5 -62.0 -62.0 -62.5 -61.5 -62.0 -60.5 -59.0 -59.0 -59.5 -58.0 -59.5 -59.5 -59.0 -59.5 -59.5 -60.0 -59.0 -59.5 -59.0 -58.5 -59.0 -59.5 -62.0 -62.5 
5.66959299202533 5.957981380147831 6.12365130523948 6.240233845118788 6.209554229361076 3.2397674240144743 0.0674951546669682 0.0674951546669682 6.025476534814799 0.03681553890925539 5.602097837358362 5.651185222570702 5.5714182216006485 5.135767677841127 6.019340611663256 6.031612457966341 5.841398840268521 5.8475347634200645 5.810719224510809 5.7616318392984684 5.792311455056181 5.841398840268521 5.767767762450011 5.712544454086128 6.000932842208628 2.509592568980909 5.71868037723767 5.816855147662351 5.559146375297564 5.497787143782138 
-72.0 -73.0 -74.0 -74.5 -75.0 -75.5 -76.0 -75.5 -71.5 -67.5 -63.5 -60.5 -59.0 -61.0 -70.0 -63.5 -62.0 -65.0 -64.5 -63.5 -63.5 -64.0 -64.5 -64.5 -64.5 -71.0 -62.5 -61.0 -61.5 -62.5 
