2.662990647769473 2.816388726558037 2.7550294950426117 2.767301341345697 2.8777479580734626 2.7857091108003242 2.693670263527186 2.748893571891069 2.705942109830271 2.773437264497239 2.675262494072558 2.662990647769473 2.6384469551633027 2.6261751088602177 2.6261751088602177 2.6323110320117604 2.767301341345697 2.9145634969827183 3.356349963893783 3.6386024288647407 3.5588354278946874 3.3502140407422405 1.0492428589137786 3.80427235395639 3.8410878928656453 3.9515345095934116 3.9576704327449543 3.5895150436524004 3.479068426924634 0.5829126993965437 3.6201946594101133 3.5465635815916023 3.6386024288647407 4.080388895775806 4.1601558967458585 3.988350048502667 3.650874275167826 3.3072625786814425 3.423845118560751 3.436116964863836 3.018874190558942 2.705942109830271 2.650718801466388 
-62.5 -62.5 -62.5 -63.0 -63.0 -62.5 -63.0 -62.0 -62.5 -62.0 -63.0 -63.0 -63.5 -63.0 -62.5 -62.5 -63.0 -63.5 -63.0 -61.0 -62.5 -66.0 -67.0 -65.0 -65.5 -63.5 -62.5 -64.0 -64.0 -64.5 -64.5 -63.5 -63.0 -65.5 -68.5 -67.0 -63.0 -66.0 -62.5 -62.5 -65.5 -66.0 -66.0 
2.1230294104337273 2.1905245651006955 2.2580197197676637 2.356194490192345 2.2089323345553233 2.2948352586769194 2.3746022596469727 2.36846633649543 2.5341362615870793 2.5034566458293663 2.435961491162398 2.3439226438892597 2.350058567040802 2.5157284921324514 2.356194490192345 2.282563412373834 1.8530487917658545 2.067806102069844 2.2518837966161214 2.454369260617026 2.5586799541932495 3.3440781175906977 3.356349963893783 3.2581751934691017 3.141592653589793 3.000466421104314 2.988194574801229 3.104777114680538 3.074097498922825 3.141592653589793 3.129320807286708 3.2397674240144743 3.3440781175906977 3.067961575771282 2.705942109830271 2.405281875404685 2.282563412373834 2.2150682577068657 2.024854640009046 1.6935147898257479 
-64.0 -63.5 -65.0 -64.5 -65.5 -65.0 -65.0 -65.5 -66.0 -66.0 -66.0 -65.5 -65.0 -66.0 -66.0 -65.0 -64.5 -63.5 -63.0 -64.0 -65.5 -63.5 -63.0 -61.5 -60.0 -62.5 -62.5 -62.5 -62.0 -61.0 -63.0 -63.0 -64.5 -67.0 -65.5 -66.5 -64.0 -63.0 -63.0 -63.5 
0.5829126993965437 0.6135923151542565 0.6749515466696822 0.6013204688511713 0.5890486225480862 0.5460971604872883 0.5092816215780329 0.5399612373357456 0.521553467881118 0.5154175447295755 0.47860200582032003 0.4970097752749477 0.4663301595172349 0.5031456984264903 0.5276893910326605 0.5338253141842031 0.5829126993965437 0.6933593161243098 0.9142525495798421 1.0246991663076084 1.055378782065321 1.1106020904292042 1.4971652489763858 1.1965050145508 1.0062913968529805 0.859029241215959 0.8283496254582462 0.8160777791551611 0.7976700097005334 0.8528933180644165 0.8897088569736719 0.8774370106705868 0.8651651643675016 0.9326603190344698 1.000155473701438 1.2578642460662257 1.3437671701878218 1.043106935762236 1.055378782065321 1.0921943209745766 0.8897088569736719 0.619728238305799 0.5276893910326605 
-50.5 -50.5 -50.5 -50.5 -51.0 -51.0 -51.0 -51.0 -51.5 -51.5 -51.5 -51.5 -51.0 -51.5 -51.0 -51.0 -51.0 -51.5 -51.5 -52.0 -53.0 -55.0 -53.0 -51.0 -51.0 -52.5 -53.5 -53.0 -53.5 -53.5 -54.0 -53.5 -52.5 -52.5 -52.0 -52.0 -53.5 -53.5 -52.5 -50.5 -50.5 -51.0 -52.0 
0.7915340865489908 0.760854470791278 0.7915340865489908 0.8099418560036186 0.7547185476397354 0.8099418560036186 0.7915340865489908 0.803805932852076 0.7976700097005334 0.7915340865489908 0.803805932852076 0.8467573949128739 0.8528933180644165 0.8467573949128739 0.8099418560036186 0.803805932852076 0.7669903939428205 0.8099418560036186 0.8835729338221293 1.0799224746714913 1.2885438618239387 1.533980787885641 1.4726215563702154 1.214912784005428 1.1290098598838318 1.1290098598838318 1.1351457830353744 1.2517283229146832 1.2210487071569704 1.239456476611598 1.184233168247715 1.1719613219446299 1.1965050145508 1.1903690913992575 1.2087768608538851 1.368310862793992 1.3560390164909069 1.4358060174609601 1.3192234775816514 1.1044661672776617 0.9265243958829272 0.7363107781851077 0.7853981633974483 
-53.0 -53.5 -53.5 -53.5 -53.5 -54.0 -54.0 -54.0 -54.0 -54.0 -54.0 -54.0 -54.0 -54.0 -53.5 -53.5 -53.5 -53.0 -52.5 -52.5 -52.5 -53.0 -50.5 -49.5 -49.5 -50.5 -51.0 -51.0 -51.0 -51.0 -51.0 -50.5 -51.0 -50.5 -50.5 -51.0 -51.5 -52.0 -52.5 -52.0 -52.5 -53.5 -53.5 
1.214912784005428 1.3192234775816514 1.2885438618239387 1.2762720155208536 1.337631247036279 1.325359400733194 1.3867186322486196 1.3989904785517047 1.4664856332186729 1.4358060174609601 1.4480778637640452 1.4419419406125027 1.5278448647340985 1.41126232485479 1.41126232485479 1.4848934026733007 1.4173982480063325 1.521708941582556 1.576932249946439 1.761009944492716 1.9144080232812801 2.000310947402876 1.9634954084936207 1.6321555583103222 1.4603497100671303 1.4296700943094176 1.3069516312785663 1.509437095279471 1.5401167110371838 1.4664856332186729 1.4787574795217582 1.5155730184310134 1.5401167110371838 1.6014759425526093 1.4726215563702154 1.4726215563702154 1.6260196351587797 1.6260196351587797 1.8775924843720249 1.8100973297050567 1.7119225592803755 1.576932249946439 1.3928545554001621 1.4787574795217582 
-60.0 -59.5 -60.5 -59.5 -60.0 -60.0 -60.5 -60.5 -60.0 -60.0 -59.5 -60.0 -59.5 -59.0 -59.0 -59.0 -58.5 -59.0 -57.5 -56.0 -54.5 -53.0 -51.0 -50.5 -51.0 -51.5 -51.5 -52.5 -51.5 -51.5 -52.0 -52.0 -51.5 -51.5 -52.0 -51.0 -50.5 -50.5 -53.0 -54.0 -54.5 -57.0 -58.0 -58.5 
1.5585244804918115 1.6260196351587797 1.576932249946439 1.3314953238847365 1.576932249946439 1.6014759425526093 1.6137477888556946 1.6812429435226628 1.607611865704152 1.6566992509164924 1.5830681730979816 1.6751070203711202 1.576932249946439 1.6321555583103222 1.7241944055834606 1.6382914814618648 1.6014759425526093 1.5278448647340985 1.3744467859455345 1.7426021750380885 1.9573594853420782 2.055534255766759 1.9880391010997909 1.4848934026733007 1.7732817907958012 1.8714565612204823 1.8960002538266525 1.7794177139473437 1.9144080232812801 1.8837284075235674 1.8714565612204823 1.9266798695843652 1.8653206380689396 1.705786636128833 1.8714565612204823 1.9082721001297376 1.846912868614312 1.846912868614312 2.000310947402876 2.067806102069844 1.9880391010997909 1.8407769454627694 1.6198837120072371 1.7241944055834606 
-57.0 -57.5 -57.0 -58.0 -57.5 -58.0 -58.0 -58.5 -59.0 -59.0 -60.0 -59.5 -59.5 -59.5 -59.0 -58.5 -60.0 -60.5 -59.5 -57.5 -55.0 -54.0 -52.5 -54.5 -55.5 -56.5 -56.0 -55.5 -56.5 -56.0 -55.0 -55.0 -56.0 -56.5 -54.5 -56.5 -54.5 -54.0 -53.0 -53.0 -53.5 -56.0 -58.0 -58.0 
5.632777453116074 5.595961914206819 5.47937937432751 5.43029198911517 5.553010452146021 5.608233760509904 5.620505606812989 5.559146375297564 5.5714182216006485 5.583690067903734 5.491651220630596 5.5714182216006485 5.534602682691394 5.577554144752192 5.559146375297564 5.522330836388308 5.50392306693368 5.565282298449106 5.5100589900852235 5.675728915176872 5.6573211457222445 5.626641529964532 4.994641445355648 5.2768939103266055 5.098952138931871 4.97623367590102 5.062136600022616 4.743068596142402 4.792155981354743 4.743068596142402 4.853515212870168 4.841243366567084 4.865787059173254 5.148039524144211 5.21553467881118 5.264622064023521 5.448699758569798 5.589825991055276 5.460971604872882 5.2768939103266055 5.178719139901925 5.1725832167503825 5.283029833478148 
-62.0 -62.5 -62.0 -61.5 -61.5 -62.0 -61.5 -61.5 -61.5 -61.5 -61.0 -61.5 -60.5 -60.5 -61.0 -60.0 -60.0 -60.5 -60.5 -60.5 -59.5 -59.0 -58.5 -58.5 -58.5 -60.0 -58.0 -59.5 -60.0 -60.5 -61.0 -60.0 -59.0 -59.0 -58.5 -58.0 -58.5 -59.5 -61.5 -60.5 -60.5 -62.0 -61.5 
2.184388641949153 2.000310947402876 2.8409324191642074 6.135923151542564 5.9518454569962875 5.829126993965437 5.890486225480862 6.12365130523948 5.730952223540755 5.638913376267617 5.632777453116074 5.706408530934585 6.013204688511713 5.663457068873787 5.522330836388308 5.5284667595398505 5.66959299202533 5.651185222570702 5.626641529964532 5.6941366846315 5.6143696836614465 5.675728915176872 6.031612457966341 2.4175537217077703 5.1725832167503825 5.424156065963627 5.64504929941916 5.473243451175968 5.6941366846315 5.411884219660542 5.822991070813893 
-74.0 -75.0 -75.0 -75.5 -74.5 -74.0 -73.0 -70.0 -65.5 -63.0 -60.5 -60.5 -63.5 -61.5 -63.5 -62.0 -62.0 -61.5 -63.0 -62.5 -62.5 -63.0 -64.0 -68.5 -63.0 -60.0 -59.5 -60.5 -66.0 -70.5 -70.0 
