2.791845033951867 2.7979809571034093 2.724349879284899 2.650718801466388 2.6691265709210157 2.7857091108003242 2.6998061866787286 5.872078456026235 2.675262494072558 2.693670263527186 2.7120780329818137 2.693670263527186 2.8654761117703775 2.9759227284981438 0.1718058482431918 3.5833791205008576 3.454524734318464 1.2455923997631406 4.215379205109742 4.104932588381976 4.663301595172349 3.0250101137104846 3.454524734318464 3.6201946594101133 3.141592653589793 3.018874190558942 
-65.5 -65.0 -65.0 -65.5 -65.0 -65.0 -64.0 -66.5 -67.5 -66.5 -67.0 -67.0 -65.5 -69.0 -73.5 -65.0 -68.0 -71.0 -70.5 -67.0 -69.5 -69.5 -67.5 -66.0 -65.5 -65.5 
1.9819031779482483 2.110757564130642 2.141437179888355 2.098485717827557 2.227340104009951 2.172116795646068 2.0493983326152168 2.2518837966161214 2.3193789512830896 2.282563412373834 5.3198453723874035 2.0371264863121317 2.0064468705544187 2.1475731030398975 2.325514874434632 2.454369260617026 2.9575149590435164 3.0495538063166547 2.6875343403756435 2.6323110320117604 2.4911847995262812 2.429825568010856 2.313243028131547 2.435961491162398 2.405281875404685 2.313243028131547 2.4911847995262812 2.773437264497239 5.638913376267617 5.559146375297564 2.061670178918302 2.2150682577068657 2.000310947402876 2.086213871524472 1.88986433067511 1.9696313316451632 1.8714565612204823 1.8223691760081417 1.9205439464328227 1.9082721001297376 
-66.5 -66.0 -65.5 -66.5 -65.5 -65.5 -66.0 -66.0 -66.0 -65.5 -67.0 -64.0 -64.0 -64.5 -64.0 -63.0 -63.5 -61.5 -62.5 -63.5 -62.5 -62.5 -64.0 -64.0 -63.0 -63.0 -64.0 -65.5 -65.5 -64.5 -63.0 -61.0 -61.0 -59.5 -61.0 -60.5 -60.0 -60.0 -59.5 -60.0 
0.5031456984264903 0.48473792897186263 0.47860200582032003 0.5092816215780329 0.5031456984264903 0.5031456984264903 0.4908738521234052 0.4479223900626072 0.4295146206079795 0.44178646691106466 0.4295146206079795 0.4908738521234052 0.4908738521234052 0.5031456984264903 0.6565437772150544 0.8897088569736719 1.043106935762236 1.1780972450961724 1.3744467859455345 1.1965050145508 1.1228739367322893 1.1596894756415448 1.2087768608538851 1.1780972450961724 1.1044661672776617 1.0737865515199487 1.0737865515199487 1.055378782065321 1.1965050145508 1.1167380135807468 1.368310862793992 1.5155730184310134 1.141281706186917 1.0983302441261191 1.227184630308513 1.1044661672776617 0.9817477042468103 0.9387962421860124 0.9019807032767571 0.9572040116406401 0.9510680884890975 0.9265243958829272 
-52.0 -52.5 -52.0 -52.0 -52.0 -52.0 -52.5 -52.5 -52.5 -52.5 -52.0 -52.0 -52.0 -52.0 -52.0 -52.0 -52.5 -53.5 -53.0 -51.5 -52.0 -53.0 -53.0 -53.0 -54.0 -54.0 -54.0 -53.0 -53.0 -53.0 -52.5 -54.0 -54.0 -52.5 -51.5 -50.0 -49.5 -50.0 -50.5 -50.0 -49.5 -49.5 
0.8222137023067037 0.8713010875190442 0.8958447801252144 0.8774370106705868 0.859029241215959 0.9510680884890975 0.8713010875190442 0.8897088569736719 0.9387962421860124 0.8958447801252144 0.944932165337555 0.8528933180644165 0.7853981633974483 0.8099418560036186 0.8406214717613314 0.9510680884890975 1.2026409377023426 1.4542137869155878 1.509437095279471 1.3314953238847365 1.2333205534600555 1.41126232485479 1.3928545554001621 1.380582709097077 1.4910293258248433 1.4787574795217582 1.4173982480063325 1.4173982480063325 1.3744467859455345 1.3928545554001621 1.4603497100671303 1.533980787885641 1.5033011721279284 1.2455923997631406 1.141281706186917 1.0676506283684062 0.9817477042468103 0.8958447801252144 0.9756117810952678 0.9940195505498954 0.9081166264282996 1.0062913968529805 
-53.0 -54.0 -53.5 -53.5 -53.5 -53.5 -54.0 -54.0 -54.0 -53.5 -54.0 -53.5 -54.0 -54.5 -54.0 -53.5 -53.0 -53.0 -51.0 -50.5 -50.5 -51.5 -51.5 -52.0 -52.0 -51.5 -51.5 -52.0 -52.0 -51.5 -51.5 -52.0 -54.0 -53.0 -52.0 -51.5 -51.0 -51.5 -51.5 -51.5 -51.0 -51.5 
1.6014759425526093 1.6382914814618648 1.5953400194010667 1.509437095279471 1.5462526341887264 1.6014759425526093 1.6260196351587797 1.662835174068035 1.5953400194010667 1.6321555583103222 1.5892040962495242 1.5462526341887264 1.4542137869155878 1.3928545554001621 1.4419419406125027 1.6689710972195777 1.8653206380689396 1.9880391010997909 1.902136176978195 1.7241944055834606 1.859184714917397 1.736466251886546 1.8346410223112268 1.859184714917397 1.859184714917397 1.8346410223112268 1.7241944055834606 1.705786636128833 1.7794177139473437 1.705786636128833 1.8775924843720249 1.88986433067511 1.9941750242513334 1.932815792735908 1.7119225592803755 1.4051264017032472 1.2701360923693108 1.184233168247715 1.1535535524900022 1.1903690913992575 1.3437671701878218 1.2701360923693108 
-60.0 -60.5 -60.5 -59.5 -60.0 -59.5 -59.5 -59.5 -59.0 -59.5 -59.5 -60.5 -60.0 -60.5 -59.5 -59.0 -57.0 -55.0 -51.5 -53.0 -51.5 -51.0 -53.5 -53.0 -53.0 -53.5 -53.0 -52.5 -53.0 -52.0 -52.0 -51.5 -56.0 -56.5 -54.5 -55.5 -56.0 -56.5 -57.5 -56.5 -56.5 -56.5 
1.6812429435226628 1.6751070203711202 1.6935147898257479 1.761009944492716 1.6751070203711202 1.7303303287350031 1.7119225592803755 1.7119225592803755 1.6751070203711202 1.761009944492716 1.7119225592803755 1.705786636128833 1.6689710972195777 1.5033011721279284 1.4296700943094176 1.7119225592803755 1.8714565612204823 2.012582793705961 1.7671458676442586 1.9634954084936207 2.12916533358527 2.0493983326152168 2.055534255766759 2.061670178918302 2.012582793705961 2.018718716857504 1.9757672547967058 1.9757672547967058 2.043262409463674 2.1230294104337273 2.024854640009046 2.000310947402876 2.1598449493429825 2.1598449493429825 2.0800779483729293 1.7548740213411735 1.6014759425526093 1.576932249946439 1.705786636128833 1.7119225592803755 1.576932249946439 1.7119225592803755 
-58.0 -58.5 -58.0 -58.0 -58.0 -58.0 -58.5 -59.0 -58.5 -58.5 -59.0 -59.0 -59.0 -60.0 -59.5 -58.0 -57.0 -56.0 -54.5 -56.0 -54.5 -54.0 -54.5 -55.0 -56.0 -55.5 -55.0 -55.0 -54.0 -54.5 -54.0 -54.0 -54.0 -53.5 -53.5 -55.0 -55.5 -55.0 -54.5 -55.0 -55.0 -55.5 
5.5100589900852235 5.626641529964532 5.516194913236766 5.546874528994478 5.540738605842936 5.47937937432751 5.387340527054372 5.47937937432751 5.418020142812084 5.522330836388308 5.460971604872882 5.497787143782138 5.448699758569798 5.411884219660542 5.448699758569798 5.6143696836614465 5.939573610693203 6.037748381117884 5.786175531904639 5.890486225480862 5.8659425328746915 5.595961914206819 5.546874528994478 5.5100589900852235 5.283029833478148 5.516194913236766 5.270757987175063 5.368932757599744 5.675728915176872 5.638913376267617 5.786175531904639 5.64504929941916 6.019340611663256 5.810719224510809 5.583690067903734 5.553010452146021 5.325981295538946 5.418020142812084 5.344389064993574 5.283029833478148 5.221670601962723 5.240078371417351 
-61.5 -62.5 -62.5 -61.5 -62.0 -62.0 -61.5 -62.0 -62.5 -60.5 -62.0 -62.0 -62.0 -62.0 -62.0 -62.5 -61.5 -60.5 -58.0 -59.0 -56.0 -57.0 -57.5 -58.5 -59.5 -60.5 -60.5 -58.5 -57.5 -58.5 -57.0 -57.0 -58.0 -61.0 -60.0 -58.5 -59.0 -58.5 -59.0 -58.5 -59.5 -59.0 
6.234097921967246 6.1420590746941075 6.1850105367549055 6.252505691421874 3.9699422790480394 5.982525072754001 5.957981380147831 5.767767762450011 5.577554144752192 5.945709533844745 5.810719224510809 5.730952223540755 2.8838838812250054 5.8475347634200645 6.068427996875596 5.841398840268521 5.829126993965437 5.638913376267617 2.2334760271614935 
-72.5 -72.5 -73.0 -76.0 -79.0 -63.0 -66.0 -63.5 -67.0 -65.0 -65.5 -62.0 -66.0 -66.5 -63.5 -62.0 -62.0 -61.5 -65.5 
