2.9329712664373457 2.791845033951867 2.718213956133356 2.6998061866787286 2.736621725587984 2.662990647769473 2.6139032625571326 2.6139032625571326 2.705942109830271 2.9513790358919736 2.7979809571034093 2.9820586516496865 2.8409324191642074 2.650718801466388 2.82252464970958 2.8102528034064944 3.0802334220743677 3.0250101137104846 3.3440781175906977 3.650874275167826 3.160000423044421 3.8963112012295285 3.6754179677739964 3.3747577333484107 3.3379421944391554 3.5465635815916023 3.3624858870453256 3.6017868899554855 3.650874275167826 3.80427235395639 3.718369429834794 3.4177091954092087 3.368621810196868 3.3747577333484107 3.56497135104623 3.129320807286708 3.098641191528995 2.8409324191642074 2.767301341345697 2.779573187648782 
-63.0 -63.0 -63.0 -63.5 -62.0 -63.5 -63.0 -62.0 -63.0 -63.0 -62.5 -63.0 -63.0 -63.5 -63.0 -63.0 -62.5 -63.5 -64.0 -63.5 -64.0 -65.5 -67.0 -66.5 -67.0 -68.0 -67.5 -66.0 -65.5 -66.5 -68.5 -69.0 -68.5 -66.5 -64.0 -65.0 -66.0 -65.0 -63.5 -64.5 
1.9819031779482483 1.9634954084936207 1.9880391010997909 2.098485717827557 2.098485717827557 2.0800779483729293 2.1353012567368124 2.0800779483729293 2.110757564130642 2.1046216409791 2.141437179888355 2.067806102069844 2.073942025221387 2.061670178918302 2.061670178918302 1.9573594853420782 2.110757564130642 2.12916533358527 2.2150682577068657 2.386874105950058 2.356194490192345 2.6875343403756435 3.2213596545598464 3.1231848841351653 2.9022916506796332 2.82252464970958 2.748893571891069 2.779573187648782 2.8409324191642074 2.7857091108003242 2.9636508821950587 2.9084275738311756 3.0127382674073995 3.1661363461959633 3.11091303783208 3.1784081924990484 2.730485802436441 2.6016314162540475 2.12916533358527 2.024854640009046 1.9573594853420782 
-65.0 -64.5 -65.5 -65.0 -65.0 -65.0 -65.5 -64.5 -64.5 -64.5 -65.5 -64.0 -64.5 -64.5 -64.0 -64.0 -63.5 -64.0 -63.5 -64.0 -64.5 -64.5 -64.0 -63.5 -62.5 -62.5 -62.5 -63.5 -61.5 -61.5 -62.0 -64.0 -63.5 -64.5 -65.0 -65.0 -66.0 -64.5 -64.5 -62.5 -63.0 
0.705631162427395 0.662679700366597 0.6810874698212247 0.662679700366597 0.6504078540635119 0.6933593161243098 0.6749515466696822 0.6565437772150544 0.662679700366597 0.6810874698212247 0.6749515466696822 0.7117670855789375 0.7117670855789375 0.6994952392758523 0.662679700366597 0.705631162427395 0.6565437772150544 0.7976700097005334 0.8835729338221293 1.0062913968529805 0.9817477042468103 1.000155473701438 1.2578642460662257 1.368310862793992 1.2517283229146832 1.0737865515199487 1.0492428589137786 0.9694758579437253 0.8897088569736719 0.9326603190344698 0.9694758579437253 1.0246991663076084 0.9572040116406401 0.9265243958829272 1.0615147052168636 1.184233168247715 1.086058397823034 1.2517283229146832 1.1106020904292042 1.1351457830353744 1.0062913968529805 0.8467573949128739 0.7547185476397354 
-49.5 -49.5 -49.5 -49.5 -50.0 -50.0 -50.0 -50.0 -50.0 -50.0 -49.5 -49.5 -49.5 -49.5 -49.5 -49.5 -49.5 -49.5 -49.5 -50.5 -52.5 -54.5 -56.0 -53.5 -52.0 -52.5 -54.0 -54.0 -54.5 -54.5 -54.0 -54.5 -54.0 -53.0 -52.0 -53.5 -53.5 -53.0 -54.5 -53.0 -51.5 -51.0 -50.5 
0.7976700097005334 0.7976700097005334 0.803805932852076 0.7853981633974483 0.7976700097005334 0.7853981633974483 0.7424467013366504 0.7669903939428205 0.7485826244881929 0.7792622402459057 0.7731263170943632 0.7731263170943632 0.7547185476397354 0.7485826244881929 0.7915340865489908 0.7669903939428205 0.8099418560036186 0.7976700097005334 0.8467573949128739 1.000155473701438 1.2026409377023426 1.380582709097077 1.5953400194010667 1.521708941582556 1.3744467859455345 1.3314953238847365 1.3069516312785663 1.3314953238847365 1.3499030933393643 1.2578642460662257 1.2517283229146832 1.3560390164909069 1.3560390164909069 1.3192234775816514 1.325359400733194 1.3928545554001621 1.3867186322486196 1.4173982480063325 1.4971652489763858 1.564660403643354 1.184233168247715 0.9694758579437253 0.7669903939428205 
-52.5 -53.0 -53.0 -53.5 -53.0 -53.5 -53.5 -53.5 -53.0 -53.5 -53.0 -53.0 -53.0 -53.0 -53.0 -52.5 -53.0 -52.5 -52.0 -52.0 -53.0 -53.5 -52.5 -51.5 -50.5 -51.0 -51.0 -51.0 -51.0 -51.5 -51.5 -51.5 -51.0 -51.0 -50.5 -51.0 -51.0 -51.5 -52.5 -53.0 -53.0 -52.5 -53.0 
1.2885438618239387 1.239456476611598 1.2701360923693108 1.227184630308513 1.2517283229146832 1.2762720155208536 1.1719613219446299 1.2333205534600555 1.2517283229146832 1.2210487071569704 1.2333205534600555 1.1596894756415448 1.1965050145508 1.2578642460662257 1.1719613219446299 1.2885438618239387 1.2517283229146832 1.5707963267948966 1.8100973297050567 2.110757564130642 2.1475731030398975 1.9880391010997909 1.8039614065535141 1.7671458676442586 1.7426021750380885 1.6260196351587797 1.8100973297050567 1.7732817907958012 1.7855536370988863 1.8039614065535141 1.761009944492716 1.8653206380689396 1.7732817907958012 1.6935147898257479 1.7426021750380885 1.846912868614312 1.8407769454627694 2.030990563160589 2.0923497946760143 1.8162332528565992 1.509437095279471 1.3192234775816514 
-59.0 -58.5 -58.5 -59.0 -59.0 -59.0 -59.0 -59.0 -58.5 -59.0 -59.0 -58.5 -59.0 -59.0 -59.0 -58.5 -58.5 -58.0 -57.5 -56.5 -55.0 -51.0 -51.5 -53.0 -52.0 -54.0 -54.0 -53.5 -53.5 -53.5 -53.5 -53.0 -53.0 -53.5 -52.0 -52.5 -52.5 -54.0 -55.5 -57.0 -59.5 -59.0 
1.5278448647340985 1.509437095279471 1.4726215563702154 1.5155730184310134 1.4664856332186729 1.552388557340269 1.6260196351587797 1.5462526341887264 1.564660403643354 1.5155730184310134 1.5155730184310134 1.4726215563702154 1.4910293258248433 1.4787574795217582 1.4848934026733007 1.5033011721279284 1.4542137869155878 1.3499030933393643 1.4910293258248433 1.7303303287350031 1.9941750242513334 2.086213871524472 1.9819031779482483 1.6751070203711202 1.9819031779482483 2.0800779483729293 2.1537090261914402 2.000310947402876 2.0923497946760143 2.073942025221387 2.0800779483729293 2.1475731030398975 2.116893487282185 2.1537090261914402 2.0064468705544187 2.086213871524472 2.086213871524472 2.098485717827557 2.0064468705544187 2.2764274892222915 1.8714565612204823 1.6812429435226628 1.3560390164909069 
-57.5 -58.0 -57.5 -57.0 -57.5 -57.5 -57.0 -57.0 -58.0 -57.5 -56.5 -57.5 -56.5 -57.0 -56.5 -56.5 -57.5 -57.0 -57.0 -56.5 -56.5 -55.0 -53.5 -54.5 -55.5 -56.5 -55.5 -56.5 -56.5 -56.0 -55.5 -55.5 -55.5 -56.5 -56.5 -55.5 -55.0 -55.5 -55.0 -55.0 -57.0 -58.0 -59.0 
5.301437602932776 5.411884219660542 5.45483568172134 5.368932757599744 5.3198453723874035 5.418020142812084 5.411884219660542 5.332117218690489 5.411884219660542 5.332117218690489 5.283029833478148 5.252350217720435 5.356660911296659 5.405748296509 5.332117218690489 5.368932757599744 5.405748296509 5.491651220630596 5.424156065963627 5.5714182216006485 5.743224069843841 5.994796919057086 5.9518454569962875 5.755495916146925 5.71868037723767 5.497787143782138 5.473243451175968 5.3627968344482015 5.307573526084319 5.252350217720435 5.3627968344482015 5.399612373357457 5.252350217720435 5.209398755659637 5.264622064023521 5.381204603902829 5.730952223540755 5.700272607783043 5.988660995905543 5.780039608753096 5.700272607783043 5.595961914206819 5.534602682691394 
-62.5 -62.5 -62.5 -62.0 -62.0 -62.5 -62.0 -62.5 -61.5 -61.5 -62.5 -62.5 -62.5 -62.0 -62.5 -62.5 -61.0 -62.0 -61.0 -62.5 -62.0 -61.0 -58.0 -59.5 -58.5 -59.5 -60.5 -60.0 -61.5 -61.0 -61.5 -61.0 -60.5 -60.5 -59.5 -58.0 -57.5 -59.0 -58.5 -61.0 -60.5 -60.5 -61.5 
1.1903690913992575 1.3560390164909069 1.2333205534600555 1.3621749396424494 1.41126232485479 4.485359823777615 1.2517283229146832 1.325359400733194 4.06811704947272 4.614214209960009 1.2762720155208536 5.123495831538041 2.724349879284899 5.4671075280244255 1.8714565612204823 3.1906800388021335 5.71868037723767 5.773903685601553 5.872078456026235 5.829126993965437 5.884350302329319 5.8475347634200645 6.000932842208628 5.982525072754001 5.816855147662351 5.675728915176872 2.497320722677824 5.497787143782138 5.424156065963627 5.350524988145116 5.197126909356553 1.3130875544301088 
-73.5 -73.5 -75.0 -75.0 -75.0 -71.5 -72.5 -73.0 -72.0 -71.0 -72.0 -67.5 -64.0 -61.5 -71.0 -70.0 -64.5 -66.5 -66.0 -64.0 -66.0 -66.0 -65.0 -65.0 -66.5 -65.5 -72.5 -64.5 -62.5 -61.0 -65.5 -73.0 
