2.9759227284981438 2.84706834231575 6.209554229361076 3.1354567304382504 0.01227184630308513 3.749049045592507 6.240233845118788 6.215690152512618 3.0250101137104846 6.215690152512618 2.9391071895888885 1.1290098598838318 0.7915340865489908 3.650874275167826 3.172272269347506 2.6875343403756435 2.5341362615870793 2.5709518004963345 2.724349879284899 2.9145634969827183 2.9206994201342606 2.791845033951867 2.8532042654672924 2.497320722677824 2.521864415283994 3.000466421104314 0.01227184630308513 3.129320807286708 3.650874275167826 2.429825568010856 2.9391071895888885 2.773437264497239 2.9513790358919736 2.779573187648782 2.9145634969827183 2.9084275738311756 2.6998061866787286 
-68.5 -66.0 -69.0 -68.5 -69.5 -68.5 -70.0 -70.0 -66.5 -70.0 -69.0 -70.0 -67.0 -65.0 -62.5 -64.5 -64.5 -68.0 -68.0 -69.0 -68.0 -67.5 -66.5 -66.5 -66.5 -65.0 -67.0 -65.5 -66.5 -70.0 -69.0 -67.5 -67.0 -66.5 -68.0 -67.5 -69.0 
1.5401167110371838 1.8285050991596843 1.4910293258248433 1.6321555583103222 1.564660403643354 1.521708941582556 1.607611865704152 1.5278448647340985 1.6321555583103222 1.564660403643354 1.6198837120072371 1.509437095279471 1.5278448647340985 1.4542137869155878 1.4296700943094176 1.3989904785517047 1.4910293258248433 4.3074180523828804 0.9510680884890975 1.086058397823034 5.178719139901925 2.521864415283994 2.227340104009951 2.1230294104337273 1.8775924843720249 2.0064468705544187 2.1230294104337273 2.184388641949153 2.110757564130642 2.110757564130642 2.1353012567368124 2.1905245651006955 1.761009944492716 1.4296700943094176 1.4542137869155878 1.4664856332186729 1.521708941582556 1.6137477888556946 1.5155730184310134 1.4910293258248433 1.5585244804918115 1.5462526341887264 1.4971652489763858 1.6505633277649499 1.4419419406125027 1.5155730184310134 
-61.5 -62.5 -62.5 -63.0 -61.5 -62.5 -62.5 -62.0 -62.5 -63.0 -62.0 -61.5 -62.0 -61.5 -61.5 -62.0 -62.0 -64.0 -62.5 -64.5 -69.5 -66.5 -63.5 -62.0 -61.5 -61.5 -60.5 -60.0 -60.0 -60.5 -61.5 -63.5 -62.5 -61.5 -60.5 -60.5 -61.0 -61.5 -60.5 -60.0 -60.0 -60.5 -61.0 -61.0 -61.0 -61.5 
1.012427320004523 1.055378782065321 1.0246991663076084 1.0185632431560658 1.030835089459151 1.0062913968529805 1.0492428589137786 1.0492428589137786 1.012427320004523 1.030835089459151 1.0062913968529805 1.043106935762236 0.9940195505498954 1.0369710126106935 1.0369710126106935 1.043106935762236 1.0369710126106935 1.055378782065321 1.1228739367322893 1.0676506283684062 1.1658253987930873 1.1351457830353744 1.1535535524900022 1.1965050145508 1.0799224746714913 0.9940195505498954 1.043106935762236 0.9878836273983529 1.030835089459151 1.0062913968529805 1.0799224746714913 1.2210487071569704 1.2210487071569704 1.0615147052168636 0.9817477042468103 1.0799224746714913 1.1596894756415448 1.1474176293384597 1.0983302441261191 1.141281706186917 1.1596894756415448 1.0983302441261191 1.1106020904292042 1.1044661672776617 1.0983302441261191 1.086058397823034 
-49.0 -49.0 -49.0 -49.0 -49.5 -49.0 -49.5 -49.5 -49.5 -49.5 -49.5 -49.5 -49.5 -49.5 -49.5 -49.5 -49.0 -48.5 -50.0 -50.0 -50.0 -50.0 -51.0 -52.0 -52.0 -52.5 -53.0 -54.0 -54.0 -54.0 -53.0 -52.5 -53.5 -53.5 -52.0 -50.0 -50.0 -49.5 -49.0 -48.5 -49.0 -49.0 -49.0 -49.0 -49.5 -49.0 
1.141281706186917 1.1474176293384597 1.1106020904292042 1.0921943209745766 1.0921943209745766 1.1290098598838318 1.1106020904292042 1.1167380135807468 1.1106020904292042 1.1290098598838318 1.1167380135807468 1.1044661672776617 1.1535535524900022 1.1106020904292042 1.1351457830353744 1.141281706186917 1.0676506283684062 1.0062913968529805 1.227184630308513 1.2640001692177683 1.2026409377023426 1.1965050145508 1.4603497100671303 1.521708941582556 1.533980787885641 1.533980787885641 1.4787574795217582 1.4787574795217582 1.4971652489763858 1.6137477888556946 1.3989904785517047 1.4480778637640452 1.576932249946439 1.509437095279471 1.423534171157875 1.2885438618239387 1.0492428589137786 1.086058397823034 1.0369710126106935 1.0676506283684062 1.1167380135807468 1.1474176293384597 1.184233168247715 1.1474176293384597 1.1596894756415448 1.1351457830353744 
-50.0 -50.5 -50.0 -50.0 -49.5 -49.5 -50.0 -50.0 -50.0 -50.0 -50.0 -50.0 -50.0 -50.0 -50.0 -50.0 -50.5 -51.5 -51.0 -50.0 -49.5 -51.0 -51.0 -51.0 -51.5 -51.5 -52.0 -51.5 -52.0 -52.0 -52.5 -51.0 -52.0 -53.0 -53.0 -53.5 -52.5 -52.5 -51.5 -51.0 -51.0 -51.0 -50.5 -50.5 -50.5 -51.0 
1.3989904785517047 1.2885438618239387 1.3192234775816514 1.337631247036279 1.325359400733194 1.3560390164909069 1.3744467859455345 1.3192234775816514 1.3621749396424494 1.3499030933393643 1.3192234775816514 1.368310862793992 1.3989904785517047 1.380582709097077 1.337631247036279 1.325359400733194 1.4603497100671303 1.7916895602504288 1.7732817907958012 1.6935147898257479 1.662835174068035 1.7916895602504288 1.7916895602504288 1.9880391010997909 2.067806102069844 2.0800779483729293 2.12916533358527 2.141437179888355 2.1782527187976104 2.073942025221387 1.9634954084936207 2.000310947402876 2.1475731030398975 2.2334760271614935 2.2027964114037806 2.030990563160589 1.8162332528565992 1.5892040962495242 1.533980787885641 1.552388557340269 1.564660403643354 1.5401167110371838 1.4542137869155878 1.4971652489763858 1.509437095279471 
-50.0 -50.0 -49.5 -50.0 -49.5 -50.0 -49.5 -50.0 -49.5 -49.5 -49.5 -49.5 -49.5 -49.5 -49.5 -50.0 -52.0 -49.5 -48.0 -47.5 -49.0 -48.5 -49.5 -51.0 -50.0 -50.0 -50.0 -51.0 -51.5 -51.5 -51.5 -48.5 -48.0 -50.0 -51.5 -52.0 -52.5 -52.5 -52.0 -50.5 -50.5 -50.0 -49.5 -50.0 -49.5 
1.7978254834019713 1.7916895602504288 1.7794177139473437 1.7732817907958012 1.7426021750380885 1.7671458676442586 1.7732817907958012 1.8100973297050567 1.7548740213411735 1.7671458676442586 1.7855536370988863 1.8100973297050567 1.7855536370988863 1.7978254834019713 1.7855536370988863 1.7548740213411735 1.7855536370988863 2.055534255766759 2.0800779483729293 2.073942025221387 2.2518837966161214 2.2027964114037806 2.3071071049800045 2.36846633649543 2.423689644859313 2.454369260617026 2.5157284921324514 2.5034566458293663 2.4605051837685683 2.454369260617026 2.478912953223196 2.3193789512830896 2.2886993355253766 2.5893595699509624 2.6323110320117604 2.386874105950058 1.9082721001297376 1.8346410223112268 1.8653206380689396 1.8775924843720249 1.88986433067511 1.8960002538266525 1.8960002538266525 1.8653206380689396 1.8714565612204823 
-51.0 -50.5 -50.5 -50.5 -50.5 -50.5 -50.5 -50.5 -50.5 -50.5 -50.0 -50.0 -50.0 -50.5 -50.5 -51.5 -53.5 -52.0 -51.5 -52.5 -53.0 -52.0 -51.5 -52.0 -52.5 -52.5 -53.0 -53.5 -53.5 -52.5 -53.0 -54.5 -51.5 -52.0 -54.0 -56.5 -56.0 -54.5 -53.5 -52.0 -51.5 -51.0 -51.0 -51.0 -51.0 
5.117359908386499 5.0682725231741586 5.203262832508095 5.049864753719531 5.013049214810275 5.056000676871073 4.994641445355648 4.963961829597935 5.0253210611133605 5.080544369477243 5.0253210611133605 4.908738521234052 5.037592907416445 5.019185137961818 5.013049214810275 5.313709449235861 5.105088062083414 6.019340611663256 5.8045833013592665 5.50392306693368 5.66959299202533 5.589825991055276 6.000932842208628 5.982525072754001 5.859806609723149 5.841398840268521 5.976389149602458 6.080699843178682 5.921165841238575 6.062292073724054 5.50392306693368 5.780039608753096 0.09817477042468103 0.006135923151542565 6.0991076126333095 6.129787228391022 5.6941366846315 5.1725832167503825 5.037592907416445 5.111223985234957 4.933282213840222 5.0682725231741586 4.828971520263998 4.871922982324796 
-64.0 -62.5 -63.5 -63.0 -63.5 -64.0 -64.0 -64.0 -63.0 -63.0 -63.0 -63.5 -63.0 -63.0 -63.5 -63.5 -65.0 -61.0 -57.0 -58.0 -57.0 -59.5 -58.5 -58.0 -59.0 -59.0 -59.0 -58.5 -60.0 -59.5 -58.5 -56.0 -57.5 -58.0 -59.5 -59.5 -64.5 -65.5 -65.0 -65.0 -63.5 -63.5 -64.0 -63.5 
5.45483568172134 5.289165756629691 5.283029833478148 5.221670601962723 5.5714182216006485 5.252350217720435 5.381204603902829 5.3198453723874035 5.240078371417351 5.264622064023521 5.602097837358362 5.368932757599744 5.338253141842031 5.338253141842031 5.166447293598839 5.418020142812084 5.872078456026235 5.921165841238575 0.15339807878856412 6.019340611663256 5.976389149602458 0.380427235395639 0.0859029241215959 0.07976700097005335 0.030679615757712823 0.14112623248547898 0.2454369260617026 5.810719224510809 0.2761165418194154 5.829126993965437 6.092971689481767 0.2761165418194154 6.234097921967246 4.663301595172349 5.105088062083414 5.0253210611133605 5.129631754689584 5.129631754689584 5.209398755659637 
-63.0 -64.0 -63.0 -62.5 -63.5 -62.0 -62.5 -62.5 -63.0 -62.5 -62.0 -62.0 -62.0 -62.0 -62.5 -65.0 -61.5 -64.5 -65.5 -60.5 -64.5 -64.5 -62.5 -62.5 -62.5 -63.0 -65.0 -69.0 -66.0 -67.0 -62.5 -64.5 -71.5 -70.5 -67.0 -65.5 -64.5 -64.0 -63.5 
