2.804116880254952 2.8409324191642074 2.8838838812250054 2.890019804376548 3.0127382674073995 2.8286605728611223 2.8654761117703775 2.8961557275280905 3.043417883165112 2.9636508821950587 3.0127382674073995 2.9513790358919736 3.0802334220743677 2.8102528034064944 2.8102528034064944 2.773437264497239 2.7979809571034093 3.184544115650591 3.2704470397721868 3.3870295796514958 2.9943304979527716 3.6017868899554855 3.847223816017188 3.8840393549264434 4.319689898685965 3.5833791205008576 3.356349963893783 3.4054373491061236 3.4606606574700063 3.3379421944391554 3.472932503773092 3.816544200259475 3.706097583531709 3.6815538909255388 3.3379421944391554 3.2643111166206444 2.8961557275280905 2.5341362615870793 2.6813984172241008 2.6691265709210157 2.5341362615870793 
-62.5 -62.5 -63.5 -63.0 -61.5 -63.0 -62.0 -63.0 -63.5 -63.5 -64.0 -64.0 -64.0 -64.5 -61.5 -63.0 -63.5 -64.0 -65.0 -64.5 -67.0 -64.5 -65.5 -66.5 -65.5 -64.5 -63.5 -64.0 -63.0 -61.5 -62.0 -65.0 -65.5 -65.5 -65.0 -61.5 -63.0 -65.0 -66.5 -66.5 -65.0 
1.8714565612204823 1.9205439464328227 1.9389517158874505 1.9880391010997909 1.9941750242513334 1.8714565612204823 1.9266798695843652 1.8837284075235674 1.9205439464328227 5.111223985234957 1.945087639038993 1.932815792735908 1.9512235621905356 1.932815792735908 1.932815792735908 2.067806102069844 2.141437179888355 2.3623304133438876 2.435961491162398 2.6691265709210157 3.129320807286708 3.031146036862027 3.067961575771282 3.018874190558942 2.9022916506796332 2.890019804376548 2.9820586516496865 2.9943304979527716 3.2581751934691017 3.393165502803038 3.2581751934691017 2.9575149590435164 2.423689644859313 1.9205439464328227 1.9634954084936207 2.067806102069844 2.2457478734645786 2.1230294104337273 2.1905245651006955 
-64.0 -63.5 -64.5 -63.0 -64.0 -63.0 -63.0 -63.0 -63.0 -64.0 -63.5 -63.0 -63.5 -64.0 -62.5 -63.5 -63.0 -63.0 -64.5 -65.0 -64.0 -63.0 -63.0 -62.0 -62.0 -61.0 -61.0 -62.5 -63.0 -64.0 -65.0 -66.5 -65.0 -64.5 -64.0 -65.0 -66.0 -65.0 -64.5 
0.803805932852076 0.8222137023067037 0.8283496254582462 0.8344855486097889 0.8160777791551611 0.8651651643675016 0.8713010875190442 0.859029241215959 0.8160777791551611 0.8406214717613314 0.8099418560036186 0.8283496254582462 0.8222137023067037 0.803805932852076 0.7915340865489908 0.7792622402459057 0.8222137023067037 0.8835729338221293 1.0369710126106935 1.086058397823034 1.1290098598838318 1.4051264017032472 1.3192234775816514 1.1351457830353744 0.9756117810952678 0.9265243958829272 0.859029241215959 0.8344855486097889 0.9019807032767571 0.8406214717613314 0.8897088569736719 0.9756117810952678 1.1474176293384597 1.3499030933393643 1.1167380135807468 1.0246991663076084 0.7915340865489908 0.48473792897186263 0.4049709280018093 0.380427235395639 0.3988350048502667 0.36815538909255385 
-50.0 -50.0 -49.5 -49.5 -49.5 -49.5 -49.0 -49.0 -49.0 -49.5 -49.5 -49.5 -49.5 -49.5 -49.5 -50.0 -50.0 -51.0 -52.0 -53.5 -55.0 -54.0 -52.0 -52.0 -52.5 -53.0 -54.0 -54.0 -54.0 -54.0 -53.0 -53.0 -52.0 -53.5 -54.5 -52.5 -52.0 -52.0 -53.0 -53.5 -52.5 -52.5 
0.8099418560036186 0.8467573949128739 0.8406214717613314 0.8099418560036186 0.8099418560036186 0.7485826244881929 0.8528933180644165 0.8344855486097889 0.8344855486097889 0.8222137023067037 0.8467573949128739 0.859029241215959 0.859029241215959 0.8406214717613314 0.859029241215959 0.8099418560036186 0.7853981633974483 0.803805932852076 0.9694758579437253 1.2455923997631406 1.4603497100671303 1.423534171157875 1.3192234775816514 1.2578642460662257 1.227184630308513 1.1290098598838318 1.2640001692177683 1.1903690913992575 1.1596894756415448 1.1658253987930873 1.1351457830353744 1.1596894756415448 1.2578642460662257 1.2517283229146832 1.3621749396424494 1.2885438618239387 0.9572040116406401 0.8222137023067037 0.7669903939428205 0.7976700097005334 0.7792622402459057 0.7547185476397354 
-52.5 -52.5 -52.5 -52.0 -52.0 -51.5 -51.5 -51.5 -51.5 -51.5 -52.0 -52.0 -52.0 -52.0 -52.0 -52.0 -52.0 -51.5 -52.0 -52.0 -52.0 -51.0 -50.5 -50.5 -50.0 -51.0 -51.0 -51.0 -51.0 -51.0 -50.5 -50.5 -51.0 -51.0 -51.0 -52.0 -52.5 -53.5 -54.0 -54.0 -54.5 -54.0 
1.2026409377023426 1.3192234775816514 1.1658253987930873 1.2026409377023426 1.227184630308513 1.1167380135807468 1.2517283229146832 1.184233168247715 1.2640001692177683 1.2517283229146832 1.282407938672396 1.2333205534600555 1.2946797849754812 1.3008157081270237 1.2640001692177683 1.3314953238847365 1.3130875544301088 1.6689710972195777 1.8714565612204823 2.067806102069844 1.945087639038993 1.6873788666742053 1.5892040962495242 1.552388557340269 1.423534171157875 1.509437095279471 1.5155730184310134 1.4910293258248433 1.4542137869155878 1.4848934026733007 1.4726215563702154 1.3928545554001621 1.5462526341887264 1.5707963267948966 1.8162332528565992 1.8100973297050567 1.6996507129772904 1.5462526341887264 1.564660403643354 1.6198837120072371 1.423534171157875 1.5462526341887264 
-58.0 -58.5 -58.5 -58.5 -58.0 -58.0 -58.0 -58.0 -58.0 -58.0 -58.0 -58.0 -58.0 -58.5 -58.5 -58.0 -58.5 -57.5 -56.5 -55.0 -52.0 -50.5 -51.0 -51.0 -52.0 -53.0 -52.5 -52.5 -53.0 -52.0 -53.0 -52.0 -51.0 -51.0 -51.5 -53.5 -55.0 -58.0 -58.0 -58.0 -58.5 -58.5 
1.5953400194010667 1.5953400194010667 1.6566992509164924 1.5892040962495242 1.6505633277649499 1.6260196351587797 1.6137477888556946 1.607611865704152 1.5707963267948966 1.5892040962495242 1.5830681730979816 1.564660403643354 1.5585244804918115 1.607611865704152 1.5707963267948966 1.6014759425526093 1.5278448647340985 1.6751070203711202 1.9144080232812801 2.116893487282185 2.043262409463674 1.8407769454627694 1.8285050991596843 1.8100973297050567 1.945087639038993 1.945087639038993 1.9696313316451632 2.000310947402876 1.9696313316451632 2.000310947402876 1.8407769454627694 1.9082721001297376 1.8162332528565992 1.8407769454627694 1.9082721001297376 1.9696313316451632 1.8714565612204823 1.7241944055834606 1.7119225592803755 1.7732817907958012 1.6873788666742053 1.7426021750380885 
-56.0 -55.5 -55.5 -55.5 -56.0 -55.5 -56.0 -55.0 -55.5 -55.5 -55.5 -55.5 -55.5 -55.5 -56.0 -57.0 -57.0 -56.5 -55.0 -54.0 -53.0 -53.5 -54.5 -55.5 -56.0 -56.0 -57.0 -56.0 -56.0 -56.5 -57.0 -56.0 -55.0 -54.5 -54.0 -53.0 -54.5 -58.5 -58.5 -58.0 -57.5 -57.5 
5.356660911296659 5.338253141842031 5.325981295538946 5.350524988145116 5.3627968344482015 5.368932757599744 5.2768939103266055 5.313709449235861 5.270757987175063 5.246214294568893 5.307573526084319 5.289165756629691 5.307573526084319 5.375068680751287 5.338253141842031 5.418020142812084 5.460971604872882 5.522330836388308 5.47937937432751 5.663457068873787 5.755495916146925 5.393476450205914 5.338253141842031 5.283029833478148 5.166447293598839 5.5714182216006485 4.97623367590102 5.049864753719531 4.97623367590102 5.240078371417351 4.957825906446392 5.049864753719531 5.166447293598839 5.154175447295755 5.64504929941916 5.338253141842031 4.988505522204105 5.013049214810275 5.141903600992669 5.2768939103266055 5.227806525114265 5.307573526084319 
-60.5 -61.5 -62.5 -61.5 -60.5 -60.0 -60.0 -60.5 -61.5 -61.0 -61.0 -61.0 -61.0 -61.5 -61.5 -60.5 -61.0 -61.0 -62.5 -61.0 -59.5 -59.0 -59.5 -58.5 -60.0 -60.5 -60.5 -61.0 -60.5 -60.5 -60.0 -60.0 -59.0 -59.5 -59.5 -63.0 -62.5 -62.0 -62.0 -62.0 -63.0 -62.0 
5.043728830567988 4.9823695990525625 4.865787059173254 1.7794177139473437 1.7978254834019713 4.841243366567084 4.884194828627882 1.7548740213411735 4.81056375080937 4.908738521234052 1.8837284075235674 5.706408530934585 5.595961914206819 5.8659425328746915 5.546874528994478 5.037592907416445 5.755495916146925 5.7616318392984684 5.982525072754001 5.632777453116074 5.737088146692298 5.8475347634200645 5.700272607783043 5.786175531904639 0.17794177139473438 5.516194913236766 5.712544454086128 6.080699843178682 6.209554229361076 6.037748381117884 6.025476534814799 6.000932842208628 
-69.5 -69.0 -68.0 -69.0 -68.5 -67.5 -69.0 -68.5 -68.0 -69.5 -73.0 -67.5 -64.5 -61.0 -60.0 -62.5 -62.5 -64.0 -64.0 -62.0 -62.0 -63.0 -63.5 -62.0 -67.0 -62.0 -65.0 -69.0 -70.5 -65.5 -69.5 -68.0 
