2.748893571891069 2.6813984172241008 2.779573187648782 2.736621725587984 2.6016314162540475 2.6323110320117604 2.724349879284899 2.890019804376548 2.6998061866787286 2.804116880254952 2.5341362615870793 2.742757648739526 2.761165418194154 2.693670263527186 2.736621725587984 2.705942109830271 2.736621725587984 2.834796496012665 3.0802334220743677 3.3195344249845276 3.479068426924634 1.227184630308513 4.09266074207889 3.9208548938356986 3.6692820446224537 3.54042765844006 3.436116964863836 3.356349963893783 3.479068426924634 3.6386024288647407 3.859495662320273 0.5890486225480862 3.3072625786814425 3.56497135104623 3.6692820446224537 4.196971435655114 2.82252464970958 6.013204688511713 2.761165418194154 2.84706834231575 
-64.5 -64.5 -64.0 -64.0 -65.0 -64.0 -64.0 -64.5 -65.0 -64.5 -65.5 -65.0 -65.5 -65.0 -65.0 -65.5 -66.5 -65.0 -65.0 -65.0 -64.0 -67.0 -64.5 -63.5 -61.0 -62.5 -63.0 -63.0 -63.0 -63.5 -64.5 -66.5 -65.5 -64.0 -64.0 -64.5 -63.5 -65.0 -64.5 -64.0 
2.2641556429192065 2.448233337465483 2.282563412373834 2.552544031041707 2.5341362615870793 2.405281875404685 2.6139032625571326 2.5402721847386216 2.5034566458293663 2.5893595699509624 2.5709518004963345 2.4911847995262812 2.4850488763747385 2.5157284921324514 2.448233337465483 2.5341362615870793 2.509592568980909 2.386874105950058 2.061670178918302 2.1475731030398975 2.509592568980909 2.748893571891069 3.2090878082567613 3.2459033471660166 3.0925052683774528 2.9575149590435164 2.82252464970958 2.8532042654672924 2.9329712664373457 3.0372819600135696 3.11091303783208 3.11091303783208 3.2459033471660166 6.025476534814799 2.2089323345553233 2.141437179888355 2.0493983326152168 2.018718716857504 1.846912868614312 1.923611908008594 1.859184714917397 1.7855536370988863 1.8285050991596843 
-65.0 -65.5 -64.5 -65.0 -64.5 -64.5 -65.0 -65.5 -65.0 -65.0 -64.5 -64.5 -66.0 -65.5 -64.0 -64.5 -64.5 -66.0 -64.0 -63.5 -62.5 -61.5 -62.0 -61.0 -61.0 -60.5 -61.0 -60.5 -62.0 -62.0 -62.5 -63.0 -64.0 -67.0 -64.0 -62.5 -62.5 -61.5 -61.0 -62.5 -62.5 -61.5 -61.5 
0.3313398501832985 0.3313398501832985 0.28838838812250056 0.3129320807286708 0.28225246497095796 0.28838838812250056 0.2699806186678728 0.25770877236478773 0.2761165418194154 0.2761165418194154 0.2638446955163303 0.25157284921324513 0.2638446955163303 0.28225246497095796 0.30066023442558565 0.3190680038802134 0.3436116964863836 0.3436116964863836 0.5583690067903734 0.9265243958829272 1.1474176293384597 1.2885438618239387 1.3744467859455345 1.0492428589137786 0.8651651643675016 0.8467573949128739 0.803805932852076 0.8283496254582462 0.8528933180644165 0.8406214717613314 0.9019807032767571 0.9081166264282996 1.000155473701438 1.1535535524900022 1.389786593824391 1.2333205534600555 1.0921943209745766 1.1965050145508 1.1596894756415448 0.9878836273983529 3.9975539332299808 0.8528933180644165 0.9081166264282996 0.8774370106705868 
-53.0 -53.0 -53.5 -53.5 -53.5 -53.5 -54.0 -53.5 -53.5 -53.5 -53.5 -53.5 -53.5 -53.5 -53.5 -53.0 -53.0 -53.0 -53.0 -53.0 -55.5 -56.5 -51.5 -51.0 -52.5 -54.0 -54.0 -54.5 -54.5 -54.0 -54.0 -53.5 -53.0 -52.5 -54.5 -54.5 -52.5 -50.5 -49.5 -49.0 -50.0 -49.5 -49.5 -49.5 
0.8222137023067037 0.8467573949128739 0.8651651643675016 0.8651651643675016 0.8835729338221293 0.8835729338221293 0.8713010875190442 0.8651651643675016 0.8283496254582462 0.8835729338221293 0.8344855486097889 0.8713010875190442 0.9019807032767571 0.8651651643675016 0.8344855486097889 0.9081166264282996 0.8406214717613314 0.8774370106705868 0.7853981633974483 0.8528933180644165 1.1167380135807468 1.3928545554001621 1.2210487071569704 1.1228739367322893 1.1228739367322893 1.1290098598838318 1.1903690913992575 1.1965050145508 1.2455923997631406 1.227184630308513 1.2701360923693108 1.2026409377023426 1.3008157081270237 1.380582709097077 4.555922940020355 1.4542137869155878 1.227184630308513 1.0921943209745766 0.9326603190344698 0.8958447801252144 0.8130098175793898 0.8528933180644165 0.9081166264282996 0.8344855486097889 
-55.0 -55.0 -55.0 -55.0 -54.5 -54.5 -55.0 -55.0 -54.5 -55.0 -54.5 -55.0 -55.0 -55.0 -55.0 -54.5 -55.0 -54.5 -54.5 -53.5 -52.5 -51.0 -50.0 -50.5 -50.5 -51.5 -51.5 -51.0 -51.0 -51.0 -51.0 -51.0 -50.5 -51.0 -52.0 -53.0 -53.5 -52.5 -52.0 -51.5 -52.0 -52.0 -52.0 -52.0 
1.4603497100671303 1.4787574795217582 1.4787574795217582 1.4542137869155878 1.5585244804918115 1.509437095279471 1.5462526341887264 1.5707963267948966 1.5830681730979816 1.5033011721279284 1.552388557340269 1.4848934026733007 1.4542137869155878 1.4603497100671303 1.4910293258248433 1.5155730184310134 1.4787574795217582 1.5462526341887264 1.6321555583103222 1.846912868614312 1.9696313316451632 1.6260196351587797 1.3867186322486196 1.4480778637640452 1.4419419406125027 1.521708941582556 1.5830681730979816 1.5585244804918115 1.564660403643354 1.6014759425526093 1.6751070203711202 1.6689710972195777 1.552388557340269 1.705786636128833 1.8315730607354554 2.0371264863121317 1.9573594853420782 1.8223691760081417 1.5953400194010667 1.1658253987930873 1.2701360923693108 1.1596894756415448 1.214912784005428 1.2026409377023426 
-59.5 -59.5 -59.0 -59.0 -59.0 -59.5 -59.0 -59.5 -59.5 -59.0 -59.0 -58.5 -59.0 -58.5 -58.5 -58.5 -59.0 -58.5 -57.0 -54.5 -52.5 -51.0 -50.0 -51.0 -51.5 -52.5 -52.0 -52.5 -52.0 -52.0 -52.0 -53.0 -52.5 -52.0 -52.0 -53.5 -55.0 -54.5 -55.5 -56.5 -58.0 -58.0 -57.0 -57.5 
1.761009944492716 1.8039614065535141 1.7426021750380885 1.7119225592803755 1.7241944055834606 1.5892040962495242 1.8039614065535141 1.8285050991596843 1.7671458676442586 1.736466251886546 1.748738098189631 1.736466251886546 1.7732817907958012 1.7303303287350031 1.7548740213411735 1.736466251886546 1.6873788666742053 1.6935147898257479 1.5401167110371838 1.7978254834019713 1.8837284075235674 1.8714565612204823 1.533980787885641 1.7303303287350031 1.9144080232812801 1.9819031779482483 1.8407769454627694 1.8714565612204823 1.9205439464328227 1.9634954084936207 1.9144080232812801 1.8960002538266525 1.9880391010997909 1.9696313316451632 1.9972429858271048 2.0371264863121317 2.0923497946760143 2.018718716857504 1.8162332528565992 1.5401167110371838 1.500233210552157 1.5953400194010667 1.607611865704152 1.5401167110371838 
-59.5 -59.0 -59.5 -60.0 -60.0 -60.0 -60.0 -59.5 -59.5 -59.5 -60.0 -60.0 -60.0 -60.0 -60.0 -60.0 -60.5 -61.0 -60.5 -58.0 -55.5 -53.0 -56.0 -57.0 -56.5 -55.0 -56.5 -56.5 -56.0 -56.0 -56.0 -56.0 -56.0 -55.5 -54.0 -53.5 -53.5 -53.5 -54.5 -56.0 -55.5 -54.5 -55.0 -55.5 
5.4671075280244255 5.632777453116074 5.5100589900852235 5.522330836388308 5.497787143782138 5.516194913236766 5.491651220630596 5.491651220630596 5.50392306693368 5.491651220630596 5.491651220630596 5.368932757599744 5.411884219660542 5.47937937432751 5.387340527054372 5.4671075280244255 5.4671075280244255 5.4671075280244255 5.381204603902829 5.301437602932776 5.706408530934585 5.485515297479052 5.141903600992669 5.203262832508095 5.1725832167503825 5.105088062083414 5.0253210611133605 5.098952138931871 4.994641445355648 5.098952138931871 5.197126909356553 5.197126909356553 5.332117218690489 5.491651220630596 5.390408488630143 5.878214379177777 5.767767762450011 5.47937937432751 5.43029198911517 5.307573526084319 5.3198453723874035 5.289165756629691 5.442563835418255 5.50392306693368 
-63.0 -62.5 -63.0 -63.0 -63.5 -63.0 -63.0 -62.5 -62.5 -62.5 -63.0 -62.5 -63.0 -62.5 -63.0 -62.5 -63.0 -63.0 -62.5 -63.0 -62.5 -60.0 -60.0 -59.5 -59.5 -59.5 -60.0 -61.5 -61.5 -60.5 -60.0 -60.0 -60.0 -58.5 -60.0 -59.5 -61.5 -61.0 -60.0 -59.0 -60.5 -60.0 -60.0 -59.5 
6.135923151542564 6.166602767300278 6.2463697682703305 0.09817477042468103 6.160466844148735 0.0 0.04908738521234052 6.12365130523948 6.135923151542564 6.154330920997192 6.178874613603362 0.04908738521234052 6.252505691421874 0.2699806186678728 6.209554229361076 6.080699843178682 6.270913460876501 6.258641614573416 0.03681553890925539 5.755495916146925 5.681864838328415 5.270757987175063 2.5402721847386216 0.11044661672776616 5.829126993965437 5.651185222570702 5.780039608753096 5.700272607783043 5.816855147662351 5.93343768754166 5.896622148632405 6.007068765360171 6.111379458936394 5.780039608753096 6.019340611663256 5.620505606812989 5.3627968344482015 4.792155981354743 4.871922982324796 5.221670601962723 5.0682725231741586 
-70.0 -71.0 -70.0 -69.5 -69.5 -68.5 -69.5 -69.0 -69.5 -69.0 -70.0 -67.0 -68.0 -70.0 -68.5 -69.5 -69.5 -69.5 -68.5 -66.0 -60.5 -59.5 -72.0 -64.5 -61.5 -61.5 -62.5 -62.5 -62.5 -62.5 -63.5 -64.0 -64.5 -62.0 -62.5 -61.5 -64.0 -66.0 -68.0 -66.0 -67.0 
