2.6998061866787286 2.6813984172241008 2.6016314162540475 2.5893595699509624 2.6813984172241008 2.742757648739526 2.6323110320117604 2.6200391857086753 2.742757648739526 2.7550294950426117 2.662990647769473 2.730485802436441 2.8532042654672924 2.705942109830271 2.8409324191642074 3.5895150436524004 3.436116964863836 0.8467573949128739 4.061981126321178 3.9269908169872414 3.2765829629237295 0.5522330836388308 3.5711072741977725 3.650874275167826 3.485204350076177 3.442252888015379 3.6570101983193686 3.497476196379262 3.509748042682347 3.2459033471660166 3.3195344249845276 3.2090878082567613 2.890019804376548 2.552544031041707 2.650718801466388 2.6875343403756435 2.7979809571034093 2.82252464970958 2.834796496012665 2.9820586516496865 2.730485802436441 
-63.0 -63.5 -63.0 -63.5 -63.5 -63.5 -64.0 -64.0 -64.0 -64.0 -63.5 -63.5 -62.5 -63.0 -64.0 -64.5 -64.5 -68.5 -67.0 -65.0 -67.5 -68.0 -67.5 -66.0 -66.0 -67.0 -66.5 -65.0 -63.0 -63.0 -63.0 -63.0 -63.5 -63.0 -64.5 -64.0 -64.5 -65.0 -64.5 -64.5 -65.0 
2.098485717827557 2.000310947402876 2.067806102069844 2.073942025221387 2.0923497946760143 2.067806102069844 2.061670178918302 2.086213871524472 2.1537090261914402 2.116893487282185 2.172116795646068 2.0064468705544187 1.8775924843720249 1.9634954084936207 2.0064468705544187 2.1353012567368124 2.3316507975861747 0.1349903093339364 3.098641191528995 3.368621810196868 3.11091303783208 2.9206994201342606 2.552544031041707 2.804116880254952 2.761165418194154 2.82252464970958 2.8716120349219203 3.2581751934691017 3.2643111166206444 3.147728576741336 2.6691265709210157 2.5341362615870793 2.2457478734645786 2.024854640009046 1.9082721001297376 1.7978254834019713 2.073942025221387 2.227340104009951 2.2212041808584084 2.0800779483729293 2.12916533358527 2.1598449493429825 
-65.5 -65.0 -65.0 -65.5 -64.5 -65.0 -64.5 -65.5 -65.0 -64.5 -65.5 -65.0 -65.0 -63.5 -62.0 -63.5 -63.0 -66.5 -64.0 -64.0 -63.0 -63.0 -65.0 -63.5 -62.0 -64.0 -64.0 -63.0 -65.0 -66.5 -66.5 -66.5 -65.5 -64.0 -64.0 -64.0 -65.0 -64.5 -64.5 -62.5 -63.0 -63.5 
0.5460971604872883 0.5522330836388308 0.5276893910326605 0.5338253141842031 0.5522330836388308 0.5951845456996288 0.5890486225480862 0.5829126993965437 0.5829126993965437 0.5829126993965437 0.6258641614573416 0.607456392002714 0.662679700366597 0.7792622402459057 0.8774370106705868 1.055378782065321 1.012427320004523 1.2026409377023426 1.4358060174609601 1.1351457830353744 1.000155473701438 1.0185632431560658 0.9203884727313847 1.000155473701438 0.8958447801252144 0.8897088569736719 0.9817477042468103 1.1535535524900022 1.1535535524900022 1.2455923997631406 1.0492428589137786 1.0737865515199487 1.0615147052168636 0.8406214717613314 0.6749515466696822 0.5399612373357456 0.6381360077604268 0.6994952392758523 0.6810874698212247 0.7179030087304801 0.705631162427395 0.705631162427395 
-50.5 -50.5 -50.5 -50.5 -50.5 -50.5 -50.5 -50.5 -50.5 -50.5 -50.5 -50.0 -50.0 -50.5 -50.0 -51.5 -53.0 -55.5 -53.5 -51.5 -53.0 -54.0 -55.0 -55.0 -55.5 -54.5 -53.0 -52.5 -52.0 -52.5 -53.5 -52.0 -50.0 -50.5 -51.0 -51.5 -51.5 -51.0 -51.0 -50.5 -50.5 -50.0 
0.8406214717613314 0.8406214717613314 0.8283496254582462 0.8713010875190442 0.859029241215959 0.8160777791551611 0.8528933180644165 0.8160777791551611 0.8651651643675016 0.8651651643675016 0.7915340865489908 0.8406214717613314 0.7976700097005334 0.7792622402459057 0.8222137023067037 0.9326603190344698 1.1596894756415448 1.5462526341887264 1.576932249946439 1.3008157081270237 1.2455923997631406 1.2455923997631406 1.282407938672396 1.1903690913992575 1.239456476611598 1.2946797849754812 1.2210487071569704 1.2455923997631406 1.3499030933393643 1.3499030933393643 1.3744467859455345 1.3499030933393643 1.227184630308513 0.9510680884890975 0.8099418560036186 0.7976700097005334 0.7240389318820226 0.6872233929727672 0.6994952392758523 0.7179030087304801 0.6810874698212247 0.7117670855789375 
-53.5 -53.5 -53.5 -53.5 -53.5 -53.5 -53.5 -53.5 -53.5 -53.5 -53.0 -53.0 -53.0 -52.5 -52.0 -51.5 -52.5 -53.0 -51.0 -50.5 -51.0 -51.5 -51.5 -51.5 -51.0 -51.0 -50.5 -50.5 -51.0 -51.5 -52.5 -52.5 -53.0 -52.5 -53.0 -53.5 -53.5 -53.0 -53.0 -52.5 -52.5 -52.5 
1.3314953238847365 1.3499030933393643 1.2762720155208536 1.3560390164909069 1.325359400733194 1.2762720155208536 1.3130875544301088 1.3130875544301088 1.3621749396424494 1.3069516312785663 1.239456476611598 1.2455923997631406 1.3069516312785663 1.380582709097077 1.5953400194010667 1.8960002538266525 2.1230294104337273 2.018718716857504 1.761009944492716 1.6996507129772904 1.5892040962495242 1.748738098189631 1.6260196351587797 1.5830681730979816 1.6260196351587797 1.6505633277649499 1.6444274046134073 1.576932249946439 1.7303303287350031 1.7794177139473437 2.030990563160589 1.945087639038993 1.8039614065535141 1.564660403643354 1.3928545554001621 1.4051264017032472 1.3560390164909069 1.325359400733194 1.2640001692177683 1.1596894756415448 1.1290098598838318 1.1474176293384597 
-61.0 -60.0 -60.5 -60.5 -60.0 -60.5 -60.0 -60.0 -60.0 -60.0 -60.0 -59.5 -58.5 -59.0 -57.5 -56.5 -55.5 -51.0 -50.0 -51.0 -52.5 -53.5 -53.5 -55.0 -54.5 -54.0 -53.5 -53.0 -51.5 -51.0 -52.5 -54.0 -54.0 -57.5 -59.0 -61.0 -61.0 -59.5 -59.5 -59.0 -58.5 -58.0 
1.6137477888556946 1.564660403643354 1.607611865704152 1.564660403643354 1.6260196351587797 1.662835174068035 1.6505633277649499 1.5830681730979816 1.6198837120072371 1.6382914814618648 1.5892040962495242 1.564660403643354 1.552388557340269 1.5278448647340985 1.5953400194010667 1.8530487917658545 2.067806102069844 1.9696313316451632 1.8530487917658545 1.932815792735908 2.0371264863121317 2.018718716857504 2.098485717827557 2.073942025221387 2.012582793705961 2.061670178918302 1.9573594853420782 1.8960002538266525 1.9573594853420782 1.9696313316451632 2.0493983326152168 2.073942025221387 2.018718716857504 1.7119225592803755 1.5830681730979816 1.5830681730979816 1.5707963267948966 1.4910293258248433 1.41126232485479 1.380582709097077 1.4419419406125027 1.3928545554001621 
-58.5 -59.0 -59.0 -58.5 -58.5 -58.0 -58.0 -58.5 -58.5 -58.0 -58.0 -58.0 -58.0 -58.0 -57.5 -55.5 -55.0 -52.5 -54.0 -55.0 -55.5 -56.5 -57.5 -56.0 -56.0 -56.5 -57.0 -55.5 -54.5 -54.5 -55.0 -53.5 -54.0 -56.0 -57.5 -57.5 -58.0 -57.5 -57.5 -57.0 -56.0 -56.0 
5.534602682691394 5.442563835418255 5.516194913236766 5.559146375297564 5.50392306693368 5.663457068873787 5.5100589900852235 5.460971604872882 5.5100589900852235 5.50392306693368 5.50392306693368 5.485515297479052 5.460971604872882 5.47937937432751 5.516194913236766 5.516194913236766 5.829126993965437 5.700272607783043 5.3627968344482015 5.595961914206819 5.442563835418255 5.424156065963627 5.264622064023521 5.418020142812084 5.516194913236766 5.270757987175063 5.356660911296659 5.295301679781233 5.565282298449106 5.45483568172134 5.786175531904639 5.356660911296659 5.135767677841127 5.105088062083414 5.221670601962723 5.375068680751287 5.405748296509 5.424156065963627 5.448699758569798 5.270757987175063 5.1725832167503825 5.117359908386499 
-62.0 -61.5 -61.0 -62.0 -62.0 -61.5 -61.5 -62.5 -62.0 -62.0 -61.5 -61.5 -61.5 -61.0 -61.0 -61.5 -61.0 -58.5 -60.5 -58.5 -60.0 -59.5 -61.0 -61.0 -62.0 -62.0 -60.5 -59.5 -58.5 -59.5 -60.0 -64.0 -61.5 -61.0 -61.0 -61.0 -62.0 -62.0 -62.0 -62.5 -63.0 -63.0 
2.2212041808584084 2.030990563160589 2.018718716857504 5.460971604872882 5.559146375297564 5.706408530934585 5.595961914206819 6.074563920027139 6.2463697682703305 6.056156150572511 6.000932842208628 6.080699843178682 6.178874613603362 6.191146459906448 6.013204688511713 0.0859029241215959 5.737088146692298 5.6573211457222445 5.546874528994478 5.460971604872882 1.945087639038993 
-79.5 -77.5 -77.0 -69.0 -65.5 -64.0 -62.0 -64.5 -65.0 -63.5 -64.0 -63.5 -65.0 -66.0 -64.5 -66.5 -62.0 -62.5 -62.5 -67.5 -76.0 
