2.834796496012665 2.890019804376548 2.8654761117703775 2.9268353432858034 2.9206994201342606 2.84706834231575 2.8838838812250054 2.890019804376548 2.9391071895888885 2.9329712664373457 2.804116880254952 2.7979809571034093 2.7979809571034093 2.8654761117703775 2.8102528034064944 2.8654761117703775 3.2827188860752723 3.54042765844006 3.2090878082567613 4.994641445355648 1.1596894756415448 4.000621894805752 3.2888548092268146 3.3502140407422405 0.48473792897186263 3.1906800388021335 3.2336315008629315 3.2949907323783574 3.393165502803038 3.147728576741336 3.3011266555298997 3.215223731408304 2.9391071895888885 2.742757648739526 2.7120780329818137 2.8777479580734626 3.000466421104314 
-64.0 -64.0 -64.0 -63.5 -64.5 -63.0 -63.5 -64.0 -63.0 -64.0 -63.5 -63.0 -63.5 -63.5 -63.0 -63.0 -64.5 -64.5 -65.5 -67.0 -66.0 -65.0 -64.0 -66.0 -67.5 -67.5 -67.0 -64.0 -62.0 -64.0 -63.5 -63.0 -63.0 -63.5 -63.0 -62.5 -62.5 
1.9880391010997909 2.1230294104337273 2.067806102069844 2.1230294104337273 2.073942025221387 2.12916533358527 2.110757564130642 2.1905245651006955 2.3009711818284617 2.2580197197676637 2.110757564130642 2.2334760271614935 2.1537090261914402 2.141437179888355 2.1537090261914402 2.1353012567368124 2.2027964114037806 2.5402721847386216 2.509592568980909 3.313398501832985 3.6079228131070282 3.3195344249845276 2.9206994201342606 2.718213956133356 2.662990647769473 2.4175537217077703 2.6016314162540475 2.564815877344792 2.9268353432858034 3.172272269347506 3.448388811166921 3.5342917352885173 3.393165502803038 2.767301341345697 2.5034566458293663 2.270291566070749 2.270291566070749 2.1230294104337273 2.110757564130642 2.1905245651006955 2.423689644859313 
-62.0 -63.5 -64.5 -63.5 -64.0 -64.0 -62.5 -64.0 -64.0 -64.5 -65.0 -63.5 -65.0 -65.0 -63.5 -63.0 -63.0 -63.0 -64.0 -64.5 -63.5 -62.0 -62.5 -65.0 -64.0 -63.0 -62.5 -63.0 -63.0 -62.5 -63.5 -65.0 -67.0 -66.5 -66.0 -65.5 -65.0 -65.0 -64.0 -64.0 -64.5 
0.7976700097005334 0.7485826244881929 0.7731263170943632 0.7669903939428205 0.760854470791278 0.7424467013366504 0.7363107781851077 0.7301748550335652 0.7179030087304801 0.7117670855789375 0.7301748550335652 0.760854470791278 0.6810874698212247 0.6933593161243098 0.6933593161243098 0.7485826244881929 0.9019807032767571 1.043106935762236 1.0185632431560658 1.4664856332186729 1.2333205534600555 0.9572040116406401 1.012427320004523 0.859029241215959 0.8406214717613314 0.8897088569736719 0.8774370106705868 0.8099418560036186 0.9387962421860124 1.1903690913992575 1.1228739367322893 1.1719613219446299 1.1903690913992575 1.012427320004523 0.9387962421860124 0.7976700097005334 0.6442719309119693 0.6442719309119693 0.6933593161243098 0.8406214717613314 0.8651651643675016 
-49.5 -49.5 -49.5 -49.5 -49.5 -49.5 -49.5 -49.5 -49.5 -49.5 -49.5 -49.5 -49.5 -49.5 -49.5 -50.0 -50.5 -52.5 -55.5 -54.5 -51.0 -53.0 -54.5 -55.0 -56.0 -55.5 -55.5 -55.0 -53.0 -53.5 -53.5 -52.5 -54.0 -51.5 -50.0 -50.0 -50.0 -50.0 -50.0 -49.0 -49.0 
0.8651651643675016 0.7853981633974483 0.7363107781851077 0.7792622402459057 0.8099418560036186 0.7853981633974483 0.7976700097005334 0.7485826244881929 0.7485826244881929 0.7976700097005334 0.7792622402459057 0.7731263170943632 0.7301748550335652 0.7853981633974483 0.7301748550335652 0.7669903939428205 0.7669903939428205 1.0492428589137786 1.3314953238847365 1.552388557340269 1.239456476611598 1.2455923997631406 1.239456476611598 1.2762720155208536 1.2517283229146832 1.214912784005428 1.2333205534600555 1.2455923997631406 1.2455923997631406 1.3069516312785663 1.325359400733194 1.368310862793992 1.5278448647340985 1.4480778637640452 1.2333205534600555 1.012427320004523 0.9142525495798421 0.8835729338221293 0.9081166264282996 0.9019807032767571 0.8897088569736719 
-52.5 -52.0 -52.0 -52.0 -52.5 -52.5 -52.5 -52.5 -53.0 -52.5 -53.0 -53.0 -53.0 -53.0 -52.5 -52.5 -51.5 -52.0 -53.5 -51.0 -50.5 -51.0 -51.5 -51.5 -51.5 -51.0 -51.5 -51.5 -51.5 -51.0 -51.5 -51.0 -52.0 -53.5 -53.5 -53.0 -52.5 -53.0 -53.0 -52.5 -53.0 
1.1106020904292042 1.1290098598838318 1.1167380135807468 1.1903690913992575 1.1474176293384597 1.1167380135807468 1.1351457830353744 1.1903690913992575 1.1106020904292042 1.1228739367322893 1.1228739367322893 1.0921943209745766 1.1290098598838318 1.0799224746714913 1.1474176293384597 1.2885438618239387 1.576932249946439 2.086213871524472 2.172116795646068 1.662835174068035 1.6566992509164924 1.6566992509164924 1.718058482431918 1.7241944055834606 1.7548740213411735 1.705786636128833 1.6689710972195777 1.6444274046134073 1.6935147898257479 1.5585244804918115 1.6996507129772904 1.6812429435226628 1.8346410223112268 2.000310947402876 1.859184714917397 1.5707963267948966 1.3008157081270237 1.2946797849754812 1.5033011721279284 1.2210487071569704 1.1474176293384597 
-57.0 -57.0 -57.5 -57.0 -57.5 -58.0 -57.5 -58.0 -58.0 -58.0 -58.0 -58.0 -58.0 -58.5 -58.0 -58.0 -57.5 -55.5 -53.5 -50.0 -52.5 -52.0 -54.5 -54.5 -55.0 -55.0 -54.5 -54.0 -54.5 -53.0 -51.5 -52.0 -50.0 -52.0 -54.5 -58.0 -59.5 -60.5 -59.5 -58.5 -58.5 
1.4664856332186729 1.4910293258248433 1.4910293258248433 1.4358060174609601 1.4358060174609601 1.4664856332186729 1.4542137869155878 1.4358060174609601 1.4296700943094176 1.380582709097077 1.4173982480063325 1.423534171157875 1.4480778637640452 1.4358060174609601 1.4173982480063325 1.3621749396424494 1.4542137869155878 1.902136176978195 2.1475731030398975 1.8407769454627694 2.000310947402876 2.073942025221387 2.000310947402876 2.1782527187976104 2.2396119503130363 2.172116795646068 2.116893487282185 2.098485717827557 2.067806102069844 2.055534255766759 2.000310947402876 2.0493983326152168 1.9819031779482483 2.1353012567368124 1.9880391010997909 1.6996507129772904 1.4051264017032472 1.325359400733194 1.3867186322486196 1.4358060174609601 
-55.5 -55.5 -55.5 -55.5 -56.0 -56.0 -56.0 -56.5 -56.0 -56.0 -56.5 -56.5 -57.0 -57.0 -56.5 -57.5 -57.0 -55.5 -54.0 -53.5 -55.5 -56.5 -55.5 -57.0 -56.0 -55.0 -55.0 -56.0 -57.0 -56.0 -55.5 -55.5 -54.5 -54.5 -56.5 -58.5 -59.5 -58.0 -58.0 -57.0 
5.21553467881118 5.203262832508095 5.148039524144211 5.221670601962723 5.178719139901925 5.301437602932776 5.270757987175063 5.295301679781233 5.203262832508095 5.3198453723874035 5.283029833478148 5.197126909356553 5.197126909356553 5.221670601962723 5.3198453723874035 5.387340527054372 5.5100589900852235 5.651185222570702 5.896622148632405 5.43029198911517 5.559146375297564 5.516194913236766 5.3627968344482015 5.491651220630596 5.712544454086128 5.620505606812989 5.516194913236766 5.565282298449106 5.546874528994478 5.338253141842031 5.595961914206819 5.399612373357457 5.516194913236766 5.583690067903734 5.595961914206819 5.4671075280244255 5.387340527054372 5.411884219660542 5.4671075280244255 5.442563835418255 5.3627968344482015 
-63.0 -62.5 -62.5 -61.5 -62.0 -63.0 -62.5 -61.5 -63.0 -62.5 -63.0 -63.5 -62.5 -63.0 -63.0 -61.5 -61.0 -63.0 -60.0 -59.5 -59.0 -59.5 -60.5 -62.5 -61.5 -61.0 -61.5 -61.5 -62.0 -59.5 -58.5 -60.5 -59.0 -61.5 -60.0 -61.0 -60.5 -61.0 -61.0 -61.5 -61.0 
4.2092432819582 1.184233168247715 1.214912784005428 1.2087768608538851 4.442408361716817 1.1106020904292042 1.1044661672776617 1.1535535524900022 1.012427320004523 1.1965050145508 2.098485717827557 5.712544454086128 5.829126993965437 6.12365130523948 5.902758071783947 6.252505691421874 6.062292073724054 6.111379458936394 6.086835766330224 6.209554229361076 6.258641614573416 6.025476534814799 0.02454369260617026 5.393476450205914 5.583690067903734 5.675728915176872 5.375068680751287 4.381049130201391 4.09266074207889 0.705631162427395 3.663146121470911 0.6994952392758523 
-69.0 -70.5 -71.0 -71.5 -72.5 -74.5 -74.0 -75.0 -75.0 -76.5 -71.0 -66.0 -62.0 -64.0 -66.0 -64.0 -64.5 -64.0 -63.0 -64.0 -66.0 -65.0 -66.0 -68.0 -61.0 -62.5 -66.0 -72.0 -72.5 -74.0 -72.0 -71.0 
