3.2090878082567613 2.8777479580734626 2.9022916506796332 2.9391071895888885 3.0066023442558567 2.9759227284981438 2.9943304979527716 2.9391071895888885 3.018874190558942 2.8838838812250054 3.2888548092268146 2.945243112740431 3.043417883165112 3.4054373491061236 2.9943304979527716 2.8838838812250054 2.945243112740431 3.215223731408304 3.442252888015379 3.423845118560751 3.08636934522591 4.301282129231338 3.56497135104623 3.3747577333484107 3.6754179677739964 3.4177091954092087 0.05522330836388308 3.2336315008629315 3.172272269347506 2.705942109830271 2.7550294950426117 2.791845033951867 2.9391071895888885 
-64.0 -64.0 -64.0 -63.0 -64.0 -62.5 -64.0 -64.5 -64.0 -64.0 -64.0 -61.5 -64.0 -64.5 -65.0 -64.0 -64.5 -64.5 -66.5 -65.5 -65.5 -66.5 -68.5 -68.5 -66.5 -64.0 -66.5 -66.0 -65.0 -63.0 -63.5 -63.5 -62.0 
2.116893487282185 2.018718716857504 2.067806102069844 2.1598449493429825 2.061670178918302 2.018718716857504 1.9634954084936207 1.8960002538266525 1.9880391010997909 2.030990563160589 2.0371264863121317 2.012582793705961 2.018718716857504 2.0371264863121317 2.067806102069844 2.3316507975861747 2.509592568980909 2.564815877344792 3.436116964863836 3.393165502803038 2.9943304979527716 2.5402721847386216 2.442097414313941 2.2886993355253766 2.2641556429192065 2.4605051837685683 2.6691265709210157 3.129320807286708 3.2827188860752723 3.104777114680538 3.313398501832985 2.5034566458293663 2.1230294104337273 1.9757672547967058 1.8714565612204823 1.9205439464328227 1.8837284075235674 1.8039614065535141 
-62.5 -63.0 -64.0 -62.0 -63.5 -62.5 -63.5 -63.5 -62.5 -63.0 -64.0 -63.5 -63.5 -61.5 -62.0 -62.5 -63.0 -64.5 -65.0 -63.5 -63.0 -64.5 -63.0 -63.0 -62.5 -62.5 -65.0 -63.5 -62.5 -64.5 -66.5 -66.5 -64.5 -62.0 -61.0 -61.0 -60.5 -60.0 
0.8283496254582462 0.8344855486097889 0.8713010875190442 0.8835729338221293 0.8528933180644165 0.8651651643675016 0.8528933180644165 0.8406214717613314 0.8344855486097889 0.8344855486097889 0.8099418560036186 0.8651651643675016 0.8528933180644165 0.859029241215959 0.8467573949128739 0.8467573949128739 0.8528933180644165 0.9387962421860124 1.0676506283684062 0.9633399347921826 0.9940195505498954 1.4419419406125027 1.1167380135807468 0.9878836273983529 0.9326603190344698 0.8283496254582462 0.8651651643675016 0.9817477042468103 0.9510680884890975 0.9387962421860124 1.0737865515199487 1.1167380135807468 1.2087768608538851 1.3989904785517047 1.1780972450961724 1.1596894756415448 1.1106020904292042 0.9694758579437253 0.9081166264282996 0.8835729338221293 0.9756117810952678 
-49.0 -49.0 -49.0 -49.0 -49.0 -49.0 -49.0 -48.5 -48.5 -49.0 -49.0 -49.5 -49.0 -49.0 -49.0 -49.0 -49.0 -49.5 -50.5 -53.0 -55.5 -54.0 -51.5 -54.5 -54.0 -55.5 -55.0 -55.0 -55.5 -54.5 -53.5 -52.5 -52.0 -54.0 -53.5 -52.5 -51.0 -49.0 -49.5 -50.0 -49.0 
0.7301748550335652 0.8160777791551611 0.7792622402459057 0.7853981633974483 0.803805932852076 0.7976700097005334 0.6688156235181395 0.7853981633974483 0.760854470791278 0.8099418560036186 0.7669903939428205 0.7792622402459057 0.7853981633974483 0.6810874698212247 0.7240389318820226 0.7731263170943632 0.7915340865489908 0.8099418560036186 1.0062913968529805 1.1106020904292042 1.4480778637640452 1.6566992509164924 1.2885438618239387 1.3069516312785663 1.3499030933393643 1.380582709097077 1.3437671701878218 1.3314953238847365 1.3560390164909069 1.3130875544301088 1.3069516312785663 1.3192234775816514 1.337631247036279 1.5585244804918115 1.5707963267948966 1.2455923997631406 1.0369710126106935 0.8099418560036186 0.8528933180644165 0.8713010875190442 0.9326603190344698 
-52.5 -52.5 -52.0 -52.0 -52.0 -52.0 -52.0 -52.0 -52.0 -52.5 -52.0 -52.0 -52.5 -52.5 -52.5 -52.5 -52.0 -52.0 -52.0 -53.0 -54.0 -51.5 -50.5 -51.5 -52.0 -51.5 -51.5 -51.5 -51.5 -51.5 -51.0 -51.0 -51.0 -52.0 -53.5 -52.5 -51.5 -50.5 -51.0 -51.5 -51.0 
0.9203884727313847 1.1044661672776617 1.0921943209745766 1.1167380135807468 1.1044661672776617 1.1167380135807468 1.1596894756415448 1.1596894756415448 1.1474176293384597 0.859029241215959 1.1044661672776617 1.1228739367322893 1.141281706186917 1.0921943209745766 1.1044661672776617 1.141281706186917 1.227184630308513 1.380582709097077 1.6873788666742053 2.0371264863121317 2.1537090261914402 1.5401167110371838 1.7855536370988863 1.718058482431918 1.8285050991596843 1.718058482431918 1.6935147898257479 1.6812429435226628 1.6996507129772904 1.7426021750380885 1.859184714917397 1.7303303287350031 1.8162332528565992 2.000310947402876 2.1598449493429825 1.9757672547967058 1.6260196351587797 1.2640001692177683 1.2517283229146832 1.214912784005428 1.184233168247715 
-56.5 -56.0 -56.5 -56.5 -56.0 -56.5 -56.5 -56.5 -57.0 -56.5 -56.5 -56.5 -56.0 -56.5 -57.0 -56.5 -56.0 -57.0 -58.0 -59.0 -54.0 -51.5 -53.5 -54.0 -54.5 -55.0 -55.5 -55.5 -55.0 -54.5 -54.5 -52.0 -52.5 -51.5 -55.0 -57.0 -58.0 -57.0 -57.5 -58.5 -57.0 
1.368310862793992 1.4296700943094176 1.380582709097077 1.3437671701878218 1.3867186322486196 1.380582709097077 1.3192234775816514 1.4173982480063325 1.3989904785517047 1.4726215563702154 1.3867186322486196 1.337631247036279 1.423534171157875 1.4358060174609601 1.3928545554001621 1.380582709097077 1.3744467859455345 1.3499030933393643 1.564660403643354 1.902136176978195 2.116893487282185 1.846912868614312 2.141437179888355 2.116893487282185 2.000310947402876 2.12916533358527 2.0923497946760143 2.067806102069844 2.073942025221387 2.086213871524472 2.073942025221387 2.086213871524472 2.024854640009046 1.9144080232812801 2.0800779483729293 2.012582793705961 1.8346410223112268 1.4542137869155878 1.5033011721279284 1.6444274046134073 1.6198837120072371 
-55.5 -55.0 -54.5 -54.5 -54.5 -54.5 -55.0 -55.0 -55.0 -55.0 -54.5 -55.0 -55.0 -55.0 -55.0 -55.0 -55.0 -55.5 -56.0 -57.0 -54.0 -53.5 -56.0 -55.0 -57.5 -56.5 -55.5 -55.5 -56.0 -57.0 -55.5 -55.5 -54.5 -54.5 -54.0 -54.0 -54.0 -54.5 -55.0 -55.0 -54.5 
5.135767677841127 5.123495831538041 5.056000676871073 5.1725832167503825 5.105088062083414 5.123495831538041 5.0253210611133605 5.092816215780329 5.013049214810275 5.056000676871073 5.105088062083414 5.056000676871073 5.111223985234957 5.037592907416445 5.092816215780329 5.056000676871073 5.21553467881118 5.2768939103266055 5.553010452146021 5.749359992995383 5.957981380147831 5.418020142812084 5.798447378207723 5.589825991055276 5.5714182216006485 5.5284667595398505 5.602097837358362 5.902758071783947 5.553010452146021 5.141903600992669 5.620505606812989 5.755495916146925 5.743224069843841 5.749359992995383 5.835262917116979 5.546874528994478 5.325981295538946 5.258486140871978 5.240078371417351 5.227806525114265 5.240078371417351 
-63.5 -63.0 -62.0 -62.0 -63.0 -61.5 -62.0 -61.0 -61.5 -62.0 -62.0 -62.5 -62.5 -60.5 -62.0 -62.0 -61.0 -60.5 -61.5 -63.0 -60.0 -60.5 -57.5 -59.5 -59.5 -62.0 -62.0 -62.0 -62.5 -61.5 -59.5 -58.0 -58.5 -58.5 -61.0 -63.5 -61.5 -60.0 -59.5 -58.5 -59.5 
4.276738436625168 3.9638063558964967 1.184233168247715 3.9085830475326135 4.2031073588066565 4.239922897715912 0.9694758579437253 3.7981364308048478 4.025165587411922 1.1106020904292042 4.172427743048944 4.1417481272912315 3.9453985864418692 4.166291819897402 4.344233591292136 6.092971689481767 5.859806609723149 6.031612457966341 0.04295146206079795 6.209554229361076 6.050020227420969 5.9088939949354895 6.043884304269426 0.030679615757712823 0.01227184630308513 0.14112623248547898 2.172116795646068 2.5770877236478773 5.602097837358362 5.154175447295755 1.4910293258248433 4.779884135051658 1.718058482431918 4.988505522204105 
-63.5 -68.0 -68.5 -67.5 -67.0 -66.5 -68.0 -68.5 -67.0 -68.0 -68.5 -67.5 -69.0 -69.0 -69.5 -67.5 -61.0 -66.5 -66.5 -65.0 -64.0 -66.0 -66.0 -65.5 -68.5 -67.5 -68.0 -65.0 -63.5 -64.5 -67.5 -67.5 -67.0 -66.5 
