3.031146036862027 2.791845033951867 3.2643111166206444 2.9391071895888885 3.067961575771282 3.2643111166206444 3.067961575771282 3.1906800388021335 3.466796580621549 3.767456815047135 3.3072625786814425 3.1661363461959633 2.9391071895888885 3.2827188860752723 3.2581751934691017 3.3195344249845276 4.104932588381976 2.730485802436441 4.76147636559703 4.3074180523828804 0.5031456984264903 3.6079228131070282 3.9269908169872414 3.5342917352885173 3.6999616603801666 4.006757817957295 0.7915340865489908 3.2029518851052186 3.172272269347506 2.8838838812250054 2.791845033951867 3.4606606574700063 2.834796496012665 2.8102528034064944 2.9329712664373457 
-64.0 -64.0 -63.0 -63.5 -64.0 -63.5 -64.0 -63.5 -61.5 -64.0 -64.0 -63.5 -63.5 -63.0 -64.0 -62.5 -65.0 -69.0 -69.0 -69.0 -68.0 -67.0 -66.5 -64.5 -66.5 -68.5 -69.5 -66.0 -65.0 -64.5 -63.0 -63.0 -61.5 -63.0 -63.5 
1.9512235621905356 1.9634954084936207 1.9205439464328227 1.9941750242513334 1.88986433067511 1.9696313316451632 1.9941750242513334 1.4664856332186729 2.067806102069844 2.12916533358527 1.9573594853420782 2.055534255766759 2.184388641949153 2.0064468705544187 1.8960002538266525 2.067806102069844 2.0800779483729293 2.1353012567368124 2.086213871524472 2.36846633649543 2.3746022596469727 2.2457478734645786 2.227340104009951 2.454369260617026 2.8654761117703775 2.6323110320117604 2.724349879284899 2.6691265709210157 2.6016314162540475 2.6813984172241008 2.6691265709210157 2.675262494072558 2.730485802436441 2.5586799541932495 2.086213871524472 1.9573594853420782 1.6382914814618648 1.8100973297050567 1.88986433067511 1.9082721001297376 1.7855536370988863 1.9205439464328227 
-59.0 -60.0 -60.0 -60.5 -60.5 -60.5 -60.0 -60.0 -57.5 -60.0 -58.5 -59.5 -59.0 -60.0 -60.0 -60.0 -61.0 -61.0 -61.5 -62.5 -62.0 -63.5 -65.5 -65.5 -64.5 -63.0 -62.5 -62.0 -60.5 -61.0 -63.0 -63.0 -64.0 -64.5 -62.0 -61.0 -61.5 -62.0 -62.5 -62.5 -62.5 -62.0 
1.0492428589137786 1.086058397823034 1.1167380135807468 1.0983302441261191 1.1596894756415448 1.1351457830353744 1.1596894756415448 1.184233168247715 1.1903690913992575 1.2087768608538851 1.1965050145508 1.227184630308513 1.1903690913992575 1.1596894756415448 1.1780972450961724 1.1780972450961724 1.1351457830353744 1.1719613219446299 1.1535535524900022 1.1474176293384597 0.9019807032767571 0.7363107781851077 1.4358060174609601 1.3560390164909069 1.030835089459151 0.9081166264282996 0.8160777791551611 0.8835729338221293 1.0185632431560658 0.9878836273983529 0.9203884727313847 1.0369710126106935 1.1474176293384597 1.3867186322486196 1.2026409377023426 1.1044661672776617 1.1167380135807468 0.8774370106705868 0.9203884727313847 0.9081166264282996 0.8774370106705868 0.8958447801252144 0.8651651643675016 0.9081166264282996 
-48.5 -48.5 -48.5 -48.5 -48.5 -48.5 -48.0 -48.5 -48.0 -48.5 -48.0 -48.0 -48.0 -48.5 -48.5 -48.0 -48.0 -48.0 -49.5 -51.0 -54.5 -55.5 -56.0 -53.5 -52.5 -53.0 -54.0 -54.5 -54.5 -54.0 -54.0 -53.0 -52.5 -53.0 -54.0 -53.0 -52.0 -50.5 -50.0 -50.0 -49.5 -49.5 -50.0 -49.0 
0.9756117810952678 0.9633399347921826 0.9878836273983529 1.0737865515199487 0.9633399347921826 1.0185632431560658 1.000155473701438 1.055378782065321 1.030835089459151 1.030835089459151 1.1044661672776617 1.030835089459151 1.0492428589137786 0.9326603190344698 0.9326603190344698 1.0369710126106935 1.043106935762236 1.086058397823034 1.0185632431560658 1.0737865515199487 1.1903690913992575 1.3499030933393643 1.564660403643354 1.4296700943094176 1.3928545554001621 1.3008157081270237 1.3621749396424494 1.368310862793992 1.2946797849754812 1.3069516312785663 1.3008157081270237 1.2946797849754812 1.4173982480063325 1.3867186322486196 1.5155730184310134 1.3989904785517047 1.0676506283684062 0.9081166264282996 0.8406214717613314 0.859029241215959 0.6810874698212247 0.8344855486097889 0.8713010875190442 0.8160777791551611 
-50.5 -50.5 -50.5 -50.0 -50.0 -50.0 -50.0 -50.0 -50.0 -50.0 -49.5 -49.5 -50.0 -50.0 -50.0 -50.0 -50.0 -50.0 -50.0 -50.5 -52.0 -53.5 -53.0 -51.5 -51.5 -51.0 -52.0 -51.0 -51.5 -51.5 -51.0 -51.0 -51.5 -51.5 -52.5 -52.5 -51.5 -51.0 -51.5 -51.5 -51.5 -51.5 -51.5 -51.0 
1.184233168247715 1.1903690913992575 1.1780972450961724 1.2578642460662257 1.2578642460662257 1.2026409377023426 1.1965050145508 1.368310862793992 1.3008157081270237 1.2762720155208536 1.2210487071569704 1.2333205534600555 1.1903690913992575 1.2087768608538851 1.2026409377023426 1.1965050145508 1.2087768608538851 1.2333205534600555 1.3130875544301088 1.4419419406125027 1.736466251886546 2.055534255766759 1.9880391010997909 1.846912868614312 1.7119225592803755 1.6812429435226628 1.7794177139473437 1.6935147898257479 1.7671458676442586 1.748738098189631 1.748738098189631 1.6935147898257479 1.7855536370988863 1.9082721001297376 2.055534255766759 2.110757564130642 1.8653206380689396 1.4848934026733007 1.380582709097077 1.3560390164909069 1.2640001692177683 1.2885438618239387 1.3192234775816514 1.1474176293384597 
-55.5 -56.0 -56.0 -55.5 -55.0 -55.5 -55.0 -55.0 -55.0 -55.0 -54.5 -54.5 -54.5 -54.5 -55.0 -55.0 -54.5 -55.0 -56.5 -57.5 -59.0 -60.5 -53.0 -52.0 -52.5 -54.0 -53.0 -53.0 -53.5 -53.0 -52.5 -53.5 -52.0 -52.0 -54.0 -56.0 -57.0 -58.5 -58.0 -60.0 -59.5 -58.5 -59.5 -58.0 
1.6137477888556946 1.6935147898257479 1.6198837120072371 1.6260196351587797 1.6198837120072371 1.6260196351587797 1.662835174068035 1.6444274046134073 1.662835174068035 1.6321555583103222 1.6505633277649499 1.6321555583103222 1.662835174068035 1.6751070203711202 1.6014759425526093 1.6382914814618648 1.6566992509164924 1.5155730184310134 1.521708941582556 1.6444274046134073 1.88986433067511 2.1905245651006955 2.018718716857504 1.9880391010997909 2.000310947402876 2.067806102069844 1.88986433067511 2.0800779483729293 2.0493983326152168 2.061670178918302 1.9880391010997909 1.9634954084936207 2.018718716857504 2.055534255766759 2.098485717827557 2.1782527187976104 1.9082721001297376 1.7241944055834606 1.564660403643354 1.6566992509164924 1.6260196351587797 1.509437095279471 1.5892040962495242 1.576932249946439 
-52.5 -53.5 -53.5 -54.0 -53.0 -52.5 -53.0 -52.5 -52.5 -53.0 -52.5 -52.5 -53.0 -53.0 -52.0 -53.0 -53.0 -53.0 -53.0 -53.5 -54.5 -55.0 -54.0 -53.5 -56.5 -55.5 -56.5 -56.0 -55.5 -55.5 -56.5 -55.5 -55.0 -54.0 -54.0 -53.0 -54.0 -55.0 -56.0 -55.0 -55.5 -56.0 -55.5 -54.5 
5.197126909356553 5.240078371417351 5.252350217720435 5.184855063053467 4.963961829597935 5.2768939103266055 5.148039524144211 5.098952138931871 5.117359908386499 5.166447293598839 5.160311370447297 5.086680292628786 5.160311370447297 5.1725832167503825 5.141903600992669 5.074408446325701 5.049864753719531 5.307573526084319 5.3198453723874035 5.3627968344482015 5.485515297479052 5.8045833013592665 5.915029918087033 5.681864838328415 5.522330836388308 5.577554144752192 5.393476450205914 5.332117218690489 5.264622064023521 5.387340527054372 5.393476450205914 5.553010452146021 5.620505606812989 5.632777453116074 5.982525072754001 5.66959299202533 5.338253141842031 5.356660911296659 5.3627968344482015 5.4671075280244255 5.418020142812084 5.47937937432751 5.393476450205914 5.424156065963627 
-59.5 -59.5 -60.5 -59.5 -59.5 -60.5 -59.5 -60.0 -60.0 -59.5 -59.5 -59.5 -59.5 -59.0 -59.5 -58.5 -59.5 -59.5 -60.0 -60.0 -62.0 -63.0 -58.5 -59.0 -59.5 -60.0 -60.0 -61.5 -61.5 -60.5 -60.5 -60.5 -58.5 -60.0 -58.5 -62.5 -61.5 -61.0 -60.5 -60.5 -60.5 -61.0 -61.0 -61.0 
4.71238898038469 4.792155981354743 4.71238898038469 4.798291904506286 4.706253057233147 4.626486056263094 4.571262747899211 4.411728745959104 4.7307967498393175 4.681709364626977 4.755340442445488 4.491495746929157 4.718524903536232 4.779884135051658 4.71238898038469 4.700117134081604 4.681709364626977 4.626486056263094 4.663301595172349 4.828971520263998 5.258486140871978 5.724816300389213 5.221670601962723 5.8659425328746915 6.013204688511713 5.755495916146925 5.675728915176872 5.798447378207723 5.792311455056181 5.957981380147831 2.1598449493429825 5.66959299202533 5.730952223540755 5.448699758569798 1.8039614065535141 5.123495831538041 5.006913291658733 
-63.0 -63.5 -61.5 -63.5 -61.5 -62.0 -62.0 -61.0 -61.5 -60.0 -60.5 -61.5 -61.0 -60.5 -62.0 -62.0 -61.0 -62.5 -63.0 -62.0 -63.5 -63.5 -61.5 -66.5 -66.5 -65.5 -64.5 -65.0 -66.0 -66.5 -73.0 -64.0 -61.5 -63.0 -69.5 -67.5 -66.5 
