2.8716120349219203 2.8532042654672924 2.8532042654672924 2.8838838812250054 2.8409324191642074 2.9575149590435164 2.8716120349219203 2.82252464970958 2.9145634969827183 2.84706834231575 3.031146036862027 2.9022916506796332 2.8716120349219203 2.816388726558037 3.2029518851052186 3.6140587362585705 3.0925052683774528 1.033903051034922 4.503767593232243 3.7122335066832517 3.816544200259475 3.3502140407422405 0.3374757733348411 3.3440781175906977 0.4111068511533518 3.5036121195308043 3.141592653589793 3.466796580621549 3.172272269347506 3.2888548092268146 3.2397674240144743 2.82252464970958 2.454369260617026 2.6998061866787286 2.804116880254952 2.675262494072558 2.834796496012665 2.742757648739526 
-63.5 -63.5 -63.0 -62.5 -63.5 -63.5 -63.0 -63.0 -63.0 -63.5 -63.5 -63.0 -63.5 -63.5 -65.0 -67.5 -66.5 -68.5 -65.0 -67.0 -66.5 -67.0 -68.0 -66.0 -67.5 -69.5 -64.5 -63.0 -61.5 -63.5 -66.0 -65.5 -65.5 -64.5 -64.5 -65.0 -64.0 -62.5 
2.000310947402876 1.8223691760081417 1.736466251886546 1.88986433067511 1.9757672547967058 1.8775924843720249 1.9082721001297376 1.9205439464328227 2.061670178918302 1.945087639038993 1.902136176978195 2.116893487282185 1.8775924843720249 2.2518837966161214 1.9634954084936207 1.9634954084936207 2.12916533358527 2.3746022596469727 2.662990647769473 0.006135923151542565 3.11091303783208 2.9943304979527716 2.890019804376548 2.736621725587984 2.761165418194154 2.552544031041707 2.662990647769473 2.804116880254952 2.82252464970958 3.3379421944391554 3.5772431973493153 0.4295146206079795 2.988194574801229 2.6875343403756435 2.4911847995262812 2.325514874434632 2.2764274892222915 2.337786720737717 2.282563412373834 2.3623304133438876 2.2027964114037806 2.043262409463674 
-61.5 -62.5 -62.0 -62.0 -62.0 -61.5 -61.5 -62.0 -62.5 -62.5 -62.0 -62.5 -62.0 -62.5 -62.0 -62.0 -62.5 -63.5 -64.0 -65.0 -63.0 -62.0 -63.5 -64.0 -64.0 -63.0 -61.5 -63.0 -62.5 -62.5 -64.0 -66.0 -67.0 -65.0 -64.5 -64.5 -64.5 -65.5 -65.0 -66.0 -65.5 -64.5 
0.9203884727313847 0.9142525495798421 0.944932165337555 0.9203884727313847 0.6442719309119693 0.9203884727313847 0.9019807032767571 0.8958447801252144 0.9019807032767571 0.8713010875190442 0.8651651643675016 0.8528933180644165 0.9081166264282996 0.8774370106705868 0.8774370106705868 0.8713010875190442 0.9940195505498954 1.0492428589137786 0.9326603190344698 1.445009902188274 1.2701360923693108 0.9387962421860124 0.9572040116406401 0.9203884727313847 0.859029241215959 0.8528933180644165 0.8897088569736719 0.8222137023067037 0.8344855486097889 1.1290098598838318 1.1780972450961724 1.1443496677626883 0.9694758579437253 1.012427320004523 0.8835729338221293 0.6872233929727672 0.5276893910326605 0.5031456984264903 0.5092816215780329 0.5338253141842031 0.5829126993965437 0.6013204688511713 
-49.0 -49.0 -49.0 -49.0 -49.0 -49.0 -49.0 -49.5 -49.5 -49.5 -49.5 -49.5 -49.5 -49.5 -49.0 -49.5 -50.0 -53.0 -56.0 -57.0 -52.0 -52.5 -54.0 -54.5 -55.5 -55.5 -55.5 -55.0 -53.5 -53.0 -53.5 -55.0 -54.0 -52.0 -52.0 -52.0 -52.0 -52.0 -53.0 -52.5 -52.0 -52.0 
0.859029241215959 0.8713010875190442 0.8099418560036186 0.859029241215959 0.8835729338221293 0.859029241215959 0.9081166264282996 0.8222137023067037 0.8222137023067037 0.8713010875190442 0.8774370106705868 0.803805932852076 0.8160777791551611 0.8344855486097889 0.760854470791278 0.8160777791551611 0.9142525495798421 1.000155473701438 1.2640001692177683 4.669437518323892 1.3560390164909069 1.3008157081270237 1.239456476611598 1.2762720155208536 1.2640001692177683 1.2578642460662257 1.239456476611598 1.2333205534600555 1.2087768608538851 1.3008157081270237 1.2701360923693108 1.4756895179459868 1.564660403643354 1.3744467859455345 1.184233168247715 0.9142525495798421 0.803805932852076 0.8406214717613314 0.8160777791551611 0.7179030087304801 0.6994952392758523 0.705631162427395 
-51.5 -51.5 -51.5 -51.0 -51.5 -51.5 -51.0 -51.5 -51.5 -51.5 -51.5 -51.5 -51.5 -51.5 -51.5 -51.5 -51.0 -51.5 -53.0 -52.5 -51.0 -51.0 -51.5 -52.0 -51.5 -51.0 -51.5 -51.5 -51.0 -51.0 -51.0 -52.0 -53.5 -53.5 -53.0 -54.0 -54.5 -55.0 -54.5 -54.5 -54.0 -53.5 
1.2026409377023426 1.2087768608538851 1.1780972450961724 1.2455923997631406 1.1719613219446299 1.184233168247715 1.2210487071569704 1.2026409377023426 1.0737865515199487 1.227184630308513 1.1719613219446299 1.2087768608538851 1.227184630308513 1.214912784005428 1.2026409377023426 1.3192234775816514 1.4971652489763858 1.9205439464328227 2.172116795646068 1.9880391010997909 1.7978254834019713 1.7119225592803755 1.718058482431918 1.7548740213411735 1.6014759425526093 1.5585244804918115 1.6689710972195777 1.6444274046134073 1.6137477888556946 1.4726215563702154 1.6812429435226628 1.714990520856147 1.88986433067511 1.88986433067511 1.8530487917658545 1.6198837120072371 1.533980787885641 1.5033011721279284 1.5033011721279284 1.5033011721279284 1.4910293258248433 1.4480778637640452 
-58.0 -58.0 -58.0 -58.0 -58.0 -57.5 -58.0 -58.0 -57.5 -57.5 -59.0 -58.0 -58.5 -58.5 -58.0 -58.0 -58.0 -57.5 -57.5 -51.5 -51.5 -52.5 -54.0 -54.0 -54.5 -55.0 -54.5 -53.5 -53.5 -53.5 -51.0 -52.0 -51.5 -53.0 -55.0 -59.0 -60.0 -60.5 -61.5 -61.0 -60.5 -60.5 
1.552388557340269 1.5707963267948966 1.533980787885641 1.5462526341887264 1.552388557340269 1.6014759425526093 1.5830681730979816 1.533980787885641 1.5462526341887264 1.521708941582556 1.5033011721279284 1.5585244804918115 1.564660403643354 1.5278448647340985 1.509437095279471 1.4542137869155878 1.4910293258248433 1.7978254834019713 2.061670178918302 1.9972429858271048 1.9512235621905356 2.012582793705961 2.067806102069844 1.9819031779482483 2.012582793705961 2.086213871524472 2.0371264863121317 2.0493983326152168 2.030990563160589 1.859184714917397 1.8714565612204823 1.9757672547967058 1.8837284075235674 2.055534255766759 1.932815792735908 1.5278448647340985 1.5585244804918115 1.5155730184310134 1.509437095279471 1.5033011721279284 1.4726215563702154 1.5033011721279284 
-54.5 -55.0 -54.5 -55.0 -55.0 -55.5 -55.0 -55.0 -55.0 -55.0 -55.5 -55.0 -55.5 -55.0 -55.0 -55.5 -55.5 -54.5 -55.0 -53.5 -53.5 -56.5 -55.5 -56.5 -57.5 -55.5 -55.5 -56.0 -56.5 -56.5 -54.5 -56.0 -54.0 -54.0 -57.0 -60.5 -62.0 -61.0 -60.5 -60.5 -59.5 -58.0 
5.3627968344482015 5.3198453723874035 5.289165756629691 5.289165756629691 5.497787143782138 5.356660911296659 5.3627968344482015 5.350524988145116 5.295301679781233 5.2768939103266055 5.411884219660542 5.301437602932776 5.381204603902829 5.393476450205914 5.289165756629691 5.381204603902829 5.50392306693368 5.565282298449106 5.47937937432751 5.939573610693203 5.66959299202533 5.724816300389213 5.700272607783043 5.64504929941916 5.681864838328415 5.368932757599744 5.424156065963627 5.45483568172134 5.620505606812989 5.160311370447297 5.3198453723874035 5.546874528994478 5.258486140871978 5.436427912266712 5.546874528994478 5.706408530934585 5.663457068873787 5.546874528994478 5.626641529964532 5.559146375297564 5.632777453116074 5.5714182216006485 5.553010452146021 
-61.5 -61.0 -61.0 -61.5 -62.0 -61.5 -62.0 -61.0 -61.5 -62.0 -60.0 -61.5 -61.0 -63.0 -60.5 -61.5 -59.0 -61.0 -62.5 -63.5 -59.5 -59.5 -59.0 -60.5 -61.0 -62.0 -63.0 -62.0 -63.0 -61.5 -60.0 -59.0 -61.5 -60.0 -61.5 -62.0 -62.5 -61.5 -61.5 -61.5 -61.0 -61.0 -62.0 
1.552388557340269 4.841243366567084 4.841243366567084 4.816699673960914 4.7860200582032 1.5155730184310134 1.5585244804918115 2.061670178918302 6.129787228391022 5.344389064993574 6.019340611663256 6.166602767300278 5.964117303299373 6.068427996875596 6.013204688511713 6.019340611663256 6.17273869045182 5.976389149602458 6.074563920027139 5.64504929941916 5.8475347634200645 5.730952223540755 6.160466844148735 
-67.5 -67.5 -67.5 -67.5 -66.5 -68.5 -69.5 -67.0 -64.5 -62.5 -67.0 -67.5 -66.0 -64.5 -65.0 -63.5 -64.0 -64.5 -66.0 -65.5 -61.5 -62.0 -69.0 
