2.779573187648782 2.7979809571034093 2.8961557275280905 2.724349879284899 2.773437264497239 2.9697868053466014 2.7857091108003242 2.82252464970958 3.000466421104314 2.8286605728611223 2.8532042654672924 2.779573187648782 2.8532042654672924 2.804116880254952 2.84706834231575 3.3379421944391554 0.3129320807286708 1.3008157081270237 3.693825737228624 3.1906800388021335 3.2029518851052186 3.429981041712294 0.2699806186678728 3.5711072741977725 4.031301510563465 2.791845033951867 2.9084275738311756 3.3072625786814425 3.0802334220743677 2.8961557275280905 2.718213956133356 2.6016314162540475 2.552544031041707 2.748893571891069 2.8777479580734626 
-63.0 -63.0 -63.0 -63.5 -62.0 -63.0 -63.5 -63.0 -63.5 -61.5 -63.0 -64.0 -63.0 -63.0 -65.0 -68.5 -73.5 -69.5 -66.5 -67.5 -68.0 -69.0 -68.0 -66.5 -66.0 -67.0 -65.5 -65.5 -64.0 -63.5 -63.5 -63.5 -64.0 -64.0 -63.5 
2.1905245651006955 2.1905245651006955 2.2089323345553233 2.1966604882522383 2.1475731030398975 2.1782527187976104 2.1353012567368124 2.227340104009951 2.110757564130642 2.172116795646068 2.2518837966161214 2.1782527187976104 2.1905245651006955 2.1537090261914402 2.1598449493429825 2.282563412373834 2.466641106920111 2.6691265709210157 2.724349879284899 3.08636934522591 3.055689729468197 3.074097498922825 2.945243112740431 2.7120780329818137 2.7550294950426117 2.6691265709210157 2.718213956133356 2.804116880254952 3.08636934522591 3.2888548092268146 3.2581751934691017 2.804116880254952 2.564815877344792 1.945087639038993 1.8775924843720249 1.8653206380689396 1.8407769454627694 1.7916895602504288 1.7916895602504288 1.8162332528565992 1.8530487917658545 
-63.0 -63.5 -64.0 -63.5 -63.5 -63.5 -62.0 -63.0 -62.5 -63.0 -63.5 -63.0 -63.5 -62.5 -63.5 -61.0 -61.5 -63.0 -62.5 -63.5 -63.0 -63.5 -64.5 -64.0 -63.5 -63.5 -64.0 -63.0 -62.0 -63.5 -64.5 -65.5 -67.0 -66.0 -63.5 -62.5 -63.0 -62.5 -63.0 -62.5 -65.0 
0.7363107781851077 0.7117670855789375 0.7240389318820226 0.7731263170943632 0.7547185476397354 0.7424467013366504 0.7731263170943632 0.7485826244881929 0.7547185476397354 0.6810874698212247 0.7485826244881929 0.6320000846088841 0.7424467013366504 0.7424467013366504 0.7853981633974483 0.9081166264282996 0.9940195505498954 0.7792622402459057 1.1596894756415448 1.4910293258248433 1.1903690913992575 0.9326603190344698 0.9081166264282996 0.9510680884890975 0.9387962421860124 0.859029241215959 0.859029241215959 1.043106935762236 1.141281706186917 1.1290098598838318 1.2455923997631406 1.337631247036279 1.0492428589137786 1.0921943209745766 1.055378782065321 0.9203884727313847 0.760854470791278 0.6933593161243098 0.7485826244881929 0.760854470791278 0.705631162427395 
-51.5 -51.5 -51.5 -51.5 -51.5 -51.0 -51.0 -51.0 -51.0 -51.0 -51.0 -51.5 -51.5 -51.5 -51.5 -53.0 -57.5 -60.0 -57.5 -54.5 -52.5 -53.0 -56.0 -55.5 -56.0 -56.0 -55.0 -54.0 -54.0 -52.0 -52.5 -54.0 -55.0 -53.0 -51.0 -50.0 -50.5 -50.5 -50.0 -49.5 -50.0 
0.7301748550335652 0.7117670855789375 0.7301748550335652 0.7547185476397354 0.7669903939428205 0.7179030087304801 0.7485826244881929 0.7547185476397354 0.7117670855789375 0.7485826244881929 0.7547185476397354 0.7424467013366504 0.7240389318820226 0.7363107781851077 0.7363107781851077 0.7853981633974483 0.9572040116406401 1.141281706186917 1.3499030933393643 1.5278448647340985 1.3744467859455345 1.337631247036279 1.239456476611598 1.3437671701878218 1.239456476611598 1.2762720155208536 1.337631247036279 1.3314953238847365 1.3499030933393643 1.2640001692177683 1.3437671701878218 1.4480778637640452 1.4480778637640452 1.2640001692177683 1.0737865515199487 0.8467573949128739 0.803805932852076 0.7424467013366504 0.6994952392758523 0.7547185476397354 0.7485826244881929 
-52.5 -52.0 -52.0 -52.0 -52.5 -52.5 -52.0 -52.0 -52.0 -52.0 -52.0 -52.0 -52.0 -52.0 -51.5 -51.0 -51.0 -52.0 -52.0 -51.5 -51.5 -51.0 -51.5 -51.5 -51.5 -51.5 -51.5 -51.5 -51.5 -51.0 -50.5 -52.0 -53.0 -53.0 -52.5 -51.5 -52.0 -52.0 -52.0 -52.0 -52.5 
1.3437671701878218 1.368310862793992 1.380582709097077 1.380582709097077 1.2885438618239387 1.3130875544301088 1.3437671701878218 1.3621749396424494 1.3744467859455345 1.2578642460662257 1.325359400733194 1.2578642460662257 1.2946797849754812 1.3192234775816514 1.4296700943094176 1.7794177139473437 2.1905245651006955 2.2334760271614935 2.086213871524472 1.9205439464328227 1.7855536370988863 1.7119225592803755 1.7978254834019713 1.8039614065535141 1.7855536370988863 1.7978254834019713 1.8775924843720249 1.8530487917658545 1.7916895602504288 1.8346410223112268 1.8039614065535141 1.9634954084936207 2.1353012567368124 2.110757564130642 1.8775924843720249 1.5707963267948966 1.4726215563702154 1.4480778637640452 1.3867186322486196 1.337631247036279 1.2578642460662257 
-60.5 -60.5 -60.5 -61.0 -60.5 -60.5 -60.0 -59.5 -60.5 -60.5 -61.0 -61.0 -61.0 -61.0 -61.0 -59.0 -57.5 -56.5 -54.5 -51.0 -52.5 -53.5 -55.0 -55.0 -56.5 -57.0 -56.0 -56.0 -55.0 -52.0 -52.5 -51.5 -55.5 -56.0 -56.5 -58.5 -58.5 -59.5 -58.5 -58.0 -58.5 
1.5892040962495242 1.5830681730979816 1.4787574795217582 1.5707963267948966 1.564660403643354 1.5707963267948966 1.5953400194010667 1.564660403643354 1.5830681730979816 1.5707963267948966 1.552388557340269 1.5278448647340985 1.5462526341887264 1.4971652489763858 1.5462526341887264 1.5155730184310134 1.8223691760081417 1.9757672547967058 2.141437179888355 1.9266798695843652 2.0064468705544187 2.1659808724945253 2.055534255766759 2.067806102069844 2.2396119503130363 2.2518837966161214 2.1966604882522383 2.110757564130642 2.1537090261914402 2.116893487282185 2.018718716857504 2.061670178918302 2.073942025221387 2.055534255766759 1.9205439464328227 1.7548740213411735 1.662835174068035 1.564660403643354 1.6444274046134073 1.5892040962495242 1.6014759425526093 
-56.5 -56.5 -57.0 -56.5 -56.5 -56.5 -56.0 -56.5 -56.0 -56.0 -56.5 -56.5 -56.0 -56.0 -57.0 -56.5 -54.0 -55.0 -53.0 -53.5 -56.0 -57.5 -56.0 -58.0 -57.5 -56.5 -57.5 -57.5 -56.5 -55.5 -55.0 -54.5 -54.5 -54.5 -54.5 -55.5 -56.5 -56.0 -55.5 -56.5 -57.0 
5.460971604872882 5.460971604872882 5.307573526084319 5.375068680751287 5.313709449235861 5.424156065963627 5.344389064993574 5.411884219660542 5.418020142812084 5.368932757599744 5.325981295538946 5.313709449235861 5.405748296509 5.368932757599744 5.405748296509 5.473243451175968 5.540738605842936 5.6143696836614465 5.853670686571607 5.559146375297564 5.50392306693368 5.424156065963627 5.473243451175968 5.332117218690489 5.608233760509904 5.5284667595398505 5.436427912266712 5.6143696836614465 5.424156065963627 5.6573211457222445 5.688000761479957 5.780039608753096 5.663457068873787 5.283029833478148 5.209398755659637 5.21553467881118 5.307573526084319 5.2339424482658075 5.289165756629691 5.246214294568893 5.283029833478148 
-62.0 -62.0 -62.0 -62.5 -62.5 -62.5 -62.5 -62.0 -62.0 -61.5 -62.5 -61.0 -62.0 -62.5 -62.0 -61.5 -62.0 -63.5 -60.5 -57.0 -59.0 -59.5 -60.5 -61.0 -62.5 -62.0 -63.0 -60.5 -60.0 -58.0 -60.5 -59.5 -61.5 -64.0 -62.5 -61.0 -60.5 -60.5 -62.5 -62.5 -60.5 
2.061670178918302 1.8223691760081417 1.6505633277649499 1.6689710972195777 4.865787059173254 5.301437602932776 5.5714182216006485 6.013204688511713 6.043884304269426 5.246214294568893 3.785864584501762 6.1420590746941075 6.0991076126333095 6.2034183062095325 0.5829126993965437 2.172116795646068 6.019340611663256 5.43029198911517 5.1725832167503825 5.393476450205914 5.338253141842031 2.000310947402876 5.411884219660542 1.8039614065535141 
-73.0 -73.5 -72.0 -72.5 -71.0 -67.5 -65.5 -66.0 -63.0 -61.0 -70.5 -64.5 -66.5 -66.0 -68.0 -67.0 -65.0 -63.5 -64.0 -65.5 -68.0 -70.0 -68.0 -73.0 
