3.031146036862027 3.000466421104314 2.8286605728611223 2.9513790358919736 2.9575149590435164 2.9575149590435164 3.0250101137104846 2.988194574801229 3.0127382674073995 2.9820586516496865 3.018874190558942 2.9391071895888885 2.8716120349219203 3.018874190558942 3.043417883165112 3.2827188860752723 3.423845118560751 3.3502140407422405 0.6933593161243098 3.785864584501762 3.522019888985432 3.6815538909255388 3.2213596545598464 3.3502140407422405 3.160000423044421 3.2581751934691017 3.429981041712294 3.497476196379262 3.56497135104623 3.2949907323783574 3.380893656499953 2.9575149590435164 2.399145952253143 2.337786720737717 1.8530487917658545 2.8102528034064944 2.478912953223196 
-63.5 -63.5 -63.0 -63.0 -63.0 -62.5 -63.0 -63.0 -63.0 -63.0 -63.5 -63.5 -63.0 -63.5 -63.0 -63.5 -63.5 -65.5 -68.0 -65.5 -66.5 -65.5 -65.5 -67.5 -65.5 -67.0 -67.5 -64.0 -63.0 -63.0 -64.5 -66.0 -66.5 -65.5 -66.5 -67.5 -66.5 
2.116893487282185 2.043262409463674 2.141437179888355 1.9634954084936207 2.067806102069844 2.043262409463674 2.184388641949153 2.0493983326152168 2.018718716857504 2.086213871524472 2.098485717827557 2.141437179888355 2.172116795646068 2.086213871524472 2.1782527187976104 2.386874105950058 2.521864415283994 2.6445828783148455 0.5706408530934585 3.2397674240144743 3.0250101137104846 2.6568547246179306 2.6568547246179306 2.779573187648782 2.8532042654672924 2.7550294950426117 2.804116880254952 3.08636934522591 3.32567034813607 3.3870295796514958 3.08636934522591 2.9391071895888885 2.466641106920111 2.098485717827557 1.9266798695843652 1.9389517158874505 1.9634954084936207 1.8100973297050567 2.061670178918302 2.0371264863121317 
-63.0 -62.5 -62.0 -63.0 -63.5 -62.0 -61.0 -62.5 -62.5 -62.5 -62.5 -63.0 -62.0 -63.0 -63.5 -63.0 -63.5 -64.5 -65.5 -62.5 -62.5 -61.5 -62.5 -62.0 -62.0 -62.5 -63.0 -63.0 -63.0 -64.0 -67.0 -65.5 -65.5 -65.0 -65.0 -65.0 -66.0 -65.0 -65.0 -65.0 
0.9510680884890975 0.9142525495798421 0.8713010875190442 0.9510680884890975 0.9265243958829272 0.944932165337555 0.944932165337555 0.9142525495798421 0.8958447801252144 0.8897088569736719 0.9081166264282996 0.8283496254582462 0.8713010875190442 0.8897088569736719 0.8897088569736719 1.000155473701438 1.0369710126106935 0.9940195505498954 1.3130875544301088 1.2762720155208536 1.0737865515199487 0.9694758579437253 1.0246991663076084 0.8835729338221293 0.8958447801252144 0.9387962421860124 0.8958447801252144 0.9572040116406401 1.0615147052168636 1.1167380135807468 1.1719613219446299 1.1535535524900022 1.086058397823034 0.9510680884890975 0.6749515466696822 0.4356505437595221 0.4172427743048944 0.35588354278946877 0.37429131224409645 0.3436116964863836 0.36815538909255385 
-49.0 -48.5 -48.5 -48.5 -48.5 -48.5 -48.5 -48.5 -49.0 -49.0 -49.0 -49.0 -49.0 -49.0 -49.0 -50.0 -51.5 -55.0 -56.0 -52.5 -52.0 -54.0 -54.0 -54.0 -54.0 -54.0 -53.0 -52.5 -53.0 -52.5 -52.5 -54.0 -53.5 -52.5 -53.0 -53.5 -54.0 -54.0 -53.5 -54.5 -54.5 
0.803805932852076 0.8344855486097889 0.8283496254582462 0.8344855486097889 0.8344855486097889 0.8160777791551611 0.8774370106705868 0.8160777791551611 0.8222137023067037 0.8528933180644165 0.8467573949128739 0.8283496254582462 0.8283496254582462 0.8774370106705868 0.8528933180644165 0.9142525495798421 1.1535535524900022 1.5033011721279284 1.6812429435226628 1.3437671701878218 1.2578642460662257 1.3130875544301088 1.3560390164909069 1.325359400733194 1.325359400733194 1.3008157081270237 1.3130875544301088 1.2946797849754812 1.2578642460662257 1.3192234775816514 1.3437671701878218 1.4971652489763858 1.4971652489763858 1.2333205534600555 0.9817477042468103 0.859029241215959 0.8713010875190442 0.8651651643675016 0.760854470791278 0.7915340865489908 0.8160777791551611 
-52.0 -52.5 -52.0 -52.0 -52.0 -52.5 -52.0 -52.5 -52.5 -52.5 -52.5 -52.5 -52.5 -52.5 -52.0 -52.0 -52.5 -54.0 -52.0 -50.5 -50.5 -51.0 -51.5 -51.0 -51.0 -51.0 -50.5 -51.0 -50.5 -51.0 -51.0 -52.0 -53.0 -53.5 -53.5 -54.0 -54.5 -54.5 -55.5 -55.0 -54.5 
1.2455923997631406 1.1965050145508 1.1044661672776617 1.227184630308513 1.2026409377023426 1.1965050145508 1.2210487071569704 1.1351457830353744 1.1290098598838318 1.1596894756415448 1.141281706186917 1.1658253987930873 1.1596894756415448 1.2640001692177683 1.2640001692177683 1.5462526341887264 1.9573594853420782 2.2150682577068657 2.043262409463674 1.718058482431918 1.736466251886546 1.5892040962495242 1.6689710972195777 1.7303303287350031 1.748738098189631 1.6137477888556946 1.6996507129772904 1.6935147898257479 1.533980787885641 1.6321555583103222 1.7548740213411735 1.9573594853420782 1.945087639038993 1.8530487917658545 1.7548740213411735 1.6566992509164924 1.6812429435226628 1.736466251886546 1.5278448647340985 1.5401167110371838 1.6260196351587797 
-58.0 -57.5 -57.5 -58.0 -57.5 -57.5 -57.5 -57.5 -58.0 -58.0 -57.5 -58.0 -59.0 -58.5 -58.0 -58.0 -58.5 -54.5 -51.5 -53.5 -53.0 -53.5 -55.0 -53.5 -53.5 -53.5 -53.0 -53.0 -53.0 -51.5 -51.5 -52.0 -53.5 -55.5 -59.5 -61.5 -61.0 -60.5 -61.0 -60.5 -60.5 
1.5278448647340985 1.521708941582556 1.4971652489763858 1.5155730184310134 1.337631247036279 1.4971652489763858 1.5033011721279284 1.3867186322486196 1.509437095279471 1.5401167110371838 1.4480778637640452 1.4848934026733007 1.5033011721279284 1.4848934026733007 1.4480778637640452 1.4910293258248433 1.9512235621905356 2.227340104009951 2.0064468705544187 1.9941750242513334 2.116893487282185 2.141437179888355 2.024854640009046 2.098485717827557 2.110757564130642 2.1475731030398975 2.000310947402876 2.030990563160589 2.0800779483729293 2.018718716857504 1.9941750242513334 2.073942025221387 2.1230294104337273 2.000310947402876 1.7916895602504288 1.5953400194010667 1.6873788666742053 1.6566992509164924 1.5953400194010667 1.6935147898257479 1.718058482431918 
-56.0 -56.0 -56.0 -56.0 -56.0 -56.0 -55.5 -56.5 -56.0 -56.5 -56.0 -56.0 -56.5 -56.5 -56.0 -56.5 -57.0 -56.0 -53.5 -56.0 -56.5 -56.0 -56.0 -57.0 -56.0 -55.5 -56.5 -56.5 -55.5 -55.0 -53.5 -54.0 -54.5 -55.5 -58.0 -60.0 -60.0 -59.0 -60.5 -60.0 -59.5 
5.295301679781233 5.240078371417351 5.221670601962723 5.123495831538041 5.240078371417351 5.197126909356553 5.154175447295755 5.258486140871978 5.209398755659637 5.295301679781233 5.289165756629691 5.356660911296659 5.381204603902829 5.301437602932776 5.344389064993574 5.436427912266712 5.8045833013592665 5.945709533844745 5.859806609723149 5.583690067903734 5.737088146692298 5.473243451175968 5.546874528994478 5.4671075280244255 5.356660911296659 5.203262832508095 5.166447293598839 5.141903600992669 5.240078371417351 5.638913376267617 5.534602682691394 5.8659425328746915 5.681864838328415 5.540738605842936 5.405748296509 5.608233760509904 5.620505606812989 5.71868037723767 5.688000761479957 5.8045833013592665 5.663457068873787 
-61.5 -61.5 -62.5 -62.0 -62.0 -62.0 -62.0 -61.5 -62.0 -61.5 -61.5 -62.5 -62.0 -62.0 -61.5 -60.5 -61.5 -60.5 -58.5 -61.0 -59.0 -60.5 -61.0 -62.0 -62.0 -61.0 -61.0 -60.5 -60.0 -58.5 -60.5 -59.0 -62.0 -63.0 -62.5 -63.0 -62.0 -62.5 -63.0 -62.5 -62.5 
4.270602513473625 4.331961744989051 4.313553975534423 4.424000592262189 4.424000592262189 4.368777283898306 4.503767593232243 4.381049130201391 4.0558452031696355 1.1903690913992575 1.1167380135807468 4.049709280018092 4.1172044346850605 5.197126909356553 5.792311455056181 5.098952138931871 5.902758071783947 6.215690152512618 5.915029918087033 5.93343768754166 5.970253226450915 6.1850105367549055 5.939573610693203 0.09203884727313846 2.380738182798515 5.773903685601553 5.872078456026235 4.074252972624263 0.18407769454627693 0.0674951546669682 
-68.0 -68.0 -67.0 -68.0 -67.0 -67.5 -68.0 -69.5 -69.5 -70.5 -70.5 -68.5 -69.0 -68.5 -62.5 -62.0 -63.5 -64.5 -64.0 -64.5 -65.0 -65.5 -64.0 -68.0 -63.5 -63.0 -66.0 -74.0 -72.5 -72.0 
