2.497320722677824 2.5586799541932495 2.6261751088602177 2.718213956133356 2.693670263527186 2.6200391857086753 2.6691265709210157 2.675262494072558 2.6200391857086753 2.6813984172241008 2.705942109830271 2.724349879284899 2.8409324191642074 2.6998061866787286 2.773437264497239 2.693670263527186 2.6875343403756435 3.000466421104314 3.2827188860752723 2.82252464970958 4.0036898563815235 3.160000423044421 3.3072625786814425 3.104777114680538 3.3318062712876126 3.4606606574700063 3.06182565261974 3.5772431973493153 3.6570101983193686 3.6201946594101133 3.2581751934691017 3.2520392703175593 3.2213596545598464 2.9206994201342606 2.748893571891069 2.8532042654672924 2.6016314162540475 2.60776733940559 5.954913418572059 2.736621725587984 2.5832236467994196 
-64.5 -65.5 -64.5 -65.5 -64.5 -65.0 -65.5 -64.5 -64.5 -65.5 -64.5 -65.0 -65.0 -64.5 -63.0 -64.5 -63.5 -65.5 -65.5 -66.5 -66.5 -65.0 -65.0 -67.0 -65.5 -66.5 -66.5 -67.0 -65.0 -63.5 -64.5 -63.5 -64.0 -64.5 -64.5 -64.5 -64.0 -64.0 -65.5 -64.5 -63.0 
2.061670178918302 1.8714565612204823 1.88986433067511 2.012582793705961 2.172116795646068 2.0800779483729293 5.258486140871978 2.024854640009046 2.043262409463674 1.9819031779482483 1.9696313316451632 1.9819031779482483 2.012582793705961 1.9512235621905356 1.8100973297050567 2.000310947402876 2.2641556429192065 2.5034566458293663 2.7120780329818137 3.2520392703175593 3.3195344249845276 0.28225246497095796 3.0925052683774528 2.773437264497239 2.7979809571034093 2.767301341345697 2.779573187648782 2.8286605728611223 3.08636934522591 3.2949907323783574 3.32567034813607 3.0495538063166547 2.7857091108003242 2.2580197197676637 2.110757564130642 1.8285050991596843 1.859184714917397 1.761009944492716 1.8346410223112268 2.0800779483729293 1.932815792735908 1.9696313316451632 
-65.5 -64.5 -64.5 -65.5 -65.0 -64.5 -65.5 -64.0 -64.0 -64.5 -63.5 -63.5 -64.0 -64.5 -63.5 -63.0 -62.5 -62.5 -65.0 -64.0 -63.5 -63.0 -61.5 -61.5 -61.5 -62.5 -62.5 -62.0 -62.0 -63.0 -63.5 -66.0 -65.5 -66.0 -64.0 -63.5 -63.5 -63.5 -64.5 -64.5 -62.5 -63.0 
0.4540583132141498 0.4724660826687775 0.42337869745643697 0.48473792897186263 0.4908738521234052 0.4970097752749477 0.5276893910326605 0.5092816215780329 0.5338253141842031 0.5338253141842031 0.5706408530934585 0.5706408530934585 0.607456392002714 0.5951845456996288 0.6258641614573416 0.6258641614573416 0.7117670855789375 0.9019807032767571 0.9756117810952678 1.043106935762236 1.3008157081270237 1.239456476611598 0.9265243958829272 0.8774370106705868 0.9756117810952678 0.9019807032767571 0.9019807032767571 0.9572040116406401 1.030835089459151 0.9940195505498954 1.1596894756415448 1.2210487071569704 1.2087768608538851 1.1474176293384597 1.086058397823034 0.9142525495798421 0.8283496254582462 0.6749515466696822 0.8099418560036186 0.8222137023067037 0.803805932852076 0.7915340865489908 0.8222137023067037 
-51.5 -51.5 -51.0 -51.0 -51.0 -50.5 -51.0 -51.0 -50.5 -50.5 -50.5 -50.5 -50.5 -50.0 -50.5 -50.0 -50.5 -51.0 -53.0 -55.5 -55.5 -52.0 -53.0 -55.0 -54.5 -54.5 -54.0 -53.5 -53.5 -53.5 -52.0 -52.5 -54.0 -51.5 -50.5 -50.0 -51.0 -51.0 -50.5 -50.5 -51.0 -50.5 -50.0 
0.8222137023067037 0.7976700097005334 0.7976700097005334 0.7915340865489908 0.8283496254582462 0.7915340865489908 0.7363107781851077 0.760854470791278 0.760854470791278 0.662679700366597 0.7731263170943632 0.7547185476397354 0.6565437772150544 0.7731263170943632 0.7669903939428205 0.7792622402459057 0.760854470791278 0.8222137023067037 1.1719613219446299 1.5401167110371838 1.607611865704152 1.3314953238847365 1.260932207641997 1.239456476611598 1.325359400733194 1.3008157081270237 1.325359400733194 1.3008157081270237 1.2885438618239387 1.2885438618239387 1.2885438618239387 1.4542137869155878 1.5953400194010667 1.5401167110371838 1.2087768608538851 0.9142525495798421 0.8099418560036186 0.8467573949128739 0.6688156235181395 0.760854470791278 0.7547185476397354 0.7915340865489908 0.6320000846088841 
-54.0 -54.0 -54.0 -54.0 -54.0 -54.0 -53.5 -53.5 -53.5 -53.5 -53.5 -53.0 -53.0 -53.0 -53.0 -53.0 -52.5 -52.5 -52.5 -53.0 -51.5 -50.5 -51.5 -51.5 -52.0 -51.5 -51.0 -51.5 -51.5 -51.0 -50.5 -51.0 -52.5 -54.0 -54.0 -53.0 -53.0 -53.0 -52.5 -52.5 -53.0 -53.0 -52.0 
1.2026409377023426 1.227184630308513 1.184233168247715 1.184233168247715 1.1290098598838318 1.1228739367322893 1.0799224746714913 1.1596894756415448 1.0921943209745766 1.1106020904292042 1.1044661672776617 1.0799224746714913 1.0246991663076084 1.0369710126106935 1.0615147052168636 1.1167380135807468 1.239456476611598 1.5707963267948966 2.073942025221387 2.1353012567368124 1.8407769454627694 1.662835174068035 1.6812429435226628 1.607611865704152 1.6996507129772904 1.6566992509164924 1.718058482431918 1.7426021750380885 1.6137477888556946 1.6198837120072371 1.7732817907958012 1.8162332528565992 2.055534255766759 2.0493983326152168 1.7794177139473437 1.5155730184310134 1.380582709097077 1.2026409377023426 1.1351457830353744 1.1903690913992575 1.346835131763593 1.3314953238847365 1.2455923997631406 
-61.5 -61.5 -61.0 -60.5 -60.5 -60.5 -61.0 -60.5 -60.5 -61.0 -60.5 -60.5 -60.5 -60.0 -60.0 -59.5 -59.0 -58.5 -56.0 -54.5 -51.0 -52.5 -53.5 -54.0 -54.5 -53.5 -53.5 -53.0 -53.5 -53.0 -53.0 -52.0 -52.5 -55.5 -55.5 -57.5 -58.5 -60.5 -59.0 -60.0 -60.5 -60.0 -59.0 
1.5278448647340985 1.552388557340269 1.4726215563702154 1.576932249946439 1.521708941582556 1.5585244804918115 1.521708941582556 1.4848934026733007 1.4910293258248433 1.4848934026733007 1.4848934026733007 1.5033011721279284 1.5953400194010667 1.533980787885641 1.533980787885641 1.4910293258248433 1.3192234775816514 1.5155730184310134 1.9389517158874505 2.172116795646068 1.9512235621905356 1.945087639038993 2.055534255766759 2.110757564130642 1.9880391010997909 2.055534255766759 2.098485717827557 1.9082721001297376 2.0064468705544187 1.9512235621905356 1.9696313316451632 1.9819031779482483 2.098485717827557 2.2089323345553233 2.0493983326152168 1.6751070203711202 1.5278448647340985 1.6505633277649499 1.4971652489763858 1.4971652489763858 1.5186409800067848 1.4296700943094176 1.4542137869155878 
-58.5 -59.0 -58.5 -59.0 -58.5 -59.0 -58.5 -58.0 -58.0 -58.0 -58.0 -57.5 -57.0 -57.0 -57.0 -57.5 -57.5 -58.0 -56.5 -54.5 -53.5 -56.0 -58.0 -56.0 -56.5 -57.0 -56.5 -56.5 -56.5 -56.0 -55.0 -54.0 -54.0 -54.5 -56.0 -57.5 -57.5 -57.0 -57.0 -57.0 -57.5 -56.5 -56.0 
5.706408530934585 5.64504929941916 5.620505606812989 5.608233760509904 5.632777453116074 5.6143696836614465 5.491651220630596 5.5714182216006485 5.43029198911517 5.553010452146021 5.45483568172134 5.3198453723874035 5.405748296509 5.411884219660542 5.460971604872882 5.448699758569798 5.5714182216006485 5.534602682691394 5.583690067903734 5.632777453116074 5.589825991055276 5.540738605842936 5.580622106327962 5.411884219660542 5.418020142812084 5.418020142812084 5.448699758569798 5.332117218690489 5.197126909356553 5.485515297479052 5.810719224510809 5.595961914206819 5.743224069843841 5.516194913236766 5.4671075280244255 5.418020142812084 5.534602682691394 5.45483568172134 5.540738605842936 5.476311412751739 5.5100589900852235 5.3627968344482015 
-63.0 -63.0 -63.5 -63.0 -63.0 -63.5 -63.0 -63.5 -64.0 -64.0 -63.5 -63.0 -63.5 -63.5 -63.5 -63.0 -62.5 -62.0 -62.5 -60.5 -59.0 -60.5 -60.5 -61.0 -61.5 -62.0 -61.5 -60.5 -60.0 -59.5 -59.5 -61.0 -59.0 -61.5 -61.5 -60.5 -62.0 -62.0 -62.0 -62.0 -61.5 -62.5 
5.822991070813893 5.859806609723149 6.224894037239932 5.896622148632405 6.086835766330224 5.915029918087033 5.9518454569962875 5.902758071783947 5.737088146692298 5.8475347634200645 5.773903685601553 5.816855147662351 5.5714182216006485 1.7241944055834606 1.5953400194010667 1.6566992509164924 
-66.0 -62.0 -64.5 -64.5 -64.5 -64.5 -63.5 -64.0 -65.0 -64.5 -62.0 -62.5 -67.0 -73.0 -72.5 -69.5 
