2.8838838812250054 2.890019804376548 2.9513790358919736 2.8409324191642074 2.773437264497239 2.9022916506796332 3.018874190558942 2.8777479580734626 2.8961557275280905 3.06182565261974 3.2029518851052186 2.9759227284981438 3.018874190558942 3.11091303783208 3.2949907323783574 3.5588354278946874 3.000466421104314 3.8288160465625602 3.8410878928656453 3.7981364308048478 3.5772431973493153 3.3072625786814425 3.3747577333484107 0.5338253141842031 3.5711072741977725 3.77972866135022 3.08636934522591 3.129320807286708 3.472932503773092 3.2581751934691017 3.031146036862027 2.816388726558037 2.8532042654672924 2.6445828783148455 2.2089323345553233 2.5464081078901644 2.6875343403756435 2.779573187648782 2.7857091108003242 2.5893595699509624 2.2886993355253766 
-64.0 -62.5 -63.0 -63.5 -63.5 -62.5 -62.5 -64.0 -63.5 -60.0 -62.5 -63.0 -63.5 -63.0 -64.0 -64.0 -64.5 -65.0 -66.0 -65.0 -66.0 -66.5 -67.0 -65.5 -65.0 -67.0 -67.0 -66.5 -63.0 -63.0 -65.0 -67.0 -67.0 -66.0 -65.0 -64.5 -65.5 -65.0 -64.0 -64.5 -65.0 
1.8653206380689396 1.9757672547967058 1.945087639038993 2.0371264863121317 2.030990563160589 2.043262409463674 1.902136176978195 5.160311370447297 2.012582793705961 2.043262409463674 1.902136176978195 1.9819031779482483 2.0064468705544187 2.012582793705961 2.12916533358527 2.1598449493429825 2.313243028131547 2.478912953223196 2.9513790358919736 3.2949907323783574 3.3011266555298997 2.9759227284981438 2.8777479580734626 2.9391071895888885 2.84706834231575 2.84706834231575 2.8409324191642074 3.0066023442558567 2.791845033951867 3.08636934522591 3.2643111166206444 3.1784081924990484 3.000466421104314 2.5464081078901644 2.073942025221387 1.9144080232812801 1.7732817907958012 2.2212041808584084 1.9880391010997909 2.067806102069844 2.172116795646068 2.1966604882522383 2.1475731030398975 2.067806102069844 
-63.0 -63.5 -63.0 -63.0 -62.5 -62.0 -62.0 -63.0 -64.0 -62.0 -63.0 -63.0 -62.5 -62.5 -62.5 -62.0 -63.5 -65.0 -65.5 -64.0 -63.0 -62.0 -63.0 -63.0 -62.5 -62.0 -62.0 -63.0 -63.0 -61.5 -62.5 -65.0 -65.5 -64.5 -64.5 -63.5 -64.5 -64.5 -65.0 -64.5 -63.5 -64.5 -64.5 -64.5 
0.9142525495798421 0.9265243958829272 0.9081166264282996 0.9203884727313847 0.9387962421860124 0.8835729338221293 0.944932165337555 0.9633399347921826 0.9510680884890975 0.9940195505498954 0.9878836273983529 0.9633399347921826 0.9387962421860124 0.9081166264282996 0.9203884727313847 0.9510680884890975 1.043106935762236 1.0185632431560658 0.9326603190344698 1.3744467859455345 1.2333205534600555 1.0492428589137786 0.9878836273983529 0.944932165337555 0.8958447801252144 0.859029241215959 0.9265243958829272 0.944932165337555 0.9081166264282996 1.012427320004523 0.9817477042468103 1.0615147052168636 1.1903690913992575 1.0492428589137786 1.0246991663076084 0.8406214717613314 0.6810874698212247 0.4540583132141498 0.37429131224409645 0.4049709280018093 0.380427235395639 0.4295146206079795 0.4295146206079795 0.380427235395639 0.3988350048502667 
-49.0 -48.5 -48.5 -48.5 -48.5 -48.5 -48.5 -48.5 -48.5 -48.5 -48.5 -48.0 -48.5 -48.5 -48.5 -49.0 -50.0 -53.0 -54.0 -54.5 -52.0 -52.0 -53.5 -53.5 -54.0 -54.0 -54.0 -53.5 -53.5 -52.5 -53.5 -52.0 -53.5 -55.0 -54.0 -53.5 -52.5 -52.0 -52.5 -52.5 -53.0 -53.0 -53.0 -53.0 -52.5 
0.7853981633974483 0.859029241215959 0.859029241215959 0.8713010875190442 0.8222137023067037 0.8651651643675016 0.859029241215959 0.7915340865489908 0.8344855486097889 0.8774370106705868 0.8099418560036186 0.8222137023067037 0.8897088569736719 0.8528933180644165 0.7669903939428205 0.8713010875190442 0.9081166264282996 1.1167380135807468 1.4848934026733007 1.576932249946439 1.3560390164909069 1.3192234775816514 1.2885438618239387 1.2578642460662257 1.3192234775816514 1.2517283229146832 1.2333205534600555 1.1903690913992575 1.2517283229146832 1.2087768608538851 1.2333205534600555 1.2455923997631406 1.4603497100671303 1.4664856332186729 1.325359400733194 1.0921943209745766 0.8651651643675016 0.7669903939428205 0.7547185476397354 0.7792622402459057 0.7301748550335652 0.7424467013366504 0.7485826244881929 0.7240389318820226 0.7547185476397354 
-52.0 -51.5 -51.5 -51.5 -52.0 -52.0 -51.5 -52.0 -51.5 -51.5 -51.5 -52.0 -51.5 -51.5 -51.5 -51.0 -51.0 -52.0 -53.5 -52.0 -50.5 -51.0 -51.0 -51.0 -51.0 -51.0 -51.0 -51.0 -51.0 -50.5 -50.5 -50.0 -50.5 -51.5 -51.5 -52.5 -53.5 -54.0 -54.5 -54.5 -54.5 -55.0 -55.0 -54.5 -54.0 
1.0983302441261191 1.0737865515199487 1.1535535524900022 1.1167380135807468 1.1106020904292042 1.1290098598838318 1.0921943209745766 1.1351457830353744 1.141281706186917 1.043106935762236 1.043106935762236 1.1596894756415448 1.1719613219446299 1.1167380135807468 1.2762720155208536 1.552388557340269 1.9634954084936207 2.1230294104337273 1.8960002538266525 1.7426021750380885 1.6935147898257479 1.6198837120072371 1.7303303287350031 1.6996507129772904 1.6812429435226628 1.6873788666742053 1.6444274046134073 1.6260196351587797 1.5892040962495242 1.4910293258248433 1.6505633277649499 1.8100973297050567 1.9389517158874505 2.000310947402876 1.9144080232812801 1.6751070203711202 1.4787574795217582 1.4296700943094176 1.5033011721279284 1.3621749396424494 1.380582709097077 1.4358060174609601 1.3989904785517047 1.3499030933393643 
-57.5 -57.5 -57.5 -57.5 -57.5 -57.5 -57.5 -57.0 -57.0 -56.5 -57.0 -57.5 -58.0 -57.5 -57.5 -58.0 -57.5 -55.5 -51.0 -52.0 -52.0 -53.5 -53.0 -52.5 -53.0 -53.5 -53.0 -52.5 -53.0 -51.5 -52.0 -51.0 -52.5 -53.5 -55.5 -57.5 -58.5 -58.5 -58.5 -58.0 -59.0 -59.0 -60.0 -60.0 
1.4971652489763858 1.5155730184310134 1.5033011721279284 1.5278448647340985 1.5155730184310134 1.5155730184310134 1.5462526341887264 1.4480778637640452 1.552388557340269 1.4480778637640452 1.4971652489763858 1.5155730184310134 1.5401167110371838 1.4726215563702154 1.368310862793992 1.533980787885641 2.0371264863121317 2.172116795646068 1.9819031779482483 2.0064468705544187 1.9880391010997909 2.030990563160589 1.9389517158874505 2.0371264863121317 2.110757564130642 1.9573594853420782 2.012582793705961 1.945087639038993 1.8837284075235674 1.9082721001297376 1.9144080232812801 1.9573594853420782 1.9205439464328227 2.018718716857504 1.9266798695843652 1.7303303287350031 1.6137477888556946 1.6566992509164924 1.7119225592803755 1.748738098189631 1.662835174068035 1.564660403643354 1.607611865704152 1.7119225592803755 
-55.0 -55.5 -55.5 -55.0 -55.0 -55.5 -55.5 -54.5 -55.5 -54.5 -55.0 -55.5 -55.5 -55.5 -55.0 -55.0 -55.5 -54.5 -54.0 -54.5 -56.0 -55.5 -57.5 -57.5 -56.5 -55.5 -56.0 -57.0 -56.5 -56.0 -54.5 -55.0 -54.5 -54.5 -56.0 -58.5 -60.0 -59.0 -58.0 -58.5 -58.5 -58.5 -59.0 -59.0 
5.2339424482658075 5.2339424482658075 5.246214294568893 5.197126909356553 5.227806525114265 5.203262832508095 5.283029833478148 5.184855063053467 5.197126909356553 5.209398755659637 5.190990986205009 5.393476450205914 5.252350217720435 5.227806525114265 5.289165756629691 5.491651220630596 5.638913376267617 6.019340611663256 5.749359992995383 5.651185222570702 5.47937937432751 5.540738605842936 5.381204603902829 5.227806525114265 5.270757987175063 5.2768939103266055 5.098952138931871 5.092816215780329 5.43029198911517 5.47937937432751 5.749359992995383 5.589825991055276 5.945709533844745 5.8045833013592665 5.534602682691394 5.325981295538946 5.350524988145116 5.1725832167503825 5.424156065963627 5.405748296509 5.356660911296659 5.497787143782138 5.64504929941916 5.325981295538946 
-62.0 -62.0 -62.0 -61.5 -61.0 -61.5 -61.0 -61.0 -62.0 -60.5 -62.0 -61.5 -61.5 -61.0 -61.0 -61.0 -62.0 -59.5 -59.5 -59.0 -59.0 -59.5 -59.5 -61.0 -61.5 -61.0 -61.0 -60.5 -59.5 -59.0 -58.5 -59.5 -59.5 -62.0 -62.5 -63.0 -62.0 -63.5 -62.5 -62.5 -63.0 -63.0 -63.5 -62.5 
4.681709364626977 4.540583132141498 4.239922897715912 4.430136515413731 4.473087977474529 4.706253057233147 4.491495746929157 4.276738436625168 4.583534594202296 4.6448938257177215 4.571262747899211 4.638757902566179 4.546719055293041 5.031456984264903 5.368932757599744 5.792311455056181 1.9880391010997909 6.074563920027139 5.896622148632405 6.19728238305799 6.1420590746941075 6.000932842208628 5.915029918087033 6.000932842208628 6.007068765360171 6.000932842208628 5.927301764390117 2.2886993355253766 5.651185222570702 5.565282298449106 5.792311455056181 5.957981380147831 6.129787228391022 6.227961998815704 0.21475731030398976 0.0 
-67.0 -66.5 -67.5 -66.5 -66.5 -66.5 -66.0 -65.5 -65.5 -65.5 -66.5 -64.5 -65.0 -65.0 -64.0 -62.5 -65.0 -68.0 -66.0 -65.5 -64.5 -64.5 -64.0 -63.0 -63.5 -65.0 -63.0 -67.5 -62.5 -63.0 -67.0 -71.0 -67.5 -69.0 -70.0 -71.5 
