2.6998061866787286 2.6384469551633027 2.8102528034064944 2.8716120349219203 2.724349879284899 2.5709518004963345 2.7857091108003242 2.6323110320117604 2.791845033951867 2.791845033951867 2.736621725587984 2.742757648739526 2.6875343403756435 2.804116880254952 2.9145634969827183 2.9820586516496865 3.472932503773092 3.485204350076177 1.0246991663076084 4.147884050442774 3.706097583531709 3.3870295796514958 3.356349963893783 3.479068426924634 3.663146121470911 3.663146121470911 3.6324665057131984 3.411573272257666 3.6754179677739964 3.6079228131070282 3.466796580621549 3.436116964863836 3.4177091954092087 3.129320807286708 2.890019804376548 2.773437264497239 2.718213956133356 2.8838838812250054 2.9329712664373457 2.8409324191642074 2.890019804376548 
-63.5 -64.5 -64.5 -64.0 -63.5 -64.0 -64.5 -64.5 -64.5 -64.5 -64.0 -64.0 -64.5 -64.5 -64.5 -65.0 -64.5 -64.0 -67.0 -64.5 -63.5 -63.0 -64.0 -63.5 -65.5 -65.0 -66.0 -65.0 -66.0 -65.0 -63.5 -63.5 -63.5 -63.5 -64.0 -64.5 -64.5 -64.0 -63.5 -64.5 -64.0 
2.012582793705961 1.718058482431918 2.1537090261914402 2.0923497946760143 2.1966604882522383 2.1475731030398975 2.1782527187976104 2.1475731030398975 2.1782527187976104 2.110757564130642 2.350058567040802 2.2334760271614935 2.1537090261914402 2.1475731030398975 2.1598449493429825 2.2212041808584084 2.3439226438892597 2.6691265709210157 2.9513790358919736 3.4606606574700063 3.3747577333484107 3.2765829629237295 3.000466421104314 2.9575149590435164 2.9943304979527716 2.9575149590435164 3.000466421104314 3.098641191528995 3.06182565261974 3.3072625786814425 3.3440781175906977 3.074097498922825 2.454369260617026 2.662990647769473 2.337786720737717 2.141437179888355 2.1537090261914402 2.3009711818284617 2.337786720737717 2.5341362615870793 2.454369260617026 2.350058567040802 
-64.0 -64.0 -64.0 -65.0 -65.0 -64.0 -64.5 -64.0 -64.0 -65.0 -65.0 -65.0 -64.5 -64.0 -63.5 -63.0 -62.5 -63.0 -64.0 -63.5 -62.5 -61.0 -61.0 -62.0 -62.5 -63.0 -61.5 -62.0 -62.5 -61.5 -63.0 -66.0 -65.5 -63.5 -63.5 -64.0 -64.0 -64.5 -63.0 -64.0 -65.0 -64.5 
0.46019423636569234 0.44178646691106466 0.44178646691106466 0.4295146206079795 0.4908738521234052 0.4172427743048944 0.46019423636569234 0.47860200582032003 0.4295146206079795 0.46019423636569234 0.5031456984264903 0.4663301595172349 0.4356505437595221 0.47860200582032003 0.5645049299419159 0.7179030087304801 1.0062913968529805 1.1106020904292042 1.3499030933393643 1.4480778637640452 1.1596894756415448 0.944932165337555 0.9572040116406401 0.8835729338221293 0.9081166264282996 0.9387962421860124 0.9510680884890975 0.944932165337555 1.0369710126106935 1.0185632431560658 1.2087768608538851 1.3130875544301088 1.0737865515199487 1.0737865515199487 0.8713010875190442 0.5890486225480862 0.48473792897186263 0.4479223900626072 0.39269908169872414 0.4663301595172349 0.4724660826687775 0.4172427743048944 
-51.5 -51.5 -52.0 -51.5 -51.5 -51.5 -51.5 -51.0 -51.0 -50.5 -51.0 -51.0 -50.5 -50.5 -50.5 -51.0 -51.5 -54.0 -56.5 -52.5 -51.0 -52.5 -53.5 -53.5 -54.0 -54.0 -54.0 -53.0 -52.5 -52.5 -51.5 -53.5 -54.0 -51.5 -50.5 -50.5 -51.0 -51.0 -51.0 -51.0 -51.5 -51.5 
0.760854470791278 0.7669903939428205 0.7424467013366504 0.7853981633974483 0.7424467013366504 0.705631162427395 0.7547185476397354 0.7424467013366504 0.7731263170943632 0.7363107781851077 0.7424467013366504 0.7240389318820226 0.7485826244881929 0.760854470791278 0.607456392002714 0.8406214717613314 0.9633399347921826 1.3867186322486196 1.4910293258248433 1.3621749396424494 1.2517283229146832 1.2517283229146832 1.2640001692177683 1.3008157081270237 1.282407938672396 1.2946797849754812 1.2946797849754812 1.3499030933393643 1.2946797849754812 1.2762720155208536 1.368310862793992 1.4480778637640452 1.4664856332186729 1.3069516312785663 0.9756117810952678 0.7976700097005334 0.7179030087304801 0.7547185476397354 0.8099418560036186 0.7976700097005334 0.8160777791551611 0.7853981633974483 
-54.0 -54.0 -54.0 -54.0 -54.0 -54.0 -54.0 -54.0 -54.0 -54.0 -54.0 -53.5 -53.5 -54.0 -53.5 -53.0 -52.5 -52.5 -52.0 -50.5 -50.0 -51.0 -51.5 -51.0 -51.0 -51.0 -51.0 -51.0 -50.5 -50.0 -51.0 -51.0 -52.5 -52.5 -52.5 -53.5 -53.5 -53.5 -54.0 -54.0 -54.0 -54.0 
1.3008157081270237 1.282407938672396 1.3867186322486196 1.2087768608538851 1.2578642460662257 1.214912784005428 1.2026409377023426 1.2578642460662257 1.2333205534600555 1.2087768608538851 1.1535535524900022 1.1535535524900022 1.1228739367322893 1.2087768608538851 1.325359400733194 1.5401167110371838 1.8346410223112268 2.0923497946760143 1.8714565612204823 1.662835174068035 1.6444274046134073 1.5892040962495242 1.6505633277649499 1.718058482431918 1.6444274046134073 1.5401167110371838 1.662835174068035 1.7241944055834606 1.6566992509164924 1.5278448647340985 1.7119225592803755 1.902136176978195 1.9266798695843652 1.9082721001297376 1.6014759425526093 1.3560390164909069 1.3744467859455345 1.5033011721279284 1.4480778637640452 1.4603497100671303 1.4358060174609601 1.4542137869155878 
-60.0 -59.5 -59.5 -60.0 -60.0 -59.5 -59.5 -59.0 -59.0 -59.5 -59.5 -59.0 -59.0 -58.5 -58.5 -58.0 -56.0 -54.0 -50.5 -50.5 -51.0 -51.5 -52.5 -52.5 -52.0 -53.0 -52.0 -52.0 -52.5 -51.5 -51.5 -50.5 -53.5 -53.5 -55.5 -57.0 -57.5 -57.5 -58.5 -58.0 -58.0 -58.5 
1.6812429435226628 1.6689710972195777 1.6566992509164924 1.6137477888556946 1.5585244804918115 1.6260196351587797 1.4787574795217582 1.552388557340269 1.5155730184310134 1.6014759425526093 1.521708941582556 1.5462526341887264 1.509437095279471 1.423534171157875 1.4971652489763858 1.5830681730979816 1.8285050991596843 2.0923497946760143 1.9819031779482483 1.8100973297050567 1.8162332528565992 2.000310947402876 1.8960002538266525 1.9880391010997909 1.9757672547967058 2.024854640009046 2.0800779483729293 2.055534255766759 1.9266798695843652 2.0064468705544187 1.9205439464328227 1.9634954084936207 2.0064468705544187 2.018718716857504 1.8407769454627694 1.718058482431918 1.552388557340269 1.5953400194010667 1.6996507129772904 1.736466251886546 1.748738098189631 1.6751070203711202 
-58.0 -58.0 -58.0 -58.5 -58.5 -58.5 -58.5 -58.5 -59.0 -58.5 -58.0 -58.5 -58.5 -59.0 -59.0 -58.5 -57.5 -54.5 -53.5 -55.0 -55.5 -56.0 -55.5 -57.0 -55.5 -55.0 -55.5 -57.0 -56.0 -56.0 -55.0 -54.0 -53.5 -53.5 -56.0 -58.0 -58.5 -58.0 -57.5 -58.0 -59.0 -58.0 
5.436427912266712 5.368932757599744 5.375068680751287 5.418020142812084 5.50392306693368 5.3627968344482015 5.473243451175968 5.375068680751287 5.350524988145116 5.375068680751287 5.350524988145116 5.448699758569798 5.270757987175063 5.338253141842031 5.399612373357457 5.473243451175968 5.540738605842936 5.8475347634200645 5.71868037723767 5.405748296509 5.5284667595398505 5.221670601962723 5.264622064023521 5.056000676871073 5.117359908386499 5.240078371417351 5.0682725231741586 5.190990986205009 5.295301679781233 5.460971604872882 5.6143696836614465 5.663457068873787 5.626641529964532 5.301437602932776 5.1725832167503825 5.178719139901925 5.283029833478148 5.295301679781233 5.344389064993574 5.313709449235861 5.497787143782138 5.356660911296659 
-63.5 -63.5 -63.0 -63.0 -63.0 -63.0 -63.5 -63.0 -63.0 -62.5 -63.0 -63.5 -63.5 -62.5 -62.0 -62.5 -62.0 -60.0 -58.5 -59.5 -58.5 -59.5 -59.5 -60.5 -61.5 -61.5 -61.5 -60.0 -59.5 -59.0 -58.5 -59.0 -63.5 -63.0 -61.5 -62.0 -62.0 -61.5 -62.5 -62.5 -63.5 -62.5 
2.8716120349219203 6.092971689481767 5.786175531904639 5.681864838328415 2.564815877344792 2.509592568980909 2.497320722677824 5.780039608753096 5.411884219660542 5.712544454086128 5.301437602932776 5.7616318392984684 0.1902136176978195 5.810719224510809 5.896622148632405 5.872078456026235 5.884350302329319 5.8659425328746915 5.835262917116979 5.822991070813893 5.853670686571607 6.025476534814799 2.1659808724945253 5.6573211457222445 5.313709449235861 5.381204603902829 5.767767762450011 5.737088146692298 2.7550294950426117 5.859806609723149 6.1850105367549055 6.050020227420969 
-71.5 -71.0 -73.0 -73.5 -76.0 -76.5 -78.0 -71.5 -66.0 -60.0 -60.0 -73.5 -66.5 -62.0 -64.0 -64.0 -63.0 -63.0 -63.0 -64.0 -65.0 -63.5 -64.5 -60.5 -61.0 -64.5 -71.0 -71.5 -71.0 -70.0 -71.5 -69.5 
