2.6568547246179306 2.6200391857086753 2.718213956133356 2.564815877344792 2.5034566458293663 2.693670263527186 2.6813984172241008 2.5893595699509624 2.6445828783148455 2.7857091108003242 2.742757648739526 2.60776733940559 2.7120780329818137 2.730485802436441 2.7550294950426117 2.6998061866787286 2.7857091108003242 3.2888548092268146 3.5465635815916023 2.9022916506796332 0.8651651643675016 3.6570101983193686 3.4606606574700063 3.368621810196868 3.3624858870453256 3.6324665057131984 3.6140587362585705 3.6263305825616556 3.810408277107933 3.215223731408304 3.117048960983623 3.3440781175906977 3.5588354278946874 3.4913402732277192 3.0495538063166547 2.7550294950426117 2.9391071895888885 2.84706834231575 2.9820586516496865 2.8777479580734626 
-63.5 -64.0 -64.5 -64.0 -63.0 -64.5 -64.0 -64.0 -63.0 -64.0 -63.5 -63.5 -63.5 -63.5 -62.5 -64.0 -63.5 -64.5 -65.5 -66.0 -70.5 -65.5 -67.0 -66.5 -67.0 -68.0 -69.0 -66.0 -68.0 -64.5 -63.5 -63.5 -64.0 -64.0 -64.5 -65.5 -64.0 -63.5 -65.0 -63.0 
1.932815792735908 2.000310947402876 2.055534255766759 5.424156065963627 2.073942025221387 2.043262409463674 2.000310947402876 1.9389517158874505 2.1966604882522383 2.043262409463674 2.0371264863121317 1.9205439464328227 1.9880391010997909 2.000310947402876 1.8162332528565992 2.1353012567368124 2.0800779483729293 2.3071071049800045 2.399145952253143 6.166602767300278 0.1349903093339364 3.3318062712876126 3.067961575771282 2.9575149590435164 2.6323110320117604 2.7550294950426117 2.6875343403756435 2.779573187648782 2.8532042654672924 3.11091303783208 3.442252888015379 3.2520392703175593 2.350058567040802 2.2518837966161214 2.043262409463674 1.9266798695843652 2.098485717827557 2.030990563160589 1.9205439464328227 2.086213871524472 
-66.0 -65.0 -65.0 -66.5 -66.5 -65.0 -65.0 -64.5 -65.0 -64.0 -64.5 -64.5 -65.0 -64.5 -62.5 -63.0 -62.0 -62.0 -65.0 -67.5 -66.5 -65.5 -63.5 -64.0 -63.0 -63.0 -61.5 -63.0 -64.0 -64.0 -65.5 -64.5 -63.5 -63.0 -62.0 -64.0 -64.0 -64.5 -64.5 -65.0 
0.4356505437595221 0.4356505437595221 0.4111068511533518 0.4479223900626072 0.4663301595172349 0.47860200582032003 0.48473792897186263 0.48473792897186263 0.5031456984264903 0.5460971604872883 0.521553467881118 0.5522330836388308 0.5951845456996288 0.5890486225480862 0.6258641614573416 0.6381360077604268 0.7976700097005334 0.9940195505498954 1.0615147052168636 0.8713010875190442 1.368310862793992 1.4358060174609601 1.1351457830353744 1.0246991663076084 0.9510680884890975 0.859029241215959 0.8651651643675016 0.8958447801252144 0.8835729338221293 0.9265243958829272 1.1167380135807468 1.1658253987930873 1.3499030933393643 1.3192234775816514 1.0492428589137786 1.1658253987930873 1.0921943209745766 0.803805932852076 0.7547185476397354 0.6994952392758523 0.6933593161243098 0.7117670855789375 0.7117670855789375 
-52.0 -51.5 -51.5 -51.5 -51.5 -51.5 -51.5 -51.5 -51.0 -51.5 -51.0 -51.0 -51.0 -51.0 -50.5 -50.5 -50.5 -51.0 -53.0 -54.5 -56.0 -53.0 -51.0 -52.5 -54.0 -54.5 -54.5 -55.0 -54.5 -53.5 -53.0 -53.0 -53.0 -54.0 -52.0 -51.5 -50.0 -49.5 -50.5 -51.0 -50.5 -51.0 -51.0 
0.7915340865489908 0.8099418560036186 0.7424467013366504 0.7731263170943632 0.7731263170943632 0.7792622402459057 0.7547185476397354 0.6933593161243098 0.7424467013366504 0.7424467013366504 0.705631162427395 0.662679700366597 0.662679700366597 0.760854470791278 0.7424467013366504 0.760854470791278 0.760854470791278 0.8344855486097889 1.043106935762236 1.3130875544301088 1.607611865704152 1.4910293258248433 1.2946797849754812 1.2517283229146832 1.2640001692177683 1.2640001692177683 1.2885438618239387 1.3314953238847365 1.2885438618239387 1.2578642460662257 1.325359400733194 1.325359400733194 1.4358060174609601 1.533980787885641 1.3744467859455345 1.2210487071569704 0.9694758579437253 0.7915340865489908 0.7976700097005334 0.760854470791278 0.7853981633974483 0.7669903939428205 0.7915340865489908 
-54.0 -54.5 -54.0 -54.0 -54.0 -54.0 -53.5 -53.5 -53.5 -53.5 -53.0 -53.0 -53.0 -53.0 -53.0 -53.0 -52.5 -51.5 -51.5 -53.0 -52.5 -51.0 -50.5 -50.5 -51.5 -51.0 -51.0 -51.0 -51.0 -51.0 -50.5 -51.0 -51.0 -52.5 -53.5 -52.5 -51.5 -51.5 -53.0 -53.5 -53.0 -53.0 -53.0 
1.4419419406125027 1.3621749396424494 1.4296700943094176 1.337631247036279 1.3499030933393643 1.1965050145508 1.3314953238847365 1.3314953238847365 1.2455923997631406 1.2578642460662257 1.3314953238847365 1.325359400733194 1.3069516312785663 1.214912784005428 1.2087768608538851 1.239456476611598 1.2946797849754812 1.6444274046134073 2.0064468705544187 2.0800779483729293 2.0493983326152168 1.7426021750380885 1.6873788666742053 1.607611865704152 1.748738098189631 1.718058482431918 1.6689710972195777 1.4910293258248433 1.6260196351587797 1.6689710972195777 1.6505633277649499 1.7426021750380885 1.8346410223112268 2.000310947402876 2.024854640009046 1.945087639038993 1.6321555583103222 1.2640001692177683 1.239456476611598 1.1780972450961724 1.0615147052168636 1.1535535524900022 1.3008157081270237 
-59.5 -59.5 -60.0 -59.5 -59.5 -59.5 -59.5 -59.5 -59.5 -60.0 -60.0 -60.0 -60.0 -60.0 -59.5 -59.0 -59.0 -57.0 -56.0 -55.0 -50.5 -50.5 -51.5 -52.5 -54.0 -53.5 -53.5 -54.0 -53.5 -53.0 -53.5 -51.5 -52.0 -51.0 -55.0 -54.5 -56.5 -58.0 -59.5 -62.0 -61.0 -61.5 -60.5 
1.6321555583103222 1.6996507129772904 1.7241944055834606 1.5953400194010667 1.6873788666742053 1.736466251886546 1.6505633277649499 1.6873788666742053 1.6444274046134073 1.6444274046134073 1.6260196351587797 1.6198837120072371 1.6751070203711202 1.6444274046134073 1.6137477888556946 1.5585244804918115 1.5830681730979816 1.6935147898257479 1.902136176978195 2.098485717827557 1.9696313316451632 1.9205439464328227 1.945087639038993 2.0493983326152168 1.9266798695843652 2.055534255766759 2.1230294104337273 2.0493983326152168 2.0493983326152168 2.000310947402876 2.043262409463674 2.024854640009046 2.012582793705961 2.0800779483729293 2.172116795646068 2.098485717827557 1.88986433067511 1.533980787885641 1.4480778637640452 1.6137477888556946 1.5278448647340985 1.564660403643354 1.4848934026733007 
-58.5 -58.0 -58.0 -58.5 -59.0 -58.5 -58.0 -58.0 -58.0 -58.5 -57.5 -57.5 -57.0 -57.5 -57.0 -57.0 -57.5 -56.0 -55.0 -54.0 -52.5 -54.5 -55.5 -55.5 -55.5 -57.0 -56.5 -55.5 -56.0 -56.5 -55.5 -55.0 -54.5 -54.5 -54.0 -53.5 -54.5 -56.0 -57.0 -57.0 -57.5 -57.5 -57.0 
5.4671075280244255 5.45483568172134 5.411884219660542 5.45483568172134 5.387340527054372 5.460971604872882 5.325981295538946 5.368932757599744 5.43029198911517 5.448699758569798 5.350524988145116 5.2768939103266055 5.399612373357457 5.442563835418255 5.405748296509 5.442563835418255 5.295301679781233 5.258486140871978 5.368932757599744 5.755495916146925 5.589825991055276 5.338253141842031 5.485515297479052 5.301437602932776 5.405748296509 5.307573526084319 5.2339424482658075 5.344389064993574 5.21553467881118 5.129631754689584 5.368932757599744 5.540738605842936 5.706408530934585 5.700272607783043 5.773903685601553 5.3627968344482015 5.344389064993574 5.21553467881118 5.436427912266712 5.516194913236766 5.313709449235861 5.473243451175968 5.5284667595398505 
-61.5 -62.0 -62.0 -62.0 -62.0 -62.0 -62.0 -62.5 -62.0 -62.0 -62.0 -60.0 -61.5 -61.0 -61.5 -61.5 -60.5 -60.5 -62.0 -61.0 -57.5 -60.0 -58.0 -59.5 -59.0 -61.0 -61.5 -61.0 -60.5 -60.5 -59.5 -58.5 -59.5 -57.5 -60.0 -61.5 -60.5 -60.5 -60.5 -61.0 -62.5 -60.5 -61.5 
5.939573610693203 2.859340188618835 2.834796496012665 2.5586799541932495 5.595961914206819 2.386874105950058 2.454369260617026 5.663457068873787 5.822991070813893 5.325981295538946 5.970253226450915 6.1420590746941075 6.105243535784852 5.890486225480862 5.755495916146925 5.988660995905543 6.025476534814799 6.227961998815704 6.117515382087937 2.2948352586769194 5.632777453116074 5.8045833013592665 5.577554144752192 5.129631754689584 1.3560390164909069 
-71.5 -72.0 -71.5 -72.0 -69.0 -71.5 -72.5 -63.0 -61.5 -61.5 -65.0 -65.5 -66.0 -65.5 -65.0 -65.5 -66.5 -66.5 -67.0 -66.0 -63.5 -62.5 -61.5 -63.5 -71.5 
