2.945243112740431 2.8777479580734626 2.8961557275280905 3.000466421104314 3.2827188860752723 2.9759227284981438 3.0495538063166547 3.215223731408304 2.945243112740431 3.0925052683774528 2.8838838812250054 3.0372819600135696 3.2213596545598464 3.0802334220743677 3.0372819600135696 3.5895150436524004 3.479068426924634 3.313398501832985 3.2704470397721868 4.264466590322082 4.172427743048944 4.0128937411088375 3.9760782021995817 3.6324665057131984 3.6692820446224537 3.834951969714103 3.736777199289422 3.693825737228624 3.9638063558964967 4.368777283898306 4.190835512503572 3.9699422790480394 0.3436116964863836 3.2581751934691017 3.129320807286708 2.705942109830271 3.2888548092268146 
-64.0 -63.5 -64.0 -63.0 -64.0 -64.0 -63.5 -63.0 -63.5 -64.5 -65.0 -63.0 -64.0 -64.5 -65.0 -65.5 -65.0 -64.0 -65.5 -68.5 -68.0 -67.5 -66.0 -65.5 -66.0 -66.0 -66.0 -65.0 -65.0 -67.5 -65.5 -65.0 -68.0 -67.0 -70.5 -68.5 -69.0 
2.116893487282185 2.000310947402876 5.2339424482658075 5.246214294568893 2.2396119503130363 2.1537090261914402 2.0493983326152168 1.945087639038993 1.945087639038993 1.859184714917397 1.902136176978195 1.9634954084936207 1.8653206380689396 1.932815792735908 2.0493983326152168 1.9941750242513334 2.1905245651006955 2.411417798556228 2.693670263527186 3.11091303783208 3.172272269347506 3.098641191528995 3.3379421944391554 3.11091303783208 3.031146036862027 3.018874190558942 3.0925052683774528 3.215223731408304 3.227495577711389 3.141592653589793 3.227495577711389 3.4913402732277192 3.448388811166921 3.06182565261974 3.172272269347506 2.435961491162398 2.313243028131547 2.055534255766759 2.1475731030398975 2.399145952253143 2.521864415283994 
-64.5 -62.5 -65.5 -65.0 -64.0 -64.0 -64.0 -64.5 -63.5 -64.0 -63.0 -63.5 -64.0 -64.0 -62.0 -63.0 -63.0 -64.0 -65.5 -66.5 -65.0 -64.0 -64.0 -62.5 -62.0 -62.5 -63.0 -63.0 -63.0 -63.0 -63.0 -63.0 -64.5 -65.0 -65.0 -64.0 -63.5 -64.5 -65.0 -66.5 -66.0 
0.760854470791278 0.6933593161243098 0.7547185476397354 0.7792622402459057 0.7547185476397354 0.7976700097005334 0.7915340865489908 0.7669903939428205 0.8222137023067037 0.8099418560036186 0.8774370106705868 0.8528933180644165 0.8099418560036186 0.8528933180644165 0.8835729338221293 0.9878836273983529 1.0921943209745766 0.9572040116406401 1.0737865515199487 1.4603497100671303 1.4419419406125027 1.2578642460662257 1.1167380135807468 1.0062913968529805 0.9940195505498954 0.944932165337555 0.9694758579437253 0.9756117810952678 0.9878836273983529 0.9265243958829272 0.9940195505498954 1.043106935762236 1.1535535524900022 1.423534171157875 1.3192234775816514 1.2026409377023426 1.2640001692177683 0.8713010875190442 0.6749515466696822 0.5522330836388308 0.5706408530934585 0.5767767762450011 
-50.0 -50.0 -50.0 -50.0 -50.0 -50.0 -49.5 -49.5 -49.5 -49.5 -49.5 -49.5 -49.5 -49.5 -49.5 -50.5 -51.0 -53.5 -55.5 -55.0 -53.5 -52.0 -52.0 -52.5 -53.0 -53.0 -53.5 -53.5 -53.5 -53.0 -52.0 -52.0 -51.0 -52.0 -54.5 -54.0 -53.0 -53.0 -52.5 -53.0 -53.0 -52.0 
0.8528933180644165 0.8528933180644165 0.8467573949128739 0.8897088569736719 0.8528933180644165 0.7976700097005334 0.803805932852076 0.8222137023067037 0.8099418560036186 0.8651651643675016 0.7976700097005334 0.7853981633974483 0.8222137023067037 0.8344855486097889 0.8344855486097889 0.9081166264282996 1.055378782065321 1.2455923997631406 1.5401167110371838 1.6014759425526093 1.4971652489763858 1.3130875544301088 1.2946797849754812 1.2762720155208536 1.2333205534600555 1.3192234775816514 1.3130875544301088 1.3008157081270237 1.2762720155208536 1.2640001692177683 1.2333205534600555 1.2517283229146832 1.380582709097077 1.3008157081270237 1.4173982480063325 1.3069516312785663 1.0737865515199487 0.7731263170943632 0.7240389318820226 0.8160777791551611 0.8222137023067037 0.6381360077604268 
-53.0 -53.0 -53.0 -53.0 -53.0 -53.0 -53.0 -52.5 -52.5 -52.5 -52.5 -52.0 -52.5 -52.0 -52.0 -51.5 -51.5 -52.5 -53.5 -51.5 -51.0 -50.5 -50.5 -50.5 -51.0 -51.0 -51.0 -50.5 -50.5 -51.0 -51.0 -50.5 -51.0 -50.5 -51.5 -51.5 -52.0 -54.0 -54.5 -55.0 -54.5 -55.0 
1.141281706186917 1.043106935762236 1.1228739367322893 1.1965050145508 1.1106020904292042 0.9265243958829272 1.1228739367322893 1.1228739367322893 0.944932165337555 1.0799224746714913 0.9326603190344698 1.0737865515199487 1.1290098598838318 1.0921943209745766 1.2087768608538851 1.41126232485479 1.748738098189631 2.098485717827557 2.116893487282185 1.8837284075235674 1.7671458676442586 1.7241944055834606 1.7241944055834606 1.6260196351587797 1.6444274046134073 1.761009944492716 1.7426021750380885 1.6812429435226628 1.6014759425526093 1.6137477888556946 1.6382914814618648 1.5707963267948966 1.662835174068035 1.6935147898257479 1.9389517158874505 2.012582793705961 2.055534255766759 1.8223691760081417 1.662835174068035 1.564660403643354 1.4664856332186729 1.41126232485479 
-59.0 -59.5 -59.0 -59.0 -58.5 -59.5 -58.5 -59.0 -59.0 -58.5 -58.5 -58.5 -58.5 -58.0 -58.0 -58.5 -58.0 -56.5 -53.0 -50.5 -51.0 -52.0 -51.0 -52.5 -53.0 -52.0 -51.5 -52.0 -52.0 -51.5 -51.5 -51.5 -50.5 -50.5 -52.5 -54.5 -56.0 -59.5 -60.5 -61.5 -61.5 -60.5 
1.564660403643354 1.5155730184310134 1.5462526341887264 1.5462526341887264 1.5401167110371838 1.5401167110371838 1.521708941582556 1.521708941582556 1.5462526341887264 1.5401167110371838 1.4848934026733007 1.5278448647340985 1.5155730184310134 1.4971652489763858 1.4848934026733007 1.6014759425526093 1.8407769454627694 2.030990563160589 2.073942025221387 1.902136176978195 1.8960002538266525 1.9634954084936207 1.945087639038993 2.0064468705544187 1.9757672547967058 1.8530487917658545 2.0371264863121317 2.0371264863121317 1.9634954084936207 1.8775924843720249 1.8530487917658545 1.9573594853420782 1.846912868614312 1.8714565612204823 1.9266798695843652 1.9144080232812801 1.8162332528565992 1.6444274046134073 1.4173982480063325 1.662835174068035 1.552388557340269 1.4910293258248433 
-57.5 -57.0 -56.5 -56.5 -56.0 -55.5 -56.5 -56.0 -56.0 -56.5 -56.0 -55.5 -56.0 -56.0 -56.0 -56.0 -55.5 -55.5 -53.0 -53.0 -54.0 -54.5 -55.0 -55.0 -55.0 -56.5 -56.0 -55.0 -55.0 -55.0 -54.5 -55.0 -55.0 -54.0 -53.5 -54.0 -55.5 -58.0 -59.5 -59.0 -58.5 -59.0 
5.356660911296659 5.43029198911517 5.307573526084319 5.350524988145116 5.344389064993574 5.332117218690489 5.368932757599744 5.43029198911517 5.332117218690489 5.387340527054372 5.301437602932776 5.350524988145116 5.332117218690489 5.295301679781233 5.522330836388308 5.540738605842936 5.626641529964532 5.8475347634200645 5.835262917116979 5.43029198911517 5.473243451175968 5.577554144752192 5.399612373357457 5.344389064993574 5.424156065963627 5.178719139901925 5.031456984264903 5.037592907416445 5.105088062083414 4.9394181369917645 5.160311370447297 5.3198453723874035 5.45483568172134 5.638913376267617 5.773903685601553 5.798447378207723 5.577554144752192 5.295301679781233 5.283029833478148 5.50392306693368 5.424156065963627 5.289165756629691 
-62.0 -61.5 -62.0 -62.0 -60.0 -63.0 -61.0 -61.5 -59.0 -62.5 -61.5 -61.5 -61.5 -61.5 -62.0 -61.5 -62.0 -61.0 -58.0 -58.5 -58.5 -58.0 -58.0 -59.0 -59.0 -58.5 -59.0 -59.0 -59.0 -59.0 -58.0 -58.0 -57.5 -59.5 -58.5 -62.0 -62.5 -62.5 -62.0 -62.5 -62.0 -62.0 
1.6873788666742053 1.6751070203711202 4.884194828627882 4.7860200582032 4.485359823777615 4.589670517353839 1.5892040962495242 5.166447293598839 5.129631754689584 5.565282298449106 5.553010452146021 5.019185137961818 5.1725832167503825 6.025476534814799 6.062292073724054 5.878214379177777 5.835262917116979 5.927301764390117 5.8659425328746915 5.632777453116074 5.737088146692298 5.6573211457222445 5.878214379177777 5.8659425328746915 6.264777537724958 5.2768939103266055 5.491651220630596 5.5284667595398505 5.595961914206819 3.933126740138784 
-73.5 -72.5 -71.5 -68.5 -70.0 -70.0 -70.5 -68.5 -65.5 -63.0 -61.0 -62.0 -63.5 -72.0 -67.5 -65.0 -66.0 -64.5 -63.0 -64.0 -63.5 -63.5 -63.5 -64.0 -68.0 -65.5 -61.5 -62.5 -66.5 -80.0 
