3.5465635815916023 3.313398501832985 0.17794177139473438 0.2454369260617026 3.2213596545598464 3.098641191528995 3.2643111166206444 3.6201946594101133 3.2397674240144743 3.472932503773092 3.356349963893783 0.3190680038802134 0.35588354278946877 3.485204350076177 3.2213596545598464 4.01902966426038 4.1601558967458585 3.877903431774901 3.368621810196868 1.3621749396424494 4.104932588381976 4.1172044346850605 4.129476280988146 4.2031073588066565 4.528311285838413 4.908738521234052 4.460816131171445 4.28287435977671 3.767456815047135 3.718369429834794 3.8533597391687304 3.792000507653305 3.6079228131070282 3.3195344249845276 3.3870295796514958 3.3747577333484107 0.3129320807286708 3.54042765844006 
-66.0 -62.5 -66.0 -66.5 -65.5 -66.5 -65.5 -66.0 -66.5 -65.5 -66.5 -67.0 -67.0 -64.5 -67.5 -68.0 -69.0 -65.5 -67.0 -72.0 -69.0 -68.5 -69.0 -67.5 -70.5 -73.5 -73.0 -69.0 -67.5 -66.5 -68.0 -66.5 -65.5 -65.5 -66.0 -67.0 -67.5 -66.5 
1.9696313316451632 1.7732817907958012 1.736466251886546 1.8162332528565992 1.859184714917397 1.8285050991596843 1.88986433067511 1.902136176978195 1.8837284075235674 1.8837284075235674 1.9144080232812801 1.8775924843720249 1.945087639038993 1.9266798695843652 1.9266798695843652 5.301437602932776 2.1475731030398975 2.350058567040802 2.3193789512830896 2.399145952253143 2.3930100291016 2.5157284921324514 2.9145634969827183 2.8654761117703775 2.859340188618835 2.8716120349219203 2.767301341345697 2.779573187648782 2.6998061866787286 2.5709518004963345 2.1475731030398975 2.073942025221387 2.061670178918302 2.1905245651006955 2.270291566070749 2.1046216409791 2.116893487282185 1.932815792735908 1.9389517158874505 1.9757672547967058 1.9634954084936207 1.9266798695843652 
-61.5 -62.0 -59.5 -59.5 -60.0 -60.5 -60.5 -60.0 -60.0 -61.0 -60.5 -61.0 -61.0 -60.0 -61.5 -62.0 -61.5 -60.5 -61.0 -61.5 -62.5 -66.0 -66.0 -64.0 -64.0 -63.5 -63.5 -63.5 -65.5 -67.0 -64.0 -62.5 -61.0 -60.0 -61.0 -61.0 -60.5 -60.5 -60.5 -61.0 -60.5 -59.0 
1.1474176293384597 1.1903690913992575 1.1474176293384597 1.214912784005428 1.2333205534600555 1.214912784005428 1.214912784005428 1.2210487071569704 1.214912784005428 1.2087768608538851 1.214912784005428 1.2026409377023426 1.2026409377023426 1.1903690913992575 1.1535535524900022 1.2026409377023426 1.3008157081270237 1.227184630308513 0.8651651643675016 0.803805932852076 1.1167380135807468 1.1228739367322893 1.0062913968529805 0.9878836273983529 0.944932165337555 0.9940195505498954 0.9817477042468103 1.012427320004523 1.030835089459151 1.0799224746714913 1.2087768608538851 1.1965050145508 0.8528933180644165 1.1167380135807468 1.282407938672396 1.2578642460662257 1.1658253987930873 1.0799224746714913 1.1106020904292042 1.1780972450961724 1.214912784005428 1.239456476611598 
-48.5 -49.0 -49.0 -48.5 -49.0 -49.0 -49.0 -49.0 -49.0 -49.0 -49.0 -49.0 -49.0 -49.0 -49.0 -49.0 -50.0 -53.0 -53.5 -53.0 -55.5 -53.0 -53.0 -52.5 -53.0 -54.0 -53.5 -53.0 -53.0 -53.5 -54.0 -56.0 -53.5 -53.0 -51.0 -48.5 -48.0 -48.5 -48.5 -48.5 -49.0 -49.0 
0.9081166264282996 0.9142525495798421 0.9326603190344698 0.9572040116406401 0.9940195505498954 1.000155473701438 1.000155473701438 0.8344855486097889 0.9940195505498954 0.9940195505498954 0.9633399347921826 0.9510680884890975 0.9572040116406401 0.9878836273983529 0.9817477042468103 1.0246991663076084 0.9694758579437253 1.0737865515199487 1.1535535524900022 1.1228739367322893 1.2517283229146832 1.4603497100671303 1.4051264017032472 1.3867186322486196 1.3314953238847365 1.3744467859455345 1.380582709097077 1.4603497100671303 1.4480778637640452 1.4419419406125027 1.4848934026733007 1.4419419406125027 1.5585244804918115 1.2946797849754812 1.1658253987930873 1.0799224746714913 0.9817477042468103 0.9387962421860124 0.9265243958829272 0.9019807032767571 0.9572040116406401 0.9940195505498954 1.0369710126106935 
-50.5 -51.0 -51.5 -51.5 -51.0 -51.0 -51.0 -51.0 -51.0 -51.0 -51.0 -51.0 -51.0 -51.0 -51.0 -51.0 -51.0 -50.0 -50.0 -52.0 -53.5 -53.0 -52.0 -51.5 -51.5 -52.0 -52.0 -52.5 -52.5 -52.0 -53.0 -53.0 -54.0 -54.0 -53.0 -51.5 -50.5 -50.5 -52.0 -51.5 -51.0 -51.0 -51.0 
1.1780972450961724 1.0676506283684062 0.9019807032767571 1.1780972450961724 1.2026409377023426 1.2333205534600555 1.2210487071569704 1.3069516312785663 1.1596894756415448 1.2517283229146832 1.2701360923693108 1.2333205534600555 1.325359400733194 1.214912784005428 1.2701360923693108 1.2210487071569704 1.3314953238847365 1.6751070203711202 1.7671458676442586 1.9880391010997909 1.9512235621905356 1.8285050991596843 1.7426021750380885 1.8653206380689396 1.8714565612204823 1.88986433067511 1.9389517158874505 1.9512235621905356 1.8775924843720249 1.7794177139473437 1.9144080232812801 2.116893487282185 2.098485717827557 1.7916895602504288 1.4848934026733007 1.282407938672396 1.227184630308513 1.227184630308513 1.1535535524900022 1.2455923997631406 1.2517283229146832 1.2210487071569704 
-55.5 -55.5 -55.5 -55.5 -55.5 -55.5 -55.0 -55.5 -55.0 -55.0 -55.5 -55.0 -55.5 -55.5 -55.5 -56.0 -57.0 -57.0 -58.5 -55.5 -52.0 -51.5 -52.0 -52.5 -52.0 -52.5 -53.0 -53.0 -54.5 -54.0 -53.5 -56.0 -62.0 -58.0 -56.0 -54.5 -54.5 -55.0 -55.5 -54.5 -55.0 -55.0 
1.5892040962495242 1.6014759425526093 1.6444274046134073 1.6198837120072371 1.6260196351587797 1.6014759425526093 1.5953400194010667 1.8039614065535141 1.6198837120072371 1.6014759425526093 1.6321555583103222 1.607611865704152 1.6751070203711202 1.6198837120072371 1.6014759425526093 1.576932249946439 1.662835174068035 1.88986433067511 2.2089323345553233 2.2886993355253766 2.098485717827557 2.0371264863121317 2.055534255766759 2.061670178918302 2.000310947402876 2.12916533358527 2.116893487282185 2.1353012567368124 2.2764274892222915 2.1230294104337273 2.067806102069844 2.030990563160589 2.2212041808584084 2.12916533358527 1.9144080232812801 1.6812429435226628 1.4848934026733007 1.5401167110371838 1.5953400194010667 1.6505633277649499 1.6935147898257479 1.705786636128833 
-54.0 -54.0 -53.5 -53.5 -53.5 -53.0 -53.5 -53.5 -53.5 -54.0 -53.5 -54.0 -53.5 -54.5 -54.0 -54.0 -54.5 -54.5 -56.0 -54.5 -53.5 -54.5 -54.5 -54.5 -54.5 -55.5 -55.5 -54.5 -55.5 -56.5 -54.5 -54.5 -55.0 -55.0 -55.0 -53.5 -53.5 -54.0 -53.5 -53.5 -54.0 -53.0 
5.203262832508095 5.123495831538041 5.0682725231741586 5.148039524144211 5.240078371417351 5.178719139901925 5.190990986205009 5.037592907416445 5.129631754689584 5.037592907416445 5.105088062083414 5.098952138931871 5.154175447295755 5.098952138931871 5.111223985234957 5.178719139901925 5.436427912266712 5.71868037723767 5.786175531904639 5.859806609723149 5.6941366846315 5.546874528994478 5.442563835418255 5.632777453116074 5.325981295538946 5.3627968344482015 5.381204603902829 5.583690067903734 5.577554144752192 5.5284667595398505 5.620505606812989 5.724816300389213 5.859806609723149 5.565282298449106 5.375068680751287 5.1725832167503825 5.1725832167503825 5.105088062083414 5.135767677841127 5.074408446325701 5.098952138931871 5.135767677841127 
-61.0 -59.5 -61.0 -60.0 -61.0 -60.5 -61.0 -61.0 -60.5 -60.5 -61.0 -60.5 -60.0 -60.5 -60.5 -58.5 -61.0 -59.5 -61.0 -58.0 -57.0 -57.0 -58.0 -58.0 -58.5 -60.0 -60.0 -59.0 -59.0 -58.0 -58.0 -58.0 -59.0 -59.0 -58.5 -58.5 -59.0 -60.0 -60.5 -61.5 -60.5 -60.0 
4.693981210930062 4.675573441475434 4.6448938257177215 4.76147636559703 4.399456899656019 4.700117134081604 4.7860200582032 4.516039439535327 4.994641445355648 4.638757902566179 4.632621979414636 4.681709364626977 4.706253057233147 4.638757902566179 4.792155981354743 4.706253057233147 4.706253057233147 5.295301679781233 5.859806609723149 5.743224069843841 5.350524988145116 5.71868037723767 5.878214379177777 5.921165841238575 5.632777453116074 5.675728915176872 5.577554144752192 5.595961914206819 5.798447378207723 5.638913376267617 4.97623367590102 5.301437602932776 5.344389064993574 5.283029833478148 4.95168998329485 4.669437518323892 4.411728745959104 4.620350133111551 4.424000592262189 4.693981210930062 4.675573441475434 4.700117134081604 
-64.0 -63.0 -63.5 -63.0 -63.5 -62.0 -61.5 -62.0 -62.5 -63.0 -63.5 -63.5 -63.0 -63.5 -61.5 -64.5 -64.5 -63.5 -63.5 -63.0 -61.5 -67.0 -66.5 -65.5 -65.0 -64.0 -65.5 -65.5 -65.5 -69.5 -64.5 -63.5 -63.5 -61.0 -61.5 -61.5 -62.0 -62.0 -62.0 -61.0 -62.0 -62.0 
