2.8838838812250054 2.834796496012665 2.779573187648782 2.890019804376548 2.84706834231575 2.8961557275280905 3.074097498922825 2.742757648739526 2.742757648739526 2.816388726558037 3.104777114680538 2.718213956133356 3.0127382674073995 3.442252888015379 2.9022916506796332 2.9575149590435164 2.791845033951867 2.9820586516496865 3.6815538909255388 3.4913402732277192 3.3870295796514958 2.8532042654672924 0.8713010875190442 4.172427743048944 3.9208548938356986 3.5158839658338894 3.313398501832985 3.3747577333484107 3.2643111166206444 3.5342917352885173 3.522019888985432 4.0987966652304335 4.503767593232243 3.8840393549264434 3.6447383520162835 3.466796580621549 3.859495662320273 3.77972866135022 3.423845118560751 2.804116880254952 2.9575149590435164 2.988194574801229 
-64.0 -64.5 -62.5 -64.5 -65.0 -64.5 -64.0 -64.5 -65.0 -65.0 -63.5 -64.5 -64.5 -65.0 -63.0 -65.5 -64.5 -64.5 -66.0 -65.5 -64.5 -65.5 -69.5 -67.5 -66.5 -64.0 -66.0 -66.0 -67.5 -66.5 -66.5 -68.0 -68.0 -68.5 -66.0 -64.5 -64.0 -64.0 -64.5 -65.5 -66.0 -66.0 
1.9819031779482483 1.88986433067511 1.9634954084936207 1.8837284075235674 1.9573594853420782 5.197126909356553 1.8775924843720249 1.9389517158874505 1.9941750242513334 1.945087639038993 1.8653206380689396 2.012582793705961 2.030990563160589 2.0371264863121317 1.8960002538266525 2.061670178918302 1.9573594853420782 2.067806102069844 1.9573594853420782 2.313243028131547 2.2089323345553233 2.442097414313941 3.227495577711389 3.074097498922825 2.9206994201342606 2.834796496012665 2.5709518004963345 2.6200391857086753 2.773437264497239 2.718213956133356 3.074097498922825 2.7857091108003242 2.6568547246179306 2.1782527187976104 1.9696313316451632 2.0371264863121317 1.9941750242513334 1.9880391010997909 1.902136176978195 1.9696313316451632 2.0064468705544187 
-61.5 -62.0 -62.5 -62.0 -63.0 -64.0 -63.0 -63.5 -62.5 -64.0 -63.0 -63.5 -62.0 -63.5 -63.0 -63.0 -60.0 -62.5 -61.0 -61.5 -62.5 -65.5 -65.5 -63.5 -62.5 -62.5 -61.5 -62.5 -62.0 -64.0 -64.5 -68.5 -66.0 -64.5 -62.5 -61.5 -61.5 -62.5 -63.0 -63.5 -64.0 
0.944932165337555 0.9817477042468103 0.9510680884890975 0.9203884727313847 0.8897088569736719 0.9081166264282996 0.8958447801252144 0.8897088569736719 0.9019807032767571 0.8467573949128739 0.8160777791551611 0.8897088569736719 0.8835729338221293 0.9081166264282996 0.8958447801252144 0.9142525495798421 0.9265243958829272 1.0369710126106935 1.1044661672776617 1.1596894756415448 0.9081166264282996 0.9510680884890975 1.3621749396424494 1.4664856332186729 1.1474176293384597 0.9817477042468103 0.944932165337555 0.9265243958829272 0.9081166264282996 0.9572040116406401 0.9878836273983529 0.9510680884890975 1.055378782065321 1.1044661672776617 1.380582709097077 1.3130875544301088 0.9878836273983529 1.1596894756415448 1.2455923997631406 0.9694758579437253 0.8283496254582462 0.6994952392758523 0.7792622402459057 
-49.0 -49.0 -49.0 -49.5 -49.5 -49.0 -49.5 -49.5 -49.5 -49.5 -49.5 -49.5 -49.5 -49.0 -49.5 -49.0 -49.5 -49.5 -50.0 -51.5 -53.5 -54.5 -56.0 -53.5 -52.0 -53.0 -54.0 -53.5 -54.0 -54.5 -54.0 -53.0 -53.0 -52.5 -53.5 -55.0 -52.5 -51.0 -49.5 -49.0 -49.5 -50.5 -50.5 
0.8958447801252144 0.9081166264282996 0.8835729338221293 0.8651651643675016 0.8774370106705868 0.8406214717613314 0.9081166264282996 0.8222137023067037 0.8344855486097889 0.8160777791551611 0.8651651643675016 0.8958447801252144 0.8713010875190442 0.8528933180644165 0.6933593161243098 0.8222137023067037 0.859029241215959 0.9142525495798421 0.9694758579437253 1.0492428589137786 1.141281706186917 1.4480778637640452 1.6321555583103222 1.3928545554001621 1.3621749396424494 1.2946797849754812 1.2946797849754812 1.3867186322486196 1.3744467859455345 1.4051264017032472 1.4480778637640452 1.3621749396424494 1.3560390164909069 1.3928545554001621 1.4358060174609601 1.509437095279471 1.282407938672396 1.1596894756415448 1.0676506283684062 0.944932165337555 0.8467573949128739 0.944932165337555 0.8774370106705868 
-51.5 -51.5 -51.5 -52.0 -52.0 -52.0 -52.0 -52.0 -52.0 -52.0 -51.5 -51.5 -51.5 -51.5 -51.5 -52.0 -51.5 -51.0 -51.0 -51.5 -52.0 -54.0 -52.5 -51.0 -50.5 -51.0 -51.0 -51.5 -51.5 -51.0 -51.0 -51.0 -51.0 -51.0 -51.5 -53.0 -53.0 -52.5 -52.0 -52.0 -52.5 -53.0 -53.0 
0.9019807032767571 1.1658253987930873 1.1780972450961724 1.1290098598838318 1.1596894756415448 1.1535535524900022 1.1228739367322893 1.1290098598838318 1.1351457830353744 1.1044661672776617 1.030835089459151 1.1290098598838318 1.141281706186917 1.1044661672776617 1.1719613219446299 1.2455923997631406 1.2333205534600555 1.368310862793992 1.6812429435226628 1.8223691760081417 1.9512235621905356 2.1598449493429825 1.9819031779482483 1.7978254834019713 1.7119225592803755 1.5707963267948966 1.7794177139473437 1.748738098189631 1.705786636128833 1.7119225592803755 1.718058482431918 1.748738098189631 1.6996507129772904 1.761009944492716 1.8162332528565992 1.9696313316451632 2.043262409463674 1.9144080232812801 1.7548740213411735 1.4603497100671303 1.3192234775816514 1.2455923997631406 1.3069516312785663 
-56.5 -57.0 -57.0 -56.5 -56.5 -57.0 -56.5 -57.0 -57.0 -57.0 -57.0 -57.0 -57.0 -57.0 -57.0 -57.0 -57.0 -57.0 -56.5 -56.0 -56.5 -54.5 -50.0 -51.5 -51.5 -52.5 -53.5 -53.0 -53.0 -53.0 -53.0 -52.5 -53.0 -51.5 -52.0 -51.5 -55.0 -54.5 -54.5 -56.0 -57.0 -58.5 -58.5 
1.6751070203711202 1.5830681730979816 1.6014759425526093 1.6014759425526093 1.5953400194010667 1.6137477888556946 1.5953400194010667 1.5953400194010667 1.5585244804918115 1.5830681730979816 1.6014759425526093 1.5707963267948966 1.5830681730979816 1.6198837120072371 1.6260196351587797 1.5707963267948966 1.4664856332186729 1.552388557340269 1.6444274046134073 1.8653206380689396 2.141437179888355 2.184388641949153 1.88986433067511 1.945087639038993 2.030990563160589 2.0800779483729293 2.055534255766759 2.012582793705961 2.043262409463674 2.12916533358527 2.086213871524472 2.0493983326152168 2.116893487282185 2.043262409463674 2.0064468705544187 2.061670178918302 2.141437179888355 2.12916533358527 2.024854640009046 1.748738098189631 1.5830681730979816 1.6751070203711202 1.6873788666742053 
-55.0 -54.5 -55.5 -55.5 -55.0 -55.5 -55.0 -55.0 -55.0 -54.5 -55.5 -55.5 -55.0 -55.0 -55.0 -55.0 -56.0 -56.0 -56.0 -55.0 -54.5 -53.5 -52.5 -54.0 -56.0 -55.5 -55.0 -56.0 -55.5 -55.0 -55.5 -55.5 -55.0 -56.0 -54.5 -53.5 -54.5 -54.0 -54.5 -55.5 -56.5 -56.0 -56.0 
5.1725832167503825 5.264622064023521 5.405748296509 5.283029833478148 5.301437602932776 5.2768939103266055 5.258486140871978 5.325981295538946 5.313709449235861 5.227806525114265 5.21553467881118 5.270757987175063 5.313709449235861 5.2768939103266055 5.2768939103266055 5.4671075280244255 5.387340527054372 5.577554144752192 5.651185222570702 5.620505606812989 5.853670686571607 5.9088939949354895 5.595961914206819 5.663457068873787 5.5100589900852235 5.418020142812084 5.45483568172134 5.387340527054372 5.338253141842031 5.301437602932776 5.325981295538946 5.264622064023521 5.651185222570702 5.534602682691394 5.749359992995383 5.71868037723767 5.853670686571607 5.651185222570702 5.553010452146021 5.50392306693368 5.473243451175968 5.50392306693368 5.516194913236766 
-61.0 -61.0 -60.5 -60.5 -61.0 -60.5 -61.0 -61.0 -61.0 -60.5 -61.0 -61.0 -61.0 -61.0 -61.0 -61.0 -60.5 -60.0 -59.5 -60.5 -61.0 -58.0 -58.0 -57.5 -58.0 -60.0 -59.5 -59.5 -61.0 -61.0 -60.5 -60.0 -59.5 -58.0 -57.5 -57.5 -59.0 -60.5 -59.5 -59.5 -60.0 -60.5 -61.0 
4.890330751779424 4.859651136021712 1.7978254834019713 4.945554060143307 4.914874444385594 4.878058905476339 1.748738098189631 4.988505522204105 1.7855536370988863 1.7671458676442586 4.9823695990525625 5.092816215780329 1.8100973297050567 1.8285050991596843 2.1598449493429825 5.546874528994478 5.737088146692298 5.773903685601553 5.773903685601553 5.553010452146021 6.240233845118788 5.767767762450011 5.921165841238575 5.921165841238575 5.822991070813893 5.890486225480862 5.853670686571607 5.6941366846315 6.080699843178682 6.025476534814799 2.1046216409791 5.497787143782138 5.9088939949354895 5.553010452146021 5.405748296509 5.092816215780329 5.092816215780329 5.178719139901925 
-65.5 -65.5 -67.5 -66.5 -65.0 -66.5 -68.0 -67.0 -68.0 -68.0 -66.0 -65.5 -68.0 -70.0 -69.5 -65.5 -63.5 -62.5 -61.5 -62.5 -74.5 -66.5 -66.5 -65.0 -65.5 -65.5 -65.5 -66.0 -66.5 -69.0 -66.0 -63.0 -63.5 -62.0 -62.5 -67.0 -69.0 -70.0 
