3.2090878082567613 3.0802334220743677 3.055689729468197 2.945243112740431 2.9697868053466014 2.9820586516496865 3.043417883165112 6.240233845118788 6.17273869045182 6.043884304269426 2.8716120349219203 2.9820586516496865 3.0250101137104846 6.178874613603362 2.9820586516496865 0.07363107781851078 2.5280003384355365 5.6941366846315 1.1044661672776617 4.681709364626977 3.693825737228624 3.2827188860752723 3.5158839658338894 0.6994952392758523 0.5583690067903734 6.086835766330224 6.258641614573416 3.06182565261974 3.2888548092268146 3.785864584501762 
-68.5 -68.0 -68.0 -69.0 -69.0 -69.5 -69.0 -70.0 -70.0 -70.0 -68.5 -70.0 -69.0 -70.5 -70.0 -72.5 -71.0 -71.5 -71.0 -66.5 -62.0 -71.0 -70.0 -72.0 -74.5 -71.5 -66.5 -65.5 -62.0 -61.5 
5.6143696836614465 2.4605051837685683 2.184388641949153 2.411417798556228 2.3071071049800045 2.405281875404685 2.356194490192345 2.423689644859313 2.2948352586769194 2.411417798556228 2.442097414313941 2.350058567040802 2.4175537217077703 2.386874105950058 2.411417798556228 2.442097414313941 2.429825568010856 2.4175537217077703 2.411417798556228 2.386874105950058 2.2641556429192065 2.2764274892222915 2.043262409463674 1.8223691760081417 1.2885438618239387 1.0737865515199487 1.4664856332186729 1.4848934026733007 1.7855536370988863 0.20248546400090464 3.2090878082567613 2.448233337465483 2.012582793705961 2.098485717827557 2.1782527187976104 2.2089323345553233 2.098485717827557 2.12916533358527 2.6875343403756435 2.9022916506796332 4.344233591292136 
-63.5 -63.0 -63.0 -63.0 -62.5 -62.5 -63.0 -62.5 -63.0 -63.0 -62.5 -62.0 -62.5 -62.5 -62.5 -62.5 -62.0 -62.0 -62.0 -62.0 -62.5 -64.5 -64.5 -65.0 -65.0 -64.0 -64.5 -64.0 -69.5 -68.0 -64.5 -62.5 -63.0 -63.0 -61.5 -61.5 -62.5 -62.5 -63.0 -67.5 -74.0 
1.0584467436410925 1.0676506283684062 1.0676506283684062 1.1167380135807468 1.0246991663076084 1.1167380135807468 1.055378782065321 1.1044661672776617 1.0799224746714913 1.1167380135807468 1.0676506283684062 1.0676506283684062 1.0492428589137786 1.0983302441261191 1.0369710126106935 1.043106935762236 1.0737865515199487 1.043106935762236 1.030835089459151 0.944932165337555 0.6810874698212247 0.4479223900626072 0.4479223900626072 0.5706408530934585 0.8344855486097889 1.0062913968529805 1.2210487071569704 1.423534171157875 1.1965050145508 1.4603497100671303 1.2333205534600555 1.3744467859455345 1.1106020904292042 1.141281706186917 1.2087768608538851 1.1351457830353744 1.1474176293384597 1.184233168247715 1.368310862793992 1.3130875544301088 1.2087768608538851 1.2333205534600555 
-57.0 -56.5 -57.0 -57.0 -56.5 -56.5 -57.0 -57.0 -57.0 -57.0 -57.0 -57.0 -56.5 -57.0 -57.0 -57.0 -57.5 -57.0 -58.0 -59.0 -60.5 -58.0 -54.0 -51.5 -49.0 -48.0 -48.5 -49.5 -50.0 -52.5 -52.0 -52.5 -52.0 -53.5 -54.0 -53.5 -52.5 -51.5 -52.0 -52.0 -52.5 -50.5 
1.4143302864305611 1.4419419406125027 1.4664856332186729 1.4051264017032472 1.4419419406125027 1.4542137869155878 1.4173982480063325 1.4664856332186729 1.423534171157875 1.4358060174609601 1.4603497100671303 1.4419419406125027 1.4480778637640452 1.4664856332186729 1.4419419406125027 1.4603497100671303 1.4358060174609601 1.423534171157875 1.3621749396424494 1.380582709097077 1.1965050145508 1.0246991663076084 0.8774370106705868 0.8467573949128739 0.8406214717613314 0.8467573949128739 0.9878836273983529 1.1290098598838318 1.4419419406125027 1.7732817907958012 1.423534171157875 1.5892040962495242 1.552388557340269 1.5585244804918115 1.5707963267948966 1.5401167110371838 1.5401167110371838 1.576932249946439 1.576932249946439 1.4296700943094176 1.6689710972195777 1.4173982480063325 
-55.5 -55.5 -55.0 -55.0 -55.5 -55.5 -55.5 -55.5 -55.0 -55.5 -55.0 -55.5 -55.5 -55.5 -55.0 -55.5 -55.0 -55.5 -55.5 -55.5 -55.5 -55.5 -54.5 -54.0 -52.0 -51.0 -50.5 -51.0 -53.5 -52.5 -51.0 -51.5 -51.5 -51.5 -51.5 -51.5 -51.5 -51.0 -51.0 -50.5 -53.0 -52.5 
5.746292031419612 2.6261751088602177 2.6016314162540475 2.564815877344792 2.5832236467994196 2.5770877236478773 2.5893595699509624 2.478912953223196 2.6323110320117604 2.521864415283994 2.5341362615870793 2.60776733940559 2.5893595699509624 2.5954954931025047 2.6384469551633027 2.662990647769473 2.736621725587984 2.748893571891069 2.7979809571034093 2.859340188618835 2.9575149590435164 1.859184714917397 1.2087768608538851 1.0062913968529805 1.2517283229146832 1.282407938672396 1.5155730184310134 1.8162332528565992 2.2212041808584084 1.9634954084936207 1.9696313316451632 2.098485717827557 2.2027964114037806 2.1905245651006955 2.1905245651006955 2.1537090261914402 2.1475731030398975 2.2150682577068657 2.024854640009046 1.9144080232812801 1.9757672547967058 2.018718716857504 
-59.5 -59.0 -59.0 -59.5 -58.5 -59.0 -59.0 -59.0 -58.5 -59.0 -59.0 -59.5 -59.0 -59.5 -58.5 -59.5 -59.5 -60.5 -61.0 -61.0 -63.5 -71.5 -65.0 -57.0 -53.5 -53.0 -53.0 -51.5 -50.5 -49.0 -51.0 -53.5 -52.5 -52.0 -51.5 -51.5 -51.0 -52.0 -52.5 -51.0 -48.5 -48.5 
6.117515382087937 3.098641191528995 2.816388726558037 2.8838838812250054 3.098641191528995 2.7979809571034093 2.8532042654672924 2.9084275738311756 2.9513790358919736 3.06182565261974 3.055689729468197 2.9206994201342606 2.7550294950426117 2.8654761117703775 3.0066023442558567 3.0250101137104846 2.9329712664373457 2.84706834231575 2.9575149590435164 6.191146459906448 0.2638446955163303 0.7424467013366504 0.9633399347921826 1.2087768608538851 1.380582709097077 1.5585244804918115 1.9880391010997909 2.4605051837685683 2.1905245651006955 2.399145952253143 2.2886993355253766 2.411417798556228 2.386874105950058 2.3316507975861747 2.313243028131547 2.3439226438892597 2.2150682577068657 2.2948352586769194 2.3071071049800045 2.1046216409791 2.356194490192345 
-66.0 -65.0 -65.0 -65.5 -65.5 -64.5 -65.5 -65.5 -66.0 -66.0 -66.5 -66.0 -66.5 -66.0 -66.0 -66.0 -66.5 -67.5 -68.5 -74.0 -75.0 -64.5 -60.5 -55.5 -54.5 -54.5 -54.5 -55.0 -55.0 -54.5 -55.0 -55.0 -54.0 -54.0 -54.0 -54.0 -54.5 -53.5 -54.0 -53.0 -53.5 
5.543806567418708 5.577554144752192 5.595961914206819 5.608233760509904 5.66959299202533 5.460971604872882 5.608233760509904 5.5284667595398505 5.559146375297564 5.546874528994478 5.546874528994478 5.559146375297564 5.559146375297564 5.688000761479957 5.5714182216006485 5.6143696836614465 5.387340527054372 5.411884219660542 5.283029833478148 5.47937937432751 5.64504929941916 5.534602682691394 5.3627968344482015 5.111223985234957 4.681709364626977 4.552854978444583 5.5284667595398505 5.8475347634200645 6.0991076126333095 5.638913376267617 5.730952223540755 5.786175531904639 5.8475347634200645 5.872078456026235 5.884350302329319 5.8659425328746915 5.841398840268521 5.792311455056181 5.773903685601553 5.405748296509 5.884350302329319 
-62.5 -61.5 -60.5 -62.0 -61.5 -62.0 -61.5 -61.5 -61.0 -61.5 -61.0 -61.5 -61.0 -61.5 -61.0 -62.0 -61.0 -61.5 -62.0 -62.0 -62.5 -64.5 -67.0 -65.5 -66.0 -65.5 -66.0 -64.0 -59.5 -62.0 -61.0 -60.0 -60.5 -60.0 -60.0 -59.5 -59.0 -60.5 -60.5 -59.0 -57.5 
4.537515170565727 1.3867186322486196 1.3621749396424494 1.4603497100671303 1.5278448647340985 1.4051264017032472 1.3314953238847365 1.380582709097077 1.4296700943094176 1.6321555583103222 1.4480778637640452 1.41126232485479 1.4603497100671303 1.6260196351587797 1.3928545554001621 1.564660403643354 1.552388557340269 1.552388557340269 1.6689710972195777 1.7732817907958012 1.8285050991596843 1.8653206380689396 1.9082721001297376 2.36846633649543 0.7301748550335652 4.914874444385594 5.448699758569798 5.896622148632405 0.4295146206079795 0.2945243112740431 6.025476534814799 5.927301764390117 6.043884304269426 6.117515382087937 0.09817477042468103 5.780039608753096 6.013204688511713 5.945709533844745 5.595961914206819 
-68.0 -66.0 -67.5 -66.0 -67.0 -66.0 -67.0 -67.0 -66.5 -67.5 -68.0 -66.5 -67.0 -67.0 -68.0 -68.0 -67.0 -67.0 -66.5 -66.5 -64.5 -63.0 -63.0 -66.0 -71.5 -69.0 -63.5 -59.0 -67.0 -63.5 -61.0 -62.5 -61.5 -61.0 -63.5 -64.0 -63.0 -65.0 -59.5 
