2.859340188618835 5.8659425328746915 2.5893595699509624 2.313243028131547 2.4850488763747385 2.429825568010856 2.2641556429192065 2.282563412373834 2.5280003384355365 2.429825568010856 2.5770877236478773 2.773437264497239 2.5770877236478773 2.6139032625571326 2.5586799541932495 2.6384469551633027 2.7120780329818137 2.36846633649543 6.270913460876501 4.215379205109742 3.5281558121369745 2.466641106920111 6.1850105367549055 3.141592653589793 2.3071071049800045 2.386874105950058 2.730485802436441 2.988194574801229 3.3440781175906977 3.663146121470911 5.93343768754166 5.700272607783043 2.350058567040802 2.6016314162540475 2.60776733940559 3.160000423044421 2.5280003384355365 
-67.5 -68.5 -67.0 -66.5 -66.0 -67.5 -67.5 -66.5 -67.0 -67.5 -67.5 -68.0 -68.5 -67.0 -68.5 -68.0 -68.5 -67.0 -70.0 -67.0 -63.0 -62.5 -73.5 -70.5 -70.5 -65.5 -63.5 -61.5 -64.5 -66.5 -73.0 -70.5 -68.5 -66.0 -67.0 -67.0 -67.0 
1.3437671701878218 1.282407938672396 1.3192234775816514 1.4296700943094176 1.4726215563702154 1.3989904785517047 1.4419419406125027 1.4664856332186729 1.2517283229146832 1.564660403643354 1.5462526341887264 1.6873788666742053 1.7303303287350031 1.6996507129772904 1.736466251886546 1.4480778637640452 1.6935147898257479 1.6566992509164924 1.7794177139473437 0.14112623248547898 2.5832236467994196 2.675262494072558 2.2457478734645786 2.061670178918302 2.1046216409791 2.1046216409791 2.055534255766759 2.184388641949153 2.1046216409791 2.405281875404685 2.6384469551633027 2.6691265709210157 1.5953400194010667 1.5155730184310134 1.1044661672776617 1.2946797849754812 1.4910293258248433 1.3499030933393643 1.3192234775816514 1.41126232485479 1.3314953238847365 
-63.0 -63.0 -62.5 -63.5 -64.0 -64.5 -64.5 -63.5 -65.0 -65.5 -65.5 -65.5 -66.0 -65.5 -66.0 -65.5 -65.5 -65.0 -66.5 -73.0 -64.5 -65.0 -63.5 -63.5 -61.5 -60.0 -60.5 -61.0 -63.0 -63.0 -65.5 -69.0 -65.0 -63.5 -63.5 -62.0 -62.5 -62.0 -60.5 -61.0 -60.5 
1.0676506283684062 1.055378782065321 1.000155473701438 0.9940195505498954 0.9940195505498954 0.9694758579437253 0.9326603190344698 0.9265243958829272 0.9326603190344698 0.9142525495798421 0.9019807032767571 0.9387962421860124 0.9142525495798421 0.8958447801252144 0.9142525495798421 0.8528933180644165 0.8958447801252144 0.944932165337555 1.1688933603688585 1.227184630308513 1.1106020904292042 1.086058397823034 1.3621749396424494 1.1658253987930873 1.086058397823034 1.1658253987930873 1.2455923997631406 1.2517283229146832 1.1596894756415448 1.1658253987930873 1.2701360923693108 1.4051264017032472 1.282407938672396 1.1719613219446299 1.1965050145508 1.2640001692177683 1.1351457830353744 1.043106935762236 1.0676506283684062 1.1228739367322893 1.1780972450961724 1.227184630308513 1.2333205534600555 1.2333205534600555 
-49.0 -49.0 -48.5 -48.5 -49.0 -49.0 -49.0 -49.0 -49.0 -49.0 -49.0 -49.5 -49.0 -49.5 -49.5 -49.5 -49.5 -49.0 -49.0 -48.5 -50.5 -54.0 -53.5 -52.0 -53.0 -54.5 -55.5 -55.0 -54.5 -52.5 -52.0 -52.5 -52.5 -51.5 -49.5 -49.0 -48.5 -48.5 -48.5 -48.5 -48.5 -48.5 -48.5 -48.5 
1.0799224746714913 0.9510680884890975 1.0246991663076084 1.043106935762236 1.030835089459151 1.043106935762236 0.944932165337555 0.9817477042468103 0.9878836273983529 1.0492428589137786 0.8897088569736719 0.9940195505498954 0.9940195505498954 1.0062913968529805 0.9940195505498954 1.000155473701438 1.0246991663076084 0.9756117810952678 1.1596894756415448 1.3499030933393643 1.4480778637640452 1.552388557340269 1.4358060174609601 1.4664856332186729 1.4848934026733007 1.5155730184310134 1.552388557340269 1.533980787885641 1.5401167110371838 1.533980787885641 1.564660403643354 1.4542137869155878 1.7241944055834606 1.607611865704152 1.4419419406125027 1.4542137869155878 1.1106020904292042 1.012427320004523 1.0246991663076084 1.0185632431560658 1.0246991663076084 1.0369710126106935 1.0676506283684062 1.0737865515199487 
-52.0 -52.0 -52.0 -52.0 -52.0 -52.0 -52.0 -52.0 -51.5 -51.5 -52.0 -51.5 -51.5 -52.0 -52.0 -52.0 -51.5 -52.0 -52.5 -53.0 -52.0 -52.5 -51.5 -51.5 -52.5 -52.0 -52.0 -52.0 -52.0 -52.0 -51.5 -51.0 -50.5 -53.0 -53.5 -53.5 -52.0 -52.0 -52.0 -51.5 -51.5 -51.0 -51.0 -51.0 
1.3314953238847365 1.325359400733194 1.2946797849754812 1.337631247036279 1.2885438618239387 1.2333205534600555 1.2762720155208536 1.239456476611598 1.2517283229146832 1.3008157081270237 1.1596894756415448 1.2640001692177683 1.2762720155208536 1.2640001692177683 1.2946797849754812 1.2701360923693108 1.325359400733194 1.2455923997631406 1.509437095279471 1.8653206380689396 2.073942025221387 1.945087639038993 1.945087639038993 2.1046216409791 2.2027964114037806 2.2027964114037806 2.2580197197676637 2.2212041808584084 2.2212041808584084 2.2764274892222915 2.110757564130642 2.000310947402876 1.8714565612204823 2.12916533358527 2.110757564130642 2.1046216409791 1.6873788666742053 1.4480778637640452 1.3314953238847365 1.3314953238847365 1.4296700943094176 1.3867186322486196 1.4419419406125027 1.4971652489763858 
-54.5 -54.5 -54.5 -54.5 -54.5 -54.5 -54.5 -54.0 -54.0 -53.5 -53.5 -53.5 -53.5 -53.0 -53.5 -53.5 -53.5 -53.5 -54.0 -51.0 -49.5 -50.5 -52.5 -55.0 -53.5 -53.0 -53.5 -53.0 -53.0 -53.5 -54.0 -51.5 -49.5 -48.0 -49.5 -52.5 -55.5 -56.0 -54.0 -53.0 -52.5 -53.0 -52.5 -52.5 
1.705786636128833 1.7119225592803755 1.662835174068035 1.6505633277649499 1.6812429435226628 1.6444274046134073 1.6505633277649499 1.5953400194010667 1.6198837120072371 1.6505633277649499 1.5953400194010667 1.5707963267948966 1.5401167110371838 1.5401167110371838 1.5033011721279284 1.564660403643354 1.5585244804918115 1.4848934026733007 1.6904468282499765 2.141437179888355 2.4175537217077703 2.350058567040802 2.3071071049800045 2.356194490192345 2.337786720737717 2.3193789512830896 2.405281875404685 2.3623304133438876 2.3930100291016 2.411417798556228 2.2580197197676637 2.325514874434632 2.1537090261914402 2.2150682577068657 2.448233337465483 2.282563412373834 1.7732817907958012 1.5830681730979816 1.705786636128833 1.718058482431918 1.7426021750380885 1.6812429435226628 1.7671458676442586 1.7732817907958012 
-56.0 -55.5 -55.5 -55.5 -56.5 -56.5 -56.0 -56.5 -56.5 -57.0 -56.5 -56.5 -57.5 -57.0 -58.0 -57.5 -57.5 -58.5 -59.0 -58.0 -54.0 -55.0 -54.5 -55.5 -54.5 -55.0 -55.0 -55.0 -54.5 -54.0 -55.0 -53.0 -54.5 -51.5 -53.0 -56.5 -58.0 -57.5 -55.0 -54.5 -53.5 -54.0 -54.0 -53.5 
5.0682725231741586 4.994641445355648 4.95168998329485 4.902602598082509 5.203262832508095 5.190990986205009 5.497787143782138 5.21553467881118 5.074408446325701 5.45483568172134 4.921010367537137 4.994641445355648 4.743068596142402 4.902602598082509 4.804427827657828 4.681709364626977 4.902602598082509 5.148039524144211 5.721748338813441 5.915029918087033 6.092971689481767 5.730952223540755 5.4671075280244255 5.8045833013592665 5.9518454569962875 5.792311455056181 5.792311455056181 5.829126993965437 5.8475347634200645 5.902758071783947 5.755495916146925 5.4671075280244255 5.47937937432751 5.688000761479957 6.1420590746941075 6.252505691421874 6.14819499784565 6.062292073724054 4.743068596142402 4.3933209765044765 4.411728745959104 4.28287435977671 4.28287435977671 4.3074180523828804 
-68.0 -67.5 -68.0 -66.0 -67.5 -67.0 -67.5 -67.5 -67.5 -67.5 -66.5 -66.5 -67.0 -68.0 -68.0 -68.5 -67.5 -68.0 -65.0 -62.0 -59.0 -61.5 -61.5 -61.5 -60.0 -60.5 -61.0 -60.5 -60.5 -60.5 -61.0 -62.5 -61.0 -57.5 -57.0 -59.5 -62.5 -65.0 -67.0 -66.5 -66.5 -66.0 -65.5 -65.0 
4.970097752749477 1.8407769454627694 1.7119225592803755 0.760854470791278 6.105243535784852 6.043884304269426 5.663457068873787 0.05522330836388308 0.28225246497095796 0.4172427743048944 6.227961998815704 5.93343768754166 5.93343768754166 6.050020227420969 6.031612457966341 6.258641614573416 0.34974761963792617 5.786175531904639 5.982525072754001 5.516194913236766 5.816855147662351 5.945709533844745 5.240078371417351 5.209398755659637 5.056000676871073 5.043728830567988 4.76147636559703 4.816699673960914 
-70.5 -72.5 -78.0 -79.0 -77.0 -66.5 -62.0 -62.0 -70.5 -65.0 -64.0 -64.0 -64.5 -65.0 -63.5 -64.0 -67.5 -65.0 -64.0 -62.0 -59.5 -64.5 -66.5 -66.0 -68.0 -67.0 -66.0 -65.0 
