5.829126993965437 2.521864415283994 2.4175537217077703 2.552544031041707 2.60776733940559 2.564815877344792 2.5464081078901644 2.5341362615870793 2.6568547246179306 2.5770877236478773 2.693670263527186 5.853670686571607 5.301437602932776 5.129631754689584 4.3933209765044765 3.454524734318464 2.405281875404685 2.448233337465483 6.068427996875596 2.6875343403756435 3.000466421104314 0.02454369260617026 3.184544115650591 2.5954954931025047 2.509592568980909 6.2034183062095325 3.2704470397721868 0.5154175447295755 5.878214379177777 2.662990647769473 2.718213956133356 2.6445828783148455 2.730485802436441 5.810719224510809 2.6568547246179306 2.890019804376548 
-68.0 -68.5 -65.0 -68.0 -67.0 -66.5 -67.0 -65.5 -66.5 -67.0 -67.5 -68.5 -71.5 -66.5 -66.5 -64.0 -65.5 -70.5 -72.0 -70.0 -70.5 -71.5 -70.0 -70.5 -66.5 -64.5 -62.5 -72.0 -66.5 -64.5 -65.5 -67.0 -66.0 -67.5 -67.0 -66.5 
1.3928545554001621 1.4603497100671303 1.4664856332186729 1.4419419406125027 1.5033011721279284 1.4480778637640452 1.368310862793992 1.3867186322486196 1.607611865704152 1.3928545554001621 1.41126232485479 1.4358060174609601 1.380582709097077 1.4603497100671303 1.4664856332186729 1.4726215563702154 1.3989904785517047 1.2640001692177683 1.2210487071569704 2.141437179888355 2.0371264863121317 2.2150682577068657 1.9696313316451632 2.1353012567368124 2.000310947402876 2.141437179888355 2.227340104009951 2.2580197197676637 2.478912953223196 2.3009711818284617 1.2087768608538851 4.473087977474529 1.2640001692177683 4.558990901596125 1.423534171157875 1.368310862793992 1.3560390164909069 1.325359400733194 1.3621749396424494 4.509903516383785 1.3192234775816514 1.521708941582556 1.4480778637640452 
-63.5 -63.5 -64.5 -64.5 -63.5 -64.0 -64.0 -62.5 -63.5 -62.5 -62.0 -62.0 -62.5 -61.5 -62.0 -61.5 -63.5 -63.0 -64.0 -68.0 -63.0 -63.5 -62.5 -61.0 -60.5 -60.0 -62.0 -63.0 -64.5 -66.0 -69.5 -65.5 -63.0 -64.0 -62.0 -61.0 -61.0 -61.5 -62.0 -62.0 -62.0 -62.0 -61.0 
1.0062913968529805 1.0246991663076084 1.0185632431560658 0.9878836273983529 1.000155473701438 1.0185632431560658 1.0615147052168636 1.0921943209745766 1.086058397823034 1.086058397823034 1.1228739367322893 1.1290098598838318 1.1351457830353744 1.1719613219446299 1.184233168247715 1.1535535524900022 1.4296700943094176 1.5585244804918115 1.3192234775816514 1.1290098598838318 1.2455923997631406 1.2885438618239387 1.1044661672776617 1.214912784005428 1.2087768608538851 1.282407938672396 1.1719613219446299 1.2517283229146832 1.368310862793992 1.337631247036279 1.2762720155208536 1.2517283229146832 1.4664856332186729 1.380582709097077 1.2333205534600555 1.1658253987930873 1.184233168247715 1.141281706186917 1.141281706186917 1.1351457830353744 1.1596894756415448 1.1351457830353744 1.1044661672776617 
-49.0 -48.5 -49.0 -49.0 -48.5 -49.0 -49.0 -49.0 -48.5 -48.5 -49.0 -49.0 -48.5 -49.0 -49.0 -48.5 -49.0 -50.5 -50.5 -51.5 -54.5 -52.5 -53.5 -55.0 -55.0 -54.5 -53.5 -51.5 -52.5 -52.0 -51.0 -49.5 -48.5 -49.0 -47.5 -47.5 -48.0 -48.5 -48.0 -48.0 -48.5 -48.0 -48.5 
0.9694758579437253 0.9878836273983529 1.030835089459151 1.0185632431560658 1.0062913968529805 0.9817477042468103 1.0062913968529805 0.9633399347921826 0.9817477042468103 0.9633399347921826 0.9878836273983529 0.9817477042468103 0.9940195505498954 1.0246991663076084 1.030835089459151 1.043106935762236 1.0676506283684062 1.184233168247715 1.368310862793992 1.368310862793992 1.3928545554001621 1.5892040962495242 1.4419419406125027 1.5278448647340985 1.5401167110371838 1.552388557340269 1.5892040962495242 1.5892040962495242 1.4726215563702154 1.564660403643354 1.5462526341887264 1.3744467859455345 1.325359400733194 1.1995729761265714 1.0492428589137786 1.000155473701438 1.000155473701438 0.9817477042468103 0.9756117810952678 1.012427320004523 0.8099418560036186 0.9940195505498954 1.030835089459151 
-51.5 -51.5 -51.0 -51.5 -51.5 -51.5 -51.5 -51.5 -51.5 -51.0 -51.0 -51.5 -51.5 -51.5 -51.0 -51.0 -51.5 -52.5 -52.0 -52.0 -52.0 -52.0 -53.0 -52.5 -52.5 -52.5 -52.5 -51.5 -51.5 -50.5 -53.0 -52.5 -52.5 -52.5 -51.0 -51.0 -51.0 -51.0 -51.0 -51.0 -51.5 -51.0 -51.0 
1.2885438618239387 1.3314953238847365 1.3621749396424494 1.3069516312785663 1.325359400733194 1.368310862793992 1.3499030933393643 1.4051264017032472 1.3989904785517047 1.368310862793992 1.4296700943094176 1.3989904785517047 1.4787574795217582 1.509437095279471 1.5033011721279284 1.4664856332186729 1.6566992509164924 2.086213871524472 2.141437179888355 2.0923497946760143 2.000310947402876 2.1046216409791 2.2334760271614935 2.2457478734645786 2.1905245651006955 2.227340104009951 2.2580197197676637 2.110757564130642 1.902136176978195 1.902136176978195 2.012582793705961 2.1046216409791 2.0064468705544187 4.859651136021712 1.4296700943094176 1.3437671701878218 1.3989904785517047 1.3744467859455345 1.2517283229146832 1.368310862793992 1.3437671701878218 1.3867186322486196 1.3928545554001621 
-52.5 -52.5 -52.0 -52.5 -52.5 -52.5 -52.5 -52.0 -52.0 -52.0 -52.0 -52.0 -52.0 -52.0 -52.0 -52.0 -52.5 -51.5 -51.0 -50.0 -51.5 -55.0 -54.0 -53.5 -53.5 -53.0 -52.5 -53.0 -50.5 -50.5 -48.5 -50.0 -51.5 -53.5 -53.5 -53.0 -52.0 -52.5 -52.5 -52.5 -52.5 -52.0 -52.5 
1.6505633277649499 1.6505633277649499 1.6505633277649499 1.6444274046134073 1.6812429435226628 1.6444274046134073 1.6873788666742053 1.6935147898257479 1.6505633277649499 1.6751070203711202 1.6996507129772904 1.7671458676442586 1.7241944055834606 1.7241944055834606 1.6935147898257479 1.6751070203711202 1.8346410223112268 2.4727770300716534 2.442097414313941 2.3316507975861747 2.4605051837685683 2.4727770300716534 2.3746022596469727 2.325514874434632 2.3439226438892597 2.356194490192345 2.3071071049800045 2.2764274892222915 2.2027964114037806 2.2886993355253766 2.073942025221387 2.399145952253143 2.2027964114037806 2.0371264863121317 1.7426021750380885 1.6996507129772904 1.718058482431918 1.7303303287350031 1.6996507129772904 1.7548740213411735 1.7978254834019713 1.7548740213411735 1.718058482431918 
-54.5 -55.0 -55.0 -55.0 -54.5 -55.0 -54.5 -54.0 -54.0 -54.5 -54.0 -53.5 -53.0 -54.0 -53.5 -54.5 -55.0 -56.5 -55.0 -56.0 -53.5 -55.5 -54.5 -55.0 -54.5 -54.5 -54.0 -54.5 -52.5 -54.5 -53.0 -53.5 -55.5 -56.5 -55.0 -54.5 -54.0 -53.5 -53.5 -54.0 -54.0 -54.0 -54.5 
4.23378697456437 3.9208548938356986 4.037437433715008 4.006757817957295 3.6017868899554855 4.154019973594316 3.6570101983193686 3.9208548938356986 3.773592738198677 4.000621894805752 4.006757817957295 3.8533597391687304 3.9576704327449543 4.061981126321178 3.9515345095934116 3.9208548938356986 4.865787059173254 5.921165841238575 6.19728238305799 5.565282298449106 5.66959299202533 5.491651220630596 5.945709533844745 5.890486225480862 5.878214379177777 5.853670686571607 5.9088939949354895 5.957981380147831 5.5100589900852235 5.780039608753096 5.602097837358362 6.013204688511713 6.007068765360171 5.899690110208176 5.393476450205914 4.528311285838413 5.037592907416445 4.669437518323892 4.270602513473625 4.387185053352934 4.28287435977671 3.933126740138784 
-66.0 -66.5 -67.0 -67.5 -65.5 -66.0 -66.0 -66.0 -66.0 -66.5 -65.0 -64.5 -64.5 -63.5 -63.5 -63.5 -67.0 -64.0 -59.0 -60.5 -59.5 -63.5 -60.0 -60.5 -60.5 -60.0 -60.0 -59.5 -61.0 -59.5 -58.5 -56.5 -60.0 -63.0 -64.5 -66.0 -65.5 -66.5 -66.5 -66.0 -67.5 -67.5 
2.0064468705544187 5.289165756629691 1.9634954084936207 5.111223985234957 1.8837284075235674 5.062136600022616 5.2768939103266055 4.95168998329485 5.0682725231741586 4.792155981354743 5.111223985234957 5.031456984264903 6.1420590746941075 6.025476534814799 6.270913460876501 0.4111068511533518 0.0859029241215959 6.000932842208628 5.939573610693203 6.019340611663256 6.086835766330224 0.32520392703175593 5.816855147662351 6.240233845118788 5.608233760509904 5.712544454086128 5.724816300389213 1.718058482431918 4.822835597112456 4.76147636559703 4.914874444385594 
-70.5 -67.5 -71.0 -68.5 -69.5 -68.5 -68.0 -66.0 -67.5 -65.0 -65.5 -65.5 -63.5 -60.0 -63.5 -67.5 -64.5 -64.0 -64.0 -63.5 -62.0 -66.0 -62.5 -62.0 -64.5 -59.5 -62.5 -67.5 -65.0 -66.0 -68.0 
