2.736621725587984 2.705942109830271 2.742757648739526 6.019340611663256 5.902758071783947 5.829126993965437 2.5586799541932495 2.6200391857086753 2.8716120349219203 5.902758071783947 2.705942109830271 5.970253226450915 3.54042765844006 2.9022916506796332 2.2764274892222915 2.227340104009951 2.7979809571034093 2.736621725587984 6.025476534814799 2.724349879284899 5.559146375297564 2.2027964114037806 2.816388726558037 2.8961557275280905 3.2888548092268146 3.6754179677739964 2.650718801466388 5.749359992995383 2.5924275315267336 2.6200391857086753 2.7857091108003242 
-64.5 -66.5 -66.0 -69.0 -68.0 -68.0 -67.0 -67.0 -66.5 -67.5 -67.0 -70.0 -64.0 -66.0 -65.0 -67.5 -67.5 -66.5 -68.0 -68.0 -70.5 -68.0 -64.0 -62.0 -61.5 -63.5 -62.5 -65.0 -65.5 -64.0 -64.0 
1.5155730184310134 1.4726215563702154 1.3744467859455345 1.509437095279471 1.4358060174609601 1.4296700943094176 1.6505633277649499 1.4726215563702154 1.3867186322486196 1.3989904785517047 1.4419419406125027 1.3744467859455345 1.4480778637640452 1.4726215563702154 1.3989904785517047 1.4971652489763858 1.4603497100671303 1.3130875544301088 1.5830681730979816 1.380582709097077 2.073942025221387 2.0371264863121317 1.9512235621905356 2.184388641949153 2.2580197197676637 2.1598449493429825 2.2396119503130363 2.1598449493429825 2.3009711818284617 2.1537090261914402 1.423534171157875 1.576932249946439 1.5830681730979816 1.552388557340269 1.521708941582556 1.337631247036279 1.325359400733194 1.4572817484913592 1.2333205534600555 1.509437095279471 
-61.5 -61.5 -62.5 -61.5 -61.0 -62.0 -62.0 -62.0 -61.0 -61.5 -61.0 -61.5 -61.5 -61.5 -61.5 -61.0 -61.5 -62.0 -63.0 -65.0 -63.5 -63.5 -62.0 -60.0 -59.5 -59.5 -60.0 -61.0 -63.0 -65.0 -62.0 -62.0 -61.5 -60.5 -61.0 -61.0 -61.0 -61.5 -61.0 -61.0 
1.2578642460662257 1.2455923997631406 1.2026409377023426 1.1351457830353744 1.2087768608538851 1.2087768608538851 1.184233168247715 1.184233168247715 1.2087768608538851 1.1535535524900022 1.1719613219446299 1.2087768608538851 1.086058397823034 1.1965050145508 1.2333205534600555 1.2517283229146832 1.3069516312785663 1.5401167110371838 1.6168157504314657 1.1965050145508 1.086058397823034 1.2333205534600555 1.1044661672776617 1.055378782065321 1.055378782065321 1.1167380135807468 1.1351457830353744 1.1351457830353744 1.3314953238847365 1.3499030933393643 1.3437671701878218 1.239456476611598 1.2701360923693108 1.3867186322486196 1.380582709097077 1.239456476611598 1.1965050145508 1.1719613219446299 1.1228739367322893 1.1566215140657734 1.1903690913992575 1.2701360923693108 
-48.5 -48.5 -48.5 -48.5 -48.5 -49.0 -49.0 -49.0 -49.0 -49.0 -49.0 -49.5 -49.0 -49.5 -49.0 -49.5 -48.5 -50.0 -50.5 -51.5 -53.0 -55.0 -53.5 -56.0 -56.5 -56.5 -56.0 -53.5 -53.0 -53.5 -52.0 -51.0 -49.5 -49.5 -49.5 -48.5 -48.5 -48.5 -48.5 -50.0 -49.0 -49.0 
1.012427320004523 1.043106935762236 1.043106935762236 1.043106935762236 1.0369710126106935 1.0369710126106935 1.0615147052168636 0.9940195505498954 1.0246991663076084 1.0185632431560658 0.9817477042468103 1.0062913968529805 1.0185632431560658 1.043106935762236 1.0369710126106935 1.0492428589137786 0.9326603190344698 1.0615147052168636 1.2333205534600555 1.3499030933393643 1.4051264017032472 1.4419419406125027 1.423534171157875 1.4419419406125027 1.41126232485479 1.5155730184310134 1.509437095279471 1.5585244804918115 1.6382914814618648 1.4173982480063325 1.7241944055834606 1.6198837120072371 1.5033011721279284 1.3008157081270237 1.0799224746714913 1.012427320004523 0.9633399347921826 0.9387962421860124 0.9326603190344698 1.0185632431560658 0.9756117810952678 1.0737865515199487 
-51.0 -50.5 -51.0 -51.0 -50.5 -51.0 -51.0 -51.0 -50.5 -50.5 -50.5 -50.5 -51.0 -51.0 -51.0 -50.5 -50.5 -51.0 -53.5 -52.0 -51.5 -53.0 -53.0 -53.5 -53.5 -53.0 -53.0 -52.5 -52.0 -51.5 -51.0 -53.5 -54.0 -53.0 -52.0 -51.0 -51.5 -51.0 -51.0 -51.5 -51.0 -50.5 
1.4726215563702154 1.4358060174609601 1.509437095279471 1.4726215563702154 1.509437095279471 1.4664856332186729 1.5155730184310134 1.4296700943094176 1.4971652489763858 1.5401167110371838 1.4664856332186729 1.5033011721279284 1.5585244804918115 1.5707963267948966 1.509437095279471 1.5462526341887264 1.4910293258248433 1.7303303287350031 2.1751847572218392 2.172116795646068 1.9819031779482483 1.9941750242513334 2.2089323345553233 2.2396119503130363 2.227340104009951 2.2641556429192065 2.3009711818284617 2.3009711818284617 2.067806102069844 1.9819031779482483 2.0064468705544187 2.184388641949153 2.1966604882522383 2.043262409463674 1.6873788666742053 1.4419419406125027 1.325359400733194 1.2210487071569704 1.3437671701878218 1.3989904785517047 1.3928545554001621 1.380582709097077 
-52.0 -52.0 -52.0 -51.5 -51.5 -51.5 -51.5 -52.0 -52.0 -52.0 -52.0 -52.0 -51.5 -52.0 -52.0 -52.0 -51.5 -52.0 -52.5 -50.5 -51.5 -53.0 -56.5 -55.5 -56.0 -55.0 -55.0 -54.5 -54.0 -51.0 -49.5 -49.0 -51.5 -53.5 -54.5 -55.0 -54.0 -53.0 -53.0 -54.0 -53.5 -52.5 
1.7671458676442586 1.662835174068035 1.7855536370988863 1.7671458676442586 1.736466251886546 1.7855536370988863 1.7671458676442586 1.7303303287350031 1.7303303287350031 1.705786636128833 1.7855536370988863 1.7303303287350031 1.7671458676442586 1.748738098189631 1.7303303287350031 1.7426021750380885 1.6812429435226628 1.8837284075235674 5.5714182216006485 2.2396119503130363 2.423689644859313 2.356194490192345 2.442097414313941 2.3623304133438876 2.3746022596469727 2.4175537217077703 2.386874105950058 2.4175537217077703 2.2886993355253766 2.386874105950058 2.1905245651006955 2.386874105950058 2.521864415283994 1.9634954084936207 1.7241944055834606 1.5401167110371838 1.564660403643354 1.5585244804918115 1.6321555583103222 1.6873788666742053 1.6566992509164924 1.6505633277649499 
-53.5 -53.0 -53.0 -53.0 -53.0 -53.0 -53.5 -53.0 -53.0 -52.5 -53.0 -52.5 -53.0 -53.0 -53.0 -52.5 -53.5 -55.0 -58.5 -55.5 -56.5 -55.5 -56.0 -56.5 -56.5 -55.5 -56.0 -55.0 -55.0 -53.0 -55.0 -53.5 -54.5 -57.0 -57.5 -56.5 -55.5 -54.5 -54.5 -54.5 -54.0 -53.0 
4.23378697456437 4.276738436625168 4.3933209765044765 4.3933209765044765 4.264466590322082 4.1417481272912315 4.313553975534423 4.215379205109742 4.338097668140593 3.9944859716542096 4.405592822807561 4.295146206079795 4.3074180523828804 4.534447208989955 4.466952054322987 4.387185053352934 4.25833066717054 5.399612373357457 6.07763188160291 5.872078456026235 5.890486225480862 5.350524988145116 5.780039608753096 5.915029918087033 5.853670686571607 5.872078456026235 5.921165841238575 5.964117303299373 5.7616318392984684 5.608233760509904 5.540738605842936 5.994796919057086 6.117515382087937 6.117515382087937 5.93343768754166 5.283029833478148 5.663457068873787 5.160311370447297 4.669437518323892 4.8443113281428545 4.816699673960914 4.509903516383785 
-64.0 -64.5 -65.0 -65.5 -64.5 -63.5 -63.0 -62.5 -63.0 -63.5 -64.0 -63.0 -64.0 -63.0 -63.0 -62.5 -63.0 -64.5 -62.5 -60.0 -60.0 -61.5 -60.5 -60.0 -60.5 -60.5 -60.0 -60.0 -61.5 -60.0 -59.0 -57.5 -58.0 -61.5 -62.5 -67.0 -66.0 -64.5 -64.5 -66.0 -65.0 -64.5 
4.9823695990525625 4.706253057233147 4.9823695990525625 4.9823695990525625 4.884194828627882 4.859651136021712 4.97623367590102 5.0682725231741586 4.994641445355648 5.098952138931871 5.074408446325701 5.074408446325701 4.963961829597935 5.037592907416445 5.117359908386499 5.056000676871073 4.902602598082509 5.393476450205914 0.03681553890925539 3.442252888015379 6.135923151542564 5.878214379177777 0.2270291566070749 5.859806609723149 5.957981380147831 5.829126993965437 5.896622148632405 6.160466844148735 6.12365130523948 5.853670686571607 6.129787228391022 5.589825991055276 5.890486225480862 5.577554144752192 1.8162332528565992 1.1719613219446299 4.565126824747668 4.6878452877785195 1.6290875967345508 4.945554060143307 4.994641445355648 
-64.0 -64.0 -64.0 -64.0 -63.5 -63.0 -63.5 -62.5 -65.0 -64.5 -63.5 -63.5 -63.0 -63.5 -63.5 -63.5 -65.0 -67.5 -63.5 -72.5 -63.5 -70.0 -66.5 -65.5 -65.5 -65.5 -65.0 -65.5 -70.0 -63.5 -64.0 -61.5 -61.0 -65.0 -73.0 -70.5 -65.0 -64.5 -66.0 -65.0 -64.0 
