2.5464081078901644 2.6875343403756435 2.4850488763747385 2.6261751088602177 2.448233337465483 2.6445828783148455 2.5770877236478773 2.509592568980909 2.705942109830271 2.6875343403756435 2.6813984172241008 2.662990647769473 2.6261751088602177 2.5402721847386216 2.761165418194154 2.282563412373834 3.313398501832985 5.878214379177777 2.0371264863121317 2.705942109830271 2.6875343403756435 2.6568547246179306 2.4911847995262812 2.1598449493429825 1.9941750242513334 2.012582793705961 2.454369260617026 6.129787228391022 3.696893698804395 5.970253226450915 5.8045833013592665 2.5402721847386216 2.60776733940559 2.730485802436441 2.2948352586769194 5.792311455056181 
-65.0 -65.5 -65.5 -64.5 -64.5 -65.5 -64.5 -65.5 -66.0 -65.5 -66.0 -66.0 -66.5 -65.5 -66.5 -67.5 -64.0 -68.5 -68.0 -68.0 -70.5 -70.0 -70.5 -72.0 -70.0 -65.0 -64.5 -68.5 -71.5 -73.5 -72.0 -70.0 -69.0 -70.0 -70.0 -70.5 
1.552388557340269 1.552388557340269 1.6444274046134073 1.4542137869155878 1.521708941582556 1.607611865704152 1.4726215563702154 1.4971652489763858 1.4603497100671303 1.3008157081270237 1.1106020904292042 1.4542137869155878 1.4971652489763858 1.4910293258248433 1.4726215563702154 1.4848934026733007 1.6935147898257479 1.4358060174609601 5.890486225480862 2.1598449493429825 2.055534255766759 2.1537090261914402 2.141437179888355 2.1230294104337273 2.098485717827557 2.3439226438892597 2.350058567040802 2.564815877344792 2.3746022596469727 2.2764274892222915 5.451767720145568 1.718058482431918 1.6137477888556946 1.4173982480063325 1.5585244804918115 1.5155730184310134 1.41126232485479 1.4726215563702154 1.6935147898257479 1.7548740213411735 
-61.0 -61.0 -61.0 -61.0 -61.0 -61.0 -61.5 -61.0 -61.0 -61.5 -62.0 -61.0 -62.5 -62.0 -62.0 -61.5 -62.5 -63.0 -76.5 -61.5 -61.5 -60.0 -60.0 -60.0 -61.0 -61.5 -64.0 -64.0 -66.5 -65.5 -67.0 -65.0 -65.0 -65.5 -66.5 -65.0 -66.0 -65.5 -65.5 -65.5 
1.1351457830353744 1.1658253987930873 1.1106020904292042 1.1658253987930873 1.1658253987930873 1.1658253987930873 1.1044661672776617 1.1351457830353744 1.1658253987930873 1.1780972450961724 1.141281706186917 1.1535535524900022 1.1167380135807468 1.1106020904292042 1.1290098598838318 1.141281706186917 1.2762720155208536 1.2701360923693108 1.1474176293384597 1.239456476611598 1.2578642460662257 1.0615147052168636 1.000155473701438 1.1044661672776617 1.1044661672776617 1.1290098598838318 1.1167380135807468 1.1351457830353744 1.337631247036279 1.4296700943094176 0.9694758579437253 0.9142525495798421 0.9909515889741242 0.9878836273983529 0.9142525495798421 0.9081166264282996 0.8160777791551611 0.803805932852076 0.7915340865489908 0.8160777791551611 0.8528933180644165 0.8467573949128739 
-48.5 -48.5 -49.0 -48.5 -48.5 -48.5 -48.5 -48.5 -48.5 -48.5 -48.5 -48.5 -48.5 -48.5 -48.5 -48.0 -49.0 -49.5 -52.0 -53.5 -54.5 -53.5 -55.5 -55.5 -56.0 -56.0 -55.0 -52.5 -53.0 -55.5 -54.5 -53.5 -51.5 -50.5 -50.0 -50.0 -50.0 -50.5 -50.5 -50.5 -50.5 -50.0 
1.055378782065321 0.9878836273983529 1.0369710126106935 1.0185632431560658 1.012427320004523 1.012427320004523 1.030835089459151 1.012427320004523 1.0246991663076084 0.9878836273983529 0.9817477042468103 0.9633399347921826 0.9940195505498954 1.000155473701438 0.944932165337555 0.9326603190344698 1.0615147052168636 1.2333205534600555 1.5462526341887264 1.6566992509164924 1.4787574795217582 1.5401167110371838 1.4726215563702154 1.4848934026733007 1.5155730184310134 1.4603497100671303 1.5401167110371838 1.564660403643354 1.5278448647340985 1.6873788666742053 1.6444274046134073 1.6935147898257479 4.773748211900116 1.2946797849754812 1.1719613219446299 1.1044661672776617 1.043106935762236 1.055378782065321 0.9756117810952678 0.9265243958829272 0.9510680884890975 0.944932165337555 
-51.0 -50.5 -51.0 -50.5 -50.5 -50.5 -50.5 -50.0 -50.5 -50.5 -50.5 -50.5 -50.5 -50.5 -50.5 -50.5 -51.0 -53.5 -54.0 -51.5 -52.5 -52.5 -53.0 -53.0 -52.5 -52.5 -53.0 -52.0 -52.0 -51.0 -52.5 -52.0 -53.5 -53.0 -53.0 -52.5 -52.5 -52.5 -52.5 -52.5 -52.5 -52.0 
1.4910293258248433 1.4664856332186729 1.4726215563702154 1.5278448647340985 1.4787574795217582 1.4971652489763858 1.4664856332186729 1.4848934026733007 1.4296700943094176 1.4971652489763858 1.4603497100671303 1.4910293258248433 1.4358060174609601 1.4726215563702154 1.4603497100671303 1.3989904785517047 1.8407769454627694 2.110757564130642 2.1046216409791 1.8653206380689396 1.9819031779482483 2.227340104009951 2.270291566070749 2.2641556429192065 2.227340104009951 2.3193789512830896 2.282563412373834 2.2212041808584084 2.012582793705961 1.9205439464328227 2.2150682577068657 2.2396119503130363 5.375068680751287 1.8285050991596843 1.5953400194010667 1.423534171157875 1.1106020904292042 1.184233168247715 1.1658253987930873 1.2210487071569704 1.1719613219446299 1.1719613219446299 
-52.5 -52.5 -53.0 -52.5 -53.0 -53.0 -52.5 -52.5 -52.5 -52.5 -52.5 -52.5 -52.5 -52.5 -53.0 -54.0 -52.5 -51.5 -49.0 -52.0 -54.0 -56.5 -55.0 -55.0 -54.0 -54.5 -54.5 -55.0 -53.5 -52.0 -50.0 -51.5 -55.0 -56.0 -57.5 -57.0 -56.5 -56.0 -56.0 -56.0 -56.0 -55.5 
1.7548740213411735 1.7855536370988863 1.7978254834019713 1.7671458676442586 1.7671458676442586 1.7671458676442586 1.7978254834019713 1.7855536370988863 1.736466251886546 1.7426021750380885 1.7426021750380885 1.7671458676442586 1.6996507129772904 1.7548740213411735 1.6873788666742053 1.6996507129772904 2.0371264863121317 2.423689644859313 2.380738182798515 2.429825568010856 2.3623304133438876 2.4727770300716534 2.386874105950058 2.429825568010856 2.435961491162398 2.399145952253143 2.429825568010856 2.4850488763747385 2.325514874434632 2.350058567040802 2.3009711818284617 2.399145952253143 5.553010452146021 1.9634954084936207 1.9082721001297376 1.7671458676442586 1.6935147898257479 1.6689710972195777 1.5953400194010667 1.6321555583103222 1.6444274046134073 1.6566992509164924 
-53.0 -53.0 -53.0 -53.5 -53.0 -53.0 -53.0 -53.0 -53.0 -53.0 -53.5 -53.0 -53.0 -53.5 -54.0 -55.5 -56.0 -54.5 -52.5 -55.5 -54.5 -56.0 -55.5 -56.5 -55.5 -55.5 -55.5 -55.5 -54.0 -53.5 -52.5 -53.0 -57.0 -60.5 -60.0 -59.5 -58.0 -56.5 -56.5 -56.0 -56.0 -56.0 
4.577398671050753 4.534447208989955 4.577398671050753 4.620350133111551 4.503767593232243 4.448544284868359 4.491495746929157 4.509903516383785 4.6448938257177215 4.638757902566179 4.411728745959104 4.601942363656923 4.552854978444583 4.411728745959104 4.424000592262189 6.062292073724054 5.822991070813893 5.700272607783043 5.356660911296659 5.810719224510809 5.712544454086128 5.632777453116074 5.6941366846315 5.681864838328415 5.822991070813893 5.798447378207723 5.712544454086128 5.442563835418255 5.553010452146021 5.93343768754166 6.258641614573416 6.264777537724958 6.1420590746941075 6.037748381117884 5.786175531904639 5.737088146692298 5.565282298449106 5.798447378207723 5.313709449235861 5.387340527054372 
-65.0 -64.0 -65.0 -65.0 -65.5 -65.0 -64.5 -64.5 -64.5 -65.0 -65.5 -64.0 -64.0 -65.0 -65.0 -59.5 -58.5 -63.0 -64.0 -62.0 -60.5 -61.0 -61.0 -61.0 -60.0 -61.5 -62.0 -61.0 -59.5 -58.5 -60.5 -60.5 -61.5 -62.5 -65.0 -66.0 -65.5 -66.5 -67.0 -69.0 
5.221670601962723 5.092816215780329 5.166447293598839 5.086680292628786 5.190990986205009 4.884194828627882 4.914874444385594 5.013049214810275 4.994641445355648 5.123495831538041 4.9823695990525625 4.767612288748572 4.890330751779424 5.178719139901925 1.7916895602504288 5.957981380147831 5.737088146692298 0.30066023442558565 0.8774370106705868 0.6872233929727672 6.240233845118788 5.976389149602458 6.050020227420969 6.111379458936394 6.0991076126333095 0.46019423636569234 5.915029918087033 6.135923151542564 5.700272607783043 5.7616318392984684 0.401902966426038 2.1353012567368124 
-63.5 -64.5 -64.0 -64.5 -64.5 -65.5 -64.5 -65.0 -64.5 -64.0 -65.5 -65.5 -65.0 -66.0 -70.0 -61.0 -63.0 -62.0 -71.5 -66.0 -67.0 -67.5 -67.0 -66.0 -66.0 -65.5 -70.0 -62.0 -64.0 -62.0 -69.5 -77.5 
