2.3193789512830896 2.350058567040802 2.110757564130642 2.2396119503130363 2.3930100291016 2.3193789512830896 2.3071071049800045 2.356194490192345 2.1782527187976104 2.227340104009951 2.3746022596469727 2.350058567040802 2.2641556429192065 0.859029241215959 3.9699422790480394 3.466796580621549 2.6384469551633027 2.4605051837685683 0.06135923151542565 2.8102528034064944 0.2699806186678728 0.6258641614573416 5.638913376267617 5.522330836388308 2.5709518004963345 0.2945243112740431 
-68.0 -67.0 -68.5 -68.0 -69.0 -68.5 -70.0 -69.5 -67.5 -68.0 -69.5 -68.0 -69.5 -72.5 -66.0 -64.5 -64.5 -66.5 -72.0 -70.5 -71.5 -74.5 -73.0 -65.0 -64.0 -69.0 
1.521708941582556 1.5585244804918115 1.5278448647340985 1.4787574795217582 1.7548740213411735 1.6505633277649499 1.564660403643354 1.4848934026733007 1.5585244804918115 1.552388557340269 1.6935147898257479 1.5585244804918115 1.5707963267948966 1.5462526341887264 1.4173982480063325 5.184855063053467 2.4911847995262812 2.405281875404685 2.061670178918302 2.073942025221387 2.030990563160589 2.073942025221387 1.8530487917658545 1.9941750242513334 2.018718716857504 2.061670178918302 2.5832236467994196 5.850602724995835 5.970253226450915 5.700272607783043 1.9389517158874505 1.576932249946439 1.6321555583103222 1.4787574795217582 1.5278448647340985 1.509437095279471 1.662835174068035 1.5830681730979816 1.7303303287350031 
-65.5 -65.0 -66.0 -64.5 -64.5 -65.5 -65.5 -64.5 -64.5 -65.5 -64.0 -64.5 -64.0 -64.0 -66.0 -74.0 -65.0 -63.5 -63.5 -61.5 -60.0 -60.5 -61.0 -60.5 -61.0 -62.5 -64.0 -65.0 -70.0 -71.0 -66.0 -62.5 -64.0 -63.5 -63.0 -62.0 -62.5 -62.5 -61.5 
0.8222137023067037 0.7976700097005334 0.8406214717613314 0.7915340865489908 0.8283496254582462 0.8160777791551611 0.8406214717613314 0.8283496254582462 0.8651651643675016 0.8467573949128739 0.8406214717613314 0.8099418560036186 0.8222137023067037 0.8528933180644165 1.043106935762236 1.141281706186917 1.0492428589137786 1.0676506283684062 1.2946797849754812 1.2885438618239387 1.1106020904292042 1.1228739367322893 1.2762720155208536 1.3560390164909069 1.325359400733194 1.2946797849754812 1.1044661672776617 1.2333205534600555 1.3989904785517047 1.4143302864305611 1.1903690913992575 1.0369710126106935 1.012427320004523 1.0737865515199487 1.0492428589137786 1.0062913968529805 1.0492428589137786 1.0921943209745766 1.0737865515199487 1.0799224746714913 1.1719613219446299 1.1903690913992575 1.2455923997631406 
-49.5 -50.0 -49.5 -49.5 -49.5 -49.5 -49.5 -49.5 -49.5 -49.5 -49.5 -49.5 -49.5 -49.0 -48.5 -49.0 -50.5 -52.5 -54.0 -52.5 -52.5 -55.0 -55.5 -55.0 -55.0 -55.0 -54.5 -51.5 -52.0 -54.0 -53.5 -52.5 -50.5 -49.5 -50.0 -50.5 -50.5 -50.0 -50.0 -50.5 -50.0 -50.0 -50.0 
0.9756117810952678 0.944932165337555 0.9387962421860124 0.9633399347921826 0.9510680884890975 0.9694758579437253 0.9142525495798421 0.9265243958829272 0.9387962421860124 0.9387962421860124 0.9203884727313847 0.9326603190344698 0.9081166264282996 0.944932165337555 1.0492428589137786 1.5892040962495242 1.6382914814618648 1.5585244804918115 1.4296700943094176 1.521708941582556 1.4726215563702154 1.5401167110371838 1.5155730184310134 1.4848934026733007 1.5033011721279284 1.509437095279471 1.552388557340269 1.576932249946439 1.533980787885641 1.6382914814618648 1.6996507129772904 1.718058482431918 1.7732817907958012 1.7119225592803755 1.4480778637640452 1.2210487071569704 1.239456476611598 1.1290098598838318 1.0921943209745766 1.1290098598838318 1.0799224746714913 1.030835089459151 1.0492428589137786 
-53.0 -53.0 -53.0 -52.0 -52.5 -53.0 -52.5 -53.0 -52.5 -52.5 -52.5 -52.5 -52.5 -52.5 -52.5 -53.5 -52.0 -52.0 -51.5 -52.0 -52.0 -52.0 -52.0 -52.5 -52.0 -52.0 -51.5 -51.5 -51.5 -50.5 -51.5 -51.5 -52.5 -53.5 -54.0 -53.5 -54.0 -53.5 -53.5 -53.5 -53.5 -53.0 -53.0 
1.2885438618239387 1.2640001692177683 1.2578642460662257 1.2701360923693108 1.2210487071569704 1.2640001692177683 1.227184630308513 1.2517283229146832 1.2210487071569704 1.227184630308513 1.2333205534600555 1.2578642460662257 1.239456476611598 1.227184630308513 1.521708941582556 1.8346410223112268 2.086213871524472 1.902136176978195 1.859184714917397 1.9573594853420782 2.1598449493429825 2.2518837966161214 2.172116795646068 2.2150682577068657 2.2150682577068657 2.1782527187976104 2.1905245651006955 2.1475731030398975 1.9266798695843652 1.8100973297050567 2.0493983326152168 2.073942025221387 2.098485717827557 1.8223691760081417 1.705786636128833 1.4051264017032472 1.4173982480063325 1.3744467859455345 1.3560390164909069 1.380582709097077 1.4542137869155878 1.4296700943094176 1.4910293258248433 
-54.5 -54.0 -54.0 -54.0 -54.0 -54.0 -54.0 -54.0 -54.0 -53.5 -54.0 -54.0 -54.0 -53.5 -53.5 -51.5 -49.0 -50.0 -51.0 -53.0 -54.0 -52.5 -52.5 -53.0 -52.5 -52.0 -52.0 -52.5 -52.5 -51.0 -49.0 -49.5 -51.5 -54.0 -56.0 -57.0 -56.5 -55.5 -55.0 -55.0 -55.0 -55.0 -54.0 
1.521708941582556 1.576932249946439 1.533980787885641 1.533980787885641 1.5278448647340985 1.533980787885641 1.5033011721279284 1.5401167110371838 1.5155730184310134 1.5462526341887264 1.533980787885641 1.521708941582556 1.5278448647340985 1.41126232485479 1.7303303287350031 2.36846633649543 2.4175537217077703 2.1966604882522383 2.2396119503130363 2.282563412373834 2.399145952253143 2.3439226438892597 2.380738182798515 2.380738182798515 2.405281875404685 2.337786720737717 2.36846633649543 2.325514874434632 2.2027964114037806 2.304039143404233 2.1782527187976104 2.2334760271614935 2.3439226438892597 2.350058567040802 2.0493983326152168 1.9144080232812801 1.9205439464328227 1.846912868614312 1.8407769454627694 1.8100973297050567 1.7241944055834606 1.748738098189631 1.7426021750380885 
-58.0 -58.0 -58.0 -58.0 -57.5 -57.5 -57.0 -57.5 -57.5 -57.5 -57.5 -57.5 -57.5 -59.0 -58.5 -56.5 -52.5 -55.0 -53.5 -55.0 -54.5 -54.5 -54.5 -54.0 -54.0 -54.0 -53.5 -54.5 -53.0 -53.5 -53.0 -51.5 -53.0 -56.5 -60.5 -60.0 -58.5 -58.5 -58.5 -58.0 -57.5 -57.5 -57.0 
4.767612288748572 4.804427827657828 4.871922982324796 4.657165672020807 4.4976316700806995 4.957825906446392 4.773748211900116 4.601942363656923 5.8659425328746915 6.043884304269426 6.019340611663256 5.675728915176872 5.792311455056181 5.516194913236766 6.105243535784852 5.853670686571607 5.982525072754001 5.964117303299373 6.031612457966341 6.007068765360171 5.994796919057086 5.988660995905543 5.583690067903734 5.691068723055729 5.5100589900852235 6.068427996875596 6.270913460876501 0.04908738521234052 6.14819499784565 6.068427996875596 5.921165841238575 5.105088062083414 4.6878452877785195 4.632621979414636 4.3933209765044765 
-70.0 -68.5 -69.5 -68.5 -69.5 -69.0 -69.5 -69.5 -66.0 -62.5 -58.5 -63.5 -61.0 -63.5 -60.5 -60.5 -61.0 -61.0 -61.5 -61.0 -60.0 -59.5 -62.0 -62.0 -59.5 -58.0 -58.0 -59.5 -62.0 -64.5 -67.0 -71.0 -71.0 -69.0 -68.0 
5.559146375297564 5.577554144752192 0.1902136176978195 5.859806609723149 0.6258641614573416 0.21475731030398976 6.129787228391022 6.135923151542564 6.135923151542564 6.043884304269426 6.000932842208628 6.074563920027139 0.1227184630308513 5.792311455056181 5.973321188026687 6.0991076126333095 5.546874528994478 5.8475347634200645 0.04295146206079795 4.080388895775806 3.6815538909255388 1.6812429435226628 1.5953400194010667 
-77.5 -59.0 -62.5 -63.0 -68.0 -63.5 -62.0 -63.5 -63.0 -63.0 -63.0 -61.5 -62.0 -66.0 -61.0 -62.5 -60.5 -60.5 -65.5 -70.5 -76.5 -76.5 -72.5 
