2.5832236467994196 2.6016314162540475 5.810719224510809 2.6875343403756435 2.466641106920111 2.478912953223196 2.4850488763747385 2.6875343403756435 2.521864415283994 5.8659425328746915 2.5586799541932495 2.705942109830271 3.9576704327449543 3.368621810196868 6.007068765360171 2.5034566458293663 0.6933593161243098 0.6442719309119693 0.4479223900626072 0.32520392703175593 0.46019423636569234 0.4172427743048944 6.178874613603362 0.030679615757712823 0.31600004230444206 3.7551849687440497 4.295146206079795 5.565282298449106 
-67.5 -70.0 -70.0 -69.0 -70.0 -69.5 -69.5 -70.0 -69.5 -70.0 -68.5 -69.5 -59.5 -59.0 -61.5 -68.0 -71.5 -68.5 -68.5 -68.5 -68.5 -71.5 -69.0 -63.5 -62.0 -60.5 -61.0 -68.0 
1.6873788666742053 1.6014759425526093 1.6321555583103222 1.6873788666742053 1.552388557340269 1.9819031779482483 1.6689710972195777 1.6321555583103222 1.6751070203711202 1.6566992509164924 1.859184714917397 1.8223691760081417 1.9512235621905356 1.8960002538266525 1.8407769454627694 1.9573594853420782 1.3314953238847365 4.1172044346850605 0.6013204688511713 6.151262959421421 2.779573187648782 2.1659808724945253 2.2580197197676637 2.1230294104337273 2.1905245651006955 2.030990563160589 2.0493983326152168 2.1659808724945253 2.6261751088602177 2.742757648739526 6.240233845118788 1.5707963267948966 1.2946797849754812 1.1658253987930873 1.1596894756415448 1.1351457830353744 1.521708941582556 1.3560390164909069 1.0737865515199487 1.3928545554001621 1.3499030933393643 
-68.0 -67.0 -66.5 -65.5 -65.5 -65.5 -67.0 -66.0 -66.0 -66.5 -68.5 -68.0 -69.0 -69.5 -69.0 -69.5 -69.0 -75.5 -68.5 -64.0 -62.0 -63.5 -62.0 -63.5 -62.5 -63.0 -62.5 -63.0 -65.0 -64.5 -74.0 -65.0 -64.5 -64.5 -62.5 -62.5 -62.5 -62.5 -62.0 -63.0 -62.0 
0.7976700097005334 0.7976700097005334 0.8222137023067037 0.8099418560036186 0.8467573949128739 0.8467573949128739 0.8160777791551611 0.8406214717613314 0.7915340865489908 0.7853981633974483 0.7731263170943632 0.7547185476397354 0.7240389318820226 0.7669903939428205 0.760854470791278 0.7792622402459057 0.7424467013366504 0.7669903939428205 1.1474176293384597 1.2026409377023426 1.0062913968529805 1.1290098598838318 1.3437671701878218 1.1290098598838318 1.239456476611598 1.325359400733194 1.2885438618239387 1.3192234775816514 1.2455923997631406 1.141281706186917 1.1719613219446299 1.3499030933393643 1.205708899278114 1.2762720155208536 1.380582709097077 1.533980787885641 1.4358060174609601 1.1965050145508 1.1535535524900022 1.0921943209745766 1.0676506283684062 1.1044661672776617 1.0983302441261191 1.086058397823034 1.0921943209745766 
-50.5 -50.5 -50.0 -50.0 -50.0 -50.0 -50.0 -50.0 -50.0 -50.0 -50.5 -50.0 -50.5 -50.5 -50.5 -50.5 -50.0 -49.5 -48.0 -48.0 -49.5 -52.5 -50.5 -50.0 -52.0 -52.5 -52.0 -52.0 -52.5 -51.5 -50.0 -51.0 -51.5 -49.0 -49.5 -49.5 -49.5 -48.5 -48.5 -49.0 -50.0 -50.0 -49.5 -49.5 -49.5 
0.9081166264282996 0.944932165337555 0.9756117810952678 0.9940195505498954 0.9510680884890975 0.9265243958829272 0.9142525495798421 0.9510680884890975 0.9694758579437253 0.9694758579437253 0.9817477042468103 0.9817477042468103 0.9572040116406401 0.9756117810952678 1.012427320004523 0.9572040116406401 0.9940195505498954 0.9878836273983529 1.184233168247715 1.3130875544301088 0.9633399347921826 1.3314953238847365 1.41126232485479 1.3744467859455345 1.423534171157875 1.4910293258248433 1.4358060174609601 1.4910293258248433 1.4664856332186729 1.4173982480063325 1.509437095279471 1.3928545554001621 1.521708941582556 1.2578642460662257 1.2578642460662257 1.1658253987930873 1.043106935762236 0.9142525495798421 0.8774370106705868 0.9510680884890975 1.043106935762236 1.043106935762236 1.0185632431560658 1.0369710126106935 1.0492428589137786 
-52.5 -53.0 -53.0 -52.5 -52.5 -52.5 -52.5 -52.5 -52.5 -52.5 -53.0 -52.5 -52.5 -52.0 -52.5 -52.5 -53.0 -52.5 -51.5 -52.0 -51.0 -51.0 -50.0 -50.0 -50.5 -50.5 -50.5 -50.5 -50.0 -50.0 -50.0 -50.5 -51.5 -52.0 -52.0 -51.0 -52.0 -52.0 -52.5 -52.5 -52.5 -53.0 -53.0 -52.5 -52.5 
1.086058397823034 1.1044661672776617 1.1167380135807468 1.184233168247715 1.1965050145508 1.1535535524900022 1.1351457830353744 1.1903690913992575 1.1903690913992575 1.1228739367322893 1.0737865515199487 1.0737865515199487 1.0492428589137786 1.0185632431560658 1.0062913968529805 1.0246991663076084 0.9265243958829272 1.0615147052168636 1.4726215563702154 1.5278448647340985 1.5155730184310134 1.4511458253398166 1.4358060174609601 1.6751070203711202 1.7916895602504288 1.748738098189631 1.7548740213411735 1.7978254834019713 1.7671458676442586 1.7671458676442586 1.6137477888556946 1.4971652489763858 1.5922720578252956 1.7119225592803755 1.748738098189631 1.7119225592803755 1.423534171157875 1.2026409377023426 1.0492428589137786 1.1780972450961724 1.3069516312785663 1.282407938672396 1.2701360923693108 1.337631247036279 1.2762720155208536 
-54.0 -54.0 -53.5 -53.5 -53.5 -53.0 -53.0 -53.5 -53.5 -53.5 -54.0 -53.5 -54.0 -54.0 -54.0 -54.0 -54.0 -54.0 -50.5 -49.0 -48.5 -49.5 -50.5 -50.0 -49.0 -49.5 -49.5 -49.5 -49.5 -49.5 -51.5 -50.0 -49.0 -47.5 -49.0 -49.5 -52.5 -52.5 -51.5 -51.5 -52.0 -52.0 -52.0 -51.5 -52.0 
1.4664856332186729 1.4848934026733007 1.4419419406125027 1.2701360923693108 1.5462526341887264 1.4726215563702154 1.4051264017032472 1.4787574795217582 1.4971652489763858 1.4542137869155878 1.4910293258248433 1.5033011721279284 1.4726215563702154 1.4971652489763858 1.5707963267948966 1.5401167110371838 1.4664856332186729 1.3867186322486196 1.846912868614312 2.0800779483729293 1.8837284075235674 5.157243408871525 1.9082721001297376 2.043262409463674 1.9880391010997909 2.030990563160589 2.0371264863121317 2.030990563160589 1.9757672547967058 2.055534255766759 1.9205439464328227 2.030990563160589 1.8315730607354554 1.8837284075235674 2.073942025221387 1.9573594853420782 1.6935147898257479 1.564660403643354 1.5401167110371838 1.6873788666742053 1.8960002538266525 1.8223691760081417 1.7671458676442586 1.7241944055834606 1.7855536370988863 
-57.0 -57.0 -57.0 -57.0 -57.0 -57.0 -57.0 -57.0 -57.0 -57.0 -57.5 -57.5 -58.0 -57.5 -57.0 -57.0 -57.5 -58.5 -55.0 -52.5 -54.0 -53.5 -52.0 -52.5 -51.5 -51.5 -51.5 -51.5 -51.5 -52.0 -53.0 -51.5 -54.0 -51.5 -52.5 -53.5 -54.5 -55.0 -55.0 -54.5 -54.0 -54.5 -54.0 -54.5 -54.5 
5.105088062083414 5.013049214810275 4.847379289718626 4.914874444385594 4.522175362686871 4.963961829597935 4.669437518323892 4.884194828627882 5.080544369477243 5.227806525114265 4.97623367590102 5.0682725231741586 5.013049214810275 5.853670686571607 5.595961914206819 5.712544454086128 5.289165756629691 5.534602682691394 5.264622064023521 5.859806609723149 5.786175531904639 5.872078456026235 5.822991070813893 5.957981380147831 5.902758071783947 5.798447378207723 5.663457068873787 5.295301679781233 5.344389064993574 5.47937937432751 6.135923151542564 6.1850105367549055 6.019340611663256 3.9392626632903265 4.147884050442774 3.706097583531709 3.5465635815916023 0.760854470791278 
-67.5 -68.5 -69.5 -69.5 -68.0 -69.0 -69.0 -69.5 -67.5 -69.5 -68.0 -68.5 -71.0 -66.0 -60.5 -56.0 -58.5 -58.5 -62.5 -58.5 -59.0 -58.5 -58.5 -59.5 -59.0 -59.0 -59.0 -60.5 -60.5 -57.0 -56.5 -61.0 -65.5 -67.0 -69.5 -68.0 -69.0 -68.5 
0.0859029241215959 3.479068426924634 6.1850105367549055 5.988660995905543 0.3865631585471816 5.595961914206819 5.424156065963627 5.786175531904639 5.826059032389665 5.485515297479052 6.080699843178682 5.749359992995383 5.755495916146925 5.6941366846315 5.553010452146021 5.6941366846315 5.964117303299373 6.209554229361076 5.368932757599744 6.068427996875596 5.190990986205009 5.6941366846315 5.945709533844745 6.043884304269426 2.3439226438892597 5.595961914206819 2.3316507975861747 5.460971604872882 2.3316507975861747 
-78.0 -76.5 -74.5 -73.0 -69.0 -62.5 -57.5 -64.0 -59.0 -61.5 -59.0 -58.5 -59.5 -60.0 -60.0 -59.0 -58.0 -62.5 -59.0 -62.0 -61.5 -57.5 -60.0 -63.0 -67.0 -64.5 -67.5 -66.5 -69.0 
