2.3746022596469727 2.12916533358527 2.386874105950058 2.12916533358527 5.626641529964532 2.442097414313941 5.724816300389213 5.7616318392984684 4.921010367537137 0.8222137023067037 3.5465635815916023 2.8961557275280905 2.4605051837685683 6.264777537724958 0.5829126993965437 6.234097921967246 0.1718058482431918 3.6263305825616556 3.810408277107933 
-69.5 -71.0 -71.0 -71.5 -72.0 -72.0 -72.5 -72.0 -66.0 -61.5 -60.0 -61.5 -65.5 -75.0 -70.5 -64.5 -62.0 -64.0 -68.5 
1.6812429435226628 1.7241944055834606 1.7978254834019713 1.748738098189631 2.1230294104337273 1.761009944492716 1.4051264017032472 2.350058567040802 1.7426021750380885 5.080544369477243 1.9082721001297376 1.3008157081270237 4.246058820867455 1.0737865515199487 2.9084275738311756 2.6261751088602177 2.399145952253143 2.12916533358527 2.067806102069844 2.0371264863121317 1.9941750242513334 2.2150682577068657 1.6935147898257479 2.36846633649543 2.8409324191642074 0.3620194659410113 4.565126824747668 4.7307967498393175 1.6014759425526093 1.7426021750380885 1.7855536370988863 1.718058482431918 1.748738098189631 1.6812429435226628 1.7794177139473437 
-67.0 -65.0 -68.0 -66.0 -69.5 -70.5 -68.5 -70.5 -71.0 -74.0 -73.0 -69.0 -71.0 -72.5 -64.0 -65.5 -64.0 -62.5 -63.0 -62.0 -62.0 -61.5 -64.0 -63.0 -64.0 -67.0 -71.5 -70.0 -65.0 -64.0 -64.0 -65.0 -64.5 -65.0 -64.0 
0.8713010875190442 0.8774370106705868 0.8222137023067037 0.7976700097005334 0.7547185476397354 0.7547185476397354 0.7179030087304801 0.6994952392758523 0.7179030087304801 0.7240389318820226 0.7301748550335652 0.7485826244881929 0.7240389318820226 0.7485826244881929 0.7485826244881929 0.7485826244881929 0.7547185476397354 0.9203884727313847 1.214912784005428 1.2640001692177683 1.0185632431560658 1.0369710126106935 1.4051264017032472 1.2026409377023426 1.1596894756415448 1.2885438618239387 1.3744467859455345 1.3130875544301088 1.3499030933393643 1.1106020904292042 1.1228739367322893 1.337631247036279 1.3621749396424494 1.2087768608538851 1.086058397823034 1.0492428589137786 0.8528933180644165 0.8099418560036186 0.7363107781851077 0.6381360077604268 0.7363107781851077 0.7424467013366504 0.760854470791278 
-49.5 -50.0 -50.5 -50.5 -50.5 -51.0 -51.0 -50.5 -51.0 -51.0 -51.0 -51.0 -51.0 -51.0 -50.5 -51.0 -50.5 -49.5 -48.5 -48.5 -49.5 -51.0 -53.0 -50.5 -52.5 -53.0 -53.0 -52.5 -52.5 -52.0 -50.0 -50.5 -51.0 -50.5 -48.5 -48.5 -51.0 -51.5 -51.5 -51.5 -51.5 -51.5 -51.5 
1.0062913968529805 0.9878836273983529 0.9756117810952678 1.0062913968529805 1.0492428589137786 1.0369710126106935 1.043106935762236 1.0615147052168636 1.043106935762236 0.9756117810952678 1.0246991663076084 1.012427320004523 1.000155473701438 0.9878836273983529 0.9817477042468103 0.9203884727313847 0.9694758579437253 1.141281706186917 1.3130875544301088 1.1780972450961724 1.337631247036279 1.4603497100671303 1.4726215563702154 1.521708941582556 1.607611865704152 1.5585244804918115 1.4910293258248433 1.4848934026733007 1.5401167110371838 1.4664856332186729 1.4726215563702154 1.3499030933393643 1.5278448647340985 1.5892040962495242 1.521708941582556 1.3621749396424494 1.2762720155208536 1.1903690913992575 1.0921943209745766 1.1167380135807468 1.1044661672776617 1.1474176293384597 
-52.5 -52.5 -53.0 -53.0 -53.0 -53.0 -53.0 -53.0 -53.0 -53.0 -53.0 -52.5 -52.5 -53.0 -53.0 -53.0 -53.0 -52.0 -51.0 -51.0 -51.5 -51.0 -51.0 -51.0 -50.5 -51.0 -50.5 -50.5 -50.5 -50.5 -50.5 -49.5 -50.5 -52.0 -53.5 -54.0 -54.5 -54.5 -54.5 -54.5 -54.5 -54.5 
1.1658253987930873 1.1903690913992575 1.1535535524900022 1.0921943209745766 1.0737865515199487 1.055378782065321 1.0737865515199487 0.9878836273983529 1.055378782065321 1.0369710126106935 1.0062913968529805 0.9633399347921826 0.9940195505498954 0.9694758579437253 0.9878836273983529 0.9756117810952678 0.9878836273983529 1.0799224746714913 1.4419419406125027 1.5892040962495242 1.662835174068035 1.6444274046134073 1.6198837120072371 1.9266798695843652 2.012582793705961 2.018718716857504 2.024854640009046 1.9573594853420782 1.9082721001297376 1.8714565612204823 1.8530487917658545 1.6566992509164924 1.5462526341887264 1.4787574795217582 1.6014759425526093 1.4971652489763858 1.2701360923693108 1.1535535524900022 1.1351457830353744 1.1044661672776617 1.141281706186917 1.1351457830353744 1.1351457830353744 
-52.0 -52.5 -52.0 -52.5 -52.5 -53.0 -53.0 -53.5 -53.5 -53.5 -53.5 -53.5 -53.0 -53.0 -53.0 -53.0 -53.0 -52.5 -50.5 -48.0 -49.0 -49.5 -50.0 -51.5 -49.5 -50.0 -50.0 -49.5 -49.5 -49.5 -49.5 -51.0 -49.5 -49.0 -50.0 -52.0 -54.5 -54.5 -54.0 -54.5 -54.5 -54.5 -54.0 
1.4664856332186729 1.552388557340269 1.5155730184310134 1.4971652489763858 1.4480778637640452 1.509437095279471 1.5278448647340985 1.509437095279471 1.5401167110371838 1.3437671701878218 1.521708941582556 1.4726215563702154 1.5033011721279284 1.5278448647340985 1.4603497100671303 1.509437095279471 1.5033011721279284 1.3499030933393643 1.6935147898257479 1.9819031779482483 1.9573594853420782 2.116893487282185 2.073942025221387 2.1475731030398975 2.1966604882522383 2.1966604882522383 2.227340104009951 2.116893487282185 2.098485717827557 2.12916533358527 2.024854640009046 1.9512235621905356 2.012582793705961 1.8714565612204823 1.9144080232812801 1.9941750242513334 1.9880391010997909 1.902136176978195 1.8714565612204823 1.6689710972195777 1.6812429435226628 1.5953400194010667 1.6382914814618648 
-56.5 -57.0 -57.0 -57.5 -58.5 -58.5 -58.5 -59.0 -59.0 -58.5 -59.0 -58.5 -57.5 -58.0 -57.5 -57.5 -58.0 -58.5 -55.5 -52.5 -53.5 -54.5 -52.0 -53.0 -52.5 -52.5 -52.0 -52.0 -51.5 -51.5 -52.5 -52.0 -52.5 -54.0 -52.0 -54.5 -59.5 -59.0 -59.0 -59.5 -60.5 -61.0 -62.0 
4.2031073588066565 4.074252972624263 4.4362724385652745 4.620350133111551 4.356505437595221 4.571262747899211 4.06811704947272 4.540583132141498 4.485359823777615 5.006913291658733 4.724660826687775 5.988660995905543 5.602097837358362 5.835262917116979 5.190990986205009 6.062292073724054 5.93343768754166 5.890486225480862 5.902758071783947 5.798447378207723 5.976389149602458 5.8659425328746915 5.798447378207723 5.767767762450011 5.540738605842936 5.418020142812084 6.037748381117884 6.086835766330224 6.17273869045182 5.798447378207723 5.559146375297564 5.602097837358362 5.5714182216006485 5.546874528994478 5.2339424482658075 
-69.0 -69.0 -71.5 -72.0 -71.0 -72.5 -71.0 -71.5 -71.5 -71.5 -74.0 -57.0 -59.5 -60.0 -62.0 -60.5 -59.5 -60.0 -58.5 -59.0 -59.0 -59.0 -58.0 -59.5 -58.5 -59.0 -57.5 -60.0 -63.0 -63.5 -64.5 -65.5 -65.0 -65.5 -67.5 
2.12916533358527 3.9515345095934116 3.8717675086233583 6.050020227420969 6.092971689481767 6.17273869045182 5.608233760509904 5.632777453116074 5.730952223540755 6.117515382087937 5.4671075280244255 0.02454369260617026 5.964117303299373 5.767767762450011 5.835262917116979 5.816855147662351 5.773903685601553 5.792311455056181 5.884350302329319 6.031612457966341 5.522330836388308 6.019340611663256 5.540738605842936 5.816855147662351 0.6565437772150544 0.7547185476397354 1.4848934026733007 1.9512235621905356 
-77.0 -77.5 -76.5 -74.5 -73.5 -74.0 -64.5 -56.0 -64.5 -60.0 -61.5 -62.5 -59.0 -60.5 -60.5 -60.5 -59.5 -59.0 -59.5 -63.0 -59.0 -61.0 -59.0 -64.5 -66.5 -70.5 -70.5 -69.0 
