5.93343768754166 5.688000761479957 2.5770877236478773 2.4727770300716534 5.522330836388308 5.516194913236766 2.325514874434632 2.350058567040802 0.4356505437595221 4.325825821837508 3.9269908169872414 3.767456815047135 3.000466421104314 2.650718801466388 6.154330920997192 0.4356505437595221 0.25770877236478773 0.1718058482431918 0.3865631585471816 3.411573272257666 0.19634954084936207 3.5465635815916023 0.4111068511533518 5.6143696836614465 
-73.0 -71.0 -71.0 -72.5 -71.5 -71.5 -72.5 -71.5 -75.0 -61.5 -62.5 -61.0 -64.0 -67.0 -75.5 -70.0 -68.5 -68.5 -69.5 -66.0 -65.5 -63.0 -64.0 -70.0 
4.988505522204105 5.264622064023521 1.6751070203711202 2.024854640009046 2.1598449493429825 1.902136176978195 1.7916895602504288 1.9205439464328227 1.7916895602504288 1.7426021750380885 1.748738098189631 1.7119225592803755 1.6260196351587797 1.6321555583103222 1.576932249946439 1.5462526341887264 4.71238898038469 1.564660403643354 1.3130875544301088 1.2517283229146832 5.338253141842031 2.748893571891069 2.730485802436441 5.448699758569798 2.172116795646068 2.1905245651006955 1.9389517158874505 2.0800779483729293 1.6935147898257479 2.1475731030398975 2.2396119503130363 2.497320722677824 4.638757902566179 1.5401167110371838 1.662835174068035 1.5830681730979816 1.7794177139473437 1.6382914814618648 1.533980787885641 
-75.0 -74.5 -68.0 -71.0 -69.5 -67.5 -68.0 -67.0 -67.0 -66.5 -66.5 -66.5 -66.0 -66.5 -66.5 -68.0 -71.0 -70.5 -70.5 -69.5 -69.5 -66.5 -66.0 -64.0 -62.0 -61.0 -60.5 -60.5 -60.5 -61.5 -62.5 -63.0 -66.5 -64.0 -63.5 -62.5 -63.0 -62.5 -62.5 
0.6442719309119693 0.6810874698212247 0.6994952392758523 0.6994952392758523 0.7669903939428205 0.6810874698212247 0.7731263170943632 0.7363107781851077 0.760854470791278 0.7547185476397354 0.7301748550335652 0.7731263170943632 0.8222137023067037 0.7363107781851077 0.8528933180644165 0.8099418560036186 0.803805932852076 0.6258641614573416 0.9019807032767571 1.1780972450961724 1.3560390164909069 1.239456476611598 1.1351457830353744 1.1719613219446299 1.3499030933393643 1.214912784005428 1.1903690913992575 1.325359400733194 1.3867186322486196 1.423534171157875 1.4726215563702154 1.3314953238847365 1.2885438618239387 1.3499030933393643 1.3499030933393643 1.3867186322486196 1.2946797849754812 1.368310862793992 1.3867186322486196 1.0615147052168636 1.055378782065321 0.944932165337555 0.944932165337555 
-51.5 -51.0 -51.0 -51.0 -51.0 -50.5 -50.5 -51.0 -50.5 -51.0 -50.5 -50.5 -50.5 -50.5 -50.5 -50.5 -51.0 -51.0 -50.0 -49.0 -48.5 -49.5 -50.0 -52.0 -52.0 -50.5 -52.0 -53.0 -53.0 -53.0 -53.5 -52.5 -51.0 -51.5 -51.0 -51.0 -50.5 -49.5 -49.0 -51.0 -51.0 -50.5 -51.0 
1.0983302441261191 1.1044661672776617 1.0983302441261191 1.086058397823034 1.043106935762236 1.0676506283684062 0.9817477042468103 1.0369710126106935 1.000155473701438 1.0246991663076084 1.0369710126106935 0.9817477042468103 1.0062913968529805 0.944932165337555 0.9265243958829272 0.9694758579437253 0.8774370106705868 0.9081166264282996 0.9572040116406401 0.9572040116406401 1.0676506283684062 1.1965050145508 1.214912784005428 1.282407938672396 1.368310862793992 1.4726215563702154 1.4910293258248433 1.5278448647340985 1.5707963267948966 1.5585244804918115 1.5462526341887264 1.5953400194010667 1.6444274046134073 1.6382914814618648 1.5278448647340985 1.423534171157875 1.7119225592803755 1.4296700943094176 1.533980787885641 1.3314953238847365 1.0799224746714913 1.086058397823034 1.055378782065321 1.0921943209745766 
-54.0 -54.0 -54.0 -53.5 -53.0 -53.0 -53.0 -53.0 -53.0 -53.5 -53.5 -53.5 -53.0 -52.5 -52.5 -52.0 -52.5 -53.0 -53.5 -52.5 -51.0 -51.0 -51.5 -52.0 -50.5 -51.0 -51.0 -51.0 -50.5 -51.0 -51.0 -51.0 -51.0 -51.0 -51.5 -50.5 -51.5 -52.5 -53.0 -53.0 -53.5 -53.5 -53.5 -53.5 
1.0246991663076084 1.0921943209745766 1.1044661672776617 1.1228739367322893 1.1167380135807468 1.1535535524900022 1.1351457830353744 1.214912784005428 1.1596894756415448 1.1535535524900022 1.227184630308513 1.1719613219446299 1.1719613219446299 1.1474176293384597 1.0799224746714913 1.000155473701438 0.944932165337555 0.9019807032767571 1.0615147052168636 1.380582709097077 1.564660403643354 1.6873788666742053 1.6751070203711202 1.6935147898257479 1.5707963267948966 1.8960002538266525 1.9757672547967058 1.9819031779482483 1.9880391010997909 1.9144080232812801 1.9880391010997909 2.043262409463674 2.067806102069844 1.8100973297050567 1.718058482431918 1.7916895602504288 1.88986433067511 1.902136176978195 1.6505633277649499 1.2885438618239387 1.3560390164909069 1.1719613219446299 1.1535535524900022 
-55.0 -54.5 -54.5 -54.5 -54.0 -54.0 -54.0 -54.0 -53.5 -53.5 -53.5 -53.0 -53.0 -52.5 -52.5 -52.5 -53.0 -53.0 -52.0 -50.5 -49.0 -47.5 -48.5 -49.5 -51.0 -51.0 -49.5 -49.5 -49.5 -49.5 -49.5 -49.5 -50.5 -51.5 -49.5 -47.5 -47.5 -49.0 -51.5 -53.5 -53.0 -52.5 -53.5 
1.5033011721279284 1.5155730184310134 1.5401167110371838 1.552388557340269 1.5401167110371838 1.5585244804918115 1.5707963267948966 1.576932249946439 1.521708941582556 1.6014759425526093 1.521708941582556 1.533980787885641 1.4480778637640452 1.4664856332186729 1.4848934026733007 1.423534171157875 1.4419419406125027 1.2885438618239387 1.184233168247715 1.4971652489763858 1.9205439464328227 2.0064468705544187 1.932815792735908 2.1598449493429825 2.1659808724945253 2.1475731030398975 2.1659808724945253 2.141437179888355 2.1782527187976104 2.1598449493429825 2.2089323345553233 2.2457478734645786 2.1659808724945253 2.1046216409791 2.1537090261914402 1.9757672547967058 2.2089323345553233 2.172116795646068 2.0371264863121317 1.705786636128833 1.7671458676442586 1.6873788666742053 1.7303303287350031 
-61.0 -61.0 -60.5 -60.0 -60.0 -60.0 -59.5 -60.0 -60.0 -59.5 -59.5 -58.5 -58.0 -57.0 -56.5 -57.0 -57.0 -57.5 -58.5 -56.0 -54.0 -53.0 -54.5 -53.0 -52.0 -52.5 -52.5 -52.0 -52.0 -52.0 -51.5 -52.5 -53.0 -52.0 -53.0 -53.0 -51.0 -53.5 -56.0 -58.5 -57.0 -55.5 -56.0 
5.583690067903734 5.5714182216006485 5.2768939103266055 5.424156065963627 5.21553467881118 5.184855063053467 4.994641445355648 5.006913291658733 5.049864753719531 5.184855063053467 4.773748211900116 4.540583132141498 4.344233591292136 4.123340357836604 4.3933209765044765 4.970097752749477 4.411728745959104 4.1172044346850605 4.76147636559703 5.473243451175968 5.399612373357457 5.743224069843841 5.939573610693203 5.6941366846315 5.872078456026235 5.927301764390117 5.896622148632405 5.878214379177777 5.994796919057086 6.007068765360171 6.191146459906448 5.878214379177777 5.835262917116979 5.737088146692298 5.749359992995383 5.387340527054372 5.773903685601553 6.154330920997192 6.135923151542564 5.8475347634200645 5.47937937432751 5.295301679781233 
-68.0 -70.0 -70.0 -69.0 -69.5 -71.0 -70.0 -70.0 -70.5 -70.0 -71.5 -71.0 -70.5 -70.0 -70.5 -69.5 -70.0 -70.0 -73.0 -69.0 -65.5 -63.5 -58.0 -62.5 -58.5 -62.0 -59.5 -59.0 -58.5 -58.0 -58.0 -59.5 -59.5 -63.5 -60.0 -58.5 -57.0 -57.0 -60.5 -66.5 -66.5 -70.0 
0.9081166264282996 0.8099418560036186 1.3192234775816514 1.3069516312785663 0.7853981633974483 1.0983302441261191 1.9757672547967058 1.4848934026733007 4.565126824747668 5.786175531904639 5.755495916146925 5.651185222570702 0.018407769454627694 5.964117303299373 5.559146375297564 0.18407769454627693 6.068427996875596 5.798447378207723 5.93343768754166 5.816855147662351 5.859806609723149 5.976389149602458 6.215690152512618 5.921165841238575 6.025476534814799 5.939573610693203 5.2768939103266055 5.755495916146925 6.111379458936394 
-68.5 -69.0 -70.5 -69.5 -71.0 -74.0 -72.5 -73.0 -76.0 -66.0 -58.5 -58.0 -64.5 -58.5 -60.5 -62.0 -60.0 -59.5 -59.0 -59.5 -59.5 -59.0 -61.0 -64.5 -61.5 -63.5 -62.0 -57.5 -66.0 
