6.1850105367549055 6.14819499784565 6.234097921967246 3.0127382674073995 5.988660995905543 5.8659425328746915 5.9088939949354895 2.9145634969827183 0.14112623248547898 3.9085830475326135 4.577398671050753 4.509903516383785 4.381049130201391 3.5465635815916023 2.791845033951867 0.36815538909255385 3.5895150436524004 0.3313398501832985 0.3865631585471816 0.7363107781851077 0.6933593161243098 6.050020227420969 2.9391071895888885 2.9820586516496865 3.4913402732277192 3.9699422790480394 1.5278448647340985 
-74.5 -74.0 -74.0 -71.0 -73.5 -73.5 -73.5 -71.0 -72.5 -72.5 -68.5 -61.0 -61.5 -60.0 -63.0 -72.0 -66.0 -67.5 -67.5 -68.5 -71.0 -71.0 -64.5 -61.0 -58.5 -62.5 -66.0 
5.589825991055276 5.8475347634200645 5.381204603902829 2.086213871524472 5.105088062083414 5.178719139901925 4.847379289718626 3.3011266555298997 3.2520392703175593 2.9206994201342606 2.1598449493429825 2.411417798556228 2.356194490192345 2.0800779483729293 1.9941750242513334 1.9696313316451632 2.000310947402876 2.1537090261914402 2.4175537217077703 2.693670263527186 2.945243112740431 4.841243366567084 1.6198837120072371 1.7303303287350031 
-77.5 -79.0 -78.0 -74.0 -74.5 -75.5 -77.0 -77.0 -63.5 -62.0 -63.5 -63.5 -61.5 -63.0 -63.5 -62.5 -61.5 -63.0 -64.5 -63.5 -63.5 -72.0 -64.0 -65.5 
0.607456392002714 0.5951845456996288 0.5522330836388308 0.5399612373357456 0.6258641614573416 0.5951845456996288 0.6320000846088841 0.6135923151542565 0.6135923151542565 0.6442719309119693 0.6320000846088841 0.6688156235181395 0.6933593161243098 0.7117670855789375 0.7363107781851077 0.7485826244881929 0.7547185476397354 0.7547185476397354 0.7363107781851077 0.7669903939428205 0.6810874698212247 0.7301748550335652 1.1290098598838318 1.2517283229146832 1.239456476611598 1.030835089459151 1.2087768608538851 1.1474176293384597 1.1106020904292042 1.1290098598838318 1.2578642460662257 1.2517283229146832 1.3069516312785663 1.3130875544301088 1.214912784005428 1.1965050145508 1.2455923997631406 1.368310862793992 1.0369710126106935 1.214912784005428 1.3069516312785663 1.227184630308513 0.9878836273983529 
-51.0 -51.0 -51.0 -51.5 -51.5 -51.5 -51.5 -51.5 -51.0 -51.0 -51.0 -51.0 -51.0 -51.5 -51.5 -51.5 -51.5 -52.0 -51.5 -52.0 -51.5 -51.0 -48.5 -48.5 -50.5 -50.5 -52.5 -50.0 -50.5 -52.0 -52.0 -51.5 -52.0 -52.5 -52.0 -50.5 -51.0 -52.0 -50.0 -49.0 -48.5 -49.5 -49.5 
0.9019807032767571 1.0246991663076084 1.030835089459151 1.0983302441261191 1.086058397823034 1.1658253987930873 1.1106020904292042 1.0983302441261191 1.1106020904292042 1.086058397823034 1.0492428589137786 1.012427320004523 1.030835089459151 1.0799224746714913 1.055378782065321 1.0737865515199487 1.043106935762236 1.043106935762236 1.012427320004523 1.086058397823034 1.0492428589137786 1.0615147052168636 1.141281706186917 1.2701360923693108 1.227184630308513 1.086058397823034 1.239456476611598 1.4173982480063325 1.368310862793992 1.4787574795217582 1.4358060174609601 1.3867186322486196 1.4358060174609601 1.4787574795217582 1.380582709097077 1.4419419406125027 1.423534171157875 1.4542137869155878 1.1658253987930873 1.325359400733194 1.1965050145508 1.1044661672776617 1.012427320004523 
-54.0 -54.0 -54.0 -54.0 -54.0 -53.5 -53.5 -53.5 -53.5 -53.5 -53.5 -53.5 -53.5 -53.5 -53.5 -53.5 -53.5 -53.0 -53.5 -53.5 -54.0 -53.5 -52.0 -52.0 -50.0 -50.5 -51.0 -50.5 -51.0 -50.0 -50.5 -50.5 -51.0 -50.5 -50.5 -50.5 -51.0 -50.5 -52.0 -52.0 -52.5 -52.0 -53.0 
0.8958447801252144 0.9019807032767571 0.9265243958829272 0.9510680884890975 0.9756117810952678 0.944932165337555 0.9019807032767571 0.8774370106705868 1.0246991663076084 1.000155473701438 0.9940195505498954 1.000155473701438 0.9203884727313847 0.9756117810952678 0.9572040116406401 0.9019807032767571 0.859029241215959 0.8160777791551611 0.7915340865489908 0.7301748550335652 0.7117670855789375 0.7915340865489908 1.3499030933393643 1.5462526341887264 1.6566992509164924 1.4726215563702154 1.6505633277649499 1.6812429435226628 1.6566992509164924 1.7916895602504288 1.7916895602504288 1.8100973297050567 1.8162332528565992 1.7978254834019713 1.9082721001297376 1.6873788666742053 1.552388557340269 1.5462526341887264 1.6260196351587797 1.7119225592803755 1.4480778637640452 1.4971652489763858 1.0062913968529805 
-54.0 -55.0 -55.0 -55.0 -55.0 -55.0 -54.5 -54.0 -54.5 -54.0 -54.0 -53.5 -53.5 -53.0 -53.0 -53.5 -53.0 -53.5 -53.5 -54.0 -54.5 -54.5 -50.0 -49.0 -48.5 -50.5 -49.5 -50.5 -48.5 -48.5 -49.0 -49.0 -49.0 -49.0 -49.0 -50.0 -50.0 -49.5 -49.0 -48.0 -50.0 -52.0 -53.0 
1.4296700943094176 1.4419419406125027 1.4787574795217582 1.4787574795217582 1.5401167110371838 1.564660403643354 1.5585244804918115 1.5462526341887264 1.5462526341887264 1.5278448647340985 1.509437095279471 1.4848934026733007 1.4726215563702154 1.3989904785517047 1.380582709097077 1.423534171157875 1.3989904785517047 1.3867186322486196 1.3928545554001621 1.41126232485479 1.3314953238847365 1.2762720155208536 1.718058482431918 2.1353012567368124 1.8960002538266525 2.086213871524472 2.0493983326152168 1.9573594853420782 2.030990563160589 2.0493983326152168 2.012582793705961 1.9941750242513334 2.024854640009046 2.0800779483729293 2.067806102069844 2.018718716857504 1.9512235621905356 1.9880391010997909 1.9205439464328227 1.9512235621905356 1.9573594853420782 1.7426021750380885 1.5155730184310134 
-60.5 -61.0 -61.0 -61.5 -61.5 -61.0 -61.0 -60.5 -60.5 -60.0 -60.5 -59.5 -59.0 -59.5 -58.0 -58.0 -58.0 -57.5 -58.0 -58.0 -59.0 -60.0 -57.0 -53.5 -54.0 -54.5 -52.5 -52.5 -51.5 -51.5 -51.5 -51.5 -52.0 -52.0 -52.0 -53.0 -51.5 -53.0 -52.5 -53.0 -53.0 -55.5 -57.5 
4.804427827657828 5.190990986205009 4.828971520263998 4.81056375080937 5.178719139901925 5.47937937432751 4.81056375080937 4.669437518323892 4.319689898685965 4.06811704947272 3.9147189706841563 4.06811704947272 4.3933209765044765 4.264466590322082 4.589670517353839 5.565282298449106 5.7616318392984684 5.810719224510809 5.9518454569962875 5.608233760509904 5.755495916146925 5.780039608753096 5.724816300389213 5.755495916146925 5.7616318392984684 5.786175531904639 5.835262917116979 5.767767762450011 5.927301764390117 5.43029198911517 5.681864838328415 5.497787143782138 5.896622148632405 6.1420590746941075 6.031612457966341 
-71.0 -71.0 -73.0 -71.5 -72.5 -73.0 -71.0 -73.0 -69.0 -70.0 -69.0 -69.5 -68.5 -70.5 -71.0 -63.5 -62.0 -58.5 -62.0 -57.5 -60.5 -58.5 -59.0 -58.0 -58.5 -59.0 -59.0 -59.5 -59.0 -60.0 -58.5 -59.0 -55.5 -58.0 -62.0 
0.9510680884890975 0.8897088569736719 0.8099418560036186 1.0062913968529805 0.9081166264282996 1.0492428589137786 0.9081166264282996 0.9510680884890975 0.7853981633974483 0.7915340865489908 0.9387962421860124 0.8528933180644165 0.6872233929727672 3.6386024288647407 0.006135923151542565 0.04908738521234052 3.448388811166921 0.9940195505498954 0.619728238305799 5.780039608753096 5.792311455056181 5.620505606812989 6.22182607566416 5.939573610693203 6.086835766330224 5.859806609723149 5.675728915176872 5.6143696836614465 5.749359992995383 5.64504929941916 5.755495916146925 5.816855147662351 6.111379458936394 5.589825991055276 5.743224069843841 5.792311455056181 5.540738605842936 5.71868037723767 6.031612457966341 0.4479223900626072 
-70.5 -69.5 -68.0 -69.0 -67.5 -68.5 -69.0 -69.5 -69.5 -70.5 -70.5 -72.0 -69.5 -74.5 -74.5 -73.5 -71.5 -68.5 -66.5 -61.5 -58.0 -59.0 -64.5 -59.0 -63.0 -58.0 -58.0 -60.0 -60.0 -59.5 -59.5 -58.0 -59.0 -60.5 -58.0 -63.0 -58.5 -59.0 -63.0 -74.5 
