5.418020142812084 5.460971604872882 5.559146375297564 5.724816300389213 5.773903685601553 5.577554144752192 5.688000761479957 5.964117303299373 6.092971689481767 0.36815538909255385 1.4051264017032472 4.565126824747668 4.451612246444131 4.166291819897402 4.049709280018092 3.5711072741977725 2.442097414313941 0.37429131224409645 0.4295146206079795 0.23316507975861744 0.30679615757712825 0.6688156235181395 6.0991076126333095 0.5399612373357456 3.6570101983193686 4.025165587411922 4.387185053352934 
-72.0 -72.5 -73.5 -72.5 -73.0 -73.0 -73.5 -74.0 -75.0 -74.5 -71.0 -69.5 -65.0 -62.5 -59.5 -62.0 -66.5 -73.0 -71.0 -70.5 -70.0 -74.0 -67.5 -62.5 -61.0 -62.5 -66.5 
1.3928545554001621 1.5585244804918115 1.4542137869155878 1.3928545554001621 1.4358060174609601 1.4358060174609601 1.2517283229146832 1.4910293258248433 1.5401167110371838 1.5462526341887264 1.4419419406125027 1.4971652489763858 1.4910293258248433 1.7119225592803755 1.607611865704152 1.423534171157875 1.4419419406125027 1.7916895602504288 4.608078286808466 4.632621979414636 3.0250101137104846 2.3193789512830896 2.227340104009951 1.9880391010997909 2.0064468705544187 2.0064468705544187 2.061670178918302 1.9144080232812801 2.1475731030398975 2.313243028131547 1.380582709097077 1.2946797849754812 4.362641360746763 
-62.5 -63.0 -63.5 -64.0 -64.5 -64.0 -64.5 -65.5 -65.0 -66.0 -65.0 -65.0 -65.5 -66.5 -67.5 -66.5 -67.5 -68.5 -70.0 -71.0 -63.0 -63.5 -62.5 -60.5 -60.0 -60.5 -60.5 -60.0 -61.5 -64.0 -66.5 -66.0 -65.5 
0.9817477042468103 1.012427320004523 0.9572040116406401 0.8835729338221293 0.9694758579437253 0.9326603190344698 0.8958447801252144 0.9203884727313847 0.8958447801252144 0.8467573949128739 0.8283496254582462 0.8344855486097889 0.8344855486097889 0.8160777791551611 0.7915340865489908 0.8160777791551611 0.7853981633974483 0.8160777791551611 0.8222137023067037 0.8283496254582462 0.7976700097005334 0.7301748550335652 0.760854470791278 0.6933593161243098 0.619728238305799 0.9142525495798421 4.5068355548080135 1.3989904785517047 1.2455923997631406 1.1044661672776617 1.325359400733194 1.141281706186917 1.2210487071569704 1.2640001692177683 1.2640001692177683 1.3008157081270237 1.2210487071569704 1.2087768608538851 1.1535535524900022 1.282407938672396 1.2455923997631406 1.3621749396424494 1.3192234775816514 1.3314953238847365 1.000155473701438 
-50.5 -50.5 -50.5 -50.5 -50.5 -50.5 -50.5 -50.5 -50.5 -50.5 -50.5 -50.5 -50.5 -50.5 -50.5 -51.0 -51.0 -51.0 -51.5 -51.5 -51.5 -52.5 -53.0 -52.5 -53.0 -51.0 -48.5 -48.0 -48.5 -50.5 -51.0 -51.5 -53.0 -53.5 -53.0 -53.5 -53.0 -52.5 -50.5 -52.0 -51.0 -50.0 -49.0 -48.5 -49.5 
0.9510680884890975 0.9940195505498954 0.9572040116406401 0.9878836273983529 1.000155473701438 1.030835089459151 1.000155473701438 1.0492428589137786 1.0185632431560658 1.0185632431560658 1.030835089459151 0.9940195505498954 0.9387962421860124 0.9878836273983529 0.9756117810952678 0.9633399347921826 0.9940195505498954 0.9572040116406401 1.000155473701438 1.0369710126106935 1.1228739367322893 1.0615147052168636 1.0369710126106935 1.1596894756415448 1.1474176293384597 1.1351457830353744 1.2762720155208536 1.2762720155208536 1.086058397823034 1.1290098598838318 1.5585244804918115 1.4971652489763858 1.533980787885641 1.4726215563702154 1.4848934026733007 1.4787574795217582 1.4910293258248433 1.4419419406125027 1.5278448647340985 1.4480778637640452 1.5892040962495242 1.3437671701878218 1.3130875544301088 1.2087768608538851 1.012427320004523 
-53.0 -53.0 -53.0 -53.5 -53.0 -53.5 -53.0 -53.5 -53.5 -53.0 -53.5 -53.5 -53.0 -53.0 -53.5 -53.5 -53.0 -53.0 -53.0 -53.0 -53.0 -53.0 -53.5 -53.5 -54.5 -53.5 -52.5 -51.5 -49.0 -50.0 -51.0 -51.5 -51.5 -51.0 -51.5 -51.5 -51.0 -51.0 -51.0 -51.0 -51.0 -52.5 -52.5 -52.5 -53.0 
1.282407938672396 1.2701360923693108 1.2762720155208536 1.227184630308513 1.2333205534600555 1.2087768608538851 1.184233168247715 1.1596894756415448 1.1903690913992575 1.1719613219446299 1.2210487071569704 1.1719613219446299 1.1474176293384597 1.1351457830353744 1.1658253987930873 1.030835089459151 1.1044661672776617 1.055378782065321 0.9817477042468103 1.000155473701438 0.8958447801252144 0.8406214717613314 0.8344855486097889 0.760854470791278 0.6320000846088841 0.8528933180644165 1.4051264017032472 1.6014759425526093 1.4971652489763858 1.6812429435226628 1.7303303287350031 1.9512235621905356 1.9512235621905356 1.9205439464328227 1.9144080232812801 1.9266798695843652 1.902136176978195 1.9144080232812801 1.88986433067511 1.6566992509164924 1.6689710972195777 1.8100973297050567 1.8039614065535141 1.7303303287350031 1.1535535524900022 
-52.5 -52.5 -52.5 -52.5 -52.5 -52.5 -53.0 -52.5 -53.0 -53.0 -53.0 -53.0 -53.0 -53.0 -53.5 -53.0 -53.5 -53.5 -53.5 -53.5 -53.5 -53.5 -54.0 -54.5 -54.5 -53.0 -49.5 -48.5 -49.0 -49.5 -50.5 -50.0 -49.5 -49.5 -49.5 -50.0 -50.0 -49.5 -51.0 -50.0 -48.5 -47.5 -48.5 -50.0 -54.0 
1.576932249946439 1.607611865704152 1.5033011721279284 1.5953400194010667 1.564660403643354 1.576932249946439 1.5401167110371838 1.5401167110371838 1.423534171157875 1.4848934026733007 1.4603497100671303 1.4971652489763858 1.325359400733194 1.509437095279471 1.3867186322486196 1.4173982480063325 1.4419419406125027 1.4051264017032472 1.423534171157875 1.4787574795217582 1.3867186322486196 1.5155730184310134 1.4051264017032472 1.3989904785517047 1.4296700943094176 1.282407938672396 1.8285050991596843 1.9757672547967058 1.748738098189631 2.030990563160589 2.018718716857504 2.1230294104337273 2.0493983326152168 2.116893487282185 2.1230294104337273 2.000310947402876 2.116893487282185 2.073942025221387 2.0371264863121317 2.0064468705544187 1.9819031779482483 1.9205439464328227 2.0800779483729293 1.9757672547967058 1.5707963267948966 
-56.5 -56.5 -57.0 -57.5 -58.0 -58.0 -58.0 -57.5 -58.0 -57.5 -58.0 -58.5 -58.0 -58.5 -57.5 -58.0 -58.0 -57.5 -56.5 -56.5 -56.0 -56.5 -56.5 -56.5 -58.5 -56.5 -54.5 -53.5 -55.5 -54.5 -52.0 -52.0 -52.5 -52.0 -52.0 -52.0 -52.0 -52.5 -53.0 -51.5 -54.5 -52.0 -53.0 -54.5 -57.5 
4.338097668140593 4.466952054322987 4.509903516383785 4.466952054322987 4.7860200582032 4.528311285838413 4.878058905476339 5.086680292628786 5.154175447295755 5.190990986205009 5.141903600992669 5.190990986205009 5.749359992995383 6.117515382087937 5.491651220630596 5.884350302329319 5.9518454569962875 6.111379458936394 5.902758071783947 6.000932842208628 5.982525072754001 5.792311455056181 6.031612457966341 5.915029918087033 6.056156150572511 5.460971604872882 5.565282298449106 5.755495916146925 6.025476534814799 5.915029918087033 6.111379458936394 
-70.5 -67.5 -69.5 -71.0 -70.5 -69.5 -70.5 -70.5 -70.5 -70.0 -69.5 -70.0 -64.0 -57.5 -63.0 -58.5 -61.5 -59.0 -58.5 -59.5 -60.0 -60.0 -59.5 -59.5 -58.5 -60.5 -60.0 -58.0 -56.0 -60.5 -66.0 
0.9387962421860124 4.473087977474529 2.7120780329818137 6.19728238305799 5.546874528994478 5.66959299202533 5.841398840268521 5.878214379177777 5.8659425328746915 6.12365130523948 5.6941366846315 6.111379458936394 5.890486225480862 5.93343768754166 5.994796919057086 5.982525072754001 6.215690152512618 5.632777453116074 0.03681553890925539 2.442097414313941 5.730952223540755 3.785864584501762 
-76.0 -77.0 -69.5 -69.0 -59.5 -56.5 -66.0 -59.0 -62.0 -59.5 -60.0 -60.5 -60.5 -60.5 -59.5 -59.0 -61.5 -59.5 -60.0 -58.5 -60.5 -72.5 
