5.553010452146021 5.773903685601553 5.706408530934585 5.700272607783043 6.000932842208628 5.859806609723149 5.964117303299373 4.71238898038469 4.184699589352029 3.693825737228624 3.172272269347506 6.14819499784565 1.227184630308513 5.595961914206819 5.6143696836614465 2.5034566458293663 5.424156065963627 2.411417798556228 2.3193789512830896 
-72.5 -73.0 -73.5 -73.0 -73.0 -72.0 -73.5 -65.0 -62.5 -61.0 -62.5 -68.5 -74.5 -73.5 -68.5 -65.5 -69.5 -68.0 -67.5 
1.6014759425526093 1.7119225592803755 1.6260196351587797 1.6014759425526093 1.662835174068035 1.5585244804918115 1.5953400194010667 1.5892040962495242 1.6198837120072371 1.4419419406125027 1.337631247036279 4.546719055293041 1.4296700943094176 1.4603497100671303 1.2087768608538851 1.0737865515199487 1.2640001692177683 1.0737865515199487 1.3775147475213059 5.209398755659637 6.22182607566416 2.662990647769473 2.521864415283994 2.1537090261914402 2.110757564130642 2.030990563160589 2.0371264863121317 1.9696313316451632 1.6014759425526093 1.902136176978195 2.270291566070749 4.4976316700806995 1.4480778637640452 1.3130875544301088 1.368310862793992 1.2885438618239387 1.4542137869155878 1.3867186322486196 1.509437095279471 1.3989904785517047 1.3867186322486196 
-65.5 -65.5 -64.0 -65.5 -66.5 -66.0 -65.0 -64.5 -66.0 -66.5 -66.5 -66.5 -64.0 -65.5 -66.0 -66.0 -65.0 -65.0 -66.5 -71.0 -68.5 -64.0 -63.5 -63.5 -62.5 -61.0 -61.0 -60.5 -61.0 -61.5 -61.5 -64.0 -62.0 -61.5 -62.0 -61.5 -61.5 -62.5 -62.5 -62.0 -62.5 
0.8651651643675016 0.8651651643675016 0.8344855486097889 0.8406214717613314 0.8222137023067037 0.8344855486097889 0.8528933180644165 0.8528933180644165 0.8528933180644165 0.859029241215959 0.9142525495798421 0.8958447801252144 0.8835729338221293 0.9081166264282996 0.9203884727313847 0.8897088569736719 0.9878836273983529 0.9142525495798421 0.880504972246358 1.0492428589137786 1.4787574795217582 1.4480778637640452 1.1290098598838318 1.1290098598838318 1.3744467859455345 1.3008157081270237 1.1228739367322893 1.0983302441261191 1.1596894756415448 1.1780972450961724 1.1167380135807468 1.1228739367322893 1.3130875544301088 1.2701360923693108 1.552388557340269 1.2640001692177683 1.1965050145508 1.2578642460662257 1.0799224746714913 0.9387962421860124 0.9633399347921826 0.9142525495798421 0.944932165337555 0.9326603190344698 0.9019807032767571 
-50.0 -50.5 -50.5 -50.5 -50.5 -50.5 -50.5 -51.0 -51.0 -51.0 -50.5 -50.5 -50.5 -51.0 -50.5 -50.5 -51.0 -51.0 -51.0 -50.0 -49.0 -49.5 -50.0 -51.5 -53.5 -52.0 -53.0 -54.5 -55.5 -55.5 -55.0 -53.5 -53.0 -51.5 -53.0 -52.5 -50.0 -49.5 -49.0 -49.0 -49.0 -49.5 -49.5 -49.5 -49.5 
1.0062913968529805 1.0185632431560658 0.9817477042468103 1.0246991663076084 0.9633399347921826 0.9756117810952678 1.0062913968529805 0.9878836273983529 0.9817477042468103 0.9756117810952678 0.9203884727313847 1.000155473701438 0.8835729338221293 0.9265243958829272 0.9572040116406401 0.9265243958829272 0.9817477042468103 1.0062913968529805 0.9203884727313847 1.012427320004523 1.2333205534600555 1.3621749396424494 1.2517283229146832 1.380582709097077 1.4848934026733007 1.509437095279471 1.5033011721279284 1.4848934026733007 1.4664856332186729 1.4726215563702154 1.4296700943094176 1.5033011721279284 1.607611865704152 1.3499030933393643 1.7303303287350031 1.7671458676442586 1.227184630308513 1.0921943209745766 0.9510680884890975 0.9081166264282996 0.9878836273983529 0.8835729338221293 0.8835729338221293 0.8651651643675016 0.9203884727313847 
-53.0 -53.0 -53.5 -53.0 -53.0 -53.0 -53.0 -53.0 -53.0 -53.0 -53.0 -52.5 -52.5 -52.5 -52.0 -52.0 -52.0 -52.0 -53.0 -52.5 -52.0 -52.0 -51.5 -51.0 -52.0 -51.5 -52.0 -52.0 -52.0 -52.0 -52.0 -51.5 -51.5 -50.5 -50.5 -53.5 -54.0 -52.5 -52.0 -52.0 -52.0 -52.5 -52.5 -53.0 -53.0 
1.2517283229146832 1.2640001692177683 1.2210487071569704 1.2517283229146832 1.1903690913992575 1.2026409377023426 1.214912784005428 1.2333205534600555 1.1596894756415448 1.1106020904292042 1.1351457830353744 1.1351457830353744 1.1228739367322893 1.1780972450961724 1.055378782065321 1.1780972450961724 1.1596894756415448 1.0615147052168636 4.166291819897402 1.1903690913992575 1.6444274046134073 1.7241944055834606 1.8223691760081417 1.761009944492716 1.8407769454627694 1.9512235621905356 2.0923497946760143 2.1353012567368124 2.1475731030398975 2.1537090261914402 2.1782527187976104 2.055534255766759 2.000310947402876 1.7671458676442586 1.7978254834019713 2.0923497946760143 2.086213871524472 1.8530487917658545 1.4787574795217582 1.325359400733194 1.2885438618239387 1.2701360923693108 1.2455923997631406 1.2517283229146832 1.3008157081270237 
-53.0 -53.5 -53.0 -53.0 -53.5 -53.5 -53.5 -53.0 -53.0 -52.5 -52.5 -52.5 -52.0 -52.0 -52.0 -51.5 -51.5 -52.0 -53.0 -52.5 -49.5 -49.0 -48.5 -49.0 -49.5 -52.0 -51.0 -52.0 -52.0 -52.0 -52.0 -51.5 -51.5 -50.5 -48.0 -47.5 -51.5 -53.0 -55.0 -54.0 -53.0 -53.0 -53.0 -53.0 -53.0 
1.4910293258248433 1.4910293258248433 1.4173982480063325 1.5155730184310134 1.4603497100671303 1.5401167110371838 1.5278448647340985 1.4726215563702154 1.3744467859455345 1.4848934026733007 1.5155730184310134 1.5278448647340985 1.533980787885641 1.552388557340269 1.5892040962495242 1.4419419406125027 1.5585244804918115 1.5830681730979816 1.4818254410975293 1.5278448647340985 2.0371264863121317 2.2150682577068657 1.9880391010997909 2.2027964114037806 2.172116795646068 2.184388641949153 2.313243028131547 2.337786720737717 2.3930100291016 2.325514874434632 2.3746022596469727 2.405281875404685 2.2212041808584084 2.1905245651006955 1.8530487917658545 2.1905245651006955 2.2641556429192065 1.9144080232812801 1.6198837120072371 1.6014759425526093 1.7241944055834606 1.7119225592803755 1.564660403643354 1.6444274046134073 1.5462526341887264 
-57.5 -58.0 -57.5 -58.0 -58.0 -58.0 -58.0 -57.5 -57.5 -57.5 -56.5 -56.0 -55.0 -55.5 -55.0 -55.0 -55.0 -55.0 -56.0 -56.5 -54.0 -53.0 -54.5 -54.0 -52.5 -54.0 -54.0 -54.0 -54.0 -54.0 -53.5 -54.0 -53.5 -54.5 -53.5 -50.5 -54.0 -56.0 -57.0 -55.5 -53.5 -54.5 -55.5 -56.5 -56.5 
4.362641360746763 4.749204519293945 4.289010282928253 4.313553975534423 4.2031073588066565 4.325825821837508 4.276738436625168 5.608233760509904 5.884350302329319 6.160466844148735 5.743224069843841 6.056156150572511 5.418020142812084 5.927301764390117 6.117515382087937 6.1850105367549055 6.129787228391022 6.178874613603362 6.013204688511713 6.264777537724958 6.1420590746941075 6.117515382087937 5.123495831538041 5.902758071783947 6.234097921967246 6.007068765360171 5.8475347634200645 4.773748211900116 4.558990901596125 4.546719055293041 
-70.0 -72.0 -71.5 -70.0 -69.5 -68.5 -68.5 -71.0 -61.5 -56.5 -60.5 -58.5 -61.5 -62.0 -60.5 -62.0 -61.5 -62.0 -62.0 -62.0 -60.5 -61.0 -59.5 -57.0 -60.5 -63.5 -66.0 -70.5 -71.5 -70.5 
5.313709449235861 5.424156065963627 2.313243028131547 2.405281875404685 2.270291566070749 2.36846633649543 2.748893571891069 5.822991070813893 6.160466844148735 5.93343768754166 6.2034183062095325 5.64504929941916 0.3620194659410113 0.07976700097005335 6.252505691421874 6.154330920997192 6.111379458936394 6.2034183062095325 0.05522330836388308 0.22089323345553233 5.749359992995383 6.050020227420969 5.896622148632405 
-75.0 -75.5 -72.0 -69.5 -68.5 -68.5 -64.5 -60.5 -57.0 -65.5 -59.5 -61.0 -64.0 -60.0 -60.5 -62.5 -63.0 -61.0 -60.5 -62.0 -58.5 -62.0 -66.5 
