6.19728238305799 6.17273869045182 4.724660826687775 4.491495746929157 4.147884050442774 3.859495662320273 3.2459033471660166 5.688000761479957 0.16566992509164924 0.18407769454627693 0.18407769454627693 0.3988350048502667 5.927301764390117 0.06135923151542565 0.619728238305799 4.884194828627882 2.405281875404685 2.356194490192345 2.2886993355253766 
-73.0 -73.0 -67.0 -61.5 -62.0 -60.0 -61.5 -70.0 -74.0 -70.5 -69.5 -71.5 -70.5 -67.5 -64.0 -67.0 -65.5 -65.5 -65.5 
4.154019973594316 1.1228739367322893 3.865631585471816 3.749049045592507 2.9943304979527716 2.5341362615870793 2.1966604882522383 2.2948352586769194 2.2396119503130363 2.000310947402876 2.2518837966161214 2.1659808724945253 2.1966604882522383 5.8475347634200645 4.614214209960009 1.3621749396424494 1.5155730184310134 1.521708941582556 1.607611865704152 1.5033011721279284 1.4480778637640452 1.4051264017032472 
-73.0 -70.0 -71.5 -67.5 -62.5 -62.5 -65.5 -63.5 -62.0 -60.5 -60.5 -62.0 -62.5 -65.0 -63.5 -60.5 -61.0 -62.0 -61.0 -59.0 -60.0 -61.0 
0.8344855486097889 0.7853981633974483 0.7915340865489908 0.7792622402459057 0.7485826244881929 0.7915340865489908 0.7669903939428205 0.7117670855789375 0.705631162427395 0.6902913545485385 0.7179030087304801 0.6933593161243098 0.662679700366597 0.7179030087304801 0.7547185476397354 0.7240389318820226 0.7424467013366504 0.7976700097005334 0.7792622402459057 0.7393787397608791 0.7731263170943632 0.8528933180644165 1.184233168247715 1.3621749396424494 1.0921943209745766 1.0983302441261191 1.0799224746714913 1.3008157081270237 1.2087768608538851 1.214912784005428 1.2946797849754812 1.3560390164909069 1.4358060174609601 1.282407938672396 1.2701360923693108 1.3437671701878218 1.3621749396424494 1.3560390164909069 1.3928545554001621 1.521708941582556 1.5953400194010667 1.41126232485479 1.325359400733194 1.2640001692177683 1.184233168247715 1.1719613219446299 
-51.0 -51.0 -51.0 -51.0 -51.0 -51.0 -51.0 -51.0 -51.5 -51.5 -51.0 -51.5 -51.0 -51.0 -51.0 -51.0 -51.5 -51.0 -51.0 -51.0 -50.5 -50.0 -49.0 -48.5 -49.0 -49.0 -51.0 -52.5 -50.5 -51.5 -52.0 -53.0 -53.0 -52.0 -51.5 -51.0 -51.5 -51.5 -50.5 -49.5 -50.0 -49.0 -49.0 -49.5 -49.0 -49.5 
1.0062913968529805 0.9878836273983529 1.043106935762236 1.0185632431560658 1.0737865515199487 1.0492428589137786 1.000155473701438 1.030835089459151 1.0062913968529805 0.9970875121256667 1.043106935762236 1.000155473701438 0.9940195505498954 1.0983302441261191 1.0062913968529805 0.9633399347921826 1.000155473701438 1.0246991663076084 1.030835089459151 0.9878836273983529 1.0185632431560658 1.0615147052168636 1.1044661672776617 1.2026409377023426 1.227184630308513 1.0737865515199487 1.2517283229146832 1.509437095279471 1.4848934026733007 1.5585244804918115 1.5401167110371838 1.6321555583103222 1.6321555583103222 1.607611865704152 1.4848934026733007 1.533980787885641 1.3560390164909069 1.6812429435226628 1.4173982480063325 1.1719613219446299 1.1658253987930873 1.1228739367322893 1.0492428589137786 0.9817477042468103 0.9878836273983529 0.9081166264282996 
-53.0 -53.0 -53.0 -53.0 -53.0 -53.0 -53.5 -53.5 -53.5 -54.0 -53.5 -53.5 -53.5 -53.5 -53.5 -53.0 -53.0 -53.0 -53.0 -53.5 -53.0 -53.0 -52.0 -51.5 -50.5 -50.0 -50.5 -51.0 -51.0 -51.0 -51.0 -51.0 -51.5 -51.0 -50.5 -51.0 -50.5 -52.0 -53.0 -52.0 -51.0 -51.0 -51.5 -51.5 -51.5 -51.5 
1.0246991663076084 1.012427320004523 0.9878836273983529 0.9572040116406401 0.8222137023067037 0.9326603190344698 0.944932165337555 0.9203884727313847 0.9081166264282996 0.8651651643675016 0.9142525495798421 0.8958447801252144 0.9510680884890975 0.9203884727313847 0.9387962421860124 0.944932165337555 0.9081166264282996 0.9878836273983529 0.9572040116406401 3.9852820869268957 0.8774370106705868 0.9326603190344698 1.3621749396424494 1.6689710972195777 1.6137477888556946 1.5401167110371838 1.6566992509164924 1.6198837120072371 1.8285050991596843 1.8960002538266525 1.9819031779482483 2.018718716857504 2.0493983326152168 2.018718716857504 1.9880391010997909 1.7794177139473437 1.7303303287350031 1.8162332528565992 5.117359908386499 1.9205439464328227 1.8223691760081417 1.4910293258248433 1.4480778637640452 1.4664856332186729 1.41126232485479 1.4419419406125027 
-52.5 -52.5 -52.5 -52.5 -53.0 -53.0 -53.0 -53.5 -53.0 -53.5 -53.0 -53.5 -53.5 -53.5 -53.0 -53.0 -53.0 -52.5 -52.5 -53.5 -53.0 -53.0 -51.0 -48.5 -48.0 -49.5 -50.0 -50.0 -51.0 -49.5 -49.0 -49.5 -50.0 -49.5 -50.0 -51.0 -49.5 -47.5 -48.5 -51.0 -51.0 -52.5 -52.0 -51.0 -50.5 -51.5 
1.3192234775816514 1.4051264017032472 1.533980787885641 1.4603497100671303 1.4910293258248433 1.4296700943094176 1.3989904785517047 1.4419419406125027 1.3989904785517047 1.4296700943094176 1.3928545554001621 1.4173982480063325 1.3989904785517047 1.3192234775816514 1.3867186322486196 1.41126232485479 1.4603497100671303 1.4910293258248433 1.4419419406125027 1.4634176716429017 1.4296700943094176 1.337631247036279 1.705786636128833 1.7916895602504288 1.9266798695843652 1.8530487917658545 2.030990563160589 2.012582793705961 2.0923497946760143 2.141437179888355 2.172116795646068 2.172116795646068 2.184388641949153 2.1659808724945253 2.1537090261914402 2.0923497946760143 2.12916533358527 1.932815792735908 2.2027964114037806 2.1353012567368124 2.000310947402876 1.736466251886546 1.7855536370988863 1.8039614065535141 1.761009944492716 1.6996507129772904 
-57.5 -57.5 -58.0 -58.0 -58.0 -57.5 -58.5 -58.5 -58.5 -58.5 -58.5 -58.5 -58.5 -58.0 -58.0 -57.5 -57.5 -57.0 -56.5 -57.5 -57.5 -58.5 -55.5 -53.5 -54.0 -55.0 -53.0 -51.5 -52.0 -52.0 -52.0 -52.0 -52.0 -52.0 -52.5 -52.0 -52.5 -52.5 -52.0 -54.0 -54.0 -53.5 -54.0 -52.5 -52.5 -53.0 
4.252194744018997 4.184699589352029 4.25833066717054 4.190835512503572 4.221515128261284 4.166291819897402 1.0983302441261191 3.9944859716542096 3.8840393549264434 4.246058820867455 5.534602682691394 5.939573610693203 5.71868037723767 5.66959299202533 5.773903685601553 5.375068680751287 6.013204688511713 5.9518454569962875 5.8475347634200645 5.890486225480862 5.93343768754166 5.896622148632405 5.964117303299373 5.773903685601553 5.6143696836614465 5.43029198911517 6.080699843178682 6.12365130523948 5.976389149602458 5.013049214810275 4.595806440505381 4.528311285838413 4.558990901596125 
-68.5 -69.0 -69.0 -68.5 -69.0 -69.5 -68.5 -68.0 -69.0 -74.0 -68.5 -60.5 -57.0 -62.5 -59.5 -62.0 -60.0 -58.5 -59.5 -60.5 -59.5 -59.5 -59.0 -61.5 -60.0 -60.5 -57.5 -60.5 -62.0 -68.5 -64.0 -64.0 -63.5 
3.54042765844006 3.448388811166921 3.56497135104623 2.6813984172241008 5.727884261964984 5.798447378207723 5.700272607783043 5.553010452146021 5.939573610693203 6.135923151542564 5.700272607783043 6.252505691421874 6.013204688511713 5.829126993965437 5.730952223540755 5.829126993965437 5.970253226450915 6.080699843178682 5.681864838328415 5.9088939949354895 5.773903685601553 5.684932799904186 5.792311455056181 5.712544454086128 5.0682725231741586 5.160311370447297 5.00077736850719 
-75.5 -75.5 -77.0 -72.0 -71.0 -63.0 -57.0 -57.5 -63.0 -60.5 -60.0 -62.5 -59.5 -59.0 -60.0 -59.5 -59.0 -60.0 -63.0 -59.5 -63.0 -59.0 -59.5 -62.0 -62.0 -61.0 -64.0 
