5.332117218690489 5.540738605842936 5.534602682691394 5.47937937432751 5.767767762450011 5.534602682691394 5.111223985234957 4.933282213840222 3.822680123411018 3.1661363461959633 2.386874105950058 5.816855147662351 1.859184714917397 3.2581751934691017 3.761320891895592 4.424000592262189 5.227806525114265 6.013204688511713 5.565282298449106 2.4605051837685683 
-71.0 -73.5 -73.5 -73.0 -74.0 -67.5 -66.0 -65.0 -64.0 -65.5 -67.0 -71.0 -67.5 -67.5 -68.5 -65.0 -67.0 -69.5 -66.0 -66.5 
1.4603497100671303 4.816699673960914 1.4419419406125027 1.4726215563702154 1.521708941582556 1.5401167110371838 1.5707963267948966 1.4910293258248433 1.4358060174609601 1.5033011721279284 1.4664856332186729 1.4910293258248433 1.521708941582556 1.4787574795217582 1.5155730184310134 1.3928545554001621 1.3192234775816514 4.491495746929157 1.533980787885641 1.4726215563702154 1.5462526341887264 1.7855536370988863 6.086835766330224 2.5832236467994196 2.086213871524472 2.1537090261914402 2.1782527187976104 2.1475731030398975 2.184388641949153 2.3193789512830896 2.2396119503130363 1.9941750242513334 2.012582793705961 1.6751070203711202 1.41126232485479 1.88986433067511 1.8714565612204823 1.8530487917658545 1.705786636128833 1.8162332528565992 
-63.5 -65.5 -64.0 -65.5 -65.5 -65.5 -65.0 -64.5 -65.5 -64.5 -66.0 -65.5 -65.5 -65.0 -65.5 -65.0 -65.5 -66.0 -65.5 -64.5 -63.0 -64.5 -67.5 -63.0 -62.0 -62.5 -61.0 -59.5 -59.5 -60.0 -61.5 -62.0 -64.0 -62.0 -59.0 -59.5 -61.5 -61.0 -60.0 -59.5 
0.9633399347921826 0.9572040116406401 0.9572040116406401 0.8835729338221293 0.8897088569736719 0.8897088569736719 0.8406214717613314 0.859029241215959 0.8283496254582462 0.8406214717613314 0.8406214717613314 0.8222137023067037 0.8528933180644165 0.8467573949128739 0.859029241215959 0.8467573949128739 0.9019807032767571 0.8651651643675016 0.8897088569736719 0.8713010875190442 0.9817477042468103 1.3069516312785663 1.576932249946439 1.564660403643354 1.2762720155208536 1.1719613219446299 1.3314953238847365 1.055378782065321 1.2210487071569704 1.227184630308513 1.2026409377023426 1.2087768608538851 1.2885438618239387 1.3499030933393643 1.2762720155208536 1.4542137869155878 1.5953400194010667 1.7671458676442586 1.6260196351587797 1.4173982480063325 1.2885438618239387 1.2762720155208536 
-49.5 -49.5 -49.5 -50.0 -49.5 -50.0 -49.5 -49.5 -50.0 -50.0 -50.0 -50.0 -50.0 -50.0 -50.0 -50.5 -50.5 -50.5 -50.5 -51.0 -50.5 -49.5 -50.5 -50.5 -50.5 -53.5 -54.0 -52.5 -53.5 -54.5 -54.0 -54.0 -53.0 -54.0 -52.5 -51.0 -51.5 -52.0 -52.0 -50.5 -50.5 -51.0 
0.9510680884890975 0.9081166264282996 0.9265243958829272 0.944932165337555 0.9081166264282996 0.944932165337555 0.9572040116406401 0.8958447801252144 0.8897088569736719 0.8835729338221293 0.9203884727313847 0.9019807032767571 0.944932165337555 0.9387962421860124 0.9756117810952678 0.9878836273983529 1.0492428589137786 0.9878836273983529 1.0615147052168636 1.0062913968529805 1.0246991663076084 1.1535535524900022 1.1596894756415448 1.3069516312785663 1.2640001692177683 1.2946797849754812 1.6321555583103222 1.5155730184310134 1.521708941582556 1.521708941582556 1.5462526341887264 1.5830681730979816 1.6014759425526093 1.5462526341887264 1.4603497100671303 1.3560390164909069 1.3437671701878218 1.1965050145508 1.1474176293384597 1.012427320004523 0.9878836273983529 0.9817477042468103 
-52.5 -52.5 -52.5 -53.0 -53.0 -53.0 -53.0 -53.0 -52.5 -52.5 -53.0 -53.0 -53.0 -53.0 -53.0 -52.5 -52.5 -52.5 -53.0 -53.0 -53.5 -52.0 -51.0 -50.0 -49.5 -52.0 -52.0 -52.0 -52.0 -52.0 -52.0 -52.0 -52.5 -52.0 -51.5 -50.5 -51.5 -51.5 -52.0 -52.5 -53.0 -52.0 
1.3437671701878218 1.368310862793992 1.325359400733194 1.337631247036279 1.3130875544301088 1.3069516312785663 1.3008157081270237 1.2701360923693108 1.2946797849754812 1.2885438618239387 1.2946797849754812 1.2701360923693108 1.227184630308513 1.2087768608538851 1.227184630308513 1.214912784005428 1.1474176293384597 1.1167380135807468 1.043106935762236 0.9756117810952678 0.8958447801252144 1.1167380135807468 1.5462526341887264 1.8162332528565992 1.8530487917658545 1.6689710972195777 1.8714565612204823 1.9389517158874505 2.1966604882522383 2.2457478734645786 2.2212041808584084 2.227340104009951 2.2396119503130363 2.2518837966161214 1.9819031779482483 1.9757672547967058 2.0064468705544187 2.141437179888355 2.0800779483729293 1.7548740213411735 1.564660403643354 1.6260196351587797 1.6198837120072371 
-51.5 -52.0 -51.5 -51.5 -51.5 -51.5 -52.0 -51.5 -52.0 -52.0 -52.0 -52.0 -52.0 -52.0 -51.5 -52.0 -52.0 -51.5 -51.5 -52.0 -52.0 -51.5 -50.5 -49.0 -48.0 -49.0 -50.5 -51.5 -52.0 -51.5 -51.5 -51.5 -52.0 -52.5 -51.0 -50.0 -49.0 -51.0 -51.5 -52.5 -52.5 -51.5 -51.5 
1.5462526341887264 1.5033011721279284 1.5155730184310134 1.423534171157875 1.4910293258248433 1.4910293258248433 1.5462526341887264 1.4726215563702154 1.4173982480063325 1.4910293258248433 1.4480778637640452 1.4664856332186729 1.5033011721279284 1.5278448647340985 1.4664856332186729 1.368310862793992 1.5892040962495242 1.509437095279471 1.509437095279471 1.5155730184310134 1.4848934026733007 1.8223691760081417 2.0371264863121317 1.88986433067511 1.9573594853420782 2.2518837966161214 2.2212041808584084 2.3746022596469727 2.325514874434632 2.3316507975861747 2.36846633649543 2.3623304133438876 2.2212041808584084 2.4175537217077703 2.3193789512830896 2.1353012567368124 2.313243028131547 2.172116795646068 1.9512235621905356 1.7794177139473437 1.859184714917397 1.7732817907958012 
-55.5 -56.0 -56.0 -56.5 -56.5 -56.5 -57.0 -57.0 -56.5 -57.0 -57.0 -57.0 -56.5 -57.0 -57.0 -56.0 -56.0 -55.5 -56.0 -57.5 -56.5 -54.5 -54.0 -53.0 -54.0 -53.5 -53.0 -54.0 -54.0 -54.0 -53.5 -53.5 -54.0 -53.5 -55.0 -53.5 -54.0 -55.0 -54.5 -54.5 -53.5 -54.0 
4.123340357836604 4.01902966426038 4.049709280018092 4.154019973594316 4.086524818927348 4.025165587411922 3.792000507653305 3.9392626632903265 3.933126740138784 4.086524818927348 4.061981126321178 4.184699589352029 4.080388895775806 4.135612204139688 3.9208548938356986 2.2396119503130363 3.6447383520162835 4.853515212870168 6.191146459906448 5.884350302329319 5.350524988145116 5.964117303299373 5.890486225480862 6.105243535784852 5.945709533844745 5.8475347634200645 6.013204688511713 6.031612457966341 6.0991076126333095 5.7616318392984684 5.859806609723149 5.632777453116074 6.227961998815704 6.025476534814799 5.092816215780329 4.485359823777615 
-65.5 -66.0 -65.0 -65.5 -65.5 -66.5 -66.0 -67.0 -66.5 -67.0 -67.0 -66.0 -68.0 -66.0 -66.0 -67.5 -67.0 -72.0 -59.0 -57.5 -63.5 -60.5 -62.5 -60.5 -60.5 -62.0 -60.5 -60.0 -60.0 -63.5 -60.0 -59.5 -57.5 -62.5 -65.0 -63.5 
1.1351457830353744 0.2761165418194154 0.04295146206079795 1.859184714917397 2.1537090261914402 5.816855147662351 5.810719224510809 5.681864838328415 0.21475731030398976 6.270913460876501 6.092971689481767 6.270913460876501 5.976389149602458 5.939573610693203 6.240233845118788 6.074563920027139 0.14112623248547898 5.780039608753096 0.36815538909255385 5.534602682691394 5.93343768754166 5.853670686571607 2.3009711818284617 2.2089323345553233 5.197126909356553 5.227806525114265 
-73.5 -77.5 -78.0 -78.0 -72.0 -63.5 -58.0 -58.0 -68.0 -61.5 -64.5 -63.0 -61.5 -62.0 -62.5 -61.5 -65.0 -61.0 -65.0 -63.5 -61.0 -61.0 -68.0 -67.0 -65.0 -63.0 
