5.675728915176872 2.6200391857086753 6.074563920027139 2.6875343403756435 5.970253226450915 6.037748381117884 5.927301764390117 5.964117303299373 6.025476534814799 3.9822141253511245 4.749204519293945 4.651029748869264 4.325825821837508 3.442252888015379 2.8409324191642074 0.3129320807286708 0.3374757733348411 0.3190680038802134 3.0066023442558567 3.4606606574700063 3.933126740138784 1.662835174068035 4.724660826687775 5.375068680751287 2.3439226438892597 
-74.0 -72.0 -74.0 -73.0 -73.0 -73.5 -73.5 -71.0 -70.5 -69.5 -63.5 -62.5 -61.0 -62.5 -64.0 -69.5 -69.5 -70.0 -64.5 -64.0 -64.5 -66.5 -65.0 -67.5 -70.5 
2.325514874434632 2.2948352586769194 2.5034566458293663 2.5893595699509624 6.068427996875596 2.9391071895888885 6.007068765360171 4.479223900626073 4.546719055293041 4.154019973594316 5.123495831538041 3.1661363461959633 2.6445828783148455 2.356194490192345 2.3316507975861747 2.0923497946760143 2.313243028131547 2.2212041808584084 2.2764274892222915 2.3930100291016 2.5280003384355365 3.043417883165112 3.172272269347506 5.006913291658733 1.3867186322486196 1.3130875544301088 1.3928545554001621 1.337631247036279 1.3989904785517047 1.521708941582556 1.6321555583103222 
-68.5 -68.0 -70.5 -70.5 -73.0 -73.5 -72.5 -75.0 -74.0 -70.5 -68.5 -65.5 -61.5 -65.5 -61.0 -61.0 -61.0 -59.5 -61.0 -62.5 -63.5 -64.5 -68.5 -64.0 -61.5 -62.5 -64.0 -62.5 -62.5 -64.0 -63.0 
0.7301748550335652 0.7669903939428205 0.7117670855789375 0.7117670855789375 0.6933593161243098 0.6994952392758523 0.6872233929727672 0.6994952392758523 0.7117670855789375 0.7117670855789375 0.7179030087304801 0.6810874698212247 0.6504078540635119 0.6810874698212247 0.7547185476397354 0.6933593161243098 0.7547185476397354 0.7669903939428205 0.7669903939428205 0.7731263170943632 0.9203884727313847 1.552388557340269 1.4726215563702154 1.3130875544301088 1.141281706186917 1.2946797849754812 1.2701360923693108 1.2333205534600555 1.2578642460662257 1.2946797849754812 1.2701360923693108 1.3314953238847365 1.2640001692177683 1.3621749396424494 1.325359400733194 1.2640001692177683 1.4726215563702154 1.6996507129772904 1.736466251886546 1.3989904785517047 1.1290098598838318 1.0737865515199487 0.9878836273983529 0.9694758579437253 
-50.5 -50.5 -50.5 -50.5 -51.0 -51.0 -51.0 -51.0 -51.5 -51.5 -51.0 -51.0 -51.0 -51.0 -51.0 -50.5 -50.5 -51.0 -50.5 -50.5 -49.0 -49.0 -49.5 -49.5 -50.5 -52.5 -51.0 -51.5 -52.5 -52.5 -52.5 -52.0 -50.5 -51.0 -51.5 -50.0 -49.5 -50.5 -50.0 -49.5 -49.5 -50.0 -50.5 -50.5 
1.055378782065321 0.9756117810952678 0.9572040116406401 0.9387962421860124 1.0369710126106935 1.000155473701438 1.0492428589137786 1.0983302441261191 1.0799224746714913 1.1106020904292042 1.0369710126106935 1.055378782065321 1.0492428589137786 1.0369710126106935 1.0369710126106935 1.012427320004523 1.0246991663076084 0.9756117810952678 1.0062913968529805 1.043106935762236 1.1351457830353744 1.030835089459151 1.1474176293384597 1.2210487071569704 1.41126232485479 1.533980787885641 1.5462526341887264 1.5278448647340985 1.5401167110371838 1.5401167110371838 1.509437095279471 1.4848934026733007 1.5462526341887264 1.3314953238847365 1.2762720155208536 1.368310862793992 1.2885438618239387 1.239456476611598 1.1903690913992575 1.1167380135807468 1.1290098598838318 1.1106020904292042 1.1780972450961724 
-53.5 -53.5 -53.5 -53.5 -53.5 -53.5 -53.5 -54.0 -53.5 -53.5 -53.5 -53.5 -53.5 -53.5 -53.5 -53.0 -53.0 -53.0 -53.5 -52.5 -52.0 -50.0 -49.0 -50.0 -51.5 -51.0 -51.0 -51.0 -51.0 -51.0 -50.5 -51.0 -50.5 -51.0 -49.5 -48.5 -50.5 -52.0 -52.0 -53.0 -52.5 -53.0 -53.5 
1.1596894756415448 1.1167380135807468 1.1780972450961724 1.0921943209745766 1.086058397823034 1.0921943209745766 1.1106020904292042 1.1044661672776617 1.1228739367322893 1.0983302441261191 1.0799224746714913 1.141281706186917 1.1044661672776617 1.1106020904292042 1.043106935762236 0.9940195505498954 1.055378782065321 0.9081166264282996 0.8835729338221293 1.1903690913992575 1.662835174068035 1.6198837120072371 1.5585244804918115 1.6321555583103222 1.705786636128833 1.88986433067511 1.9512235621905356 1.945087639038993 1.9144080232812801 1.9144080232812801 1.8714565612204823 1.8223691760081417 1.7916895602504288 1.736466251886546 1.736466251886546 1.718058482431918 1.902136176978195 1.9205439464328227 1.564660403643354 1.2640001692177683 1.2946797849754812 1.1780972450961724 1.2026409377023426 
-53.0 -53.0 -53.0 -53.0 -52.5 -53.0 -52.5 -52.5 -53.0 -52.5 -52.5 -52.5 -52.5 -52.5 -53.0 -52.5 -52.5 -52.5 -53.0 -52.0 -48.5 -48.0 -48.5 -49.5 -49.5 -50.0 -49.5 -49.5 -49.5 -49.5 -49.0 -49.5 -50.0 -48.5 -49.0 -47.5 -49.0 -50.0 -52.0 -52.5 -52.0 -52.5 -53.0 
1.552388557340269 1.239456476611598 1.4419419406125027 1.509437095279471 1.4419419406125027 1.4664856332186729 1.3989904785517047 1.521708941582556 1.521708941582556 1.4542137869155878 1.4480778637640452 1.4910293258248433 1.4051264017032472 1.4664856332186729 1.4910293258248433 1.4787574795217582 1.380582709097077 1.3928545554001621 1.4358060174609601 1.6137477888556946 1.9880391010997909 1.748738098189631 1.7732817907958012 2.018718716857504 2.043262409463674 5.270757987175063 2.0800779483729293 2.0800779483729293 2.061670178918302 2.043262409463674 2.1046216409791 2.055534255766759 2.012582793705961 2.061670178918302 1.9573594853420782 1.761009944492716 2.043262409463674 2.0800779483729293 1.8653206380689396 1.6382914814618648 1.7855536370988863 1.7241944055834606 1.6812429435226628 
-60.0 -60.0 -60.0 -59.5 -60.0 -60.0 -60.0 -60.5 -61.0 -60.0 -60.5 -60.0 -60.0 -59.5 -58.5 -57.5 -57.0 -57.0 -57.5 -55.5 -53.5 -53.0 -54.0 -54.0 -51.5 -52.0 -51.5 -51.5 -51.5 -51.5 -51.0 -52.0 -51.5 -52.0 -53.5 -52.5 -52.5 -54.0 -55.0 -56.0 -54.5 -56.0 -58.5 
4.442408361716817 4.074252972624263 4.28287435977671 4.344233591292136 4.344233591292136 4.417864669110647 4.417864669110647 4.374913207049849 4.454680208019902 4.448544284868359 4.154019973594316 4.06811704947272 4.025165587411922 4.2092432819582 4.025165587411922 3.9638063558964967 3.77972866135022 3.5281558121369745 4.577398671050753 5.730952223540755 5.970253226450915 5.546874528994478 5.878214379177777 5.375068680751287 6.111379458936394 5.957981380147831 5.921165841238575 5.884350302329319 5.724816300389213 5.810719224510809 5.9088939949354895 5.822991070813893 5.2768939103266055 5.7616318392984684 5.295301679781233 6.031612457966341 5.890486225480862 0.30066023442558565 5.0253210611133605 
-70.5 -69.5 -70.0 -70.0 -70.5 -69.0 -70.0 -70.0 -69.5 -70.0 -70.0 -70.0 -70.0 -68.5 -68.5 -71.0 -68.5 -68.5 -75.5 -63.0 -57.0 -61.5 -59.0 -61.5 -60.5 -59.0 -59.0 -59.0 -59.0 -59.0 -58.5 -60.0 -60.5 -60.0 -58.5 -57.0 -62.5 -71.0 -70.5 
1.9389517158874505 1.8285050991596843 1.6444274046134073 1.1903690913992575 1.5585244804918115 1.7241944055834606 1.5953400194010667 1.1719613219446299 1.2946797849754812 1.5585244804918115 1.6137477888556946 1.521708941582556 4.675573441475434 4.381049130201391 2.6261751088602177 6.074563920027139 5.737088146692298 5.5714182216006485 5.816855147662351 6.252505691421874 5.71868037723767 6.080699843178682 6.007068765360171 5.964117303299373 5.829126993965437 5.822991070813893 5.890486225480862 5.9518454569962875 5.890486225480862 5.737088146692298 0.15339807878856412 5.473243451175968 5.902758071783947 5.859806609723149 6.062292073724054 2.1475731030398975 
-70.5 -70.5 -70.5 -70.5 -71.0 -71.5 -70.0 -70.0 -70.0 -69.5 -69.5 -69.0 -72.0 -75.0 -71.0 -68.5 -57.5 -57.5 -63.5 -60.0 -58.5 -60.5 -59.5 -59.0 -57.5 -58.5 -58.0 -59.5 -60.5 -59.0 -67.0 -62.0 -58.0 -59.5 -64.0 -70.5 
