5.473243451175968 5.473243451175968 5.356660911296659 5.393476450205914 5.448699758569798 5.418020142812084 5.626641529964532 5.565282298449106 5.638913376267617 1.8039614065535141 4.755340442445488 4.338097668140593 3.3440781175906977 2.5832236467994196 2.3071071049800045 2.429825568010856 2.5586799541932495 6.013204688511713 5.957981380147831 2.2764274892222915 2.804116880254952 3.129320807286708 4.01902966426038 4.871922982324796 2.3623304133438876 2.497320722677824 2.521864415283994 2.3316507975861747 2.356194490192345 
-74.0 -73.5 -74.0 -74.5 -74.0 -74.5 -75.0 -74.5 -74.0 -66.5 -66.5 -62.5 -65.5 -66.0 -67.5 -69.0 -69.0 -69.5 -69.5 -68.5 -65.5 -64.0 -63.5 -68.0 -66.0 -64.0 -63.5 -64.0 -63.5 
1.6935147898257479 1.7548740213411735 1.6689710972195777 1.6260196351587797 1.6751070203711202 1.8100973297050567 1.6751070203711202 1.7303303287350031 1.8100973297050567 1.5585244804918115 1.7241944055834606 1.7732817907958012 1.761009944492716 1.6382914814618648 1.5401167110371838 1.4787574795217582 1.4051264017032472 1.4787574795217582 1.576932249946439 2.024854640009046 2.497320722677824 2.116893487282185 2.116893487282185 2.2457478734645786 2.2518837966161214 2.1966604882522383 2.356194490192345 2.356194490192345 2.2518837966161214 2.098485717827557 2.1905245651006955 1.3744467859455345 1.6321555583103222 1.607611865704152 1.6382914814618648 1.6873788666742053 1.6935147898257479 1.8100973297050567 1.8039614065535141 1.8223691760081417 
-65.5 -65.5 -66.0 -65.0 -66.5 -66.0 -64.5 -66.5 -65.0 -65.5 -64.5 -65.0 -66.5 -66.0 -65.0 -66.5 -63.5 -63.0 -64.0 -66.5 -64.0 -63.0 -63.5 -62.0 -60.0 -58.5 -59.5 -61.0 -61.5 -62.5 -63.0 -63.0 -60.5 -60.0 -61.5 -60.5 -60.0 -60.5 -59.0 -60.0 
0.8528933180644165 0.8344855486097889 0.8406214717613314 0.8283496254582462 0.8651651643675016 0.8467573949128739 0.8160777791551611 0.8528933180644165 0.8160777791551611 0.8897088569736719 0.8160777791551611 0.8099418560036186 0.8222137023067037 0.803805932852076 0.8528933180644165 0.8160777791551611 0.9326603190344698 1.2333205534600555 1.6198837120072371 1.5278448647340985 1.239456476611598 1.1044661672776617 1.2455923997631406 1.2026409377023426 1.0983302441261191 1.0983302441261191 1.1474176293384597 1.1474176293384597 1.141281706186917 1.2210487071569704 1.4051264017032472 1.2701360923693108 1.3192234775816514 1.576932249946439 1.705786636128833 1.3989904785517047 1.2026409377023426 1.1658253987930873 1.1596894756415448 1.1965050145508 1.1474176293384597 
-50.5 -50.0 -50.5 -50.5 -50.0 -50.0 -50.0 -50.0 -50.5 -50.5 -50.5 -50.5 -51.0 -51.0 -50.5 -50.5 -49.5 -49.5 -50.0 -51.0 -51.0 -52.5 -55.5 -54.0 -54.0 -55.0 -55.5 -55.0 -54.0 -53.0 -53.5 -52.0 -50.5 -50.5 -51.0 -50.0 -49.5 -50.0 -50.0 -50.0 -50.0 
0.9387962421860124 0.9326603190344698 0.9081166264282996 0.9510680884890975 0.9019807032767571 0.9817477042468103 0.944932165337555 0.9694758579437253 0.9633399347921826 0.9142525495798421 0.9265243958829272 0.944932165337555 0.944932165337555 0.9694758579437253 0.9633399347921826 0.9572040116406401 0.9756117810952678 1.043106935762236 1.1658253987930873 1.2701360923693108 1.2210487071569704 1.2455923997631406 1.4971652489763858 1.4480778637640452 1.3989904785517047 1.4051264017032472 1.4542137869155878 1.4787574795217582 1.5033011721279284 1.533980787885641 1.552388557340269 1.41126232485479 1.2885438618239387 1.337631247036279 1.214912784005428 1.0799224746714913 0.9572040116406401 0.9142525495798421 0.8713010875190442 0.8958447801252144 0.8958447801252144 
-53.0 -53.0 -53.0 -53.0 -53.0 -53.0 -53.0 -53.0 -53.0 -53.0 -53.5 -53.0 -53.0 -53.0 -53.5 -53.0 -53.0 -52.0 -51.5 -51.0 -50.0 -51.0 -53.0 -52.5 -53.0 -52.5 -52.5 -52.0 -52.5 -52.5 -52.5 -51.5 -51.0 -52.5 -53.0 -53.0 -52.5 -53.0 -52.5 -52.5 -52.5 
1.2455923997631406 1.2762720155208536 1.2517283229146832 1.2885438618239387 1.2946797849754812 1.2640001692177683 1.2640001692177683 1.2640001692177683 1.2517283229146832 1.2333205534600555 1.1167380135807468 1.214912784005428 1.184233168247715 1.0492428589137786 1.1780972450961724 1.1044661672776617 1.2026409377023426 1.5033011721279284 1.8960002538266525 1.9941750242513334 1.9082721001297376 1.9941750242513334 1.8714565612204823 2.141437179888355 2.3071071049800045 2.3071071049800045 2.3193789512830896 2.2886993355253766 2.2457478734645786 2.2396119503130363 2.061670178918302 1.9880391010997909 2.061670178918302 2.1353012567368124 2.043262409463674 1.6382914814618648 1.4910293258248433 1.564660403643354 1.5830681730979816 1.5462526341887264 1.576932249946439 
-51.0 -51.0 -51.5 -51.5 -51.0 -51.0 -51.5 -51.5 -51.5 -51.5 -51.0 -51.0 -51.0 -51.5 -51.5 -51.5 -51.5 -51.0 -49.0 -49.0 -49.0 -50.0 -51.5 -54.0 -54.0 -53.5 -53.5 -53.0 -52.5 -52.5 -52.0 -49.5 -49.0 -50.5 -52.0 -52.5 -52.0 -52.0 -51.5 -52.0 -52.0 
1.509437095279471 1.5155730184310134 1.4419419406125027 1.509437095279471 1.5033011721279284 1.6014759425526093 1.576932249946439 1.564660403643354 1.5155730184310134 1.552388557340269 1.4603497100671303 1.4542137869155878 1.5155730184310134 1.509437095279471 1.4971652489763858 1.5892040962495242 1.4542137869155878 1.7241944055834606 2.116893487282185 2.1475731030398975 2.055534255766759 2.3071071049800045 2.36846633649543 2.399145952253143 2.3439226438892597 2.405281875404685 2.399145952253143 2.399145952253143 2.3746022596469727 2.3930100291016 2.2580197197676637 2.2764274892222915 2.141437179888355 2.3746022596469727 2.282563412373834 1.9082721001297376 1.6935147898257479 1.8162332528565992 1.8223691760081417 1.7548740213411735 1.6321555583103222 
-57.0 -57.0 -56.5 -57.0 -56.5 -57.0 -57.0 -57.0 -57.0 -57.0 -57.0 -57.0 -57.5 -57.5 -57.5 -57.5 -56.5 -55.0 -54.0 -54.0 -55.0 -55.5 -54.0 -54.5 -54.5 -55.5 -54.5 -54.5 -54.5 -54.0 -53.5 -55.5 -54.0 -55.5 -56.5 -56.5 -56.5 -54.5 -55.0 -55.0 -55.5 
4.037437433715008 4.09266074207889 4.104932588381976 4.276738436625168 4.074252972624263 4.2031073588066565 4.000621894805752 4.154019973594316 4.09266074207889 4.000621894805752 4.0128937411088375 4.104932588381976 3.9822141253511245 4.129476280988146 3.865631585471816 3.9085830475326135 3.7122335066832517 4.129476280988146 6.068427996875596 0.04908738521234052 5.829126993965437 6.007068765360171 5.356660911296659 6.111379458936394 5.939573610693203 5.976389149602458 5.976389149602458 5.976389149602458 5.988660995905543 6.056156150572511 5.737088146692298 5.945709533844745 5.798447378207723 0.0674951546669682 6.215690152512618 3.890175278077986 4.23378697456437 3.718369429834794 4.037437433715008 3.8840393549264434 
-65.0 -65.0 -65.5 -65.0 -65.5 -65.5 -65.5 -64.5 -66.0 -65.5 -66.0 -66.0 -66.5 -66.0 -66.0 -66.0 -67.0 -70.0 -65.0 -59.0 -62.5 -61.5 -64.0 -64.5 -61.5 -62.5 -62.0 -61.5 -61.0 -60.5 -63.5 -59.5 -59.5 -60.5 -65.5 -69.0 -64.0 -65.0 -63.0 -64.0 
0.5829126993965437 0.4970097752749477 5.872078456026235 5.829126993965437 5.93343768754166 5.93343768754166 0.3129320807286708 6.043884304269426 0.47860200582032003 0.0 6.160466844148735 6.1850105367549055 6.025476534814799 6.068427996875596 0.09817477042468103 5.8045833013592665 6.154330920997192 6.1420590746941075 5.988660995905543 5.135767677841127 4.884194828627882 4.945554060143307 4.356505437595221 
-78.5 -78.5 -67.0 -60.5 -57.5 -65.0 -63.0 -64.0 -66.0 -64.0 -64.0 -65.0 -64.0 -62.5 -63.5 -64.5 -69.5 -60.5 -64.5 -64.0 -65.5 -64.0 -66.5 
