3.7981364308048478 3.485204350076177 0.380427235395639 0.34974761963792617 3.466796580621549 0.30679615757712825 6.215690152512618 2.816388726558037 0.20248546400090464 0.1718058482431918 4.466952054322987 4.4976316700806995 4.454680208019902 4.061981126321178 3.5036121195308043 6.135923151542564 0.44178646691106466 0.3190680038802134 0.47860200582032003 5.9518454569962875 0.4724660826687775 3.6876898140770815 4.25833066717054 5.534602682691394 5.485515297479052 
-74.5 -75.0 -74.5 -75.0 -73.5 -75.0 -74.5 -75.0 -74.5 -74.5 -67.5 -61.5 -60.0 -60.0 -61.5 -67.5 -70.5 -69.5 -71.5 -68.0 -65.0 -63.0 -64.5 -68.5 -69.5 
3.6876898140770815 3.718369429834794 3.706097583531709 4.006757817957295 3.663146121470911 3.9699422790480394 3.9208548938356986 1.0615147052168636 1.1719613219446299 3.773592738198677 2.5954954931025047 2.3193789512830896 2.110757564130642 2.012582793705961 2.086213871524472 2.227340104009951 2.2518837966161214 2.2027964114037806 2.693670263527186 1.7303303287350031 1.564660403643354 1.5830681730979816 1.6996507129772904 1.9144080232812801 1.8346410223112268 1.9082721001297376 
-70.0 -71.0 -70.5 -69.5 -69.5 -70.0 -74.0 -76.0 -77.0 -73.5 -65.5 -63.5 -63.0 -61.0 -61.0 -60.5 -61.5 -62.0 -64.5 -64.0 -63.0 -63.5 -65.0 -64.5 -63.5 -63.5 
0.5031456984264903 0.5031456984264903 0.48473792897186263 0.4663301595172349 0.5092816215780329 0.5154175447295755 0.521553467881118 0.5338253141842031 0.5338253141842031 0.5276893910326605 0.5767767762450011 0.6565437772150544 0.607456392002714 0.619728238305799 0.619728238305799 0.6565437772150544 0.619728238305799 0.7301748550335652 1.1780972450961724 1.3499030933393643 1.368310862793992 1.2210487071569704 1.0983302441261191 1.282407938672396 1.1780972450961724 1.0921943209745766 1.1044661672776617 1.239456476611598 1.2333205534600555 1.184233168247715 1.1596894756415448 1.2946797849754812 1.214912784005428 1.3008157081270237 1.184233168247715 1.3008157081270237 1.325359400733194 1.043106935762236 0.8283496254582462 0.760854470791278 0.7731263170943632 0.8344855486097889 0.8344855486097889 
-53.5 -53.0 -53.0 -53.0 -53.0 -53.0 -53.0 -52.5 -52.5 -52.5 -52.0 -52.0 -52.0 -52.0 -52.0 -52.0 -51.5 -51.0 -48.5 -49.0 -49.5 -50.0 -51.5 -52.5 -50.5 -51.0 -52.0 -52.0 -52.5 -53.0 -51.0 -51.5 -51.0 -51.5 -50.0 -49.0 -49.0 -50.0 -50.0 -51.0 -51.0 -51.5 -51.5 
1.1903690913992575 1.2026409377023426 1.2087768608538851 1.2087768608538851 1.2210487071569704 1.227184630308513 1.1903690913992575 1.1106020904292042 1.1044661672776617 1.0676506283684062 1.0615147052168636 1.0246991663076084 1.0062913968529805 1.000155473701438 1.000155473701438 1.0185632431560658 1.012427320004523 0.9633399347921826 1.0676506283684062 1.0921943209745766 1.1474176293384597 1.141281706186917 1.2885438618239387 1.4542137869155878 1.3989904785517047 1.3314953238847365 1.4051264017032472 1.4419419406125027 1.5278448647340985 1.4542137869155878 1.4664856332186729 1.4419419406125027 1.41126232485479 1.5585244804918115 1.2885438618239387 1.1719613219446299 1.1658253987930873 0.9940195505498954 0.9878836273983529 1.012427320004523 1.0676506283684062 1.0615147052168636 1.1596894756415448 
-54.0 -54.0 -54.0 -54.0 -54.0 -54.0 -54.0 -54.0 -54.0 -54.0 -54.0 -54.0 -53.5 -53.5 -54.0 -53.5 -54.0 -53.5 -52.0 -52.0 -50.0 -51.0 -50.5 -51.0 -50.5 -50.5 -50.5 -50.5 -50.5 -51.0 -51.0 -51.0 -50.0 -51.5 -53.0 -52.5 -52.0 -53.0 -53.5 -54.0 -54.5 -54.5 -54.0 
0.7424467013366504 0.7485826244881929 0.8099418560036186 0.803805932852076 0.859029241215959 0.8283496254582462 0.7792622402459057 0.7915340865489908 0.7363107781851077 0.6258641614573416 0.760854470791278 0.7485826244881929 0.7424467013366504 0.7976700097005334 0.7731263170943632 0.7547185476397354 0.7424467013366504 0.8222137023067037 1.2640001692177683 1.6014759425526093 1.3989904785517047 1.5462526341887264 1.607611865704152 1.6014759425526093 1.6505633277649499 1.7855536370988863 1.8837284075235674 1.859184714917397 1.8039614065535141 1.8100973297050567 1.9082721001297376 1.6873788666742053 1.6689710972195777 1.6566992509164924 1.88986433067511 1.8653206380689396 1.7119225592803755 1.2640001692177683 1.2087768608538851 1.1965050145508 1.1596894756415448 1.1044661672776617 1.2701360923693108 
-56.0 -56.0 -56.0 -56.0 -55.5 -56.0 -55.5 -55.0 -54.5 -54.5 -54.5 -54.0 -54.0 -54.0 -54.0 -54.0 -53.5 -53.0 -50.5 -48.5 -48.0 -48.5 -49.5 -49.5 -50.0 -49.0 -48.5 -48.5 -49.0 -49.0 -49.5 -50.5 -48.5 -47.5 -48.0 -50.0 -50.5 -53.5 -53.5 -53.0 -53.0 -52.5 -52.5 
1.9144080232812801 1.7978254834019713 1.7978254834019713 1.761009944492716 1.8653206380689396 1.6935147898257479 1.576932249946439 1.4971652489763858 1.4419419406125027 1.3989904785517047 1.3008157081270237 1.4296700943094176 1.227184630308513 1.3008157081270237 1.3130875544301088 1.368310862793992 1.325359400733194 1.3437671701878218 1.5892040962495242 2.0371264863121317 1.6996507129772904 1.8162332528565992 2.012582793705961 1.9819031779482483 1.9634954084936207 1.9205439464328227 2.030990563160589 2.0493983326152168 2.086213871524472 2.073942025221387 2.055534255766759 2.030990563160589 2.024854640009046 1.8223691760081417 2.110757564130642 2.1905245651006955 1.8100973297050567 1.5401167110371838 1.4848934026733007 1.6935147898257479 1.6566992509164924 1.5953400194010667 1.6873788666742053 
-63.0 -63.5 -62.5 -64.0 -63.0 -63.5 -62.5 -62.0 -61.5 -60.0 -60.0 -59.0 -59.5 -59.5 -59.0 -59.0 -59.5 -59.0 -54.5 -53.0 -52.5 -54.0 -53.0 -51.5 -52.0 -51.0 -51.5 -51.5 -51.5 -52.0 -52.5 -52.0 -53.5 -53.0 -52.0 -54.5 -56.0 -58.0 -57.0 -56.0 -58.0 -60.0 -60.5 
5.2339424482658075 5.135767677841127 5.056000676871073 4.957825906446392 4.252194744018997 5.062136600022616 3.816544200259475 3.8840393549264434 4.454680208019902 4.147884050442774 3.847223816017188 3.9515345095934116 3.9576704327449543 1.607611865704152 5.890486225480862 5.982525072754001 5.767767762450011 5.681864838328415 5.387340527054372 5.681864838328415 5.884350302329319 5.810719224510809 5.816855147662351 5.890486225480862 5.841398840268521 5.675728915176872 5.651185222570702 5.688000761479957 5.516194913236766 5.982525072754001 6.105243535784852 6.056156150572511 5.135767677841127 5.080544369477243 
-74.0 -74.0 -73.5 -70.5 -74.5 -73.0 -72.5 -71.5 -71.5 -71.0 -71.0 -71.5 -70.0 -72.5 -65.5 -62.0 -58.0 -61.0 -59.0 -63.0 -60.0 -58.0 -58.5 -59.0 -59.0 -60.0 -63.5 -59.5 -60.5 -56.0 -59.5 -61.5 -69.5 -69.0 
0.5154175447295755 0.760854470791278 0.9019807032767571 0.8160777791551611 0.7853981633974483 0.8958447801252144 0.6933593161243098 0.7424467013366504 0.6749515466696822 0.4724660826687775 0.3865631585471816 0.6872233929727672 6.068427996875596 0.6135923151542565 0.23930100291016002 6.14819499784565 5.473243451175968 5.6143696836614465 5.4671075280244255 6.264777537724958 6.062292073724054 5.7616318392984684 6.080699843178682 5.890486225480862 5.798447378207723 5.841398840268521 5.884350302329319 5.9518454569962875 6.1850105367549055 5.767767762450011 6.037748381117884 5.755495916146925 5.602097837358362 5.902758071783947 5.982525072754001 3.7429131224409646 
-65.5 -65.0 -64.0 -65.0 -65.0 -66.0 -65.0 -68.0 -67.5 -68.5 -69.0 -70.0 -70.5 -71.0 -71.5 -69.0 -62.5 -57.5 -58.0 -64.0 -59.0 -59.5 -61.0 -58.5 -59.0 -58.5 -59.0 -59.0 -60.0 -62.0 -60.5 -62.5 -59.0 -58.0 -64.5 -74.5 
