5.945709533844745 5.9088939949354895 6.105243535784852 6.1850105367549055 0.2270291566070749 0.3374757733348411 3.890175278077986 0.7547185476397354 3.043417883165112 5.485515297479052 5.681864838328415 3.0495538063166547 3.031146036862027 3.160000423044421 0.01227184630308513 6.000932842208628 2.521864415283994 5.688000761479957 2.650718801466388 0.5706408530934585 2.313243028131547 2.509592568980909 5.64504929941916 2.3623304133438876 5.460971604872882 2.1966604882522383 
-76.5 -76.0 -76.0 -76.5 -76.0 -75.5 -63.0 -64.0 -64.0 -72.0 -74.5 -68.0 -67.0 -66.5 -69.0 -70.0 -69.0 -66.5 -66.0 -66.0 -66.0 -64.0 -65.0 -64.5 -65.5 -65.0 
1.9266798695843652 1.9205439464328227 2.1659808724945253 2.1046216409791 2.116893487282185 2.2948352586769194 2.8409324191642074 2.043262409463674 4.9823695990525625 4.663301595172349 4.552854978444583 5.086680292628786 2.141437179888355 2.141437179888355 2.3009711818284617 2.086213871524472 2.1230294104337273 2.0064468705544187 2.386874105950058 2.423689644859313 2.399145952253143 2.386874105950058 2.2334760271614935 2.411417798556228 5.292233718205462 1.9144080232812801 1.859184714917397 1.4726215563702154 1.7978254834019713 1.7241944055834606 1.718058482431918 1.8837284075235674 1.9573594853420782 1.6751070203711202 1.7732817907958012 
-66.5 -66.5 -67.0 -70.0 -67.0 -68.0 -71.0 -72.5 -74.0 -73.0 -71.5 -73.5 -65.5 -63.5 -63.0 -61.5 -60.5 -59.0 -59.0 -59.0 -59.0 -59.5 -60.5 -61.0 -63.5 -62.0 -60.5 -60.5 -60.0 -60.0 -60.0 -60.5 -61.0 -61.0 -60.5 
0.619728238305799 0.6135923151542565 0.6381360077604268 0.6688156235181395 0.6994952392758523 0.6810874698212247 0.619728238305799 0.6872233929727672 0.705631162427395 0.7240389318820226 0.705631162427395 0.6994952392758523 0.6872233929727672 0.6933593161243098 0.6381360077604268 0.6872233929727672 0.9940195505498954 1.3989904785517047 1.184233168247715 0.9019807032767571 1.41126232485479 1.2640001692177683 1.1474176293384597 1.1106020904292042 1.1228739367322893 1.227184630308513 1.1596894756415448 1.1965050145508 1.1106020904292042 1.086058397823034 1.3560390164909069 1.205708899278114 1.1474176293384597 1.2885438618239387 1.4971652489763858 1.2210487071569704 0.9878836273983529 0.9633399347921826 0.9203884727313847 0.9019807032767571 0.9203884727313847 0.9142525495798421 
-51.5 -52.0 -51.5 -51.5 -52.0 -51.5 -52.0 -52.0 -52.0 -52.0 -52.0 -52.5 -52.5 -53.0 -53.0 -52.0 -50.0 -48.5 -49.0 -52.5 -55.0 -53.5 -53.5 -54.5 -56.0 -56.0 -56.0 -56.0 -55.5 -53.0 -53.0 -54.5 -52.0 -50.0 -50.5 -50.0 -49.5 -50.5 -51.0 -51.0 -51.0 -50.0 
1.184233168247715 1.2087768608538851 1.2087768608538851 1.214912784005428 1.1290098598838318 1.2578642460662257 1.1106020904292042 1.1535535524900022 1.1965050145508 1.2087768608538851 1.1658253987930873 1.2087768608538851 1.2087768608538851 1.1719613219446299 1.1903690913992575 1.1658253987930873 1.3069516312785663 1.4542137869155878 1.227184630308513 1.2455923997631406 1.4419419406125027 1.4910293258248433 1.4542137869155878 1.521708941582556 1.4480778637640452 1.423534171157875 1.3989904785517047 1.380582709097077 1.5033011721279284 1.4603497100671303 1.4848934026733007 1.5155730184310134 1.4787574795217582 1.564660403643354 1.3744467859455345 1.0737865515199487 0.8958447801252144 0.8406214717613314 0.8160777791551611 0.8897088569736719 0.8528933180644165 0.8774370106705868 
-54.0 -54.0 -54.0 -53.5 -54.0 -53.5 -53.5 -53.5 -53.5 -53.5 -53.5 -53.5 -53.5 -53.5 -53.5 -54.0 -52.0 -52.5 -50.0 -51.5 -52.0 -52.5 -52.5 -53.0 -52.0 -52.0 -52.0 -52.0 -52.5 -52.5 -52.5 -51.5 -53.5 -53.0 -54.5 -53.5 -53.5 -53.5 -54.0 -54.0 -54.0 -53.5 
1.086058397823034 1.0737865515199487 1.1106020904292042 1.0737865515199487 1.0246991663076084 1.055378782065321 0.9817477042468103 0.9265243958829272 0.9694758579437253 0.859029241215959 0.8835729338221293 0.6810874698212247 0.8774370106705868 0.705631162427395 0.7485826244881929 0.9019807032767571 1.239456476611598 1.6566992509164924 1.7241944055834606 1.8285050991596843 1.859184714917397 1.9757672547967058 2.1782527187976104 2.2396119503130363 2.086213871524472 2.2396119503130363 2.270291566070749 2.2764274892222915 2.2641556429192065 2.1905245651006955 2.024854640009046 1.9604274469178493 2.184388641949153 2.2089323345553233 2.0493983326152168 1.6996507129772904 1.4848934026733007 1.5155730184310134 1.4848934026733007 1.325359400733194 1.3989904785517047 1.368310862793992 
-53.5 -53.5 -54.0 -53.5 -53.5 -53.5 -53.5 -53.5 -53.5 -53.5 -53.5 -53.5 -54.0 -53.5 -53.5 -53.5 -51.5 -48.5 -48.0 -49.0 -49.5 -52.0 -53.0 -52.5 -52.0 -53.0 -53.0 -52.5 -52.5 -52.5 -52.0 -51.0 -49.0 -51.0 -51.5 -53.0 -53.5 -53.5 -54.0 -54.0 -53.5 -53.0 
1.7732817907958012 1.7855536370988863 1.7119225592803755 1.6198837120072371 1.6751070203711202 1.607611865704152 1.6812429435226628 1.576932249946439 1.5401167110371838 1.5462526341887264 1.5892040962495242 1.5033011721279284 1.5033011721279284 1.4910293258248433 1.3560390164909069 1.3437671701878218 1.7855536370988863 2.067806102069844 1.902136176978195 2.2886993355253766 2.2150682577068657 2.386874105950058 2.356194490192345 2.337786720737717 2.405281875404685 2.429825568010856 2.442097414313941 2.423689644859313 2.399145952253143 2.3930100291016 2.270291566070749 2.405281875404685 2.2580197197676637 2.3193789512830896 2.442097414313941 1.9941750242513334 1.7426021750380885 1.6996507129772904 1.7671458676442586 1.6935147898257479 1.6198837120072371 1.7303303287350031 
-62.0 -61.5 -62.0 -61.0 -60.5 -60.5 -60.0 -60.0 -59.0 -59.0 -58.5 -58.5 -58.0 -58.0 -58.5 -59.0 -54.5 -52.5 -53.5 -55.0 -52.5 -53.5 -53.5 -54.5 -54.5 -54.5 -55.0 -54.5 -55.0 -53.5 -53.5 -54.0 -53.5 -54.0 -57.0 -58.0 -57.0 -55.0 -56.0 -57.5 -57.0 -56.5 
4.411728745959104 4.620350133111551 4.700117134081604 4.411728745959104 4.0558452031696355 3.834951969714103 4.129476280988146 4.1601558967458585 4.1172044346850605 4.246058820867455 4.227651051412827 5.626641529964532 5.595961914206819 6.0991076126333095 6.000932842208628 5.8475347634200645 5.688000761479957 5.71868037723767 6.105243535784852 6.17273869045182 6.086835766330224 6.22182607566416 0.17794177139473438 6.050020227420969 6.0991076126333095 6.2034183062095325 5.767767762450011 5.724816300389213 6.111379458936394 0.07976700097005335 6.22182607566416 4.565126824747668 4.417864669110647 
-71.0 -72.0 -72.0 -71.0 -72.0 -70.0 -71.5 -71.5 -69.0 -72.5 -73.0 -69.5 -66.5 -58.0 -57.5 -60.5 -61.5 -66.0 -62.0 -61.5 -62.5 -63.5 -64.0 -63.5 -61.0 -60.0 -63.0 -62.0 -58.0 -58.5 -62.0 -70.0 -65.5 
1.3130875544301088 1.055378782065321 0.9572040116406401 0.9940195505498954 1.0185632431560658 0.9081166264282996 0.9572040116406401 0.5338253141842031 0.6135923151542565 3.7122335066832517 3.3379421944391554 0.4908738521234052 5.988660995905543 5.737088146692298 5.773903685601553 0.006135923151542565 5.743224069843841 0.3988350048502667 0.21475731030398976 0.06135923151542565 6.129787228391022 6.2463697682703305 6.209554229361076 6.0991076126333095 6.22182607566416 0.09203884727313846 6.059224112148283 5.902758071783947 5.890486225480862 6.19728238305799 2.2150682577068657 1.4848934026733007 
-66.5 -68.0 -68.0 -69.5 -68.0 -70.0 -71.5 -71.5 -67.5 -72.0 -71.5 -70.0 -66.5 -58.0 -61.0 -62.0 -59.5 -65.0 -64.0 -63.0 -62.5 -63.0 -62.0 -62.0 -62.0 -63.5 -60.5 -64.0 -58.5 -63.5 -76.0 -73.0 
