2.5709518004963345 2.6875343403756435 2.736621725587984 2.6323110320117604 2.6200391857086753 2.730485802436441 2.724349879284899 2.748893571891069 5.9518454569962875 2.7857091108003242 2.7550294950426117 2.705942109830271 2.4850488763747385 2.6813984172241008 2.693670263527186 2.7120780329818137 2.8532042654672924 2.724349879284899 3.0495538063166547 3.08636934522591 3.172272269347506 2.9206994201342606 2.9636508821950587 3.1784081924990484 4.000621894805752 3.031146036862027 0.018407769454627694 2.564815877344792 2.6016314162540475 2.693670263527186 2.5586799541932495 2.5402721847386216 2.5586799541932495 2.779573187648782 2.9697868053466014 2.6875343403756435 2.6016314162540475 2.6998061866787286 2.767301341345697 2.2641556429192065 2.650718801466388 
-61.5 -62.0 -62.0 -62.0 -62.0 -62.5 -61.5 -62.0 -63.0 -62.5 -63.0 -63.0 -63.0 -62.5 -62.5 -63.5 -62.0 -63.0 -64.5 -64.0 -60.0 -60.0 -60.5 -63.0 -64.0 -63.5 -65.5 -64.5 -60.5 -61.5 -63.0 -62.0 -64.5 -68.5 -69.0 -67.5 -66.5 -68.0 -67.5 -68.0 -66.0 
2.2150682577068657 2.325514874434632 2.141437179888355 2.1537090261914402 2.086213871524472 2.12916533358527 1.932815792735908 2.2457478734645786 2.141437179888355 2.0923497946760143 2.0923497946760143 2.3439226438892597 2.1905245651006955 2.2518837966161214 2.227340104009951 2.2641556429192065 2.2150682577068657 2.3071071049800045 2.448233337465483 2.6691265709210157 2.675262494072558 0.37429131224409645 3.215223731408304 2.804116880254952 2.466641106920111 2.172116795646068 2.4850488763747385 2.399145952253143 2.3746022596469727 2.509592568980909 2.6875343403756435 2.9759227284981438 0.07363107781851078 3.129320807286708 3.4054373491061236 3.448388811166921 3.2520392703175593 3.3502140407422405 3.104777114680538 2.7979809571034093 2.662990647769473 2.724349879284899 2.718213956133356 2.693670263527186 2.761165418194154 2.761165418194154 
-63.0 -63.5 -64.0 -63.0 -63.5 -62.5 -63.5 -63.0 -63.5 -63.0 -64.0 -64.0 -63.5 -63.0 -63.5 -64.0 -63.0 -64.5 -63.5 -64.0 -64.5 -63.5 -60.5 -61.5 -63.0 -62.5 -63.0 -63.0 -60.5 -61.5 -60.0 -61.0 -63.5 -61.5 -64.0 -64.5 -64.5 -63.0 -63.0 -63.5 -64.0 -64.5 -64.5 -64.5 -64.5 -64.5 
0.6320000846088841 0.6320000846088841 0.6258641614573416 0.5890486225480862 0.5890486225480862 0.5890486225480862 0.6013204688511713 0.5829126993965437 0.5767767762450011 0.5645049299419159 0.5767767762450011 0.5767767762450011 0.5338253141842031 0.5092816215780329 0.5338253141842031 0.5092816215780329 0.5154175447295755 0.48473792897186263 0.4970097752749477 0.5583690067903734 0.760854470791278 0.7669903939428205 1.0492428589137786 0.9387962421860124 0.760854470791278 0.760854470791278 0.6135923151542565 0.6013204688511713 0.6442719309119693 0.6810874698212247 0.6258641614573416 0.6442719309119693 0.7731263170943632 0.8651651643675016 0.9633399347921826 0.9326603190344698 0.7792622402459057 0.6442719309119693 0.607456392002714 0.5829126993965437 0.4724660826687775 0.37429131224409645 0.35588354278946877 0.3988350048502667 0.2638446955163303 0.23930100291016002 0.28225246497095796 0.3374757733348411 
-49.5 -49.5 -49.5 -49.5 -49.5 -49.5 -49.5 -50.0 -49.5 -50.0 -50.0 -50.0 -49.5 -50.0 -50.0 -50.0 -50.0 -50.5 -50.0 -51.0 -51.0 -52.0 -52.5 -50.0 -51.0 -52.0 -52.0 -52.0 -52.0 -52.0 -52.0 -52.0 -51.0 -51.0 -51.5 -52.5 -53.0 -52.5 -51.5 -52.0 -53.0 -53.5 -54.0 -54.0 -53.5 -53.5 -53.5 -53.5 
0.7792622402459057 0.7669903939428205 0.7179030087304801 0.7731263170943632 0.7547185476397354 0.7669903939428205 0.7179030087304801 0.7547185476397354 0.705631162427395 0.705631162427395 0.6504078540635119 0.6749515466696822 0.6504078540635119 0.6994952392758523 0.6258641614573416 0.7179030087304801 0.705631162427395 0.7117670855789375 0.7669903939428205 0.8406214717613314 1.0185632431560658 1.282407938672396 1.2026409377023426 0.9572040116406401 0.9326603190344698 1.0185632431560658 1.0185632431560658 0.944932165337555 0.9387962421860124 0.9387962421860124 1.012427320004523 1.0983302441261191 1.055378782065321 1.0676506283684062 0.9878836273983529 1.1044661672776617 1.184233168247715 1.2517283229146832 1.282407938672396 1.2578642460662257 1.1780972450961724 1.030835089459151 1.1167380135807468 1.0799224746714913 0.9694758579437253 0.9694758579437253 1.000155473701438 1.012427320004523 
-52.0 -52.5 -52.0 -52.5 -52.0 -52.5 -52.0 -52.5 -52.5 -52.5 -52.5 -52.5 -52.5 -52.5 -53.0 -52.5 -53.0 -53.0 -53.5 -53.0 -52.5 -52.0 -50.0 -49.5 -51.5 -51.5 -51.0 -51.0 -51.5 -51.5 -50.5 -50.5 -51.0 -51.0 -51.0 -49.5 -50.5 -50.5 -50.5 -50.5 -52.5 -53.5 -54.0 -54.0 -55.0 -54.5 -54.5 -54.5 
1.2333205534600555 1.184233168247715 1.1658253987930873 1.1719613219446299 1.1474176293384597 1.043106935762236 1.1290098598838318 1.1106020904292042 1.0921943209745766 1.1044661672776617 0.9510680884890975 1.1167380135807468 1.0737865515199487 1.0921943209745766 1.0921943209745766 1.1596894756415448 1.1106020904292042 1.1351457830353744 1.2578642460662257 1.5033011721279284 1.5953400194010667 1.509437095279471 1.3867186322486196 1.1596894756415448 1.2210487071569704 1.1719613219446299 1.141281706186917 1.2087768608538851 1.1903690913992575 1.2333205534600555 1.282407938672396 1.2578642460662257 1.3008157081270237 1.214912784005428 1.3130875544301088 1.3192234775816514 1.4480778637640452 1.552388557340269 1.552388557340269 1.5707963267948966 1.607611865704152 1.5585244804918115 1.5830681730979816 1.5401167110371838 1.3867186322486196 1.380582709097077 1.4603497100671303 1.4603497100671303 
-54.0 -54.0 -54.0 -54.0 -54.0 -54.0 -54.0 -54.0 -54.5 -54.0 -54.0 -54.0 -54.5 -54.5 -54.5 -54.5 -54.5 -54.5 -55.0 -54.5 -51.5 -51.0 -49.0 -50.0 -50.5 -51.5 -51.5 -51.5 -51.0 -51.5 -51.5 -51.5 -52.0 -51.0 -50.5 -50.0 -49.5 -50.0 -50.5 -51.5 -53.0 -54.0 -55.0 -55.5 -55.0 -55.0 -55.0 -55.5 
1.4910293258248433 1.509437095279471 1.4726215563702154 1.4971652489763858 1.576932249946439 1.4726215563702154 1.533980787885641 1.4971652489763858 1.521708941582556 1.5033011721279284 1.4971652489763858 1.4848934026733007 1.4480778637640452 1.3314953238847365 1.5155730184310134 1.4296700943094176 1.5278448647340985 1.5462526341887264 1.552388557340269 1.6812429435226628 1.8714565612204823 1.846912868614312 1.4971652489763858 1.8039614065535141 1.8285050991596843 1.6996507129772904 1.8407769454627694 1.859184714917397 1.533980787885641 1.8407769454627694 1.9144080232812801 1.7548740213411735 1.8653206380689396 1.9082721001297376 1.9542915237663068 1.8775924843720249 1.7241944055834606 1.7978254834019713 1.9266798695843652 1.9634954084936207 2.024854640009046 2.067806102069844 2.086213871524472 1.9819031779482483 1.945087639038993 2.055534255766759 2.000310947402876 1.9634954084936207 
-56.0 -56.0 -56.0 -56.0 -55.5 -55.5 -55.5 -56.0 -56.0 -56.0 -56.0 -56.0 -56.5 -56.5 -56.5 -57.0 -56.5 -57.5 -58.0 -57.0 -54.0 -51.5 -54.0 -55.5 -54.0 -55.5 -56.0 -54.5 -54.0 -53.5 -54.0 -55.5 -54.5 -53.5 -54.5 -54.5 -53.5 -51.5 -51.0 -52.5 -55.5 -58.0 -58.5 -59.0 -59.5 -59.5 -59.5 -59.0 
5.258486140871978 5.197126909356553 5.184855063053467 5.086680292628786 5.098952138931871 5.190990986205009 5.148039524144211 5.123495831538041 5.135767677841127 5.227806525114265 5.141903600992669 5.129631754689584 5.166447293598839 5.098952138931871 5.227806525114265 5.252350217720435 5.252350217720435 5.178719139901925 5.240078371417351 5.460971604872882 5.497787143782138 5.47937937432751 4.865787059173254 5.166447293598839 5.037592907416445 4.540583132141498 5.240078371417351 5.491651220630596 5.307573526084319 5.117359908386499 4.908738521234052 4.878058905476339 4.988505522204105 4.92714629068868 5.114291946810727 4.865787059173254 4.95168998329485 5.160311370447297 5.375068680751287 5.491651220630596 5.460971604872882 5.5284667595398505 5.497787143782138 5.460971604872882 5.381204603902829 5.43029198911517 5.325981295538946 5.436427912266712 
-62.0 -62.5 -62.0 -62.5 -62.0 -62.0 -63.0 -63.0 -63.0 -62.5 -62.0 -62.5 -63.0 -63.0 -63.0 -62.0 -62.5 -62.5 -62.5 -61.5 -60.5 -59.0 -58.5 -59.0 -58.0 -59.0 -62.0 -62.0 -60.0 -60.5 -61.5 -61.0 -59.5 -58.5 -58.0 -58.5 -57.5 -57.5 -58.5 -58.5 -58.5 -59.0 -59.0 -58.5 -59.5 -59.5 -59.0 -59.0 
2.3193789512830896 2.466641106920111 2.662990647769473 2.8102528034064944 5.945709533844745 6.019340611663256 3.067961575771282 5.976389149602458 6.025476534814799 5.767767762450011 5.798447378207723 6.215690152512618 2.724349879284899 6.092971689481767 6.258641614573416 6.071495958451368 2.552544031041707 5.460971604872882 5.332117218690489 5.442563835418255 5.651185222570702 0.3190680038802134 0.6872233929727672 0.6442719309119693 3.9269908169872414 0.8222137023067037 0.7301748550335652 0.4908738521234052 0.9019807032767571 
-75.0 -75.0 -75.0 -75.5 -76.5 -77.0 -77.5 -68.5 -63.0 -61.5 -70.0 -61.0 -64.0 -63.0 -63.0 -68.5 -67.5 -65.5 -63.5 -62.0 -64.5 -67.5 -67.5 -67.5 -68.5 -67.5 -67.0 -67.5 -67.5 
