2.748893571891069 2.6998061866787286 5.93343768754166 2.5893595699509624 2.5402721847386216 2.9391071895888885 5.915029918087033 2.662990647769473 2.60776733940559 2.6445828783148455 5.9088939949354895 2.718213956133356 2.7979809571034093 6.154330920997192 3.098641191528995 3.06182565261974 2.8654761117703775 2.9820586516496865 2.8102528034064944 3.031146036862027 0.1227184630308513 3.2888548092268146 0.1932815792735908 3.4054373491061236 2.650718801466388 2.5157284921324514 2.705942109830271 2.748893571891069 2.84706834231575 0.0859029241215959 6.277049384028044 2.9697868053466014 6.166602767300278 6.0991076126333095 2.9206994201342606 2.5770877236478773 5.884350302329319 
-64.0 -65.0 -65.5 -64.5 -65.0 -64.5 -66.0 -64.0 -64.5 -65.5 -66.0 -65.5 -64.5 -67.5 -66.0 -62.5 -61.5 -62.0 -61.5 -65.0 -65.0 -64.5 -66.5 -66.0 -63.0 -61.0 -59.5 -62.0 -63.5 -69.5 -70.5 -69.0 -70.0 -69.0 -68.0 -65.5 -66.0 
5.546874528994478 2.1353012567368124 1.9757672547967058 2.3009711818284617 1.8714565612204823 2.2150682577068657 2.2027964114037806 2.2027964114037806 2.1475731030398975 2.1659808724945253 2.1659808724945253 2.116893487282185 2.0800779483729293 2.1782527187976104 1.846912868614312 2.442097414313941 1.932815792735908 2.718213956133356 2.9084275738311756 2.6813984172241008 6.264777537724958 0.16566992509164924 6.209554229361076 2.5034566458293663 2.325514874434632 2.1598449493429825 1.6873788666742053 2.2641556429192065 2.4605051837685683 5.985593034329772 3.141592653589793 3.08636934522591 3.104777114680538 3.411573272257666 3.399301425954581 3.380893656499953 3.313398501832985 2.6323110320117604 2.7120780329818137 2.2764274892222915 2.564815877344792 2.5341362615870793 2.478912953223196 2.399145952253143 2.4605051837685683 5.6143696836614465 
-65.5 -64.0 -63.5 -65.5 -63.5 -65.5 -66.0 -65.5 -64.0 -64.5 -64.5 -65.5 -63.5 -65.0 -64.0 -65.0 -64.5 -65.5 -65.0 -65.5 -67.0 -63.5 -62.0 -62.0 -62.5 -63.5 -63.0 -63.0 -63.5 -62.5 -61.0 -61.5 -62.0 -64.0 -67.0 -65.5 -64.0 -65.0 -64.0 -65.0 -65.0 -65.5 -66.0 -64.5 -64.0 -66.0 
0.4724660826687775 0.44178646691106466 0.4479223900626072 0.45712627478992107 0.4479223900626072 0.47860200582032003 0.5031456984264903 0.4632621979414636 0.47860200582032003 0.4908738521234052 0.44178646691106466 0.4540583132141498 0.4663301595172349 0.4724660826687775 0.4295146206079795 0.4172427743048944 0.39269908169872414 0.5890486225480862 0.6565437772150544 0.705631162427395 0.6810874698212247 0.9203884727313847 0.8835729338221293 0.7117670855789375 0.6504078540635119 0.662679700366597 0.6381360077604268 0.7179030087304801 0.6258641614573416 0.7485826244881929 0.6688156235181395 0.782330201821677 0.944932165337555 1.0799224746714913 1.000155473701438 0.7363107781851077 0.6320000846088841 0.705631162427395 0.619728238305799 0.4356505437595221 0.46019423636569234 0.4111068511533518 0.4111068511533518 0.37429131224409645 0.380427235395639 0.46019423636569234 0.4540583132141498 0.47860200582032003 
-51.0 -51.0 -51.0 -51.5 -51.0 -50.5 -51.0 -51.5 -51.0 -51.0 -51.0 -51.0 -51.0 -51.0 -51.5 -51.5 -51.5 -51.5 -51.0 -51.5 -53.0 -52.5 -51.5 -51.0 -51.0 -51.5 -52.0 -51.5 -51.5 -52.0 -52.5 -51.5 -51.0 -51.5 -52.5 -52.5 -52.0 -50.5 -51.0 -52.0 -52.0 -52.5 -52.0 -52.0 -52.0 -51.5 -51.0 -51.0 
0.7485826244881929 0.7240389318820226 0.662679700366597 0.7424467013366504 0.7240389318820226 0.7731263170943632 0.7301748550335652 0.7547185476397354 0.7117670855789375 0.7363107781851077 0.7117670855789375 0.7669903939428205 0.7976700097005334 0.7485826244881929 0.7547185476397354 0.7792622402459057 0.7976700097005334 0.8099418560036186 0.9694758579437253 1.055378782065321 1.1596894756415448 1.2026409377023426 1.2026409377023426 0.9633399347921826 0.8344855486097889 0.9326603190344698 0.9817477042468103 0.9694758579437253 0.9387962421860124 0.9265243958829272 1.0369710126106935 1.0676506283684062 1.1136700520049756 1.1290098598838318 1.0062913968529805 1.1474176293384597 1.2210487071569704 1.1658253987930873 1.282407938672396 1.2762720155208536 1.1351457830353744 1.1044661672776617 1.0369710126106935 1.0615147052168636 0.9510680884890975 0.9633399347921826 0.944932165337555 0.9326603190344698 0.9019807032767571 
-54.0 -54.0 -54.0 -54.0 -54.0 -54.0 -54.0 -54.0 -54.0 -54.0 -54.0 -53.5 -54.0 -54.0 -54.0 -54.5 -54.0 -54.5 -53.0 -52.5 -52.0 -51.0 -51.0 -50.0 -51.0 -52.0 -51.5 -51.0 -51.5 -51.5 -51.0 -50.5 -51.5 -51.0 -50.0 -49.5 -51.0 -50.5 -51.0 -51.5 -53.0 -53.5 -53.5 -53.5 -53.5 -54.0 -53.5 -53.5 -53.0 
1.1780972450961724 1.1780972450961724 1.184233168247715 1.0062913968529805 1.193437052975029 1.1780972450961724 1.1719613219446299 1.0983302441261191 1.1965050145508 1.214912784005428 1.214912784005428 1.214912784005428 1.1965050145508 1.227184630308513 1.1290098598838318 1.1290098598838318 1.1965050145508 1.4051264017032472 1.552388557340269 1.576932249946439 1.5278448647340985 1.4542137869155878 1.2885438618239387 1.1167380135807468 1.055378782065321 1.1351457830353744 1.1167380135807468 1.1658253987930873 1.239456476611598 1.2210487071569704 1.227184630308513 1.282407938672396 1.3928545554001621 1.41126232485479 1.3314953238847365 1.3989904785517047 1.4542137869155878 1.509437095279471 1.5278448647340985 1.5401167110371838 1.521708941582556 1.4787574795217582 1.4480778637640452 1.2885438618239387 1.239456476611598 1.2640001692177683 1.3192234775816514 1.2701360923693108 1.2578642460662257 
-55.5 -55.5 -55.0 -55.0 -56.0 -55.5 -55.5 -55.5 -56.0 -55.0 -55.5 -55.0 -55.5 -55.0 -55.5 -55.5 -55.0 -55.0 -54.0 -52.5 -51.5 -51.0 -49.0 -49.5 -50.5 -50.0 -51.5 -51.0 -51.0 -51.0 -51.0 -51.0 -52.0 -51.0 -49.5 -50.0 -49.5 -50.0 -50.5 -51.5 -53.5 -54.0 -55.0 -55.5 -55.0 -55.0 -54.5 -54.5 -54.5 
1.552388557340269 1.6014759425526093 1.533980787885641 1.533980787885641 1.564660403643354 1.5155730184310134 1.4971652489763858 1.533980787885641 1.573864288370668 1.4848934026733007 1.4296700943094176 1.533980787885641 1.5278448647340985 1.5401167110371838 1.552388557340269 1.5585244804918115 1.5707963267948966 1.6812429435226628 1.8407769454627694 1.8346410223112268 1.8162332528565992 1.6689710972195777 1.4848934026733007 1.6014759425526093 1.7732817907958012 1.6996507129772904 1.705786636128833 1.662835174068035 1.7978254834019713 1.8775924843720249 1.5953400194010667 1.761009944492716 5.059068638446845 1.859184714917397 1.9205439464328227 1.859184714917397 1.662835174068035 1.718058482431918 1.945087639038993 1.9634954084936207 2.0064468705544187 2.0493983326152168 1.8407769454627694 1.8285050991596843 1.5953400194010667 1.7732817907958012 1.6873788666742053 1.6444274046134073 1.7119225592803755 
-58.0 -58.0 -57.5 -58.0 -58.0 -58.0 -58.0 -57.0 -57.5 -57.5 -57.5 -57.5 -57.5 -57.5 -57.5 -58.0 -57.5 -58.0 -56.0 -53.5 -52.0 -51.5 -54.0 -56.0 -54.5 -55.0 -56.5 -56.5 -54.0 -54.0 -53.5 -54.0 -55.5 -54.0 -54.0 -54.5 -53.0 -51.5 -51.0 -53.0 -57.0 -58.0 -58.5 -58.5 -58.5 -58.5 -57.5 -57.5 -57.5 
5.638913376267617 5.491651220630596 5.45483568172134 5.405748296509 5.332117218690489 5.307573526084319 5.387340527054372 5.356660911296659 5.304505564508547 5.522330836388308 5.522330836388308 5.706408530934585 5.424156065963627 5.436427912266712 5.5100589900852235 5.45483568172134 5.43029198911517 5.393476450205914 5.350524988145116 5.522330836388308 5.50392306693368 5.289165756629691 4.749204519293945 4.95168998329485 4.822835597112456 5.006913291658733 4.503767593232243 4.620350133111551 5.074408446325701 5.252350217720435 5.270757987175063 5.2768939103266055 4.819767635536684 4.970097752749477 5.141903600992669 5.148039524144211 4.921010367537137 5.178719139901925 5.436427912266712 5.50392306693368 5.5714182216006485 5.583690067903734 5.651185222570702 5.626641529964532 5.5714182216006485 5.602097837358362 5.497787143782138 5.681864838328415 5.485515297479052 
-60.0 -61.5 -61.5 -62.0 -62.0 -60.5 -61.5 -61.0 -62.5 -61.5 -61.5 -61.5 -61.5 -61.5 -61.5 -61.5 -62.0 -61.0 -61.5 -61.0 -58.5 -58.5 -58.5 -60.0 -59.0 -59.0 -58.5 -61.5 -60.5 -60.5 -60.5 -61.5 -59.5 -57.5 -57.0 -57.5 -57.5 -57.5 -58.0 -58.5 -59.0 -59.5 -59.0 -59.0 -60.0 -60.0 -60.0 -60.0 -61.0 
0.30679615757712825 0.20248546400090464 0.15339807878856412 3.4606606574700063 0.32520392703175593 0.3129320807286708 6.080699843178682 5.816855147662351 5.66959299202533 5.6941366846315 5.780039608753096 5.602097837358362 5.970253226450915 6.1850105367549055 6.252505691421874 5.994796919057086 5.902758071783947 2.791845033951867 6.025476534814799 0.01227184630308513 2.6139032625571326 5.737088146692298 5.375068680751287 5.491651220630596 5.743224069843841 0.3190680038802134 0.7424467013366504 3.497476196379262 0.04908738521234052 
-74.5 -74.5 -75.5 -75.0 -75.5 -74.0 -64.0 -61.0 -60.0 -67.0 -65.5 -65.5 -66.5 -64.5 -62.5 -64.0 -63.0 -64.5 -63.0 -66.5 -66.5 -65.0 -63.5 -61.5 -63.0 -66.0 -68.5 -72.5 -75.5 
