2.779573187648782 2.767301341345697 6.007068765360171 2.7857091108003242 2.730485802436441 2.7857091108003242 2.718213956133356 2.804116880254952 2.767301341345697 2.779573187648782 2.8716120349219203 2.675262494072558 2.84706834231575 2.779573187648782 2.6568547246179306 2.779573187648782 2.761165418194154 0.018407769454627694 3.06182565261974 2.8286605728611223 2.7857091108003242 2.773437264497239 0.06135923151542565 3.3011266555298997 3.0250101137104846 0.1043106935762236 3.160000423044421 3.0802334220743677 3.2581751934691017 3.2520392703175593 3.2949907323783574 6.068427996875596 2.521864415283994 2.7120780329818137 2.7120780329818137 2.8961557275280905 3.000466421104314 6.166602767300278 6.000932842208628 2.9513790358919736 6.062292073724054 2.5464081078901644 
-66.0 -65.0 -66.5 -65.5 -66.5 -66.0 -64.5 -66.0 -66.0 -65.0 -65.5 -65.5 -65.5 -65.0 -65.5 -66.0 -66.0 -64.5 -61.5 -61.0 -62.0 -61.5 -66.0 -65.5 -62.0 -64.5 -65.0 -63.5 -62.5 -66.5 -65.5 -68.5 -63.0 -61.0 -61.0 -62.0 -64.5 -70.5 -68.5 -67.0 -67.0 -63.0 
2.4175537217077703 2.3746022596469727 2.2948352586769194 2.2334760271614935 2.350058567040802 2.2764274892222915 2.2764274892222915 2.2396119503130363 2.3009711818284617 2.067806102069844 2.055534255766759 2.3193789512830896 2.454369260617026 2.2580197197676637 2.098485717827557 2.356194490192345 2.227340104009951 2.675262494072558 2.5893595699509624 2.8102528034064944 2.705942109830271 3.184544115650591 2.8961557275280905 2.552544031041707 2.454369260617026 2.3439226438892597 2.6323110320117604 2.5034566458293663 2.1230294104337273 2.834796496012665 3.32567034813607 3.0372819600135696 3.2397674240144743 3.3195344249845276 2.7979809571034093 2.8716120349219203 2.325514874434632 2.380738182798515 2.000310947402876 5.356660911296659 2.086213871524472 2.325514874434632 2.086213871524472 2.1475731030398975 
-64.5 -64.0 -65.5 -64.5 -64.0 -64.0 -64.5 -64.0 -63.5 -64.0 -65.5 -64.0 -64.5 -65.0 -64.5 -64.0 -63.5 -64.5 -62.5 -65.0 -63.5 -64.0 -61.0 -61.5 -62.5 -63.5 -62.5 -62.5 -62.0 -60.0 -62.5 -63.0 -64.0 -66.0 -67.0 -65.0 -64.5 -65.5 -65.0 -66.0 -64.5 -65.5 -63.0 -64.0 
0.36815538909255385 0.39269908169872414 0.4479223900626072 0.46019423636569234 0.3988350048502667 0.4049709280018093 0.46019423636569234 0.3988350048502667 0.4724660826687775 0.4724660826687775 0.47860200582032003 0.4724660826687775 0.42337869745643697 0.3988350048502667 0.3988350048502667 0.3865631585471816 0.35588354278946877 0.46019423636569234 0.5338253141842031 0.6810874698212247 0.607456392002714 0.6994952392758523 0.9387962421860124 0.7853981633974483 0.6872233929727672 0.6504078540635119 0.6013204688511713 0.6258641614573416 0.5890486225480862 0.619728238305799 0.6504078540635119 0.7731263170943632 0.9265243958829272 0.9940195505498954 0.8160777791551611 0.6320000846088841 0.6872233929727672 0.6504078540635119 0.521553467881118 0.42337869745643697 0.4172427743048944 0.4724660826687775 0.5399612373357456 0.5154175447295755 0.5399612373357456 0.5276893910326605 
-51.5 -51.0 -51.0 -51.0 -51.0 -51.0 -50.5 -50.5 -51.0 -51.0 -50.5 -51.0 -51.0 -51.0 -51.0 -51.0 -51.0 -51.5 -51.0 -51.0 -51.0 -52.5 -52.0 -51.0 -51.5 -51.5 -51.5 -52.0 -52.0 -52.0 -51.0 -51.0 -50.5 -51.5 -52.5 -52.0 -50.5 -51.0 -51.0 -51.5 -51.0 -50.5 -50.0 -50.0 -50.0 -50.0 
0.8344855486097889 0.8344855486097889 0.760854470791278 0.7976700097005334 0.7915340865489908 0.8283496254582462 0.7915340865489908 0.8099418560036186 0.7976700097005334 0.803805932852076 0.7853981633974483 0.7547185476397354 0.7731263170943632 0.7547185476397354 0.7669903939428205 0.7915340865489908 0.7853981633974483 0.8528933180644165 0.9326603190344698 1.086058397823034 1.2026409377023426 1.1965050145508 1.1596894756415448 0.8835729338221293 0.8958447801252144 1.0369710126106935 1.0062913968529805 0.9265243958829272 1.000155473701438 1.012427320004523 1.043106935762236 1.0492428589137786 0.9817477042468103 0.9756117810952678 1.1351457830353744 1.2087768608538851 1.2578642460662257 1.1351457830353744 1.000155473701438 0.8897088569736719 0.9019807032767571 0.8283496254582462 0.8283496254582462 0.6504078540635119 0.8651651643675016 0.7915340865489908 
-54.5 -54.5 -54.5 -54.0 -54.5 -54.5 -54.0 -54.0 -54.0 -54.0 -54.0 -54.0 -54.5 -54.5 -54.5 -54.5 -54.5 -54.5 -53.5 -52.5 -51.5 -51.0 -50.0 -50.5 -51.5 -51.0 -51.0 -51.0 -51.0 -50.5 -51.0 -51.0 -51.0 -50.0 -50.5 -51.0 -51.5 -52.0 -53.0 -54.0 -53.5 -53.5 -53.5 -53.0 -53.0 -53.0 
1.1719613219446299 1.1106020904292042 1.1719613219446299 1.1290098598838318 1.1474176293384597 1.1903690913992575 1.1228739367322893 1.1167380135807468 1.086058397823034 1.1106020904292042 1.086058397823034 1.0737865515199487 1.0921943209745766 1.1290098598838318 1.1167380135807468 1.1167380135807468 1.1351457830353744 1.2946797849754812 1.4848934026733007 1.5155730184310134 1.521708941582556 1.3989904785517047 1.1658253987930873 1.0737865515199487 1.1535535524900022 1.1903690913992575 1.1719613219446299 1.1596894756415448 1.1965050145508 1.239456476611598 1.2701360923693108 1.2762720155208536 1.184233168247715 1.2087768608538851 1.3069516312785663 1.4664856332186729 1.4542137869155878 1.5401167110371838 1.4971652489763858 1.2210487071569704 1.2640001692177683 1.055378782065321 1.0676506283684062 1.043106935762236 1.1044661672776617 1.1474176293384597 
-56.0 -56.0 -56.0 -56.0 -56.0 -56.0 -56.0 -55.5 -56.0 -56.0 -56.0 -56.0 -56.0 -56.0 -56.0 -56.0 -55.5 -55.5 -54.0 -52.0 -51.5 -49.5 -49.5 -50.0 -51.0 -51.5 -51.0 -51.5 -50.5 -51.0 -51.5 -51.0 -50.0 -50.0 -49.5 -50.0 -50.5 -51.5 -53.5 -55.0 -55.0 -54.5 -54.5 -54.5 -54.5 -54.5 
1.4971652489763858 1.5953400194010667 1.5585244804918115 1.5707963267948966 1.5585244804918115 1.5462526341887264 1.5155730184310134 1.5585244804918115 1.3867186322486196 1.5462526341887264 1.521708941582556 1.5953400194010667 1.5155730184310134 1.576932249946439 1.533980787885641 1.4848934026733007 1.564660403643354 1.533980787885641 1.6812429435226628 1.7855536370988863 1.88986433067511 1.8653206380689396 1.5830681730979816 1.5278448647340985 1.9573594853420782 1.7426021750380885 1.748738098189631 2.012582793705961 1.9634954084936207 1.5462526341887264 1.9573594853420782 1.9266798695843652 1.7978254834019713 1.8285050991596843 1.8714565612204823 1.8407769454627694 1.7426021750380885 1.8960002538266525 1.88986433067511 1.7916895602504288 1.6996507129772904 1.6137477888556946 1.3130875544301088 1.4848934026733007 1.4848934026733007 1.533980787885641 1.4787574795217582 
-59.0 -59.5 -59.0 -59.0 -59.0 -59.0 -59.0 -59.0 -58.5 -59.0 -59.0 -58.5 -58.5 -58.5 -59.0 -59.0 -59.5 -59.0 -59.0 -57.0 -53.5 -52.5 -53.0 -56.5 -54.5 -54.5 -56.5 -55.5 -54.5 -54.0 -55.0 -56.0 -55.0 -55.0 -55.0 -55.5 -52.0 -51.5 -53.5 -56.5 -58.5 -57.5 -57.0 -56.5 -56.5 -56.5 -56.5 
5.565282298449106 5.546874528994478 5.497787143782138 5.632777453116074 5.4671075280244255 5.497787143782138 5.4671075280244255 5.497787143782138 5.6573211457222445 5.651185222570702 5.553010452146021 5.47937937432751 5.485515297479052 5.5100589900852235 5.577554144752192 5.473243451175968 5.411884219660542 5.583690067903734 5.5714182216006485 5.534602682691394 5.559146375297564 4.988505522204105 4.638757902566179 4.9823695990525625 4.779884135051658 5.006913291658733 4.8351074434155406 5.190990986205009 5.117359908386499 4.693981210930062 4.755340442445488 4.71238898038469 4.871922982324796 5.178719139901925 4.558990901596125 4.957825906446392 5.399612373357457 5.442563835418255 5.589825991055276 5.4671075280244255 5.565282298449106 5.221670601962723 5.338253141842031 5.240078371417351 5.2339424482658075 5.460971604872882 
-61.5 -61.0 -61.0 -60.5 -61.0 -61.0 -61.5 -61.5 -61.5 -61.0 -62.0 -61.5 -61.5 -61.5 -61.5 -61.5 -61.5 -61.0 -60.5 -60.0 -58.5 -57.5 -59.0 -58.0 -58.0 -61.0 -62.0 -62.0 -61.5 -62.0 -60.0 -59.0 -57.5 -58.0 -58.5 -57.0 -58.0 -59.5 -60.5 -60.5 -62.0 -61.0 -61.0 -62.5 -61.5 -61.0 
4.289010282928253 4.3074180523828804 4.454680208019902 4.595806440505381 4.479223900626073 4.651029748869264 4.454680208019902 4.289010282928253 4.0558452031696355 5.651185222570702 5.773903685601553 5.6941366846315 5.872078456026235 5.798447378207723 6.031612457966341 6.000932842208628 5.945709533844745 5.559146375297564 6.074563920027139 6.043884304269426 6.234097921967246 2.6813984172241008 2.675262494072558 5.939573610693203 2.2150682577068657 5.43029198911517 5.6941366846315 6.129787228391022 5.71868037723767 2.773437264497239 5.583690067903734 
-73.0 -74.0 -74.0 -76.5 -76.0 -75.5 -73.5 -73.0 -72.0 -64.0 -61.0 -64.5 -67.5 -65.5 -67.0 -65.0 -64.5 -65.5 -64.0 -64.5 -66.0 -68.5 -67.0 -64.5 -63.0 -61.0 -64.5 -69.5 -75.5 -74.0 -74.0 
