3.448388811166921 3.2459033471660166 3.129320807286708 0.14726215563702155 3.2888548092268146 3.2704470397721868 3.0802334220743677 3.2704470397721868 0.14112623248547898 3.104777114680538 3.117048960983623 3.153864499892878 2.9820586516496865 3.724505352986337 3.736777199289422 6.19728238305799 2.9820586516496865 2.429825568010856 2.454369260617026 2.7550294950426117 2.6016314162540475 2.5280003384355365 2.509592568980909 5.93343768754166 6.2463697682703305 0.30679615757712825 3.423845118560751 3.3072625786814425 3.380893656499953 3.129320807286708 2.6261751088602177 3.098641191528995 3.055689729468197 3.1906800388021335 3.1231848841351653 3.06182565261974 3.000466421104314 2.890019804376548 
-67.0 -67.5 -68.0 -68.5 -67.0 -68.0 -68.0 -67.5 -68.5 -65.5 -67.5 -66.5 -64.5 -68.5 -66.0 -64.0 -66.5 -67.5 -67.5 -68.5 -69.0 -68.0 -68.5 -68.5 -65.0 -66.0 -67.0 -67.0 -65.0 -64.5 -64.0 -65.0 -65.0 -65.0 -64.0 -64.5 -64.0 -65.0 
1.6996507129772904 1.7732817907958012 1.6812429435226628 1.7241944055834606 1.761009944492716 1.7548740213411735 1.705786636128833 1.7241944055834606 1.705786636128833 1.705786636128833 1.6505633277649499 1.607611865704152 1.7241944055834606 1.8039614065535141 1.533980787885641 1.2946797849754812 1.1903690913992575 1.5830681730979816 2.012582793705961 1.7855536370988863 1.736466251886546 1.9082721001297376 1.8162332528565992 1.8223691760081417 1.9573594853420782 5.396544411781686 1.184233168247715 1.2517283229146832 1.227184630308513 1.3069516312785663 1.41126232485479 1.6260196351587797 1.7119225592803755 1.6996507129772904 1.6505633277649499 1.662835174068035 1.736466251886546 1.6812429435226628 1.6689710972195777 1.6444274046134073 1.6137477888556946 1.6198837120072371 1.7426021750380885 
-59.5 -59.5 -59.0 -59.5 -59.5 -59.0 -59.0 -59.0 -59.5 -59.0 -59.5 -59.0 -59.0 -59.5 -60.0 -61.0 -61.0 -62.5 -61.5 -61.5 -61.5 -61.5 -61.5 -61.0 -61.0 -63.5 -62.5 -61.5 -60.5 -61.5 -61.0 -60.0 -60.0 -60.0 -59.5 -60.0 -60.5 -60.0 -60.5 -60.0 -60.0 -60.0 -60.5 
1.2762720155208536 1.2701360923693108 1.2640001692177683 1.2640001692177683 1.2455923997631406 1.2333205534600555 1.2333205534600555 1.2087768608538851 1.227184630308513 1.2455923997631406 1.239456476611598 1.2517283229146832 1.227184630308513 1.2026409377023426 1.2087768608538851 1.1351457830353744 1.0799224746714913 1.0676506283684062 1.337631247036279 1.184233168247715 1.1351457830353744 1.0492428589137786 1.055378782065321 1.0799224746714913 1.055378782065321 1.086058397823034 1.0799224746714913 4.37798116862562 1.3069516312785663 1.1535535524900022 1.0492428589137786 1.0737865515199487 1.1228739367322893 1.1044661672776617 1.1044661672776617 1.2087768608538851 1.1535535524900022 1.1719613219446299 1.141281706186917 1.1044661672776617 1.1044661672776617 1.0921943209745766 1.0921943209745766 1.0799224746714913 1.0799224746714913 1.055378782065321 1.0676506283684062 
-50.0 -50.0 -50.0 -50.0 -50.5 -50.0 -50.0 -50.0 -50.0 -50.0 -50.0 -50.0 -50.0 -49.5 -48.0 -49.0 -49.5 -51.5 -52.5 -51.5 -51.5 -52.0 -52.5 -52.5 -52.5 -52.0 -52.0 -51.5 -51.0 -51.5 -51.0 -50.0 -49.5 -48.5 -48.0 -47.5 -47.5 -48.0 -48.0 -48.0 -48.0 -48.0 -48.0 -48.0 -48.0 -48.0 -48.0 
1.3008157081270237 1.3130875544301088 1.325359400733194 1.3069516312785663 1.3130875544301088 1.3560390164909069 1.3130875544301088 1.3192234775816514 1.325359400733194 1.337631247036279 1.3130875544301088 1.3130875544301088 1.3069516312785663 1.2885438618239387 1.1351457830353744 1.1106020904292042 1.3008157081270237 1.368310862793992 1.368310862793992 1.5278448647340985 1.5033011721279284 1.564660403643354 1.5462526341887264 1.5585244804918115 1.564660403643354 1.5707963267948966 1.533980787885641 4.638757902566179 1.607611865704152 1.4542137869155878 1.423534171157875 1.282407938672396 1.1903690913992575 1.1044661672776617 1.0737865515199487 1.1351457830353744 1.141281706186917 1.1596894756415448 1.1658253987930873 1.2026409377023426 1.1474176293384597 1.1167380135807468 1.1106020904292042 1.1044661672776617 1.086058397823034 1.0921943209745766 1.1044661672776617 
-50.0 -50.5 -50.5 -50.0 -50.0 -50.0 -50.0 -50.0 -50.0 -50.0 -50.0 -50.5 -50.0 -50.5 -50.0 -51.0 -51.5 -51.5 -53.0 -51.0 -51.5 -52.0 -52.0 -51.5 -51.5 -51.5 -52.0 -51.0 -50.0 -52.0 -51.5 -51.5 -51.0 -50.5 -50.0 -49.5 -49.5 -49.5 -49.5 -49.5 -49.5 -49.5 -49.5 -49.5 -49.5 -49.5 -49.5 
1.6812429435226628 1.6444274046134073 1.6751070203711202 1.6505633277649499 1.6198837120072371 1.662835174068035 1.6689710972195777 1.6689710972195777 1.6812429435226628 1.6873788666742053 1.662835174068035 1.6751070203711202 1.6812429435226628 1.607611865704152 1.5401167110371838 1.9205439464328227 2.000310947402876 1.9389517158874505 1.9144080232812801 1.846912868614312 1.8960002538266525 2.012582793705961 2.043262409463674 2.024854640009046 2.0493983326152168 2.0064468705544187 1.9880391010997909 1.8622526764931684 1.7303303287350031 1.8837284075235674 1.945087639038993 2.0371264863121317 1.9941750242513334 1.8346410223112268 1.6873788666742053 1.5830681730979816 1.5462526341887264 1.5401167110371838 1.521708941582556 1.5401167110371838 1.4910293258248433 1.4971652489763858 1.4848934026733007 1.4480778637640452 1.4419419406125027 1.4419419406125027 1.4726215563702154 
-50.0 -50.0 -50.0 -50.0 -50.0 -50.0 -50.0 -50.0 -50.0 -50.0 -49.5 -50.0 -50.5 -50.5 -52.0 -51.0 -49.0 -48.5 -49.0 -50.0 -51.0 -51.5 -50.5 -50.0 -51.0 -51.5 -51.5 -51.0 -50.0 -48.0 -48.0 -50.0 -51.5 -53.0 -53.0 -52.5 -51.5 -51.5 -51.0 -51.0 -51.0 -51.0 -51.0 -51.0 -51.0 -51.0 -51.0 
2.0800779483729293 2.067806102069844 2.055534255766759 2.061670178918302 2.0493983326152168 2.0800779483729293 2.086213871524472 2.0923497946760143 2.0493983326152168 2.055534255766759 2.061670178918302 2.086213871524472 2.0800779483729293 2.0371264863121317 1.8407769454627694 2.098485717827557 2.4175537217077703 2.337786720737717 2.337786720737717 2.405281875404685 2.337786720737717 2.356194490192345 2.337786720737717 2.3439226438892597 2.3746022596469727 2.3316507975861747 2.2948352586769194 2.383806144374286 2.270291566070749 2.2518837966161214 2.350058567040802 2.36846633649543 2.1537090261914402 1.9941750242513334 1.8223691760081417 1.8775924843720249 1.9082721001297376 1.9266798695843652 1.9389517158874505 1.9205439464328227 1.9205439464328227 1.8960002538266525 1.88986433067511 1.859184714917397 1.846912868614312 1.8653206380689396 1.8960002538266525 
-50.0 -50.0 -50.0 -50.0 -50.0 -50.0 -50.0 -50.0 -49.5 -50.0 -50.0 -49.5 -50.0 -50.5 -52.0 -54.0 -53.0 -52.5 -53.5 -53.0 -52.0 -53.0 -53.5 -53.5 -53.5 -53.0 -52.5 -52.5 -53.0 -52.5 -52.5 -54.0 -55.0 -55.5 -54.0 -52.5 -51.5 -51.0 -51.0 -51.0 -51.0 -51.0 -51.0 -51.5 -51.5 -51.5 -51.5 
5.013049214810275 5.031456984264903 5.105088062083414 5.00077736850719 5.460971604872882 5.221670601962723 5.062136600022616 5.062136600022616 5.013049214810275 5.006913291658733 5.019185137961818 5.080544369477243 5.056000676871073 5.141903600992669 5.810719224510809 6.000932842208628 6.080699843178682 5.872078456026235 5.344389064993574 5.743224069843841 5.688000761479957 6.031612457966341 6.0991076126333095 6.019340611663256 5.982525072754001 6.062292073724054 5.939573610693203 5.810719224510809 5.626641529964532 5.583690067903734 5.9518454569962875 6.160466844148735 6.050020227420969 6.092971689481767 6.000932842208628 5.724816300389213 5.43029198911517 5.227806525114265 5.289165756629691 5.166447293598839 5.344389064993574 5.295301679781233 5.258486140871978 5.313709449235861 5.43029198911517 5.3198453723874035 5.497787143782138 
-64.0 -64.0 -64.0 -63.5 -64.0 -64.0 -63.5 -64.0 -64.5 -64.0 -64.5 -64.5 -63.5 -64.5 -64.5 -60.0 -57.5 -57.0 -58.5 -59.0 -60.0 -58.0 -57.0 -58.0 -58.5 -57.5 -58.5 -59.5 -58.5 -56.5 -56.0 -57.0 -59.0 -60.0 -62.0 -64.0 -65.0 -64.5 -64.5 -64.5 -64.5 -65.0 -65.5 -64.5 -64.0 -64.5 -64.5 
5.5284667595398505 5.626641529964532 5.559146375297564 5.485515297479052 5.540738605842936 5.553010452146021 5.47937937432751 5.460971604872882 5.252350217720435 5.565282298449106 5.381204603902829 5.516194913236766 5.485515297479052 5.45483568172134 2.724349879284899 0.030679615757712823 6.043884304269426 6.068427996875596 0.380427235395639 0.16566992509164924 0.1595340019401067 0.4970097752749477 0.7179030087304801 2.7120780329818137 0.04295146206079795 5.93343768754166 5.859806609723149 6.252505691421874 5.810719224510809 5.325981295538946 5.221670601962723 5.405748296509 5.405748296509 5.393476450205914 5.540738605842936 5.534602682691394 5.448699758569798 5.375068680751287 5.4671075280244255 5.45483568172134 5.5100589900852235 
-61.0 -60.5 -61.0 -61.0 -60.5 -60.5 -61.0 -60.5 -60.0 -60.5 -61.0 -61.0 -61.0 -62.5 -70.0 -65.0 -62.0 -69.5 -64.5 -63.0 -64.0 -66.5 -69.0 -66.5 -62.0 -69.5 -63.5 -65.0 -72.5 -70.0 -64.5 -64.5 -64.0 -63.0 -63.0 -64.0 -64.5 -65.0 -65.0 -65.0 -64.0 
