2.405281875404685 2.5157284921324514 2.509592568980909 2.6200391857086753 2.6691265709210157 2.497320722677824 2.705942109830271 2.6139032625571326 2.5280003384355365 2.454369260617026 2.564815877344792 2.4727770300716534 2.5709518004963345 3.06182565261974 2.9820586516496865 0.3190680038802134 3.509748042682347 3.2520392703175593 2.988194574801229 3.055689729468197 2.9084275738311756 3.1784081924990484 3.2336315008629315 2.84706834231575 2.6998061866787286 3.129320807286708 3.153864499892878 3.2336315008629315 2.9575149590435164 2.890019804376548 2.662990647769473 2.675262494072558 2.5893595699509624 2.5402721847386216 2.399145952253143 2.5034566458293663 5.608233760509904 2.1782527187976104 2.399145952253143 2.3071071049800045 2.429825568010856 
-65.5 -65.0 -64.5 -65.0 -65.0 -64.0 -65.5 -64.5 -65.0 -64.5 -65.5 -66.0 -65.5 -63.0 -62.0 -66.5 -63.0 -63.0 -62.5 -63.0 -63.0 -63.5 -64.5 -63.0 -61.5 -62.5 -64.0 -62.0 -63.5 -65.5 -66.5 -69.5 -68.5 -67.5 -68.0 -67.0 -68.5 -67.0 -66.0 -65.5 -65.0 
1.7978254834019713 1.8223691760081417 1.8530487917658545 1.6935147898257479 1.6260196351587797 1.8162332528565992 1.8100973297050567 1.8346410223112268 1.9389517158874505 1.8837284075235674 1.7671458676442586 1.8162332528565992 1.8162332528565992 1.7548740213411735 1.7978254834019713 2.073942025221387 2.2334760271614935 2.2396119503130363 5.743224069843841 2.8654761117703775 2.9268353432858034 2.5954954931025047 2.5464081078901644 2.399145952253143 2.405281875404685 2.399145952253143 2.5709518004963345 2.3746022596469727 2.5157284921324514 2.5586799541932495 2.1475731030398975 2.9022916506796332 2.9513790358919736 2.9391071895888885 2.435961491162398 2.141437179888355 2.1475731030398975 2.1598449493429825 2.2457478734645786 1.9819031779482483 2.086213871524472 2.0064468705544187 2.110757564130642 2.024854640009046 2.12916533358527 2.2089323345553233 
-64.0 -64.0 -63.5 -64.0 -64.0 -63.0 -64.0 -64.0 -63.5 -64.0 -64.0 -63.5 -63.5 -64.0 -62.5 -62.0 -61.5 -63.5 -66.0 -63.0 -62.0 -61.0 -61.5 -60.5 -62.0 -62.0 -62.5 -62.5 -62.5 -61.5 -60.5 -61.5 -62.5 -63.5 -65.0 -64.0 -64.5 -64.0 -64.5 -64.0 -65.0 -64.0 -65.0 -64.5 -64.5 -64.5 
0.521553467881118 0.4970097752749477 0.5276893910326605 0.5031456984264903 0.5092816215780329 0.521553467881118 0.5092816215780329 0.521553467881118 0.521553467881118 0.5338253141842031 0.4970097752749477 0.4970097752749477 0.4908738521234052 0.4908738521234052 0.5338253141842031 0.6933593161243098 0.8774370106705868 0.7976700097005334 0.8713010875190442 1.012427320004523 0.8651651643675016 0.705631162427395 0.7915340865489908 0.7547185476397354 0.7485826244881929 0.7547185476397354 0.7363107781851077 0.7485826244881929 0.7424467013366504 0.6258641614573416 0.619728238305799 0.803805932852076 0.9633399347921826 0.6872233929727672 0.607456392002714 0.5522330836388308 0.3988350048502667 0.35588354278946877 0.34974761963792617 0.35588354278946877 0.2454369260617026 0.25157284921324513 0.23930100291016002 0.20248546400090464 0.1595340019401067 0.12885438618239387 
-51.0 -51.0 -51.0 -50.5 -50.5 -50.5 -50.5 -50.5 -50.5 -50.5 -50.5 -50.5 -50.5 -50.5 -50.5 -51.0 -51.0 -51.5 -53.0 -50.5 -49.5 -51.0 -52.0 -51.5 -51.0 -51.0 -51.5 -51.0 -51.5 -52.5 -51.5 -50.5 -52.0 -55.0 -53.0 -52.5 -53.5 -54.0 -53.5 -54.0 -54.0 -54.5 -54.5 -54.5 -54.0 -54.0 
0.8651651643675016 0.8406214717613314 0.803805932852076 0.7976700097005334 0.8222137023067037 0.8283496254582462 0.803805932852076 0.8160777791551611 0.803805932852076 0.7792622402459057 0.7915340865489908 0.7915340865489908 0.7915340865489908 0.7669903939428205 0.7976700097005334 0.9265243958829272 1.0615147052168636 1.2210487071569704 1.368310862793992 1.1658253987930873 1.0185632431560658 1.0615147052168636 1.0799224746714913 1.0983302441261191 1.030835089459151 0.9878836273983529 0.9633399347921826 0.9387962421860124 0.9817477042468103 0.9940195505498954 0.9203884727313847 0.8835729338221293 0.9326603190344698 1.012427320004523 1.012427320004523 0.944932165337555 0.944932165337555 0.944932165337555 1.000155473701438 0.9142525495798421 0.8713010875190442 0.9019807032767571 0.8713010875190442 0.8774370106705868 0.8160777791551611 0.8958447801252144 
-52.5 -53.0 -53.0 -52.5 -52.5 -52.5 -52.5 -52.5 -52.5 -52.5 -52.5 -52.5 -52.5 -53.0 -52.5 -52.0 -51.5 -51.5 -50.5 -49.0 -50.0 -50.0 -50.5 -50.0 -50.0 -50.5 -51.5 -51.0 -50.5 -51.0 -50.5 -50.5 -50.0 -49.5 -51.0 -53.0 -53.5 -54.0 -54.0 -54.5 -54.5 -55.0 -54.0 -54.5 -54.5 -54.5 
1.214912784005428 1.2701360923693108 1.2517283229146832 1.2578642460662257 1.3192234775816514 1.3437671701878218 1.2026409377023426 1.2455923997631406 1.2640001692177683 1.239456476611598 1.2333205534600555 1.2640001692177683 1.2210487071569704 1.2885438618239387 1.2701360923693108 1.3560390164909069 1.6382914814618648 1.8223691760081417 1.7732817907958012 1.6505633277649499 1.2762720155208536 1.3069516312785663 1.3069516312785663 1.2885438618239387 1.3437671701878218 1.368310862793992 1.368310862793992 1.3499030933393643 1.2762720155208536 1.2333205534600555 1.1596894756415448 1.1290098598838318 1.1044661672776617 1.1290098598838318 1.3437671701878218 1.4419419406125027 1.576932249946439 1.607611865704152 1.5401167110371838 1.4910293258248433 1.4419419406125027 1.4051264017032472 1.423534171157875 1.4419419406125027 1.4603497100671303 1.4296700943094176 1.4296700943094176 
-56.5 -56.5 -56.5 -56.0 -56.0 -56.5 -56.0 -56.0 -56.5 -56.0 -56.0 -56.5 -56.0 -56.5 -56.0 -55.5 -54.5 -52.0 -51.5 -49.5 -49.0 -50.5 -49.5 -50.0 -51.0 -51.0 -51.0 -51.0 -51.0 -51.0 -50.5 -50.5 -50.0 -49.5 -49.5 -51.0 -51.5 -52.5 -54.0 -54.5 -54.0 -54.5 -55.0 -54.5 -55.0 -55.5 -55.0 
1.5892040962495242 1.5585244804918115 1.5953400194010667 1.5830681730979816 1.607611865704152 1.5707963267948966 1.6321555583103222 1.5892040962495242 1.6198837120072371 1.5953400194010667 1.6137477888556946 1.576932249946439 1.5707963267948966 1.5278448647340985 1.5892040962495242 1.7855536370988863 1.9082721001297376 1.9696313316451632 1.8530487917658545 1.662835174068035 1.7978254834019713 1.8775924843720249 1.7855536370988863 1.748738098189631 1.859184714917397 1.902136176978195 1.88986433067511 1.8960002538266525 1.8285050991596843 1.8837284075235674 1.8714565612204823 1.6444274046134073 1.6935147898257479 1.5585244804918115 1.6566992509164924 1.7978254834019713 1.8960002538266525 1.902136176978195 1.8039614065535141 1.8653206380689396 1.7548740213411735 1.748738098189631 1.8653206380689396 1.7916895602504288 1.8039614065535141 1.6996507129772904 
-56.5 -56.0 -56.5 -56.0 -56.0 -56.0 -55.5 -56.0 -56.0 -56.0 -55.5 -56.0 -56.0 -56.5 -56.5 -55.0 -53.5 -52.0 -51.0 -54.5 -54.5 -54.0 -54.5 -55.5 -54.5 -53.5 -53.5 -54.0 -55.5 -55.5 -55.0 -55.5 -55.0 -55.0 -53.0 -54.5 -55.5 -57.5 -58.0 -58.5 -59.0 -59.5 -59.0 -59.0 -58.5 -58.5 
5.559146375297564 5.66959299202533 5.589825991055276 5.553010452146021 5.559146375297564 5.516194913236766 5.577554144752192 5.602097837358362 5.559146375297564 5.4671075280244255 5.602097837358362 5.5714182216006485 5.5714182216006485 5.473243451175968 5.595961914206819 5.540738605842936 5.632777453116074 5.632777453116074 5.270757987175063 5.209398755659637 5.246214294568893 5.074408446325701 4.828971520263998 4.945554060143307 5.203262832508095 5.375068680751287 5.203262832508095 5.166447293598839 5.006913291658733 4.663301595172349 4.878058905476339 5.080544369477243 4.896466674930966 5.546874528994478 5.246214294568893 5.325981295538946 5.289165756629691 5.313709449235861 5.5100589900852235 5.473243451175968 5.325981295538946 5.301437602932776 5.436427912266712 5.5284667595398505 5.5284667595398505 5.675728915176872 
-60.0 -59.5 -61.0 -60.0 -60.5 -60.5 -60.5 -60.5 -60.5 -60.0 -60.5 -60.5 -60.0 -60.5 -60.0 -60.5 -59.5 -58.0 -56.5 -57.5 -57.0 -57.0 -58.0 -60.0 -59.5 -58.5 -59.0 -59.5 -60.5 -59.0 -57.5 -57.0 -58.5 -58.0 -58.5 -58.0 -59.0 -58.5 -58.5 -58.5 -59.5 -59.0 -59.0 -59.5 -59.5 -59.0 
1.3928545554001621 1.325359400733194 1.4726215563702154 5.424156065963627 5.798447378207723 5.516194913236766 5.66959299202533 6.105243535784852 5.730952223540755 5.632777453116074 5.71868037723767 5.9088939949354895 6.000932842208628 5.859806609723149 5.982525072754001 5.93343768754166 5.516194913236766 5.553010452146021 0.04295146206079795 2.141437179888355 5.411884219660542 5.626641529964532 5.64504929941916 0.006135923151542565 0.12885438618239387 0.1043106935762236 0.2699806186678728 5.835262917116979 0.1349903093339364 0.05522330836388308 0.0 
-76.5 -76.0 -78.0 -64.5 -62.5 -60.0 -68.0 -67.0 -63.5 -64.0 -67.0 -65.0 -64.0 -64.0 -65.5 -65.0 -64.0 -63.0 -71.5 -67.0 -62.0 -63.0 -65.0 -65.5 -66.5 -70.0 -67.5 -67.5 -70.0 -70.5 -70.0 
