2.5586799541932495 2.5341362615870793 2.380738182798515 2.4175537217077703 2.5832236467994196 2.4911847995262812 2.466641106920111 2.5280003384355365 2.466641106920111 2.386874105950058 2.693670263527186 2.6139032625571326 2.6445828783148455 2.6016314162540475 2.5709518004963345 2.564815877344792 2.761165418194154 2.6384469551633027 2.773437264497239 3.3072625786814425 2.9022916506796332 2.8654761117703775 3.5588354278946874 3.54042765844006 3.454524734318464 3.067961575771282 2.9268353432858034 2.9575149590435164 2.8777479580734626 2.859340188618835 2.9513790358919736 3.098641191528995 3.5772431973493153 2.9943304979527716 6.240233845118788 3.067961575771282 3.0925052683774528 3.117048960983623 3.2213596545598464 6.000932842208628 5.859806609723149 2.1966604882522383 2.6998061866787286 2.5280003384355365 
-64.0 -64.0 -64.0 -63.5 -64.0 -64.0 -64.0 -63.5 -63.5 -64.0 -63.5 -64.0 -64.0 -63.5 -63.5 -63.5 -64.0 -64.5 -64.5 -64.0 -61.0 -63.0 -65.0 -65.0 -63.0 -62.0 -62.5 -62.5 -63.0 -63.0 -62.0 -63.5 -65.5 -65.5 -64.5 -63.5 -63.0 -62.0 -61.5 -68.5 -68.5 -66.0 -66.0 -66.0 
2.3316507975861747 2.509592568980909 2.1475731030398975 2.386874105950058 2.12916533358527 2.141437179888355 2.2150682577068657 2.1782527187976104 2.521864415283994 2.098485717827557 2.282563412373834 2.2580197197676637 2.1230294104337273 2.1782527187976104 2.442097414313941 2.1598449493429825 2.1475731030398975 2.1475731030398975 2.0371264863121317 1.88986433067511 2.1598449493429825 2.1230294104337273 2.3071071049800045 1.9634954084936207 2.6200391857086753 2.6200391857086753 2.816388726558037 2.761165418194154 2.4605051837685683 2.1353012567368124 2.098485717827557 2.0371264863121317 2.1353012567368124 2.270291566070749 2.5341362615870793 3.2336315008629315 3.098641191528995 6.062292073724054 5.45483568172134 2.012582793705961 1.8960002538266525 5.190990986205009 1.6873788666742053 1.2885438618239387 1.6996507129772904 1.662835174068035 
-65.0 -64.0 -64.5 -64.5 -65.5 -64.5 -65.0 -65.0 -65.0 -64.0 -65.0 -65.0 -64.5 -65.0 -65.0 -64.5 -65.0 -65.0 -65.0 -64.5 -64.5 -65.0 -63.5 -63.0 -64.0 -65.5 -64.5 -62.0 -60.5 -61.5 -62.0 -62.5 -62.0 -62.5 -61.5 -62.5 -65.5 -68.0 -67.5 -65.5 -64.0 -64.0 -63.5 -64.5 -65.5 -64.5 
0.37429131224409645 0.3436116964863836 0.3129320807286708 0.34974761963792617 0.34974761963792617 0.3436116964863836 0.3620194659410113 0.380427235395639 0.37429131224409645 0.4049709280018093 0.380427235395639 0.3620194659410113 0.37429131224409645 0.4049709280018093 0.4111068511533518 0.42337869745643697 0.4479223900626072 0.44178646691106466 0.4356505437595221 0.4356505437595221 0.48473792897186263 0.5951845456996288 0.7976700097005334 0.7731263170943632 0.7301748550335652 0.9694758579437253 0.8835729338221293 0.6565437772150544 0.7485826244881929 0.8406214717613314 0.8222137023067037 0.8160777791551611 0.8160777791551611 0.803805932852076 0.8099418560036186 0.8406214717613314 1.0921943209745766 1.1228739367322893 0.9817477042468103 0.859029241215959 0.8835729338221293 0.9326603190344698 0.7915340865489908 0.6688156235181395 0.6504078540635119 0.662679700366597 0.6381360077604268 
-52.5 -52.0 -52.0 -52.0 -52.0 -52.0 -52.0 -51.5 -51.5 -51.5 -51.5 -51.5 -51.5 -51.5 -51.5 -51.5 -51.5 -51.5 -51.5 -51.0 -51.5 -51.0 -51.0 -51.0 -52.0 -52.5 -49.5 -50.5 -52.5 -52.0 -51.5 -51.0 -51.0 -51.5 -52.0 -51.0 -50.0 -52.0 -52.0 -51.0 -50.0 -50.5 -51.5 -52.0 -52.0 -51.0 -51.0 
0.7915340865489908 0.7853981633974483 0.7547185476397354 0.7792622402459057 0.760854470791278 0.760854470791278 0.7853981633974483 0.803805932852076 0.7915340865489908 0.7731263170943632 0.7731263170943632 0.7853981633974483 0.7792622402459057 0.7731263170943632 0.7853981633974483 0.7117670855789375 0.7853981633974483 0.7853981633974483 0.7853981633974483 0.7485826244881929 0.7976700097005334 0.8713010875190442 0.9326603190344698 1.043106935762236 1.1780972450961724 1.1719613219446299 0.9203884727313847 0.9633399347921826 1.0737865515199487 1.0921943209745766 1.0921943209745766 1.0615147052168636 1.0676506283684062 1.1351457830353744 1.1596894756415448 1.043106935762236 1.030835089459151 1.3008157081270237 1.325359400733194 1.3314953238847365 1.2333205534600555 1.0799224746714913 1.055378782065321 0.9142525495798421 0.9572040116406401 0.9142525495798421 0.8835729338221293 
-54.0 -54.0 -54.0 -54.5 -54.0 -54.0 -54.0 -54.0 -54.0 -54.0 -53.5 -54.0 -54.0 -53.5 -54.0 -53.5 -53.5 -54.0 -54.0 -53.5 -53.5 -53.0 -52.0 -52.0 -51.5 -50.0 -49.5 -50.0 -50.5 -49.5 -49.5 -49.5 -49.5 -49.5 -50.5 -50.5 -49.0 -49.5 -50.5 -51.0 -51.5 -51.5 -52.5 -52.5 -52.5 -52.5 -52.0 
1.4358060174609601 1.4051264017032472 1.3867186322486196 1.3989904785517047 1.3928545554001621 1.423534171157875 1.368310862793992 1.337631247036279 1.380582709097077 1.3744467859455345 1.4173982480063325 1.368310862793992 1.380582709097077 1.3499030933393643 1.3744467859455345 1.3314953238847365 1.3744467859455345 1.3499030933393643 1.3192234775816514 1.2578642460662257 1.4173982480063325 1.4910293258248433 1.748738098189631 1.6505633277649499 1.6137477888556946 1.3867186322486196 1.2946797849754812 1.3560390164909069 1.380582709097077 1.4173982480063325 1.4358060174609601 1.4296700943094176 1.3499030933393643 1.4419419406125027 1.4787574795217582 1.4051264017032472 1.4358060174609601 1.4726215563702154 1.6444274046134073 1.7426021750380885 1.7303303287350031 1.748738098189631 1.718058482431918 1.564660403643354 1.521708941582556 1.509437095279471 1.3928545554001621 
-56.0 -56.0 -56.0 -56.5 -56.5 -56.0 -56.5 -56.5 -56.5 -57.0 -56.5 -56.0 -56.5 -56.5 -56.5 -56.0 -56.5 -56.0 -56.0 -56.0 -56.0 -55.0 -53.0 -52.0 -51.0 -49.0 -49.5 -50.5 -50.5 -51.0 -51.5 -51.5 -51.5 -51.0 -51.5 -50.5 -50.0 -49.0 -49.5 -51.0 -51.5 -52.0 -54.0 -55.5 -55.0 -55.5 -55.5 
1.6382914814618648 1.5953400194010667 1.6382914814618648 1.6382914814618648 1.6751070203711202 1.6198837120072371 1.6505633277649499 1.5033011721279284 1.6014759425526093 1.6198837120072371 1.5953400194010667 1.6321555583103222 1.552388557340269 1.576932249946439 1.6198837120072371 1.576932249946439 1.509437095279471 1.5707963267948966 1.5401167110371838 1.6014759425526093 1.6137477888556946 1.7855536370988863 1.8346410223112268 1.8285050991596843 1.7978254834019713 1.662835174068035 1.7855536370988863 1.761009944492716 1.8530487917658545 1.8162332528565992 1.7119225592803755 1.9696313316451632 1.9512235621905356 1.8837284075235674 1.8837284075235674 1.9573594853420782 1.7916895602504288 1.7732817907958012 1.7241944055834606 1.8407769454627694 1.9082721001297376 1.8714565612204823 1.7426021750380885 1.7241944055834606 1.6689710972195777 1.6873788666742053 1.6812429435226628 
-57.5 -57.5 -57.5 -57.5 -58.0 -57.5 -57.5 -57.5 -57.5 -57.5 -57.5 -57.0 -57.0 -57.0 -57.0 -57.0 -57.0 -57.0 -57.0 -56.5 -56.0 -55.0 -53.0 -51.5 -51.0 -52.5 -53.0 -53.5 -53.5 -54.0 -53.5 -53.0 -53.5 -54.5 -53.5 -53.5 -53.5 -53.5 -51.5 -50.5 -50.0 -52.0 -53.5 -54.0 -54.0 -53.5 -54.0 
5.724816300389213 5.651185222570702 5.663457068873787 5.64504929941916 5.743224069843841 5.577554144752192 5.595961914206819 5.626641529964532 5.66959299202533 5.632777453116074 5.675728915176872 5.638913376267617 5.688000761479957 5.6143696836614465 5.595961914206819 5.6573211457222445 5.681864838328415 5.64504929941916 5.651185222570702 5.712544454086128 5.743224069843841 5.743224069843841 5.620505606812989 5.6941366846315 5.387340527054372 5.270757987175063 5.381204603902829 5.368932757599744 5.080544369477243 5.203262832508095 5.5714182216006485 5.405748296509 5.393476450205914 5.117359908386499 5.031456984264903 5.252350217720435 5.350524988145116 5.197126909356553 5.240078371417351 5.737088146692298 5.675728915176872 5.773903685601553 5.994796919057086 5.872078456026235 5.872078456026235 5.841398840268521 5.743224069843841 
-58.5 -58.5 -58.5 -58.5 -58.5 -59.0 -59.0 -58.5 -58.5 -59.0 -59.0 -59.0 -59.0 -59.0 -59.0 -58.5 -59.5 -59.0 -58.5 -59.0 -58.5 -58.5 -59.0 -58.0 -57.0 -57.0 -57.5 -57.0 -57.5 -58.0 -59.0 -59.0 -59.0 -59.0 -57.5 -56.5 -56.5 -57.0 -55.5 -55.5 -57.0 -57.5 -57.0 -58.0 -58.0 -58.5 -58.5 
6.2463697682703305 6.129787228391022 0.02454369260617026 6.1850105367549055 6.22182607566416 6.12365130523948 6.17273869045182 6.2463697682703305 6.2034183062095325 3.000466421104314 2.6568547246179306 2.662990647769473 2.5954954931025047 5.743224069843841 5.424156065963627 5.706408530934585 5.64504929941916 5.105088062083414 5.344389064993574 5.749359992995383 5.4671075280244255 5.50392306693368 5.822991070813893 5.921165841238575 5.737088146692298 5.835262917116979 5.896622148632405 5.749359992995383 2.1230294104337273 5.411884219660542 5.595961914206819 5.546874528994478 5.375068680751287 5.522330836388308 2.1046216409791 5.148039524144211 5.3198453723874035 
-74.5 -75.0 -75.0 -76.0 -76.5 -77.0 -77.5 -77.5 -77.5 -78.0 -76.5 -73.0 -71.0 -67.0 -63.0 -61.5 -60.0 -62.5 -66.5 -63.0 -62.0 -65.0 -64.5 -64.5 -65.0 -64.0 -65.0 -63.0 -67.5 -62.5 -62.5 -62.0 -61.5 -64.0 -70.0 -67.5 -68.0 
