2.6261751088602177 2.650718801466388 2.693670263527186 2.6384469551633027 2.767301341345697 2.6568547246179306 2.773437264497239 2.7550294950426117 2.804116880254952 2.6998061866787286 2.6998061866787286 2.6200391857086753 2.5034566458293663 2.718213956133356 2.442097414313941 2.521864415283994 2.6875343403756435 2.804116880254952 2.693670263527186 2.693670263527186 5.9518454569962875 3.2397674240144743 3.0127382674073995 2.8286605728611223 0.42337869745643697 3.442252888015379 3.3072625786814425 2.8102528034064944 2.748893571891069 2.8654761117703775 2.834796496012665 3.2397674240144743 3.3747577333484107 3.018874190558942 2.9513790358919736 2.6813984172241008 2.730485802436441 2.724349879284899 2.8961557275280905 6.080699843178682 2.5280003384355365 2.423689644859313 
-63.0 -64.0 -63.5 -64.5 -63.5 -64.5 -65.0 -64.5 -65.0 -65.0 -65.0 -65.0 -65.0 -64.5 -64.5 -65.0 -65.5 -65.0 -66.0 -65.5 -68.0 -62.0 -63.5 -66.5 -67.5 -64.0 -63.0 -62.0 -62.0 -62.5 -61.5 -60.5 -64.5 -62.5 -62.0 -61.0 -61.5 -65.0 -67.5 -70.0 -68.0 -67.0 
1.88986433067511 1.8714565612204823 1.8223691760081417 1.7548740213411735 1.7916895602504288 1.8714565612204823 1.8960002538266525 1.6873788666742053 1.902136176978195 1.7916895602504288 1.8346410223112268 1.8039614065535141 1.9389517158874505 1.8653206380689396 1.736466251886546 1.7426021750380885 1.9144080232812801 1.8223691760081417 1.533980787885641 1.5585244804918115 1.8039614065535141 1.9941750242513334 2.030990563160589 1.8346410223112268 1.9696313316451632 2.5770877236478773 2.5893595699509624 2.7550294950426117 2.3746022596469727 2.325514874434632 2.282563412373834 2.1230294104337273 5.3627968344482015 2.2457478734645786 2.350058567040802 2.748893571891069 3.785864584501762 0.15339807878856412 6.025476534814799 2.3623304133438876 2.380738182798515 2.429825568010856 2.411417798556228 2.3930100291016 
-64.5 -64.0 -64.5 -63.5 -64.0 -63.5 -64.5 -64.5 -64.5 -64.0 -64.5 -63.5 -64.0 -63.5 -64.0 -64.0 -64.5 -65.0 -64.0 -64.0 -63.5 -62.5 -62.0 -62.0 -64.5 -66.5 -65.5 -64.0 -62.5 -62.0 -62.5 -62.0 -63.0 -61.5 -62.5 -62.0 -63.0 -68.5 -68.5 -67.5 -66.5 -64.0 -65.5 -66.0 
0.6810874698212247 0.6749515466696822 0.6933593161243098 0.7240389318820226 0.6872233929727672 0.662679700366597 0.705631162427395 0.6994952392758523 0.6994952392758523 0.7240389318820226 0.705631162427395 0.705631162427395 0.7117670855789375 0.705631162427395 0.705631162427395 0.6933593161243098 0.6994952392758523 0.6442719309119693 0.6258641614573416 0.6320000846088841 0.705631162427395 0.8344855486097889 0.9265243958829272 0.7976700097005334 0.8897088569736719 1.0983302441261191 1.0185632431560658 0.760854470791278 0.7363107781851077 0.7731263170943632 0.7179030087304801 0.705631162427395 0.6749515466696822 0.607456392002714 0.5460971604872883 0.607456392002714 0.705631162427395 0.9203884727313847 0.7731263170943632 0.4970097752749477 0.5399612373357456 0.521553467881118 0.3865631585471816 0.3190680038802134 0.4663301595172349 0.28838838812250056 
-50.5 -50.5 -50.5 -50.5 -50.5 -50.5 -50.5 -50.5 -50.5 -50.5 -50.0 -50.5 -50.5 -50.5 -50.5 -50.5 -50.5 -50.5 -50.5 -50.5 -50.5 -50.5 -50.5 -51.5 -52.5 -52.0 -49.5 -50.5 -52.0 -52.0 -51.5 -51.5 -51.5 -51.5 -52.5 -51.5 -50.5 -52.0 -54.0 -52.5 -51.5 -52.0 -53.5 -54.5 -54.5 -54.5 
0.8528933180644165 0.8835729338221293 0.8774370106705868 0.8897088569736719 0.8713010875190442 0.8835729338221293 0.859029241215959 0.8713010875190442 0.9081166264282996 0.9019807032767571 0.8774370106705868 0.9265243958829272 0.8958447801252144 0.8774370106705868 0.9142525495798421 0.8897088569736719 0.8897088569736719 0.8958447801252144 0.803805932852076 0.8651651643675016 0.8713010875190442 0.9878836273983529 1.1167380135807468 1.239456476611598 1.3437671701878218 1.3069516312785663 1.0983302441261191 1.0676506283684062 1.043106935762236 1.0737865515199487 1.0185632431560658 0.9817477042468103 0.9387962421860124 0.9510680884890975 1.0369710126106935 0.9510680884890975 0.8406214717613314 0.9817477042468103 1.043106935762236 1.030835089459151 0.9633399347921826 0.9387962421860124 0.9387962421860124 0.9510680884890975 1.0246991663076084 0.9633399347921826 
-52.0 -52.0 -52.0 -52.5 -52.0 -52.5 -52.0 -52.0 -52.0 -52.0 -52.0 -52.0 -52.0 -52.0 -52.0 -52.5 -52.5 -52.5 -52.5 -52.5 -52.5 -51.5 -51.0 -51.5 -51.0 -49.5 -49.0 -50.0 -50.0 -50.0 -50.0 -50.5 -51.0 -51.0 -51.5 -51.5 -51.0 -51.0 -51.5 -51.5 -52.0 -53.0 -54.5 -55.0 -54.5 -54.5 
1.2701360923693108 1.3130875544301088 1.3130875544301088 1.3192234775816514 1.325359400733194 1.3192234775816514 1.3008157081270237 1.3069516312785663 1.2885438618239387 1.2578642460662257 1.325359400733194 1.337631247036279 1.3069516312785663 1.2946797849754812 1.325359400733194 1.3130875544301088 1.3008157081270237 1.2885438618239387 1.2946797849754812 1.3989904785517047 1.5892040962495242 1.748738098189631 1.8346410223112268 1.761009944492716 1.748738098189631 1.5585244804918115 1.3928545554001621 1.3560390164909069 1.3560390164909069 1.3069516312785663 1.239456476611598 1.2455923997631406 1.184233168247715 1.1474176293384597 1.1596894756415448 1.1719613219446299 1.0737865515199487 1.0921943209745766 1.2333205534600555 1.325359400733194 1.325359400733194 1.4542137869155878 1.4971652489763858 1.521708941582556 1.564660403643354 1.552388557340269 
-55.5 -56.0 -55.5 -56.0 -56.0 -56.0 -56.0 -55.5 -56.0 -56.0 -56.0 -56.0 -55.5 -56.0 -56.0 -56.0 -56.0 -56.0 -55.5 -56.0 -56.0 -54.0 -52.5 -51.5 -50.5 -49.0 -49.5 -50.0 -50.0 -51.0 -50.5 -50.5 -51.0 -51.0 -51.0 -51.5 -51.0 -49.5 -49.0 -51.5 -51.5 -52.5 -53.0 -54.0 -55.0 -55.0 
1.6444274046134073 1.6137477888556946 1.6444274046134073 1.6444274046134073 1.6382914814618648 1.6751070203711202 1.6751070203711202 1.5830681730979816 1.6382914814618648 1.6382914814618648 1.6505633277649499 1.6505633277649499 1.662835174068035 1.6444274046134073 1.6935147898257479 1.662835174068035 1.6689710972195777 1.6444274046134073 1.6198837120072371 1.6321555583103222 1.662835174068035 1.902136176978195 1.9512235621905356 1.9941750242513334 1.902136176978195 1.7426021750380885 1.8223691760081417 1.846912868614312 1.8837284075235674 1.7855536370988863 1.7548740213411735 1.8223691760081417 1.7916895602504288 1.7855536370988863 1.564660403643354 1.7241944055834606 1.6996507129772904 1.6260196351587797 1.4848934026733007 1.4603497100671303 1.521708941582556 1.5462526341887264 1.7978254834019713 1.8530487917658545 1.859184714917397 1.846912868614312 
-55.0 -54.5 -54.0 -54.5 -54.0 -54.5 -54.5 -54.0 -54.0 -53.5 -54.0 -54.0 -54.5 -54.0 -53.5 -54.0 -54.0 -54.0 -54.5 -54.5 -54.0 -53.0 -52.0 -50.5 -50.5 -52.5 -52.5 -54.0 -54.0 -55.0 -55.0 -55.0 -55.0 -56.0 -56.0 -55.0 -57.0 -55.5 -54.5 -53.0 -53.0 -54.5 -57.0 -58.0 -58.0 -58.0 
5.712544454086128 5.700272607783043 5.6941366846315 5.6941366846315 5.724816300389213 5.663457068873787 5.700272607783043 5.681864838328415 5.706408530934585 5.700272607783043 5.700272607783043 5.712544454086128 5.663457068873787 5.651185222570702 5.724816300389213 5.675728915176872 5.767767762450011 5.706408530934585 5.700272607783043 5.66959299202533 5.767767762450011 5.651185222570702 5.663457068873787 5.700272607783043 5.50392306693368 5.64504929941916 5.344389064993574 5.368932757599744 5.203262832508095 4.896466674930966 5.006913291658733 5.092816215780329 5.043728830567988 5.129631754689584 4.743068596142402 4.9823695990525625 5.00077736850719 4.767612288748572 4.76147636559703 5.148039524144211 5.184855063053467 5.2768939103266055 5.436427912266712 5.448699758569798 5.602097837358362 5.522330836388308 
-59.5 -59.0 -59.0 -59.5 -59.5 -59.0 -59.5 -59.5 -59.5 -59.5 -59.5 -59.5 -59.0 -60.0 -59.5 -59.5 -59.0 -60.0 -60.0 -59.5 -59.5 -59.5 -59.0 -57.5 -56.0 -56.0 -57.0 -56.5 -56.5 -57.5 -59.0 -59.5 -60.0 -61.0 -59.5 -58.0 -57.5 -59.0 -57.5 -57.5 -58.0 -57.5 -58.0 -58.0 -58.0 -58.0 
5.203262832508095 1.902136176978195 1.8162332528565992 5.154175447295755 5.098952138931871 1.7671458676442586 4.945554060143307 4.902602598082509 4.76147636559703 5.129631754689584 5.00077736850719 4.73693267299086 5.080544369477243 5.178719139901925 5.2339424482658075 2.3316507975861747 5.460971604872882 5.387340527054372 5.829126993965437 5.602097837358362 5.031456984264903 2.742757648739526 5.7616318392984684 5.516194913236766 2.60776733940559 6.074563920027139 2.405281875404685 5.878214379177777 4.638757902566179 4.9394181369917645 5.301437602932776 5.203262832508095 5.5100589900852235 5.6941366846315 0.16566992509164924 0.25157284921324513 
-70.0 -71.5 -71.5 -69.0 -69.5 -70.5 -68.5 -69.5 -69.0 -69.5 -69.5 -69.0 -67.5 -69.5 -68.5 -69.0 -63.0 -62.5 -62.5 -61.0 -62.0 -69.5 -62.5 -64.0 -66.0 -65.5 -64.0 -66.5 -66.0 -64.0 -62.5 -63.0 -66.5 -67.0 -69.5 -68.5 
