2.834796496012665 2.8102528034064944 2.730485802436441 2.7550294950426117 2.736621725587984 2.761165418194154 2.4911847995262812 2.736621725587984 2.7550294950426117 2.8777479580734626 2.834796496012665 2.773437264497239 2.718213956133356 2.8102528034064944 2.6691265709210157 2.5954954931025047 2.8102528034064944 0.705631162427395 0.6013204688511713 3.8288160465625602 3.859495662320273 3.5772431973493153 3.2581751934691017 3.172272269347506 3.129320807286708 3.454524734318464 3.792000507653305 3.8840393549264434 6.240233845118788 2.945243112740431 2.8286605728611223 3.043417883165112 2.9820586516496865 2.6139032625571326 2.7120780329818137 2.675262494072558 2.5586799541932495 2.6813984172241008 2.662990647769473 6.019340611663256 
-65.0 -64.5 -63.5 -64.0 -65.5 -65.0 -65.0 -65.5 -65.5 -65.5 -65.5 -65.0 -65.5 -65.5 -66.0 -65.5 -66.0 -69.0 -69.5 -67.5 -64.5 -64.5 -64.0 -64.0 -64.0 -65.0 -66.0 -69.0 -68.0 -66.0 -63.0 -62.0 -64.0 -67.0 -66.0 -65.0 -64.5 -66.5 -66.5 -66.5 
1.8653206380689396 1.8285050991596843 1.9144080232812801 1.9819031779482483 1.9266798695843652 1.8960002538266525 1.859184714917397 1.9880391010997909 1.7978254834019713 1.8837284075235674 1.88986433067511 1.8714565612204823 1.8346410223112268 1.9082721001297376 1.7119225592803755 1.6444274046134073 1.7671458676442586 1.7241944055834606 1.9266798695843652 2.1230294104337273 2.043262409463674 2.1353012567368124 2.2334760271614935 2.337786720737717 2.478912953223196 2.478912953223196 2.454369260617026 2.1230294104337273 1.761009944492716 2.1905245651006955 2.313243028131547 2.6323110320117604 2.8716120349219203 2.3071071049800045 2.3439226438892597 1.7978254834019713 1.7119225592803755 1.8407769454627694 1.8162332528565992 1.736466251886546 1.5707963267948966 1.4173982480063325 1.6014759425526093 1.7241944055834606 1.718058482431918 
-64.5 -63.5 -63.5 -64.0 -64.0 -64.0 -64.5 -64.0 -64.0 -63.5 -63.5 -64.0 -64.0 -64.0 -63.5 -63.5 -62.5 -61.5 -62.0 -61.5 -62.0 -64.5 -64.0 -65.0 -64.5 -63.0 -62.5 -61.0 -61.5 -61.0 -62.0 -63.5 -65.5 -66.5 -65.0 -64.5 -62.5 -62.0 -63.0 -64.0 -64.0 -64.5 -64.5 -65.0 -64.5 
0.7547185476397354 0.7669903939428205 0.7424467013366504 0.6749515466696822 0.7424467013366504 0.7363107781851077 0.7424467013366504 0.7485826244881929 0.7547185476397354 0.760854470791278 0.7485826244881929 0.7915340865489908 0.7669903939428205 0.7853981633974483 0.7547185476397354 0.8160777791551611 0.7363107781851077 0.8651651643675016 0.9817477042468103 0.9510680884890975 0.8774370106705868 1.0676506283684062 1.1965050145508 1.1044661672776617 0.9203884727313847 0.9019807032767571 0.9326603190344698 0.9387962421860124 0.9387962421860124 0.9387962421860124 0.8528933180644165 0.8835729338221293 1.0062913968529805 1.2946797849754812 1.141281706186917 0.8774370106705868 0.8774370106705868 0.9510680884890975 0.7485826244881929 0.6688156235181395 0.6565437772150544 0.6933593161243098 0.6320000846088841 0.6013204688511713 0.6320000846088841 
-50.5 -50.0 -50.5 -50.0 -50.0 -50.0 -50.0 -50.0 -50.5 -50.5 -50.0 -50.0 -50.5 -50.0 -50.0 -50.0 -50.5 -50.0 -51.0 -51.0 -52.5 -52.5 -52.0 -49.5 -50.0 -51.5 -52.0 -52.0 -51.5 -51.5 -51.5 -51.0 -49.5 -50.5 -53.0 -51.5 -50.0 -50.0 -50.5 -50.5 -50.5 -50.0 -50.0 -50.5 -50.5 
0.9510680884890975 0.9019807032767571 0.9142525495798421 0.9081166264282996 0.8958447801252144 0.8774370106705868 0.8835729338221293 0.9019807032767571 0.9265243958829272 0.8897088569736719 0.9203884727313847 0.9142525495798421 0.9265243958829272 0.9387962421860124 0.8897088569736719 0.944932165337555 0.9265243958829272 0.9633399347921826 1.0799224746714913 1.1658253987930873 1.282407938672396 1.4296700943094176 1.3560390164909069 1.2210487071569704 1.214912784005428 1.2210487071569704 1.3130875544301088 1.3008157081270237 1.2640001692177683 1.2701360923693108 1.2946797849754812 1.1719613219446299 1.1658253987930873 1.282407938672396 1.4419419406125027 1.423534171157875 1.2701360923693108 1.2026409377023426 1.0676506283684062 0.9510680884890975 0.9572040116406401 0.9510680884890975 0.9633399347921826 0.8713010875190442 0.9387962421860124 
-52.0 -52.0 -52.0 -52.0 -52.0 -52.0 -52.5 -52.0 -52.0 -52.0 -52.0 -52.0 -52.0 -51.5 -52.0 -52.0 -52.0 -51.5 -50.5 -51.0 -52.0 -51.0 -49.5 -49.5 -49.5 -50.0 -50.0 -50.0 -50.0 -49.5 -50.0 -50.5 -49.5 -49.0 -49.5 -51.0 -51.0 -50.5 -51.5 -51.5 -51.5 -51.5 -51.5 -52.5 -52.5 
1.2946797849754812 1.2701360923693108 1.2333205534600555 1.2578642460662257 1.239456476611598 1.239456476611598 1.2517283229146832 1.2455923997631406 1.2455923997631406 1.214912784005428 1.2640001692177683 1.227184630308513 1.2640001692177683 1.2333205534600555 1.2517283229146832 1.3130875544301088 1.3560390164909069 1.5707963267948966 1.6566992509164924 1.846912868614312 1.932815792735908 1.8653206380689396 1.662835174068035 1.6321555583103222 1.5953400194010667 1.6321555583103222 1.6505633277649499 1.607611865704152 1.552388557340269 1.4848934026733007 1.5585244804918115 1.564660403643354 1.5033011721279284 1.533980787885641 1.6812429435226628 1.88986433067511 1.8346410223112268 1.8162332528565992 1.705786636128833 1.5155730184310134 1.4971652489763858 1.4603497100671303 1.337631247036279 1.2762720155208536 1.3621749396424494 
-56.5 -56.5 -56.5 -56.0 -56.5 -56.0 -56.0 -56.0 -56.0 -56.0 -56.0 -56.0 -56.0 -55.5 -55.5 -55.5 -56.0 -55.5 -54.0 -53.5 -53.0 -50.0 -49.0 -50.0 -50.5 -50.5 -50.5 -50.5 -51.0 -50.5 -50.5 -50.5 -50.5 -49.5 -49.0 -51.0 -52.0 -52.5 -54.5 -55.0 -55.0 -55.0 -54.5 -54.5 -55.0 
1.662835174068035 1.6812429435226628 1.6935147898257479 1.6935147898257479 1.662835174068035 1.6444274046134073 1.662835174068035 1.6505633277649499 1.6260196351587797 1.6689710972195777 1.6751070203711202 1.6505633277649499 1.6812429435226628 1.6505633277649499 1.6505633277649499 1.6321555583103222 1.6689710972195777 1.718058482431918 1.9266798695843652 2.067806102069844 2.1659808724945253 2.018718716857504 1.7978254834019713 1.9696313316451632 2.024854640009046 2.086213871524472 2.0064468705544187 1.9880391010997909 1.9757672547967058 1.902136176978195 1.88986433067511 1.9941750242513334 1.9634954084936207 1.9205439464328227 1.9266798695843652 2.000310947402876 2.000310947402876 2.012582793705961 1.902136176978195 1.7855536370988863 1.748738098189631 1.7732817907958012 1.7303303287350031 1.6751070203711202 1.7303303287350031 
-54.5 -54.5 -54.5 -54.5 -55.0 -55.0 -54.5 -54.5 -54.0 -54.0 -54.0 -54.0 -54.0 -54.0 -54.0 -54.5 -54.0 -54.5 -53.0 -53.0 -51.5 -50.0 -51.5 -52.0 -52.5 -52.5 -52.5 -53.0 -52.5 -53.0 -53.0 -52.5 -53.0 -51.5 -51.0 -50.5 -49.5 -50.5 -52.5 -53.5 -53.0 -52.5 -53.0 -53.5 -54.0 
5.737088146692298 5.767767762450011 5.8045833013592665 5.749359992995383 5.6941366846315 5.8045833013592665 5.706408530934585 5.681864838328415 5.6941366846315 5.632777453116074 5.706408530934585 5.688000761479957 5.730952223540755 5.724816300389213 5.6573211457222445 5.841398840268521 5.8475347634200645 5.810719224510809 5.700272607783043 5.755495916146925 5.93343768754166 5.706408530934585 5.5284667595398505 5.534602682691394 5.565282298449106 5.47937937432751 5.332117218690489 5.252350217720435 5.240078371417351 5.289165756629691 5.098952138931871 5.246214294568893 5.356660911296659 5.485515297479052 5.313709449235861 5.675728915176872 5.8475347634200645 5.822991070813893 5.767767762450011 5.780039608753096 5.712544454086128 5.5714182216006485 5.620505606812989 5.632777453116074 5.724816300389213 
-60.0 -59.5 -60.0 -59.5 -59.5 -60.0 -59.5 -60.0 -59.5 -60.0 -60.0 -60.0 -60.0 -60.0 -60.0 -60.5 -60.0 -60.0 -60.0 -60.0 -58.0 -56.0 -56.5 -56.5 -56.5 -57.0 -57.0 -58.0 -58.0 -57.5 -57.5 -57.0 -56.5 -56.0 -56.5 -55.5 -57.0 -57.0 -58.0 -58.5 -58.5 -58.0 -59.0 -58.5 -58.5 
1.533980787885641 1.4971652489763858 1.521708941582556 4.681709364626977 1.6014759425526093 4.601942363656923 1.5830681730979816 4.546719055293041 4.9394181369917645 4.890330751779424 4.6448938257177215 1.6996507129772904 5.375068680751287 5.43029198911517 5.884350302329319 5.595961914206819 5.123495831538041 5.71868037723767 6.019340611663256 5.8659425328746915 5.681864838328415 5.620505606812989 5.405748296509 5.878214379177777 5.559146375297564 5.810719224510809 6.0991076126333095 5.1725832167503825 5.2339424482658075 5.66959299202533 5.595961914206819 5.387340527054372 5.522330836388308 5.338253141842031 2.2886993355253766 5.356660911296659 5.45483568172134 
-71.5 -72.0 -71.5 -69.0 -70.5 -67.5 -70.0 -70.0 -69.5 -68.0 -69.0 -70.5 -64.0 -64.5 -63.5 -62.0 -65.0 -71.0 -67.5 -63.5 -63.5 -64.5 -64.5 -64.5 -64.5 -63.0 -70.0 -65.0 -62.5 -63.0 -62.0 -60.0 -64.5 -67.5 -68.0 -67.5 -67.5 
