2.748893571891069 2.791845033951867 2.7120780329818137 2.736621725587984 2.748893571891069 2.804116880254952 2.7550294950426117 2.7550294950426117 2.791845033951867 2.748893571891069 2.736621725587984 2.9636508821950587 2.7120780329818137 2.7550294950426117 2.773437264497239 2.84706834231575 2.8102528034064944 2.705942109830271 3.3379421944391554 3.2704470397721868 3.104777114680538 3.031146036862027 3.2581751934691017 0.1227184630308513 0.3988350048502667 3.466796580621549 2.9820586516496865 3.0372819600135696 2.8654761117703775 2.8961557275280905 3.043417883165112 2.767301341345697 3.1231848841351653 3.54042765844006 3.313398501832985 3.06182565261974 2.945243112740431 2.890019804376548 2.8654761117703775 2.6323110320117604 2.662990647769473 2.5402721847386216 2.4850488763747385 2.2396119503130363 2.454369260617026 
-66.0 -66.5 -66.0 -66.0 -66.5 -65.0 -65.5 -66.5 -66.0 -66.0 -65.5 -65.5 -66.0 -66.5 -66.0 -66.0 -66.5 -67.5 -64.5 -62.0 -62.0 -67.0 -66.5 -69.0 -68.0 -65.5 -62.0 -61.5 -61.5 -62.0 -62.0 -61.0 -60.0 -63.0 -64.5 -64.0 -62.0 -60.5 -60.5 -64.0 -67.0 -67.0 -64.0 -66.0 -66.0 
1.7855536370988863 1.7119225592803755 1.8653206380689396 1.7855536370988863 1.8039614065535141 1.859184714917397 1.8100973297050567 1.8653206380689396 1.8407769454627694 1.9144080232812801 1.859184714917397 1.88986433067511 1.9144080232812801 1.8407769454627694 1.8530487917658545 1.9082721001297376 1.8407769454627694 1.7732817907958012 5.086680292628786 2.030990563160589 2.12916533358527 2.086213871524472 2.2212041808584084 1.8162332528565992 1.9573594853420782 1.576932249946439 2.5402721847386216 2.5832236467994196 2.497320722677824 2.1598449493429825 2.4175537217077703 2.2334760271614935 2.350058567040802 2.282563412373834 2.5341362615870793 2.6998061866787286 3.3011266555298997 2.6998061866787286 2.435961491162398 2.1353012567368124 2.1659808724945253 2.2150682577068657 2.1905245651006955 2.1475731030398975 5.301437602932776 2.1659808724945253 2.2580197197676637 
-65.0 -65.0 -65.0 -65.5 -64.5 -65.0 -65.0 -64.5 -65.0 -65.0 -64.5 -64.5 -65.5 -65.0 -65.0 -65.0 -64.5 -63.5 -63.5 -62.0 -61.5 -61.0 -61.0 -63.0 -66.5 -66.5 -65.5 -63.0 -62.0 -61.0 -61.5 -62.0 -62.0 -62.0 -60.5 -61.5 -64.5 -66.0 -66.5 -65.0 -63.0 -63.0 -63.5 -64.5 -65.5 -64.5 -65.0 
0.6135923151542565 0.607456392002714 0.6013204688511713 0.5706408530934585 0.5767767762450011 0.5890486225480862 0.5767767762450011 0.5890486225480862 0.5767767762450011 0.5829126993965437 0.5767767762450011 0.6135923151542565 0.619728238305799 0.6381360077604268 0.619728238305799 0.6872233929727672 0.6381360077604268 0.6810874698212247 0.6565437772150544 0.7731263170943632 0.9510680884890975 0.9756117810952678 0.7792622402459057 0.7669903939428205 0.9019807032767571 1.012427320004523 0.8344855486097889 0.7117670855789375 0.7117670855789375 0.803805932852076 0.7915340865489908 0.7731263170943632 0.7363107781851077 0.6504078540635119 0.6258641614573416 0.607456392002714 0.803805932852076 1.030835089459151 0.8467573949128739 0.619728238305799 0.7547185476397354 0.6994952392758523 0.4479223900626072 0.34974761963792617 0.380427235395639 0.28225246497095796 0.2761165418194154 
-50.5 -50.5 -50.5 -50.5 -50.5 -50.0 -50.0 -50.0 -50.0 -50.0 -50.0 -50.0 -50.0 -50.0 -50.0 -50.0 -50.0 -50.0 -50.0 -49.5 -49.5 -49.5 -50.0 -51.5 -52.5 -51.5 -49.5 -50.0 -51.5 -51.0 -51.0 -51.0 -51.0 -51.5 -51.5 -51.0 -50.0 -52.0 -52.5 -51.5 -50.5 -50.5 -51.0 -51.5 -52.0 -51.5 -52.0 
0.9203884727313847 0.8897088569736719 0.8897088569736719 0.8897088569736719 0.9142525495798421 0.9019807032767571 0.8774370106705868 0.8897088569736719 0.8835729338221293 0.8958447801252144 0.8283496254582462 0.9019807032767571 0.8406214717613314 0.9203884727313847 0.8835729338221293 0.8344855486097889 0.8958447801252144 0.8774370106705868 0.8651651643675016 0.9510680884890975 1.043106935762236 1.0062913968529805 1.0676506283684062 1.1719613219446299 1.1965050145508 1.1535535524900022 0.9817477042468103 0.9081166264282996 0.9878836273983529 1.1228739367322893 1.0737865515199487 1.0492428589137786 1.043106935762236 1.0676506283684062 1.0246991663076084 0.8958447801252144 0.859029241215959 1.1106020904292042 1.1167380135807468 1.1780972450961724 1.0737865515199487 0.9817477042468103 0.9019807032767571 0.9326603190344698 0.9387962421860124 0.859029241215959 0.8713010875190442 
-52.5 -52.5 -52.5 -52.5 -52.5 -52.5 -52.5 -52.5 -52.5 -52.5 -52.5 -52.5 -52.5 -52.0 -52.0 -52.5 -52.5 -52.0 -52.5 -51.5 -50.5 -50.5 -51.5 -51.0 -50.5 -50.0 -50.0 -50.0 -50.5 -50.0 -50.0 -50.0 -50.0 -50.5 -51.0 -51.5 -50.5 -49.5 -50.0 -50.5 -50.5 -52.0 -53.5 -53.5 -53.5 -54.0 -54.0 
1.325359400733194 1.2701360923693108 1.2701360923693108 1.2517283229146832 1.2701360923693108 1.2701360923693108 1.2455923997631406 1.2701360923693108 1.227184630308513 1.2640001692177683 1.214912784005428 1.2455923997631406 1.1719613219446299 1.2701360923693108 1.239456476611598 1.2333205534600555 1.2087768608538851 1.239456476611598 1.3130875544301088 1.509437095279471 1.6812429435226628 1.6873788666742053 1.6751070203711202 1.552388557340269 1.509437095279471 1.4173982480063325 1.3008157081270237 1.325359400733194 1.3560390164909069 1.3560390164909069 1.3499030933393643 1.2455923997631406 1.2701360923693108 1.2578642460662257 1.2455923997631406 1.1903690913992575 1.1535535524900022 1.282407938672396 1.3867186322486196 1.6137477888556946 1.6137477888556946 1.6505633277649499 1.6382914814618648 1.5278448647340985 1.4419419406125027 1.380582709097077 1.3989904785517047 
-56.0 -56.0 -56.0 -56.0 -55.5 -56.0 -56.0 -56.0 -56.0 -55.5 -55.5 -55.5 -55.5 -55.5 -55.5 -55.5 -55.5 -55.5 -55.0 -54.5 -53.0 -52.0 -52.5 -51.0 -49.5 -49.0 -50.0 -49.5 -49.5 -49.5 -50.5 -50.5 -50.0 -50.0 -50.5 -50.5 -50.0 -49.0 -49.5 -50.5 -51.0 -52.0 -53.5 -54.5 -55.0 -55.0 -55.0 
1.6812429435226628 1.6873788666742053 1.6873788666742053 1.6873788666742053 1.6689710972195777 1.6751070203711202 1.6751070203711202 1.6751070203711202 1.662835174068035 1.6444274046134073 1.6321555583103222 1.6382914814618648 1.6444274046134073 1.6751070203711202 1.6751070203711202 1.6935147898257479 1.6751070203711202 1.662835174068035 1.6751070203711202 1.761009944492716 1.9389517158874505 1.9573594853420782 2.0064468705544187 1.8285050991596843 1.705786636128833 1.6935147898257479 1.6996507129772904 1.8039614065535141 1.7855536370988863 1.7426021750380885 1.7916895602504288 1.6935147898257479 1.705786636128833 1.6444274046134073 1.6689710972195777 1.8653206380689396 1.6935147898257479 1.7426021750380885 1.6935147898257479 1.748738098189631 1.8100973297050567 1.7978254834019713 1.8162332528565992 1.7732817907958012 1.6935147898257479 1.6812429435226628 1.7241944055834606 
-54.5 -54.5 -55.0 -54.5 -54.5 -54.5 -54.5 -55.0 -54.5 -54.5 -54.5 -54.5 -54.0 -54.5 -54.0 -54.0 -53.5 -54.0 -54.5 -53.5 -52.0 -51.0 -51.0 -50.5 -51.5 -52.0 -53.0 -53.0 -53.0 -54.0 -54.0 -54.0 -54.5 -55.0 -54.5 -54.0 -55.5 -53.5 -53.0 -51.5 -51.5 -53.5 -55.5 -57.0 -57.0 -57.5 -57.5 
5.749359992995383 5.737088146692298 5.767767762450011 5.737088146692298 5.688000761479957 5.620505606812989 5.651185222570702 5.64504929941916 5.620505606812989 5.663457068873787 5.688000761479957 5.681864838328415 5.675728915176872 5.595961914206819 5.712544454086128 5.71868037723767 5.559146375297564 5.681864838328415 5.798447378207723 5.6573211457222445 5.5714182216006485 5.356660911296659 5.47937937432751 5.436427912266712 5.424156065963627 5.2768939103266055 5.344389064993574 5.2768939103266055 5.178719139901925 4.908738521234052 5.043728830567988 4.95168998329485 4.945554060143307 4.779884135051658 4.847379289718626 5.074408446325701 5.080544369477243 5.160311370447297 5.092816215780329 5.436427912266712 5.516194913236766 5.64504929941916 5.626641529964532 5.724816300389213 5.8045833013592665 5.71868037723767 5.767767762450011 
-59.5 -59.5 -59.0 -59.0 -59.0 -59.0 -59.5 -59.0 -59.5 -59.5 -59.5 -59.5 -59.5 -59.5 -60.0 -60.0 -59.5 -60.0 -59.5 -60.0 -59.5 -59.5 -57.0 -57.0 -56.5 -56.0 -57.0 -56.0 -56.0 -57.5 -58.0 -58.5 -58.0 -58.0 -57.5 -57.0 -56.5 -58.0 -57.0 -56.5 -57.0 -57.0 -57.5 -58.0 -58.0 -58.0 -58.0 
5.086680292628786 5.252350217720435 1.932815792735908 1.9266798695843652 5.141903600992669 5.117359908386499 5.049864753719531 5.129631754689584 4.994641445355648 5.0682725231741586 1.7978254834019713 5.141903600992669 5.350524988145116 5.442563835418255 5.289165756629691 5.325981295538946 5.258486140871978 5.497787143782138 5.393476450205914 5.240078371417351 5.2339424482658075 5.418020142812084 5.8045833013592665 5.540738605842936 5.473243451175968 5.577554144752192 5.755495916146925 5.583690067903734 5.8659425328746915 5.565282298449106 5.583690067903734 2.043262409463674 5.295301679781233 5.663457068873787 5.313709449235861 5.64504929941916 5.816855147662351 2.742757648739526 5.957981380147831 6.135923151542564 
-69.5 -69.0 -70.5 -71.0 -69.0 -70.0 -70.0 -68.5 -69.5 -69.0 -70.5 -69.5 -68.0 -67.0 -65.0 -59.5 -60.0 -60.0 -60.5 -61.5 -63.0 -65.5 -63.0 -61.0 -62.5 -64.0 -65.0 -65.0 -63.5 -63.0 -62.5 -69.5 -61.5 -62.0 -61.5 -64.0 -68.0 -72.5 -71.5 -71.5 
