6.234097921967246 6.2463697682703305 3.3072625786814425 6.258641614573416 6.1420590746941075 3.2704470397721868 6.227961998815704 6.080699843178682 3.0925052683774528 6.105243535784852 3.08636934522591 6.117515382087937 6.215690152512618 6.234097921967246 2.761165418194154 6.2463697682703305 0.018407769454627694 3.2213596545598464 0.09203884727313846 0.3129320807286708 3.104777114680538 0.4970097752749477 3.497476196379262 3.147728576741336 2.5464081078901644 2.5586799541932495 6.240233845118788 6.227961998815704 5.872078456026235 6.062292073724054 2.7550294950426117 2.8532042654672924 3.77972866135022 0.5737088146692298 0.6933593161243098 0.6688156235181395 
-72.0 -72.0 -69.5 -71.5 -71.5 -70.5 -71.5 -71.5 -69.0 -72.0 -70.0 -72.0 -72.0 -71.5 -70.5 -71.5 -70.5 -70.5 -68.5 -68.0 -64.5 -66.0 -62.0 -61.0 -63.0 -70.5 -73.5 -72.5 -71.5 -69.5 -67.5 -66.0 -64.5 -65.0 -72.5 -72.5 
5.059068638446845 1.88986433067511 1.8407769454627694 1.8162332528565992 1.8653206380689396 1.8653206380689396 1.8714565612204823 1.859184714917397 1.7794177139473437 1.8714565612204823 1.7916895602504288 1.88986433067511 1.7119225592803755 1.8775924843720249 1.846912868614312 1.7303303287350031 1.7855536370988863 1.8285050991596843 2.110757564130642 1.9941750242513334 5.178719139901925 5.184855063053467 5.037592907416445 4.681709364626977 3.479068426924634 2.521864415283994 3.067961575771282 2.6139032625571326 1.6137477888556946 1.8407769454627694 1.7855536370988863 1.8653206380689396 1.8653206380689396 1.607611865704152 1.7119225592803755 2.2396119503130363 2.3746022596469727 4.595806440505381 1.3621749396424494 1.055378782065321 1.4664856332186729 1.3008157081270237 1.3499030933393643 1.509437095279471 
-65.0 -64.5 -64.0 -64.5 -63.5 -64.0 -63.5 -63.0 -64.0 -63.5 -63.5 -63.0 -63.5 -63.0 -63.0 -63.5 -63.0 -63.0 -64.0 -65.0 -69.0 -71.5 -70.5 -69.5 -70.5 -71.0 -65.0 -64.5 -63.5 -62.0 -61.0 -60.5 -61.0 -62.0 -61.0 -63.0 -65.5 -68.0 -65.0 -64.0 -64.5 -63.0 -62.0 -61.5 
1.086058397823034 1.1106020904292042 1.0676506283684062 1.0799224746714913 1.0799224746714913 1.1290098598838318 1.1228739367322893 1.0676506283684062 1.0799224746714913 1.0921943209745766 1.0737865515199487 1.1167380135807468 1.1351457830353744 1.1044661672776617 1.1167380135807468 1.1228739367322893 1.0921943209745766 1.1106020904292042 1.1535535524900022 1.184233168247715 1.1596894756415448 1.0983302441261191 1.055378782065321 0.9019807032767571 0.7485826244881929 0.8406214717613314 0.9510680884890975 1.0676506283684062 1.0921943209745766 1.086058397823034 0.9326603190344698 0.9878836273983529 1.0492428589137786 0.9878836273983529 0.9633399347921826 0.9510680884890975 1.0185632431560658 1.0737865515199487 1.2640001692177683 1.239456476611598 1.0492428589137786 1.0676506283684062 1.1290098598838318 1.0983302441261191 1.1228739367322893 1.2026409377023426 1.2087768608538851 
-51.5 -51.0 -51.0 -51.0 -51.0 -51.5 -51.5 -51.0 -51.5 -51.5 -51.0 -51.5 -51.0 -51.5 -51.0 -51.5 -51.5 -51.5 -51.0 -51.0 -51.0 -50.5 -49.5 -49.0 -49.0 -49.5 -50.0 -51.0 -51.0 -51.0 -52.0 -53.0 -53.5 -53.5 -53.5 -53.0 -52.0 -51.0 -51.5 -52.0 -51.0 -50.0 -49.0 -48.5 -48.5 -49.0 -49.5 
1.1198059751565181 1.0983302441261191 1.0921943209745766 1.1290098598838318 1.0921943209745766 1.0921943209745766 1.1167380135807468 1.1167380135807468 1.1044661672776617 1.0983302441261191 1.1290098598838318 1.086058397823034 1.0737865515199487 1.1044661672776617 1.1167380135807468 1.1106020904292042 1.141281706186917 1.0983302441261191 1.1167380135807468 1.1290098598838318 1.1780972450961724 1.1167380135807468 1.055378782065321 0.8774370106705868 0.8406214717613314 1.000155473701438 1.1780972450961724 1.1965050145508 1.3989904785517047 1.380582709097077 1.4480778637640452 1.4051264017032472 1.4296700943094176 1.4051264017032472 1.3928545554001621 1.4173982480063325 1.509437095279471 1.3560390164909069 1.576932249946439 1.576932249946439 1.3499030933393643 1.2241166687327416 1.0676506283684062 0.9633399347921826 0.9694758579437253 1.0369710126106935 1.1719613219446299 
-51.0 -50.5 -50.0 -50.0 -50.0 -50.0 -50.0 -50.0 -50.0 -50.0 -50.5 -50.0 -50.5 -50.0 -50.0 -50.0 -50.0 -50.0 -50.0 -50.0 -50.0 -50.0 -50.0 -51.0 -52.0 -51.0 -50.0 -51.0 -50.5 -51.0 -51.0 -50.5 -51.0 -51.0 -50.5 -51.0 -51.0 -51.0 -50.0 -51.5 -51.5 -52.0 -50.5 -50.5 -50.0 -49.5 -50.0 
1.714990520856147 1.736466251886546 1.705786636128833 1.6996507129772904 1.7241944055834606 1.7548740213411735 1.761009944492716 1.7855536370988863 1.7855536370988863 1.7671458676442586 1.7916895602504288 1.8039614065535141 1.761009944492716 1.7794177139473437 1.8039614065535141 1.8039614065535141 1.7916895602504288 1.7732817907958012 1.718058482431918 1.6935147898257479 1.5953400194010667 1.4910293258248433 1.3744467859455345 1.1228739367322893 1.0369710126106935 1.533980787885641 1.6137477888556946 1.6566992509164924 1.6198837120072371 1.718058482431918 1.9941750242513334 1.9819031779482483 1.9819031779482483 2.0371264863121317 2.012582793705961 1.9941750242513334 2.030990563160589 1.902136176978195 1.6689710972195777 1.8837284075235674 1.8653206380689396 1.892932292250881 1.6566992509164924 1.3928545554001621 1.2701360923693108 1.3989904785517047 1.4848934026733007 
-48.5 -48.0 -48.0 -48.0 -48.0 -48.0 -48.0 -48.0 -48.0 -48.0 -48.0 -48.0 -48.0 -48.0 -48.0 -48.0 -48.0 -48.0 -48.0 -48.5 -49.0 -49.5 -49.5 -50.0 -52.0 -50.5 -48.0 -48.0 -49.5 -49.5 -51.0 -51.0 -51.0 -51.5 -51.5 -51.5 -52.0 -52.0 -50.0 -47.5 -48.5 -50.5 -51.5 -52.5 -50.5 -49.0 -50.0 
1.9573594853420782 1.9573594853420782 1.945087639038993 1.9757672547967058 1.9696313316451632 1.9696313316451632 2.018718716857504 2.0064468705544187 2.024854640009046 2.030990563160589 2.012582793705961 2.024854640009046 2.012582793705961 2.030990563160589 2.043262409463674 2.018718716857504 2.0064468705544187 2.000310947402876 1.9941750242513334 2.000310947402876 1.8530487917658545 1.8285050991596843 1.7119225592803755 1.6260196351587797 1.576932249946439 1.88986433067511 2.0371264863121317 2.0800779483729293 2.2150682577068657 2.1659808724945253 2.2764274892222915 2.399145952253143 2.3930100291016 2.405281875404685 2.405281875404685 2.3930100291016 2.3009711818284617 2.325514874434632 2.2212041808584084 2.061670178918302 2.2764274892222915 2.3193789512830896 1.8530487917658545 1.6566992509164924 1.607611865704152 1.7978254834019713 1.8530487917658545 
-50.0 -49.5 -49.5 -49.5 -49.5 -49.0 -49.0 -49.0 -49.0 -49.0 -49.0 -49.5 -49.0 -49.5 -49.0 -49.5 -49.5 -49.5 -49.0 -49.5 -49.5 -50.0 -51.0 -52.0 -55.0 -52.5 -51.5 -53.0 -52.5 -52.0 -53.5 -53.5 -53.0 -52.5 -53.0 -54.0 -53.0 -52.0 -54.0 -52.0 -51.0 -53.5 -55.0 -54.0 -52.0 -50.0 -49.5 
4.577398671050753 4.4976316700806995 4.546719055293041 4.534447208989955 4.651029748869264 4.878058905476339 4.681709364626977 4.638757902566179 4.792155981354743 4.651029748869264 4.632621979414636 4.565126824747668 4.589670517353839 4.669437518323892 4.6448938257177215 4.822835597112456 4.589670517353839 4.651029748869264 4.638757902566179 4.626486056263094 4.614214209960009 4.6878452877785195 4.301282129231338 5.890486225480862 5.485515297479052 5.675728915176872 5.436427912266712 6.050020227420969 5.792311455056181 5.810719224510809 5.878214379177777 5.915029918087033 5.939573610693203 5.9088939949354895 5.835262917116979 5.534602682691394 5.325981295538946 6.17273869045182 6.043884304269426 5.982525072754001 5.841398840268521 4.338097668140593 4.374913207049849 4.595806440505381 
-59.5 -60.5 -60.0 -59.5 -59.5 -60.0 -59.5 -59.5 -60.0 -59.5 -60.0 -59.5 -59.5 -60.0 -59.5 -60.0 -59.5 -59.5 -59.5 -60.0 -60.0 -61.0 -61.0 -56.0 -58.0 -60.0 -60.5 -58.5 -60.5 -61.0 -61.0 -61.0 -60.0 -59.5 -60.5 -60.5 -57.0 -56.5 -60.0 -62.0 -67.0 -67.0 -64.5 -63.0 
5.516194913236766 5.4671075280244255 5.5100589900852235 5.47937937432751 5.553010452146021 5.522330836388308 5.540738605842936 5.5714182216006485 5.565282298449106 5.553010452146021 5.565282298449106 5.546874528994478 5.5714182216006485 5.583690067903734 5.589825991055276 5.553010452146021 5.583690067903734 5.651185222570702 5.473243451175968 5.602097837358362 5.491651220630596 5.460971604872882 5.393476450205914 5.491651220630596 5.651185222570702 6.277049384028044 6.111379458936394 5.982525072754001 0.4540583132141498 6.19728238305799 6.252505691421874 6.215690152512618 0.1595340019401067 0.619728238305799 0.1718058482431918 0.2086213871524472 2.675262494072558 5.859806609723149 6.215690152512618 6.258641614573416 2.442097414313941 5.21553467881118 5.583690067903734 5.393476450205914 
-59.5 -59.0 -59.0 -59.0 -58.5 -59.0 -58.5 -59.0 -58.5 -58.5 -59.0 -59.0 -59.5 -59.5 -59.0 -59.0 -58.5 -58.5 -58.5 -59.0 -58.5 -59.0 -59.5 -62.0 -58.0 -65.0 -60.5 -63.0 -63.0 -63.0 -64.5 -63.5 -63.5 -65.5 -66.0 -63.5 -65.5 -60.0 -62.0 -66.0 -70.5 -65.5 -62.0 -60.0 
