0.6688156235181395 0.5583690067903734 0.5460971604872883 0.4295146206079795 0.42337869745643697 0.521553467881118 0.34974761963792617 3.2949907323783574 0.380427235395639 3.393165502803038 0.4540583132141498 0.7547185476397354 1.0492428589137786 3.9085830475326135 3.466796580621549 3.098641191528995 2.6875343403756435 2.552544031041707 0.30066023442558565 3.3318062712876126 3.2827188860752723 3.2397674240144743 6.068427996875596 5.835262917116979 2.773437264497239 2.9145634969827183 0.8099418560036186 0.7424467013366504 0.8713010875190442 1.0799224746714913 
-69.0 -69.0 -69.0 -68.5 -68.5 -68.0 -68.0 -66.5 -68.0 -67.0 -67.0 -68.5 -68.0 -63.0 -62.0 -60.5 -63.5 -68.0 -73.5 -69.5 -70.0 -71.5 -72.5 -68.5 -67.0 -64.5 -68.5 -76.0 -72.5 -71.5 
1.9573594853420782 2.282563412373834 2.141437179888355 2.043262409463674 2.012582793705961 1.945087639038993 1.9819031779482483 1.9512235621905356 2.282563412373834 2.2396119503130363 2.0064468705544187 2.061670178918302 2.067806102069844 2.024854640009046 1.9512235621905356 2.030990563160589 1.8131652912808278 4.828971520263998 3.9392626632903265 3.368621810196868 2.736621725587984 2.497320722677824 1.945087639038993 2.1475731030398975 1.932815792735908 1.9082721001297376 1.8960002538266525 2.000310947402876 2.2518837966161214 2.5770877236478773 2.6200391857086753 1.1596894756415448 1.214912784005428 1.6198837120072371 1.6321555583103222 1.8162332528565992 1.8285050991596843 1.8407769454627694 1.9144080232812801 1.8775924843720249 1.8100973297050567 1.902136176978195 
-63.5 -63.0 -62.5 -63.0 -63.5 -62.5 -63.0 -64.0 -63.5 -64.0 -63.0 -64.5 -65.5 -63.0 -63.5 -65.0 -65.5 -68.5 -73.5 -63.0 -63.0 -63.0 -64.0 -63.0 -61.5 -61.5 -62.5 -63.5 -62.0 -63.5 -66.0 -63.0 -62.0 -60.0 -61.0 -60.5 -60.5 -60.5 -61.5 -61.5 -61.5 -61.5 
1.1290098598838318 1.1658253987930873 1.1474176293384597 1.0983302441261191 1.086058397823034 1.1044661672776617 1.1474176293384597 1.086058397823034 1.1228739367322893 1.0921943209745766 1.086058397823034 1.055378782065321 1.0246991663076084 1.0246991663076084 1.0185632431560658 1.0246991663076084 0.9694758579437253 0.9326603190344698 0.9387962421860124 0.9265243958829272 1.1167380135807468 1.0983302441261191 1.1106020904292042 1.1044661672776617 1.000155473701438 0.9817477042468103 1.030835089459151 1.030835089459151 1.0246991663076084 1.000155473701438 1.0921943209745766 1.1535535524900022 1.239456476611598 1.214912784005428 1.0369710126106935 1.0062913968529805 1.1351457830353744 1.0737865515199487 1.1719613219446299 1.2517283229146832 1.3130875544301088 1.325359400733194 1.2701360923693108 1.2087768608538851 1.2885438618239387 1.3069516312785663 1.3192234775816514 1.3069516312785663 
-51.0 -51.5 -51.5 -51.5 -51.5 -51.5 -51.5 -51.0 -51.0 -51.0 -51.0 -51.0 -51.0 -51.0 -50.5 -50.5 -49.5 -49.0 -50.0 -50.0 -50.5 -50.0 -50.5 -50.5 -50.5 -52.0 -53.0 -53.0 -52.5 -51.5 -51.0 -51.0 -51.0 -51.5 -51.0 -50.0 -49.0 -49.0 -48.5 -50.0 -51.5 -52.0 -52.5 -53.0 -53.5 -53.0 -53.0 -53.5 
1.1658253987930873 1.282407938672396 1.2210487071569704 1.2210487071569704 1.2026409377023426 1.2087768608538851 1.239456476611598 1.2333205534600555 1.214912784005428 1.1965050145508 1.1474176293384597 1.1351457830353744 1.184233168247715 1.1228739367322893 1.1167380135807468 1.055378782065321 0.9081166264282996 0.8283496254582462 0.9940195505498954 1.1535535524900022 1.1719613219446299 1.2333205534600555 1.4358060174609601 1.4480778637640452 1.4787574795217582 1.3867186322486196 1.3989904785517047 1.423534171157875 1.4296700943094176 1.4296700943094176 1.4787574795217582 1.3867186322486196 1.509437095279471 1.4173982480063325 1.3867186322486196 1.239456476611598 1.0983302441261191 0.9572040116406401 1.0062913968529805 1.1290098598838318 1.2762720155208536 1.325359400733194 1.3989904785517047 1.3621749396424494 1.3867186322486196 1.3499030933393643 1.3744467859455345 1.3744467859455345 
-50.0 -50.5 -50.0 -50.0 -50.0 -50.5 -50.0 -50.5 -50.0 -50.0 -50.0 -50.0 -50.5 -50.0 -50.0 -50.5 -51.5 -52.0 -51.0 -49.5 -50.0 -51.5 -50.5 -50.5 -50.5 -50.5 -50.0 -50.5 -50.5 -50.5 -51.5 -50.5 -51.0 -51.5 -51.0 -51.5 -51.5 -51.5 -50.0 -49.5 -50.0 -50.5 -50.5 -51.0 -51.0 -51.0 -51.0 -51.0 
1.5585244804918115 1.533980787885641 1.5707963267948966 1.5585244804918115 1.521708941582556 1.509437095279471 1.552388557340269 1.509437095279471 1.4787574795217582 1.552388557340269 1.509437095279471 1.4910293258248433 1.4971652489763858 1.4603497100671303 1.3989904785517047 1.3560390164909069 1.2455923997631406 1.184233168247715 1.7303303287350031 1.736466251886546 1.6444274046134073 1.6382914814618648 1.718058482431918 1.7732817907958012 1.9266798695843652 1.9266798695843652 1.9573594853420782 1.9819031779482483 1.9512235621905356 1.9512235621905356 1.8714565612204823 1.7671458676442586 1.748738098189631 1.932815792735908 1.9757672547967058 1.9880391010997909 1.8346410223112268 1.607611865704152 1.4664856332186729 1.5830681730979816 1.6812429435226628 1.6996507129772904 1.761009944492716 1.7303303287350031 1.7426021750380885 1.7671458676442586 1.7916895602504288 1.7794177139473437 
-50.5 -50.5 -50.5 -50.5 -50.5 -50.5 -50.5 -50.5 -50.5 -50.5 -50.5 -50.5 -50.5 -50.5 -50.5 -50.5 -51.5 -52.0 -50.0 -48.0 -48.0 -48.5 -49.0 -50.5 -50.0 -49.5 -49.5 -50.0 -50.0 -50.0 -51.0 -50.5 -49.0 -47.5 -48.5 -50.0 -51.0 -53.0 -52.0 -50.0 -50.0 -50.0 -50.0 -50.0 -50.0 -50.0 -50.0 -50.0 
1.9696313316451632 1.9573594853420782 1.9512235621905356 1.9757672547967058 1.9266798695843652 1.945087639038993 1.9819031779482483 1.9389517158874505 1.902136176978195 1.9573594853420782 1.8653206380689396 1.88986433067511 1.7671458676442586 1.8653206380689396 1.8714565612204823 1.8162332528565992 1.7303303287350031 1.5830681730979816 1.8039614065535141 2.0493983326152168 1.9819031779482483 2.1537090261914402 2.172116795646068 2.1966604882522383 2.2764274892222915 2.3193789512830896 2.313243028131547 2.2396119503130363 2.4175537217077703 2.3071071049800045 2.2150682577068657 2.3009711818284617 2.1966604882522383 2.1905245651006955 2.3746022596469727 2.4605051837685683 2.2396119503130363 1.7978254834019713 1.6812429435226628 1.9205439464328227 2.024854640009046 2.073942025221387 2.1475731030398975 2.141437179888355 2.116893487282185 2.1353012567368124 2.110757564130642 2.1659808724945253 
-49.5 -49.5 -49.5 -50.0 -50.0 -50.0 -49.5 -49.5 -49.5 -50.0 -50.0 -50.0 -50.0 -50.0 -50.0 -50.5 -52.0 -53.5 -53.0 -51.5 -52.5 -53.0 -51.5 -52.0 -53.0 -53.0 -52.0 -52.0 -52.5 -53.5 -51.5 -52.0 -53.5 -50.5 -51.0 -53.5 -54.5 -54.0 -52.0 -50.0 -50.0 -49.5 -49.5 -50.0 -50.0 -50.0 -50.0 -50.0 
5.105088062083414 4.957825906446392 5.037592907416445 4.565126824747668 4.945554060143307 4.945554060143307 4.669437518323892 4.8351074434155406 4.859651136021712 4.681709364626977 4.6878452877785195 4.9823695990525625 4.890330751779424 4.908738521234052 4.718524903536232 4.279806398200939 5.853670686571607 5.8045833013592665 5.381204603902829 5.675728915176872 5.651185222570702 5.93343768754166 5.816855147662351 5.730952223540755 5.878214379177777 5.982525072754001 6.019340611663256 5.829126993965437 5.921165841238575 5.240078371417351 5.50392306693368 6.092971689481767 6.17273869045182 6.12365130523948 5.927301764390117 5.154175447295755 4.368777283898306 4.865787059173254 5.0253210611133605 5.019185137961818 5.227806525114265 5.006913291658733 5.049864753719531 4.822835597112456 4.743068596142402 
-62.0 -62.0 -62.0 -62.5 -63.5 -63.0 -62.0 -61.5 -62.0 -63.0 -63.0 -62.0 -63.5 -62.0 -63.0 -68.5 -57.5 -56.5 -58.5 -58.0 -60.5 -58.0 -59.5 -60.5 -60.5 -60.0 -58.5 -59.0 -60.0 -60.5 -56.0 -56.5 -57.5 -60.5 -63.5 -68.0 -64.5 -62.5 -62.5 -62.0 -62.0 -62.0 -61.5 -62.0 -62.0 
5.737088146692298 5.700272607783043 5.6143696836614465 5.64504929941916 5.638913376267617 5.516194913236766 5.620505606812989 5.651185222570702 5.706408530934585 5.540738605842936 5.473243451175968 5.460971604872882 5.626641529964532 5.632777453116074 5.626641529964532 5.50392306693368 5.460971604872882 5.773903685601553 5.64504929941916 0.1718058482431918 6.000932842208628 6.240233845118788 0.07976700097005335 6.14819499784565 6.056156150572511 6.1850105367549055 6.178874613603362 0.16566992509164924 0.3190680038802134 5.976389149602458 0.20248546400090464 5.7616318392984684 6.135923151542564 6.258641614573416 5.5100589900852235 5.64504929941916 5.737088146692298 5.71868037723767 5.773903685601553 5.743224069843841 5.743224069843841 5.743224069843841 5.816855147662351 
-59.0 -59.0 -59.0 -59.0 -59.0 -59.5 -59.5 -59.0 -58.5 -59.5 -59.5 -59.5 -59.0 -59.5 -60.0 -60.0 -62.5 -59.0 -60.5 -64.0 -60.0 -65.5 -61.5 -61.0 -62.0 -62.0 -61.5 -61.5 -65.5 -63.0 -62.0 -62.0 -61.5 -66.5 -60.5 -59.0 -58.5 -58.0 -58.0 -58.5 -59.0 -59.5 -59.5 
