0.12885438618239387 0.19634954084936207 6.209554229361076 0.25157284921324513 0.07363107781851078 0.06135923151542565 0.25157284921324513 0.19634954084936207 0.4172427743048944 4.086524818927348 3.834951969714103 2.988194574801229 2.6139032625571326 2.356194490192345 2.1966604882522383 6.1850105367549055 2.5464081078901644 5.976389149602458 3.160000423044421 0.4356505437595221 1.0921943209745766 0.3865631585471816 0.6504078540635119 1.0799224746714913 1.1719613219446299 0.7853981633974483 
-72.5 -72.5 -72.0 -72.0 -72.5 -72.0 -72.0 -71.0 -71.5 -68.0 -65.0 -64.0 -64.5 -64.5 -68.5 -72.5 -69.0 -66.5 -64.0 -67.0 -74.0 -72.0 -73.5 -73.5 -73.0 -74.0 
1.7732817907958012 1.8346410223112268 1.748738098189631 1.8407769454627694 1.761009944492716 1.8653206380689396 1.9634954084936207 1.7916895602504288 1.9205439464328227 1.846912868614312 1.88986433067511 1.88986433067511 1.7855536370988863 1.8162332528565992 1.7732817907958012 1.748738098189631 4.83203948183977 4.589670517353839 1.2946797849754812 1.5401167110371838 1.6566992509164924 2.2089323345553233 2.141437179888355 2.0064468705544187 1.7548740213411735 1.7241944055834606 2.055534255766759 1.7916895602504288 1.8714565612204823 1.8837284075235674 1.88986433067511 2.116893487282185 1.282407938672396 1.337631247036279 4.417864669110647 1.1228739367322893 1.2210487071569704 1.3130875544301088 1.5585244804918115 1.5585244804918115 1.6198837120072371 1.6751070203711202 1.227184630308513 1.7119225592803755 1.6812429435226628 1.8714565612204823 1.7426021750380885 1.7426021750380885 
-61.5 -62.0 -61.0 -61.5 -61.5 -61.5 -61.5 -61.0 -61.5 -61.0 -61.5 -61.0 -62.5 -61.5 -61.5 -61.0 -62.0 -63.5 -63.0 -62.0 -63.5 -66.5 -64.0 -62.0 -62.0 -62.0 -60.5 -60.0 -61.0 -61.5 -61.0 -61.5 -64.0 -62.5 -63.0 -62.0 -62.0 -61.0 -60.0 -60.5 -61.0 -60.0 -60.5 -60.5 -60.5 -60.5 -61.0 -60.5 
1.214912784005428 1.2517283229146832 1.2762720155208536 1.2517283229146832 1.2517283229146832 1.2762720155208536 1.214912784005428 1.239456476611598 1.2455923997631406 1.2517283229146832 1.214912784005428 1.2026409377023426 1.2517283229146832 1.1658253987930873 1.239456476611598 4.37798116862562 1.141281706186917 1.1351457830353744 1.1596894756415448 1.325359400733194 1.1903690913992575 1.0799224746714913 1.1474176293384597 1.012427320004523 0.9940195505498954 1.043106935762236 1.0246991663076084 1.030835089459151 1.0737865515199487 1.0921943209745766 1.1535535524900022 1.3192234775816514 1.4173982480063325 1.1596894756415448 1.1351457830353744 1.1596894756415448 1.1290098598838318 1.1658253987930873 1.214912784005428 1.2087768608538851 1.2517283229146832 1.2640001692177683 1.2640001692177683 1.2333205534600555 1.3069516312785663 1.239456476611598 1.2701360923693108 1.2946797849754812 1.282407938672396 
-53.0 -53.0 -53.0 -53.5 -53.5 -53.5 -53.0 -53.0 -53.0 -53.0 -52.5 -52.5 -52.5 -52.5 -52.0 -50.5 -48.5 -50.0 -50.5 -51.0 -50.5 -51.5 -52.0 -52.0 -53.0 -53.5 -54.0 -53.5 -52.5 -52.0 -51.5 -51.5 -51.5 -51.5 -50.0 -49.5 -49.5 -49.0 -49.0 -49.5 -50.5 -51.0 -51.5 -52.5 -52.5 -52.5 -53.0 -52.5 -52.5 
1.4296700943094176 1.41126232485479 1.4173982480063325 1.423534171157875 1.4358060174609601 1.4051264017032472 1.4173982480063325 1.4051264017032472 1.423534171157875 1.41126232485479 1.368310862793992 1.3744467859455345 1.368310862793992 1.3069516312785663 1.3499030933393643 1.1351457830353744 0.9756117810952678 1.2087768608538851 1.2578642460662257 1.3314953238847365 1.2640001692177683 1.4603497100671303 1.5707963267948966 1.5707963267948966 1.5278448647340985 1.5401167110371838 1.5401167110371838 1.4910293258248433 1.5892040962495242 1.6505633277649499 1.4542137869155878 1.6689710972195777 1.6321555583103222 1.4971652489763858 1.3499030933393643 1.1474176293384597 1.0676506283684062 0.9572040116406401 1.0737865515199487 1.141281706186917 1.2455923997631406 1.3130875544301088 1.3499030933393643 1.3499030933393643 1.3499030933393643 1.380582709097077 1.3560390164909069 1.3437671701878218 1.3744467859455345 
-51.0 -51.0 -51.0 -51.0 -51.0 -51.0 -50.5 -50.5 -50.5 -50.5 -50.5 -50.5 -50.5 -51.0 -51.0 -51.0 -51.0 -50.5 -50.0 -49.5 -51.0 -51.0 -51.5 -51.5 -51.5 -51.5 -51.5 -51.5 -51.0 -51.0 -51.5 -49.5 -51.0 -51.5 -51.5 -51.5 -51.0 -50.5 -49.5 -50.0 -50.0 -50.0 -50.0 -50.0 -50.0 -50.5 -50.5 -50.5 -50.0 
1.7978254834019713 1.859184714917397 1.8775924843720249 1.8653206380689396 1.859184714917397 1.859184714917397 1.8714565612204823 1.859184714917397 1.8346410223112268 1.7978254834019713 1.7794177139473437 1.7303303287350031 1.718058482431918 1.6505633277649499 1.6996507129772904 4.681709364626977 1.4173982480063325 1.9389517158874505 1.9634954084936207 1.8407769454627694 1.7794177139473437 1.8775924843720249 1.9389517158874505 2.1046216409791 2.110757564130642 2.061670178918302 2.110757564130642 2.0923497946760143 2.073942025221387 2.055534255766759 1.945087639038993 1.8285050991596843 1.9634954084936207 1.9389517158874505 1.932815792735908 1.8530487917658545 1.8407769454627694 1.5707963267948966 1.4358060174609601 1.509437095279471 1.6260196351587797 1.6812429435226628 1.7119225592803755 1.6935147898257479 1.705786636128833 1.705786636128833 1.7855536370988863 1.705786636128833 1.748738098189631 
-49.5 -50.0 -49.5 -49.5 -49.5 -49.5 -49.5 -49.0 -49.5 -49.5 -49.5 -49.0 -49.5 -49.5 -49.5 -50.0 -51.5 -50.5 -49.0 -47.5 -48.5 -50.0 -52.0 -51.0 -50.5 -50.5 -50.5 -50.5 -50.5 -51.0 -51.0 -50.0 -48.0 -47.5 -49.0 -50.0 -51.5 -53.0 -51.5 -50.5 -50.5 -50.0 -50.0 -50.0 -50.0 -50.0 -50.0 -50.0 -50.0 
2.141437179888355 2.172116795646068 2.1659808724945253 2.141437179888355 2.184388641949153 2.1659808724945253 2.1966604882522383 2.141437179888355 2.1598449493429825 2.098485717827557 2.055534255766759 2.061670178918302 2.024854640009046 2.024854640009046 1.9941750242513334 5.056000676871073 1.705786636128833 2.116893487282185 2.270291566070749 2.1353012567368124 2.282563412373834 2.282563412373834 2.3439226438892597 2.399145952253143 2.435961491162398 2.405281875404685 2.411417798556228 2.442097414313941 2.4175537217077703 2.337786720737717 2.356194490192345 2.350058567040802 2.2089323345553233 2.282563412373834 2.2948352586769194 2.2027964114037806 1.8346410223112268 1.736466251886546 1.7855536370988863 1.8837284075235674 2.0064468705544187 2.0923497946760143 2.0923497946760143 2.116893487282185 2.0923497946760143 2.116893487282185 5.2768939103266055 2.141437179888355 
-50.0 -50.0 -49.5 -50.0 -50.0 -49.5 -50.0 -49.5 -49.5 -49.5 -49.5 -49.5 -49.5 -50.0 -49.5 -50.5 -52.0 -52.5 -52.0 -52.5 -53.5 -52.0 -52.0 -53.0 -52.5 -52.0 -51.5 -52.5 -53.0 -52.5 -51.5 -53.0 -51.0 -50.0 -51.5 -54.0 -53.5 -52.5 -50.5 -50.0 -49.0 -49.0 -49.0 -49.0 -49.5 -49.0 -50.0 -49.5 
5.105088062083414 5.270757987175063 5.105088062083414 5.013049214810275 5.141903600992669 5.123495831538041 5.086680292628786 5.209398755659637 5.086680292628786 5.252350217720435 5.178719139901925 5.209398755659637 5.203262832508095 5.307573526084319 5.166447293598839 4.61728217153578 6.019340611663256 5.878214379177777 5.5100589900852235 5.730952223540755 5.927301764390117 6.105243535784852 5.9088939949354895 5.945709533844745 6.025476534814799 5.8475347634200645 6.031612457966341 5.957981380147831 5.988660995905543 5.64504929941916 5.47937937432751 6.062292073724054 6.1850105367549055 6.074563920027139 6.043884304269426 5.945709533844745 4.595806440505381 4.620350133111551 4.9394181369917645 5.313709449235861 5.141903600992669 5.178719139901925 5.105088062083414 5.473243451175968 5.141903600992669 4.9823695990525625 5.135767677841127 
-61.0 -61.0 -61.5 -61.5 -60.5 -60.5 -60.5 -61.0 -61.0 -61.0 -61.0 -60.5 -60.0 -60.5 -60.5 -65.0 -60.0 -57.0 -59.5 -59.5 -61.0 -59.0 -59.0 -60.0 -60.0 -59.5 -59.0 -58.0 -59.0 -60.5 -56.0 -55.5 -56.5 -58.0 -60.5 -67.0 -68.5 -67.0 -65.5 -64.5 -63.0 -63.0 -62.5 -63.0 -62.5 -63.0 -63.0 
5.773903685601553 5.786175531904639 5.749359992995383 5.688000761479957 5.755495916146925 5.822991070813893 5.755495916146925 5.724816300389213 5.743224069843841 5.810719224510809 5.755495916146925 5.7616318392984684 5.675728915176872 5.595961914206819 5.602097837358362 5.602097837358362 6.22182607566416 6.14819499784565 5.786175531904639 0.6442719309119693 6.270913460876501 0.14726215563702155 0.705631162427395 0.14726215563702155 0.02454369260617026 6.264777537724958 0.0 0.35588354278946877 0.5092816215780329 6.1420590746941075 0.2638446955163303 2.9206994201342606 5.767767762450011 6.043884304269426 6.111379458936394 6.17273869045182 5.878214379177777 5.540738605842936 5.602097837358362 5.589825991055276 5.638913376267617 5.773903685601553 5.6573211457222445 5.712544454086128 5.681864838328415 5.7616318392984684 5.675728915176872 5.724816300389213 
-59.5 -59.5 -60.0 -60.0 -60.0 -60.5 -59.5 -59.5 -59.0 -59.5 -60.0 -60.0 -59.5 -60.0 -60.0 -62.0 -65.5 -60.5 -63.0 -69.5 -62.5 -67.5 -65.5 -63.5 -63.0 -62.5 -62.5 -62.5 -65.0 -66.5 -62.0 -67.5 -61.5 -60.5 -62.5 -64.5 -67.5 -65.0 -60.5 -60.0 -59.0 -58.5 -59.0 -59.5 -59.0 -59.0 -59.0 -59.5 
