0.2638446955163303 0.2454369260617026 0.19634954084936207 0.30679615757712825 0.44178646691106466 0.37429131224409645 0.4111068511533518 0.03681553890925539 0.3190680038802134 1.2026409377023426 3.2090878082567613 2.761165418194154 2.3930100291016 2.1537090261914402 2.521864415283994 2.6384469551633027 2.6875343403756435 2.4911847995262812 2.4850488763747385 2.82252464970958 3.0802334220743677 3.3195344249845276 3.54042765844006 1.1658253987930873 5.283029833478148 5.988660995905543 5.853670686571607 
-73.5 -73.5 -73.5 -73.5 -73.5 -73.0 -72.5 -72.5 -72.0 -69.0 -65.5 -66.0 -64.0 -67.0 -69.0 -69.0 -69.5 -68.5 -66.5 -65.5 -65.5 -65.0 -67.5 -72.5 -76.5 -68.0 -71.5 
1.8039614065535141 1.7426021750380885 1.6873788666742053 1.8100973297050567 1.7303303287350031 1.7119225592803755 1.4664856332186729 1.7916895602504288 1.8346410223112268 1.7119225592803755 1.7426021750380885 1.6566992509164924 1.7978254834019713 1.7671458676442586 1.8223691760081417 1.6751070203711202 1.5953400194010667 1.4603497100671303 1.3989904785517047 1.5892040962495242 2.3930100291016 2.0800779483729293 2.024854640009046 1.8714565612204823 1.9512235621905356 1.9941750242513334 2.073942025221387 2.098485717827557 1.9819031779482483 2.2457478734645786 2.086213871524472 1.859184714917397 1.6873788666742053 1.6260196351587797 1.4664856332186729 1.6751070203711202 1.8653206380689396 1.9941750242513334 1.9266798695843652 2.107689602554871 2.1046216409791 2.0493983326152168 1.9819031779482483 2.098485717827557 1.9819031779482483 2.024854640009046 
-61.0 -61.0 -60.5 -61.0 -61.0 -61.0 -61.0 -60.5 -62.0 -61.0 -61.5 -61.0 -61.0 -61.0 -61.5 -61.0 -60.0 -61.0 -63.5 -61.5 -65.0 -63.0 -61.5 -61.5 -62.0 -60.0 -60.0 -61.0 -60.0 -62.5 -62.0 -62.0 -59.5 -58.5 -60.5 -60.0 -58.0 -57.5 -57.5 -58.5 -57.5 -57.5 -58.0 -58.5 -58.5 -58.5 
1.2701360923693108 1.2333205534600555 1.2578642460662257 1.2578642460662257 1.214912784005428 1.2517283229146832 1.2640001692177683 1.2640001692177683 1.2210487071569704 1.2578642460662257 1.2946797849754812 1.2087768608538851 1.2026409377023426 1.1965050145508 1.1719613219446299 1.239456476611598 1.2885438618239387 1.141281706186917 1.1780972450961724 1.3069516312785663 1.0983302441261191 1.0799224746714913 1.030835089459151 0.9081166264282996 0.8713010875190442 0.9326603190344698 0.9387962421860124 1.0185632431560658 1.043106935762236 1.3069516312785663 1.3621749396424494 1.1290098598838318 1.1719613219446299 1.2701360923693108 1.2087768608538851 1.2762720155208536 1.3130875544301088 1.1780972450961724 4.387185053352934 1.0369710126106935 1.1106020904292042 1.1596894756415448 1.1535535524900022 1.1903690913992575 1.2087768608538851 
-54.0 -54.0 -53.5 -53.5 -53.0 -53.5 -54.0 -53.5 -53.5 -53.5 -53.5 -53.5 -53.5 -53.5 -53.0 -51.5 -49.5 -50.5 -51.5 -51.5 -52.0 -54.0 -53.5 -54.5 -56.0 -56.5 -55.5 -54.5 -53.5 -53.0 -53.5 -53.0 -51.5 -52.0 -51.5 -51.5 -53.0 -55.0 -57.5 -58.0 -58.5 -59.0 -58.0 -58.5 -58.5 
1.4419419406125027 1.4173982480063325 1.4173982480063325 1.423534171157875 1.3928545554001621 1.4296700943094176 1.4358060174609601 1.3744467859455345 1.4296700943094176 1.4664856332186729 1.3621749396424494 1.4173982480063325 1.4296700943094176 1.3928545554001621 1.3560390164909069 1.2701360923693108 0.9633399347921826 1.1658253987930873 1.3744467859455345 1.3192234775816514 1.4173982480063325 1.576932249946439 1.4787574795217582 1.4971652489763858 1.4051264017032472 1.41126232485479 1.4848934026733007 1.6014759425526093 1.4910293258248433 1.6198837120072371 1.6137477888556946 1.533980787885641 1.380582709097077 1.0983302441261191 1.0062913968529805 1.0799224746714913 1.1903690913992575 1.368310862793992 1.4204662095821037 1.380582709097077 1.3867186322486196 1.4358060174609601 1.4480778637640452 1.4848934026733007 1.4542137869155878 
-51.0 -51.0 -51.0 -51.0 -51.0 -51.0 -51.5 -51.0 -51.0 -51.0 -50.5 -51.0 -50.5 -51.0 -51.0 -51.0 -50.5 -51.0 -50.0 -50.0 -51.5 -52.5 -52.5 -52.5 -52.0 -52.5 -52.5 -53.0 -52.5 -51.5 -52.5 -52.0 -53.0 -52.0 -51.5 -50.5 -50.5 -51.5 -52.5 -52.5 -52.5 -53.0 -53.0 -53.0 -53.0 
1.8100973297050567 1.8530487917658545 1.8162332528565992 1.8653206380689396 1.8162332528565992 1.7855536370988863 1.8162332528565992 1.7732817907958012 1.7978254834019713 1.7855536370988863 4.921010367537137 1.761009944492716 1.7732817907958012 1.7916895602504288 1.7548740213411735 1.6505633277649499 1.5707963267948966 1.945087639038993 2.055534255766759 1.8530487917658545 1.9205439464328227 1.9819031779482483 2.1598449493429825 2.1782527187976104 2.1230294104337273 2.1537090261914402 2.184388641949153 2.2764274892222915 2.043262409463674 1.8837284075235674 2.12916533358527 2.2150682577068657 2.2027964114037806 2.086213871524472 1.7426021750380885 1.748738098189631 1.8837284075235674 1.945087639038993 2.055534255766759 2.030990563160589 2.0493983326152168 2.0493983326152168 2.12916533358527 2.073942025221387 2.043262409463674 
-50.5 -50.5 -50.0 -50.0 -50.0 -50.0 -50.0 -50.0 -50.0 -50.0 -50.5 -50.0 -50.0 -50.0 -50.0 -50.0 -52.0 -52.5 -49.5 -48.5 -51.5 -52.5 -54.5 -53.0 -53.5 -54.0 -53.5 -54.0 -53.0 -51.0 -49.0 -51.0 -53.0 -54.0 -54.5 -51.5 -50.5 -50.5 -51.5 -50.5 -51.0 -51.0 -51.0 -51.0 -51.5 
2.1537090261914402 2.1782527187976104 2.172116795646068 2.1598449493429825 2.172116795646068 2.1537090261914402 2.1537090261914402 2.1966604882522383 2.184388641949153 2.1598449493429825 5.283029833478148 2.1598449493429825 2.0800779483729293 2.0800779483729293 1.9880391010997909 1.8837284075235674 2.116893487282185 2.3623304133438876 2.3746022596469727 2.435961491162398 2.435961491162398 2.4605051837685683 2.5034566458293663 2.5341362615870793 2.5586799541932495 2.5280003384355365 2.5157284921324514 2.4605051837685683 2.4727770300716534 2.2089323345553233 2.5464081078901644 2.509592568980909 2.098485717827557 1.9696313316451632 2.0064468705544187 2.1966604882522383 2.3439226438892597 2.4697090684958822 2.466641106920111 2.4911847995262812 2.466641106920111 2.4727770300716534 2.4727770300716534 2.454369260617026 
-50.0 -49.5 -50.0 -49.5 -49.5 -49.5 -49.5 -49.5 -49.5 -49.0 -49.5 -49.0 -49.0 -49.0 -50.0 -51.0 -52.5 -52.0 -54.0 -53.5 -53.5 -54.0 -54.5 -54.0 -53.0 -54.0 -54.5 -53.0 -54.5 -52.0 -51.0 -53.5 -55.0 -52.5 -51.0 -50.5 -50.0 -50.5 -50.5 -50.5 -50.5 -50.5 -50.5 -50.5 
5.074408446325701 5.332117218690489 5.123495831538041 5.178719139901925 5.160311370447297 5.049864753719531 5.190990986205009 5.203262832508095 5.092816215780329 5.221670601962723 5.221670601962723 5.227806525114265 5.3198453723874035 5.178719139901925 5.209398755659637 5.289165756629691 5.098952138931871 5.706408530934585 6.117515382087937 6.031612457966341 5.620505606812989 5.786175531904639 5.663457068873787 6.068427996875596 6.068427996875596 6.111379458936394 6.074563920027139 6.22182607566416 6.092971689481767 5.884350302329319 5.835262917116979 5.730952223540755 0.11044661672776616 0.02454369260617026 6.2463697682703305 5.878214379177777 4.76147636559703 4.583534594202296 5.283029833478148 5.126563793113813 5.2339424482658075 5.356660911296659 5.283029833478148 5.160311370447297 5.209398755659637 5.264622064023521 
-62.0 -62.5 -61.5 -62.0 -61.5 -61.0 -61.0 -61.0 -61.0 -61.0 -61.0 -61.0 -60.5 -60.5 -60.5 -61.5 -64.0 -70.5 -62.0 -58.5 -59.5 -60.5 -60.5 -60.0 -60.0 -61.0 -60.5 -60.5 -60.0 -60.5 -60.0 -57.0 -57.0 -60.0 -63.5 -69.5 -65.5 -63.0 -62.0 -63.5 -61.5 -62.0 -61.5 -61.5 -61.5 -61.5 
5.835262917116979 5.835262917116979 5.902758071783947 5.792311455056181 5.798447378207723 5.608233760509904 5.822991070813893 5.773903685601553 5.780039608753096 5.700272607783043 5.792311455056181 5.706408530934585 5.724816300389213 5.700272607783043 5.71868037723767 5.681864838328415 5.7616318392984684 6.2463697682703305 6.166602767300278 0.662679700366597 0.4724660826687775 0.30679615757712825 1.2210487071569704 0.9510680884890975 0.23316507975861744 0.25770877236478773 0.619728238305799 0.7547185476397354 0.0859029241215959 0.30066023442558565 0.3988350048502667 0.06135923151542565 5.3627968344482015 5.620505606812989 5.884350302329319 5.973321188026687 5.939573610693203 5.890486225480862 5.9518454569962875 5.939573610693203 6.000932842208628 6.050020227420969 
-59.5 -59.0 -59.5 -60.5 -60.5 -59.5 -59.5 -59.5 -59.5 -59.5 -59.5 -59.0 -60.0 -59.5 -59.0 -59.0 -59.5 -67.0 -61.0 -70.0 -63.5 -67.5 -69.0 -66.5 -65.0 -65.0 -66.5 -70.0 -69.5 -64.0 -63.5 -69.0 -63.0 -60.5 -59.0 -59.5 -59.5 -59.0 -59.5 -60.0 -59.5 -59.5 
