0.2638446955163303 0.22089323345553233 0.2761165418194154 0.25770877236478773 0.14112623248547898 0.19634954084936207 0.23316507975861744 3.1968159619536762 0.2761165418194154 3.055689729468197 0.19634954084936207 0.2086213871524472 0.11658253987930872 3.1354567304382504 0.5276893910326605 1.055378782065321 1.3314953238847365 4.270602513473625 3.442252888015379 2.8961557275280905 2.5709518004963345 1.9082721001297376 2.724349879284899 2.662990647769473 2.5464081078901644 3.5956509668039427 3.5895150436524004 3.215223731408304 3.485204350076177 4.7307967498393175 0.16566992509164924 0.07976700097005335 0.07363107781851078 0.1349903093339364 0.36815538909255385 0.4049709280018093 0.380427235395639 
-72.0 -71.5 -71.5 -71.5 -71.5 -71.5 -71.5 -69.5 -71.5 -69.5 -72.0 -72.0 -72.0 -69.5 -72.5 -76.0 -70.5 -66.5 -65.0 -63.0 -64.0 -68.0 -69.5 -68.0 -67.5 -70.0 -67.0 -66.5 -67.0 -75.5 -78.5 -74.0 -72.5 -72.0 -72.0 -71.5 -71.0 
1.6935147898257479 1.7732817907958012 1.736466251886546 1.748738098189631 1.7548740213411735 1.7794177139473437 1.6812429435226628 1.607611865704152 1.6444274046134073 1.6566992509164924 1.6812429435226628 1.748738098189631 1.6751070203711202 1.6137477888556946 1.7119225592803755 1.6321555583103222 1.6198837120072371 1.7119225592803755 1.6137477888556946 1.7548740213411735 6.215690152512618 2.9084275738311756 2.399145952253143 2.000310947402876 1.6996507129772904 1.8837284075235674 2.0493983326152168 2.12916533358527 2.0493983326152168 1.9634954084936207 1.6689710972195777 1.3130875544301088 1.3008157081270237 1.2701360923693108 1.368310862793992 1.3345632854605078 1.1903690913992575 1.4787574795217582 1.521708941582556 1.5401167110371838 1.5892040962495242 1.4726215563702154 1.5707963267948966 
-61.5 -60.5 -61.5 -62.0 -61.0 -61.5 -61.0 -62.0 -62.5 -61.5 -62.0 -62.0 -62.0 -61.5 -61.5 -62.0 -62.0 -62.0 -62.5 -63.0 -69.5 -66.5 -64.0 -62.0 -62.0 -61.0 -60.5 -61.0 -62.0 -63.5 -63.5 -61.0 -60.0 -60.5 -62.0 -63.5 -62.0 -61.0 -61.5 -61.0 -62.0 -61.5 -62.0 
1.3130875544301088 1.3130875544301088 1.337631247036279 1.3928545554001621 1.2701360923693108 1.2762720155208536 1.3069516312785663 1.239456476611598 1.2517283229146832 1.2885438618239387 1.2701360923693108 1.282407938672396 1.2333205534600555 1.2517283229146832 1.2701360923693108 1.2640001692177683 1.239456476611598 1.2578642460662257 1.282407938672396 1.2455923997631406 1.0921943209745766 1.1044661672776617 1.41126232485479 1.1535535524900022 1.1106020904292042 1.1535535524900022 1.1044661672776617 1.043106935762236 1.000155473701438 1.0062913968529805 1.0185632431560658 1.0676506283684062 1.3314953238847365 1.239456476611598 1.0921943209745766 1.0983302441261191 1.1780972450961724 1.1811652066719438 1.1658253987930873 1.141281706186917 1.2333205534600555 1.2333205534600555 1.214912784005428 1.2455923997631406 1.2640001692177683 
-53.0 -53.0 -52.5 -52.5 -52.5 -52.5 -52.5 -52.0 -53.0 -53.0 -53.0 -53.0 -52.5 -52.5 -53.0 -52.5 -53.0 -52.5 -51.0 -49.5 -50.5 -51.5 -50.5 -49.5 -51.0 -51.5 -52.0 -53.0 -53.5 -54.0 -54.5 -52.5 -52.5 -52.5 -51.0 -49.5 -49.5 -50.0 -49.0 -49.0 -49.5 -50.0 -50.0 -50.0 -50.0 
1.3437671701878218 1.3867186322486196 1.41126232485479 1.4051264017032472 1.3867186322486196 1.41126232485479 1.3867186322486196 1.3989904785517047 1.4173982480063325 1.3437671701878218 1.3989904785517047 1.4480778637640452 1.368310862793992 1.4173982480063325 1.423534171157875 1.368310862793992 1.3621749396424494 1.214912784005428 1.1719613219446299 1.055378782065321 1.1965050145508 1.2946797849754812 1.3560390164909069 1.2885438618239387 1.4296700943094176 1.5707963267948966 1.5830681730979816 1.5830681730979816 1.5585244804918115 1.5830681730979816 1.4542137869155878 1.4542137869155878 1.6198837120072371 1.5278448647340985 1.4480778637640452 1.2578642460662257 1.1106020904292042 1.043106935762236 1.0246991663076084 1.0799224746714913 1.1965050145508 1.2210487071569704 1.2640001692177683 1.2517283229146832 1.2455923997631406 
-51.5 -51.0 -51.0 -51.5 -51.0 -51.5 -51.0 -51.0 -51.5 -51.0 -51.5 -51.0 -51.0 -51.0 -51.0 -51.5 -51.5 -51.5 -51.0 -50.5 -51.0 -50.0 -49.5 -49.5 -51.0 -51.5 -51.5 -51.5 -51.5 -51.5 -53.0 -51.5 -51.0 -52.0 -52.0 -52.0 -51.0 -51.5 -50.0 -49.5 -50.0 -50.0 -49.5 -49.5 -49.5 
1.846912868614312 1.8223691760081417 1.846912868614312 1.8039614065535141 1.7916895602504288 1.8407769454627694 1.7916895602504288 1.761009944492716 1.7426021750380885 1.7671458676442586 1.761009944492716 1.7548740213411735 1.761009944492716 1.6935147898257479 1.7548740213411735 1.6260196351587797 1.6689710972195777 1.6751070203711202 1.6014759425526093 1.4787574795217582 1.846912868614312 1.88986433067511 1.6873788666742053 1.6873788666742053 1.8407769454627694 1.8775924843720249 2.0493983326152168 2.0493983326152168 2.030990563160589 2.116893487282185 2.067806102069844 1.9573594853420782 1.8530487917658545 2.024854640009046 2.086213871524472 2.030990563160589 1.9389517158874505 1.696582751401519 1.4358060174609601 1.533980787885641 1.5707963267948966 1.6198837120072371 1.6014759425526093 1.552388557340269 1.5278448647340985 
-50.0 -50.0 -50.0 -50.0 -49.5 -49.5 -50.0 -50.0 -50.0 -50.5 -50.0 -50.0 -50.0 -50.0 -50.0 -50.0 -50.0 -50.0 -50.0 -51.0 -52.0 -49.0 -47.5 -50.5 -49.5 -50.5 -50.0 -50.5 -51.0 -51.5 -53.5 -53.0 -50.5 -48.0 -49.5 -51.0 -51.0 -53.5 -52.0 -51.0 -49.5 -49.5 -49.5 -49.5 -49.5 
2.141437179888355 2.116893487282185 2.12916533358527 2.116893487282185 2.1537090261914402 2.141437179888355 2.110757564130642 2.086213871524472 2.0923497946760143 2.110757564130642 2.116893487282185 2.1046216409791 2.0923497946760143 2.0923497946760143 2.098485717827557 2.086213871524472 2.043262409463674 2.000310947402876 1.945087639038993 1.846912868614312 2.012582793705961 2.1537090261914402 1.9757672547967058 2.2886993355253766 2.2396119503130363 2.270291566070749 2.2212041808584084 2.36846633649543 2.4175537217077703 2.429825568010856 2.429825568010856 2.509592568980909 2.2396119503130363 2.2089323345553233 2.454369260617026 2.442097414313941 2.055534255766759 1.8561167533416258 1.7855536370988863 1.8775924843720249 1.9144080232812801 1.9573594853420782 1.9696313316451632 1.9757672547967058 1.9266798695843652 
-49.5 -49.5 -49.5 -49.5 -50.0 -49.5 -49.5 -49.5 -50.0 -49.5 -49.5 -50.0 -50.0 -49.5 -49.5 -49.5 -49.5 -50.0 -50.0 -51.0 -52.0 -50.5 -53.0 -53.0 -52.0 -51.0 -52.0 -53.0 -53.0 -53.5 -52.5 -53.5 -54.5 -50.5 -51.0 -52.5 -55.0 -54.5 -51.5 -50.0 -49.0 -49.0 -49.0 -49.0 -49.0 
5.0253210611133605 5.129631754689584 5.019185137961818 5.098952138931871 5.092816215780329 5.056000676871073 4.994641445355648 5.111223985234957 5.135767677841127 5.1725832167503825 5.141903600992669 5.203262832508095 5.203262832508095 5.209398755659637 5.221670601962723 5.1725832167503825 4.963961829597935 5.019185137961818 4.76147636559703 4.4362724385652745 5.798447378207723 5.890486225480862 5.4671075280244255 5.853670686571607 5.7616318392984684 5.878214379177777 6.068427996875596 5.976389149602458 5.93343768754166 6.013204688511713 5.970253226450915 5.9088939949354895 5.45483568172134 5.872078456026235 6.19728238305799 6.191146459906448 6.007068765360171 6.022408573239027 5.546874528994478 4.779884135051658 4.749204519293945 4.878058905476339 4.9394181369917645 5.049864753719531 4.76147636559703 
-61.5 -61.0 -60.5 -61.0 -61.0 -60.5 -60.0 -60.5 -61.0 -60.5 -60.5 -61.0 -60.5 -60.5 -61.0 -60.0 -60.5 -61.0 -62.0 -65.5 -64.0 -59.0 -59.0 -59.5 -59.0 -59.0 -58.0 -59.0 -59.5 -59.5 -61.0 -61.0 -60.0 -56.0 -57.0 -59.0 -60.5 -63.0 -67.0 -65.5 -64.0 -62.5 -63.0 -62.0 -62.0 
5.724816300389213 5.712544454086128 5.651185222570702 5.620505606812989 5.632777453116074 5.589825991055276 5.792311455056181 5.8475347634200645 5.6573211457222445 5.706408530934585 5.663457068873787 5.786175531904639 5.8045833013592665 5.681864838328415 5.675728915176872 5.730952223540755 5.749359992995383 5.71868037723767 5.749359992995383 6.227961998815704 6.129787228391022 5.7616318392984684 0.5092816215780329 6.086835766330224 0.1349903093339364 0.28225246497095796 0.14726215563702155 0.0 0.30066023442558565 0.5522330836388308 0.18407769454627693 0.21475731030398976 5.786175531904639 6.031612457966341 0.07363107781851078 6.17273869045182 5.853670686571607 5.086680292628786 5.368932757599744 5.577554144752192 5.553010452146021 5.497787143782138 5.497787143782138 5.485515297479052 
-59.5 -59.5 -60.0 -60.0 -60.0 -59.5 -58.5 -59.5 -59.5 -59.5 -60.0 -60.5 -60.0 -60.0 -59.5 -59.5 -59.5 -59.5 -60.5 -67.0 -60.0 -64.5 -66.0 -61.5 -68.0 -64.0 -63.0 -63.5 -65.0 -70.5 -66.0 -65.5 -67.0 -60.0 -62.5 -67.0 -72.5 -69.0 -62.0 -60.5 -59.5 -59.0 -59.5 -59.5 
