3.129320807286708 3.2888548092268146 3.2765829629237295 3.067961575771282 3.147728576741336 3.2581751934691017 3.074097498922825 3.2643111166206444 3.0372819600135696 0.1718058482431918 0.19634954084936207 0.21475731030398976 0.2638446955163303 0.4663301595172349 4.356505437595221 0.9940195505498954 3.730641276137879 3.4606606574700063 2.9084275738311756 5.976389149602458 5.970253226450915 3.172272269347506 6.249437729846102 3.472932503773092 3.5158839658338894 0.5767767762450011 1.0921943209745766 5.798447378207723 0.46019423636569234 0.5031456984264903 0.25157284921324513 1.030835089459151 1.1228739367322893 1.000155473701438 4.368777283898306 
-68.5 -66.5 -68.5 -68.0 -67.5 -68.0 -68.0 -67.0 -66.5 -68.0 -68.0 -68.0 -68.5 -68.5 -65.5 -65.0 -62.5 -64.0 -64.0 -70.5 -71.0 -69.0 -68.0 -67.5 -66.0 -67.5 -71.5 -75.5 -76.0 -77.0 -77.0 -75.5 -73.5 -72.5 -70.5 
1.761009944492716 1.7671458676442586 1.7241944055834606 1.7671458676442586 1.6566992509164924 1.748738098189631 1.8162332528565992 1.7303303287350031 1.9205439464328227 1.8100973297050567 1.8653206380689396 1.8837284075235674 1.9144080232812801 1.846912868614312 2.030990563160589 1.9082721001297376 1.662835174068035 4.657165672020807 4.970097752749477 0.30066023442558565 3.08636934522591 2.423689644859313 1.8837284075235674 1.7671458676442586 1.859184714917397 1.9266798695843652 1.7548740213411735 2.2150682577068657 5.178719139901925 1.5585244804918115 1.2517283229146832 1.380582709097077 1.3437671701878218 1.4726215563702154 1.4726215563702154 1.6751070203711202 1.761009944492716 1.7303303287350031 1.705786636128833 1.8775924843720249 1.8653206380689396 1.8530487917658545 1.902136176978195 
-63.0 -62.5 -62.5 -62.0 -62.5 -63.0 -63.5 -63.0 -63.0 -63.0 -64.5 -63.5 -63.5 -64.0 -65.5 -64.0 -65.0 -66.0 -70.5 -66.0 -64.0 -62.5 -62.0 -61.5 -61.5 -61.5 -61.5 -62.5 -66.0 -62.0 -60.5 -61.5 -63.0 -63.0 -60.5 -60.5 -60.5 -61.0 -61.0 -61.0 -61.5 -62.0 -62.5 
1.1106020904292042 1.1167380135807468 1.0983302441261191 1.0737865515199487 1.0799224746714913 1.1106020904292042 1.0185632431560658 1.0737865515199487 1.055378782065321 1.0737865515199487 1.0492428589137786 1.0369710126106935 1.0492428589137786 1.0246991663076084 1.000155473701438 1.000155473701438 0.9572040116406401 0.9756117810952678 0.8897088569736719 0.9510680884890975 1.1903690913992575 1.3192234775816514 1.0799224746714913 1.141281706186917 1.086058397823034 1.0246991663076084 1.0062913968529805 1.0185632431560658 1.055378782065321 1.0799224746714913 1.239456476611598 1.3437671701878218 1.2087768608538851 1.1658253987930873 1.2333205534600555 1.1290098598838318 1.1780972450961724 1.2087768608538851 1.2087768608538851 1.1596894756415448 1.1044661672776617 1.1228739367322893 1.1719613219446299 1.1044661672776617 1.0983302441261191 1.141281706186917 
-50.5 -50.0 -50.0 -50.0 -50.0 -50.5 -50.0 -50.0 -50.5 -50.0 -50.0 -50.0 -50.0 -50.0 -50.0 -50.0 -49.5 -49.0 -49.5 -50.0 -50.5 -49.5 -49.0 -51.0 -51.0 -52.0 -52.5 -52.5 -52.5 -51.5 -50.5 -51.0 -50.0 -49.5 -49.5 -50.0 -49.5 -50.5 -52.0 -53.0 -53.0 -53.0 -53.0 -53.5 -53.0 -53.0 
1.1903690913992575 1.214912784005428 1.1719613219446299 1.141281706186917 1.1780972450961724 1.1535535524900022 1.1474176293384597 1.1474176293384597 1.1965050145508 1.1351457830353744 1.1780972450961724 1.1228739367322893 1.1351457830353744 1.1228739367322893 1.0737865515199487 1.0799224746714913 1.012427320004523 0.8099418560036186 0.8344855486097889 1.055378782065321 1.1351457830353744 1.1596894756415448 1.2517283229146832 1.4664856332186729 1.552388557340269 1.6014759425526093 1.5401167110371838 1.5892040962495242 1.6137477888556946 1.4971652489763858 1.564660403643354 1.3989904785517047 1.3989904785517047 1.2455923997631406 1.086058397823034 1.0676506283684062 1.012427320004523 1.227184630308513 1.325359400733194 1.4296700943094176 1.325359400733194 1.3314953238847365 1.3867186322486196 1.3560390164909069 1.3499030933393643 1.3437671701878218 
-49.5 -50.0 -49.5 -50.0 -49.5 -50.0 -50.0 -49.5 -50.0 -50.0 -49.5 -49.5 -50.0 -49.5 -50.0 -50.0 -51.0 -51.0 -52.0 -50.0 -49.5 -49.5 -49.5 -51.0 -51.0 -50.5 -51.0 -51.0 -51.5 -51.5 -50.0 -50.5 -50.0 -51.0 -50.0 -50.5 -50.0 -50.0 -51.0 -51.5 -51.5 -51.5 -51.5 -51.5 -51.5 -51.0 
1.5278448647340985 1.5155730184310134 1.4603497100671303 1.5155730184310134 1.4848934026733007 1.4480778637640452 1.4419419406125027 1.4542137869155878 1.4664856332186729 1.5033011721279284 1.4726215563702154 1.4051264017032472 1.3499030933393643 1.368310862793992 1.3069516312785663 1.3008157081270237 1.1965050145508 1.1106020904292042 1.4419419406125027 1.6566992509164924 1.5830681730979816 1.5155730184310134 1.6444274046134073 1.736466251886546 1.8714565612204823 1.9573594853420782 1.9757672547967058 1.9941750242513334 2.030990563160589 1.932815792735908 1.7855536370988863 1.7671458676442586 1.8285050991596843 1.8100973297050567 1.7548740213411735 1.607611865704152 1.3928545554001621 1.5033011721279284 1.6382914814618648 1.6873788666742053 1.7119225592803755 1.6812429435226628 1.6689710972195777 1.6382914814618648 1.6382914814618648 1.6198837120072371 
-49.5 -50.0 -50.0 -50.0 -50.0 -49.5 -50.0 -49.5 -50.0 -50.0 -50.0 -50.0 -50.0 -50.0 -49.5 -49.5 -50.0 -51.0 -52.5 -50.0 -48.5 -48.5 -50.0 -49.5 -49.5 -49.5 -49.5 -50.0 -50.5 -51.0 -50.0 -48.0 -48.0 -49.0 -49.5 -52.0 -51.5 -50.0 -50.0 -50.0 -50.5 -50.5 -50.5 -50.5 -50.5 -50.5 
1.8653206380689396 1.902136176978195 1.8530487917658545 1.8530487917658545 1.8407769454627694 1.8530487917658545 1.8346410223112268 1.8346410223112268 1.846912868614312 1.8653206380689396 1.8100973297050567 1.8346410223112268 1.8100973297050567 1.748738098189631 1.748738098189631 1.7241944055834606 1.662835174068035 1.607611865704152 1.7303303287350031 1.8960002538266525 1.9512235621905356 1.9757672547967058 2.086213871524472 2.12916533358527 2.1475731030398975 2.2457478734645786 2.3193789512830896 2.325514874434632 2.2396119503130363 2.3193789512830896 2.172116795646068 2.000310947402876 2.1659808724945253 2.1537090261914402 1.9757672547967058 1.7732817907958012 1.7241944055834606 1.9634954084936207 2.110757564130642 2.1353012567368124 2.1598449493429825 2.1782527187976104 2.1046216409791 2.1782527187976104 2.1230294104337273 2.086213871524472 
-49.5 -49.5 -49.5 -49.5 -49.5 -49.5 -49.5 -49.5 -49.5 -49.5 -49.5 -49.5 -49.5 -49.5 -50.0 -50.0 -50.5 -51.5 -53.0 -52.0 -51.5 -53.0 -51.5 -50.5 -51.0 -52.0 -52.5 -52.5 -52.0 -51.0 -53.0 -50.5 -49.5 -51.0 -52.5 -52.5 -51.0 -49.5 -49.5 -49.5 -50.0 -50.0 -50.0 -50.0 -50.0 -50.0 
5.258486140871978 4.902602598082509 4.859651136021712 4.9394181369917645 4.853515212870168 4.921010367537137 4.878058905476339 4.945554060143307 4.890330751779424 4.994641445355648 4.700117134081604 4.804427827657828 5.123495831538041 4.896466674930966 4.92714629068868 5.393476450205914 4.73693267299086 4.884194828627882 6.037748381117884 5.859806609723149 5.8045833013592665 5.227806525114265 5.712544454086128 5.688000761479957 5.982525072754001 5.896622148632405 5.859806609723149 5.964117303299373 6.000932842208628 5.964117303299373 5.675728915176872 5.540738605842936 5.970253226450915 6.056156150572511 5.872078456026235 5.884350302329319 4.675573441475434 4.399456899656019 4.994641445355648 5.197126909356553 5.270757987175063 5.197126909356553 5.209398755659637 5.21553467881118 5.178719139901925 5.098952138931871 
-62.0 -62.0 -62.5 -62.0 -61.5 -62.5 -61.5 -62.5 -62.0 -62.0 -62.5 -63.0 -62.0 -62.0 -61.5 -63.0 -62.5 -71.5 -64.5 -60.5 -57.0 -58.0 -58.0 -60.5 -58.5 -59.0 -59.5 -59.0 -58.0 -59.0 -59.5 -56.5 -55.5 -57.0 -60.0 -61.5 -66.0 -64.0 -62.5 -61.5 -60.5 -61.5 -61.0 -60.5 -61.5 -61.5 
5.5284667595398505 5.405748296509 5.473243451175968 5.71868037723767 5.497787143782138 5.5284667595398505 5.534602682691394 5.608233760509904 5.522330836388308 5.5284667595398505 5.436427912266712 5.393476450205914 5.6143696836614465 5.516194913236766 5.460971604872882 5.577554144752192 2.2948352586769194 5.418020142812084 5.964117303299373 5.9518454569962875 5.730952223540755 6.270913460876501 0.14726215563702155 5.816855147662351 0.3865631585471816 0.04908738521234052 0.03681553890925539 0.18407769454627693 0.4295146206079795 6.2463697682703305 0.05522330836388308 0.12885438618239387 5.577554144752192 5.939573610693203 5.902758071783947 5.927301764390117 5.436427912266712 5.411884219660542 5.688000761479957 5.8659425328746915 5.780039608753096 5.767767762450011 5.71868037723767 5.964117303299373 5.798447378207723 5.737088146692298 
-60.0 -60.5 -60.5 -60.5 -60.5 -60.0 -60.5 -60.5 -60.5 -60.5 -60.0 -60.5 -61.0 -61.5 -60.0 -60.5 -62.5 -62.5 -64.5 -60.5 -59.0 -68.0 -62.0 -61.5 -65.0 -61.5 -61.5 -62.5 -65.0 -65.0 -62.5 -65.0 -60.5 -60.0 -62.5 -65.5 -64.5 -60.0 -59.0 -58.5 -58.5 -59.5 -59.5 -59.5 -59.0 -59.5 
