4.06811704947272 3.9944859716542096 4.025165587411922 4.0987966652304335 3.9208548938356986 3.8533597391687304 4.037437433715008 3.890175278077986 3.9576704327449543 3.9699422790480394 3.6999616603801666 3.933126740138784 3.859495662320273 3.9699422790480394 3.724505352986337 3.816544200259475 3.9699422790480394 3.865631585471816 3.933126740138784 3.9760782021995817 4.0987966652304335 3.792000507653305 3.9208548938356986 3.56497135104623 4.172427743048944 3.9638063558964967 4.135612204139688 4.111068511533518 3.988350048502667 4.1172044346850605 4.540583132141498 4.516039439535327 4.215379205109742 4.3503695144436785 4.295146206079795 4.589670517353839 3.6140587362585705 3.663146121470911 3.761320891895592 3.4606606574700063 4.246058820867455 4.227651051412827 4.031301510563465 4.049709280018092 4.3933209765044765 
-60.5 -60.0 -60.0 -61.0 -60.5 -60.5 -60.5 -59.5 -60.0 -59.5 -60.5 -60.0 -60.0 -60.0 -60.0 -59.5 -60.5 -60.5 -60.0 -61.0 -60.5 -60.5 -59.5 -60.0 -60.0 -64.5 -62.0 -62.5 -66.0 -60.0 -61.0 -59.0 -58.5 -59.0 -58.5 -61.0 -59.5 -65.5 -62.5 -62.5 -63.0 -60.0 -60.0 -60.0 -61.0 
2.791845033951867 2.7120780329818137 2.6998061866787286 2.9391071895888885 2.8532042654672924 2.804116880254952 2.8286605728611223 2.5709518004963345 2.791845033951867 2.8409324191642074 2.773437264497239 2.8102528034064944 2.8409324191642074 2.791845033951867 2.7979809571034093 2.9206994201342606 2.9268353432858034 2.8838838812250054 2.791845033951867 2.816388726558037 2.834796496012665 2.859340188618835 2.8654761117703775 3.141592653589793 3.043417883165112 3.522019888985432 3.552699504743145 3.215223731408304 3.5956509668039427 3.6815538909255388 3.785864584501762 3.8963112012295285 3.4606606574700063 3.4913402732277192 2.8532042654672924 2.742757648739526 3.3318062712876126 0.4663301595172349 3.4913402732277192 2.890019804376548 2.9636508821950587 0.30679615757712825 0.3282718886075272 3.2704470397721868 3.147728576741336 2.7857091108003242 2.84706834231575 
-60.5 -62.0 -62.0 -62.0 -61.5 -62.0 -61.0 -62.5 -62.5 -61.0 -60.5 -61.5 -61.0 -62.0 -62.5 -62.5 -62.0 -61.5 -61.5 -61.0 -62.0 -62.0 -60.0 -61.5 -60.5 -61.0 -63.0 -62.0 -62.5 -59.5 -65.0 -63.0 -64.0 -63.0 -63.5 -63.0 -63.0 -64.0 -61.5 -60.0 -62.0 -66.0 -63.0 -61.5 -61.5 -61.5 -62.5 
1.6014759425526093 1.533980787885641 1.380582709097077 1.4358060174609601 1.576932249946439 1.521708941582556 1.576932249946439 1.5462526341887264 1.552388557340269 1.4726215563702154 1.533980787885641 1.5155730184310134 1.5401167110371838 1.533980787885641 1.4787574795217582 1.4542137869155878 1.2455923997631406 1.5401167110371838 1.4971652489763858 1.5401167110371838 1.5033011721279284 1.4848934026733007 1.576932249946439 1.4787574795217582 1.2578642460662257 1.5953400194010667 1.88986433067511 1.9941750242513334 1.9634954084936207 1.846912868614312 1.8039614065535141 1.564660403643354 1.368310862793992 1.6382914814618648 1.7303303287350031 1.7978254834019713 1.7119225592803755 1.7241944055834606 1.3989904785517047 1.325359400733194 1.368310862793992 1.6751070203711202 1.932815792735908 1.8960002538266525 1.9082721001297376 1.727262367159232 1.3928545554001621 1.5401167110371838 1.5585244804918115 1.607611865704152 
-57.0 -56.0 -57.0 -57.0 -56.5 -56.5 -56.5 -56.5 -56.5 -56.0 -56.5 -56.0 -56.5 -56.0 -56.5 -56.5 -57.0 -56.5 -56.5 -55.5 -57.0 -57.0 -56.5 -56.5 -56.0 -54.0 -51.5 -52.0 -54.0 -54.0 -54.0 -54.5 -56.5 -55.0 -54.0 -54.0 -54.0 -54.0 -55.0 -55.5 -54.0 -53.5 -54.0 -53.5 -52.0 -53.5 -55.0 -55.5 -55.5 -56.0 
0.6749515466696822 0.7179030087304801 0.6872233929727672 0.6810874698212247 0.6013204688511713 0.6504078540635119 0.6013204688511713 0.5522330836388308 0.5767767762450011 0.5583690067903734 0.7363107781851077 0.6933593161243098 0.6258641614573416 0.6565437772150544 0.5951845456996288 0.6442719309119693 0.6933593161243098 0.5522330836388308 0.6688156235181395 0.6688156235181395 0.6504078540635119 0.6320000846088841 0.6749515466696822 0.7240389318820226 0.9265243958829272 0.8774370106705868 0.5706408530934585 0.4970097752749477 0.4356505437595221 0.6565437772150544 0.859029241215959 0.8467573949128739 0.6749515466696822 0.9510680884890975 0.9510680884890975 0.8651651643675016 0.859029241215959 0.6810874698212247 0.8344855486097889 0.7669903939428205 0.7976700097005334 0.9203884727313847 0.8651651643675016 0.5031456984264903 0.37429131224409645 0.6534758156392831 0.760854470791278 0.803805932852076 0.6381360077604268 0.6258641614573416 
-53.5 -53.5 -53.0 -53.5 -53.5 -53.5 -54.0 -53.5 -54.0 -53.5 -53.5 -54.0 -54.0 -53.5 -54.0 -54.0 -54.0 -53.5 -54.0 -54.0 -54.0 -54.0 -54.0 -54.0 -54.0 -56.5 -57.0 -53.5 -51.5 -54.5 -55.0 -54.0 -54.5 -55.0 -55.0 -54.5 -55.0 -55.5 -55.0 -55.5 -54.5 -54.5 -54.5 -52.5 -53.5 -57.5 -55.0 -53.5 -53.5 -54.5 
1.1044661672776617 1.043106935762236 1.0615147052168636 1.184233168247715 1.043106935762236 1.2026409377023426 1.1719613219446299 1.1719613219446299 1.086058397823034 1.1167380135807468 1.1780972450961724 1.184233168247715 1.1290098598838318 1.1228739367322893 1.1596894756415448 1.2087768608538851 1.0676506283684062 1.086058397823034 1.1106020904292042 1.0062913968529805 1.0615147052168636 1.1658253987930873 1.2517283229146832 0.8160777791551611 0.6933593161243098 0.7301748550335652 0.9633399347921826 1.0615147052168636 0.9203884727313847 1.0185632431560658 0.9572040116406401 1.0983302441261191 1.1044661672776617 1.0185632431560658 1.0983302441261191 1.1780972450961724 0.9817477042468103 1.1535535524900022 0.9510680884890975 1.0921943209745766 1.2026409377023426 1.1106020904292042 0.9203884727313847 0.9387962421860124 0.8897088569736719 0.8314175870340175 0.8835729338221293 0.8897088569736719 1.0737865515199487 1.030835089459151 
-56.5 -57.0 -56.0 -56.5 -57.0 -57.0 -57.0 -56.5 -57.0 -57.0 -56.5 -57.0 -57.0 -57.0 -57.0 -57.0 -57.0 -57.5 -57.5 -57.5 -57.0 -57.0 -57.0 -57.0 -57.5 -55.5 -55.0 -55.0 -54.5 -55.0 -56.0 -56.0 -56.0 -56.0 -56.0 -56.0 -56.5 -57.0 -56.5 -56.5 -56.0 -56.0 -55.5 -54.5 -55.5 -57.0 -56.5 -56.5 -56.5 -56.5 
0.3620194659410113 0.28838838812250056 0.35588354278946877 0.4663301595172349 0.4540583132141498 0.3313398501832985 0.2761165418194154 0.1902136176978195 0.25157284921324513 0.2699806186678728 0.2945243112740431 0.4970097752749477 0.2761165418194154 0.23316507975861744 0.2945243112740431 0.2270291566070749 0.3129320807286708 0.30066023442558565 0.2454369260617026 0.3988350048502667 0.3865631585471816 0.28225246497095796 0.39269908169872414 0.5338253141842031 0.6933593161243098 0.37429131224409645 0.25770877236478773 0.1043106935762236 0.30679615757712825 0.2945243112740431 0.5154175447295755 0.4970097752749477 0.15339807878856412 0.3988350048502667 0.17794177139473438 0.11044661672776616 0.14726215563702155 0.1227184630308513 6.277049384028044 0.03681553890925539 0.3190680038802134 0.47860200582032003 0.34974761963792617 0.28838838812250056 0.2699806186678728 0.5614369683661447 0.5092816215780329 0.39269908169872414 0.1227184630308513 0.1349903093339364 
-57.0 -56.0 -56.5 -56.0 -56.5 -56.0 -56.5 -56.5 -56.5 -56.5 -56.5 -57.0 -57.0 -57.0 -56.0 -57.0 -57.0 -57.5 -57.0 -57.0 -57.0 -56.0 -57.0 -56.5 -56.5 -61.5 -63.0 -61.0 -60.0 -60.0 -59.5 -59.0 -59.5 -60.0 -58.5 -58.5 -58.5 -58.5 -59.0 -59.5 -58.0 -59.0 -59.0 -60.0 -61.0 -62.0 -59.0 -56.5 -56.5 -57.0 
3.1906800388021335 3.2949907323783574 3.2765829629237295 3.3195344249845276 3.3011266555298997 3.2765829629237295 3.356349963893783 3.2581751934691017 3.3195344249845276 3.356349963893783 3.356349963893783 3.368621810196868 3.472932503773092 3.3072625786814425 3.32567034813607 3.3072625786814425 3.356349963893783 3.5588354278946874 3.485204350076177 3.3195344249845276 3.2459033471660166 3.2520392703175593 3.2888548092268146 3.2888548092268146 3.3011266555298997 3.3502140407422405 3.3747577333484107 3.32567034813607 3.2459033471660166 3.454524734318464 3.442252888015379 3.3624858870453256 3.442252888015379 3.6692820446224537 3.6447383520162835 3.485204350076177 3.552699504743145 3.650874275167826 3.663146121470911 3.393165502803038 3.3747577333484107 3.227495577711389 3.454524734318464 3.313398501832985 3.3318062712876126 0.25157284921324513 3.4054373491061236 3.393165502803038 3.4054373491061236 3.472932503773092 
-56.5 -56.0 -57.0 -57.0 -57.0 -56.5 -57.0 -57.0 -56.5 -56.5 -57.0 -57.0 -57.0 -57.0 -56.5 -56.5 -56.0 -57.0 -57.0 -56.5 -57.0 -57.0 -56.5 -56.0 -55.5 -54.0 -55.0 -56.5 -58.0 -58.0 -56.5 -59.0 -58.0 -58.5 -58.0 -58.5 -57.5 -57.5 -58.5 -58.0 -59.0 -57.0 -57.0 -58.5 -57.5 -57.0 -55.5 -56.0 -56.0 -57.5 
3.6324665057131984 3.6263305825616556 4.074252972624263 3.5465635815916023 4.09266074207889 4.227651051412827 3.6754179677739964 3.8717675086233583 3.5158839658338894 4.09266074207889 3.792000507653305 3.7122335066832517 4.8351074434155406 3.9822141253511245 3.7122335066832517 3.313398501832985 3.724505352986337 3.5588354278946874 3.718369429834794 3.2888548092268146 3.693825737228624 3.761320891895592 3.5833791205008576 3.693825737228624 3.761320891895592 0.6994952392758523 3.902447124381071 3.509748042682347 3.816544200259475 3.650874275167826 3.650874275167826 3.043417883165112 4.0558452031696355 3.80427235395639 3.847223816017188 4.178563666200486 3.9699422790480394 3.8963112012295285 3.6815538909255388 3.3502140407422405 3.8288160465625602 3.8533597391687304 0.7332428166093364 3.9269908169872414 3.730641276137879 3.8717675086233583 3.9576704327449543 
-62.0 -63.5 -65.5 -65.0 -64.5 -65.0 -65.0 -64.5 -64.5 -65.0 -63.0 -65.5 -65.0 -66.0 -64.0 -63.5 -64.5 -65.5 -64.5 -65.0 -64.0 -65.0 -64.0 -64.5 -67.5 -67.5 -65.0 -62.0 -65.0 -62.5 -62.0 -61.5 -62.5 -62.5 -62.0 -63.0 -62.5 -62.5 -62.0 -64.5 -65.0 -66.0 -67.5 -64.0 -65.5 -64.5 -64.0 
