4.09266074207889 4.227651051412827 4.129476280988146 3.6815538909255388 3.9085830475326135 3.8840393549264434 3.9760782021995817 4.000621894805752 3.9760782021995817 3.9944859716542096 4.031301510563465 4.049709280018092 4.0128937411088375 4.049709280018092 3.902447124381071 4.104932588381976 3.9944859716542096 3.9269908169872414 3.7981364308048478 3.902447124381071 4.049709280018092 4.154019973594316 3.522019888985432 4.215379205109742 4.693981210930062 3.5588354278946874 4.196971435655114 4.1172044346850605 3.9269908169872414 3.792000507653305 4.147884050442774 3.859495662320273 4.104932588381976 3.80427235395639 3.479068426924634 4.491495746929157 4.06811704947272 4.006757817957295 3.9576704327449543 3.9085830475326135 3.9576704327449543 4.025165587411922 3.8840393549264434 4.031301510563465 
-59.5 -59.5 -60.5 -59.5 -58.5 -59.5 -59.5 -58.5 -59.5 -57.5 -59.5 -59.0 -58.5 -59.5 -59.0 -59.5 -60.0 -60.0 -60.0 -60.0 -59.0 -59.5 -60.0 -58.5 -60.0 -59.5 -59.5 -59.0 -58.5 -58.0 -57.5 -61.0 -61.0 -62.0 -64.0 -63.0 -60.0 -58.5 -59.5 -60.0 -59.5 -60.0 -60.0 -60.0 
3.08636934522591 3.104777114680538 3.153864499892878 3.104777114680538 2.9391071895888885 3.3011266555298997 3.2520392703175593 3.018874190558942 3.0495538063166547 3.2029518851052186 2.834796496012665 3.0066023442558567 3.0372819600135696 3.0250101137104846 3.031146036862027 3.0250101137104846 3.08636934522591 3.104777114680538 3.0250101137104846 3.031146036862027 3.3318062712876126 3.2459033471660166 3.2704470397721868 3.3502140407422405 3.153864499892878 3.1968159619536762 3.5833791205008576 3.5895150436524004 3.663146121470911 3.6754179677739964 3.380893656499953 2.988194574801229 2.9820586516496865 2.9943304979527716 3.2765829629237295 3.448388811166921 6.234097921967246 2.9636508821950587 2.693670263527186 6.209554229361076 2.834796496012665 2.8716120349219203 2.8102528034064944 2.859340188618835 2.816388726558037 2.773437264497239 3.0250101137104846 2.9022916506796332 
-61.5 -61.5 -62.0 -61.5 -62.0 -63.0 -62.5 -62.0 -62.5 -63.5 -63.0 -61.5 -62.5 -62.0 -62.0 -60.5 -62.5 -63.0 -61.0 -61.5 -62.5 -62.0 -63.0 -62.0 -63.0 -62.0 -62.0 -61.5 -61.0 -61.5 -62.0 -61.5 -62.0 -64.5 -61.0 -61.5 -62.5 -61.5 -62.5 -66.5 -62.0 -61.5 -61.0 -61.5 -61.5 -60.5 -61.5 -61.5 
1.7303303287350031 1.7916895602504288 1.7303303287350031 1.7732817907958012 1.7978254834019713 1.7732817907958012 1.7978254834019713 1.748738098189631 1.8285050991596843 1.7855536370988863 1.7241944055834606 1.7548740213411735 1.7548740213411735 1.6873788666742053 1.705786636128833 1.705786636128833 1.7426021750380885 1.7978254834019713 1.7548740213411735 1.7671458676442586 1.7916895602504288 1.736466251886546 1.8653206380689396 1.7671458676442586 1.3192234775816514 1.7978254834019713 1.945087639038993 1.7426021750380885 1.1474176293384597 1.1903690913992575 1.8653206380689396 1.7978254834019713 1.6996507129772904 1.5892040962495242 1.6321555583103222 1.5585244804918115 1.1474176293384597 1.6996507129772904 1.6689710972195777 1.576932249946439 1.8775924843720249 1.736466251886546 1.3130875544301088 1.5033011721279284 1.7671458676442586 1.8285050991596843 1.7426021750380885 1.7671458676442586 1.7241944055834606 1.7794177139473437 
-56.0 -56.0 -56.0 -55.5 -56.5 -56.0 -56.5 -56.0 -56.5 -56.5 -57.0 -57.0 -56.5 -56.5 -56.0 -57.0 -57.0 -57.0 -56.0 -57.0 -56.5 -56.0 -55.0 -56.5 -55.5 -53.0 -52.0 -54.5 -55.5 -59.0 -58.0 -57.0 -56.0 -56.5 -57.0 -57.5 -55.0 -54.5 -54.5 -55.0 -53.0 -52.5 -55.0 -56.5 -56.0 -55.0 -55.0 -55.5 -55.0 -55.5 
0.8099418560036186 0.8467573949128739 0.7792622402459057 0.8344855486097889 0.9326603190344698 0.8222137023067037 0.8160777791551611 0.8406214717613314 0.7915340865489908 0.8222137023067037 0.7976700097005334 0.8099418560036186 0.6810874698212247 0.6504078540635119 0.7915340865489908 0.8283496254582462 0.6688156235181395 0.8099418560036186 0.7240389318820226 0.7976700097005334 0.859029241215959 0.803805932852076 0.9387962421860124 0.9203884727313847 0.8283496254582462 0.619728238305799 0.44178646691106466 0.8344855486097889 0.8651651643675016 0.7915340865489908 0.9142525495798421 0.6994952392758523 0.803805932852076 0.8344855486097889 0.9756117810952678 0.8160777791551611 0.8774370106705868 0.8958447801252144 0.6994952392758523 0.48473792897186263 0.4356505437595221 0.5829126993965437 0.8283496254582462 0.7792622402459057 0.6135923151542565 0.6688156235181395 0.6258641614573416 0.7485826244881929 0.7547185476397354 0.607456392002714 
-55.5 -56.0 -55.0 -55.5 -56.0 -55.5 -55.5 -55.5 -56.0 -56.0 -56.0 -55.5 -56.0 -56.0 -56.0 -56.0 -56.0 -56.0 -55.5 -56.0 -55.0 -56.0 -55.0 -55.0 -56.5 -54.5 -53.5 -55.0 -54.0 -55.0 -55.5 -55.0 -55.0 -55.0 -55.5 -55.5 -54.0 -54.5 -55.5 -53.0 -54.0 -56.0 -55.0 -53.5 -54.0 -54.0 -54.0 -54.5 -55.0 -55.5 
1.3499030933393643 1.2517283229146832 1.368310862793992 1.3499030933393643 1.3437671701878218 1.2517283229146832 1.337631247036279 1.3314953238847365 1.368310862793992 1.509437095279471 1.3192234775816514 1.337631247036279 1.282407938672396 1.3499030933393643 1.3008157081270237 1.3560390164909069 1.3744467859455345 1.3621749396424494 1.3621749396424494 1.368310862793992 1.368310862793992 1.4480778637640452 1.2517283229146832 0.8835729338221293 0.8283496254582462 0.944932165337555 0.9387962421860124 1.1351457830353744 1.1290098598838318 1.2701360923693108 1.3192234775816514 1.3621749396424494 1.2517283229146832 1.2087768608538851 1.086058397823034 1.1290098598838318 1.1474176293384597 1.1780972450961724 0.9633399347921826 0.9817477042468103 0.8774370106705868 0.7301748550335652 0.6135923151542565 0.6872233929727672 1.043106935762236 1.1351457830353744 1.2762720155208536 1.3192234775816514 1.2333205534600555 1.3008157081270237 
-55.0 -55.0 -55.0 -54.5 -55.0 -55.0 -54.5 -54.5 -55.0 -54.5 -54.5 -55.0 -54.5 -55.5 -55.0 -55.0 -55.0 -55.0 -55.5 -55.5 -56.0 -55.0 -56.5 -57.0 -56.0 -56.0 -55.5 -55.5 -55.5 -56.0 -55.5 -55.0 -56.5 -56.0 -56.5 -56.5 -56.5 -56.5 -56.5 -55.0 -55.5 -56.0 -57.0 -57.0 -56.5 -56.5 -56.0 -56.5 -56.5 -56.0 
0.5031456984264903 1.012427320004523 0.5092816215780329 0.5890486225480862 0.5338253141842031 0.4049709280018093 0.4724660826687775 0.3865631585471816 0.5460971604872883 0.5460971604872883 0.5092816215780329 0.47860200582032003 0.46019423636569234 0.4356505437595221 0.5460971604872883 0.6135923151542565 0.22089323345553233 0.5706408530934585 0.48473792897186263 0.4970097752749477 0.4111068511533518 0.2638446955163303 0.30679615757712825 0.3988350048502667 0.5031456984264903 0.44178646691106466 0.16566992509164924 0.4908738521234052 0.4295146206079795 0.23930100291016002 0.12885438618239387 0.19634954084936207 0.2638446955163303 0.14112623248547898 0.23930100291016002 0.2699806186678728 0.2454369260617026 0.3190680038802134 0.2945243112740431 6.22182607566416 0.1043106935762236 0.0 0.3865631585471816 0.35588354278946877 0.20248546400090464 0.17794177139473438 0.23316507975861744 0.28225246497095796 0.2945243112740431 0.34974761963792617 
-58.0 -58.5 -58.5 -58.5 -58.5 -58.0 -58.5 -58.5 -58.5 -58.0 -57.5 -58.0 -58.5 -58.5 -58.0 -58.0 -58.5 -58.5 -57.0 -58.0 -57.0 -58.0 -59.0 -59.5 -63.0 -62.0 -61.5 -59.0 -58.5 -60.5 -59.5 -59.5 -59.0 -59.0 -59.0 -60.5 -57.5 -60.0 -60.0 -60.0 -61.0 -61.5 -57.5 -57.0 -56.5 -56.5 -56.5 -56.0 -57.0 -58.0 
3.5342917352885173 3.1968159619536762 3.227495577711389 3.2949907323783574 3.1354567304382504 3.160000423044421 3.448388811166921 3.2643111166206444 3.184544115650591 3.227495577711389 3.368621810196868 3.497476196379262 3.429981041712294 3.227495577711389 3.2581751934691017 3.2397674240144743 3.399301425954581 3.380893656499953 3.3624858870453256 3.2581751934691017 3.3072625786814425 3.399301425954581 3.184544115650591 3.485204350076177 3.3195344249845276 3.2827188860752723 3.2213596545598464 3.2949907323783574 3.067961575771282 3.2090878082567613 3.2949907323783574 3.3072625786814425 3.0925052683774528 3.3440781175906977 3.368621810196868 3.423845118560751 3.730641276137879 3.5588354278946874 3.423845118560751 3.4177091954092087 3.509748042682347 3.5036121195308043 3.5588354278946874 3.5281558121369745 3.454524734318464 3.411573272257666 3.380893656499953 3.3502140407422405 3.5342917352885173 3.3318062712876126 
-58.5 -58.5 -58.5 -59.0 -58.5 -59.0 -59.0 -58.5 -57.5 -58.5 -59.0 -59.0 -58.5 -58.0 -58.5 -58.5 -58.5 -58.5 -58.5 -58.5 -58.5 -58.5 -57.5 -55.5 -55.5 -57.5 -58.5 -57.5 -60.0 -59.0 -59.0 -58.0 -58.0 -58.0 -57.0 -57.5 -58.0 -57.0 -57.5 -58.5 -57.0 -56.5 -55.5 -55.5 -56.5 -57.0 -57.0 -57.5 -58.0 -58.0 
3.736777199289422 3.816544200259475 3.5588354278946874 3.6263305825616556 3.7981364308048478 3.6324665057131984 3.730641276137879 3.6754179677739964 3.706097583531709 3.663146121470911 3.718369429834794 3.6263305825616556 3.7981364308048478 3.736777199289422 3.792000507653305 3.6692820446224537 3.9147189706841563 3.718369429834794 3.736777199289422 3.472932503773092 3.6999616603801666 3.5711072741977725 3.822680123411018 3.9822141253511245 3.5465635815916023 4.09266074207889 3.6140587362585705 3.6140587362585705 3.810408277107933 3.3624858870453256 3.485204350076177 3.399301425954581 3.509748042682347 3.3318062712876126 3.650874275167826 3.718369429834794 3.8963112012295285 0.6933593161243098 0.662679700366597 4.295146206079795 3.3440781175906977 3.847223816017188 4.061981126321178 4.080388895775806 3.816544200259475 4.006757817957295 4.06811704947272 4.006757817957295 
-60.5 -63.0 -62.0 -63.0 -63.0 -62.0 -61.5 -62.0 -62.0 -62.0 -62.5 -60.0 -62.5 -62.0 -63.0 -61.0 -63.0 -63.0 -62.0 -63.0 -62.0 -63.0 -63.0 -63.5 -64.5 -64.5 -63.0 -62.5 -61.5 -61.5 -62.0 -60.5 -58.0 -61.5 -62.0 -62.0 -60.5 -65.5 -66.5 -66.0 -67.0 -64.5 -62.5 -64.5 -62.0 -63.5 -63.5 -62.5 
