4.025165587411922 4.086524818927348 4.01902966426038 3.9515345095934116 4.01902966426038 3.706097583531709 4.2092432819582 4.104932588381976 4.061981126321178 4.0987966652304335 4.025165587411922 4.037437433715008 3.9269908169872414 4.031301510563465 4.01902966426038 4.031301510563465 3.7429131224409646 4.077320934200034 4.061981126321178 4.123340357836604 3.730641276137879 4.516039439535327 4.368777283898306 4.0558452031696355 4.09266074207889 4.503767593232243 3.552699504743145 3.902447124381071 3.693825737228624 3.933126740138784 4.374913207049849 3.847223816017188 3.785864584501762 3.7551849687440497 3.865631585471816 3.663146121470911 4.074252972624263 3.749049045592507 3.693825737228624 4.080388895775806 3.890175278077986 3.792000507653305 3.785864584501762 3.77972866135022 3.933126740138784 4.061981126321178 4.006757817957295 
-61.0 -60.5 -60.5 -60.0 -61.0 -61.0 -61.5 -61.5 -61.0 -60.5 -61.0 -61.5 -60.5 -60.5 -60.5 -61.5 -60.5 -61.0 -65.0 -60.0 -60.5 -61.0 -58.0 -58.0 -57.5 -60.0 -62.0 -64.5 -59.5 -64.5 -61.0 -59.5 -59.5 -60.0 -59.5 -60.5 -60.0 -59.5 -59.0 -60.0 -59.5 -59.0 -59.5 -60.0 -60.5 -60.5 -60.5 
2.791845033951867 2.82252464970958 2.9329712664373457 2.834796496012665 2.816388726558037 2.9268353432858034 2.9513790358919736 3.098641191528995 2.8838838812250054 2.859340188618835 2.8286605728611223 3.0250101137104846 2.9513790358919736 2.816388726558037 3.9147189706841563 2.9697868053466014 3.098641191528995 3.6815538909255388 3.6754179677739964 3.6079228131070282 2.7857091108003242 5.945709533844745 2.5770877236478773 2.82252464970958 3.104777114680538 3.0802334220743677 3.06182565261974 3.454524734318464 2.8102528034064944 2.8654761117703775 2.804116880254952 2.6261751088602177 2.6568547246179306 2.7979809571034093 2.736621725587984 2.8716120349219203 2.9943304979527716 2.9022916506796332 3.117048960983623 2.9820586516496865 3.055689729468197 2.8654761117703775 2.8102528034064944 
-62.0 -60.5 -62.5 -62.0 -62.5 -62.0 -62.5 -62.0 -62.0 -61.0 -62.5 -62.5 -60.0 -61.5 -66.0 -64.5 -61.5 -63.5 -64.0 -64.0 -65.0 -63.0 -63.5 -62.0 -63.5 -63.0 -64.5 -63.0 -61.5 -62.5 -63.5 -63.5 -62.0 -62.0 -62.5 -61.5 -61.0 -62.0 -62.5 -62.5 -63.0 -61.5 -62.5 
1.6873788666742053 1.7426021750380885 1.576932249946439 1.6444274046134073 1.7119225592803755 1.6935147898257479 1.6935147898257479 1.662835174068035 1.7119225592803755 1.8407769454627694 1.6505633277649499 1.7794177139473437 1.761009944492716 1.7119225592803755 1.7855536370988863 1.859184714917397 1.7794177139473437 1.359106978066678 1.9144080232812801 1.9144080232812801 1.761009944492716 1.9512235621905356 1.3069516312785663 1.6751070203711202 1.7241944055834606 1.6996507129772904 1.6014759425526093 1.5953400194010667 1.4296700943094176 1.5401167110371838 1.8346410223112268 1.88986433067511 1.8346410223112268 1.4173982480063325 1.6382914814618648 1.8530487917658545 1.7671458676442586 1.5892040962495242 1.846912868614312 1.8162332528565992 1.7548740213411735 1.7916895602504288 1.8285050991596843 1.7916895602504288 1.8223691760081417 1.8100973297050567 1.7671458676442586 1.7732817907958012 1.7794177139473437 1.7732817907958012 
-57.0 -57.0 -58.0 -58.0 -58.0 -57.0 -57.5 -57.0 -58.0 -57.5 -57.5 -57.5 -57.5 -58.5 -58.0 -57.5 -57.0 -56.0 -52.0 -52.5 -54.5 -54.0 -55.5 -55.5 -55.0 -55.0 -56.0 -56.5 -56.0 -54.5 -55.0 -53.5 -51.5 -54.5 -57.5 -57.0 -57.0 -58.0 -58.0 -58.0 -58.0 -56.5 -57.0 -57.0 -56.0 -57.5 -57.0 -57.0 -57.0 -56.0 
0.803805932852076 0.8099418560036186 0.705631162427395 0.6442719309119693 0.5522330836388308 0.7485826244881929 0.7792622402459057 0.7669903939428205 0.6442719309119693 0.7424467013366504 0.6994952392758523 0.8406214717613314 0.8406214717613314 0.7117670855789375 0.7485826244881929 0.803805932852076 0.8344855486097889 1.0768545130957201 0.5399612373357456 0.4479223900626072 0.7547185476397354 1.0737865515199487 0.859029241215959 0.8406214717613314 0.9019807032767571 1.239456476611598 0.7915340865489908 1.043106935762236 0.803805932852076 0.7301748550335652 0.7424467013366504 0.5645049299419159 0.47860200582032003 0.6933593161243098 0.6872233929727672 0.7792622402459057 0.6749515466696822 0.8528933180644165 0.7669903939428205 0.7240389318820226 0.7792622402459057 0.6810874698212247 0.7117670855789375 0.6872233929727672 0.6933593161243098 0.7547185476397354 0.6749515466696822 0.6688156235181395 0.7363107781851077 0.6872233929727672 
-55.5 -55.0 -55.0 -55.0 -55.5 -54.0 -55.0 -55.0 -55.5 -55.0 -55.5 -54.5 -54.5 -55.5 -55.5 -55.5 -54.5 -56.0 -57.0 -54.0 -54.5 -53.5 -54.5 -55.0 -55.5 -56.0 -55.5 -56.0 -55.5 -54.5 -55.0 -52.5 -52.5 -56.0 -54.5 -55.0 -57.0 -56.5 -56.5 -56.0 -56.0 -55.0 -55.0 -55.0 -55.0 -54.5 -54.5 -55.0 -55.0 -55.0 
1.1965050145508 1.2210487071569704 1.141281706186917 1.3130875544301088 1.282407938672396 1.2578642460662257 1.239456476611598 1.2701360923693108 1.4173982480063325 1.2640001692177683 1.3192234775816514 1.2762720155208536 1.2885438618239387 1.282407938672396 1.2517283229146832 1.282407938672396 0.8774370106705868 0.8559612796401878 1.0185632431560658 0.8958447801252144 1.0369710126106935 1.214912784005428 1.2640001692177683 1.2455923997631406 1.0369710126106935 1.1351457830353744 1.1106020904292042 1.1228739367322893 1.4419419406125027 1.1903690913992575 1.0921943209745766 0.9203884727313847 0.9633399347921826 0.8897088569736719 1.0921943209745766 1.214912784005428 1.0369710126106935 1.141281706186917 1.055378782065321 1.0062913968529805 1.184233168247715 1.1903690913992575 1.282407938672396 1.1596894756415448 1.2946797849754812 1.4910293258248433 1.3314953238847365 1.2333205534600555 1.2517283229146832 1.2455923997631406 
-56.0 -56.5 -56.0 -56.0 -56.0 -55.5 -57.0 -56.5 -56.5 -55.5 -56.5 -56.0 -55.5 -55.5 -56.0 -56.5 -57.5 -57.0 -55.5 -55.0 -56.5 -56.0 -55.5 -56.0 -57.0 -57.0 -57.0 -56.5 -56.5 -56.5 -56.5 -55.0 -55.5 -56.0 -56.5 -55.5 -54.5 -54.0 -54.5 -54.5 -55.0 -55.0 -55.5 -56.0 -56.0 -56.0 -55.5 -56.0 -56.0 -56.0 
0.17794177139473438 0.16566992509164924 0.2945243112740431 0.3313398501832985 0.3620194659410113 0.2761165418194154 0.1349903093339364 0.3374757733348411 0.380427235395639 0.14726215563702155 0.32520392703175593 0.37429131224409645 0.20248546400090464 0.35588354278946877 0.19634954084936207 0.3436116964863836 0.28225246497095796 0.6258641614573416 0.1718058482431918 0.3988350048502667 0.2638446955163303 0.42337869745643697 0.1902136176978195 0.2270291566070749 0.30066023442558565 0.4172427743048944 0.2454369260617026 0.2270291566070749 0.23930100291016002 0.36815538909255385 0.23930100291016002 0.28838838812250056 0.18407769454627693 0.35588354278946877 0.521553467881118 0.2699806186678728 0.11044661672776616 0.09817477042468103 0.12885438618239387 0.16566992509164924 0.3865631585471816 0.5154175447295755 0.30066023442558565 0.4663301595172349 0.39269908169872414 0.4111068511533518 0.5460971604872883 0.2699806186678728 0.2699806186678728 0.32520392703175593 
-58.0 -58.5 -58.0 -58.5 -58.5 -58.5 -58.5 -58.5 -58.0 -58.0 -58.5 -58.5 -58.5 -59.0 -58.5 -58.0 -57.5 -60.0 -62.0 -60.5 -59.0 -59.0 -59.5 -58.5 -58.0 -58.5 -58.0 -58.5 -59.0 -58.5 -58.5 -60.0 -60.5 -62.0 -57.5 -57.5 -58.0 -58.0 -58.5 -57.5 -57.5 -57.0 -57.5 -57.0 -57.0 -56.5 -57.0 -57.0 -57.0 -57.0 
2.9820586516496865 3.227495577711389 3.2827188860752723 3.172272269347506 3.5895150436524004 3.3440781175906977 3.2336315008629315 3.2765829629237295 3.448388811166921 3.423845118560751 3.3011266555298997 3.2643111166206444 3.2520392703175593 3.104777114680538 3.1968159619536762 3.4913402732277192 3.2643111166206444 0.15339807878856412 3.2949907323783574 3.2520392703175593 3.3870295796514958 3.2888548092268146 3.3072625786814425 3.436116964863836 3.184544115650591 3.411573272257666 3.393165502803038 3.5036121195308043 3.472932503773092 3.3870295796514958 3.442252888015379 3.2213596545598464 3.5956509668039427 3.736777199289422 3.215223731408304 3.472932503773092 3.479068426924634 3.3747577333484107 3.32567034813607 3.227495577711389 3.3072625786814425 3.0495538063166547 3.1354567304382504 3.1354567304382504 3.0925052683774528 3.2090878082567613 3.2581751934691017 3.2459033471660166 3.3195344249845276 3.172272269347506 
-58.0 -58.0 -58.0 -58.0 -58.5 -57.5 -58.5 -58.5 -58.5 -58.5 -58.0 -58.5 -58.5 -59.0 -58.5 -58.0 -55.5 -56.5 -56.5 -57.5 -58.5 -57.0 -58.5 -58.5 -58.0 -57.5 -58.0 -58.0 -58.0 -58.0 -57.5 -58.5 -57.0 -56.0 -56.5 -58.0 -58.5 -58.5 -58.5 -57.5 -59.0 -58.5 -58.5 -58.5 -58.5 -58.0 -58.5 -58.5 -58.5 -58.0 
0.6872233929727672 3.7122335066832517 3.724505352986337 3.8840393549264434 4.074252972624263 3.9453985864418692 3.761320891895592 3.859495662320273 3.877903431774901 4.074252972624263 3.6815538909255388 3.8533597391687304 3.9760782021995817 3.6324665057131984 3.785864584501762 3.7429131224409646 3.6876898140770815 3.6201946594101133 3.6079228131070282 3.5711072741977725 3.749049045592507 3.2949907323783574 3.693825737228624 3.785864584501762 4.037437433715008 3.6263305825616556 3.472932503773092 3.7122335066832517 3.509748042682347 4.061981126321178 4.000621894805752 3.6570101983193686 3.865631585471816 3.5833791205008576 3.5895150436524004 3.792000507653305 3.724505352986337 3.730641276137879 3.5711072741977725 3.933126740138784 3.497476196379262 3.724505352986337 3.847223816017188 3.785864584501762 3.902447124381071 3.816544200259475 3.650874275167826 
-65.0 -64.5 -63.5 -63.5 -64.5 -62.5 -61.5 -64.5 -62.0 -64.5 -63.0 -63.5 -64.5 -64.5 -65.0 -66.5 -64.5 -63.5 -62.0 -62.0 -61.5 -61.5 -61.5 -59.5 -61.5 -62.0 -62.5 -64.0 -64.0 -66.0 -64.0 -64.0 -63.5 -63.0 -62.5 -63.5 -63.5 -61.5 -63.5 -64.5 -62.0 -63.0 -61.5 -63.0 -63.5 -63.5 -62.5 
