4.0128937411088375 3.792000507653305 3.8410878928656453 3.663146121470911 4.0128937411088375 3.9944859716542096 4.074252972624263 3.8840393549264434 3.988350048502667 4.000621894805752 3.9453985864418692 3.988350048502667 3.7429131224409646 3.9576704327449543 3.9760782021995817 3.9208548938356986 3.773592738198677 3.9515345095934116 3.877903431774901 3.8963112012295285 4.031301510563465 3.9822141253511245 3.9208548938356986 4.1417481272912315 4.399456899656019 1.0246991663076084 4.184699589352029 4.331961744989051 0.9940195505498954 4.154019973594316 3.77972866135022 4.221515128261284 3.9453985864418692 3.902447124381071 3.736777199289422 4.01902966426038 3.9515345095934116 4.264466590322082 4.1172044346850605 4.0128937411088375 3.859495662320273 3.9822141253511245 3.810408277107933 3.761320891895592 3.718369429834794 
-60.0 -60.5 -60.0 -60.0 -59.0 -60.0 -60.0 -60.5 -60.0 -59.5 -59.0 -59.5 -59.5 -60.0 -59.5 -60.0 -59.0 -59.5 -59.5 -60.0 -60.0 -60.0 -59.0 -58.0 -58.5 -64.0 -60.5 -60.5 -70.0 -60.5 -59.5 -60.5 -57.0 -58.0 -58.0 -57.0 -60.5 -61.5 -60.0 -63.5 -58.0 -59.5 -60.0 -60.0 -59.5 
2.890019804376548 2.8777479580734626 3.0495538063166547 2.9943304979527716 2.9206994201342606 2.8777479580734626 2.9391071895888885 2.816388726558037 2.7979809571034093 2.8961557275280905 2.9022916506796332 3.160000423044421 2.8286605728611223 2.8532042654672924 2.890019804376548 2.8716120349219203 2.890019804376548 2.8716120349219203 2.816388726558037 3.074097498922825 2.9943304979527716 3.1784081924990484 3.454524734318464 3.000466421104314 3.8533597391687304 3.442252888015379 3.380893656499953 3.485204350076177 3.6999616603801666 3.693825737228624 3.785864584501762 3.472932503773092 3.2949907323783574 3.1354567304382504 3.509748042682347 4.1172044346850605 3.000466421104314 3.393165502803038 0.2699806186678728 0.4970097752749477 3.153864499892878 3.1354567304382504 2.988194574801229 3.2459033471660166 2.9022916506796332 3.098641191528995 
-63.5 -63.0 -63.0 -63.5 -63.0 -64.0 -63.0 -62.5 -63.5 -62.0 -63.5 -63.0 -62.5 -62.0 -63.0 -62.0 -62.0 -61.0 -62.0 -62.5 -62.5 -62.0 -63.0 -62.0 -62.0 -64.5 -60.5 -59.5 -59.0 -61.0 -59.0 -61.5 -62.0 -61.5 -63.0 -62.5 -62.0 -61.5 -63.5 -63.5 -63.0 -61.5 -62.0 -63.0 -63.0 -62.5 
1.8285050991596843 1.7916895602504288 1.662835174068035 1.88986433067511 1.761009944492716 1.7426021750380885 1.7426021750380885 1.705786636128833 1.705786636128833 1.6996507129772904 1.7303303287350031 1.6812429435226628 1.6566992509164924 1.607611865704152 1.7119225592803755 1.736466251886546 1.6014759425526093 1.6812429435226628 1.6996507129772904 1.718058482431918 1.736466251886546 1.8346410223112268 1.846912868614312 1.4296700943094176 1.521708941582556 1.8223691760081417 1.8837284075235674 1.761009944492716 1.6505633277649499 1.3989904785517047 1.705786636128833 1.9144080232812801 1.8653206380689396 1.8837284075235674 1.7548740213411735 1.6996507129772904 1.7426021750380885 1.0369710126106935 1.6812429435226628 1.6751070203711202 1.8039614065535141 1.9420196774632217 1.564660403643354 1.3621749396424494 1.8775924843720249 1.9144080232812801 1.736466251886546 1.736466251886546 1.6935147898257479 
-57.5 -57.5 -57.0 -57.5 -56.5 -56.5 -57.0 -56.5 -57.5 -57.5 -57.0 -57.0 -57.5 -57.0 -57.5 -57.0 -57.0 -56.5 -56.0 -56.0 -56.0 -55.0 -55.5 -57.0 -54.5 -53.0 -53.0 -54.5 -55.5 -57.5 -59.5 -58.0 -56.0 -57.0 -57.0 -57.0 -57.5 -56.5 -55.0 -54.5 -53.0 -53.5 -53.0 -56.5 -57.0 -55.0 -55.0 -55.5 -56.0 
0.9019807032767571 0.9081166264282996 0.8222137023067037 0.8651651643675016 0.8467573949128739 0.8160777791551611 0.8344855486097889 0.8222137023067037 0.7669903939428205 0.7915340865489908 0.8222137023067037 0.8099418560036186 0.8774370106705868 0.8099418560036186 0.8406214717613314 0.7731263170943632 0.6749515466696822 0.8406214717613314 0.859029241215959 0.8283496254582462 0.7669903939428205 0.8222137023067037 0.7976700097005334 0.859029241215959 0.8897088569736719 0.607456392002714 0.5829126993965437 0.607456392002714 0.8528933180644165 0.9326603190344698 0.7731263170943632 0.9572040116406401 0.6810874698212247 0.9817477042468103 0.944932165337555 0.9756117810952678 0.7976700097005334 0.8344855486097889 0.8283496254582462 0.6258641614573416 0.7669903939428205 0.684155431396996 0.7117670855789375 0.7976700097005334 0.8222137023067037 0.8467573949128739 0.7363107781851077 0.8222137023067037 0.803805932852076 
-55.5 -56.0 -56.0 -55.5 -56.0 -56.0 -56.0 -55.5 -56.0 -55.5 -55.5 -56.0 -56.0 -55.5 -56.0 -55.5 -56.0 -55.5 -56.0 -56.0 -56.0 -55.0 -54.5 -54.5 -56.0 -55.5 -54.0 -53.5 -55.0 -53.5 -55.0 -54.5 -54.5 -54.5 -54.0 -54.0 -55.0 -55.0 -55.0 -55.0 -54.5 -53.5 -54.0 -55.5 -55.0 -55.0 -55.5 -55.5 -55.5 
1.0246991663076084 1.1596894756415448 1.055378782065321 1.043106935762236 1.1780972450961724 1.0615147052168636 1.141281706186917 1.1474176293384597 1.0799224746714913 1.1535535524900022 1.1044661672776617 1.1106020904292042 1.1535535524900022 1.1351457830353744 1.1228739367322893 1.1228739367322893 1.1351457830353744 1.2210487071569704 1.2087768608538851 1.1903690913992575 1.282407938672396 1.2762720155208536 1.1596894756415448 1.043106935762236 0.9326603190344698 1.012427320004523 0.944932165337555 0.9510680884890975 1.1290098598838318 1.2210487071569704 1.239456476611598 1.2578642460662257 1.282407938672396 1.2455923997631406 1.184233168247715 1.2087768608538851 1.227184630308513 1.1228739367322893 1.214912784005428 1.0492428589137786 0.9572040116406401 0.9387962421860124 0.9387962421860124 1.0185632431560658 0.8467573949128739 1.282407938672396 1.1719613219446299 1.282407938672396 1.2455923997631406 
-53.5 -53.5 -53.5 -53.5 -53.5 -53.5 -53.5 -53.5 -53.5 -54.0 -53.5 -53.5 -54.0 -54.0 -54.0 -54.0 -53.5 -53.5 -54.0 -54.0 -54.5 -55.0 -57.0 -57.5 -57.5 -56.0 -56.0 -55.5 -55.5 -55.5 -55.5 -55.0 -55.5 -55.5 -56.0 -55.5 -56.0 -55.5 -56.5 -55.5 -55.5 -56.5 -56.5 -57.5 -57.5 -55.5 -55.5 -54.5 -54.5 
0.4540583132141498 0.4724660826687775 0.3129320807286708 0.32520392703175593 0.35588354278946877 0.2945243112740431 0.2454369260617026 0.37429131224409645 0.42337869745643697 0.35588354278946877 0.44178646691106466 0.39269908169872414 0.3436116964863836 0.3988350048502667 0.3436116964863836 0.44178646691106466 0.3620194659410113 0.4049709280018093 0.36815538909255385 0.39269908169872414 0.4172427743048944 0.3190680038802134 0.5092816215780329 0.5829126993965437 0.6994952392758523 0.5031456984264903 0.5460971604872883 0.607456392002714 0.5522330836388308 0.380427235395639 0.5154175447295755 0.4970097752749477 0.34974761963792617 0.3988350048502667 0.3374757733348411 0.607456392002714 0.30066023442558565 0.5031456984264903 0.380427235395639 0.5031456984264903 0.4356505437595221 0.34054373491061235 0.44178646691106466 0.607456392002714 0.6749515466696822 0.5154175447295755 0.4663301595172349 0.5276893910326605 0.34974761963792617 
-58.0 -58.0 -57.5 -57.5 -58.0 -57.5 -58.0 -57.5 -57.5 -58.0 -57.5 -57.5 -58.0 -58.0 -58.0 -57.0 -57.5 -57.5 -57.5 -58.0 -58.0 -58.5 -58.5 -59.0 -61.5 -60.5 -59.5 -60.0 -59.0 -58.0 -60.5 -59.5 -59.0 -59.0 -59.0 -59.0 -59.5 -59.5 -60.0 -60.0 -60.0 -62.5 -62.0 -60.5 -57.5 -57.0 -57.5 -58.0 -57.5 
3.3011266555298997 3.2459033471660166 3.3502140407422405 3.2765829629237295 3.3011266555298997 3.4054373491061236 3.3870295796514958 3.472932503773092 3.356349963893783 3.423845118560751 3.4913402732277192 3.497476196379262 3.3624858870453256 3.313398501832985 3.399301425954581 3.479068426924634 3.368621810196868 3.454524734318464 3.3195344249845276 3.0495538063166547 3.215223731408304 3.098641191528995 3.141592653589793 3.2581751934691017 3.043417883165112 3.06182565261974 3.0127382674073995 3.2704470397721868 3.147728576741336 2.9820586516496865 3.0250101137104846 3.3072625786814425 3.08636934522591 3.3624858870453256 3.1784081924990484 3.172272269347506 3.1661363461959633 3.1906800388021335 3.3011266555298997 3.2827188860752723 3.000466421104314 0.0859029241215959 3.098641191528995 3.06182565261974 3.2336315008629315 3.043417883165112 3.043417883165112 3.3318062712876126 3.215223731408304 
-58.0 -58.0 -59.0 -58.5 -58.5 -58.5 -58.5 -58.5 -58.5 -59.0 -58.5 -58.5 -59.0 -59.0 -58.5 -58.5 -58.5 -59.0 -59.0 -58.5 -59.0 -58.5 -57.5 -56.5 -56.5 -57.5 -60.0 -59.5 -58.0 -61.0 -59.0 -60.5 -58.5 -59.0 -59.0 -59.0 -59.0 -60.5 -58.0 -58.5 -58.0 -58.5 -57.0 -55.5 -56.5 -56.5 -58.0 -59.5 -59.0 
3.313398501832985 3.454524734318464 3.56497135104623 3.6263305825616556 3.7122335066832517 3.5588354278946874 3.5465635815916023 3.5895150436524004 3.2029518851052186 3.663146121470911 3.650874275167826 3.6815538909255388 3.7429131224409646 3.706097583531709 3.736777199289422 3.7981364308048478 3.6999616603801666 3.5588354278946874 3.663146121470911 3.6815538909255388 3.6876898140770815 3.6017868899554855 3.9944859716542096 3.6263305825616556 3.4177091954092087 2.9697868053466014 3.380893656499953 3.4054373491061236 3.1906800388021335 3.2704470397721868 3.141592653589793 3.129320807286708 3.3502140407422405 3.153864499892878 3.3379421944391554 3.5772431973493153 3.6999616603801666 3.6386024288647407 0.4970097752749477 0.48473792897186263 3.509748042682347 3.693825737228624 3.785864584501762 3.6815538909255388 
-63.0 -61.5 -63.0 -62.0 -63.0 -63.0 -63.0 -63.0 -62.5 -62.0 -63.0 -63.0 -62.5 -63.0 -62.5 -63.0 -63.5 -62.5 -62.5 -63.0 -63.0 -63.5 -64.0 -63.5 -63.0 -63.5 -62.5 -61.0 -60.5 -61.5 -61.0 -62.0 -60.5 -60.5 -62.0 -63.0 -62.5 -61.0 -65.0 -65.5 -64.0 -62.5 -63.0 -63.5 
