4.1417481272912315 4.147884050442774 4.196971435655114 3.9515345095934116 4.06811704947272 4.06811704947272 4.086524818927348 4.154019973594316 4.154019973594316 4.1172044346850605 4.129476280988146 4.1601558967458585 4.1172044346850605 3.902447124381071 4.0558452031696355 4.2031073588066565 3.785864584501762 4.111068511533518 4.509903516383785 3.77972866135022 4.227651051412827 4.1417481272912315 3.5281558121369745 3.6876898140770815 4.006757817957295 3.8288160465625602 3.380893656499953 1.030835089459151 3.5711072741977725 3.834951969714103 3.6324665057131984 3.761320891895592 3.736777199289422 3.792000507653305 3.5833791205008576 3.877903431774901 3.9576704327449543 4.1417481272912315 3.877903431774901 4.0987966652304335 3.9269908169872414 4.080388895775806 
-60.0 -60.0 -60.0 -59.5 -60.0 -60.5 -60.5 -60.5 -60.5 -60.0 -60.0 -59.5 -59.5 -60.5 -60.5 -60.0 -60.0 -59.5 -59.5 -66.0 -61.0 -61.5 -61.0 -61.5 -62.5 -63.0 -62.0 -67.5 -61.0 -62.0 -62.0 -61.5 -62.0 -62.0 -62.5 -62.0 -62.5 -62.5 -61.5 -62.5 -62.5 -61.5 
3.018874190558942 3.380893656499953 3.0127382674073995 3.184544115650591 3.368621810196868 3.2949907323783574 3.5465635815916023 3.2643111166206444 3.172272269347506 2.9329712664373457 3.3072625786814425 2.399145952253143 3.055689729468197 3.0372819600135696 3.2888548092268146 3.098641191528995 3.074097498922825 0.12885438618239387 6.086835766330224 3.1661363461959633 3.0802334220743677 0.1227184630308513 3.2949907323783574 2.9206994201342606 2.7550294950426117 2.773437264497239 2.9697868053466014 2.761165418194154 6.056156150572511 5.93343768754166 3.0127382674073995 2.816388726558037 2.7979809571034093 2.804116880254952 2.675262494072558 2.6139032625571326 2.7120780329818137 2.767301341345697 2.730485802436441 2.718213956133356 2.736621725587984 2.693670263527186 2.6200391857086753 2.5464081078901644 2.742757648739526 2.650718801466388 
-62.0 -63.0 -62.5 -62.5 -62.5 -63.0 -63.0 -62.5 -62.0 -62.5 -62.5 -62.5 -63.0 -62.5 -63.0 -61.0 -63.5 -63.0 -65.5 -62.5 -63.5 -65.5 -61.5 -61.0 -62.5 -62.0 -61.0 -61.5 -63.5 -67.0 -63.5 -61.0 -58.0 -61.0 -61.0 -61.0 -60.5 -61.0 -60.0 -60.5 -60.5 -60.5 -60.5 -60.0 -60.5 -60.0 
1.7303303287350031 1.718058482431918 1.705786636128833 1.718058482431918 1.8530487917658545 1.705786636128833 1.7303303287350031 1.7303303287350031 1.7548740213411735 1.7303303287350031 1.7855536370988863 1.6935147898257479 1.705786636128833 1.7548740213411735 1.748738098189631 1.7916895602504288 1.8285050991596843 2.086213871524472 1.3008157081270237 1.9205439464328227 1.8407769454627694 1.6566992509164924 1.7732817907958012 1.7241944055834606 1.1903690913992575 1.1719613219446299 1.3744467859455345 1.3989904785517047 1.4173982480063325 1.3008157081270237 1.423534171157875 1.8162332528565992 1.6137477888556946 1.552388557340269 1.932815792735908 1.5033011721279284 1.012427320004523 1.5585244804918115 1.6751070203711202 1.6260196351587797 1.5892040962495242 1.5953400194010667 1.5278448647340985 1.6014759425526093 1.4542137869155878 1.4787574795217582 1.4603497100671303 1.533980787885641 1.6321555583103222 1.4848934026733007 
-55.0 -55.0 -55.5 -56.0 -55.5 -55.5 -56.0 -55.5 -55.5 -55.5 -56.0 -56.0 -56.0 -55.5 -55.5 -55.5 -55.5 -55.5 -55.0 -51.5 -54.0 -55.5 -54.5 -53.5 -54.5 -57.0 -57.0 -56.0 -56.0 -56.0 -54.5 -54.0 -57.0 -58.0 -53.0 -53.5 -55.0 -56.0 -55.5 -55.5 -56.0 -56.0 -55.5 -55.5 -55.5 -56.0 -56.0 -55.5 -56.0 -56.5 
0.7424467013366504 0.8958447801252144 0.803805932852076 1.000155473701438 0.8099418560036186 0.760854470791278 0.8099418560036186 0.8467573949128739 0.8160777791551611 0.8406214717613314 0.8283496254582462 0.803805932852076 0.7976700097005334 0.6810874698212247 0.8160777791551611 0.6013204688511713 0.7731263170943632 0.7792622402459057 0.8406214717613314 0.6135923151542565 0.42337869745643697 0.4970097752749477 0.46019423636569234 0.9510680884890975 0.8774370106705868 0.5460971604872883 0.5890486225480862 0.6320000846088841 0.6381360077604268 0.6320000846088841 0.6381360077604268 0.803805932852076 0.7363107781851077 0.521553467881118 0.4540583132141498 0.5645049299419159 0.6810874698212247 0.44178646691106466 0.5338253141842031 0.5092816215780329 0.5767767762450011 0.5522330836388308 0.46019423636569234 0.4540583132141498 0.5829126993965437 0.6135923151542565 0.5706408530934585 0.5583690067903734 0.6013204688511713 0.6013204688511713 
-55.5 -55.5 -55.0 -55.5 -55.5 -55.5 -55.0 -55.5 -55.5 -55.0 -55.5 -55.5 -55.5 -55.5 -55.0 -55.5 -55.0 -54.5 -56.0 -54.0 -51.5 -53.0 -56.5 -55.0 -53.5 -55.0 -56.0 -56.5 -56.0 -55.5 -55.0 -56.0 -55.5 -52.0 -53.5 -55.5 -54.0 -54.0 -54.5 -55.0 -55.0 -54.5 -55.0 -55.0 -55.0 -55.0 -55.0 -55.0 -54.5 -55.0 
1.2640001692177683 1.2762720155208536 1.2640001692177683 1.3069516312785663 1.2946797849754812 1.2762720155208536 1.3744467859455345 1.3008157081270237 1.2333205534600555 1.2885438618239387 1.3008157081270237 1.368310862793992 1.184233168247715 1.3437671701878218 1.3008157081270237 1.3008157081270237 1.1596894756415448 0.9265243958829272 0.7669903939428205 1.0246991663076084 1.0185632431560658 0.8528933180644165 0.9633399347921826 1.1351457830353744 1.1167380135807468 1.0676506283684062 1.0983302441261191 1.086058397823034 1.0185632431560658 1.012427320004523 1.012427320004523 1.0369710126106935 0.8406214717613314 0.8283496254582462 0.7485826244881929 0.6810874698212247 0.5583690067903734 0.9326603190344698 1.0921943209745766 1.1474176293384597 1.1535535524900022 1.227184630308513 1.239456476611598 1.2455923997631406 1.2455923997631406 1.227184630308513 1.3314953238847365 1.2578642460662257 1.2333205534600555 1.2701360923693108 
-55.5 -55.5 -55.5 -55.5 -55.0 -55.0 -55.0 -54.5 -55.0 -55.0 -54.5 -55.5 -55.5 -55.5 -55.5 -56.5 -56.0 -57.0 -54.5 -55.0 -54.0 -54.5 -56.0 -57.5 -57.0 -56.0 -56.0 -57.5 -57.5 -57.0 -57.5 -57.0 -55.5 -55.0 -55.5 -55.5 -55.5 -57.5 -56.0 -55.5 -56.0 -56.0 -56.5 -56.0 -56.0 -56.5 -56.0 -55.5 -55.5 -55.5 
0.36815538909255385 0.3988350048502667 0.803805932852076 0.5645049299419159 0.44178646691106466 0.37429131224409645 0.4295146206079795 0.5031456984264903 0.4663301595172349 0.4663301595172349 0.39269908169872414 0.4356505437595221 0.4111068511533518 0.34974761963792617 0.4724660826687775 0.3620194659410113 0.3436116964863836 0.3988350048502667 0.018407769454627694 6.209554229361076 0.006135923151542565 0.25770877236478773 0.1043106935762236 0.4540583132141498 0.30066023442558565 0.12885438618239387 0.5645049299419159 0.2454369260617026 0.2086213871524472 0.32520392703175593 0.32520392703175593 0.2761165418194154 0.3190680038802134 0.20248546400090464 0.09817477042468103 0.6565437772150544 0.37429131224409645 0.2761165418194154 0.23316507975861744 0.23316507975861744 0.2086213871524472 0.2270291566070749 0.23930100291016002 0.23316507975861744 0.22089323345553233 0.25157284921324513 0.23930100291016002 0.1902136176978195 0.23930100291016002 0.23316507975861744 
-57.5 -57.5 -57.5 -57.5 -57.5 -57.5 -57.0 -57.5 -57.5 -58.0 -58.0 -57.5 -57.5 -57.0 -58.0 -57.5 -57.5 -58.5 -62.5 -60.5 -60.5 -58.5 -58.0 -58.5 -57.5 -58.5 -58.5 -58.0 -58.0 -58.0 -57.5 -57.5 -58.0 -59.5 -60.5 -60.0 -56.5 -56.0 -55.0 -55.5 -55.5 -56.0 -55.0 -56.5 -56.5 -56.0 -56.5 -56.5 -56.5 -57.0 
3.5342917352885173 3.313398501832985 3.429981041712294 3.215223731408304 3.509748042682347 3.184544115650591 3.313398501832985 3.3195344249845276 3.2459033471660166 3.2643111166206444 3.104777114680538 3.3379421944391554 3.448388811166921 3.3624858870453256 3.454524734318464 3.3195344249845276 3.472932503773092 3.442252888015379 3.5281558121369745 3.552699504743145 3.1906800388021335 3.2643111166206444 3.509748042682347 3.5158839658338894 3.1906800388021335 3.4054373491061236 3.472932503773092 3.5956509668039427 3.509748042682347 3.5465635815916023 3.429981041712294 3.2643111166206444 3.423845118560751 3.2581751934691017 3.5465635815916023 3.6324665057131984 3.6692820446224537 3.5833791205008576 3.472932503773092 3.761320891895592 3.5956509668039427 3.54042765844006 3.5833791205008576 3.552699504743145 3.4054373491061236 3.5588354278946874 3.497476196379262 3.56497135104623 3.399301425954581 3.5281558121369745 
-58.0 -58.0 -58.5 -58.5 -58.5 -59.0 -59.0 -58.5 -58.5 -58.5 -59.0 -58.0 -58.5 -58.5 -58.5 -58.0 -57.0 -56.0 -55.0 -56.0 -57.0 -59.5 -58.0 -56.5 -59.0 -57.5 -57.5 -57.0 -57.5 -56.5 -57.5 -56.5 -58.0 -56.5 -56.0 -54.5 -55.0 -56.0 -57.5 -59.0 -57.5 -58.0 -58.5 -59.0 -59.0 -58.0 -59.0 -59.0 -58.5 -58.0 
4.123340357836604 3.8840393549264434 3.792000507653305 3.761320891895592 3.834951969714103 3.77972866135022 3.8717675086233583 3.6017868899554855 3.2213596545598464 3.5711072741977725 3.8717675086233583 3.9085830475326135 3.773592738198677 3.9638063558964967 4.184699589352029 3.9760782021995817 4.3933209765044765 4.0558452031696355 0.8528933180644165 3.6201946594101133 3.9392626632903265 3.816544200259475 3.7122335066832517 3.822680123411018 3.847223816017188 3.9638063558964967 3.9269908169872414 4.09266074207889 4.215379205109742 3.8840393549264434 3.6447383520162835 3.693825737228624 0.8958447801252144 3.761320891895592 1.0737865515199487 1.086058397823034 4.399456899656019 4.295146206079795 4.111068511533518 4.301282129231338 4.295146206079795 4.3074180523828804 3.9515345095934116 4.503767593232243 4.331961744989051 4.129476280988146 4.276738436625168 4.264466590322082 4.23378697456437 
-62.5 -63.0 -62.0 -63.0 -62.5 -63.0 -61.5 -62.5 -63.0 -63.0 -62.0 -62.5 -62.5 -63.5 -63.0 -61.5 -64.5 -65.0 -68.0 -66.0 -65.0 -64.5 -63.5 -63.5 -61.5 -63.0 -62.0 -62.0 -62.0 -62.0 -62.5 -64.0 -66.0 -65.0 -67.5 -67.5 -65.5 -64.5 -65.0 -64.0 -65.0 -65.5 -64.5 -64.5 -64.0 -63.0 -63.5 -63.5 -64.0 
